Date  Open  High  Low  Close  Volume  Adj Close
2014-02-28  56.45  57.11  56.4  56.93  2859800  56.93
2014-02-27  57.02  57.28  56.19  56.36  3123800  56.36
2014-02-26  56.98  57.62  56.75  57.1  2400900  57.1
2014-02-25  56.8  57.57  56.75  56.89  3375100  56.89
2014-02-24  56.45  56.98  56.4  56.75  2392800  56.75
2014-02-21  57.25  57.4  56.32  56.34  2407200  56.34
2014-02-20  56.14  57.54  56.05  57.29  4629100  57.29
2014-02-19  55.01  56.65  54.9  55.94  4838800  55.94
2014-02-18  55.38  56.04  54.96  55.15  6553300  55.15
2014-02-14  57.15  57.77  54.87  55.25  17844700  55.25
2014-02-13  59.45  60.38  59.37  60.08  3092700  60.08
2014-02-12  60.0  60.46  59.67  59.89  2346800  59.89
2014-02-11  59.0  60.0  58.88  59.73  2135800  59.73
2014-02-10  59.27  59.44  58.29  59.01  1760500  59.01
2014-02-07  58.46  59.47  58.13  59.42  1966800  59.42
2014-02-06  57.51  58.35  57.46  58.29  1609500  58.29
2014-02-05  57.58  57.7  56.96  57.43  2283900  57.43
2014-02-04  56.32  57.88  56.09  57.81  2911900  57.81
2014-02-03  58.15  58.48  56.08  56.15  2929300  56.15
2014-01-31  58.61  59.15  58.05  58.15  3436500  58.15
2014-01-30  58.42  60.11  58.42  59.51  3743200  59.51
2014-01-29  57.67  58.22  57.41  57.65  2163000  57.65
2014-01-28  58.5  58.88  57.91  58.1  2536000  58.1
2014-01-27  57.9  58.37  56.98  58.3  4669000  58.3
2014-01-24  59.22  59.46  57.71  57.87  2656300  57.87
2014-01-23  60.48  60.51  59.41  59.47  3063500  59.47
2014-01-22  60.82  61.22  60.71  60.93  2769400  60.93
2014-01-21  60.69  60.88  59.86  60.85  3008500  60.85
2014-01-17  60.83  60.83  60.33  60.71  1699500  60.71
2014-01-16  60.24  60.5  60.04  60.5  1836000  60.5
2014-01-15  59.82  60.37  59.59  60.34  2335200  60.34
2014-01-14  59.16  59.95  59.02  59.88  2562200  59.88
2014-01-13  58.77  59.1  58.6  58.93  2946700  58.93
2014-01-10  58.51  59.01  58.14  58.93  1623200  58.93
2014-01-09  58.4  58.68  57.87  58.41  1757600  58.41
2014-01-08  57.33  58.54  57.17  58.39  2659500  58.39
2014-01-07  56.95  57.63  56.93  57.45  1463200  57.45
2014-01-06  57.4  57.7  56.56  56.64  1777300  56.64
2014-01-03  56.39  57.35  56.26  56.92  1866700  56.92
2014-01-02  57.1  57.1  56.15  56.21  1916200  56.21
2013-12-31  57.45  57.55  57.08  57.19  941400  57.19
2013-12-30  57.05  57.46  56.92  57.32  1128000  57.32
2013-12-27  57.23  57.42  57.12  57.17  653100  57.17
2013-12-26  57.11  57.58  57.11  57.33  714400  57.33
2013-12-24  57.37  57.48  57.04  57.1  779700  57.1
2013-12-23  57.32  57.53  56.99  57.41  1578500  57.41
2013-12-20  57.34  57.54  56.78  56.83  2954000  56.83
2013-12-19  57.44  57.7  56.94  57.25  1893200  57.25
2013-12-18  56.37  57.81  56.24  57.76  4136300  57.76
2013-12-17  55.83  57.16  55.68  56.24  3208000  56.24
2013-12-16  55.12  55.66  54.94  55.11  1685500  55.11
2013-12-13  55.23  55.77  54.77  55.03  2022600  55.03
2013-12-12  54.5  55.39  54.17  55.13  2714300  55.13
2013-12-11  55.22  55.56  54.55  54.71  2344600  54.71
2013-12-10  54.78  55.33  54.5  55.21  2326900  55.21
2013-12-09  54.67  55.3  54.61  54.93  2118500  54.93
2013-12-06  53.63  54.8  53.63  54.7  3053300  54.7
2013-12-05  53.23  53.68  53.0  53.38  1810400  53.38
2013-12-04  52.72  53.71  52.6  53.46  2415800  53.46
2013-12-03  52.8  53.05  52.44  52.81  2476900  52.81
2013-12-02  53.35  53.55  52.99  53.09  1459200  53.09
2013-11-29  53.73  53.85  53.34  53.45  870400  53.45
2013-11-27  53.66  53.88  53.52  53.69  1189800  53.69
2013-11-26  53.14  53.81  53.11  53.53  3196300  53.53
2013-11-25  53.99  54.01  52.9  52.99  1750200  52.99
2013-11-22  53.98  54.22  53.63  53.73  1910800  53.73
2013-11-21  53.68  54.43  53.58  53.98  2417600  53.98
2013-11-20  53.71  54.14  53.35  53.41  2321500  53.41
2013-11-19  53.55  54.07  53.43  53.7  2473000  53.7
2013-11-18  54.33  54.86  53.55  53.93  4131500  53.93
2013-11-15  53.9  55.61  53.56  54.8  11014300  54.8
2013-11-14  51.08  51.08  50.24  50.42  2834900  50.42
2013-11-13  50.77  51.18  50.54  51.08  2110100  51.08
2013-11-12  51.08  51.28  50.64  51.08  2357200  51.08
2013-11-11  50.51  51.29  50.4  51.18  1984500  51.18
2013-11-08  50.02  50.82  49.89  50.66  1860600  50.66
2013-11-07  50.97  51.09  49.73  49.94  3548800  49.94
2013-11-06  51.07  51.2  50.68  50.92  1428700  50.92
2013-11-05  51.06  51.24  50.73  51.09  1578100  51.09
2013-11-04  51.27  51.34  50.83  51.09  1409900  51.09
2013-11-01  50.8  51.46  50.72  50.98  1931000  50.98
2013-10-31  51.03  51.21  50.33  50.64  1895500  50.64
2013-10-30  51.64  51.7  50.74  51.03  1360000  51.03
2013-10-29  51.4  51.78  51.11  51.58  1194000  51.58
2013-10-28  51.67  51.86  51.0  51.37  1778700  51.37
2013-10-25  51.22  51.79  50.97  51.75  2398300  51.75
2013-10-24  50.55  51.1  50.55  51.0  1785900  51.0
2013-10-23  50.64  50.76  50.18  50.53  2348600  50.53
2013-10-22  51.98  52.08  50.72  50.9  4280500  50.9
2013-10-21  52.92  53.02  51.78  51.87  2556400  51.87
2013-10-18  52.81  53.12  52.51  52.87  2880900  52.87
2013-10-17  51.13  52.58  51.01  52.53  3548400  52.53
2013-10-16  51.1  51.87  50.82  51.44  2488000  51.44
2013-10-15  50.96  51.07  50.48  50.76  1961900  50.76
2013-10-14  51.08  51.31  50.39  51.24  2110500  51.24
2013-10-11  50.76  51.55  50.54  51.34  1500900  51.34
2013-10-10  50.17  51.08  50.17  50.87  2426300  50.87
2013-10-09  50.12  50.27  49.28  49.84  2430600  49.84
2013-10-08  51.06  51.21  49.77  50.01  2408600  50.01
2013-10-07  51.22  51.47  50.95  51.01  1382100  51.01
2013-10-04  51.05  51.74  50.95  51.66  1867900  51.66
2013-10-03  51.44  51.45  50.79  50.94  1878500  50.94
2013-10-02  51.47  51.59  51.03  51.45  2020800  51.45
2013-10-01  50.58  51.96  50.58  51.78  2997000  51.78
2013-09-30  50.9  51.5  50.63  51.13  2650000  51.13
2013-09-27  51.72  51.98  51.28  51.51  2110100  51.51
2013-09-26  51.72  51.88  51.22  51.85  2680300  51.85
2013-09-25  51.35  51.89  51.2  51.59  2865100  51.59
2013-09-24  51.37  51.68  50.96  51.36  2203800  51.36
2013-09-23  51.67  52.0  51.14  51.43  2716900  51.43
2013-09-20  50.8  52.15  50.75  51.91  10691900  51.91
2013-09-19  52.68  53.23  50.52  50.75  18146400  50.75
2013-09-18  48.54  49.12  48.06  49.09  2044200  49.09
2013-09-17  48.51  49.1  48.4  48.65  1578400  48.65
2013-09-16  48.84  48.96  48.36  48.52  1859900  48.52
2013-09-13  48.38  48.4  48.01  48.24  2141100  48.24
2013-09-12  48.68  48.72  48.27  48.4  1468500  48.4
2013-09-11  48.37  48.79  47.99  48.73  1783400  48.73
2013-09-10  47.82  48.45  47.82  48.33  1821300  48.33
2013-09-09  47.37  47.83  47.07  47.73  1668900  47.73
2013-09-06  47.49  47.57  46.91  47.21  1332900  47.21
2013-09-05  47.6  47.87  47.36  47.46  1313200  47.46
2013-09-04  46.71  47.74  46.53  47.65  2522000  47.65
2013-09-03  46.82  47.29  46.4  46.71  1565600  46.71
2013-08-30  46.68  46.77  46.16  46.43  1358600  46.43
2013-08-29  46.41  46.81  46.2  46.58  1900700  46.58
2013-08-28  46.67  46.76  46.3  46.53  1590400  46.53
2013-08-27  46.86  47.17  46.58  46.75  2133200  46.75
2013-08-26  47.42  47.98  47.17  47.38  2012200  47.38
2013-08-23  47.74  47.78  47.32  47.46  1701000  47.46
2013-08-22  46.67  48.11  46.59  47.75  3148000  47.75
2013-08-21  46.71  47.02  46.42  46.67  1949100  46.67
2013-08-20  46.21  47.05  45.95  46.81  2294300  46.81
2013-08-19  46.42  46.73  46.21  46.23  1727600  46.23
2013-08-16  46.59  47.0  46.3  46.57  3624700  46.57
2013-08-15  47.37  47.94  46.63  46.74  6708300  46.74
2013-08-14  46.56  46.79  46.16  46.3  1987500  46.3
2013-08-13  46.23  46.76  46.02  46.7  2078200  46.7
2013-08-12  45.68  46.3  45.51  46.24  1247200  46.24
2013-08-09  45.64  46.25  45.6  46.01  1958400  46.01
2013-08-08  46.29  46.34  45.43  45.64  1702400  45.64
2013-08-07  45.67  46.25  45.41  46.07  1702100  46.07
2013-08-06  45.72  46.01  45.4  45.87  2280900  45.87
2013-08-05  46.05  46.19  45.59  45.73  1875400  45.73
2013-08-02  45.85  46.3  45.78  46.17  2399200  46.17
2013-08-01  45.3  45.99  45.11  45.83  2737500  45.83
2013-07-31  44.83  45.09  44.45  44.52  2807400  44.52
2013-07-30  45.34  45.39  44.61  44.64  2791900  44.64
2013-07-29  45.38  45.49  44.77  45.13  1962100  45.13
2013-07-26  46.1  46.35  45.22  45.39  3692300  45.39
2013-07-25  46.41  46.69  46.18  46.45  1420300  46.45
2013-07-24  46.46  46.6  46.28  46.55  1831500  46.55
2013-07-23  46.1  46.63  46.1  46.26  2932200  46.26
2013-07-22  46.01  46.63  45.88  46.58  1834800  46.58
2013-07-19  45.62  46.07  45.48  45.99  1179400  45.99
2013-07-18  45.45  45.84  45.34  45.69  1998200  45.69
2013-07-17  45.74  45.89  45.36  45.4  1195500  45.4
2013-07-16  45.88  46.26  45.57  45.7  2026800  45.7
2013-07-15  45.49  46.07  45.47  45.9  2432800  45.9
2013-07-12  45.57  45.74  45.37  45.54  1978700  45.54
2013-07-11  45.48  45.77  45.22  45.51  2131500  45.51
2013-07-10  44.43  45.44  44.3  45.1  3277600  45.1
2013-07-09  44.4  44.76  44.14  44.4  3476200  44.4
2013-07-08  44.18  44.47  43.92  44.16  2570100  44.16
2013-07-05  43.26  44.09  43.2  44.03  2097800  44.03
2013-07-03  42.62  43.26  42.52  42.97  1940600  42.97
2013-07-02  43.3  43.69  42.75  42.89  2986500  42.89
2013-07-01  42.85  43.57  42.71  43.39  4283600  43.39
2013-06-28  42.8  43.11  42.53  42.56  5556300  42.56
2013-06-27  42.24  42.97  42.2  42.76  3445100  42.76
2013-06-26  42.78  42.97  41.97  42.03  3693800  42.03
2013-06-25  41.7  42.51  41.7  42.17  2935700  42.17
2013-06-24  42.13  42.44  41.76  42.0  2871200  42.0
2013-06-21  42.28  42.91  42.05  42.66  3653600  42.66
2013-06-20  42.79  42.79  41.54  42.01  6307900  42.01
2013-06-19  44.41  44.55  43.18  43.2  5805900  43.2
2013-06-18  44.05  44.48  43.94  44.47  2521200  44.47
2013-06-17  44.05  44.54  43.86  44.05  2000200  44.05
2013-06-14  44.02  44.25  43.53  43.68  1677700  43.68
2013-06-13  43.54  44.23  43.34  44.16  2594700  44.16
2013-06-12  44.45  44.5  43.47  43.6  2730700  43.6
2013-06-11  43.89  44.3  43.67  44.07  3914400  44.07
2013-06-10  45.02  45.02  44.16  44.4  2730800  44.4
2013-06-07  44.83  45.58  44.61  44.82  2781500  44.82
2013-06-06  44.17  44.68  43.89  44.68  3780100  44.68
2013-06-05  44.98  45.04  44.17  44.2  2495100  44.2
2013-06-04  45.84  46.11  45.05  45.09  3364200  45.09
2013-06-03  45.31  45.5  44.7  45.17  3689700  45.17
2013-05-31  45.58  46.13  45.1  45.12  4608400  45.12
2013-05-30  45.87  46.7  45.67  45.71  3090900  45.71
2013-05-29  45.64  46.01  45.06  45.71  3621200  45.71
2013-05-28  45.75  46.6  45.75  46.09  4793900  46.09
2013-05-24  45.02  45.35  44.91  45.25  2225400  45.25
2013-05-23  45.36  45.59  44.86  45.4  3777500  45.4
2013-05-22  46.38  47.12  45.73  45.9  5421400  45.9
2013-05-21  45.96  46.62  45.87  46.41  4020700  46.41
2013-05-20  45.15  47.1  45.06  46.0  5698400  46.0
2013-05-17  44.68  45.49  44.65  45.22  3247900  45.22
2013-05-16  45.1  45.5  44.64  44.66  4891000  44.66
2013-05-15  44.57  46.14  44.56  45.34  10289000  45.34
2013-05-14  42.67  43.74  42.57  43.65  6082700  43.65
2013-05-13  43.11  43.24  42.4  42.72  4257400  42.72
2013-05-10  42.8  43.53  42.72  43.31  4662100  43.31
2013-05-09  42.65  42.88  42.31  42.84  3158700  42.84
2013-05-08  42.08  42.63  41.98  42.62  2119800  42.62
2013-05-07  41.87  42.1  41.59  42.09  3524100  42.09
2013-05-06  41.13  41.81  41.08  41.69  2819400  41.69
2013-05-03  41.62  42.23  41.23  41.24  4740100  41.24
2013-05-02  41.18  41.41  40.93  41.17  3437700  41.17
2013-05-01  41.12  41.44  40.96  41.01  2726300  41.01
2013-04-30  40.89  41.35  40.64  41.13  3451400  41.13
2013-04-29  41.33  41.37  40.74  41.15  2540900  41.15
2013-04-26  42.13  42.26  40.39  41.0  5281400  41.0
2013-04-25  42.74  42.94  42.35  42.42  2119900  42.42
2013-04-24  42.4  42.72  42.05  42.53  3020600  42.53
2013-04-23  41.9  42.53  41.82  42.3  3522500  42.3
2013-04-22  41.72  41.94  41.03  41.54  2340500  41.54
2013-04-19  41.58  41.91  41.34  41.69  3074100  41.69
2013-04-18  41.46  41.94  41.17  41.52  3976900  41.52
2013-04-17  42.76  42.79  41.62  41.88  4493000  41.88
2013-04-16  43.14  43.43  42.52  43.07  4505200  43.07
2013-04-15  44.17  44.21  42.63  42.72  7749600  42.72
2013-04-12  43.22  44.46  43.11  44.42  6083000  44.42
2013-04-11  42.04  43.61  42.02  43.54  5626400  43.54
2013-04-10  41.42  42.06  41.36  41.95  2169300  41.95
2013-04-09  41.42  41.82  41.22  41.34  1659500  41.34
2013-04-08  41.13  41.43  40.86  41.35  2395300  41.35
2013-04-05  40.43  41.54  40.37  41.23  4958900  41.23
2013-04-04  40.24  41.16  40.24  41.1  3918700  41.1
2013-04-03  40.33  40.69  40.02  40.22  5279000  40.22
2013-04-02  40.82  41.05  40.29  40.36  2354400  40.36
2013-04-01  41.52  41.67  40.49  40.63  2540900  40.63
2013-03-28  41.77  41.77  41.19  41.66  2148000  41.66
2013-03-27  40.98  41.76  40.79  41.66  3369900  41.66
2013-03-26  40.97  41.39  40.9  41.39  2511800  41.39
2013-03-25  41.07  41.22  40.37  40.71  2797600  40.71
2013-03-22  41.36  41.36  40.49  40.83  5447400  40.83
2013-03-21  42.02  42.33  41.21  41.23  4409100  41.23
2013-03-20  41.81  42.35  41.78  42.26  3240400  42.26
2013-03-19  42.24  42.38  41.16  41.57  6246500  41.57
2013-03-18  42.03  42.27  41.75  42.12  1847600  42.12
2013-03-15  42.66  42.78  42.44  42.57  2579600  42.57
2013-03-14  42.59  42.94  42.56  42.88  2839900  42.88
2013-03-13  42.12  42.61  41.97  42.56  2241100  42.56
2013-03-12  42.37  42.57  42.16  42.19  3767700  42.19
2013-03-11  42.55  42.57  41.3  42.37  5472700  42.37
2013-03-08  43.06  43.07  42.58  42.59  3256300  42.59
2013-03-07  42.86  43.04  42.37  42.81  2414200  42.81
2013-03-06  42.56  43.08  42.46  42.8  2997000  42.8
2013-03-05  41.91  42.74  41.9  42.22  3289000  42.22
2013-03-04  41.32  41.75  41.1  41.6  2435100  41.6
2013-03-01  40.76  41.55  40.31  41.5  3089400  41.5
2013-02-28  41.36  41.63  41.03  41.06  3459200  41.06
2013-02-27  40.57  41.47  40.41  41.3  3564200  41.3
2013-02-26  40.2  40.87  39.78  40.55  6185900  40.55
2013-02-25  41.66  41.79  40.87  40.87  3622500  40.87
2013-02-22  41.4  41.64  41.15  41.37  3354900  41.37
2013-02-21  41.71  41.71  41.05  41.21  3415200  41.21
2013-02-20  42.4  42.41  41.79  41.81  3870000  41.81
2013-02-19  41.78  42.68  41.78  42.57  4116200  42.57
2013-02-15  43.04  43.79  41.78  41.82  14656600  41.82
2013-02-14  44.27  44.33  43.91  44.13  3845700  44.13
2013-02-13  44.35  44.77  44.22  44.29  2052400  44.29
2013-02-12  44.35  44.49  44.04  44.16  2373800  44.16
2013-02-11  44.71  44.72  44.0  44.15  2915500  44.15
2013-02-08  44.61  44.89  44.54  44.62  1824800  44.62
2013-02-07  44.44  44.6  43.98  44.55  3142400  44.55
2013-02-06  44.26  44.67  44.06  44.63  2756400  44.63
2013-02-05  44.1  44.6  43.9  44.54  2160500  44.54
2013-02-04  44.34  44.51  43.43  43.81  3471000  43.81
2013-02-01  44.62  45.2  44.09  44.83  2827800  44.83
2013-01-31  43.89  44.41  43.85  44.32  3383300  44.32
2013-01-30  44.13  44.44  43.72  43.95  2942700  43.95
2013-01-29  44.5  44.52  44.04  44.18  2951300  44.18
2013-01-28  44.73  44.97  44.46  44.72  2371300  44.72
2013-01-25  44.28  45.09  44.22  44.83  3167300  44.83
2013-01-24  44.1  44.73  43.97  44.2  3112000  44.2
2013-01-23  44.09  44.17  43.67  43.85  2676000  43.85
2013-01-22  43.51  44.19  43.4  44.18  2263400  44.18
2013-01-18  43.6  43.71  43.15  43.7  2385600  43.7
2013-01-17  43.19  43.97  43.07  43.42  4749200  43.42
2013-01-16  42.71  42.8  42.43  42.61  2159900  42.61
2013-01-15  42.71  42.94  42.39  42.8  3411200  42.8
2013-01-14  42.99  43.1  42.46  43.1  2309800  43.1
2013-01-11  43.22  43.54  42.92  42.99  2321000  42.99
2013-01-10  43.19  43.67  42.88  43.22  3949100  43.22
2013-01-09  42.56  43.01  42.26  42.91  4104400  42.91
2013-01-08  42.04  42.34  41.67  41.78  2787500  41.78
2013-01-07  42.17  42.37  41.95  42.12  2567600  42.12
2013-01-04  41.71  42.51  41.43  42.42  4601500  42.42
2013-01-03  41.51  41.71  41.15  41.6  4114300  41.6
2013-01-02  41.74  41.74  40.73  41.45  6287700  41.45
2012-12-31  39.28  40.55  39.23  40.52  3367600  40.52
2012-12-28  39.81  39.97  39.39  39.42  2325100  39.42
2012-12-27  40.41  40.48  39.61  40.23  2019800  40.23
2012-12-26  40.59  40.71  40.25  40.37  2559600  40.37
2012-12-24  40.37  40.65  40.26  40.55  1115900  40.55
2012-12-21  40.16  40.53  39.16  40.53  4715800  40.53
2012-12-20  40.07  40.87  39.91  40.84  3808700  40.84
2012-12-19  40.96  40.98  40.07  40.08  4744300  40.08
2012-12-18  40.25  41.22  40.14  40.87  4648800  40.87
2012-12-17  39.48  40.28  39.27  40.23  3454600  40.23
2012-12-14  39.22  39.76  39.2  39.35  2631900  39.35
2012-12-13  39.88  39.91  39.14  39.3  3472700  39.3
2012-12-12  39.3  40.33  39.2  40.0  6184500  40.0
2012-12-11  38.26  39.44  38.24  39.2  4459100  39.2
2012-12-10  37.32  38.16  37.23  38.07  3048800  38.07
2012-12-07  38.01  38.02  37.3  37.33  3326400  37.33
2012-12-06  38.06  38.26  37.64  37.84  3568700  37.84
2012-12-05  37.66  38.46  37.61  38.17  3927500  38.17
2012-12-04  37.47  37.74  37.22  37.65  2188400  37.65
2012-12-03  38.11  38.41  37.4  37.44  2714500  37.44
2012-11-30  37.89  38.0  37.51  37.81  2406200  37.81
2012-11-29  37.61  38.1  37.53  37.86  3970800  37.86
2012-11-28  36.65  37.54  36.46  37.49  3454000  37.49
2012-11-27  36.89  37.18  36.51  36.87  3435400  36.87
2012-11-26  36.23  37.0  36.13  37.0  3283000  37.0
2012-11-23  35.7  36.44  35.55  36.41  2246300  36.41
2012-11-21  35.86  36.01  35.19  35.39  4003900  35.39
2012-11-20  35.48  36.45  35.35  35.82  10520700  35.82
2012-11-19  36.55  37.5  36.55  37.04  5121200  37.04
2012-11-16  35.34  35.4  35.0  35.36  6603100  35.36
2012-11-15  35.69  36.18  35.24  35.3  5226100  35.3
2012-11-14  35.96  36.28  35.64  35.68  3169600  35.68
2012-11-13  36.2  36.38  35.83  35.87  3540600  35.87
2012-11-12  36.6  36.69  36.29  36.36  2073400  36.36
2012-11-09  36.16  36.68  36.09  36.44  3916400  36.44
2012-11-08  37.1  37.17  36.37  36.41  3062700  36.41
2012-11-07  37.31  37.45  36.77  37.11  3229800  37.11
2012-11-06  37.16  38.0  37.08  37.8  3725600  37.8
2012-11-05  36.54  37.24  36.39  37.14  2710600  37.14
2012-11-02  36.9  36.9  36.26  36.53  3351600  36.53
2012-11-01  35.58  36.68  35.49  36.63  3192400  36.63
2012-10-31  35.55  35.9  35.41  35.54  3416300  35.54
2012-10-26  35.72  35.85  35.25  35.49  3730500  35.49
2012-10-25  35.73  35.76  35.29  35.65  3289000  35.65
2012-10-24  35.19  35.52  35.0  35.4  4091200  35.4
2012-10-23  34.93  35.28  34.93  35.06  3298500  35.06
2012-10-22  35.21  35.65  35.09  35.55  2436900  35.55
2012-10-19  36.01  36.02  35.19  35.3  3989300  35.3
2012-10-18  37.12  37.13  35.99  36.18  6470200  36.18
2012-10-17  37.51  37.77  37.22  37.58  3862900  37.58
2012-10-16  37.0  37.5  36.98  37.43  2346500  37.43
2012-10-15  36.85  37.17  36.52  36.71  2645000  36.71
2012-10-12  37.21  37.3  36.65  36.75  2669300  36.75
2012-10-11  37.3  37.7  37.16  37.16  3006100  37.16
2012-10-10  37.7  37.76  36.75  36.94  3011700  36.94
2012-10-09  38.17  38.63  37.65  37.67  3041500  37.67
2012-10-08  38.1  38.42  38.01  38.17  2697000  38.17
2012-10-05  38.95  39.08  38.22  38.37  2798400  38.37
2012-10-04  38.73  39.14  38.38  38.71  5566500  38.71
2012-10-03  38.51  38.81  38.13  38.49  2503700  38.49
2012-10-02  38.59  38.89  38.05  38.38  3200300  38.38
2012-10-01  38.01  39.02  37.9  38.37  4222900  38.37
2012-09-28  37.99  38.13  37.32  37.96  4866500  37.96
2012-09-27  37.9  38.24  37.66  37.99  3414700  37.99
2012-09-26  37.9  37.9  37.31  37.69  3740000  37.69
2012-09-25  38.27  38.34  37.73  37.74  3543700  37.74
2012-09-24  38.28  38.41  37.78  38.1  2045900  38.1
2012-09-21  38.93  39.22  38.41  38.41  3525000  38.41
2012-09-20  38.95  39.14  38.18  38.63  4443300  38.63
2012-09-19  38.93  39.4  38.76  39.27  2948800  39.27
2012-09-18  38.96  39.26  38.85  38.95  3593900  38.95
2012-09-17  38.86  39.22  38.65  39.03  3646500  39.03
2012-09-14  37.86  39.53  37.82  39.13  6735100  39.13
2012-09-13  36.89  37.9  36.62  37.8  5386200  37.8
2012-09-12  37.34  37.64  36.92  36.92  4698800  36.92
2012-09-11  37.66  37.7  37.26  37.26  2928400  37.26
2012-09-10  37.74  38.14  37.46  37.68  2876700  37.68
2012-09-07  36.91  38.0  36.71  37.84  3991300  37.84
2012-09-06  36.55  36.97  36.15  36.91  4784400  36.91
2012-09-05  36.5  36.63  36.06  36.18  4073700  36.18
2012-09-04  36.41  36.9  36.16  36.49  3850000  36.49
2012-08-31  36.77  36.93  36.3  36.6  2296400  36.6
2012-08-30  36.4  36.67  36.35  36.48  2417900  36.48
2012-08-29  36.51  36.75  36.37  36.6  5025400  36.6
2012-08-28  36.81  36.89  36.34  36.39  4960600  36.39
2012-08-27  37.24  37.24  36.72  36.87  3058100  36.87
2012-08-24  36.7  37.44  36.64  37.28  2877300  37.28
2012-08-23  36.66  36.99  36.51  36.9  4492200  36.9
2012-08-22  36.49  36.91  36.23  36.89  4383600  36.89
2012-08-21  36.34  36.65  36.11  36.57  5375900  36.57
2012-08-20  36.45  36.61  35.99  36.12  3973000  36.12
2012-08-17  36.67  36.73  36.26  36.66  5377700  36.66
2012-08-16  36.93  37.59  36.21  36.59  12796100  36.59
2012-08-15  39.72  40.23  39.2  39.87  2838300  39.87
2012-08-14  40.01  40.33  39.64  39.88  1994400  39.88
2012-08-13  39.66  40.09  39.54  39.77  1860800  39.77
2012-08-10  39.81  39.93  39.22  39.91  1959600  39.91
2012-08-09  39.94  40.35  39.83  40.18  2191200  40.18
2012-08-08  39.68  40.12  39.5  40.04  1934600  40.04
2012-08-07  38.75  39.96  38.66  39.64  2201300  39.64
2012-08-06  39.12  39.29  38.6  38.63  2007900  38.63
2012-08-03  37.96  38.88  37.93  38.52  1824900  38.52
2012-08-02  37.33  37.65  36.49  37.18  2224200  37.18
2012-08-01  38.14  38.14  37.34  37.6  1898400  37.6
2012-07-31  37.45  38.12  37.44  37.71  2184800  37.71
2012-07-30  37.34  37.72  37.12  37.6  3281300  37.6
2012-07-27  36.29  37.56  36.13  37.36  2885400  37.36
2012-07-26  36.37  36.93  35.84  36.05  3053800  36.05
2012-07-25  35.37  35.98  35.22  35.59  1778200  35.59
2012-07-24  36.04  36.11  34.78  35.07  3858500  35.07
2012-07-23  36.26  36.3  35.72  36.13  2199000  36.13
2012-07-20  37.63  37.63  36.87  36.99  1839600  36.99
2012-07-19  37.58  38.02  37.39  37.88  2123400  37.88
2012-07-18  36.57  38.2  36.57  37.78  2804900  37.78
2012-07-17  36.32  36.84  35.94  36.77  2065500  36.77
2012-07-16  36.26  36.53  36.02  36.27  1751400  36.27
2012-07-13  36.0  36.87  35.81  36.48  3381600  36.48
2012-07-12  36.33  36.35  35.7  35.97  2897100  35.97
2012-07-11  36.89  37.05  36.27  36.63  1930800  36.63
2012-07-10  37.59  38.0  36.55  36.92  2201600  36.92
2012-07-09  37.38  37.68  36.83  37.05  2270000  37.05
2012-07-06  38.21  38.24  37.01  37.39  3336400  37.39
2012-07-05  38.66  39.23  38.41  38.77  1605500  38.77
2012-07-03  38.23  39.13  38.23  38.94  970700  38.94
2012-07-02  38.93  39.01  37.92  38.32  1737500  38.32
2012-06-29  37.76  38.7  37.76  38.64  2645800  38.64
2012-06-28  37.37  37.46  36.52  37.05  2001500  37.05
2012-06-27  37.76  37.99  37.47  37.67  1541800  37.67
2012-06-26  37.32  37.57  36.95  37.31  2519200  37.31
2012-06-25  37.76  37.86  36.71  36.99  2983400  36.99
2012-06-22  38.78  38.87  37.69  38.34  3675000  38.34
2012-06-21  39.96  40.34  38.33  38.42  3102900  38.42
2012-06-20  40.45  40.72  39.55  39.92  3218600  39.92
2012-06-19  39.75  40.59  39.67  40.42  3014200  40.42
2012-06-18  39.15  39.48  38.76  39.44  2624900  39.44
2012-06-15  38.97  39.34  38.77  39.3  2887500  39.3
2012-06-14  38.39  38.95  38.18  38.65  2314900  38.65
2012-06-13  38.51  39.13  38.13  38.31  2545500  38.31
2012-06-12  38.25  38.82  37.87  38.77  1801800  38.77
2012-06-11  39.34  39.44  38.23  38.29  2040800  38.29
2012-06-08  38.92  39.15  38.73  38.9  3036200  38.9
2012-06-07  39.83  39.84  39.01  39.25  4531300  39.25
2012-06-06  38.04  39.06  37.69  39.06  3696700  39.06
2012-06-05  36.94  37.9  36.75  37.61  3721400  37.61
2012-06-04  37.67  37.95  36.31  37.17  5159100  37.17
2012-06-01  38.5  38.74  37.38  37.54  5421100  37.54
2012-05-31  40.73  40.88  39.56  39.94  4211200  39.94
2012-05-30  40.89  40.89  40.07  40.61  3074300  40.61
2012-05-29  40.73  41.5  40.69  41.43  4074800  41.43
2012-05-25  40.29  40.72  40.06  40.28  1883800  40.28
2012-05-24  40.11  40.42  39.73  40.29  2568800  40.29
2012-05-23  39.31  40.29  38.68  40.04  3446200  40.04
2012-05-22  39.35  40.47  38.92  39.77  4420700  39.77
2012-05-21  38.14  39.41  38.11  39.28  2782700  39.28
2012-05-18  39.29  39.51  37.93  38.04  5161700  38.04
2012-05-17  41.16  41.17  38.92  38.93  4935800  38.93
2012-05-16  39.94  40.27  38.99  39.05  3559600  39.05
2012-05-15  40.18  40.83  39.69  39.79  6997900  39.79
2012-05-14  38.18  38.74  37.76  38.21  3953200  38.21
2012-05-11  38.83  39.58  38.7  38.75  3861800  38.75
2012-05-10  39.88  40.17  38.97  39.03  2354600  39.03
2012-05-09  38.95  39.66  38.8  39.22  4309700  39.22
2012-05-08  39.92  39.99  38.81  39.55  4291200  39.55
2012-05-07  39.94  40.36  39.55  40.13  2616600  40.13
2012-05-04  41.4  41.54  40.23  40.28  2196200  40.28
2012-05-03  42.38  42.38  41.43  41.46  1715400  41.46
2012-05-02  41.94  42.33  41.54  42.27  2394900  42.27
2012-05-01  41.29  42.5  41.06  42.21  2586200  42.21
2012-04-30  41.75  41.98  41.23  41.43  1863900  41.43
2012-04-27  41.45  41.91  40.82  41.8  2947900  41.8
2012-04-26  40.39  41.32  40.36  41.24  2449300  41.24
2012-04-25  39.59  40.74  39.59  40.45  3655800  40.45
2012-04-24  39.66  39.75  38.45  39.09  7658400  39.09
2012-04-23  40.63  40.67  39.84  40.54  2188000  40.54
2012-04-20  41.42  42.12  41.29  41.35  1990600  41.35
2012-04-19  41.65  41.83  40.82  41.17  2718500  41.17
2012-04-18  41.54  41.84  41.27  41.57  1720600  41.57
2012-04-17  41.64  42.0  41.58  41.89  2075200  41.89
2012-04-16  41.83  41.97  41.05  41.24  2465800  41.24
2012-04-13  42.44  42.54  41.44  41.49  2392100  41.49
2012-04-12  41.87  42.91  41.75  42.76  1563000  42.76
2012-04-11  42.2  42.29  41.64  41.71  2431100  41.71
2012-04-10  42.73  42.96  41.21  41.55  4332400  41.55
2012-04-09  43.35  43.35  42.77  42.78  3707300  42.78
2012-04-05  42.88  44.18  42.78  43.97  4959500  43.97
2012-04-04  43.55  43.66  42.58  42.96  2390800  42.96
2012-04-03  43.94  44.34  43.67  44.03  2755900  44.03
2012-04-02  43.72  44.31  43.43  44.07  2261600  44.07
2012-03-30  43.97  44.06  43.22  43.72  2322400  43.72
2012-03-29  43.22  43.64  43.07  43.57  2288400  43.57
2012-03-28  44.51  44.56  43.21  43.7  3089300  43.7
2012-03-27  44.15  45.36  44.09  44.76  3804100  44.76
2012-03-26  43.97  44.22  43.74  44.15  3467100  44.15
2012-03-23  42.69  43.41  42.28  43.41  3369400  43.41
2012-03-22  43.11  43.11  42.36  42.84  3103800  42.84
2012-03-21  44.0  44.22  43.52  43.83  1572600  43.83
2012-03-20  44.18  44.24  43.61  43.93  1728700  43.93
2012-03-19  44.54  44.78  44.25  44.45  2387300  44.45
2012-03-16  45.01  45.08  44.45  44.71  2279400  44.71
2012-03-15  44.2  45.0  43.95  44.94  2126000  44.94
2012-03-14  44.24  44.32  43.77  44.07  2740700  44.07
2012-03-13  43.08  44.27  42.89  44.21  2339700  44.21
2012-03-12  43.55  43.77  42.51  42.75  2639900  42.75
2012-03-09  43.36  44.17  43.36  43.66  3060500  43.66
2012-03-08  43.02  43.72  42.29  43.39  3826200  43.39
2012-03-07  41.62  42.8  41.48  42.59  3494000  42.59
2012-03-06  41.44  41.67  41.05  41.43  3756500  41.43
2012-03-05  42.72  42.83  41.69  41.92  3570000  41.92
2012-03-02  43.29  43.52  42.58  42.85  2128600  42.85
2012-03-01  42.87  43.4  42.63  43.28  2378300  43.28
2012-02-29  42.93  43.41  42.51  42.75  2992600  42.75
2012-02-28  42.63  42.84  42.33  42.76  2117700  42.76
2012-02-27  41.85  42.71  41.6  42.48  2053900  42.48
2012-02-24  42.66  43.11  42.11  42.16  2936000  42.16
2012-02-23  41.87  42.77  41.65  42.54  2401300  42.54
2012-02-22  41.7  42.43  41.5  41.87  2473000  41.87
2012-02-21  42.41  42.51  41.57  41.76  2835400  41.76
2012-02-17  43.16  43.26  42.12  42.28  4068200  42.28
2012-02-16  42.14  43.07  40.92  42.95  7082800  42.95
2012-02-15  43.61  43.61  42.56  42.77  2496800  42.77
2012-02-14  42.86  43.36  42.47  42.9  2617600  42.9
2012-02-13  43.79  43.8  42.65  42.96  3427500  42.96
2012-02-10  43.36  43.39  42.64  43.26  2645800  43.26
2012-02-09  44.1  44.44  43.42  44.19  2241000  44.19
2012-02-08  43.81  44.15  43.52  44.07  2169600  44.07
2012-02-07  43.87  43.98  43.34  43.71  2547400  43.71
2012-02-06  43.85  44.02  43.43  43.77  2984700  43.77
2012-02-03  43.51  44.39  43.32  44.37  3487200  44.37
2012-02-02  43.33  43.61  42.79  42.85  2226600  42.85
2012-02-01  42.22  43.54  42.11  43.31  4150000  43.31
2012-01-31  42.46  42.67  41.46  41.62  3360500  41.62
2012-01-30  41.09  42.33  40.89  42.3  2922700  42.3
2012-01-27  41.54  42.09  41.43  41.83  2428000  41.83
2012-01-26  43.39  43.96  41.63  41.81  5785700  41.81
2012-01-25  42.01  43.33  41.45  43.17  4658600  43.17
2012-01-24  40.1  42.13  39.99  41.75  5459700  41.75
2012-01-23  40.06  40.39  39.72  40.18  3393100  40.18
2012-01-20  40.93  41.06  39.87  40.18  3906500  40.18
2012-01-19  40.54  41.46  40.28  41.01  3091800  41.01
2012-01-18  39.2  40.5  39.05  40.44  3170800  40.44
2012-01-17  38.96  39.58  38.91  39.19  4158000  39.19
2012-01-13  38.28  38.43  37.73  38.28  3618300  38.28
2012-01-12  38.36  38.79  37.59  38.73  2842200  38.73
2012-01-11  38.1  38.51  37.76  38.14  2813000  38.14
2012-01-10  38.05  38.63  37.84  38.32  3190000  38.32
2012-01-09  36.87  37.65  36.72  37.61  3168500  37.61
2012-01-06  36.35  36.81  36.07  36.65  3370100  36.65
2012-01-05  35.16  36.57  35.01  36.26  4894600  36.26
2012-01-04  35.43  35.64  34.88  35.47  3327500  35.47
2012-01-03  35.12  36.25  35.02  35.75  2973100  35.75
2011-12-30  34.23  34.8  34.12  34.23  1381200  34.23
2011-12-29  33.46  34.43  33.35  34.36  1909300  34.36
2011-12-28  34.55  34.65  33.34  33.43  1835900  33.43
2011-12-27  34.49  34.86  34.46  34.55  1398300  34.55
2011-12-23  34.14  34.67  33.99  34.65  1385500  34.65
2011-12-22  33.23  34.34  33.23  34.14  1885900  34.14
2011-12-21  33.74  33.95  33.17  33.67  2683300  33.67
2011-12-20  33.31  34.09  33.27  33.89  3671600  33.89
2011-12-19  32.96  33.28  32.48  32.57  3565300  32.57
2011-12-16  33.05  33.55  32.59  32.79  3122800  32.79
2011-12-15  32.86  33.1  32.53  32.78  3202700  32.78
2011-12-14  32.34  32.78  31.86  32.27  3274500  32.27
2011-12-13  33.38  33.72  32.31  32.49  3051500  32.49
2011-12-12  34.12  34.23  32.68  33.06  3912900  33.06
2011-12-09  34.15  34.77  33.76  34.62  2542500  34.62
2011-12-08  35.5  35.66  33.63  33.73  4322600  33.73
2011-12-07  35.94  36.26  34.9  35.93  3017900  35.93
2011-12-06  36.39  36.6  35.75  36.24  2483400  36.24
2011-12-05  36.78  37.12  36.04  36.32  3272700  36.32
2011-12-02  37.62  37.8  35.93  36.02  3494500  36.02
2011-12-01  36.55  37.61  36.31  37.06  3179200  37.06
2011-11-30  35.85  36.94  35.8  36.75  3346700  36.75
2011-11-29  34.66  34.93  34.15  34.32  2820200  34.32
2011-11-28  34.43  35.17  34.03  34.46  3078000  34.46
2011-11-25  32.75  33.69  32.55  33.15  2286300  33.15
2011-11-23  34.31  34.42  32.93  32.93  4256400  32.93
2011-11-22  34.91  35.4  34.34  34.87  2653300  34.87
2011-11-21  35.09  35.27  34.18  35.07  4004900  35.07
2011-11-18  36.75  36.75  35.87  36.07  3807900  36.07
2011-11-17  37.58  37.79  36.17  36.47  4500800  36.47
2011-11-16  36.59  38.6  36.45  37.81  8279100  37.81
2011-11-15  37.21  37.8  36.47  37.49  4189300  37.49
2011-11-14  36.39  37.05  36.26  36.8  2608000  36.8
2011-11-11  36.85  37.44  36.47  36.71  3916500  36.71
2011-11-10  36.16  36.74  35.65  36.12  3815200  36.12
2011-11-09  36.66  36.89  34.98  35.35  6587800  35.35
2011-11-08  37.26  38.02  36.8  37.98  3594200  37.98
2011-11-07  36.07  37.1  35.73  36.99  3927800  36.99
2011-11-04  35.84  36.32  35.1  36.17  3163600  36.17
2011-11-03  36.08  36.7  35.32  36.39  4647700  36.39
2011-11-02  35.11  35.82  34.79  35.44  4039600  35.44
2011-11-01  34.53  35.33  33.96  34.58  7594200  34.58
2011-10-31  39.05  39.17  36.33  36.33  7473900  36.33
2011-10-28  39.04  40.23  38.9  40.07  6317400  40.07
2011-10-27  37.04  39.59  36.32  39.2  8921900  39.2
2011-10-26  35.26  35.33  34.13  35.07  6226900  35.07
2011-10-25  36.21  36.64  35.1  35.21  5272600  35.21
2011-10-24  34.88  36.98  34.73  36.79  6109300  36.79
2011-10-21  33.59  34.73  33.52  34.56  4310200  34.56
2011-10-20  32.47  33.18  31.83  33.06  4820100  33.06
2011-10-19  32.64  33.13  32.18  32.33  3493100  32.33
2011-10-18  32.37  33.05  31.5  32.81  6051600  32.81
2011-10-17  32.36  32.79  32.11  32.41  4999200  32.41
2011-10-14  32.49  32.88  32.36  32.67  5820500  32.67
2011-10-13  32.66  32.74  31.25  31.82  8445300  31.82
2011-10-12  33.52  33.88  32.73  33.1  7601400  33.1
2011-10-11  32.21  33.43  31.91  33.25  3915600  33.25
2011-10-10  31.49  32.78  31.38  32.64  3855000  32.64
2011-10-07  31.65  31.98  29.82  30.74  8089600  30.74
2011-10-06  31.33  32.89  30.82  32.87  5007200  32.87
2011-10-05  30.51  31.53  30.09  31.48  4909500  31.48
2011-10-04  28.29  30.41  28.1  30.39  5400000  30.39
2011-10-03  30.28  30.42  28.79  28.81  5196900  28.81
2011-09-30  31.2  31.52  30.43  30.63  4196200  30.63
2011-09-29  31.85  32.23  30.73  31.87  4770700  31.87
2011-09-28  32.98  33.03  30.95  31.01  4643200  31.01
2011-09-27  32.74  33.87  32.49  32.89  4764300  32.89
2011-09-26  31.4  31.87  30.74  31.74  5482000  31.74
2011-09-23  30.38  31.58  30.22  31.05  4342900  31.05
2011-09-22  30.46  30.95  30.11  30.66  6316600  30.66
2011-09-21  34.39  34.4  31.55  31.61  8347300  31.61
2011-09-20  34.64  35.76  34.34  34.35  4309200  34.35
2011-09-19  34.7  34.7  33.24  34.26  5956300  34.26
2011-09-16  36.44  36.66  35.0  35.63  5001800  35.63
2011-09-15  36.38  36.49  35.36  36.3  4867300  36.3
2011-09-14  34.42  36.5  33.94  35.85  6879200  35.85
2011-09-13  32.85  34.3  32.72  34.08  5494600  34.08
2011-09-12  32.02  32.87  31.44  32.74  5290300  32.74
2011-09-09  32.97  33.84  32.38  32.69  4476800  32.69
2011-09-08  34.7  34.8  33.21  33.46  6198900  33.46
2011-09-07  33.75  35.19  33.74  34.98  6352400  34.98
2011-09-06  32.13  33.36  31.51  33.24  7563100  33.24
2011-09-02  34.2  34.38  33.31  33.71  5670000  33.71
2011-09-01  36.06  36.6  34.95  35.12  4857800  35.12
2011-08-31  36.02  37.3  35.72  36.13  5399600  36.13
2011-08-30  35.75  36.34  35.16  35.89  3897500  35.89
2011-08-29  34.74  36.13  34.55  35.99  7728800  35.99
2011-08-26  31.98  34.25  31.47  34.17  7350000  34.17
2011-08-25  32.76  33.2  31.91  32.37  6785600  32.37
2011-08-24  31.22  32.47  30.93  32.42  5674800  32.42
2011-08-23  30.11  31.59  29.61  31.22  8532100  31.22
2011-08-22  31.35  31.56  29.81  29.89  6803800  29.89
2011-08-19  31.11  32.11  30.41  30.46  6063300  30.46
2011-08-18  33.9  33.92  31.36  31.59  7357200  31.59
2011-08-17  36.13  36.5  34.47  35.08  4705500  35.08
2011-08-16  36.23  37.37  35.31  35.9  7709000  35.9
2011-08-15  35.99  36.82  35.71  36.75  6493800  36.75
2011-08-12  34.26  36.21  33.73  35.49  9430600  35.49
2011-08-11  31.48  34.28  31.22  33.82  8069900  33.82
2011-08-10  32.65  33.07  31.14  31.21  10161300  31.21
2011-08-09  32.61  33.56  31.46  33.53  8170700  33.53
2011-08-08  34.74  35.21  31.71  31.91  9480700  31.91
2011-08-05  36.85  37.23  34.66  35.86  9001200  35.86
2011-08-04  38.05  38.05  36.12  36.17  6164200  36.17
2011-08-03  38.3  38.54  37.15  38.42  4711900  38.42
2011-08-02  39.54  40.32  38.14  38.16  5679700  38.16
2011-08-01  41.76  41.92  39.67  39.97  5665600  39.97
2011-07-29  40.71  42.03  40.47  41.32  3836900  41.32
2011-07-28  41.53  41.93  41.05  41.34  7492500  41.34
2011-07-27  43.55  43.55  41.44  41.61  6543800  41.61
2011-07-26  44.91  45.14  43.72  43.94  5128600  43.94
2011-07-25  45.26  45.78  45.18  45.47  1843100  45.47
2011-07-22  46.01  46.19  45.59  45.95  2070200  45.95
2011-07-21  46.2  46.35  45.57  45.98  4247400  45.98
2011-07-20  46.01  46.1  45.3  45.98  3825300  45.98
2011-07-19  44.84  46.14  44.79  46.0  3567500  46.0
2011-07-18  45.77  45.82  43.91  44.55  6616100  44.55
2011-07-15  46.66  46.66  45.64  46.14  3780300  46.14
2011-07-14  47.3  47.3  46.1  46.38  3738600  46.38
2011-07-13  47.29  47.72  46.26  47.18  5209000  47.18
2011-07-12  47.62  47.68  46.65  47.11  4196600  47.11
2011-07-11  48.46  48.9  47.95  48.11  2982600  48.11
2011-07-08  50.03  50.73  47.79  49.23  7940800  49.23
2011-07-07  51.38  51.57  50.53  51.33  2421300  51.33
2011-07-06  50.48  50.84  50.23  50.78  2518800  50.78
2011-07-05  50.89  50.96  50.27  50.63  1866000  50.63
2011-07-01  50.21  51.09  49.91  50.96  2807600  50.96
2011-06-30  49.53  50.95  49.49  50.09  3495900  50.09
2011-06-29  49.78  50.12  49.36  49.58  3490300  49.58
2011-06-28  48.05  49.7  47.77  49.47  3311400  49.47
2011-06-27  47.38  48.16  46.89  47.87  3062600  47.87
2011-06-24  48.33  48.34  47.38  47.52  2646300  47.52
2011-06-23  47.21  48.49  46.49  48.39  3476400  48.39
2011-06-22  48.58  48.84  47.95  47.97  2289200  47.97
2011-06-21  47.72  49.31  47.69  48.82  3532000  48.82
2011-06-20  46.15  47.56  45.88  47.41  3811400  47.41
2011-06-17  46.72  47.1  46.35  46.48  4284400  46.48
2011-06-16  46.31  46.81  45.45  46.12  3036500  46.12
2011-06-15  47.49  47.49  46.29  46.42  3502500  46.42
2011-06-14  47.38  48.89  47.25  47.99  4800400  47.99
2011-06-13  46.58  47.43  46.16  46.58  4025400  46.58
2011-06-10  47.48  47.97  47.17  47.23  3919400  47.23
2011-06-09  46.89  48.15  46.76  47.74  3281200  47.74
2011-06-08  46.57  47.11  46.39  46.79  4712700  46.79
2011-06-07  46.56  47.09  46.21  46.75  4128400  46.75
2011-06-06  46.31  46.55  46.05  46.12  2061600  46.12
2011-06-03  46.44  46.99  45.89  46.48  2891300  46.48
2011-06-02  47.21  47.66  46.91  47.22  3329700  47.22
2011-06-01  48.79  48.79  46.92  47.04  4159700  47.04
2011-05-31  48.69  49.03  48.23  48.87  2642400  48.87
2011-05-27  48.41  48.76  48.19  48.61  2141600  48.61
2011-05-26  47.74  48.61  47.65  48.4  3268500  48.4
2011-05-25  48.04  48.33  47.17  48.04  3736200  48.04
2011-05-24  48.26  48.26  47.43  47.72  3437200  47.72
2011-05-23  48.82  48.82  47.53  48.12  4265800  48.12
2011-05-20  50.13  50.19  49.43  49.69  3350800  49.69
2011-05-19  50.9  50.94  50.03  50.14  5160700  50.14
2011-05-18  50.11  50.81  49.98  50.7  3972600  50.7
2011-05-17  50.67  50.88  49.8  50.15  4520100  50.15
2011-05-16  51.14  51.94  51.03  51.27  5187200  51.27
2011-05-13  52.99  54.23  50.69  51.53  10089900  51.53
2011-05-12  48.84  49.57  48.4  49.32  3623300  49.32
2011-05-11  49.5  49.64  48.67  49.03  3018400  49.03
2011-05-10  49.1  49.73  48.59  49.66  4167800  49.66
2011-05-09  48.85  49.03  48.47  48.88  2024900  48.88
2011-05-06  48.99  49.52  48.27  48.74  2584600  48.74
2011-05-05  48.39  48.95  48.04  48.19  3462600  48.19
2011-05-04  49.55  49.7  48.16  48.51  3730500  48.51
2011-05-03  49.47  49.67  49.1  49.59  2256300  49.59
2011-05-02  49.24  49.74  49.02  49.43  2616500  49.43
2011-04-29  49.29  49.66  48.83  48.91  2369500  48.91
2011-04-28  48.84  49.53  48.65  49.31  2254300  49.31
2011-04-27  48.47  49.11  48.24  49.03  2721800  49.03
2011-04-26  47.46  49.23  47.45  48.41  4800000  48.41
2011-04-25  48.11  48.2  47.01  47.22  3339800  47.22
2011-04-21  47.95  48.41  47.8  48.35  3064500  48.35
2011-04-20  46.53  47.86  46.46  47.67  3625000  47.67
2011-04-19  45.78  45.87  45.38  45.81  4381400  45.81
2011-04-18  45.91  45.91  44.42  45.65  4578700  45.65
2011-04-15  45.68  47.02  45.4  46.55  4901000  46.55
2011-04-14  45.35  45.79  44.7  45.7  4649200  45.7
2011-04-13  44.31  45.8  44.3  45.66  5098300  45.66
2011-04-12  43.84  44.49  43.39  44.04  2771600  44.04
2011-04-11  43.9  44.45  43.76  44.09  1578800  44.09
2011-04-08  44.28  44.75  43.87  43.99  2001500  43.99
2011-04-07  44.32  44.53  43.37  43.97  2102400  43.97
2011-04-06  44.6  44.78  43.82  44.38  2351900  44.38
2011-04-05  43.85  44.59  43.71  44.43  3136800  44.43
2011-04-04  44.17  44.5  43.47  43.93  2133900  43.93
2011-04-01  43.99  44.57  43.89  44.24  2212300  44.24
2011-03-31  44.02  44.12  43.57  43.88  2194900  43.88
2011-03-30  43.9  44.27  43.76  44.19  2514100  44.19
2011-03-29  43.06  43.73  42.64  43.67  2295700  43.67
2011-03-28  43.35  43.78  42.99  43.08  2982700  43.08
2011-03-25  43.13  43.61  42.86  43.16  2084700  43.16
2011-03-24  43.12  43.23  42.58  43.03  2751500  43.03
2011-03-23  42.09  42.98  41.9  42.8  3761100  42.8
2011-03-22  43.04  43.07  41.9  42.33  2418900  42.33
2011-03-21  42.65  43.48  42.6  43.07  3134700  43.07
2011-03-18  42.27  42.81  41.83  42.08  3883600  42.08
2011-03-17  42.27  42.61  41.06  41.6  4351100  41.6
2011-03-16  42.71  42.88  41.02  41.48  5042700  41.48
2011-03-15  42.48  43.28  41.72  42.94  6910300  42.94
2011-03-14  44.18  44.5  43.22  43.94  5663700  43.94
2011-03-11  44.17  44.59  43.02  44.43  4441200  44.43
2011-03-10  44.45  44.79  43.82  43.98  4855700  43.98
2011-03-09  44.74  45.13  43.71  45.13  3483300  45.13
2011-03-08  45.09  45.29  44.77  45.05  3895100  45.05
2011-03-07  45.33  45.86  44.47  44.95  7407300  44.95
2011-03-04  42.49  45.88  42.49  45.82  13350600  45.82
2011-03-03  41.27  42.27  41.27  41.96  4358000  41.96
2011-03-02  39.76  40.74  39.55  40.63  3377300  40.63
2011-03-01  41.14  41.64  39.84  39.87  4091400  39.87
2011-02-28  41.58  41.8  40.53  41.24  3070300  41.24
2011-02-25  40.37  41.56  40.3  41.51  4297400  41.51
2011-02-24  39.54  40.72  39.38  40.33  4455500  40.33
2011-02-23  41.71  41.89  39.14  39.64  7074200  39.64
2011-02-22  42.4  42.87  41.54  41.64  4143700  41.64
2011-02-18  42.97  43.4  42.78  43.04  4390300  43.04
2011-02-17  42.51  43.12  42.16  43.04  2621800  43.04
2011-02-16  42.04  42.73  41.85  42.7  4159800  42.7
2011-02-15  43.9  44.1  41.79  41.8  7327100  41.8
2011-02-14  44.1  44.51  43.82  43.89  3480200  43.89
2011-02-11  42.89  44.25  42.78  44.12  4436100  44.12
2011-02-10  42.36  43.13  41.72  43.12  3275800  43.12
2011-02-09  43.13  43.29  42.3  42.56  3779400  42.56
2011-02-08  43.76  43.82  42.96  43.29  3734600  43.29
2011-02-07  42.58  43.78  42.5  43.55  4569900  43.55
2011-02-04  40.29  42.27  40.12  42.13  5196800  42.13
2011-02-03  40.11  40.36  39.43  40.17  3522800  40.17
2011-02-02  40.92  41.08  40.01  40.41  3970800  40.41
2011-02-01  41.23  41.85  41.09  41.21  3388300  41.21
2011-01-31  40.38  40.99  40.07  40.99  3691000  40.99
2011-01-28  41.65  41.67  40.06  40.16  3629800  40.16
2011-01-27  41.91  42.23  41.52  41.6  3189700  41.6
2011-01-26  41.97  42.11  41.2  41.72  3927400  41.72
2011-01-25  41.92  42.65  41.44  41.84  3132800  41.84
2011-01-24  41.33  41.93  41.22  41.91  2067500  41.91
2011-01-21  41.65  42.4  41.19  41.27  3004600  41.27
2011-01-20  41.11  41.72  40.63  41.44  4874800  41.44
2011-01-19  43.33  43.4  41.42  41.58  4536300  41.58
2011-01-18  42.5  43.56  42.45  43.46  2981600  43.46
2011-01-14  41.93  42.5  41.9  42.39  2215700  42.39
2011-01-13  42.02  42.36  42.01  42.11  1676500  42.11
2011-01-12  42.34  42.54  42.1  42.27  2463200  42.27
2011-01-11  41.67  42.44  41.53  42.08  3315500  42.08
2011-01-10  40.59  41.87  40.48  41.38  3145900  41.38
2011-01-07  40.69  40.97  40.22  40.79  2726000  40.79
2011-01-06  40.54  41.0  40.39  40.65  3361300  40.65
2011-01-05  40.43  40.89  40.18  40.57  3232500  40.57
2011-01-04  41.15  41.26  40.36  40.66  3588900  40.66
2011-01-03  40.73  41.29  40.58  41.04  3572300  41.04
2010-12-31  40.6  40.86  40.41  40.6  1466900  40.6
2010-12-30  40.81  41.01  40.62  40.76  1586000  40.76
2010-12-29  40.71  41.18  40.68  40.86  1914900  40.86
2010-12-28  41.09  41.24  40.56  40.68  3020000  40.68
2010-12-27  40.07  41.22  40.07  41.08  3725300  41.08
2010-12-23  40.09  40.5  40.09  40.25  1638400  40.25
2010-12-22  39.85  40.24  39.58  40.24  2753600  40.24
2010-12-21  39.83  40.24  39.71  40.01  3615300  40.01
2010-12-20  39.3  39.86  38.67  39.82  4023700  39.82
2010-12-17  38.97  40.17  38.8  39.73  6694300  39.73
2010-12-16  37.84  38.98  37.72  38.95  4307500  38.95
2010-12-15  38.23  38.41  37.69  37.71  3291700  37.71
2010-12-14  38.02  38.44  38.0  38.12  3203200  38.12
2010-12-13  37.77  38.31  37.57  37.93  4697000  37.93
2010-12-10  37.24  38.12  37.24  37.77  5546000  37.77
2010-12-09  37.09  37.3  37.02  37.29  3412300  37.29
2010-12-08  36.84  37.01  36.4  36.91  3359900  36.91
2010-12-07  36.84  37.12  36.75  36.83  4116400  36.83
2010-12-06  36.56  36.65  36.31  36.39  1651800  36.39
2010-12-03  35.77  36.84  35.75  36.73  3265700  36.73
2010-12-02  35.26  36.11  35.18  35.99  3031000  35.99
2010-12-01  34.94  35.43  34.9  35.4  4127900  35.4
2010-11-30  34.53  34.69  34.29  34.32  4353800  34.32
2010-11-29  35.23  35.29  34.61  34.94  3442800  34.94
2010-11-26  35.24  35.71  35.05  35.62  783000  35.62
2010-11-24  34.9  35.7  34.83  35.61  2164900  35.61
2010-11-23  35.14  35.14  34.42  34.72  2289200  34.72
2010-11-22  35.42  35.83  35.08  35.55  2286000  35.55
2010-11-19  35.45  35.74  35.06  35.73  2135400  35.73
2010-11-18  34.93  35.68  34.81  35.51  2957900  35.51
2010-11-17  34.3  34.65  34.15  34.51  2780000  34.51
2010-11-16  35.09  35.13  34.1  34.34  4931900  34.34
2010-11-15  35.81  35.89  35.06  35.48  4829800  35.48
2010-11-12  35.18  36.8  34.8  35.63  7074800  35.63
2010-11-11  34.11  35.09  33.79  35.02  3787500  35.02
2010-11-10  34.75  34.94  34.19  34.55  3319900  34.55
2010-11-09  35.46  35.46  34.53  34.77  3191100  34.77
2010-11-08  35.43  35.66  35.13  35.46  1863900  35.46
2010-11-05  35.25  35.67  35.13  35.65  2334200  35.65
2010-11-04  34.79  35.32  34.7  35.27  2758700  35.27
2010-11-03  34.48  34.58  33.87  34.41  2398300  34.41
2010-11-02  34.28  34.49  34.09  34.36  2095900  34.36
2010-11-01  34.25  34.42  33.7  34.06  2064000  34.06
2010-10-29  34.12  34.31  33.92  34.1  1933900  34.1
2010-10-28  34.43  34.62  33.73  34.22  2396000  34.22
2010-10-27  33.79  34.07  33.49  33.9  1656800  33.9
2010-10-26  33.93  34.3  33.71  34.1  3200100  34.1
2010-10-25  34.33  34.45  34.05  34.2  2651000  34.2
2010-10-22  34.05  34.23  33.83  34.06  2518900  34.06
2010-10-21  34.1  34.31  33.74  34.06  3059100  34.06
2010-10-20  33.46  34.16  33.41  33.97  2494000  33.97
2010-10-19  33.45  33.77  32.89  33.34  3991900  33.34
2010-10-18  33.8  34.08  33.45  33.97  2067000  33.97
2010-10-15  33.91  34.04  33.4  33.79  2781700  33.79
2010-10-14  33.6  33.67  33.35  33.55  2913100  33.55
2010-10-13  33.27  33.79  33.22  33.62  3198500  33.62
2010-10-12  32.94  33.25  32.63  33.01  3442200  33.01
2010-10-11  33.1  33.3  32.88  33.08  1917200  33.08
2010-10-08  32.54  33.24  32.33  33.12  2863400  33.12
2010-10-07  32.28  32.85  32.19  32.54  3737200  32.54
2010-10-06  32.36  32.46  31.65  32.02  3234800  32.02
2010-10-05  32.29  32.72  32.2  32.38  4223700  32.38
2010-10-04  32.89  32.94  31.73  31.94  4889700  31.94
2010-10-01  33.02  33.6  32.73  33.06  5893100  33.06
2010-09-30  32.11  32.87  31.98  32.7  6075600  32.7
2010-09-29  31.46  32.01  31.46  31.93  3382700  31.93
2010-09-28  31.32  31.79  31.07  31.69  2858900  31.69
2010-09-27  31.43  31.5  31.05  31.36  2766000  31.36
2010-09-24  30.35  31.52  30.35  31.45  3636600  31.45
2010-09-23  29.88  30.29  29.74  29.95  2799600  29.95
2010-09-22  30.36  30.71  30.13  30.14  3860200  30.14
2010-09-21  30.36  30.68  30.18  30.53  2917400  30.53
2010-09-20  30.16  30.52  29.96  30.41  3680600  30.41
2010-09-17  29.71  30.31  29.61  29.94  4766200  29.94
2010-09-16  28.75  29.6  28.68  29.44  4467300  29.44
2010-09-15  28.57  29.02  28.17  28.82  3743900  28.82
2010-09-14  28.44  28.78  28.08  28.59  2630000  28.59
2010-09-13  28.65  28.87  28.37  28.55  2958100  28.55
2010-09-10  28.37  28.59  28.14  28.33  1774700  28.33
2010-09-09  28.66  28.8  28.34  28.35  2101000  28.35
2010-09-08  28.5  28.65  28.21  28.26  2806600  28.26
2010-09-07  29.1  29.12  28.37  28.41  2207300  28.41
2010-09-03  28.9  29.39  28.9  29.25  2263900  29.25
2010-09-02  27.9  28.67  27.79  28.63  2720300  28.63
2010-09-01  26.9  27.88  26.88  27.72  3639900  27.72
2010-08-31  27.02  27.05  26.21  26.43  5341500  26.43
2010-08-30  27.22  27.62  27.13  27.13  2592900  27.13
2010-08-27  27.14  27.49  26.49  27.4  3346000  27.4
2010-08-26  27.32  27.57  26.94  26.96  2951200  26.96
2010-08-25  26.6  27.28  26.15  27.14  4369600  27.14
2010-08-24  26.97  27.11  26.55  26.81  2934800  26.81
2010-08-23  28.16  28.21  27.36  27.4  3122800  27.4
2010-08-20  27.7  28.09  27.43  27.99  3373900  27.99
2010-08-19  28.67  28.68  27.66  27.97  3383300  27.97
2010-08-18  28.74  29.07  28.49  28.85  3044000  28.85
2010-08-17  28.17  28.93  27.85  28.69  7300800  28.69
2010-08-16  26.57  27.13  26.46  26.62  3316100  26.62
2010-08-13  26.84  27.29  26.75  26.8  2447000  26.8
2010-08-12  27.1  27.23  26.86  26.98  3256700  26.98
2010-08-11  28.29  28.33  27.42  27.66  2827200  27.66
2010-08-10  28.85  29.09  28.55  28.87  3486700  28.87
2010-08-09  28.34  29.27  28.29  29.22  3689000  29.22
2010-08-06  27.62  28.18  27.51  28.16  3377800  28.16
2010-08-05  27.47  28.06  27.4  27.89  2068300  27.89
2010-08-04  27.3  27.78  27.19  27.72  2352600  27.72
2010-08-03  28.03  28.15  27.24  27.28  4240200  27.28
2010-08-02  27.78  28.39  27.63  28.24  2898700  28.24
2010-07-30  27.22  27.61  27.11  27.37  3694400  27.37
2010-07-29  28.39  28.57  27.23  27.59  4408600  27.59
2010-07-28  28.21  28.68  28.16  28.2  3115700  28.2
2010-07-27  29.13  29.13  28.23  28.29  3341100  28.29
2010-07-26  28.64  29.08  28.53  29.05  2125700  29.05
2010-07-23  27.98  28.82  27.88  28.71  3715400  28.71
2010-07-22  27.4  28.3  27.4  28.15  3649500  28.15
2010-07-21  27.13  27.64  26.86  27.03  4452900  27.03
2010-07-20  26.49  27.0  26.21  26.97  4361100  26.97
2010-07-19  26.74  27.16  26.53  26.99  5664900  26.99
2010-07-16  27.64  27.72  26.43  26.49  6347900  26.49
2010-07-15  28.05  28.15  27.57  27.83  4133800  27.83
2010-07-14  28.05  28.67  28.01  28.12  4209200  28.12
2010-07-13  27.91  28.38  27.86  28.18  4092900  28.18
2010-07-12  27.94  28.15  27.47  27.64  3748300  27.64
2010-07-09  28.31  28.37  27.88  28.08  2372400  28.08
2010-07-08  28.19  28.37  27.81  28.23  3661000  28.23
2010-07-07  27.24  28.07  27.17  28.0  3300800  28.0
2010-07-06  27.79  28.0  26.98  27.2  3778200  27.2
2010-07-02  27.79  27.82  27.03  27.23  3314700  27.23
2010-07-01  27.93  28.03  26.89  27.71  5002500  27.71
2010-06-30  28.58  28.9  27.75  27.86  3768100  27.86
2010-06-29  29.43  29.59  28.41  28.63  4739800  28.63
2010-06-28  30.02  30.24  29.69  29.97  2220600  29.97
2010-06-25  30.31  30.41  29.83  30.08  3833900  30.08
2010-06-24  31.09  31.28  30.02  30.14  4153400  30.14
2010-06-23  31.44  31.68  30.85  31.33  2305600  31.33
2010-06-22  31.76  32.26  31.35  31.38  2042100  31.38
2010-06-21  32.4  32.7  31.57  31.78  2929900  31.78
2010-06-18  31.9  32.28  31.75  31.96  2666900  31.96
2010-06-17  32.14  32.14  31.38  31.82  2271200  31.82
2010-06-16  31.35  32.13  31.16  31.98  3062100  31.98
2010-06-15  31.17  31.58  30.92  31.56  2558300  31.56
2010-06-14  30.52  31.36  30.34  30.83  4163800  30.83
2010-06-11  29.45  30.17  29.45  30.12  1936000  30.12
2010-06-10  29.42  29.87  29.17  29.84  3361700  29.84
2010-06-09  29.38  29.86  28.81  28.93  4329100  28.93
2010-06-08  29.57  29.76  28.72  29.24  6002900  29.24
2010-06-07  29.92  30.08  29.47  29.5  4077700  29.5
2010-06-04  30.97  31.07  29.6  29.73  4324700  29.73
2010-06-03  31.69  31.9  31.31  31.75  2697400  31.75
2010-06-02  31.07  31.58  30.64  31.58  2555200  31.58
2010-06-01  31.45  31.72  30.79  30.85  2777600  30.85
2010-05-28  32.1  32.19  31.51  31.71  2454000  31.71
2010-05-27  31.57  32.13  31.47  32.1  2674600  32.1
2010-05-26  30.88  31.6  30.74  30.86  3811800  30.86
2010-05-25  29.89  30.63  29.38  30.62  3825600  30.62
2010-05-24  30.61  30.99  30.36  30.77  3781800  30.77
2010-05-21  29.71  31.15  29.57  30.71  5911200  30.71
2010-05-20  31.1  31.3  30.38  30.42  4712900  30.42
2010-05-19  31.37  32.1  31.36  31.94  5153200  31.94
2010-05-18  33.32  33.37  31.19  31.43  11814400  31.43
2010-05-17  33.34  33.81  32.92  33.51  4166500  33.51
2010-05-14  33.7  34.01  32.77  33.18  3380300  33.18
2010-05-13  34.13  34.58  33.74  34.08  4399100  34.08
2010-05-12  33.47  34.29  33.44  34.11  2841800  34.11
2010-05-11  33.01  33.83  32.8  33.39  3376400  33.39
2010-05-10  32.52  33.54  32.33  33.51  4057100  33.51
2010-05-07  32.43  32.61  30.87  31.23  7979300  31.23
2010-05-06  33.83  34.12  30.04  32.61  6456800  32.61
2010-05-05  34.22  34.6  33.76  34.06  3297500  34.06
2010-05-04  35.63  35.63  34.41  34.65  3247100  34.65
2010-05-03  35.77  36.15  35.64  36.03  1859200  36.03
2010-04-30  36.5  36.68  35.5  35.53  3001200  35.53
2010-04-29  36.2  36.66  36.13  36.49  2315700  36.49
2010-04-28  35.74  36.12  35.67  35.91  3136200  35.91
2010-04-27  35.87  36.23  35.41  35.5  4361500  35.5
2010-04-26  35.93  36.25  35.74  36.08  2828000  36.08
2010-04-23  35.66  35.95  35.38  35.91  2613500  35.91
2010-04-22  35.08  35.75  34.56  35.71  3334800  35.71
2010-04-21  35.46  35.66  35.08  35.41  2247800  35.41
2010-04-20  34.67  35.74  34.67  35.56  4999900  35.56
2010-04-19  34.64  34.73  33.96  34.46  2865800  34.46
2010-04-16  34.82  35.18  34.36  34.56  5769800  34.56
2010-04-15  33.76  35.19  33.54  34.92  9147800  34.92
2010-04-14  33.26  33.91  33.26  33.72  8324900  33.72
2010-04-13  33.46  33.54  33.2  33.22  2586900  33.22
2010-04-12  33.53  33.65  33.36  33.53  2957500  33.53
2010-04-09  33.36  33.55  33.2  33.55  2795900  33.55
2010-04-08  33.42  33.47  32.88  33.31  3004200  33.31
2010-04-07  33.78  33.85  33.44  33.6  2338700  33.6
2010-04-06  33.95  34.0  33.73  33.87  2502900  33.87
2010-04-05  33.89  34.14  33.85  34.12  2669500  34.12
2010-04-01  33.85  34.17  33.57  33.86  2221100  33.86
2010-03-31  33.86  33.89  33.6  33.7  3786400  33.7
2010-03-30  33.77  34.01  33.76  33.93  4277800  33.93
2010-03-29  33.62  34.0  33.59  33.71  3846700  33.71
2010-03-26  33.95  34.0  33.42  33.62  3366100  33.62
2010-03-25  33.42  34.06  33.39  33.86  4965200  33.86
2010-03-24  33.3  33.43  33.18  33.22  2712100  33.22
2010-03-23  33.11  33.53  32.99  33.43  3716600  33.43
2010-03-22  32.6  33.16  32.43  33.05  2823100  33.05
2010-03-19  32.86  32.99  32.47  32.75  4207600  32.75
2010-03-18  32.63  32.91  32.5  32.79  3215100  32.79
2010-03-17  32.77  32.96  32.65  32.71  2808300  32.71
2010-03-16  32.72  32.91  32.55  32.75  2350500  32.75
2010-03-15  32.65  32.83  32.38  32.64  2588900  32.64
2010-03-12  32.95  33.09  32.66  32.75  2872500  32.75
2010-03-11  32.71  32.93  32.59  32.91  2820000  32.91
2010-03-10  32.54  33.08  32.43  32.99  3359600  32.99
2010-03-09  32.27  32.66  32.21  32.6  5066800  32.6
2010-03-08  32.45  32.49  32.16  32.34  5019900  32.34
2010-03-05  32.18  32.59  31.98  32.5  5504500  32.5
2010-03-04  31.81  31.81  31.2  31.61  4363500  31.61
2010-03-03  31.77  31.89  31.65  31.79  4592000  31.79
2010-03-02  31.36  31.89  31.21  31.71  4304900  31.71
2010-03-01  30.8  31.49  30.8  31.45  3378800  31.45
2010-02-26  30.55  30.89  30.36  30.83  3346300  30.83
2010-02-25  30.22  30.51  29.63  30.47  3418100  30.47
2010-02-24  30.36  30.62  30.25  30.61  2822500  30.61
2010-02-23  30.47  30.53  29.92  30.23  3123300  30.23
2010-02-22  30.67  30.67  30.24  30.53  2888500  30.53
2010-02-19  30.23  30.65  30.01  30.58  2994400  30.58
2010-02-18  29.96  30.38  29.83  30.36  2370500  30.36
2010-02-17  29.76  30.13  29.53  30.02  3498700  30.02
2010-02-16  29.64  29.74  29.38  29.65  4692100  29.65
2010-02-12  30.04  30.12  28.98  29.38  8195900  29.38
2010-02-11  28.66  29.01  28.19  28.77  4994600  28.77
2010-02-10  28.88  28.91  28.31  28.67  2328700  28.67
2010-02-09  28.94  29.12  28.59  28.82  3684300  28.82
2010-02-08  28.63  29.09  28.55  28.62  4952900  28.62
2010-02-05  28.34  28.68  27.62  28.59  6828800  28.59
2010-02-04  28.72  28.86  28.36  28.49  4744200  28.49
2010-02-03  28.8  29.29  28.77  28.95  4353100  28.95
2010-02-02  28.64  29.0  28.51  28.91  4209400  28.91
2010-02-01  27.6  28.74  27.57  28.55  3995300  28.55
2010-01-29  28.35  28.59  27.36  27.47  4236800  27.47
2010-01-28  28.55  28.79  27.92  28.12  3531600  28.12
2010-01-27  28.62  28.71  28.16  28.59  3120300  28.59
2010-01-26  28.78  28.91  28.4  28.7  1929100  28.7
2010-01-25  28.83  29.06  28.64  28.86  2581200  28.86
2010-01-22  29.75  29.75  28.51  28.59  3049400  28.59
2010-01-21  30.38  30.49  29.58  29.91  4350100  29.91
2010-01-20  29.92  30.06  29.59  30.02  3282600  30.02
2010-01-19  29.75  30.21  29.74  30.18  2549100  30.18
2010-01-15  30.59  30.73  29.72  29.82  3309500  29.82
2010-01-14  29.98  30.62  29.89  30.53  4409000  30.53
2010-01-13  29.86  30.17  29.45  30.08  2445600  30.08
2010-01-12  29.95  30.04  29.61  29.84  2053700  29.84
2010-01-11  30.26  30.43  30.05  30.2  3420300  30.2
2010-01-08  30.02  30.23  29.79  30.18  2670900  30.18
2010-01-07  30.16  30.2  29.89  30.19  2214000  30.19
2010-01-06  30.23  30.38  30.14  30.23  2320300  30.23
2010-01-05  30.58  30.59  30.14  30.34  2994300  30.34
2010-01-04  30.76  30.99  30.5  30.67  2729300  30.67
