Date  Open  High  Low  Close  Volume  Adj Close
2014-02-28  529.08  532.75  522.12  526.24  13284600  526.24
2014-02-27  517.14  528.78  516.05  527.67  10781500  527.67
2014-02-26  523.61  525.0  515.6  517.35  9864900  517.35
2014-02-25  529.38  529.57  521.0  522.06  8284000  522.06
2014-02-24  523.15  529.92  522.42  527.55  10318200  527.55
2014-02-21  532.79  534.57  524.6  525.25  9956600  525.25
2014-02-20  532.99  537.0  529.0  531.15  10923500  531.15
2014-02-19  544.75  546.89  534.35  537.37  11206000  537.37
2014-02-18  546.0  551.19  545.61  545.99  9294700  545.99
2014-02-14  542.47  545.98  541.21  543.99  9747300  543.99
2014-02-13  534.66  544.85  534.2  544.43  10978500  544.43
2014-02-12  536.95  539.56  533.24  535.92  11003600  535.92
2014-02-11  530.61  537.75  529.5  535.96  10080600  535.96
2014-02-10  518.66  531.99  518.0  528.99  12341400  528.99
2014-02-07  521.38  522.93  517.38  519.68  13224300  519.68
2014-02-06  510.06  513.5  507.81  512.51  9205900  512.51
2014-02-05  503.55  512.21  503.24  509.54  11726600  509.54
2014-02-04  502.84  506.43  499.77  505.76  13452900  505.76
2014-02-03  499.62  504.71  496.33  498.55  14338000  498.55
2014-01-31  492.23  498.54  490.61  497.62  16599900  497.62
2014-01-30  499.55  503.49  493.75  496.81  24232200  496.81
2014-01-29  500.95  504.35  495.65  497.77  17957500  497.77
2014-01-28  505.74  511.94  499.09  503.49  38054400  503.49
2014-01-27  546.79  551.49  542.5  547.22  19817100  547.22
2014-01-24  550.7  552.31  541.51  542.82  15334100  542.82
2014-01-23  546.67  553.19  541.57  552.87  14401400  552.87
2014-01-22  547.63  553.98  544.55  548.23  13570900  548.23
2014-01-21  537.77  546.79  537.2  545.8  11733100  545.8
2014-01-17  548.2  548.78  536.68  537.45  15240700  537.45
2014-01-16  551.6  553.53  548.4  550.95  8188500  550.95
2014-01-15  550.22  556.86  548.37  554.04  13987100  554.04
2014-01-14  535.02  543.48  534.46  543.14  11877200  543.14
2014-01-13  526.75  539.27  526.72  532.54  13517600  532.54
2014-01-10  536.62  537.58  527.95  529.77  10892000  529.77
2014-01-09  543.55  543.61  532.17  533.33  9969600  533.33
2014-01-08  535.61  542.32  535.49  540.23  9233200  540.23
2014-01-07  541.08  542.71  534.72  536.83  11328900  536.83
2014-01-06  534.25  543.54  530.42  540.69  14736100  540.69
2014-01-03  549.57  550.4  537.21  537.76  14016700  537.76
2014-01-02  552.37  553.72  548.74  549.84  8381600  549.84
2013-12-31  550.87  557.94  550.7  557.68  7967300  557.68
2013-12-30  554.14  556.76  549.03  551.22  9058200  551.22
2013-12-27  560.47  561.05  556.17  556.76  8067300  556.76
2013-12-26  564.71  566.11  560.02  560.54  7286000  560.54
2013-12-24  566.5  568.47  562.66  564.29  5984100  564.29
2013-12-23  564.62  567.33  559.41  566.7  17903800  566.7
2013-12-20  542.18  548.32  541.58  545.75  15586200  545.75
2013-12-19  546.23  546.73  540.49  541.22  11462800  541.22
2013-12-18  546.43  548.17  535.59  547.49  20209400  547.49
2013-12-17  552.51  556.11  550.09  551.69  8210800  551.69
2013-12-16  551.71  559.29  551.7  554.18  10092600  554.18
2013-12-13  559.5  559.53  550.37  551.13  11886500  551.13
2013-12-12  558.79  561.97  556.69  557.2  9367500  557.2
2013-12-11  563.63  567.57  556.36  558.02  12847100  558.02
2013-12-10  560.22  564.5  557.86  562.18  9938200  562.18
2013-12-09  557.56  566.19  557.56  563.06  11446200  563.06
2013-12-06  562.43  563.38  556.24  556.69  12298300  556.69
2013-12-05  569.24  571.72  563.04  564.52  15985000  564.52
2013-12-04  562.14  565.81  557.48  561.64  13478200  561.64
2013-12-03  554.98  563.01  554.36  562.95  16106000  562.95
2013-12-02  554.68  560.97  547.54  547.95  16876600  547.95
2013-11-29  546.21  555.01  544.55  552.76  11361700  552.76
2013-11-27  533.12  542.75  530.22  542.71  12980300  542.71
2013-11-26  521.01  532.95  520.89  530.23  14335100  530.23
2013-11-25  517.92  522.74  517.9  520.62  8189700  520.62
2013-11-22  516.43  519.06  515.45  516.71  7990200  516.71
2013-11-21  514.52  518.11  510.61  518.04  9358100  518.04
2013-11-20  516.14  517.33  511.27  511.94  6925600  511.94
2013-11-19  515.94  520.27  514.89  516.46  7462100  516.46
2013-11-18  521.86  524.05  515.11  515.54  8748000  515.54
2013-11-15  523.45  525.95  521.37  521.87  11354300  521.87
2013-11-14  519.7  526.13  518.77  525.02  10086400  525.02
2013-11-13  514.92  519.14  513.88  517.53  7043600  517.53
2013-11-12  514.59  520.81  513.93  516.92  7295600  516.92
2013-11-11  516.89  518.56  511.35  515.96  8123300  515.96
2013-11-08  511.52  518.03  509.54  517.46  9975600  517.46
2013-11-07  516.49  520.08  509.33  509.44  9379300  509.44
2013-11-06  521.03  521.74  515.12  517.82  7977700  517.82
2013-11-05  518.43  522.69  516.87  519.29  9471900  519.29
2013-11-04  515.0  520.65  512.73  520.58  8736700  520.58
2013-11-01  517.88  518.65  509.8  513.94  9817500  513.94
2013-10-31  518.84  521.3  515.16  516.57  9846300  516.57
2013-10-30  513.52  521.34  510.96  518.75  12648700  518.75
2013-10-29  529.98  532.93  508.51  510.62  22707400  510.62
2013-10-28  522.84  524.78  517.08  523.67  19658600  523.67
2013-10-25  525.1  526.98  518.96  519.8  12064000  519.8
2013-10-24  518.85  526.23  516.33  525.68  13741600  525.68
2013-10-23  512.92  519.51  512.92  518.81  11204400  518.81
2013-10-22  520.24  522.26  502.08  513.78  19073700  513.78
2013-10-21  505.77  518.16  505.53  515.25  14218100  515.25
2013-10-18  500.06  503.3  499.79  502.93  10376500  502.93
2013-10-17  494.12  498.87  493.83  498.59  9056900  498.59
2013-10-16  494.92  496.64  493.38  495.24  8967900  495.24
2013-10-15  491.68  496.12  489.72  492.84  11431200  492.84
2013-10-14  484.09  491.75  483.62  490.23  9353500  490.23
2013-10-11  481.28  488.05  479.47  487.03  9562100  487.03
2013-10-10  485.56  486.61  481.33  483.9  9950100  483.9
2013-10-09  478.96  482.08  472.68  480.89  10775900  480.89
2013-10-08  484.19  484.89  474.9  475.3  10389900  475.3
2013-10-07  480.85  486.87  479.66  482.03  11153300  482.03
2013-10-04  478.19  478.92  472.99  477.37  9245300  477.37
2013-10-03  484.76  486.58  475.1  477.74  11526900  477.74
2013-10-02  479.94  486.03  478.08  483.82  10328000  483.82
2013-10-01  472.84  483.41  472.77  482.24  12638700  482.24
2013-09-30  471.65  476.01  468.85  471.16  9291300  471.16
2013-09-27  478.11  478.99  475.08  477.09  8144300  477.09
2013-09-26  480.3  482.83  478.23  480.52  8472200  480.52
2013-09-25  483.47  483.91  475.79  475.89  11319900  475.89
2013-09-24  489.08  489.67  482.1  483.37  13012300  483.37
2013-09-23  490.29  491.09  476.94  484.89  27218100  484.89
2013-09-20  472.4  472.94  460.54  461.93  24975100  461.93
2013-09-19  465.18  470.25  463.75  466.76  14447900  466.76
2013-09-18  457.75  460.88  455.26  459.23  16316500  459.23
2013-09-17  442.71  454.32  442.25  449.98  14263600  449.98
2013-09-16  455.59  456.2  441.97  444.84  19418100  444.84
2013-09-13  463.84  466.3  459.25  459.45  10672700  459.45
2013-09-12  463.01  469.83  460.55  467.15  14430400  467.15
2013-09-11  461.54  468.14  459.36  462.23  32096300  462.23
2013-09-10  500.26  501.5  483.76  488.84  26542700  488.84
2013-09-09  499.08  501.97  497.58  500.24  12167400  500.24
2013-09-06  492.6  493.53  484.21  492.38  12840200  492.38
2013-09-05  494.39  494.82  487.86  489.47  8441700  489.47
2013-09-04  493.71  496.36  490.47  492.85  12322600  492.85
2013-09-03  487.32  494.73  481.63  482.85  11854600  482.85
2013-08-30  486.23  487.17  480.8  481.51  9724900  481.51
2013-08-29  485.89  490.68  485.38  485.94  8559200  485.94
2013-08-28  480.31  489.99  480.31  485.15  10986000  485.15
2013-08-27  492.16  496.62  480.6  482.86  15149600  482.86
2013-08-26  494.89  504.23  494.64  497.08  11820200  497.08
2013-08-23  497.37  497.45  493.5  495.15  7954700  495.15
2013-08-22  499.07  499.67  492.37  497.07  8721700  497.07
2013-08-21  497.69  501.2  495.32  496.47  11995700  496.47
2013-08-20  503.74  504.59  494.95  495.2  12810300  495.2
2013-08-19  498.43  507.72  498.09  501.79  18232800  501.79
2013-08-16  494.29  497.04  493.01  496.44  12939500  496.44
2013-08-15  490.6  496.51  483.34  492.07  17510500  492.07
2013-08-14  492.05  498.34  487.62  492.66  27013300  492.66
2013-08-13  465.42  488.86  462.56  483.83  31497900  483.83
2013-08-12  451.5  463.15  451.28  461.88  13015500  461.88
2013-08-09  453.26  455.06  448.33  449.12  9530900  449.12
2013-08-08  458.43  458.66  452.59  455.61  9134900  455.61
2013-08-07  455.36  458.5  453.37  456.52  10673500  456.52
2013-08-06  459.5  463.3  453.76  456.78  11959200  456.78
2013-08-05  456.23  462.1  453.73  460.9  11387700  460.9
2013-08-02  449.67  454.42  448.35  454.12  9813700  454.12
2013-08-01  447.46  448.49  445.01  448.37  7366100  448.37
2013-07-31  446.71  449.01  441.25  444.29  11534200  444.29
2013-07-30  441.77  448.83  441.05  445.07  11050800  445.07
2013-07-29  432.78  441.8  432.19  439.64  8859200  439.64
2013-07-26  427.37  433.01  426.43  432.96  7148300  432.96
2013-07-25  432.68  433.37  427.88  430.52  8196200  430.52
2013-07-24  430.94  436.5  427.34  432.49  21140600  432.49
2013-07-23  418.24  419.18  411.09  411.36  13192700  411.36
2013-07-22  421.64  421.93  417.73  418.55  7421300  418.55
2013-07-19  425.21  426.08  416.62  417.21  9597200  417.21
2013-07-18  425.49  426.95  422.77  423.9  7817100  423.9
2013-07-17  421.88  424.36  420.43  422.48  7106800  422.48
2013-07-16  418.76  422.87  416.45  422.37  7733500  422.37
2013-07-15  417.27  423.61  417.07  419.66  8639900  419.66
2013-07-12  419.87  421.97  415.71  418.75  9984400  418.75
2013-07-11  415.25  420.45  413.5  419.51  11653300  419.51
2013-07-10  411.96  417.07  410.64  413.07  10050200  413.07
2013-07-09  406.07  415.79  402.91  414.66  12592300  414.66
2013-07-08  412.46  413.33  403.17  407.49  10647800  407.49
2013-07-05  412.74  415.58  407.79  409.82  9786600  409.82
2013-07-03  413.2  415.28  409.85  413.14  8604600  413.14
2013-07-02  402.5  413.95  402.01  410.87  16780900  410.87
2013-07-01  395.36  404.76  393.92  401.77  13966200  401.77
2013-06-28  384.23  392.98  381.79  389.31  20661300  389.31
2013-06-27  391.98  394.08  386.37  386.61  12044500  386.61
2013-06-26  396.54  397.42  388.45  390.82  13133000  390.82
2013-06-25  398.31  400.37  391.57  395.3  11220100  395.3
2013-06-24  399.98  401.22  390.8  395.21  17169500  395.21
2013-06-21  410.87  412.35  400.67  405.97  17182800  405.97
2013-06-20  411.67  418.22  407.61  409.25  12761100  409.25
2013-06-19  423.55  423.8  415.3  415.3  11105000  415.3
2013-06-18  423.7  426.98  422.38  423.91  6965200  423.91
2013-06-17  423.59  427.77  422.53  424.14  9264800  424.14
2013-06-14  427.47  428.35  420.7  422.22  9709500  422.22
2013-06-13  424.62  429.18  420.94  428.02  10208300  428.02
2013-06-12  431.5  433.22  423.64  424.32  9472400  424.32
2013-06-11  427.8  434.7  425.43  429.63  10218300  429.63
2013-06-10  436.63  440.9  428.85  430.9  16076900  430.9
2013-06-07  428.56  435.17  424.89  433.77  14447700  433.77
2013-06-06  437.36  438.86  426.15  430.48  14890500  430.48
2013-06-05  437.54  442.52  435.64  437.01  10378200  437.01
2013-06-04  444.97  446.16  439.24  441.13  10454600  441.13
2013-06-03  442.53  444.13  434.43  442.52  13298300  442.52
2013-05-31  444.26  448.78  441.31  441.54  13725100  441.54
2013-05-30  437.54  446.23  436.42  443.36  12625700  443.36
2013-05-29  431.99  439.35  431.4  436.85  11806300  436.85
2013-05-28  441.71  442.89  432.82  433.4  13790900  433.4
2013-05-24  432.83  437.55  432.35  437.05  9863100  437.05
2013-05-23  428.01  438.04  427.86  434.09  12607900  434.09
2013-05-22  435.97  440.19  430.25  433.32  15822800  433.32
2013-05-21  430.18  437.37  426.3  431.66  16286500  431.66
2013-05-20  424.05  437.69  422.27  434.87  16127800  434.87
2013-05-17  431.05  432.08  423.16  425.37  15282300  425.37
2013-05-16  415.54  429.88  411.28  426.67  21543000  426.67
2013-05-15  431.16  432.97  414.67  421.04  26486200  421.04
2013-05-14  445.59  446.91  434.1  435.78  15968500  435.78
2013-05-13  443.29  449.56  443.28  446.46  11319600  446.46
2013-05-10  449.63  451.34  442.28  444.72  11959000  444.72
2013-05-09  451.44  454.58  447.29  448.46  14231700  448.46
2013-05-08  447.72  453.89  444.57  452.4  16878500  452.4
2013-05-07  453.5  454.27  442.51  447.35  17276900  447.35
2013-05-06  444.47  450.8  443.11  449.35  17737200  449.35
2013-05-03  440.18  442.05  438.07  438.88  12903600  438.88
2013-05-02  430.88  437.52  429.76  434.53  15065300  434.53
2013-05-01  433.5  433.96  423.68  428.46  18103900  428.46
2013-04-30  424.37  434.27  421.41  431.86  24697800  431.86
2013-04-29  410.08  422.92  409.64  419.51  22868800  419.51
2013-04-26  399.7  408.44  398.18  406.91  27289200  406.91
2013-04-25  401.09  403.73  396.96  398.31  13744200  398.31
2013-04-24  383.83  405.01  382.82  395.46  34630400  395.46
2013-04-23  394.03  398.31  388.98  396.12  23722800  396.12
2013-04-22  382.96  392.28  381.62  388.84  15354300  388.84
2013-04-19  378.4  389.75  375.6  380.9  21759800  380.9
2013-04-18  395.0  395.78  380.13  382.38  23796400  382.38
2013-04-17  409.91  410.23  388.3  392.87  33752000  392.87
2013-04-16  411.18  416.09  410.2  415.73  10920400  415.73
2013-04-15  416.47  417.34  409.21  409.5  11340000  409.5
2013-04-12  423.44  423.44  418.51  419.2  8521900  419.2
2013-04-11  423.03  427.19  420.57  423.62  11727300  423.62
2013-04-10  417.55  426.29  415.51  424.95  13426000  424.95
2013-04-09  415.85  417.93  412.32  416.45  10950500  416.45
2013-04-08  414.37  416.96  412.07  415.7  10743900  415.7
2013-04-05  414.03  414.47  409.33  412.76  13703400  412.76
2013-04-04  423.06  424.27  414.76  417.17  12801700  417.17
2013-04-03  420.74  426.5  419.7  421.34  12972000  421.34
2013-04-02  417.05  427.33  415.88  419.19  18911400  419.19
2013-04-01  431.0  432.76  417.19  418.33  13919000  418.33
2013-03-28  438.72  440.67  430.73  431.74  15815700  431.74
2013-03-27  445.2  445.53  439.61  440.93  11829900  440.93
2013-03-26  453.96  454.35  449.18  449.77  10510500  449.77
2013-03-25  453.23  458.36  450.39  452.15  17897700  452.15
2013-03-22  443.37  450.71  441.94  450.52  14110900  450.52
2013-03-21  439.12  446.69  439.0  441.57  13687700  441.57
2013-03-20  446.14  446.34  438.5  440.93  11023600  440.93
2013-03-19  448.17  449.6  437.44  443.28  18813400  443.28
2013-03-18  430.56  446.18  430.32  444.48  21649900  444.48
2013-03-15  427.13  433.28  426.47  432.72  22998600  432.72
2013-03-14  422.16  423.93  419.84  421.84  10852700  421.84
2013-03-13  417.89  423.79  414.87  417.79  14483900  417.79
2013-03-12  424.86  428.06  417.03  417.87  16639700  417.87
2013-03-11  419.15  428.18  414.65  427.07  16937000  427.07
2013-03-08  419.2  424.69  418.04  421.07  13981500  421.07
2013-03-07  414.03  421.35  410.67  419.96  16731200  419.96
2013-03-06  423.79  424.51  413.96  415.16  16437500  415.16
2013-03-05  411.09  424.46  410.38  420.51  22801200  420.51
2013-03-04  417.25  417.64  408.67  409.69  20812700  409.69
2013-03-01  427.2  427.38  419.38  419.86  19730300  419.86
2013-02-28  433.1  436.83  430.52  430.52  11518400  430.52
2013-02-27  437.37  441.29  429.79  433.61  20976800  433.61
2013-02-26  432.88  440.41  426.87  437.9  17910700  437.9
2013-02-25  442.66  443.9  431.66  431.88  13306400  431.88
2013-02-22  438.17  440.46  435.58  439.69  11809100  439.69
2013-02-21  435.0  438.09  431.9  435.06  15970800  435.06
2013-02-20  446.4  446.4  437.73  437.78  17010800  437.78
2013-02-19  449.73  451.32  442.66  448.65  15563700  448.65
2013-02-15  457.29  458.56  448.58  448.81  13990900  448.81
2013-02-14  453.06  460.01  452.57  455.08  12688400  455.08
2013-02-13  455.69  461.96  451.79  455.49  16971700  455.49
2013-02-12  467.68  470.48  456.2  456.36  21751900  456.36
2013-02-11  464.75  472.99  461.58  468.1  18481800  468.1
2013-02-08  462.31  467.01  456.71  463.27  22612800  463.27
2013-02-07  451.82  458.41  442.92  456.67  25163600  456.67
2013-02-06  442.64  452.36  438.86  443.49  21203800  443.49
2013-02-05  430.59  445.8  428.81  443.96  20476700  443.96
2013-02-04  440.15  442.12  428.6  428.91  17039900  428.91
2013-02-01  445.19  445.55  434.76  439.87  19267300  439.87
2013-01-31  443.12  445.36  441.19  441.68  11404800  441.68
2013-01-30  443.14  448.58  440.72  442.98  14898400  442.98
2013-01-29  444.6  446.25  438.42  444.38  20398500  444.38
2013-01-28  424.56  439.48  422.65  436.2  28054200  436.2
2013-01-25  438.0  442.4  421.82  426.55  43143800  426.55
2013-01-24  446.06  451.62  436.61  436.85  52173300  436.85
2013-01-23  493.39  499.38  489.47  498.43  30768200  498.43
2013-01-22  489.27  492.49  481.58  489.47  16483800  489.47
2013-01-18  483.41  487.0  481.36  484.85  16890100  484.85
2013-01-17  494.84  495.27  486.81  487.44  16202800  487.44
2013-01-16  479.65  494.0  477.57  490.75  24671600  490.75
2013-01-15  483.19  483.86  468.73  471.19  31313300  471.19
2013-01-14  487.44  492.12  483.4  486.54  26221700  486.54
2013-01-11  505.21  509.4  503.29  504.53  12518100  504.53
2013-01-10  512.53  512.69  499.89  507.64  21469500  507.64
2013-01-09  506.67  509.1  500.35  501.43  14557300  501.43
2013-01-08  513.17  515.77  505.45  509.39  16382400  509.39
2013-01-07  506.18  513.26  499.58  508.02  17291300  508.02
2013-01-04  520.7  522.31  509.9  511.03  21226200  511.03
2013-01-03  531.27  533.01  524.6  525.67  12605900  525.67
2013-01-02  537.03  538.18  525.21  532.39  20018500  532.39
2012-12-31  495.06  519.17  493.57  516.04  23553300  516.04
2012-12-28  494.82  498.88  492.71  494.14  12652800  494.14
2012-12-27  497.98  500.6  489.37  499.45  16254300  499.45
2012-12-26  503.27  503.71  495.63  497.45  10801300  497.45
2012-12-24  504.57  508.36  502.98  504.4  6276900  504.4
2012-12-21  496.94  503.92  494.78  503.59  21295300  503.59
2012-12-20  513.94  514.13  503.16  505.92  17203200  505.92
2012-12-19  515.36  517.53  509.57  510.36  16048900  510.36
2012-12-18  509.09  518.69  504.48  517.72  22345900  517.72
2012-12-17  493.5  504.23  486.03  503.1  27057400  503.1
2012-12-14  499.15  502.43  490.26  494.34  36056400  494.34
2012-12-13  515.06  521.35  509.87  513.64  22330700  513.64
2012-12-12  531.16  531.39  520.01  522.66  17398000  522.66
2012-12-11  523.41  532.9  521.08  524.98  21155200  524.98
2012-12-10  509.09  522.19  505.77  513.76  22517300  513.76
2012-12-07  536.63  538.37  513.94  517.09  28108600  517.09
2012-12-06  512.9  536.54  502.91  530.65  42043300  530.65
2012-12-05  551.67  552.0  522.44  522.46  37308500  522.46
2012-12-04  564.17  564.17  554.79  558.4  19895300  558.4
2012-12-03  575.65  576.57  567.75  568.42  13010000  568.42
2012-11-30  569.0  570.57  565.02  567.54  13975700  567.54
2012-11-29  572.33  576.24  567.51  571.5  18382100  571.5
2012-11-28  559.77  568.04  554.91  565.27  18602300  565.27
2012-11-27  571.69  572.53  562.52  567.06  19047500  567.06
2012-11-26  558.44  572.12  556.32  571.66  22520700  571.66
2012-11-23  549.98  554.66  545.55  554.18  9743800  554.18
2012-11-21  547.14  550.17  539.72  544.67  13321500  544.67
2012-11-20  554.58  554.62  537.77  543.91  22955500  543.91
2012-11-19  524.32  550.3  523.51  548.58  29404200  548.58
2012-11-16  509.29  513.94  490.42  511.69  45246200  511.69
2012-11-15  521.24  523.15  506.78  509.69  28211100  509.69
2012-11-14  528.97  530.86  519.93  520.61  17041800  520.61
2012-11-13  522.57  533.79  520.1  526.44  19033900  526.44
2012-11-12  537.36  537.7  522.33  526.38  18421500  526.38
2012-11-09  524.04  538.06  517.54  530.48  33211200  530.48
2012-11-08  543.64  545.19  519.06  521.45  37719500  521.45
2012-11-07  556.45  557.13  538.91  541.09  28344600  541.09
2012-11-06  569.73  570.23  559.95  562.61  13389900  562.61
2012-11-05  563.26  567.36  557.54  564.32  18897700  564.32
2012-11-02  575.2  576.22  554.79  556.77  21406200  556.77
2012-11-01  577.45  582.07  573.54  575.83  12903500  575.83
2012-10-31  574.23  581.06  567.29  574.65  18214400  574.65
2012-10-26  588.27  592.68  570.48  583.03  36372600  583.03
2012-10-25  598.48  600.41  584.53  588.38  23440200  588.38
2012-10-24  599.86  604.79  589.43  595.41  19947400  595.41
2012-10-23  609.09  611.89  590.46  592.06  25255200  592.06
2012-10-22  591.16  613.32  589.56  612.02  19526100  612.02
2012-10-19  609.14  609.84  588.46  588.67  26574500  588.67
2012-10-18  617.39  619.77  608.13  610.68  17022300  610.68
2012-10-17  626.34  630.13  621.64  622.23  13894200  622.23
2012-10-16  613.31  627.72  609.09  627.23  19634700  627.23
2012-10-15  610.39  613.08  602.19  612.72  15446500  612.72
2012-10-12  607.71  613.32  603.59  607.85  16429100  607.85
2012-10-11  624.05  624.73  606.29  606.29  19502900  606.29
2012-10-10  617.53  622.59  614.89  618.66  18227000  618.66
2012-10-09  616.47  618.25  601.9  613.77  29949900  613.77
2012-10-08  624.42  625.07  614.02  616.01  22785500  616.01
2012-10-05  642.1  642.87  628.67  629.93  21214500  629.93
2012-10-04  647.95  650.84  642.44  643.65  13240200  643.65
2012-10-03  641.78  648.54  639.63  648.14  15152900  648.14
2012-10-02  638.83  643.22  628.06  638.35  22428300  638.35
2012-10-01  647.86  653.26  633.71  636.5  19414100  636.5
2012-09-28  655.19  657.46  643.6  643.94  19111100  643.94
2012-09-27  641.23  658.49  637.43  657.67  21217500  657.67
2012-09-26  645.53  649.34  638.25  642.09  20589400  642.09
2012-09-25  664.37  668.73  649.64  650.16  18528200  650.16
2012-09-24  663.02  670.99  659.29  666.81  22848800  666.81
2012-09-21  678.02  680.59  675.08  675.78  20413900  675.78
2012-09-20  674.88  675.75  669.54  674.44  12020300  674.44
2012-09-19  675.94  679.54  675.28  677.72  11674100  677.72
2012-09-18  675.58  677.95  672.24  677.54  13339400  677.54
2012-09-17  675.06  675.5  670.49  675.48  14215400  675.48
2012-09-14  666.01  672.78  664.01  667.28  21445500  667.28
2012-09-13  653.85  661.7  651.35  659.27  21370000  659.27
2012-09-12  643.7  646.65  633.23  646.54  25436900  646.54
2012-09-11  642.02  646.84  633.71  637.66  17999400  637.66
2012-09-10  656.83  659.57  639.11  639.73  17428500  639.73
2012-09-07  654.51  658.79  652.31  656.82  11773800  656.82
2012-09-06  649.8  654.74  647.51  652.79  13971300  652.79
2012-09-05  652.11  652.87  646.35  646.96  12013400  646.96
2012-09-04  642.65  651.7  641.43  651.54  13139000  651.54
2012-08-31  644.08  645.38  634.43  642.14  12082900  642.14
2012-08-30  647.35  648.23  639.84  640.82  10810700  640.82
2012-08-29  651.81  654.14  649.25  650.09  7243100  650.09
2012-08-28  651.54  652.62  647.38  651.37  9550600  651.37
2012-08-27  656.38  657.23  650.15  652.22  15250300  652.22
2012-08-24  636.61  646.23  632.79  640.19  15619300  640.19
2012-08-23  642.98  646.64  638.19  639.62  15004600  639.62
2012-08-22  631.7  645.78  625.61  645.65  20190100  645.65
2012-08-21  647.53  651.45  627.75  633.28  29025700  633.28
2012-08-20  627.45  642.06  627.34  642.06  21906600  642.06
2012-08-17  617.78  625.69  616.63  625.61  15812900  625.61
2012-08-16  609.3  614.66  608.61  614.25  9090500  614.25
2012-08-15  609.38  611.99  605.96  608.93  9190800  608.93
2012-08-14  609.93  616.44  608.33  609.76  12148900  609.76
2012-08-13  601.75  608.13  601.61  608.13  9958300  608.13
2012-08-10  597.23  600.18  597.22  600.12  6962100  600.12
2012-08-09  596.4  600.15  596.35  599.18  7915800  599.18
2012-08-08  595.33  599.64  593.13  595.78  8739500  595.78
2012-08-07  598.58  600.72  594.03  596.79  10373100  596.79
2012-08-06  593.31  600.6  591.36  598.37  10789400  598.37
2012-08-03  589.79  593.97  587.8  591.78  12318600  591.78
2012-08-02  579.42  586.97  576.93  584.18  11862800  584.18
2012-08-01  591.99  592.46  579.58  583.24  13732200  583.24
2012-07-31  579.79  587.93  579.3  587.03  16511700  587.03
2012-07-30  567.97  576.16  564.99  571.92  13540800  571.92
2012-07-27  552.67  563.07  549.39  562.43  14426300  562.43
2012-07-26  557.24  557.86  548.21  552.55  14522600  552.55
2012-07-25  552.14  558.23  547.85  552.63  31332600  552.63
2012-07-24  583.79  586.0  575.26  577.58  20183300  577.58
2012-07-23  571.31  582.36  564.88  580.37  17427700  580.37
2012-07-20  589.22  590.58  580.25  580.83  14195400  580.83
2012-07-19  587.54  591.45  582.46  590.46  15602200  590.46
2012-07-18  583.03  584.71  580.11  582.71  9025000  582.71
2012-07-17  587.06  587.74  579.72  583.36  10486600  583.36
2012-07-16  581.61  587.86  581.51  583.33  10759300  583.33
2012-07-13  579.53  583.6  576.69  581.47  11122400  581.47
2012-07-12  576.93  580.03  569.66  575.64  15287200  575.64
2012-07-11  582.57  584.05  574.02  580.95  16761500  580.95
2012-07-10  593.96  595.79  581.79  584.58  18284200  584.58
2012-07-09  581.78  590.05  580.64  590.04  13550200  590.04
2012-07-06  583.5  584.8  578.21  582.34  14961800  582.34
2012-07-05  577.23  590.48  576.36  586.25  17299400  586.25
2012-07-03  571.78  576.7  570.93  576.13  8632600  576.13
2012-07-02  562.01  570.41  560.93  569.5  14289000  569.5
2012-06-29  555.54  561.31  551.94  561.31  15053600  561.31
2012-06-28  549.46  551.7  543.63  546.94  10101300  546.94
2012-06-27  552.66  554.33  549.7  552.18  7249900  552.18
2012-06-26  549.14  552.17  545.29  549.81  9876300  549.81
2012-06-25  554.88  557.28  548.22  548.6  10870800  548.6
2012-06-22  556.55  559.58  553.07  559.49  10159700  559.49
2012-06-21  562.7  565.37  555.01  555.23  11655400  555.23
2012-06-20  565.36  566.36  558.24  562.99  12819400  562.99
2012-06-19  560.74  567.08  560.45  564.59  12907300  564.59
2012-06-18  548.79  565.06  548.22  563.03  15729000  563.03
2012-06-15  548.82  552.3  547.43  551.83  11973400  551.83
2012-06-14  549.05  551.22  545.23  549.33  12341900  549.33
2012-06-13  552.2  556.0  548.22  549.93  10485000  549.93
2012-06-12  552.15  554.22  544.69  553.78  15549300  553.78
2012-06-11  564.89  565.64  548.46  548.98  21116600  548.98
2012-06-08  549.4  558.03  546.9  557.78  12411300  557.78
2012-06-07  554.86  554.89  548.34  549.51  13563100  549.51
2012-06-06  545.71  551.56  543.53  549.26  14337700  549.26
2012-06-05  539.47  544.47  536.64  540.97  13864800  540.97
2012-06-04  539.69  545.46  527.19  542.37  19892700  542.37
2012-06-01  547.05  550.41  538.75  539.2  18606700  539.2
2012-05-31  558.18  558.91  549.26  555.29  17559800  555.29
2012-05-30  547.09  557.46  544.55  556.67  18908200  556.67
2012-05-29  548.72  551.7  543.35  550.04  13589600  550.04
2012-05-25  542.66  543.87  536.78  540.45  11732400  540.45
2012-05-24  553.5  554.11  539.43  543.36  17722500  543.36
2012-05-23  535.85  550.55  531.74  548.4  20889200  548.4
2012-05-22  547.42  551.58  531.11  535.33  24816800  535.33
2012-05-21  513.74  539.73  513.31  539.48  22539500  539.48
2012-05-18  513.22  522.3  501.9  509.78  26153300  509.78
2012-05-17  524.13  526.23  509.53  509.53  25615000  509.53
2012-05-16  532.53  535.26  520.03  524.87  20032000  524.87
2012-05-15  539.64  541.34  530.32  531.68  17012000  531.68
2012-05-14  540.72  545.47  535.94  536.54  12593800  536.54
2012-05-11  543.06  552.16  542.43  544.7  14269500  544.7
2012-05-10  552.26  553.51  546.36  548.36  11900000  548.36
2012-05-09  541.8  551.68  539.06  547.07  17168000  547.07
2012-05-08  547.46  549.3  537.03  546.11  17759000  546.11
2012-05-07  539.69  550.52  539.43  547.36  16432800  547.36
2012-05-04  554.66  555.89  543.21  543.29  18928300  543.29
2012-05-03  567.56  568.43  557.76  559.22  13948200  559.22
2012-05-02  557.7  564.58  556.38  563.22  15263900  563.22
2012-05-01  562.18  573.58  558.65  559.52  21821400  559.52
2012-04-30  574.57  575.15  560.35  561.29  18076600  561.29
2012-04-27  581.57  582.64  577.18  579.58  14525800  579.58
2012-04-26  590.4  590.81  578.74  584.09  19145300  584.09
2012-04-25  591.72  593.99  582.46  586.3  32349200  586.3
2012-04-24  540.76  545.64  533.45  538.52  38433900  538.52
2012-04-23  548.44  554.27  535.0  549.49  34518900  549.49
2012-04-20  568.41  571.52  548.26  550.72  36820900  550.72
2012-04-19  576.9  581.24  561.81  564.62  29811400  564.62
2012-04-18  589.88  596.16  579.3  584.71  34090400  584.71
2012-04-17  556.45  586.31  549.7  586.02  36626000  586.02
2012-04-16  586.36  586.57  555.78  557.59  37528100  557.59
2012-04-13  599.87  600.43  580.07  581.72  30701600  581.72
2012-04-12  600.72  606.81  596.4  598.58  21940600  598.58
2012-04-11  611.48  612.13  599.12  601.87  24879100  601.87
2012-04-10  615.07  618.99  601.68  604.03  31775900  604.03
2012-04-09  601.81  614.99  601.01  611.52  21340600  611.52
2012-04-05  602.62  610.0  599.18  609.06  22903500  609.06
2012-04-04  600.1  601.55  593.03  600.06  20463600  600.06
2012-04-03  602.93  607.65  598.32  604.87  29805700  604.87
2012-04-02  578.45  594.73  577.06  594.6  21369700  594.6
2012-03-30  585.12  586.84  574.71  576.26  26108500  576.26
2012-03-29  588.98  592.61  583.64  586.17  21722800  586.17
2012-03-28  594.36  597.31  586.6  593.63  23409300  593.63
2012-03-27  582.63  592.34  582.52  590.61  21683200  590.61
2012-03-26  576.49  583.56  572.14  583.4  21276500  583.4
2012-03-23  577.17  578.43  571.31  572.9  15374600  572.9
2012-03-22  574.56  581.02  572.4  576.06  22281100  576.06
2012-03-21  579.33  585.97  578.05  579.1  23001500  579.1
2012-03-20  576.22  583.32  568.5  582.42  29166500  582.42
2012-03-19  575.13  578.39  566.17  577.75  32187000  577.75
2012-03-16  562.0  566.31  555.54  562.82  29481700  562.82
2012-03-15  576.31  576.7  556.07  562.81  41418500  562.81
2012-03-14  555.6  571.62  553.05  566.68  50673000  566.68
2012-03-13  535.88  546.11  534.16  546.03  24673400  546.03
2012-03-12  527.66  530.56  525.75  530.56  14545800  530.56
2012-03-09  523.07  526.46  522.01  523.99  14961400  523.99
2012-03-08  513.92  521.9  511.45  520.94  18444900  520.94
2012-03-07  515.95  516.89  502.98  510.08  28518600  510.08
2012-03-06  503.32  512.96  496.17  509.66  28937100  509.66
2012-03-05  524.23  526.21  505.57  512.45  28897300  512.45
2012-03-02  523.1  525.56  521.44  524.0  15418300  524.0
2012-03-01  526.88  526.91  517.84  523.32  24402500  523.32
2012-02-29  520.52  526.34  514.89  521.37  34000400  521.37
2012-02-28  507.45  514.61  505.42  514.61  21442400  514.61
2012-02-27  501.06  507.97  496.23  505.34  19556500  505.34
2012-02-24  499.49  502.59  498.5  502.12  14824000  502.12
2012-02-23  495.07  497.71  489.71  496.33  20286700  496.33
2012-02-22  493.15  495.46  489.29  493.11  17260800  493.11
2012-02-21  487.19  494.85  484.54  494.85  21628400  494.85
2012-02-17  483.56  488.04  480.86  482.61  19135900  482.61
2012-02-16  472.41  485.28  467.73  482.7  33734000  482.7
2012-02-15  494.29  505.85  477.59  478.34  53790000  478.34
2012-02-14  485.06  489.77  482.5  489.67  16442800  489.67
2012-02-13  480.13  484.26  477.78  483.08  18472000  483.08
2012-02-10  471.89  478.29  469.57  474.25  22546500  474.25
2012-02-09  462.08  477.45  461.89  474.01  31579100  474.01
2012-02-08  452.22  458.27  451.45  458.16  14567500  458.16
2012-02-07  447.18  451.5  446.54  450.62  11293700  450.62
2012-02-06  440.58  446.92  440.4  445.95  8907600  445.95
2012-02-03  439.53  442.13  437.86  441.82  10235700  441.82
2012-02-02  438.19  439.41  436.34  437.44  6671300  437.44
2012-02-01  440.6  441.16  437.85  438.47  9644500  438.47
2012-01-31  437.89  440.44  435.47  438.75  13988700  438.75
2012-01-30  428.39  436.27  428.09  435.41  13547900  435.41
2012-01-27  427.08  431.06  426.54  429.91  10703900  429.91
2012-01-26  430.95  431.36  425.93  427.36  11570900  427.36
2012-01-25  436.79  436.8  426.49  429.31  34225500  429.31
2012-01-24  408.59  408.59  403.25  404.08  19558500  404.08
2012-01-23  406.25  411.81  405.9  410.81  10930800  410.81
2012-01-20  410.88  410.89  403.44  403.97  14784800  403.97
2012-01-19  413.44  414.61  409.94  411.13  9347800  411.13
2012-01-18  410.37  412.79  409.74  412.44  9885400  412.44
2012-01-17  407.72  409.44  406.53  408.2  8674900  408.2
2012-01-13  403.39  404.12  402.39  403.5  8072200  403.5
2012-01-12  405.88  406.47  402.48  405.02  7592400  405.02
2012-01-11  406.26  406.43  403.03  406.14  7681600  406.14
2012-01-10  409.37  409.45  405.13  406.8  9221300  406.8
2012-01-09  408.97  411.14  404.98  405.35  14072300  405.35
2012-01-06  403.46  406.33  402.93  405.99  11367600  405.99
2012-01-05  398.83  402.29  396.64  401.79  9688200  401.79
2012-01-04  394.07  398.57  393.38  397.38  9286500  397.38
2012-01-03  393.5  396.48  393.12  395.26  10793600  395.26
2011-12-30  387.84  390.5  387.82  389.27  6416500  389.27
2011-12-29  387.73  389.89  384.95  389.38  7713500  389.38
2011-12-28  391.08  392.39  385.75  387.0  8166500  387.0
2011-12-27  387.44  393.2  387.37  390.74  9467000  390.74
2011-12-23  384.16  387.91  383.97  387.66  9621400  387.66
2011-12-22  381.58  383.63  380.72  383.07  7227100  383.07
2011-12-21  381.28  381.87  376.78  381.05  9391000  381.05
2011-12-20  372.7  380.71  372.22  380.57  12043400  380.57
2011-12-19  367.61  369.9  365.7  367.36  8411800  367.36
2011-12-16  365.59  369.23  364.83  366.22  15052800  366.22
2011-12-15  368.44  368.83  363.61  364.22  9150000  364.22
2011-12-14  371.68  372.33  363.01  365.42  14531700  365.42
2011-12-13  377.74  380.04  372.07  373.71  12104600  373.71
2011-12-12  376.47  378.6  374.32  376.62  10752400  376.62
2011-12-09  377.59  378.73  375.84  378.33  10606900  378.33
2011-12-08  376.24  380.13  375.07  375.48  13441300  375.48
2011-12-07  374.79  375.76  371.74  373.98  10883800  373.98
2011-12-06  377.26  379.3  374.25  375.76  10128500  375.76
2011-12-05  378.2  381.01  375.22  377.74  12757500  377.74
2011-12-02  374.68  378.34  373.48  374.56  13537700  374.56
2011-12-01  367.68  373.89  365.96  372.86  13827900  372.86
2011-11-30  366.48  367.43  363.6  367.35  14497800  367.35
2011-11-29  361.24  364.11  355.82  358.7  13423400  358.7
2011-11-28  357.89  362.09  355.94  361.51  12371900  361.51
2011-11-25  354.11  356.74  349.21  349.45  9098600  349.45
2011-11-23  359.96  361.24  352.62  352.73  15295400  352.73
2011-11-22  356.6  363.24  356.53  361.88  14607900  361.88
2011-11-21  356.02  357.25  351.7  354.68  15999300  354.68
2011-11-18  364.21  365.23  360.32  360.38  13283500  360.38
2011-11-17  369.06  369.64  360.91  362.75  17139300  362.75
2011-11-16  374.13  375.94  369.39  369.82  12471800  369.82
2011-11-15  366.01  374.37  364.71  373.73  15386100  373.73
2011-11-14  368.62  370.29  363.51  364.53  15460900  364.53
2011-11-11  371.59  373.6  365.49  369.68  23349500  369.68
2011-11-10  381.61  381.78  367.31  370.26  26598300  370.26
2011-11-09  381.55  385.32  378.92  379.93  19953000  379.93
2011-11-08  386.59  392.15  385.96  390.45  14301500  390.45
2011-11-07  384.37  384.46  380.74  384.2  9652700  384.2
2011-11-04  386.41  387.77  383.65  384.69  10793900  384.69
2011-11-03  383.57  387.73  380.0  387.41  15763800  387.41
2011-11-02  384.55  384.88  379.76  381.97  11723400  381.97
2011-11-01  381.98  383.98  377.95  381.11  18992500  381.11
2011-10-31  386.79  393.43  385.47  389.06  13767900  389.06
2011-10-28  387.35  390.57  386.87  389.22  11530100  389.22
2011-10-27  391.73  393.11  386.28  388.97  17666600  388.97
2011-10-26  386.15  386.91  377.88  385.04  16296600  385.04
2011-10-25  389.3  390.76  381.95  382.32  15372400  382.32
2011-10-24  380.79  390.71  380.04  390.01  17933500  390.01
2011-10-21  382.64  383.64  375.57  377.61  22187300  377.61
2011-10-20  384.46  384.79  378.89  379.95  19616800  379.95
2011-10-19  385.76  392.56  382.35  383.14  39430700  383.14
2011-10-18  405.38  408.31  399.83  405.84  31485800  405.84
2011-10-17  405.36  410.13  399.79  403.68  24501600  403.68
2011-10-14  400.64  405.61  399.14  405.61  20477400  405.61
2011-10-13  389.24  392.56  387.2  392.56  15220900  392.56
2011-10-12  391.52  393.36  384.6  386.57  22224500  386.57
2011-10-11  377.32  387.52  376.29  384.74  21631700  384.74
2011-10-10  364.37  373.71  363.52  373.71  15804100  373.71
2011-10-07  361.18  363.06  354.17  355.43  19123500  355.43
2011-10-06  358.83  369.83  357.36  362.71  29020800  362.71
2011-10-05  353.57  365.07  346.31  363.56  28088200  363.56
2011-10-04  360.02  366.97  340.48  358.03  44059900  358.03
2011-10-03  365.6  367.78  358.68  360.05  23896400  360.05
2011-09-30  372.08  373.79  366.38  366.51  19558600  366.51
2011-09-29  386.31  386.59  371.21  375.4  23253100  375.4
2011-09-28  384.65  388.06  381.11  381.59  15344200  381.59
2011-09-27  392.85  393.35  382.6  383.75  22589200  383.75
2011-09-26  384.33  388.29  376.1  387.51  29031300  387.51
2011-09-23  384.73  390.94  384.31  388.59  19509900  388.59
2011-09-22  385.45  393.9  381.29  386.21  34588600  386.21
2011-09-21  403.34  405.21  396.0  396.13  21642000  396.13
2011-09-20  399.12  406.43  395.22  397.39  27705500  397.39
2011-09-19  381.58  397.18  379.85  395.64  29423600  395.64
2011-09-16  380.17  384.94  379.68  384.94  24946900  384.94
2011-09-15  376.23  378.37  374.76  377.7  14922100  377.7
2011-09-14  371.99  376.98  370.78  374.18  19097300  374.18
2011-09-13  367.3  371.21  365.48  369.68  15734300  369.68
2011-09-12  358.51  366.08  357.45  365.18  16708300  365.18
2011-09-09  369.02  371.01  360.46  362.82  20171900  362.82
2011-09-08  367.55  373.52  367.46  369.22  14862800  369.22
2011-09-07  370.59  370.63  367.16  369.02  12520600  369.02
2011-09-06  353.1  365.56  352.25  364.99  18203500  364.99
2011-09-02  360.18  363.32  357.39  359.52  15676400  359.52
2011-09-01  370.83  372.29  365.93  366.23  12275900  366.23
2011-08-31  375.4  376.85  367.03  369.88  18663800  369.88
2011-08-30  373.17  376.62  371.21  374.84  14925800  374.84
2011-08-29  373.1  376.29  372.93  374.82  14473900  374.82
2011-08-26  356.75  368.89  356.4  368.68  22909900  368.68
2011-08-25  350.9  360.86  350.82  359.2  31119500  359.2
2011-08-24  358.97  364.24  356.21  361.57  22366700  361.57
2011-08-23  346.31  359.13  343.13  359.09  23458400  359.09
2011-08-22  350.35  350.7  341.29  342.59  19118400  342.59
2011-08-19  348.1  352.74  342.17  342.2  27710300  342.2
2011-08-18  356.43  358.17  347.33  351.83  30408400  351.83
2011-08-17  367.46  369.58  363.31  365.66  15787900  365.66
2011-08-16  366.7  368.48  361.45  365.7  17812500  365.7
2011-08-15  364.89  370.02  363.41  368.52  16448000  368.52
2011-08-12  363.39  364.9  359.7  362.35  18892000  362.35
2011-08-11  356.12  360.86  350.55  359.18  26498900  359.18
2011-08-10  356.73  360.09  348.42  349.56  31380600  349.56
2011-08-09  347.26  360.06  341.21  359.48  38663700  359.48
2011-08-08  347.64  353.48  339.31  339.49  40851200  339.49
2011-08-05  365.67  368.61  348.49  359.11  43021100  359.11
2011-08-04  374.28  376.12  362.69  362.71  31121700  362.71
2011-08-03  375.79  378.26  367.39  377.32  26161000  377.32
2011-08-02  382.2  382.44  373.26  373.8  22840700  373.8
2011-08-01  382.33  383.98  377.13  381.34  21887000  381.34
2011-07-29  372.58  379.8  369.08  375.31  22592300  375.31
2011-07-28  376.41  381.57  373.05  376.6  21215500  376.6
2011-07-27  385.03  387.0  376.92  377.34  23547300  377.34
2011-07-26  384.46  388.79  384.15  387.74  17020800  387.74
2011-07-25  375.19  384.46  374.48  383.02  21064500  383.02
2011-07-22  373.23  379.7  372.69  378.02  18454600  378.02
2011-07-21  371.92  374.91  368.99  372.25  18804800  372.25
2011-07-20  380.73  380.88  371.0  371.87  33619300  371.87
2011-07-19  363.32  363.94  358.82  362.21  29255200  362.21
2011-07-18  351.24  360.1  351.09  359.28  20451900  359.28
2011-07-15  347.14  350.82  345.21  350.74  17302400  350.74
2011-07-14  346.98  347.56  342.5  343.87  15376200  343.87
2011-07-13  344.41  346.01  342.53  344.11  13987100  344.11
2011-07-12  339.8  343.79  335.08  340.01  16128900  340.01
2011-07-11  342.5  345.8  339.12  340.25  15809800  340.25
2011-07-08  339.62  346.02  338.52  345.74  17497400  345.74
2011-07-07  340.89  344.09  340.24  343.32  14273700  343.32
2011-07-06  335.4  340.35  333.25  338.1  15879500  338.1
2011-07-05  329.68  336.24  329.2  335.86  12680500  335.86
2011-07-01  322.9  330.16  321.22  329.93  15546900  329.93
2011-06-30  321.7  323.07  319.91  322.63  11534100  322.63
2011-06-29  322.98  323.3  318.98  321.06  12590900  321.06
2011-06-28  320.69  323.62  320.49  322.24  10510700  322.24
2011-06-27  314.86  320.93  314.54  319.14  12136200  319.14
2011-06-24  318.49  320.21  312.46  313.67  15707400  313.67
2011-06-23  306.55  318.8  305.76  318.36  19991400  318.36
2011-06-22  312.53  316.13  309.86  310.08  13949400  310.08
2011-06-21  304.37  313.14  302.95  312.66  17620800  312.66
2011-06-20  305.03  305.36  298.44  303.07  22880200  303.07
2011-06-17  316.21  316.46  306.95  307.82  21965000  307.82
2011-06-16  314.2  315.91  305.97  312.53  18235400  312.53
2011-06-15  316.94  317.47  312.26  314.06  14257000  314.06
2011-06-14  317.18  320.31  316.52  319.53  11948900  319.53
2011-06-13  313.91  315.55  312.44  313.91  11773500  313.91
2011-06-10  317.71  318.78  312.87  313.24  15498400  313.24
2011-06-09  320.3  320.71  317.9  318.61  9824600  318.61
2011-06-08  318.89  321.79  317.8  319.33  11918700  319.33
2011-06-07  325.03  325.08  319.01  319.14  18920900  319.14
2011-06-06  332.27  333.57  324.69  324.91  16497900  324.91
2011-06-03  329.85  331.92  328.73  330.1  11187500  330.1
2011-06-02  333.04  334.47  330.93  332.66  12099400  332.66
2011-06-01  335.32  338.45  331.26  332.09  19810100  332.09
2011-05-31  327.85  334.32  327.76  334.32  14919800  334.32
2011-05-27  321.79  324.51  321.32  324.3  7271400  324.3
2011-05-26  322.92  323.81  321.44  321.99  7948600  321.99
2011-05-25  323.7  325.41  319.92  323.7  10508000  323.7
2011-05-24  322.47  322.86  318.47  319.29  11497400  319.29
2011-05-23  317.15  322.93  316.62  321.41  13700000  321.41
2011-05-20  326.37  327.71  322.01  322.2  12070300  322.2
2011-05-19  328.79  329.11  325.51  327.3  9327500  327.3
2011-05-18  323.4  327.8  322.95  326.67  11956300  326.67
2011-05-17  319.1  323.08  317.88  323.08  16154800  323.08
2011-05-16  326.02  327.96  319.68  320.35  16063400  320.35
2011-05-13  332.23  332.8  327.13  327.27  11647000  327.27
2011-05-12  332.68  333.64  328.98  333.11  11500000  333.11
2011-05-11  335.46  336.4  331.83  333.74  12000000  333.74
2011-05-10  335.34  336.11  333.2  335.88  10074700  335.88
2011-05-09  334.35  335.64  333.07  334.1  7312400  334.1
2011-05-06  336.1  336.4  332.76  333.19  10004800  333.19
2011-05-05  334.87  337.32  332.61  333.28  11998900  333.28
2011-05-04  334.73  338.16  333.4  335.99  13901800  335.99
2011-05-03  334.47  336.29  332.19  334.67  11191000  334.67
2011-05-02  336.16  336.86  332.08  332.83  15811200  332.83
2011-04-29  333.31  340.2  333.2  336.53  35940900  336.53
2011-04-28  332.74  336.16  332.1  333.28  12891400  333.28
2011-04-27  338.56  338.66  333.62  336.55  12721900  336.55
2011-04-26  339.89  341.2  335.78  336.81  12100000  336.81
2011-04-25  336.73  340.01  336.7  339.3  9519500  339.3
2011-04-21  341.21  341.34  334.98  337.08  26921800  337.08
2011-04-20  330.17  332.32  328.24  329.11  25023800  329.11
2011-04-19  320.16  324.86  318.83  324.74  14977800  324.74
2011-04-18  313.43  319.33  307.72  318.96  21782100  318.96
2011-04-15  320.35  320.68  314.11  314.74  16200200  314.74
2011-04-14  321.8  322.95  319.16  319.51  10778600  319.51
2011-04-13  322.0  323.08  319.6  323.07  12365000  323.07
2011-04-12  317.65  320.77  317.38  319.49  15201400  319.49
2011-04-11  321.08  322.63  317.2  317.95  14248100  317.95
2011-04-08  326.71  326.93  320.97  322.04  13483400  322.04
2011-04-07  324.97  327.21  322.98  324.95  13337400  324.95
2011-04-06  327.97  330.54  324.04  324.91  14376400  324.91
2011-04-05  323.9  328.96  322.95  325.73  17240400  325.73
2011-04-04  330.94  331.22  325.26  327.94  16431600  327.94
2011-04-01  337.48  337.94  329.97  331.18  14952200  331.18
2011-03-31  332.9  336.21  332.62  334.97  9786400  334.97
2011-03-30  337.02  337.25  333.95  335.09  11764500  335.09
2011-03-29  334.16  337.33  332.62  337.33  12603600  337.33
2011-03-28  339.43  340.56  336.83  336.83  11048400  336.83
2011-03-25  334.54  338.38  333.54  337.88  16032500  337.88
2011-03-24  328.57  332.56  325.7  331.57  14454000  331.57
2011-03-23  326.1  327.0  322.9  326.01  13321300  326.01
2011-03-22  329.26  329.31  325.97  327.95  11640100  327.95
2011-03-21  322.94  326.54  322.24  326.12  14621500  326.12
2011-03-18  324.03  325.06  317.18  317.82  26900500  317.82
2011-03-17  323.74  326.42  317.81  321.64  23550800  321.64
2011-03-16  328.71  329.68  313.59  317.19  41500400  317.19
2011-03-15  328.81  334.33  326.89  332.01  25752900  332.01
2011-03-14  339.46  342.64  337.67  339.83  15569900  339.83
2011-03-11  331.92  338.64  331.6  338.32  16824300  338.32
2011-03-10  335.55  336.18  331.5  333.2  18126400  333.2
2011-03-09  340.91  340.98  336.98  338.78  16189500  338.78
2011-03-08  341.12  343.52  338.57  341.94  12725600  341.94
2011-03-07  347.37  347.62  337.67  341.56  19504400  341.56
2011-03-04  346.09  346.3  343.86  346.02  16188100  346.02
2011-03-03  343.31  345.81  342.09  345.59  17885300  345.59
2011-03-02  336.36  340.58  334.86  338.44  21521100  338.44
2011-03-01  341.66  341.9  334.17  335.74  16290600  335.74
2011-02-28  337.6  341.26  337.48  339.49  14395500  339.49
2011-02-25  331.85  334.9  331.41  334.64  13572100  334.64
2011-02-24  330.66  331.74  325.23  329.56  17853600  329.56
2011-02-23  325.61  331.25  325.46  329.31  23994800  329.31
2011-02-22  328.86  331.99  324.6  325.46  31162700  325.46
2011-02-18  344.77  345.53  335.94  336.94  29144900  336.94
2011-02-17  343.37  346.27  342.67  344.38  18949400  344.38
2011-02-16  346.78  350.72  346.49  349.02  17184200  349.02
2011-02-15  345.24  345.99  343.66  345.92  10149100  345.92
2011-02-14  342.93  345.52  342.86  345.23  11086300  345.23
2011-02-11  340.97  343.9  339.81  342.99  13127600  342.99
2011-02-10  343.51  346.02  334.48  340.77  33162500  340.77
2011-02-09  341.4  345.06  341.09  344.25  17240900  344.25
2011-02-08  339.94  341.71  338.47  341.4  13608600  341.4
2011-02-07  334.38  339.53  334.13  338.21  17322200  338.21
2011-02-04  330.29  333.23  330.17  333.04  11494300  333.04
2011-02-03  330.45  330.87  325.4  330.1  14064200  330.1
2011-02-02  331.06  331.83  330.2  330.94  9248400  330.94
2011-02-01  328.04  332.23  327.74  331.63  15236900  331.63
2011-01-31  322.76  326.83  321.31  326.14  13473100  326.14
2011-01-28  330.8  331.02  320.57  323.04  21144900  323.04
2011-01-27  330.43  331.3  329.51  329.88  10179500  329.88
2011-01-26  329.63  332.17  328.23  330.49  18102700  330.49
2011-01-25  323.27  328.18  321.58  328.14  19531000  328.14
2011-01-24  314.17  324.34  314.03  324.34  20524400  324.34
2011-01-21  320.81  321.87  313.94  314.03  26942900  314.03
2011-01-20  323.36  325.16  317.3  319.76  27313900  319.76
2011-01-19  334.82  335.06  323.8  325.68  40557600  325.68
2011-01-18  316.72  331.37  313.34  327.42  67178500  327.42
2011-01-14  332.45  334.94  331.06  334.94  11030000  334.94
2011-01-13  331.75  333.17  330.49  332.25  10599300  332.25
2011-01-12  329.92  331.05  328.71  331.04  10806800  331.04
2011-01-11  331.48  331.56  326.28  328.37  15861000  328.37
2011-01-10  325.67  329.9  324.08  329.15  16020000  329.15
2011-01-07  321.01  323.28  319.0  323.06  11140400  323.06
2011-01-06  321.72  322.23  319.97  320.77  10729600  320.77
2011-01-05  316.75  321.36  316.7  321.03  9125700  321.03
2011-01-04  319.53  319.58  315.4  318.42  11038600  318.42
2011-01-03  312.99  317.43  312.22  316.77  15897800  316.77
2010-12-31  310.4  310.91  308.83  310.03  6911000  310.03
2010-12-30  312.84  312.87  310.5  311.09  5624800  311.09
2010-12-29  313.54  313.76  312.47  312.65  5826400  312.65
2010-12-28  313.25  313.97  312.44  312.83  6283000  312.83
2010-12-27  310.31  312.8  309.03  312.07  8922000  312.07
2010-12-23  312.38  312.52  310.62  311.03  7969900  311.03
2010-12-22  311.76  313.07  310.98  312.53  9497200  312.53
2010-12-21  310.46  311.79  309.54  311.61  9155500  311.61
2010-12-20  309.1  310.69  305.86  309.69  13771800  309.69
2010-12-17  309.14  309.29  307.79  308.16  13818900  308.16
2010-12-16  308.62  310.08  307.66  308.77  11501100  308.77
2010-12-15  307.57  310.46  306.8  307.92  14904000  307.92
2010-12-14  309.23  310.01  306.61  307.85  12536000  307.85
2010-12-13  311.77  312.43  308.53  309.17  15707700  309.17
2010-12-10  307.24  308.58  306.23  308.11  9375400  308.11
2010-12-09  309.62  309.97  306.63  307.34  10505400  307.34
2010-12-08  307.21  308.55  304.79  308.54  11497700  308.54
2010-12-07  311.22  311.41  305.76  305.85  13980500  305.85
2010-12-06  306.26  309.81  306.05  307.71  16017200  307.71
2010-12-03  304.7  306.27  304.05  305.11  12217600  305.11
2010-12-02  305.19  306.61  302.66  305.79  16529900  305.79
2010-12-01  303.02  305.41  302.76  304.11  16491100  304.11
2010-11-30  301.36  302.15  298.79  299.06  17923500  299.06
2010-11-29  303.24  305.15  299.28  304.56  15920900  304.56
2010-11-26  301.55  305.36  300.78  302.76  8485200  302.76
2010-11-24  299.88  303.15  299.64  302.57  14775900  302.57
2010-11-23  298.39  299.64  294.65  296.74  18551700  296.74
2010-11-22  294.77  301.19  293.99  301.19  14038400  301.19
2010-11-19  296.0  296.42  293.38  294.81  13744400  294.81
2010-11-18  293.35  297.64  292.86  296.45  17660400  296.45
2010-11-17  289.5  292.18  286.2  288.83  17123200  288.83
2010-11-16  293.84  295.65  287.69  289.87  23487500  289.87
2010-11-15  296.47  298.47  294.37  295.11  14414500  295.11
2010-11-12  303.72  304.2  291.83  296.06  28423100  296.06
2010-11-11  302.76  306.03  302.04  304.35  12903000  304.35
2010-11-10  304.34  306.39  301.37  305.68  13722400  305.68
2010-11-09  308.58  308.82  302.28  303.8  13698000  303.8
2010-11-08  304.88  307.35  304.45  306.24  10062800  306.24
2010-11-05  305.64  307.16  304.44  304.81  12901900  304.81
2010-11-04  303.2  307.75  302.8  305.91  22946000  305.91
2010-11-03  299.28  300.73  296.55  300.65  18155300  300.65
2010-11-02  295.07  298.14  295.07  297.34  15497500  297.34
2010-11-01  290.48  293.72  290.46  292.36  15138900  292.36
2010-10-29  292.41  294.0  289.18  289.29  15375400  289.29
2010-10-28  295.98  296.03  289.21  293.38  19680400  293.38
2010-10-27  295.7  297.86  293.73  295.87  14250100  295.87
2010-10-26  294.95  297.7  293.77  296.08  14033200  296.08
2010-10-25  297.08  299.49  296.46  296.84  14016500  296.84
2010-10-22  297.07  298.0  294.41  295.53  13313500  295.53
2010-10-21  300.23  302.52  294.89  297.5  19695000  297.5
2010-10-20  297.0  302.05  294.95  298.47  25772300  298.47
2010-10-19  291.62  301.58  288.37  297.47  44028000  297.47
2010-10-18  306.1  306.61  302.08  305.65  39036100  305.65
2010-10-15  295.49  302.76  293.06  302.51  32935500  302.51
2010-10-14  289.97  290.72  288.73  290.57  15546300  290.57
2010-10-13  288.54  290.23  288.15  288.48  22503300  288.48
2010-10-12  283.93  287.86  281.13  286.94  19948000  286.94
2010-10-11  283.29  285.7  283.16  283.89  15276900  283.89
2010-10-08  280.38  283.06  278.74  282.65  23514400  282.65
2010-10-07  279.07  279.2  275.77  277.99  14585700  277.99
2010-10-06  278.34  280.65  274.18  277.96  23959600  277.96
2010-10-05  271.05  278.21  270.88  277.72  17927400  277.72
2010-10-04  270.67  271.91  266.98  267.82  15546500  267.82
2010-10-01  275.04  275.45  270.43  271.55  16005100  271.55
2010-09-30  277.78  278.74  270.33  272.73  24049700  272.73
2010-09-29  276.08  278.56  274.89  276.21  16773000  276.21
2010-09-28  280.44  280.44  264.32  275.72  36965800  275.72
2010-09-27  282.56  283.28  279.71  279.85  17244100  279.85
2010-09-24  280.75  282.12  279.26  280.96  23196000  280.96
2010-09-23  275.21  281.39  274.89  277.7  28075600  277.7
2010-09-22  271.73  276.79  271.44  276.57  20903200  276.57
2010-09-21  272.84  276.19  271.81  272.75  23859800  272.75
2010-09-20  265.36  272.76  265.14  272.23  23524200  272.23
2010-09-17  266.9  267.16  263.05  264.67  22659900  264.67
2010-09-16  259.75  265.93  259.03  265.83  23289400  265.83
2010-09-15  257.75  259.87  257.43  259.72  15334600  259.72
2010-09-14  255.87  258.72  255.21  257.65  14576800  257.65
2010-09-13  255.5  257.86  255.44  256.67  13885000  256.67
2010-09-10  252.97  254.23  251.25  253.18  13840800  253.18
2010-09-09  254.74  256.17  252.71  252.85  15663400  252.85
2010-09-08  249.69  254.12  249.04  252.71  18805400  252.71
2010-09-07  246.68  249.45  246.3  247.8  12234200  247.8
2010-09-03  245.18  248.73  244.62  248.72  18599600  248.72
2010-09-02  241.5  242.37  238.91  242.37  14836700  242.37
2010-09-01  237.86  241.7  236.72  240.61  24894200  240.61
2010-08-31  232.46  235.06  231.02  233.66  15028100  233.66
2010-08-30  231.41  236.2  231.33  233.08  13688900  233.08
2010-08-27  232.35  233.18  226.41  232.23  19585400  232.23
2010-08-26  235.92  236.21  230.95  230.95  16660900  230.95
2010-08-25  228.79  234.51  227.98  233.45  21316700  233.45
2010-08-24  233.24  233.56  229.38  230.61  21520200  230.61
2010-08-23  242.01  242.21  235.72  236.25  14787200  236.25
2010-08-20  239.7  244.05  239.32  239.94  13722500  239.94
2010-08-19  243.01  243.63  239.02  240.17  15239500  240.17
2010-08-18  242.56  244.78  241.81  243.24  12132000  243.24
2010-08-17  240.36  244.74  239.52  242.18  15094300  242.18
2010-08-16  237.96  240.3  237.04  238.02  11372500  238.02
2010-08-13  241.87  242.09  239.41  239.42  12673900  239.42
2010-08-12  237.11  243.27  236.56  242.01  19104300  242.01
2010-08-11  245.48  245.76  240.1  240.47  22144800  240.47
2010-08-10  249.75  250.33  247.54  249.33  16140000  249.33
2010-08-09  251.32  251.96  249.48  251.58  10826000  251.58
2010-08-06  249.69  251.34  247.63  249.99  15889200  249.99
2010-08-05  251.56  252.95  250.42  251.53  10324900  251.53
2010-08-04  252.63  254.01  250.19  252.76  15013400  252.76
2010-08-03  250.88  253.04  249.35  251.76  14916200  251.76
2010-08-02  250.32  252.39  249.54  251.68  15287700  251.68
2010-07-30  245.95  249.61  245.0  247.26  16007500  247.26
2010-07-29  250.58  252.44  246.15  248.08  22993100  248.08
2010-07-28  253.42  255.65  250.14  250.82  18570900  250.82
2010-07-27  250.73  254.51  250.19  253.82  20884700  253.82
2010-07-26  249.9  250.0  247.7  249.21  15019700  249.21
2010-07-23  247.1  250.26  246.32  249.84  19049600  249.84
2010-07-22  247.67  249.9  245.39  248.96  23047100  248.96
2010-07-21  254.79  254.85  244.13  244.36  42345400  244.36
2010-07-20  233.47  243.08  230.69  242.11  38391100  242.11
2010-07-19  240.17  240.17  230.29  236.04  36588500  236.04
2010-07-16  243.34  245.06  238.76  240.19  37137800  240.19
2010-07-15  238.59  246.99  237.69  241.68  29459500  241.68
2010-07-14  239.69  245.86  239.32  242.91  29001700  242.91
2010-07-13  246.36  246.44  236.86  242.02  42533000  242.02
2010-07-12  248.49  251.68  244.96  247.3  20102800  247.3
2010-07-09  246.91  249.8  245.24  249.53  15475800  249.53
2010-07-08  252.28  252.68  244.98  248.06  26362300  248.06
2010-07-07  240.76  248.72  240.05  248.62  23377000  248.62
2010-07-06  241.25  242.98  236.6  238.97  21972700  238.97
2010-07-02  240.76  241.19  233.76  237.35  24780100  237.35
2010-07-01  244.42  244.9  233.77  238.83  36532000  238.83
2010-06-30  246.74  247.95  240.3  241.76  26409000  241.76
2010-06-29  253.86  254.12  244.42  246.22  40476600  246.22
2010-06-28  256.56  259.27  254.25  257.88  20891000  257.88
2010-06-25  259.57  259.77  255.48  256.34  19640800  256.34
2010-06-24  260.47  262.59  257.68  258.55  25509900  258.55
2010-06-23  263.91  263.99  257.49  260.44  27444900  260.44
2010-06-22  261.59  265.25  260.95  263.21  25616500  263.21
2010-06-21  266.91  268.18  258.3  259.68  27731800  259.68
2010-06-18  261.67  264.31  260.87  263.42  28022200  263.42
2010-06-17  260.09  262.3  259.03  261.31  31173400  261.31
2010-06-16  250.96  257.35  250.51  256.87  27988500  256.87
2010-06-15  245.71  249.75  245.57  249.6  20895500  249.6
2010-06-14  246.01  249.08  244.14  244.4  21534300  244.4
2010-06-11  238.59  244.0  237.76  243.66  19491400  243.66
2010-06-10  235.33  241.23  232.79  240.78  27727000  240.78
2010-06-09  241.7  242.11  233.07  233.75  30522500  233.75
2010-06-08  243.4  243.94  236.1  239.64  35741800  239.64
2010-06-07  248.25  249.08  240.82  241.19  31676500  241.19
2010-06-04  248.18  251.73  244.74  246.02  27082300  246.02
2010-06-03  254.88  255.24  250.3  252.9  23218100  252.9
2010-06-02  254.27  254.52  250.22  253.7  24591000  253.7
2010-06-01  249.6  255.61  248.9  250.7  31302600  250.7
2010-05-28  249.31  249.32  243.51  246.9  29129100  246.9
2010-05-27  240.87  244.03  239.43  243.51  23795800  243.51
2010-05-26  240.37  242.34  234.28  234.63  30380500  234.63
2010-05-25  230.05  237.17  227.94  235.69  37428800  235.69
2010-05-24  237.67  241.15  236.69  237.17  26937100  237.17
2010-05-21  223.78  235.01  222.37  232.91  43710400  232.91
2010-05-20  232.48  234.37  227.03  228.52  45818400  228.52
2010-05-19  239.8  243.09  235.34  238.69  36633100  238.69
2010-05-18  247.0  248.51  240.54  242.56  27952800  242.56
2010-05-17  244.8  246.22  238.08  244.34  27244100  244.34
2010-05-14  245.25  246.52  239.81  243.96  27120100  243.96
2010-05-13  252.99  254.7  246.44  248.32  21418300  248.32
2010-05-12  249.17  252.91  248.65  251.91  23370700  251.91
2010-05-11  242.06  249.8  240.77  246.56  30318100  246.56
2010-05-10  240.53  244.75  238.87  244.12  35153800  244.12
2010-05-07  234.25  236.99  216.46  226.7  59857800  226.7
2010-05-06  243.97  248.21  191.51  236.68  45923600  236.68
2010-05-05  243.2  248.12  239.07  246.05  31539400  246.05
2010-05-04  252.68  253.06  246.77  248.63  25850700  248.63
2010-05-03  253.59  257.47  252.66  256.0  16226500  256.0
2010-04-30  258.85  260.06  250.86  250.95  19373700  250.95
2010-04-29  252.8  259.51  251.83  258.2  19958600  258.2
2010-04-28  253.03  253.75  246.45  251.44  27085800  251.44
2010-04-27  256.89  257.43  250.4  251.86  25333700  251.86
2010-04-26  261.32  261.88  257.77  259.03  17109600  259.03
2010-04-23  257.58  261.61  256.63  260.31  28462700  260.31
2010-04-22  248.21  256.39  246.25  256.12  28336600  256.12
2010-04-21  248.75  250.14  245.8  249.15  35085400  249.15
2010-04-20  238.89  239.57  233.52  235.09  26368800  235.09
2010-04-19  237.43  238.26  232.38  237.47  20247300  237.47
2010-04-16  238.91  241.38  235.05  237.79  26805200  237.79
2010-04-15  236.23  239.36  235.97  239.25  13456600  239.25
2010-04-14  235.76  236.27  234.59  236.15  14431300  236.15
2010-04-13  232.46  233.37  231.74  233.01  10936100  233.01
2010-04-12  232.79  233.63  232.42  232.88  11893800  232.88
2010-04-09  232.05  232.5  231.12  232.4  11935100  232.4
2010-04-08  231.1  232.16  228.79  230.63  20463900  230.63
2010-04-07  230.24  232.52  229.39  231.25  22446500  231.25
2010-04-06  228.94  230.9  227.79  230.23  15964900  230.23
2010-04-05  225.86  229.25  225.65  229.23  24446700  229.23
2010-04-01  228.18  229.45  223.71  226.8  21540900  226.8
2010-03-31  226.34  227.42  225.35  225.87  15380700  225.87
2010-03-30  227.41  228.26  225.15  226.69  18832500  226.69
2010-03-29  223.95  224.78  222.62  223.36  19312300  223.36
2010-03-26  220.06  222.94  219.67  221.93  22888400  221.93
2010-03-25  221.95  222.0  217.47  217.85  19367300  217.85
2010-03-24  218.8  221.26  218.67  220.46  21349300  220.46
2010-03-23  216.88  219.89  215.4  219.49  21515400  219.49
2010-03-22  211.91  217.22  211.6  216.02  16300700  216.02
2010-03-19  216.06  216.49  212.64  213.62  19980200  213.62
2010-03-18  215.39  216.26  213.96  215.92  12218200  215.92
2010-03-17  216.16  217.65  214.59  215.41  16105600  215.41
2010-03-16  215.47  216.24  213.87  215.73  15961000  215.73
2010-03-15  216.62  216.74  211.69  215.14  17625100  215.14
2010-03-12  218.54  218.89  216.98  217.8  14868700  217.8
2010-03-11  215.21  216.74  214.64  216.74  14489300  216.74
2010-03-10  215.14  216.73  214.53  216.11  21293500  216.11
2010-03-09  209.83  216.26  209.43  214.36  32866400  214.36
2010-03-08  211.46  211.54  209.77  210.57  15353200  210.57
2010-03-05  206.59  211.16  206.29  210.44  32129300  210.44
2010-03-04  201.15  202.72  200.52  202.52  13072900  202.52
2010-03-03  200.83  201.72  199.86  201.2  13287600  201.2
2010-03-02  201.78  202.64  199.67  200.74  20233800  200.74
2010-03-01  197.76  201.36  197.47  200.87  19646200  200.87
2010-02-26  194.52  197.2  194.15  196.67  18123600  196.67
2010-02-25  189.71  194.98  189.24  194.15  23754500  194.15
2010-02-24  190.53  193.62  190.16  192.87  16448800  192.87
2010-02-23  192.24  193.51  188.11  189.41  20539100  189.41
2010-02-22  194.48  194.63  191.45  192.63  13948700  192.63
2010-02-19  194.02  195.31  193.3  193.84  14838200  193.84
2010-02-18  193.8  195.97  193.12  195.05  15100900  195.05
2010-02-17  196.26  196.37  193.06  194.68  15585600  194.68
2010-02-16  194.1  195.78  193.69  195.5  19419200  195.5
2010-02-12  190.42  193.81  187.91  192.6  23409600  192.6
2010-02-11  187.31  191.99  186.52  190.95  19655200  190.95
2010-02-10  188.28  188.96  186.71  187.54  13227200  187.54
2010-02-09  188.79  189.83  187.19  188.57  22603100  188.57
2010-02-08  188.09  190.19  186.46  186.58  17081100  186.58
2010-02-05  185.15  188.39  183.44  187.87  30368100  187.87
2010-02-04  189.09  190.66  184.13  184.59  27059000  184.59
2010-02-03  187.59  192.42  186.87  191.49  21976000  191.49
2010-02-02  188.3  188.69  185.87  188.25  24940800  188.25
2010-02-01  184.9  188.39  183.87  187.17  26781300  187.17
2010-01-29  193.27  194.35  182.86  184.6  44498300  184.6
2010-01-28  196.97  197.52  190.98  191.55  41910800  191.55
2010-01-27  198.81  202.4  191.77  199.8  61520300  199.8
2010-01-26  197.95  205.41  194.71  197.94  66682500  197.94
2010-01-25  194.64  196.75  192.41  195.18  38060700  195.18
2010-01-22  198.75  199.44  189.5  190.07  31491700  190.07
2010-01-21  203.84  205.03  199.16  199.99  21719800  199.99
2010-01-20  206.57  207.18  201.37  203.51  21862600  203.51
2010-01-19  200.24  206.83  199.19  206.69  26071700  206.69
2010-01-15  202.74  203.38  197.87  197.93  21216700  197.93
2010-01-14  201.94  202.28  200.9  201.29  15460500  201.29
2010-01-13  199.8  202.74  196.17  202.47  21639000  202.47
2010-01-12  201.06  201.62  198.4  199.65  21230700  199.65
2010-01-11  204.54  204.73  200.35  201.95  16508200  201.95
2010-01-08  202.14  203.77  200.94  203.75  15986100  203.75
2010-01-07  203.52  203.76  200.93  202.4  17040400  202.4
2010-01-06  206.05  206.86  202.56  202.77  19720000  202.77
2010-01-05  206.26  207.21  204.96  206.05  21496600  206.05
2010-01-04  205.14  206.17  204.13  205.7  17633200  205.7
