Date  Open  High  Low  Close  Volume  Adj Close
2014-02-28  97.0  98.1  96.85  97.87  1780000  97.87
2014-02-27  96.02  96.98  95.96  96.76  1250200  96.76
2014-02-26  96.38  96.8  95.97  96.1  1126600  96.1
2014-02-25  96.73  96.91  96.34  96.53  1268500  96.53
2014-02-24  97.1  97.86  96.78  96.79  1409700  96.79
2014-02-21  97.08  97.85  96.67  97.19  1264100  97.19
2014-02-20  96.6  97.28  95.89  96.78  1579200  96.78
2014-02-19  97.27  97.87  96.64  96.67  1517300  96.67
2014-02-18  97.1  97.6  96.84  97.46  1450400  97.46
2014-02-14  96.14  96.99  96.0  96.97  1426200  96.97
2014-02-13  95.0  96.2  94.95  96.14  1339900  96.14
2014-02-12  96.2  96.56  95.62  95.71  1676800  95.71
2014-02-11  95.33  96.85  95.22  96.81  2353900  96.81
2014-02-10  94.19  95.03  93.93  95.03  1712500  95.03
2014-02-07  94.08  94.65  93.65  94.6  2124700  94.6
2014-02-06  93.39  94.19  93.03  93.49  2986500  93.49
2014-02-05  92.54  93.57  92.52  93.25  2561300  93.25
2014-02-04  93.21  93.63  92.59  92.84  2569000  92.84
2014-02-03  93.44  93.88  92.26  92.6  3813700  92.6
2014-01-31  93.74  94.45  93.52  93.81  2871400  93.81
2014-01-30  94.64  95.37  94.04  95.14  2339300  95.14
2014-01-29  93.89  94.53  92.89  94.03  3466700  94.03
2014-01-28  93.19  94.85  93.11  94.57  2603200  94.57
2014-01-27  92.02  93.8  92.0  93.05  3022500  93.05
2014-01-24  94.18  94.18  92.19  92.19  2526500  92.19
2014-01-23  96.24  96.24  94.01  94.18  2879500  94.18
2014-01-22  96.61  96.99  95.97  96.01  1615500  96.01
2014-01-21  97.28  97.56  96.01  96.37  2649000  96.37
2014-01-17  97.32  97.72  96.84  97.1  4253700  97.1
2014-01-16  97.79  98.16  97.15  97.3  1564900  97.3
2014-01-15  98.14  98.61  97.66  97.99  1583900  97.99
2014-01-14  96.87  98.05  96.73  97.7  1878300  97.7
2014-01-13  98.34  98.68  96.71  96.92  2459200  96.92
2014-01-10  98.56  98.64  97.23  98.04  2760900  98.04
2014-01-09  98.69  98.83  97.52  98.27  2097000  98.27
2014-01-08  99.47  99.72  97.9  98.4  2781700  98.4
2014-01-07  100.37  100.71  99.53  99.63  2214100  99.63
2014-01-06  101.76  101.86  100.09  100.44  1304100  100.44
2014-01-03  101.26  101.5  100.58  100.79  1120800  100.79
2014-01-02  102.12  102.73  100.68  101.05  1112600  101.05
2013-12-31  102.5  103.1  102.4  102.87  686400  102.87
2013-12-30  101.98  102.55  101.95  102.26  518900  102.26
2013-12-27  102.22  102.22  101.66  101.96  527700  101.96
2013-12-26  101.5  102.19  101.29  102.03  586200  102.03
2013-12-24  100.95  101.42  100.7  101.42  492200  101.42
2013-12-23  101.18  101.26  100.49  101.1  904100  101.1
2013-12-20  99.77  100.9  99.65  100.54  1362600  100.54
2013-12-19  99.21  99.78  98.99  99.72  1811200  99.72
2013-12-18  98.36  99.42  97.59  99.4  1757200  99.4
2013-12-17  98.97  99.02  98.13  98.17  1233300  98.17
2013-12-16  98.67  99.33  98.37  98.57  1156200  98.57
2013-12-13  99.06  99.38  98.55  98.63  1121000  98.63
2013-12-12  99.19  99.62  98.83  98.93  1461300  98.93
2013-12-11  100.49  100.7  99.05  99.26  1321900  99.26
2013-12-10  100.6  101.06  100.47  100.6  921400  100.6
2013-12-09  101.36  101.65  100.59  100.95  1063000  100.95
2013-12-06  100.44  101.5  100.37  101.3  1031100  101.3
2013-12-05  100.0  100.3  99.06  99.45  1080700  99.45
2013-12-04  100.57  101.62  99.53  100.4  1001600  100.4
2013-12-03  100.76  101.28  99.93  100.75  1424200  100.75
2013-12-02  101.93  102.16  100.98  101.14  1417900  101.14
2013-11-29  102.66  103.4  101.95  102.12  617000  102.12
2013-11-27  102.0  102.9  101.84  102.49  1121700  102.49
2013-11-26  101.61  102.56  101.36  101.96  1340000  101.96
2013-11-25  102.26  102.27  101.61  101.81  863400  101.81
2013-11-22  100.81  102.11  100.5  101.93  1684000  101.93
2013-11-21  97.66  101.23  97.53  100.88  2750100  100.88
2013-11-20  98.33  98.39  96.96  97.23  922800  97.23
2013-11-19  97.64  98.15  97.47  97.92  1033300  97.92
2013-11-18  98.12  98.76  97.64  97.8  884000  97.8
2013-11-15  97.67  98.09  97.45  98.07  1019800  98.07
2013-11-14  96.95  97.74  96.63  97.67  843400  97.67
2013-11-13  95.59  96.78  95.58  96.68  1597500  96.68
2013-11-12  97.58  97.73  95.24  95.79  2667500  95.79
2013-11-11  97.74  98.32  97.64  97.89  1146300  97.89
2013-11-08  96.89  97.71  96.57  97.65  1485700  97.65
2013-11-07  96.93  97.38  96.68  96.78  2037900  96.78
2013-11-06  96.39  97.19  96.05  97.16  942000  97.16
2013-11-05  95.78  96.07  95.29  95.99  845000  95.99
2013-11-04  95.46  95.95  95.34  95.86  1174800  95.86
2013-11-01  94.83  95.47  94.48  95.25  1321700  95.25
2013-10-31  95.6  95.7  94.82  94.83  1161700  94.83
2013-10-30  96.04  96.18  95.25  95.63  1348700  95.63
2013-10-29  95.59  95.95  95.3  95.77  909000  95.77
2013-10-28  95.46  95.64  95.07  95.21  1285000  95.21
2013-10-25  96.38  96.62  95.37  95.53  1049000  95.53
2013-10-24  96.16  96.46  95.95  96.12  946500  96.12
2013-10-23  94.73  97.45  94.73  95.68  1728400  95.68
2013-10-22  97.36  97.77  97.07  97.18  1690300  97.18
2013-10-21  96.46  97.06  96.43  96.86  1068400  96.86
2013-10-18  95.91  96.37  95.45  96.35  1431800  96.35
2013-10-17  94.77  96.37  94.52  96.28  874100  96.28
2013-10-16  93.68  95.43  93.61  95.14  1245200  95.14
2013-10-15  93.45  94.06  93.16  93.19  822000  93.19
2013-10-14  93.08  93.96  92.9  93.9  725100  93.9
2013-10-11  92.42  93.57  92.04  93.5  698500  93.5
2013-10-10  91.29  92.6  91.28  92.58  883900  92.58
2013-10-09  91.04  91.27  89.94  90.43  1000900  90.43
2013-10-08  91.94  92.08  90.54  90.58  1044100  90.58
2013-10-07  91.78  92.35  91.32  91.88  891700  91.88
2013-10-04  91.7  92.31  91.45  92.29  921600  92.29
2013-10-03  93.11  93.4  91.58  91.7  1446200  91.7
2013-10-02  93.09  93.53  92.57  93.53  963200  93.53
2013-10-01  93.13  93.89  92.97  93.42  797400  93.42
2013-09-30  92.75  93.29  92.32  92.96  1232600  92.96
2013-09-27  93.81  94.0  93.4  93.72  755300  93.72
2013-09-26  94.6  94.6  93.62  94.07  942100  94.07
2013-09-25  93.65  94.36  93.45  94.15  1111800  94.15
2013-09-24  93.02  94.38  93.02  93.55  1160500  93.55
2013-09-23  93.78  94.1  93.04  93.23  1386800  93.23
2013-09-20  94.32  94.78  93.75  93.88  1828600  93.88
2013-09-19  93.4  94.36  93.39  94.23  1367500  94.23
2013-09-18  91.84  93.31  91.53  93.25  1171200  93.25
2013-09-17  91.36  91.79  91.25  91.71  844500  91.71
2013-09-16  91.9  91.9  91.03  91.32  922400  91.32
2013-09-13  90.33  90.88  90.1  90.6  962700  90.6
2013-09-12  91.0  91.0  89.83  89.98  1247500  89.98
2013-09-11  88.9  91.15  88.85  91.14  1818200  91.14
2013-09-10  88.99  89.12  88.26  88.96  871600  88.96
2013-09-09  87.34  88.62  87.25  88.45  1026500  88.45
2013-09-06  87.41  87.86  86.09  87.16  950200  87.16
2013-09-05  87.15  87.66  87.06  87.16  1093800  87.16
2013-09-04  87.34  87.85  86.97  87.2  1478300  87.2
2013-09-03  87.66  88.16  86.83  87.25  1232200  87.25
2013-08-30  87.28  87.37  86.37  86.69  1211000  86.69
2013-08-29  86.83  87.89  86.65  87.23  763400  87.23
2013-08-28  87.14  87.43  86.65  86.91  1720600  86.91
2013-08-27  87.74  88.21  87.37  87.41  1033900  87.41
2013-08-26  89.38  89.45  88.62  88.71  885700  88.71
2013-08-23  89.53  89.72  88.79  89.38  680800  89.38
2013-08-22  88.24  89.79  88.09  89.54  767200  89.54
2013-08-21  88.17  89.27  87.68  88.31  1246300  88.31
2013-08-20  87.89  88.77  87.65  88.39  773100  88.39
2013-08-19  88.23  88.5  87.83  87.83  908900  87.83
2013-08-16  88.67  89.45  88.39  88.5  1239600  88.5
2013-08-15  88.59  88.94  87.81  88.59  1385300  88.59
2013-08-14  89.13  89.69  89.03  89.48  1169300  89.48
2013-08-13  88.82  89.53  88.13  89.29  1269200  89.29
2013-08-12  88.44  89.21  88.01  88.77  855600  88.77
2013-08-09  88.77  89.13  88.23  88.69  1221600  88.69
2013-08-08  89.06  89.44  88.52  88.82  1053400  88.82
2013-08-07  88.94  89.12  88.18  88.72  1215700  88.72
2013-08-06  89.89  89.89  88.56  89.05  1986400  89.05
2013-08-05  90.86  91.19  89.63  89.9  1323200  89.9
2013-08-02  91.12  91.24  90.62  90.87  1335100  90.87
2013-08-01  91.09  91.55  90.88  91.25  850500  91.25
2013-07-31  90.6  90.87  90.15  90.31  1249300  90.31
2013-07-30  91.08  91.44  89.99  90.26  888700  90.26
2013-07-29  91.32  91.32  90.54  90.72  1027400  90.72
2013-07-26  91.08  91.38  90.31  91.25  1451400  91.25
2013-07-25  90.49  91.38  89.97  91.35  1447300  91.35
2013-07-24  92.72  93.77  90.6  90.8  2175000  90.8
2013-07-23  94.44  94.46  92.0  92.14  2063800  92.14
2013-07-22  93.39  94.48  93.34  94.46  1102000  94.46
2013-07-19  93.67  93.87  92.92  93.63  977900  93.63
2013-07-18  92.75  93.64  92.59  93.64  1094000  93.64
2013-07-17  91.92  92.69  91.85  92.63  1422300  92.63
2013-07-16  92.25  92.71  91.49  91.64  1077800  91.64
2013-07-15  92.04  92.37  91.56  92.14  1126700  92.14
2013-07-12  90.71  91.98  90.71  91.91  1350500  91.91
2013-07-11  91.38  91.38  90.32  90.7  1458200  90.7
2013-07-10  90.68  90.78  89.45  90.19  1288000  90.19
2013-07-09  90.63  90.88  90.12  90.81  1363800  90.81
2013-07-08  88.81  90.0  88.81  89.92  1278100  89.92
2013-07-05  88.29  88.59  87.51  88.59  964800  88.59
2013-07-03  87.14  87.74  86.89  87.49  593300  87.49
2013-07-02  88.2  88.75  87.3  87.47  1185000  87.47
2013-07-01  88.34  88.88  88.06  88.24  1064700  88.24
2013-06-28  87.72  88.42  87.19  87.96  1511100  87.96
2013-06-27  87.26  88.03  87.03  88.0  1670900  88.0
2013-06-26  86.04  87.35  85.81  87.09  2174200  87.09
2013-06-25  84.79  85.21  84.42  84.91  1634100  84.91
2013-06-24  84.0  84.88  83.29  84.33  2071600  84.33
2013-06-21  85.48  85.62  84.33  84.69  3006200  84.69
2013-06-20  86.22  86.58  84.87  85.01  2775700  85.01
2013-06-19  88.67  88.79  86.99  87.01  1438600  87.01
2013-06-18  88.11  88.67  87.99  88.63  913800  88.63
2013-06-17  87.62  88.12  87.25  87.99  1338500  87.99
2013-06-14  88.16  88.45  87.02  87.05  1193100  87.05
2013-06-13  86.75  88.29  86.32  88.25  1139600  88.25
2013-06-12  88.27  88.64  86.72  86.82  1061300  86.82
2013-06-11  87.89  88.57  87.68  87.91  1425200  87.91
2013-06-10  88.4  88.78  87.99  88.7  1411100  88.7
2013-06-07  88.28  88.37  87.33  88.35  2708100  88.35
2013-06-06  86.39  87.5  85.95  87.5  1518800  87.5
2013-06-05  87.2  87.2  86.3  86.36  1623900  86.36
2013-06-04  87.05  87.8  86.79  87.28  1416800  87.28
2013-06-03  88.12  88.23  86.73  87.07  2267900  87.07
2013-05-31  88.91  89.29  88.15  88.16  2116500  88.16
2013-05-30  87.94  88.85  87.6  88.57  988000  88.57
2013-05-29  87.53  87.97  87.1  87.61  1432500  87.61
2013-05-28  89.09  89.29  87.64  87.99  1766300  87.99
2013-05-24  87.26  88.29  86.97  88.25  1412600  88.25
2013-05-23  87.55  88.21  87.14  87.6  2179200  87.6
2013-05-22  88.39  89.03  87.72  88.03  2512700  88.03
2013-05-21  89.4  89.81  88.38  88.48  1564400  88.48
2013-05-20  89.9  90.34  89.25  89.49  1387600  89.49
2013-05-17  90.85  91.23  89.7  90.09  3063800  90.09
2013-05-16  91.09  91.46  90.34  90.54  1523400  90.54
2013-05-15  90.88  91.1  90.16  91.1  1567300  91.1
2013-05-14  89.86  91.12  89.84  91.05  1061900  91.05
2013-05-13  89.87  90.07  89.51  89.87  919700  89.87
2013-05-10  90.15  90.33  89.41  90.04  1245000  90.04
2013-05-09  90.63  90.87  89.85  90.22  1903900  90.22
2013-05-08  89.88  90.7  89.75  90.69  1223600  90.69
2013-05-07  89.16  89.98  88.93  89.84  1416700  89.84
2013-05-06  88.61  89.4  88.2  89.14  1505200  89.14
2013-05-03  87.9  88.43  87.81  88.37  1782000  88.37
2013-05-02  86.99  87.18  86.68  87.14  975200  87.14
2013-05-01  87.27  87.82  86.7  86.8  1236800  86.8
2013-04-30  87.45  87.63  87.09  87.63  1477600  87.63
2013-04-29  87.58  87.83  87.12  87.41  1272000  87.41
2013-04-26  88.05  88.3  87.39  87.43  1306700  87.43
2013-04-25  88.35  88.5  87.78  87.98  1663500  87.98
2013-04-24  88.71  88.88  87.77  88.02  1845400  88.02
2013-04-23  88.93  90.19  88.2  88.47  2281400  88.47
2013-04-22  87.57  88.04  86.87  87.75  1213700  87.75
2013-04-19  86.74  87.66  86.6  87.52  1412000  87.52
2013-04-18  87.71  87.84  86.64  86.84  1016700  86.84
2013-04-17  87.91  88.04  87.03  87.4  1515900  87.4
2013-04-16  88.05  88.44  87.49  88.34  1335500  88.34
2013-04-15  90.2  90.2  87.25  87.3  2243400  87.3
2013-04-12  90.14  90.43  89.64  90.43  1070900  90.43
2013-04-11  89.66  90.71  89.56  90.35  1531500  90.35
2013-04-10  89.05  89.49  88.61  89.39  1150000  89.39
2013-04-09  88.96  89.62  88.61  88.99  1298500  88.99
2013-04-08  87.41  88.54  87.33  88.51  1370700  88.51
2013-04-05  86.62  87.53  86.52  87.47  1802800  87.47
2013-04-04  86.66  87.69  86.66  87.55  1804600  87.55
2013-04-03  87.5  87.82  86.36  86.51  1236100  86.51
2013-04-02  87.71  87.99  87.09  87.44  1190700  87.44
2013-04-01  87.58  87.78  86.95  87.19  718000  87.19
2013-03-28  86.96  87.54  86.49  87.46  1490200  87.46
2013-03-27  86.35  86.96  86.15  86.84  954900  86.84
2013-03-26  86.58  86.88  86.18  86.79  1367600  86.79
2013-03-25  86.65  86.98  86.07  86.48  986500  86.48
2013-03-22  86.02  86.34  85.85  86.34  1088800  86.34
2013-03-21  86.08  86.57  85.64  85.72  844000  85.72
2013-03-20  86.29  86.69  86.09  86.47  935500  86.47
2013-03-19  85.8  86.17  85.36  85.77  1327700  85.77
2013-03-18  85.54  86.38  85.5  85.74  972600  85.74
2013-03-15  86.79  86.92  86.28  86.28  2131000  86.28
2013-03-14  86.72  87.06  86.6  87.06  951500  87.06
2013-03-13  86.0  86.66  85.86  86.61  937700  86.61
2013-03-12  85.4  86.53  85.28  86.06  1952900  86.06
2013-03-11  84.95  85.39  84.7  85.38  1099700  85.38
2013-03-08  85.05  85.28  84.64  85.03  1302000  85.03
2013-03-07  84.74  85.05  84.62  84.68  874300  84.68
2013-03-06  85.17  85.38  84.58  84.72  1160600  84.72
2013-03-05  84.2  85.13  84.2  84.8  814800  84.8
2013-03-04  83.44  83.94  83.28  83.86  977300  83.86
2013-03-01  83.23  83.79  82.81  83.75  1030100  83.75
2013-02-28  83.68  84.22  83.47  83.47  1285200  83.47
2013-02-27  82.84  83.88  82.8  83.85  1383600  83.85
2013-02-26  82.88  83.43  82.7  83.12  1575900  83.12
2013-02-25  84.91  84.95  82.52  82.53  1373100  82.53
2013-02-22  84.6  84.92  84.51  84.74  1222700  84.74
2013-02-21  84.01  84.53  83.8  84.22  2008600  84.22
2013-02-20  85.1  85.45  84.02  84.04  1658400  84.04
2013-02-19  84.77  85.14  84.47  85.0  1224900  85.0
2013-02-15  84.72  84.8  84.15  84.56  1052700  84.56
2013-02-14  84.2  84.75  84.19  84.5  1201400  84.5
2013-02-13  84.94  85.03  84.32  84.72  839700  84.72
2013-02-12  84.4  85.01  84.17  84.87  875500  84.87
2013-02-11  84.0  84.82  83.64  84.47  1333900  84.47
2013-02-08  83.19  84.3  83.11  84.27  1796900  84.27
2013-02-07  83.73  83.9  82.86  83.33  1905900  83.33
2013-02-06  83.24  83.75  83.06  83.69  2368300  83.69
2013-02-05  82.65  83.9  81.46  83.74  2620200  83.74
2013-02-04  83.06  83.3  82.59  82.6  1927100  82.6
2013-02-01  84.16  84.72  83.37  83.67  2173800  83.67
2013-01-31  82.12  83.45  82.12  83.42  3704300  83.42
2013-01-30  82.42  82.62  81.08  82.02  2793700  82.02
2013-01-29  82.68  83.56  82.68  83.03  1590800  83.03
2013-01-28  83.67  83.67  82.68  82.76  1090800  82.76
2013-01-25  83.7  83.8  82.91  83.43  1229200  83.43
2013-01-24  82.96  83.51  82.8  83.4  1671500  83.4
2013-01-23  82.61  82.9  82.28  82.75  1017400  82.75
2013-01-22  81.86  82.95  81.79  82.95  1990100  82.95
2013-01-18  81.15  81.48  80.8  81.37  1436700  81.37
2013-01-17  81.27  81.59  80.85  81.36  962100  81.36
2013-01-16  81.24  81.38  80.9  81.08  1113500  81.08
2013-01-15  80.66  81.66  80.48  81.55  1195600  81.55
2013-01-14  80.79  81.31  80.54  81.17  892800  81.17
2013-01-11  80.24  80.94  80.06  80.9  1177600  80.9
2013-01-10  79.21  80.27  79.03  80.2  2347200  80.2
2013-01-09  78.4  79.0  78.33  78.83  1281200  78.83
2013-01-08  79.19  79.41  78.0  78.2  2192300  78.2
2013-01-07  80.07  80.38  79.16  79.5  1249000  79.5
2013-01-04  80.38  80.54  79.91  80.47  1995200  80.47
2013-01-03  80.01  80.45  79.81  80.38  1396200  80.38
2013-01-02  79.37  79.95  78.75  79.95  1668900  79.95
2012-12-31  77.04  78.04  76.69  78.01  1133800  78.01
2012-12-28  77.34  77.84  77.11  77.2  966800  77.2
2012-12-27  78.31  78.48  77.03  77.83  1068300  77.83
2012-12-26  78.34  78.59  77.9  78.2  787600  78.2
2012-12-24  78.03  78.52  77.94  78.25  472500  78.25
2012-12-21  79.52  79.8  78.21  78.27  2635400  78.27
2012-12-20  79.09  79.88  78.87  79.81  1298900  79.81
2012-12-19  79.82  80.03  79.12  79.17  1685300  79.17
2012-12-18  79.24  79.66  78.67  79.51  1960800  79.51
2012-12-17  78.22  79.54  78.17  79.08  1822300  79.08
2012-12-14  77.7  77.95  77.22  77.54  1369000  77.54
2012-12-13  78.73  78.88  77.85  77.97  1389200  77.97
2012-12-12  77.99  79.12  77.85  78.59  2021700  78.59
2012-12-11  78.63  78.69  77.43  77.64  2273500  77.64
2012-12-10  78.47  78.89  78.1  78.53  1310200  78.53
2012-12-07  78.47  78.89  78.14  78.67  1377500  78.67
2012-12-06  78.07  78.31  77.81  78.27  1310000  78.27
2012-12-05  77.3  78.18  77.27  78.03  1799200  78.03
2012-12-04  77.12  77.48  76.93  77.12  1485500  77.12
2012-12-03  77.13  77.64  76.92  76.98  1019100  76.98
2012-11-30  77.24  77.32  76.58  76.98  1373300  76.98
2012-11-29  76.97  77.57  76.74  77.36  1133200  77.36
2012-11-28  75.92  76.88  75.65  76.75  1400600  76.75
2012-11-27  75.38  76.87  75.38  76.2  1056400  76.2
2012-11-26  76.97  77.16  76.33  76.74  1027900  76.74
2012-11-23  76.81  77.58  76.76  77.54  410700  77.54
2012-11-21  76.28  76.51  75.7  76.49  1008300  76.49
2012-11-20  75.98  76.47  75.58  76.41  1336400  76.41
2012-11-19  75.64  76.62  75.33  75.98  1604200  75.98
2012-11-16  74.58  75.21  73.88  75.11  1158800  75.11
2012-11-15  73.96  75.2  73.8  74.55  1753200  74.55
2012-11-14  74.69  75.01  73.79  73.94  1213000  73.94
2012-11-13  75.05  75.71  74.67  74.69  1138900  74.69
2012-11-12  75.72  75.94  75.02  75.35  1143500  75.35
2012-11-09  75.53  76.63  75.21  75.93  1328000  75.93
2012-11-08  75.72  76.4  75.34  75.81  1671600  75.81
2012-11-07  75.81  76.26  75.16  75.67  2194700  75.67
2012-11-06  75.71  76.97  75.4  76.8  1601900  76.8
2012-11-05  75.5  75.75  74.62  75.72  1413200  75.72
2012-11-02  76.28  76.38  74.76  75.3  2188200  75.3
2012-11-01  76.81  77.31  75.67  76.11  1960700  76.11
2012-10-31  76.57  77.12  76.1  76.42  2377300  76.42
2012-10-26  77.66  77.71  76.56  77.1  1570300  77.1
2012-10-25  77.72  78.35  77.05  77.74  1848700  77.74
2012-10-24  78.07  79.53  77.31  77.48  2632300  77.48
2012-10-23  77.44  78.12  77.0  77.97  2821400  77.97
2012-10-22  76.91  78.81  76.91  78.6  1367200  78.6
2012-10-19  79.33  79.75  77.87  78.24  1657800  78.24
2012-10-18  77.77  79.71  77.53  79.38  3023500  79.38
2012-10-17  76.64  77.1  76.46  77.04  922500  77.04
2012-10-16  75.86  76.69  75.75  76.47  1018100  76.47
2012-10-15  75.13  75.53  74.95  75.47  752800  75.47
2012-10-12  75.69  75.94  74.78  74.83  958100  74.83
2012-10-11  75.61  75.91  75.1  75.74  1073800  75.74
2012-10-10  75.31  75.61  75.16  75.34  978800  75.34
2012-10-09  75.84  76.03  75.16  75.24  1164900  75.24
2012-10-08  75.84  76.03  75.6  75.86  656800  75.86
2012-10-05  75.96  76.36  75.74  75.91  1336400  75.91
2012-10-04  75.58  76.13  75.33  75.65  1468300  75.65
2012-10-03  75.1  75.34  74.73  75.17  1719200  75.17
2012-10-02  74.9  75.08  74.6  74.87  1734300  74.87
2012-10-01  73.67  74.98  73.6  74.76  2129900  74.76
2012-09-28  73.1  73.76  72.7  73.46  1415100  73.46
2012-09-27  73.37  73.53  72.91  73.39  939400  73.39
2012-09-26  73.25  73.82  72.87  73.08  1641700  73.08
2012-09-25  73.73  74.01  72.64  72.93  2633300  72.93
2012-09-24  73.18  73.66  72.89  73.44  1354400  73.44
2012-09-21  74.03  74.06  73.28  73.3  1828300  73.3
2012-09-20  73.13  73.76  72.64  73.67  1520400  73.67
2012-09-19  74.22  74.33  73.55  73.56  1275000  73.56
2012-09-18  73.8  74.42  73.46  74.19  1046200  74.19
2012-09-17  74.25  74.34  73.55  73.74  1243900  73.74
2012-09-14  73.64  75.15  73.64  74.36  1775900  74.36
2012-09-13  72.83  74.38  72.45  74.37  1932100  74.37
2012-09-12  72.59  73.08  72.26  72.93  1601800  72.93
2012-09-11  71.98  72.53  71.88  72.49  1810600  72.49
2012-09-10  72.52  72.63  72.09  72.22  2025000  72.22
2012-09-07  72.78  72.82  72.35  72.47  1183000  72.47
2012-09-06  72.09  72.53  72.09  72.53  1609500  72.53
2012-09-05  72.12  72.22  71.6  71.75  2040000  71.75
2012-09-04  71.05  72.12  71.05  72.0  1294300  72.0
2012-08-31  71.33  71.72  70.92  71.17  1167200  71.17
2012-08-30  70.61  71.19  70.61  70.97  974000  70.97
2012-08-29  71.34  71.38  70.87  71.09  798900  71.09
2012-08-28  71.07  71.63  70.88  71.31  1189300  71.31
2012-08-27  71.73  71.81  71.29  71.35  956100  71.35
2012-08-24  71.27  72.08  71.27  71.68  1506100  71.68
2012-08-23  71.65  71.69  71.32  71.55  1486300  71.55
2012-08-22  71.45  71.91  71.3  71.72  1470500  71.72
2012-08-21  71.55  71.71  70.93  71.56  2153100  71.56
2012-08-20  70.67  71.55  70.67  71.52  1350600  71.52
2012-08-17  70.95  71.27  70.33  70.91  1495000  70.91
2012-08-16  70.32  70.74  70.11  70.67  898100  70.67
2012-08-15  69.86  70.99  69.85  70.38  939600  70.38
2012-08-14  70.16  70.36  69.62  69.8  805900  69.8
2012-08-13  69.98  70.2  69.6  69.94  1014900  69.94
2012-08-10  70.03  70.32  69.83  70.22  1131600  70.22
2012-08-09  70.64  70.84  70.35  70.59  1296900  70.59
2012-08-08  70.28  71.19  70.28  70.76  1701700  70.76
2012-08-07  71.23  71.4  70.51  70.67  1916000  70.67
2012-08-06  71.22  71.75  71.01  71.14  1208900  71.14
2012-08-03  70.92  71.5  70.89  71.11  1683100  71.11
2012-08-02  70.01  70.41  69.36  70.04  1452000  70.04
2012-08-01  71.11  71.69  70.46  70.58  1545000  70.58
2012-07-31  70.81  71.26  70.57  70.95  2415200  70.95
2012-07-30  70.76  71.24  70.41  71.0  1214800  71.0
2012-07-27  69.99  71.43  69.75  71.01  2058000  71.01
2012-07-26  70.01  70.51  69.14  69.26  1763500  69.26
2012-07-25  68.27  69.77  67.7  69.33  3278800  69.33
2012-07-24  67.16  67.24  66.14  66.32  2097200  66.32
2012-07-23  66.84  67.15  66.63  67.01  2426900  67.01
2012-07-20  68.22  68.35  67.54  67.86  1809400  67.86
2012-07-19  69.17  69.66  68.56  68.69  1806200  68.69
2012-07-18  68.69  69.56  68.41  69.22  1254700  69.22
2012-07-17  69.42  69.64  68.27  69.03  2068100  69.03
2012-07-16  69.52  69.66  69.08  69.23  965000  69.23
2012-07-13  68.8  69.87  68.65  69.81  2116600  69.81
2012-07-12  67.07  68.93  66.96  68.57  2674300  68.57
2012-07-11  68.02  68.11  67.21  67.38  3424400  67.38
2012-07-10  69.43  69.83  68.3  68.32  2098300  68.32
2012-07-09  69.54  69.71  69.03  69.35  998400  69.35
2012-07-06  69.78  69.93  69.33  69.54  1364000  69.54
2012-07-05  71.74  71.74  70.46  70.49  1612100  70.49
2012-07-03  71.17  71.89  70.92  71.84  574600  71.84
2012-07-02  71.24  71.76  70.81  71.37  1076500  71.37
2012-06-29  70.8  71.09  70.21  71.07  2129300  71.07
2012-06-28  68.39  69.37  67.97  69.32  1204100  69.32
2012-06-27  68.56  68.98  68.08  68.85  1006300  68.85
2012-06-26  68.05  68.66  67.82  68.32  1599100  68.32
2012-06-25  68.39  68.59  67.73  67.82  1380300  67.82
2012-06-22  68.66  69.64  68.58  69.3  1515300  69.3
2012-06-21  70.37  70.6  68.42  68.47  1318200  68.47
2012-06-20  70.17  70.6  69.64  69.98  1154600  69.98
2012-06-19  69.65  70.2  69.49  70.08  1294000  70.08
2012-06-18  69.43  69.88  68.96  69.29  855100  69.29
2012-06-15  69.98  70.1  69.39  69.75  1727900  69.75
2012-06-14  68.52  69.86  68.49  69.62  1476800  69.62
2012-06-13  68.78  69.0  68.09  68.29  975100  68.29
2012-06-12  68.54  69.16  68.38  69.12  1179400  69.12
2012-06-11  70.32  70.33  68.36  68.42  1240000  68.42
2012-06-08  69.27  69.85  68.76  69.85  1173000  69.85
2012-06-07  70.15  70.45  69.39  69.56  1855000  69.56
2012-06-06  68.0  69.35  67.74  69.35  2226000  69.35
2012-06-05  66.98  67.79  66.65  67.44  1581000  67.44
2012-06-04  67.43  67.56  66.92  67.12  1290100  67.12
2012-06-01  68.43  68.84  67.32  67.33  1795800  67.33
2012-05-31  69.02  69.81  68.52  69.35  1884400  69.35
2012-05-30  69.97  69.97  68.92  68.98  1415700  68.98
2012-05-29  70.39  70.63  69.9  70.4  1252700  70.4
2012-05-25  70.12  70.84  70.05  70.16  1377400  70.16
2012-05-24  70.03  70.28  69.27  70.22  1098200  70.22
2012-05-23  69.24  70.05  68.51  69.87  1775900  69.87
2012-05-22  69.91  70.45  69.26  69.54  2116300  69.54
2012-05-21  69.33  70.05  69.01  69.72  1842100  69.72
2012-05-18  71.19  71.19  68.87  69.05  2287800  69.05
2012-05-17  72.13  72.19  70.38  70.39  1739300  70.39
2012-05-16  72.68  73.11  72.01  72.16  1747800  72.16
2012-05-15  72.21  72.92  72.08  72.54  1746200  72.54
2012-05-14  72.44  72.82  72.17  72.37  1574400  72.37
2012-05-11  72.26  73.31  71.95  73.13  1482500  73.13
2012-05-10  72.66  73.31  72.4  72.83  1257000  72.83
2012-05-09  70.53  72.72  70.45  72.17  1889000  72.17
2012-05-08  72.77  73.28  72.14  72.7  1571100  72.7
2012-05-07  72.8  73.37  71.81  73.3  1351600  73.3
2012-05-04  73.7  73.97  72.99  73.29  1406800  73.29
2012-05-03  74.17  74.23  73.52  73.83  1450900  73.83
2012-05-02  73.35  73.8  73.0  73.66  1170300  73.66
2012-05-01  73.42  74.12  73.24  73.6  1876700  73.6
2012-04-30  73.16  73.49  72.64  72.84  1376300  72.84
2012-04-27  74.01  74.01  72.77  73.21  1390700  73.21
2012-04-26  72.28  73.86  72.23  73.79  1668800  73.79
2012-04-25  72.48  72.93  71.17  72.82  2594400  72.82
2012-04-24  71.5  72.39  71.24  72.14  1968600  72.14
2012-04-23  71.62  71.76  71.27  71.43  1657600  71.43
2012-04-20  71.8  72.37  71.76  72.2  2936000  72.2
2012-04-19  69.68  71.9  69.68  71.76  3129200  71.76
2012-04-18  69.53  69.69  69.15  69.37  1663500  69.37
2012-04-17  69.85  70.07  69.25  69.95  1279300  69.95
2012-04-16  68.76  69.67  68.71  69.45  1335600  69.45
2012-04-13  69.84  69.95  68.61  68.61  1452100  68.61
2012-04-12  69.12  70.02  68.75  70.01  1207300  70.01
2012-04-11  69.35  69.35  68.51  69.14  1177200  69.14
2012-04-10  69.17  69.3  68.46  68.61  1954200  68.61
2012-04-09  69.46  69.56  69.0  69.27  1104400  69.27
2012-04-05  70.09  70.5  69.93  70.16  785400  70.16
2012-04-04  69.82  70.7  69.78  70.4  1307500  70.4
2012-04-03  70.94  71.28  69.98  70.49  1934900  70.49
2012-04-02  70.24  71.49  70.07  71.14  1519800  71.14
2012-03-30  70.44  70.68  69.94  70.18  1387300  70.18
2012-03-29  69.87  70.18  69.56  70.09  1052400  70.09
2012-03-28  70.21  70.44  69.59  70.32  1489800  70.32
2012-03-27  70.58  70.75  69.93  69.96  1288900  69.96
2012-03-26  69.7  70.65  69.57  70.65  1559300  70.65
2012-03-23  69.41  69.72  69.09  69.31  1094800  69.31
2012-03-22  69.69  70.22  69.21  69.39  1816900  69.39
2012-03-21  70.65  70.75  69.94  70.17  1727000  70.17
2012-03-20  69.54  70.53  69.22  70.44  1949800  70.44
2012-03-19  68.54  70.02  68.54  69.77  2188400  69.77
2012-03-16  69.85  69.93  68.81  68.85  2317500  68.85
2012-03-15  69.69  70.32  69.37  69.9  2090500  69.9
2012-03-14  68.78  70.05  68.78  69.88  1834900  69.88
2012-03-13  69.13  69.59  68.59  69.2  2548000  69.2
2012-03-12  68.22  68.92  68.16  68.42  1266000  68.42
2012-03-09  68.09  68.31  67.97  68.29  2472500  68.29
2012-03-08  68.55  68.55  67.69  68.11  1760100  68.11
2012-03-07  68.23  68.59  67.74  68.15  1479200  68.15
2012-03-06  68.7  69.37  67.99  68.23  1926400  68.23
2012-03-05  68.73  69.4  68.49  69.32  1171300  69.32
2012-03-02  68.81  69.12  68.47  69.02  1468400  69.02
2012-03-01  68.19  69.43  68.19  68.98  1783800  68.98
2012-02-29  68.69  68.97  68.11  68.31  1913100  68.31
2012-02-28  69.56  69.56  68.33  68.69  1653900  68.69
2012-02-27  69.08  69.66  68.88  69.38  1542900  69.38
2012-02-24  70.12  70.4  69.57  69.67  980900  69.67
2012-02-23  69.42  70.09  69.41  69.88  1377700  69.88
2012-02-22  70.46  70.61  69.26  69.34  1185000  69.34
2012-02-21  70.28  70.55  69.83  70.49  1232100  70.49
2012-02-17  70.07  70.3  69.8  70.1  1314000  70.1
2012-02-16  69.6  69.95  69.42  69.73  1716400  69.73
2012-02-15  70.4  70.44  69.39  69.49  1282400  69.49
2012-02-14  70.25  70.25  69.6  70.12  1217300  70.12
2012-02-13  70.14  70.56  69.83  70.44  1128900  70.44
2012-02-10  69.27  69.85  69.12  69.62  1190500  69.62
2012-02-09  70.04  70.38  69.8  70.09  1188800  70.09
2012-02-08  70.68  70.73  69.68  70.12  1369300  70.12
2012-02-07  69.05  70.98  69.02  70.69  1821100  70.69
2012-02-06  70.09  70.16  69.29  69.52  1747500  69.52
2012-02-03  69.38  70.75  69.02  70.7  3341400  70.7
2012-02-02  69.23  69.23  68.71  69.05  1857100  69.05
2012-02-01  67.77  69.42  67.77  69.07  3806500  69.07
2012-01-31  66.11  66.79  65.6  66.3  2777800  66.3
2012-01-30  65.75  66.03  65.28  65.71  2023300  65.71
2012-01-27  67.37  67.37  65.44  66.17  3697400  66.17
2012-01-26  68.36  68.39  67.41  67.88  2134100  67.88
2012-01-25  67.42  68.34  66.95  68.28  1917000  68.28
2012-01-24  67.85  67.94  67.26  67.72  1882200  67.72
2012-01-23  69.05  69.25  67.85  68.4  1698100  68.4
2012-01-20  67.72  69.6  67.56  69.23  4149200  69.23
2012-01-19  66.95  67.7  66.5  67.57  2100600  67.57
2012-01-18  66.54  66.79  66.03  66.77  2124400  66.77
2012-01-17  67.15  67.43  66.39  66.65  1570300  66.65
2012-01-13  66.1  66.55  65.55  66.46  1471600  66.46
2012-01-12  66.7  67.13  66.13  66.77  1406900  66.77
2012-01-11  67.03  67.28  66.26  66.44  1851600  66.44
2012-01-10  67.27  67.64  66.72  67.45  2235000  67.45
2012-01-09  66.24  66.66  65.82  66.57  1852800  66.57
2012-01-06  66.23  66.51  65.44  66.27  1472500  66.27
2012-01-05  65.56  66.15  64.96  66.11  2145200  66.11
2012-01-04  66.2  66.54  65.68  65.92  1436900  65.92
2012-01-03  67.38  67.7  66.4  66.55  1465200  66.55
2011-12-30  66.87  67.04  66.33  66.35  886200  66.35
2011-12-29  66.27  66.87  66.27  66.78  1260400  66.78
2011-12-28  66.76  66.76  66.05  66.21  1136000  66.21
2011-12-27  66.52  67.01  66.4  66.8  650000  66.8
2011-12-23  66.43  66.75  66.2  66.68  673600  66.68
2011-12-22  65.39  66.21  65.3  66.2  1460000  66.2
2011-12-21  64.47  65.61  64.34  65.54  1567600  65.54
2011-12-20  63.66  64.79  63.65  64.4  2373500  64.4
2011-12-19  63.1  63.67  62.69  62.73  2227600  62.73
2011-12-16  63.81  63.92  62.88  63.16  2797600  63.16
2011-12-15  64.33  64.33  63.24  63.33  2024900  63.33
2011-12-14  63.06  64.31  62.87  63.65  2355400  63.65
2011-12-13  65.27  65.27  63.14  63.55  1679200  63.55
2011-12-12  65.05  65.31  64.4  64.74  2000500  64.74
2011-12-09  65.46  65.82  65.07  65.64  2195700  65.64
2011-12-08  66.47  66.55  64.86  64.99  2034700  64.99
2011-12-07  65.96  66.78  65.58  66.51  2144200  66.51
2011-12-06  65.9  66.91  65.2  66.47  2401600  66.47
2011-12-05  65.47  66.17  64.91  65.47  1589100  65.47
2011-12-02  65.21  66.12  64.58  64.71  2223500  64.71
2011-12-01  65.64  65.75  64.77  64.92  1941400  64.92
2011-11-30  64.22  65.92  63.68  65.8  2690200  65.8
2011-11-29  62.72  62.91  62.35  62.47  1639300  62.47
2011-11-28  63.07  63.18  62.05  62.67  2992100  62.67
2011-11-25  60.82  61.84  60.65  61.44  1164500  61.44
2011-11-23  61.89  62.08  61.09  61.1  2300200  61.1
2011-11-22  62.75  62.82  62.19  62.27  3365800  62.27
2011-11-21  63.51  63.67  62.22  62.79  3181500  62.79
2011-11-18  63.85  64.57  63.85  64.23  2759100  64.23
2011-11-17  64.96  65.13  63.08  63.49  3243000  63.49
2011-11-16  65.62  66.07  64.96  65.06  2529000  65.06
2011-11-15  66.51  67.03  66.09  66.55  1717600  66.55
2011-11-14  67.0  67.28  66.31  66.52  1496800  66.52
2011-11-11  67.22  67.77  67.17  67.41  1632300  67.41
2011-11-10  67.1  67.3  66.17  66.64  2000500  66.64
2011-11-09  67.39  67.63  66.35  66.49  2893100  66.49
2011-11-08  68.54  68.94  67.74  68.82  1754100  68.82
2011-11-07  67.93  68.4  67.51  68.35  1773300  68.35
2011-11-04  67.84  68.43  67.61  68.17  1838700  68.17
2011-11-03  68.17  68.89  67.4  68.79  2129500  68.79
2011-11-02  67.31  68.32  66.92  67.94  2981200  67.94
2011-11-01  66.2  67.31  65.53  65.69  3038900  65.69
2011-10-31  67.75  69.41  67.75  68.27  2879900  68.27
2011-10-28  68.28  69.47  67.62  68.95  2606800  68.95
2011-10-27  67.67  69.8  67.06  69.39  4595200  69.39
2011-10-26  68.25  69.31  66.57  67.19  3649000  67.19
2011-10-25  65.64  66.71  64.9  65.29  3006500  65.29
2011-10-24  66.49  67.74  66.35  66.78  2866500  66.78
2011-10-21  65.03  66.56  65.03  66.42  4402700  66.42
2011-10-20  62.21  64.52  62.09  64.32  3926700  64.32
2011-10-19  60.74  63.26  60.59  62.4  3837700  62.4
2011-10-18  58.41  61.05  58.29  60.59  2651900  60.59
2011-10-17  59.32  59.32  58.27  58.36  1566500  58.36
2011-10-14  59.83  59.94  58.72  59.76  1231300  59.76
2011-10-13  58.78  59.32  58.34  59.06  1467000  59.06
2011-10-12  59.81  60.22  59.29  59.42  2350200  59.42
2011-10-11  58.69  59.81  58.5  59.36  2127200  59.36
2011-10-10  58.14  59.34  57.98  59.31  1839000  59.31
2011-10-07  58.64  58.68  56.97  57.1  2054300  57.1
2011-10-06  57.48  58.32  56.81  58.26  2480800  58.26
2011-10-05  56.53  57.97  55.96  57.76  2446100  57.76
2011-10-04  55.1  56.55  53.84  56.39  3900000  56.39
2011-10-03  57.11  57.98  55.91  55.94  2687100  55.94
2011-09-30  57.4  58.46  57.28  57.35  2761100  57.35
2011-09-29  57.89  58.41  57.16  58.4  3798800  58.4
2011-09-28  57.34  57.78  56.82  56.93  4036400  56.93
2011-09-27  58.38  58.82  56.79  57.17  3159300  57.17
2011-09-26  56.85  57.72  56.13  57.62  1855300  57.62
2011-09-23  55.49  56.89  55.49  56.17  2561500  56.17
2011-09-22  55.42  56.58  55.29  56.0  3462900  56.0
2011-09-21  59.32  59.65  56.65  56.68  2791400  56.68
2011-09-20  58.81  60.26  58.81  59.5  1711400  59.5
2011-09-19  58.22  58.97  57.98  58.71  1681900  58.71
2011-09-16  58.55  59.17  58.06  59.14  2390300  59.14
2011-09-15  58.5  58.75  57.64  58.17  2013500  58.17
2011-09-14  58.25  58.34  57.0  57.69  2859900  57.69
2011-09-13  58.39  58.61  57.41  57.89  1406800  57.89
2011-09-12  57.25  58.22  56.65  58.19  2245400  58.19
2011-09-09  59.34  59.74  57.91  57.96  2988600  57.96
2011-09-08  59.8  60.67  59.51  60.07  1574500  60.07
2011-09-07  58.76  60.44  58.49  60.39  1787000  60.39
2011-09-06  56.86  58.02  56.65  57.85  1759900  57.85
2011-09-02  58.81  60.04  58.5  58.54  1984800  58.54
2011-09-01  60.63  61.01  59.87  59.95  1591700  59.95
2011-08-31  60.81  61.0  60.22  60.76  1655000  60.76
2011-08-30  60.64  60.92  60.0  60.36  1551800  60.36
2011-08-29  59.48  60.89  59.44  60.88  2694700  60.88
2011-08-26  57.44  58.97  55.98  58.71  2444500  58.71
2011-08-25  59.58  59.92  57.36  57.76  2789100  57.76
2011-08-24  58.17  59.39  57.89  58.89  2510400  58.89
2011-08-23  56.45  58.3  56.2  58.3  2577300  58.3
2011-08-22  57.79  58.03  56.25  56.36  2565500  56.36
2011-08-19  56.9  57.45  56.34  56.43  4760000  56.43
2011-08-18  58.43  59.01  57.13  57.46  3289600  57.46
2011-08-17  59.8  60.3  59.67  60.16  1581400  60.16
2011-08-16  59.56  59.83  59.01  59.56  2264100  59.56
2011-08-15  59.57  60.41  59.32  60.39  1740000  60.39
2011-08-12  60.01  60.01  58.45  59.02  2438400  59.02
2011-08-11  56.47  60.59  55.98  59.67  5465600  59.67
2011-08-10  58.52  58.58  55.67  55.84  3722400  55.84
2011-08-09  56.6  59.59  55.61  59.51  4493400  59.51
2011-08-08  58.14  58.69  55.45  55.49  5876500  55.49
2011-08-05  61.25  61.27  58.74  59.44  4215600  59.44
2011-08-04  61.22  62.15  60.3  60.35  3979400  60.35
2011-08-03  62.47  63.03  62.14  62.93  2932600  62.93
2011-08-02  62.06  63.11  61.99  62.57  3928600  62.57
2011-08-01  63.7  63.85  61.9  62.29  1960300  62.29
2011-07-29  63.01  63.35  62.54  63.02  2522500  63.02
2011-07-28  63.83  65.04  63.04  63.16  2796100  63.16
2011-07-27  63.5  64.61  63.46  64.33  5591900  64.33
2011-07-26  61.49  62.56  61.41  61.98  2026900  61.98
2011-07-25  61.2  61.93  61.08  61.62  1348700  61.62
2011-07-22  62.33  62.33  61.43  61.89  1169200  61.89
2011-07-21  60.37  61.76  60.33  61.4  2191300  61.4
2011-07-20  60.15  60.2  59.62  59.96  1171500  59.96
2011-07-19  60.09  60.22  59.6  60.09  1592400  60.09
2011-07-18  60.6  60.6  59.74  59.92  2104600  59.92
2011-07-15  60.97  61.12  60.16  60.75  1373000  60.75
2011-07-14  61.46  61.65  60.86  60.94  1656800  60.94
2011-07-13  61.09  61.83  61.02  61.17  1219200  61.17
2011-07-12  60.45  61.75  60.31  60.99  2006500  60.99
2011-07-11  60.99  61.31  60.56  60.67  1085500  60.67
2011-07-08  61.59  61.85  61.16  61.76  1277500  61.76
2011-07-07  62.0  62.3  61.58  62.25  1023900  62.25
2011-07-06  61.44  61.53  61.08  61.43  1147100  61.43
2011-07-05  62.34  62.36  61.3  61.44  1647000  61.44
2011-07-01  61.79  62.42  61.73  62.34  1856800  62.34
2011-06-30  62.33  62.33  61.67  61.93  1529300  61.93
2011-06-29  61.2  62.23  61.11  62.17  2331500  62.17
2011-06-28  60.84  60.98  60.62  60.88  1737200  60.88
2011-06-27  59.72  60.9  59.72  60.57  1213500  60.57
2011-06-24  60.28  60.42  59.67  59.84  2049300  59.84
2011-06-23  60.01  60.53  59.42  60.34  1519700  60.34
2011-06-22  60.49  61.2  60.47  60.63  1797500  60.63
2011-06-21  60.61  61.04  60.17  60.68  2292800  60.68
2011-06-20  59.9  60.59  59.42  60.35  2048400  60.35
2011-06-17  60.89  61.21  60.11  60.18  2803100  60.18
2011-06-16  60.05  60.94  60.05  60.6  2385100  60.6
2011-06-15  61.12  61.19  59.99  60.12  2679800  60.12
2011-06-14  61.95  61.95  61.16  61.52  2028500  61.52
2011-06-13  61.52  61.98  61.32  61.52  1591200  61.52
2011-06-10  62.16  62.19  61.38  61.75  1919600  61.75
2011-06-09  62.17  62.67  61.68  62.54  1219800  62.54
2011-06-08  62.97  62.99  61.98  62.02  1917500  62.02
2011-06-07  63.2  63.56  62.95  62.99  1385000  62.99
2011-06-06  63.59  64.01  62.77  62.92  1421500  62.92
2011-06-03  63.27  64.29  63.16  63.72  1756600  63.72
2011-06-02  63.51  64.04  63.3  63.96  1181300  63.96
2011-06-01  64.3  64.81  63.49  63.59  2676100  63.59
2011-05-31  64.7  64.78  64.22  64.4  2101900  64.4
2011-05-27  63.55  64.23  63.37  64.17  2432800  64.17
2011-05-26  63.0  63.46  62.79  63.3  1774700  63.3
2011-05-25  63.28  63.6  62.92  63.28  1588000  63.28
2011-05-24  63.57  63.77  63.21  63.43  2101700  63.43
2011-05-23  63.65  63.98  63.46  63.53  1360000  63.53
2011-05-20  64.71  64.82  64.16  64.2  1519100  64.2
2011-05-19  65.34  65.34  64.42  64.75  1808000  64.75
2011-05-18  64.13  64.89  63.98  64.89  1764800  64.89
2011-05-17  63.2  64.25  62.68  64.18  1815100  64.18
2011-05-16  63.28  63.92  63.01  63.28  1163800  63.28
2011-05-13  64.01  64.31  63.3  63.44  1239900  63.44
2011-05-12  63.19  64.17  63.01  64.09  1378300  64.09
2011-05-11  63.77  64.26  63.2  63.55  1749700  63.55
2011-05-10  63.14  64.07  62.93  64.05  1678100  64.05
2011-05-09  62.97  63.16  62.39  63.03  1388000  63.03
2011-05-06  63.04  63.5  62.68  62.92  1599200  62.92
2011-05-05  62.09  63.59  62.09  62.51  2693600  62.51
2011-05-04  63.31  63.42  61.99  62.2  1871400  62.2
2011-05-03  62.29  63.21  62.27  63.17  1621500  63.17
2011-05-02  63.39  63.46  62.36  62.51  1776500  62.51
2011-04-29  62.97  63.46  62.85  62.93  2456400  62.93
2011-04-28  62.06  63.04  61.94  62.96  2441500  62.96
2011-04-27  61.44  62.16  61.24  61.94  2093800  61.94
2011-04-26  61.1  61.53  61.04  61.17  1700000  61.17
2011-04-25  60.98  61.34  60.73  61.24  1458700  61.24
2011-04-21  60.65  61.33  60.39  61.12  2015600  61.12
2011-04-20  60.85  61.0  59.98  60.19  2465600  60.19
2011-04-19  60.9  60.92  60.0  60.34  1885100  60.34
2011-04-18  60.95  61.05  60.19  60.68  2508700  60.68
2011-04-15  61.65  61.87  61.46  61.65  3498400  61.65
2011-04-14  61.76  62.3  61.46  61.95  3527900  61.95
2011-04-13  62.49  62.55  61.98  62.13  2348400  62.13
2011-04-12  61.92  62.62  61.76  62.33  2736300  62.33
2011-04-11  61.5  62.37  61.5  62.34  2039600  62.34
2011-04-08  61.8  61.98  61.31  61.56  1629700  61.56
2011-04-07  61.89  62.38  61.48  61.58  1965800  61.58
2011-04-06  62.36  62.49  61.85  62.21  2078200  62.21
2011-04-05  62.11  62.84  61.81  62.16  3052300  62.16
2011-04-04  61.76  63.04  61.76  62.66  3240700  62.66
2011-04-01  60.92  61.65  60.73  61.61  2312800  61.61
2011-03-31  59.7  61.05  59.64  60.54  4065300  60.54
2011-03-30  60.11  60.12  59.66  60.05  1754400  60.05
2011-03-29  59.03  59.8  58.7  59.59  2000100  59.59
2011-03-28  58.22  59.15  57.86  58.83  1739100  58.83
2011-03-25  57.99  58.45  57.46  58.06  1852600  58.06
2011-03-24  57.72  57.9  57.23  57.85  1569400  57.85
2011-03-23  57.3  57.72  56.78  57.48  1703200  57.48
2011-03-22  57.73  58.18  57.46  57.48  2738600  57.48
2011-03-21  57.15  57.84  56.92  57.8  1939400  57.8
2011-03-18  57.06  57.64  56.53  56.63  2494700  56.63
2011-03-17  56.66  56.99  56.25  56.61  2111600  56.61
2011-03-16  55.85  56.77  55.73  56.13  3550600  56.13
2011-03-15  55.58  56.31  55.44  56.0  1842800  56.0
2011-03-14  56.55  57.39  56.54  56.87  1323700  56.87
2011-03-11  56.45  57.27  55.44  57.15  1789600  57.15
2011-03-10  57.48  57.69  56.8  56.83  1793100  56.83
2011-03-09  58.05  58.18  57.66  57.98  856800  57.98
2011-03-08  58.02  58.68  57.93  58.27  1442000  58.27
2011-03-07  58.28  58.33  57.61  57.82  2044200  57.82
2011-03-04  58.29  58.41  57.65  58.36  2488400  58.36
2011-03-03  57.78  58.92  57.72  58.41  3077700  58.41
2011-03-02  58.1  58.1  57.11  57.28  2145300  57.28
2011-03-01  58.88  58.96  58.25  58.26  2804200  58.26
2011-02-28  58.87  59.15  58.54  58.88  1974100  58.88
2011-02-25  58.44  59.08  58.14  58.91  1736200  58.91
2011-02-24  59.59  59.81  57.46  58.31  3913600  58.31
2011-02-23  60.18  60.5  59.71  59.85  3786900  59.85
2011-02-22  60.54  61.16  59.54  60.36  4117300  60.36
2011-02-18  59.23  61.25  58.84  61.2  3593200  61.2
2011-02-17  58.34  59.25  58.34  58.96  1362100  58.96
2011-02-16  58.15  58.74  57.87  58.54  1160000  58.54
2011-02-15  58.01  58.51  57.72  58.07  1580500  58.07
2011-02-14  58.88  59.13  57.93  58.18  2090200  58.18
2011-02-11  59.24  59.3  58.88  59.06  1424100  59.06
2011-02-10  59.37  59.63  59.03  59.35  1110100  59.35
2011-02-09  59.52  59.99  59.22  59.65  1735400  59.65
2011-02-08  58.61  59.85  58.49  59.83  1935500  59.83
2011-02-07  58.35  58.9  58.35  58.49  1677500  58.49
2011-02-04  58.83  59.06  58.52  58.7  1329000  58.7
2011-02-03  57.7  58.98  57.37  58.92  2247500  58.92
2011-02-02  57.74  58.38  57.65  58.18  1983400  58.18
2011-02-01  57.91  58.11  57.16  57.87  1954000  57.87
2011-01-31  57.53  57.95  57.1  57.34  1688100  57.34
2011-01-28  58.81  58.91  56.88  56.94  2101000  56.94
2011-01-27  58.33  58.92  57.9  58.83  1611600  58.83
2011-01-26  57.98  58.35  57.66  58.14  1299400  58.14
2011-01-25  56.57  58.0  56.29  57.84  2778600  57.84
2011-01-24  56.2  56.65  56.01  56.51  1899100  56.51
2011-01-21  55.86  56.33  55.44  56.33  2027900  56.33
2011-01-20  56.18  56.9  56.18  56.52  1448800  56.52
2011-01-19  56.45  56.59  56.07  56.39  1409900  56.39
2011-01-18  56.67  56.82  56.41  56.47  2006900  56.47
2011-01-14  56.53  56.69  56.24  56.59  1972800  56.59
2011-01-13  56.56  56.69  56.29  56.67  1152100  56.67
2011-01-12  56.85  57.35  56.57  56.65  1563400  56.65
2011-01-11  56.49  57.0  56.34  56.54  1400900  56.54
2011-01-10  56.74  57.02  56.08  56.28  1561700  56.28
2011-01-07  57.28  57.56  56.63  57.03  1424500  57.03
2011-01-06  57.59  57.78  57.35  57.46  1434700  57.46
2011-01-05  57.73  58.17  57.53  57.71  1870800  57.71
2011-01-04  57.82  58.34  57.66  57.9  1598700  57.9
2011-01-03  58.4  58.49  57.8  57.94  1818000  57.94
2010-12-31  57.89  58.23  57.72  57.95  1367600  57.95
2010-12-30  57.93  58.3  57.72  58.06  1054300  58.06
2010-12-29  57.99  58.2  57.72  57.98  1334900  57.98
2010-12-28  57.85  58.03  57.66  57.99  885200  57.99
2010-12-27  57.52  57.9  57.52  57.77  747200  57.77
2010-12-23  57.64  57.99  57.64  57.84  1027900  57.84
2010-12-22  57.45  57.98  57.45  57.85  1342200  57.85
2010-12-21  56.84  57.74  56.62  57.53  3636800  57.53
2010-12-20  57.25  57.35  56.13  56.75  3027500  56.75
2010-12-17  57.23  57.33  56.76  56.83  2623300  56.83
2010-12-16  56.75  57.24  56.54  57.24  2232400  57.24
2010-12-15  56.26  57.11  56.23  56.58  2353400  56.58
2010-12-14  56.58  57.24  56.43  56.49  1953800  56.49
2010-12-13  56.03  57.01  56.01  56.43  2689500  56.43
2010-12-10  55.25  55.9  55.19  55.81  2297600  55.81
2010-12-09  55.16  55.26  54.68  55.09  2000700  55.09
2010-12-08  54.81  55.15  54.66  55.0  2021400  55.0
2010-12-07  55.16  55.28  54.73  54.85  2168800  54.85
2010-12-06  54.9  55.0  54.64  54.68  1606800  54.68
2010-12-03  55.27  55.38  54.74  55.03  1510700  55.03
2010-12-02  55.14  55.72  55.08  55.41  2135100  55.41
2010-12-01  54.91  55.2  54.53  55.07  1527500  55.07
2010-11-30  54.56  54.88  54.1  54.18  2652000  54.18
2010-11-29  54.16  55.0  54.04  54.88  1392100  54.88
2010-11-26  54.64  54.91  54.53  54.54  539100  54.54
2010-11-24  54.71  55.27  54.46  55.26  1171400  55.26
2010-11-23  54.85  55.25  54.36  54.41  2499500  54.41
2010-11-22  55.55  55.76  55.32  55.68  1195000  55.68
2010-11-19  55.71  56.04  55.4  55.97  1828600  55.97
2010-11-18  55.13  55.95  54.94  55.8  1789300  55.8
2010-11-17  54.48  54.81  54.31  54.62  1511200  54.62
2010-11-16  55.41  55.56  54.41  54.53  2122700  54.53
2010-11-15  55.54  56.16  55.49  55.62  1168000  55.62
2010-11-12  55.56  55.87  55.36  55.37  1374100  55.37
2010-11-11  56.27  56.32  55.66  55.7  2008400  55.7
2010-11-10  55.71  56.57  55.68  56.55  2166900  56.55
2010-11-09  56.58  56.67  55.59  55.78  2102700  55.78
2010-11-08  57.15  57.2  56.34  56.58  1202400  56.58
2010-11-05  57.48  57.85  56.95  57.29  1576700  57.29
2010-11-04  56.64  57.79  56.48  57.65  2010900  57.65
2010-11-03  56.18  56.39  55.48  56.05  1635600  56.05
2010-11-02  56.13  56.45  55.99  56.08  1386600  56.08
2010-11-01  55.38  56.42  55.25  55.83  1423800  55.83
2010-10-29  55.4  55.4  54.86  55.02  1390700  55.02
2010-10-28  56.48  56.62  54.88  55.27  2046900  55.27
2010-10-27  56.24  56.4  55.44  55.97  2306500  55.97
2010-10-26  56.15  56.83  55.94  56.72  1947800  56.72
2010-10-25  56.22  56.56  56.07  56.22  1685000  56.22
2010-10-22  56.14  56.48  55.79  55.91  1382700  55.91
2010-10-21  56.29  56.47  55.72  55.95  1895800  55.95
2010-10-20  55.17  56.33  55.07  56.08  2035500  56.08
2010-10-19  55.52  56.11  54.81  55.01  1886500  55.01
2010-10-18  55.44  55.92  55.15  55.92  1394400  55.92
2010-10-15  55.52  55.59  55.17  55.25  1639200  55.25
2010-10-14  55.21  55.73  55.07  55.31  2076800  55.31
2010-10-13  55.33  55.56  55.17  55.27  1855200  55.27
2010-10-12  54.49  55.33  54.32  55.27  1545200  55.27
2010-10-11  54.5  54.95  54.42  54.79  736400  54.79
2010-10-08  54.54  54.73  54.27  54.54  1465200  54.54
2010-10-07  54.91  55.08  54.35  54.64  1271400  54.64
2010-10-06  54.91  55.05  54.56  54.72  1289800  54.72
2010-10-05  54.03  55.15  53.47  55.09  2253600  55.09
2010-10-04  53.77  54.13  53.47  53.79  1235000  53.79
2010-10-01  54.33  54.5  53.38  53.88  1633200  53.88
2010-09-30  53.73  54.6  53.73  53.93  3516000  53.93
2010-09-29  53.51  53.76  53.24  53.46  2210300  53.46
2010-09-28  53.17  53.91  52.73  53.78  1519800  53.78
2010-09-27  53.28  53.65  52.96  53.0  1210700  53.0
2010-09-24  52.82  53.89  52.76  53.44  2054600  53.44
2010-09-23  52.81  53.11  52.34  52.34  1986000  52.34
2010-09-22  53.91  54.19  52.97  53.06  2140200  53.06
2010-09-21  54.22  54.45  53.77  54.05  1670700  54.05
2010-09-20  53.35  54.26  53.2  54.13  1405300  54.13
2010-09-17  53.38  53.73  52.98  53.31  3902600  53.31
2010-09-16  52.91  53.3  52.75  53.2  2370500  53.2
2010-09-15  52.48  53.28  52.2  53.13  1602600  53.13
2010-09-14  52.48  52.94  51.97  52.81  2414400  52.81
2010-09-13  51.55  52.21  51.42  52.18  2312800  52.18
2010-09-10  51.17  51.4  51.01  51.14  1876500  51.14
2010-09-09  51.16  51.53  50.88  51.22  1940900  51.22
2010-09-08  50.02  50.88  50.02  50.66  2168400  50.66
2010-09-07  50.62  50.68  49.85  49.9  1927300  49.9
2010-09-03  50.63  50.89  50.18  50.86  3222500  50.86
2010-09-02  50.38  50.46  50.09  50.2  2794000  50.2
2010-09-01  49.7  50.39  49.5  50.29  4521300  50.29
2010-08-31  49.12  49.29  48.57  49.23  5040700  49.23
2010-08-30  50.0  50.02  49.14  49.19  2136800  49.19
2010-08-27  49.48  50.03  48.8  50.03  2298900  50.03
2010-08-26  49.4  49.44  48.91  49.2  2275700  49.2
2010-08-25  48.72  49.28  48.19  49.15  2734000  49.15
2010-08-24  48.76  48.97  48.26  48.68  2883900  48.68
2010-08-23  49.53  49.6  49.14  49.24  1514600  49.24
2010-08-20  48.71  49.29  48.71  49.26  1722900  49.26
2010-08-19  49.87  49.87  49.03  49.09  2295600  49.09
2010-08-18  50.12  50.45  49.63  50.08  2291700  50.08
2010-08-17  49.68  50.49  49.68  50.22  2473400  50.22
2010-08-16  48.82  49.35  48.55  49.27  1962100  49.27
2010-08-13  48.02  49.56  48.02  49.18  2389100  49.18
2010-08-12  47.9  48.85  47.65  48.77  2713500  48.77
2010-08-11  49.32  49.44  48.26  48.27  1797000  48.27
2010-08-10  49.39  50.15  49.34  49.86  1773400  49.86
2010-08-09  49.29  49.94  49.27  49.9  1540100  49.9
2010-08-06  49.2  49.31  48.46  49.31  2107900  49.31
2010-08-05  49.82  50.0  49.4  49.48  1514700  49.48
2010-08-04  49.41  50.0  49.21  49.95  3722400  49.95
2010-08-03  48.88  49.3  48.8  49.09  2165300  49.09
2010-08-02  49.47  49.47  48.75  49.03  2626700  49.03
2010-07-30  48.5  49.1  48.27  48.87  3509900  48.87
2010-07-29  49.19  49.58  48.29  48.77  3565500  48.77
2010-07-28  49.28  49.76  48.02  48.77  4770600  48.77
2010-07-27  48.8  49.3  48.78  49.23  4093100  49.23
2010-07-26  48.38  48.94  48.38  48.63  4283300  48.63
2010-07-23  48.54  48.92  48.34  48.56  3474300  48.56
2010-07-22  48.47  48.72  48.16  48.41  4908200  48.41
2010-07-21  49.23  49.42  47.9  48.01  5506700  48.01
2010-07-20  48.26  48.99  48.08  48.95  3828800  48.95
2010-07-19  49.32  49.32  48.49  48.78  4106400  48.78
2010-07-16  49.91  50.3  48.99  49.13  4447300  49.13
2010-07-15  50.28  50.42  49.67  50.32  7620800  50.32
2010-07-14  51.06  51.16  50.37  50.5  73235200  50.5
2010-07-13  50.59  51.2  50.57  51.13  9211500  51.13
2010-07-12  49.96  50.6  49.91  50.34  9753700  50.34
2010-07-09  50.74  50.93  49.94  50.04  18243500  50.04
2010-07-08  47.6  47.84  47.29  47.78  2170900  47.78
2010-07-07  47.2  47.47  46.5  47.47  3317100  47.47
2010-07-06  47.08  47.34  46.15  46.53  2991700  46.53
2010-07-02  47.12  47.33  46.32  46.51  2324600  46.51
2010-07-01  47.11  47.38  46.27  46.84  2326800  46.84
2010-06-30  47.48  47.88  47.05  47.1  3020200  47.1
2010-06-29  48.3  48.45  47.13  47.37  3985700  47.37
2010-06-28  48.66  49.15  48.33  48.84  3621600  48.84
2010-06-25  48.62  48.97  47.67  48.67  22405800  48.67
2010-06-24  48.1  48.63  47.99  48.3  3706400  48.3
2010-06-23  48.65  48.89  48.05  48.38  3553600  48.38
2010-06-22  48.71  49.52  48.71  48.95  4685600  48.95
2010-06-21  49.3  49.36  48.53  48.82  1512600  48.82
2010-06-18  48.08  48.75  47.97  48.56  2699200  48.56
2010-06-17  47.6  48.11  47.48  48.08  1575000  48.08
2010-06-16  47.63  48.0  47.52  47.68  1577900  47.68
2010-06-15  47.06  47.99  46.78  47.87  1900800  47.87
2010-06-14  47.03  47.42  46.57  47.02  2105900  47.02
2010-06-11  45.88  47.0  45.88  46.9  1960200  46.9
2010-06-10  45.69  46.41  45.68  46.32  1982700  46.32
2010-06-09  45.27  45.83  44.84  45.22  3183200  45.22
2010-06-08  44.42  45.21  43.93  45.17  2790300  45.17
2010-06-07  44.53  44.81  44.17  44.36  2758500  44.36
2010-06-04  44.97  45.24  44.16  44.32  2655800  44.32
2010-06-03  45.12  45.9  44.91  45.83  2327600  45.83
2010-06-02  44.58  45.13  44.0  45.13  3539400  45.13
2010-06-01  44.95  45.57  44.4  44.43  4609700  44.43
2010-05-28  45.56  45.56  44.95  44.98  2552300  44.98
2010-05-27  44.84  45.57  44.68  45.57  2911200  45.57
2010-05-26  45.17  45.24  44.22  44.31  3305800  44.31
2010-05-25  44.21  44.71  43.55  44.57  4534800  44.57
2010-05-24  46.83  46.83  44.92  44.97  4841400  44.97
2010-05-21  45.35  45.78  44.99  45.69  4977600  45.69
2010-05-20  47.62  48.08  45.71  45.71  4088300  45.71
2010-05-19  48.25  48.91  47.79  48.33  3380600  48.33
2010-05-18  48.99  49.07  48.08  48.26  2259100  48.26
2010-05-17  48.51  48.86  48.04  48.77  2118900  48.77
2010-05-14  48.72  49.0  48.36  48.52  2459900  48.52
2010-05-13  48.89  49.62  48.89  49.15  3071500  49.15
2010-05-12  47.25  49.29  47.1  49.21  4820700  49.21
2010-05-11  46.54  47.39  46.38  47.24  1509700  47.24
2010-05-10  47.46  47.51  46.73  47.15  1989300  47.15
2010-05-07  46.2  47.13  45.86  46.24  1854900  46.24
2010-05-06  47.69  47.75  44.95  46.31  2382500  46.31
2010-05-05  47.21  48.04  47.21  47.81  1582000  47.81
2010-05-04  47.97  48.13  47.48  47.65  1336900  47.65
2010-05-03  48.68  48.8  48.22  48.37  2449400  48.37
2010-04-30  48.5  48.81  48.09  48.66  2459300  48.66
2010-04-29  48.18  49.56  47.69  48.62  3387600  48.62
2010-04-28  48.91  49.27  48.45  49.09  3427500  49.09
2010-04-27  47.94  48.21  47.55  47.94  3024100  47.94
2010-04-26  48.66  48.72  48.15  48.17  1882500  48.17
2010-04-23  47.54  48.62  47.39  48.61  2895300  48.61
2010-04-22  47.56  47.93  47.34  47.76  2165500  47.76
2010-04-21  48.26  48.37  47.72  47.99  2260700  47.99
2010-04-20  47.97  48.24  47.51  48.23  1981200  48.23
2010-04-19  47.79  48.07  47.64  47.96  1903700  47.96
2010-04-16  48.82  49.12  48.03  48.14  1736000  48.14
2010-04-15  49.04  49.08  48.69  48.81  1584300  48.81
2010-04-14  49.07  49.32  48.91  49.3  1598000  49.3
2010-04-13  48.43  48.96  48.39  48.86  1495200  48.86
2010-04-12  48.79  48.92  48.38  48.54  1244400  48.54
2010-04-09  48.99  49.14  48.69  48.89  1669600  48.89
2010-04-08  48.79  48.9  48.49  48.76  1413900  48.76
2010-04-07  48.09  49.09  47.87  49.0  2215700  49.0
2010-04-06  48.17  48.41  47.93  48.24  1585900  48.24
2010-04-05  47.99  48.54  47.65  48.09  1694300  48.09
2010-04-01  48.01  48.33  47.98  48.33  1386500  48.33
2010-03-31  48.12  48.12  47.77  47.85  1563200  47.85
2010-03-30  48.27  48.38  48.1  48.13  1080400  48.13
2010-03-29  48.28  48.37  47.94  48.21  1249600  48.21
2010-03-26  48.04  48.5  47.76  47.99  1961500  47.99
2010-03-25  48.43  48.43  47.89  47.91  1706000  47.91
2010-03-24  48.05  48.47  47.75  48.1  2009000  48.1
2010-03-23  47.76  48.03  47.39  48.01  2598500  48.01
2010-03-22  47.67  47.8  47.28  47.69  3447700  47.69
2010-03-19  47.01  47.96  47.01  47.93  4248300  47.93
2010-03-18  46.72  46.94  46.34  46.86  1485400  46.86
2010-03-17  46.79  47.32  46.65  46.84  2072100  46.84
2010-03-16  46.33  46.63  46.0  46.62  1296900  46.62
2010-03-15  45.45  46.28  45.38  46.21  2724900  46.21
2010-03-12  45.83  45.98  45.52  45.66  2362300  45.66
2010-03-11  45.22  45.79  45.03  45.7  3273700  45.7
2010-03-10  45.93  46.05  45.18  45.42  3305900  45.42
2010-03-09  46.88  46.89  45.68  45.87  3166000  45.87
2010-03-08  47.03  47.3  46.73  47.13  1156700  47.13
2010-03-05  46.31  46.88  46.02  46.83  1462700  46.83
2010-03-04  46.13  46.38  45.63  46.25  1196700  46.25
2010-03-03  45.83  46.22  45.49  45.98  1273500  45.98
2010-03-02  45.94  45.97  45.72  45.8  1422400  45.8
2010-03-01  45.5  45.94  45.47  45.87  1886600  45.87
2010-02-26  45.95  46.0  45.34  45.47  1979300  45.47
2010-02-25  45.46  45.86  45.34  45.81  1911400  45.81
2010-02-24  45.54  45.83  45.34  45.78  1892800  45.78
2010-02-23  45.95  46.12  45.73  45.74  1522600  45.74
2010-02-22  45.76  46.23  45.7  46.11  1303700  46.11
2010-02-19  45.54  46.05  45.14  45.83  1455400  45.83
2010-02-18  44.88  46.05  44.61  45.77  2134500  45.77
2010-02-17  45.34  45.42  44.83  45.25  2926000  45.25
2010-02-16  44.75  45.02  43.86  45.01  2424700  45.01
2010-02-12  44.12  44.42  43.67  44.39  2110700  44.39
2010-02-11  44.45  44.57  43.35  44.37  2167100  44.37
2010-02-10  44.29  44.52  43.97  44.38  1299700  44.38
2010-02-09  44.35  44.56  44.01  44.29  1739700  44.29
2010-02-08  44.04  44.39  43.79  43.94  2172300  43.94
2010-02-05  43.97  44.46  43.07  43.96  3492200  43.96
2010-02-04  45.01  45.38  43.6  43.78  5433300  43.78
2010-02-03  46.0  46.12  44.77  45.17  3324700  45.17
2010-02-02  44.71  45.16  44.17  45.08  2709900  45.08
2010-02-01  44.92  44.94  44.44  44.59  2365100  44.59
2010-01-29  44.4  45.16  44.16  44.81  2832700  44.81
2010-01-28  44.58  44.69  44.08  44.41  1801400  44.41
2010-01-27  44.02  44.54  43.86  44.53  1325400  44.53
2010-01-26  44.07  44.97  44.06  44.16  2622800  44.16
2010-01-25  43.83  44.21  43.65  44.06  1607700  44.06
2010-01-22  43.96  44.22  43.49  43.56  3630300  43.56
2010-01-21  44.45  44.45  43.42  44.03  2192800  44.03
2010-01-20  44.01  44.39  43.79  44.33  1519300  44.33
2010-01-19  43.74  44.53  43.65  44.4  2328700  44.4
2010-01-15  44.07  44.17  43.59  43.85  2105000  43.85
2010-01-14  43.74  44.39  43.7  44.32  2444700  44.32
2010-01-13  43.93  44.12  43.74  43.9  2293900  43.9
2010-01-12  43.85  44.0  43.33  43.76  3012300  43.76
2010-01-11  43.32  43.75  42.83  43.67  3899100  43.67
2010-01-08  43.44  43.55  43.04  43.2  2484200  43.2
2010-01-07  43.39  43.62  43.04  43.45  7213100  43.45
2010-01-06  43.84  44.03  43.18  43.2  5479100  43.2
2010-01-05  44.22  44.62  43.37  43.8  9280400  43.8
2010-01-04  45.84  46.14  44.69  44.81  2670300  44.81
