Date  Open  High  Low  Close  Volume  Adj Close
2014-02-28  13.8  13.86  13.57  13.65  9202800  13.65
2014-02-27  14.08  14.1  13.74  13.78  10288000  13.78
2014-02-26  14.17  14.37  14.02  14.17  9411200  14.17
2014-02-25  14.26  14.39  14.15  14.29  4971900  14.29
2014-02-24  14.62  14.68  14.23  14.27  9062200  14.27
2014-02-21  14.53  14.78  14.46  14.63  4392900  14.63
2014-02-20  14.37  14.76  14.37  14.52  5707300  14.52
2014-02-19  14.67  14.81  14.36  14.41  6897500  14.41
2014-02-18  14.65  14.94  14.62  14.76  4366100  14.76
2014-02-14  14.44  14.62  14.42  14.62  2871900  14.62
2014-02-13  14.21  14.6  14.2  14.49  3640600  14.49
2014-02-12  14.33  14.36  14.17  14.31  4655900  14.31
2014-02-11  14.05  14.49  14.03  14.33  4940400  14.33
2014-02-10  14.02  14.11  13.82  14.05  3095300  14.05
2014-02-07  14.0  14.1  13.92  14.06  3439100  14.06
2014-02-06  13.85  13.99  13.79  13.96  3388800  13.96
2014-02-05  13.74  13.92  13.58  13.84  3564300  13.84
2014-02-04  13.76  13.89  13.62  13.83  4359500  13.83
2014-02-03  14.06  14.22  13.68  13.71  5421100  13.71
2014-01-31  13.78  14.1  13.71  14.06  7542400  14.06
2014-01-30  13.8  13.97  13.73  13.95  3184900  13.95
2014-01-29  13.75  13.91  13.63  13.7  7127300  13.7
2014-01-28  13.6  13.92  13.57  13.92  5337000  13.92
2014-01-27  13.67  13.7  13.37  13.59  8703400  13.59
2014-01-24  14.08  14.08  13.49  13.67  12287800  13.67
2014-01-23  14.3  14.35  14.01  14.14  5266300  14.14
2014-01-22  14.38  14.54  14.34  14.42  3384100  14.42
2014-01-21  14.41  14.5  14.23  14.38  4683800  14.38
2014-01-17  14.31  14.39  14.22  14.25  3437900  14.25
2014-01-16  14.23  14.32  14.13  14.26  4247100  14.26
2014-01-15  14.4  14.42  14.18  14.25  5268500  14.25
2014-01-14  14.22  14.4  14.13  14.39  4268300  14.39
2014-01-13  14.4  14.46  14.16  14.21  4807200  14.21
2014-01-10  14.45  14.65  14.43  14.48  4807700  14.48
2014-01-09  14.31  14.49  14.22  14.41  5359500  14.41
2014-01-08  14.49  14.56  14.16  14.25  6992400  14.25
2014-01-07  14.31  14.75  14.31  14.54  10596900  14.54
2014-01-06  14.29  14.4  14.08  14.29  5067000  14.29
2014-01-03  14.23  14.3  14.06  14.15  4104700  14.15
2014-01-02  14.46  14.51  14.14  14.22  3987200  14.22
2013-12-31  14.4  14.5  14.34  14.46  2330800  14.46
2013-12-30  14.43  14.47  14.23  14.41  4131800  14.41
2013-12-27  14.46  14.55  14.31  14.4  2515100  14.4
2013-12-26  14.42  14.59  14.4  14.41  2892100  14.41
2013-12-24  14.31  14.48  14.18  14.42  1851900  14.42
2013-12-23  14.32  14.44  14.29  14.34  4803000  14.34
2013-12-20  14.12  14.36  14.09  14.27  9718700  14.27
2013-12-19  14.09  14.19  13.98  14.07  5860800  14.07
2013-12-18  14.0  14.22  13.76  14.16  7681100  14.16
2013-12-17  13.94  14.01  13.79  13.89  6803400  13.89
2013-12-16  13.77  14.06  13.7  13.91  9762600  13.91
2013-12-13  13.48  13.9  13.44  13.63  37696900  13.63
2013-12-12  13.97  14.22  13.72  13.8  14114500  13.8
2013-12-11  14.42  14.52  14.23  14.27  5386500  14.27
2013-12-10  14.64  14.7  14.39  14.44  5185500  14.44
2013-12-09  14.99  15.01  14.62  14.66  4751100  14.66
2013-12-06  14.83  15.09  14.73  14.97  7457300  14.97
2013-12-05  15.21  15.24  14.63  14.69  11045800  14.69
2013-12-04  14.77  15.48  14.67  15.25  13164800  15.25
2013-12-03  14.36  14.84  14.3  14.83  7908600  14.83
2013-12-02  14.52  14.65  14.4  14.42  3855900  14.42
2013-11-29  14.4  14.61  14.35  14.52  2144900  14.52
2013-11-27  14.45  14.5  14.26  14.42  3496600  14.42
2013-11-26  14.45  14.5  14.23  14.38  3802300  14.38
2013-11-25  14.62  14.68  14.45  14.48  3494500  14.48
2013-11-22  14.55  14.68  14.5  14.57  3777100  14.57
2013-11-21  14.65  14.72  14.55  14.58  3720300  14.58
2013-11-20  14.7  14.78  14.52  14.54  4933700  14.54
2013-11-19  14.92  14.98  14.6  14.65  7229000  14.65
2013-11-18  15.23  15.25  14.89  14.91  5661700  14.91
2013-11-15  15.11  15.24  14.95  15.22  6125700  15.22
2013-11-14  15.1  15.19  14.95  15.14  7375400  15.14
2013-11-13  14.73  15.07  14.6  15.06  7122300  15.06
2013-11-12  14.48  14.88  14.46  14.81  11397800  14.81
2013-11-11  14.14  14.51  14.1  14.51  6251600  14.51
2013-11-08  13.69  14.19  13.56  14.16  6265800  14.16
2013-11-07  14.04  14.31  13.57  13.65  6617100  13.65
2013-11-06  13.91  14.04  13.88  14.0  3820100  14.0
2013-11-05  13.99  14.04  13.88  13.91  4566600  13.91
2013-11-04  14.0  14.15  13.89  14.07  6881700  14.07
2013-11-01  14.03  14.12  13.87  13.94  5283600  13.94
2013-10-31  14.17  14.24  13.92  14.04  4648600  14.04
2013-10-30  14.28  14.44  14.08  14.19  3010200  14.19
2013-10-29  14.3  14.37  14.18  14.21  2169300  14.21
2013-10-28  14.22  14.31  14.12  14.26  4283000  14.26
2013-10-25  14.01  14.25  13.94  14.22  2466000  14.22
2013-10-24  13.98  14.1  13.88  13.98  3740400  13.98
2013-10-23  14.17  14.27  13.92  13.96  4324600  13.96
2013-10-22  14.19  14.33  14.16  14.21  4098100  14.21
2013-10-21  14.1  14.28  14.05  14.13  3700800  14.13
2013-10-18  14.01  14.23  13.95  14.12  3790200  14.12
2013-10-17  13.64  14.12  13.59  13.97  6067900  13.97
2013-10-16  13.52  13.71  13.48  13.66  3055100  13.66
2013-10-15  13.65  13.72  13.42  13.45  2888200  13.45
2013-10-14  13.54  13.73  13.37  13.72  3896300  13.72
2013-10-11  13.47  13.64  13.41  13.6  2375300  13.6
2013-10-10  13.22  13.48  13.12  13.46  4400200  13.46
2013-10-09  13.24  13.29  13.11  13.14  4135700  13.14
2013-10-08  13.28  13.49  13.18  13.21  3388300  13.21
2013-10-07  13.2  13.29  13.16  13.2  2716200  13.2
2013-10-04  13.18  13.38  13.11  13.29  2664900  13.29
2013-10-03  13.22  13.25  13.07  13.16  2856900  13.16
2013-10-02  13.26  13.32  13.13  13.26  3229400  13.26
2013-10-01  13.24  13.36  13.17  13.29  2272600  13.29
2013-09-30  13.3  13.34  13.15  13.2  3764000  13.2
2013-09-27  13.47  13.53  13.28  13.38  2771300  13.38
2013-09-26  13.43  13.56  13.4  13.5  2705500  13.5
2013-09-25  13.45  13.57  13.19  13.42  3453100  13.42
2013-09-24  13.44  13.51  13.33  13.43  4684200  13.43
2013-09-23  13.22  13.49  13.22  13.42  5136200  13.42
2013-09-20  13.49  13.51  13.26  13.29  4232000  13.29
2013-09-19  13.61  13.68  13.42  13.5  2635900  13.5
2013-09-18  13.2  13.66  13.12  13.56  4670800  13.56
2013-09-17  13.29  13.37  13.21  13.23  5708200  13.23
2013-09-16  13.31  13.46  13.17  13.26  4866500  13.26
2013-09-13  13.28  13.35  13.14  13.18  3764200  13.18
2013-09-12  13.37  13.4  13.19  13.29  3657500  13.29
2013-09-11  13.49  13.49  13.28  13.34  4061700  13.34
2013-09-10  13.3  13.48  13.26  13.48  5811600  13.48
2013-09-09  13.01  13.23  12.99  13.2  4148400  13.2
2013-09-06  12.67  13.28  12.67  13.01  10308800  13.01
2013-09-05  12.51  12.65  12.51  12.63  2394300  12.63
2013-09-04  12.64  12.67  12.47  12.56  2562300  12.56
2013-09-03  12.79  12.86  12.56  12.62  3430600  12.62
2013-08-30  12.72  12.78  12.57  12.63  3229600  12.63
2013-08-29  12.78  12.88  12.64  12.7  1931200  12.7
2013-08-28  12.64  12.84  12.59  12.78  3171600  12.78
2013-08-27  12.71  12.85  12.63  12.65  5698100  12.65
2013-08-26  12.85  12.98  12.75  12.87  5002600  12.87
2013-08-23  12.87  12.89  12.71  12.83  2044600  12.83
2013-08-22  12.57  12.86  12.52  12.8  3461000  12.8
2013-08-21  12.57  12.64  12.44  12.54  3547300  12.54
2013-08-20  12.45  12.64  12.31  12.61  3770200  12.61
2013-08-19  12.51  12.56  12.3  12.41  4464800  12.41
2013-08-16  12.7  12.7  12.47  12.58  2733000  12.58
2013-08-15  12.82  12.86  12.66  12.73  3644500  12.73
2013-08-14  12.87  12.99  12.79  12.91  3424300  12.91
2013-08-13  13.03  13.03  12.81  12.89  4810200  12.89
2013-08-12  12.98  13.04  12.92  13.0  3170700  13.0
2013-08-09  13.03  13.25  13.0  13.01  3605600  13.01
2013-08-08  12.81  13.3  12.7  13.05  5706200  13.05
2013-08-07  12.6  12.8  12.51  12.79  4572700  12.79
2013-08-06  12.62  12.74  12.57  12.68  5994600  12.68
2013-08-05  12.49  12.74  12.45  12.7  4252400  12.7
2013-08-02  12.58  12.62  12.41  12.58  2713900  12.58
2013-08-01  12.45  12.62  12.32  12.58  3259700  12.58
2013-07-31  12.27  12.51  12.16  12.36  4778400  12.36
2013-07-30  12.37  12.4  12.26  12.3  3755300  12.3
2013-07-29  12.35  12.42  12.27  12.28  2804900  12.28
2013-07-26  12.26  12.37  12.2  12.36  2518700  12.36
2013-07-25  12.25  12.35  12.13  12.33  3674300  12.33
2013-07-24  12.6  12.6  12.2  12.3  2570000  12.3
2013-07-23  12.56  12.7  12.43  12.64  2056500  12.64
2013-07-22  12.7  12.75  12.54  12.56  2993600  12.56
2013-07-19  12.61  12.78  12.59  12.71  3721600  12.71
2013-07-18  12.62  12.71  12.6  12.63  3592700  12.63
2013-07-17  12.74  12.78  12.55  12.62  3123800  12.62
2013-07-16  12.72  12.77  12.6  12.65  3469600  12.65
2013-07-15  12.48  12.78  12.46  12.75  3748400  12.75
2013-07-12  12.38  12.5  12.33  12.48  3330800  12.48
2013-07-11  12.29  12.42  12.27  12.41  4191200  12.41
2013-07-10  11.89  12.16  11.86  12.14  6342200  12.14
2013-07-09  11.86  11.99  11.85  11.91  5249200  11.91
2013-07-08  11.78  11.9  11.77  11.81  4803900  11.81
2013-07-05  11.76  11.8  11.61  11.75  3694300  11.75
2013-07-03  11.59  11.86  11.51  11.72  2864900  11.72
2013-07-02  11.79  11.93  11.66  11.7  5972000  11.7
2013-07-01  12.0  12.0  11.74  11.79  5311800  11.79
2013-06-28  11.86  11.99  11.75  11.87  7134900  11.87
2013-06-27  11.85  11.98  11.78  11.84  7370700  11.84
2013-06-26  11.64  11.86  11.6  11.8  5247600  11.8
2013-06-25  11.4  11.67  11.29  11.56  6100000  11.56
2013-06-24  11.27  11.48  11.13  11.3  5858200  11.3
2013-06-21  11.4  11.5  11.06  11.37  7723500  11.37
2013-06-20  11.52  11.63  11.27  11.32  7258000  11.32
2013-06-19  12.02  12.06  11.57  11.57  7135400  11.57
2013-06-18  12.16  12.18  12.02  12.05  7075900  12.05
2013-06-17  12.3  12.36  12.06  12.13  4514300  12.13
2013-06-14  12.29  12.38  12.17  12.24  2304400  12.24
2013-06-13  12.05  12.29  12.0  12.27  3163100  12.27
2013-06-12  12.28  12.31  11.98  12.06  3640800  12.06
2013-06-11  12.04  12.27  11.94  12.19  4736500  12.19
2013-06-10  12.39  12.43  12.12  12.14  3919100  12.14
2013-06-07  12.2  12.49  12.16  12.39  4139200  12.39
2013-06-06  11.94  12.21  11.9  12.16  5945900  12.16
2013-06-05  12.09  12.13  11.9  11.95  4877000  11.95
2013-06-04  12.19  12.26  12.06  12.16  6288900  12.16
2013-06-03  12.09  12.27  11.92  12.17  7857800  12.17
2013-05-31  12.16  12.39  12.08  12.08  5623100  12.08
2013-05-30  12.28  12.54  12.18  12.19  4496400  12.19
2013-05-29  12.21  12.31  11.95  12.25  6643300  12.25
2013-05-28  12.63  12.65  12.15  12.3  7682500  12.3
2013-05-24  12.68  12.71  12.48  12.54  2892400  12.54
2013-05-23  12.63  12.86  12.43  12.78  5943900  12.78
2013-05-22  12.89  13.12  12.63  12.72  7910800  12.72
2013-05-21  12.8  12.92  12.71  12.87  8428200  12.87
2013-05-20  12.86  12.9  12.73  12.81  4060700  12.81
2013-05-17  12.75  12.87  12.73  12.86  4908300  12.86
2013-05-16  12.89  12.94  12.66  12.74  8298400  12.74
2013-05-15  13.01  13.14  12.85  12.95  10861600  12.95
2013-05-14  12.89  13.15  12.85  13.0  5578600  13.0
2013-05-13  13.11  13.11  12.83  12.88  5855100  12.88
2013-05-10  12.87  13.19  12.6  13.18  12089500  13.18
2013-05-09  13.65  13.66  13.05  13.09  7820500  13.09
2013-05-08  13.79  13.87  13.65  13.77  4829200  13.77
2013-05-07  13.7  13.85  13.63  13.83  5013500  13.83
2013-05-06  13.68  13.73  13.57  13.7  2747200  13.7
2013-05-03  13.78  13.85  13.66  13.69  4678400  13.69
2013-05-02  13.73  13.75  13.57  13.7  3763500  13.7
2013-05-01  13.73  13.81  13.61  13.67  3918100  13.67
2013-04-30  13.56  13.81  13.49  13.73  10961000  13.73
2013-04-29  13.37  13.61  13.32  13.53  6864000  13.53
2013-04-26  13.32  13.41  13.2  13.3  8188000  13.3
2013-04-25  13.09  13.43  12.99  13.29  7344100  13.29
2013-04-24  13.01  13.11  12.9  13.07  3718100  13.07
2013-04-23  12.83  13.03  12.73  12.98  4965100  12.98
2013-04-22  12.72  12.85  12.54  12.76  3847500  12.76
2013-04-19  12.37  12.72  12.37  12.71  5083200  12.71
2013-04-18  12.48  12.52  12.37  12.46  6448900  12.46
2013-04-17  12.62  12.64  12.31  12.48  9794700  12.48
2013-04-16  12.59  12.74  12.55  12.71  3786200  12.71
2013-04-15  12.91  13.03  12.5  12.53  5645000  12.53
2013-04-12  12.71  12.94  12.69  12.94  4166000  12.94
2013-04-11  12.71  12.82  12.69  12.77  4612400  12.77
2013-04-10  12.57  12.77  12.51  12.69  5271900  12.69
2013-04-09  12.48  12.56  12.35  12.48  6840400  12.48
2013-04-08  12.24  12.45  12.2  12.43  8949000  12.43
2013-04-05  12.21  12.42  12.2  12.27  6562800  12.27
2013-04-04  12.31  12.46  12.29  12.37  3259000  12.37
2013-04-03  12.36  12.41  12.25  12.3  4900500  12.3
2013-04-02  12.38  12.39  12.27  12.35  3064000  12.35
2013-04-01  12.41  12.45  12.23  12.35  3016500  12.35
2013-03-28  12.41  12.45  12.31  12.41  4020600  12.41
2013-03-27  12.17  12.39  12.1  12.38  4543500  12.38
2013-03-26  12.23  12.35  12.18  12.23  5049500  12.23
2013-03-25  12.34  12.39  12.1  12.15  6163200  12.15
2013-03-22  12.31  12.35  12.21  12.25  5071800  12.25
2013-03-21  12.47  12.53  12.26  12.26  4838200  12.26
2013-03-20  12.34  12.56  12.34  12.52  7344200  12.52
2013-03-19  12.3  12.33  12.13  12.29  4869100  12.29
2013-03-18  12.24  12.37  12.11  12.23  8102800  12.23
2013-03-15  12.36  12.45  12.22  12.34  8931000  12.34
2013-03-14  12.47  12.57  12.37  12.41  8850200  12.41
2013-03-13  12.36  12.55  12.3  12.48  4768400  12.48
2013-03-12  12.32  12.47  12.3  12.39  4151100  12.39
2013-03-11  12.14  12.37  12.14  12.35  4885000  12.35
2013-03-08  12.24  12.24  12.06  12.18  4384200  12.18
2013-03-07  12.2  12.23  12.1  12.17  5004600  12.17
2013-03-06  12.12  12.26  12.09  12.2  6689300  12.2
2013-03-05  11.89  12.08  11.86  12.03  6471600  12.03
2013-03-04  11.77  11.92  11.67  11.87  9989100  11.87
2013-03-01  11.41  11.79  11.38  11.78  7874700  11.78
2013-02-28  11.52  11.64  11.46  11.47  8716800  11.47
2013-02-27  10.93  11.65  10.87  11.49  11982300  11.49
2013-02-26  10.77  10.87  10.66  10.81  5059800  10.81
2013-02-25  11.13  11.17  10.75  10.76  7176700  10.76
2013-02-22  10.98  11.09  10.94  11.09  3545700  11.09
2013-02-21  11.21  11.22  10.9  10.92  4101600  10.92
2013-02-20  11.22  11.28  11.17  11.23  8649500  11.23
2013-02-19  11.03  11.23  11.03  11.23  4541800  11.23
2013-02-15  11.08  11.1  10.97  11.03  4121200  11.03
2013-02-14  11.17  11.24  11.07  11.07  4892100  11.07
2013-02-13  11.17  11.29  11.17  11.2  4463800  11.2
2013-02-12  11.09  11.19  11.03  11.17  5019900  11.17
2013-02-11  10.92  11.08  10.88  11.06  5735400  11.06
2013-02-08  10.98  11.0  10.85  10.93  6413900  10.93
2013-02-07  10.92  11.0  10.85  10.97  5463600  10.97
2013-02-06  10.81  10.95  10.79  10.92  4023200  10.92
2013-02-05  10.82  10.93  10.77  10.85  5720100  10.85
2013-02-04  10.95  10.97  10.76  10.78  4402400  10.78
2013-02-01  10.79  10.99  10.72  10.91  6578600  10.91
2013-01-31  10.75  10.81  10.64  10.7  7138500  10.7
2013-01-30  10.55  10.81  10.52  10.74  18373200  10.74
2013-01-29  10.68  10.69  10.5  10.53  20323400  10.53
2013-01-28  10.88  10.9  10.66  10.67  9922600  10.67
2013-01-25  10.92  11.0  10.82  10.91  5543800  10.91
2013-01-24  11.04  11.12  10.86  10.91  7951700  10.91
2013-01-23  11.1  11.13  10.92  11.03  4565400  11.03
2013-01-22  10.92  11.18  10.91  11.13  3983300  11.13
2013-01-18  10.92  10.96  10.82  10.96  2706700  10.96
2013-01-17  10.82  10.96  10.81  10.89  2677900  10.89
2013-01-16  10.76  10.84  10.71  10.77  3127200  10.77
2013-01-15  10.82  10.86  10.62  10.82  2746700  10.82
2013-01-14  10.92  11.0  10.81  10.85  4126900  10.85
2013-01-11  10.9  10.98  10.82  10.93  3671800  10.93
2013-01-10  10.77  10.93  10.7  10.91  3716300  10.91
2013-01-09  10.66  10.77  10.61  10.72  3836900  10.72
2013-01-08  10.63  10.75  10.51  10.67  3683000  10.67
2013-01-07  11.14  11.14  10.63  10.67  6791100  10.67
2013-01-04  10.81  11.07  10.75  11.02  6218700  11.02
2013-01-03  10.77  10.87  10.7  10.76  8415000  10.76
2013-01-02  10.71  10.85  10.63  10.82  5166900  10.82
2012-12-31  10.33  10.57  10.24  10.53  3652800  10.53
2012-12-28  10.39  10.47  10.31  10.34  2737400  10.34
2012-12-27  10.57  10.61  10.27  10.47  3612600  10.47
2012-12-26  10.64  10.69  10.56  10.59  2388900  10.59
2012-12-24  10.7  10.72  10.55  10.62  1203300  10.62
2012-12-21  10.76  10.81  10.59  10.72  5069900  10.72
2012-12-20  10.78  10.85  10.7  10.84  2636200  10.84
2012-12-19  10.9  10.9  10.71  10.73  5674100  10.73
2012-12-18  10.7  10.89  10.68  10.87  3788100  10.87
2012-12-17  10.58  10.74  10.56  10.72  5048900  10.72
2012-12-14  10.56  10.62  10.51  10.57  3670200  10.57
2012-12-13  10.54  10.6  10.43  10.59  4566700  10.59
2012-12-12  10.56  10.62  10.54  10.57  3855800  10.57
2012-12-11  10.56  10.7  10.52  10.55  4892800  10.55
2012-12-10  10.66  10.69  10.53  10.55  5272900  10.55
2012-12-07  10.66  10.8  10.59  10.68  5116700  10.68
2012-12-06  10.69  10.78  10.61  10.66  6648300  10.66
2012-12-05  10.52  10.74  10.44  10.68  8289900  10.68
2012-12-04  10.38  10.61  10.35  10.55  6784200  10.55
2012-12-03  10.59  10.59  10.36  10.4  4482800  10.4
2012-11-30  10.25  10.51  10.24  10.5  20870500  10.5
2012-11-29  10.27  10.29  10.11  10.25  4427100  10.25
2012-11-28  9.98  10.23  9.95  10.23  4244900  10.23
2012-11-27  10.05  10.17  9.95  10.0  7278600  10.0
2012-11-26  9.9  10.11  9.89  10.03  5643900  10.03
2012-11-23  9.98  10.02  9.86  9.94  2904400  9.94
2012-11-21  9.76  9.87  9.71  9.81  4155800  9.81
2012-11-20  9.78  9.83  9.65  9.76  5458900  9.76
2012-11-19  9.85  9.94  9.68  9.81  8651400  9.81
2012-11-16  9.58  9.77  9.48  9.73  7068500  9.73
2012-11-15  9.63  9.77  9.42  9.56  6977100  9.56
2012-11-14  9.6  9.66  9.36  9.62  9619400  9.62
2012-11-13  9.71  9.83  9.57  9.58  6580800  9.58
2012-11-12  9.97  10.17  9.67  9.75  3304200  9.75
2012-11-09  9.98  10.02  9.77  9.8  7646800  9.8
2012-11-08  9.91  10.01  9.84  9.98  6118200  9.98
2012-11-07  10.38  10.6  9.9  9.91  5944700  9.91
2012-11-06  10.2  10.46  10.16  10.31  5596400  10.31
2012-11-05  10.45  10.48  10.2  10.2  3400800  10.2
2012-11-02  10.4  10.53  10.38  10.49  5592400  10.49
2012-11-01  10.32  10.63  10.25  10.37  8865900  10.37
2012-10-31  10.34  10.44  10.2  10.28  3903900  10.28
2012-10-26  10.22  10.36  10.17  10.28  4931800  10.28
2012-10-25  10.34  10.41  10.15  10.24  4479800  10.24
2012-10-24  10.52  10.57  10.28  10.28  4397500  10.28
2012-10-23  10.49  10.57  10.37  10.52  6490000  10.52
2012-10-22  10.67  10.78  10.52  10.59  4915200  10.59
2012-10-19  10.88  10.94  10.75  10.82  2923600  10.82
2012-10-18  10.88  11.03  10.81  10.93  4747000  10.93
2012-10-17  10.7  10.9  10.58  10.88  8446500  10.88
2012-10-16  10.57  10.77  10.53  10.74  5478600  10.74
2012-10-15  10.38  10.52  10.32  10.52  4649200  10.52
2012-10-12  10.53  10.57  10.32  10.4  5396900  10.4
2012-10-11  10.48  10.65  10.46  10.49  4124700  10.49
2012-10-10  10.61  10.61  10.38  10.43  3092700  10.43
2012-10-09  10.61  10.66  10.51  10.56  3608200  10.56
2012-10-08  10.68  10.71  10.6  10.61  2507900  10.61
2012-10-05  10.8  10.88  10.65  10.7  3507900  10.7
2012-10-04  10.74  10.87  10.68  10.78  4994600  10.78
2012-10-03  10.7  10.77  10.63  10.69  4493600  10.69
2012-10-02  10.61  10.71  10.58  10.66  7147700  10.66
2012-10-01  10.74  10.87  10.53  10.58  5627900  10.58
2012-09-28  10.63  10.8  10.61  10.75  5213100  10.75
2012-09-27  10.75  10.84  10.64  10.67  5544000  10.67
2012-09-26  10.84  10.9  10.63  10.67  7175300  10.67
2012-09-25  11.03  11.13  10.83  10.83  5850000  10.83
2012-09-24  10.9  11.15  10.87  11.01  8053300  11.01
2012-09-21  11.0  11.0  10.86  10.9  7058500  10.9
2012-09-20  10.87  10.99  10.8  10.98  6313100  10.98
2012-09-19  10.96  11.03  10.9  10.92  5768600  10.92
2012-09-18  11.19  11.2  10.89  10.95  6259600  10.95
2012-09-17  11.3  11.37  11.14  11.17  5310600  11.17
2012-09-14  11.26  11.37  11.24  11.34  7927300  11.34
2012-09-13  11.08  11.28  10.99  11.27  6149600  11.27
2012-09-12  11.25  11.3  11.0  11.03  9175300  11.03
2012-09-11  11.22  11.3  11.18  11.27  4635300  11.27
2012-09-10  11.18  11.28  11.13  11.23  7676800  11.23
2012-09-07  11.16  11.23  11.06  11.16  6796400  11.16
2012-09-06  11.13  11.2  10.94  11.14  8654500  11.14
2012-09-05  11.06  11.12  10.88  11.06  6631200  11.06
2012-09-04  11.13  11.2  11.02  11.06  5721100  11.06
2012-08-31  11.21  11.26  11.09  11.16  3819300  11.16
2012-08-30  11.25  11.27  11.14  11.16  2436200  11.16
2012-08-29  11.22  11.34  11.21  11.29  4616300  11.29
2012-08-28  11.28  11.36  11.18  11.19  4348400  11.19
2012-08-27  11.28  11.36  11.26  11.33  3147500  11.33
2012-08-24  11.15  11.34  11.11  11.28  4209000  11.28
2012-08-23  11.41  11.42  11.13  11.15  4300200  11.15
2012-08-22  11.34  11.46  11.32  11.44  3586300  11.44
2012-08-21  11.43  11.49  11.35  11.38  3518800  11.38
2012-08-20  11.45  11.46  11.35  11.44  3228100  11.44
2012-08-17  11.56  11.58  11.37  11.44  3725600  11.44
2012-08-16  11.47  11.64  11.4  11.55  5805000  11.55
2012-08-15  11.49  11.54  11.4  11.43  5436300  11.43
2012-08-14  11.68  11.69  11.45  11.47  4403400  11.47
2012-08-13  11.49  11.64  11.47  11.62  4196900  11.62
2012-08-10  11.48  11.59  11.44  11.54  4069700  11.54
2012-08-09  11.46  11.56  11.4  11.52  5944500  11.52
2012-08-08  11.3  11.54  11.24  11.49  6764400  11.49
2012-08-07  11.45  11.55  11.27  11.3  6639800  11.3
2012-08-06  11.74  11.87  11.37  11.48  13522000  11.48
2012-08-03  11.99  12.09  11.94  12.0  5405000  12.0
2012-08-02  11.68  11.87  11.58  11.87  7263800  11.87
2012-08-01  11.88  11.98  11.74  11.76  5581400  11.76
2012-07-31  11.85  11.92  11.8  11.82  6151300  11.82
2012-07-30  11.78  12.01  11.77  11.87  9262100  11.87
2012-07-27  11.77  11.83  11.66  11.74  10385200  11.74
2012-07-26  11.73  11.9  11.65  11.73  7507400  11.73
2012-07-25  11.91  11.99  11.41  11.55  11321200  11.55
2012-07-24  12.14  12.18  11.77  11.86  8626700  11.86
2012-07-23  12.39  12.45  12.12  12.2  4270200  12.2
2012-07-20  12.45  12.63  12.45  12.51  4019700  12.51
2012-07-19  12.43  12.64  12.39  12.56  8151700  12.56
2012-07-18  12.37  12.48  12.31  12.36  6248400  12.36
2012-07-17  12.45  12.54  12.31  12.42  4714800  12.42
2012-07-16  12.44  12.47  12.36  12.39  2807300  12.39
2012-07-13  12.36  12.52  12.35  12.47  2963500  12.47
2012-07-12  12.39  12.45  12.29  12.35  4269500  12.35
2012-07-11  12.4  12.54  12.35  12.49  4774900  12.49
2012-07-10  12.52  12.53  12.36  12.4  3751600  12.4
2012-07-09  12.59  12.6  12.33  12.42  4020900  12.42
2012-07-06  12.44  12.61  12.38  12.58  4471200  12.58
2012-07-05  12.49  12.62  12.45  12.57  4550700  12.57
2012-07-03  12.46  12.56  12.42  12.55  3649200  12.55
2012-07-02  12.69  12.69  12.39  12.47  3358200  12.47
2012-06-29  12.57  12.62  12.45  12.57  5722000  12.57
2012-06-28  12.12  12.39  12.12  12.37  3821500  12.37
2012-06-27  11.98  12.27  11.96  12.2  3831900  12.2
2012-06-26  11.81  12.02  11.78  11.94  4368500  11.94
2012-06-25  11.67  11.82  11.63  11.77  5174500  11.77
2012-06-22  11.93  12.01  11.78  11.84  7092100  11.84
2012-06-21  12.18  12.36  11.87  11.89  4283100  11.89
2012-06-20  12.41  12.44  12.12  12.2  4884200  12.2
2012-06-19  12.36  12.5  12.3  12.44  3888700  12.44
2012-06-18  12.34  12.38  12.22  12.33  5719500  12.33
2012-06-15  12.38  12.43  12.29  12.38  5150600  12.38
2012-06-14  12.14  12.4  12.1  12.37  5199100  12.37
2012-06-13  11.98  12.2  11.85  12.09  4920700  12.09
2012-06-12  12.05  12.12  11.9  12.08  4650500  12.08
2012-06-11  12.4  12.41  12.04  12.05  4408800  12.05
2012-06-08  12.07  12.31  12.05  12.3  4413800  12.3
2012-06-07  12.33  12.41  12.09  12.11  8306800  12.11
2012-06-06  11.85  12.21  11.85  12.2  5615000  12.2
2012-06-05  11.54  11.82  11.54  11.78  4556700  11.78
2012-06-04  11.6  11.67  11.4  11.58  5652900  11.58
2012-06-01  11.64  11.73  11.52  11.6  6849900  11.6
2012-05-31  12.04  12.09  11.82  11.85  9161900  11.85
2012-05-30  12.24  12.31  11.99  12.07  5296000  12.07
2012-05-29  12.3  12.39  12.21  12.36  4990000  12.36
2012-05-25  12.1  12.31  12.1  12.3  4208600  12.3
2012-05-24  11.99  12.13  11.95  12.13  5722000  12.13
2012-05-23  12.06  12.1  11.87  11.97  8081400  11.97
2012-05-22  11.99  12.28  11.94  12.17  6361500  12.17
2012-05-21  11.76  12.0  11.74  11.99  5107300  11.99
2012-05-18  11.83  11.91  11.67  11.71  6055200  11.71
2012-05-17  11.91  11.95  11.73  11.74  3870200  11.74
2012-05-16  12.02  12.18  11.83  11.89  6835000  11.89
2012-05-15  11.96  12.08  11.82  11.95  9178500  11.95
2012-05-14  12.02  12.12  11.93  11.98  3939100  11.98
2012-05-11  12.08  12.31  12.0  12.11  7301200  12.11
2012-05-10  11.97  12.26  11.93  12.12  7033300  12.12
2012-05-09  11.63  11.86  11.51  11.79  7929600  11.79
2012-05-08  11.72  11.8  11.43  11.77  9208400  11.77
2012-05-07  11.76  11.95  11.73  11.83  4850100  11.83
2012-05-04  12.46  12.55  11.78  11.84  6519600  11.84
2012-05-03  12.07  12.14  11.94  11.97  6022000  11.97
2012-05-02  12.23  12.27  12.02  12.06  4731600  12.06
2012-05-01  12.23  12.37  12.17  12.33  4711300  12.33
2012-04-30  12.2  12.28  12.12  12.27  5446700  12.27
2012-04-27  12.22  12.28  12.11  12.2  3626600  12.2
2012-04-26  11.94  12.26  11.88  12.17  5466800  12.17
2012-04-25  12.01  12.03  11.92  11.98  3251800  11.98
2012-04-24  11.87  11.99  11.84  11.9  2880300  11.9
2012-04-23  11.89  11.9  11.73  11.81  6120100  11.81
2012-04-20  11.92  12.05  11.84  12.01  7128500  12.01
2012-04-19  12.03  12.03  11.84  11.88  6657800  11.88
2012-04-18  12.07  12.21  11.96  12.0  5753300  12.0
2012-04-17  12.31  12.33  12.01  12.09  7471100  12.09
2012-04-16  12.24  12.32  12.14  12.19  4594700  12.19
2012-04-13  12.34  12.39  12.13  12.15  6022400  12.15
2012-04-12  12.22  12.45  12.18  12.41  2736600  12.41
2012-04-11  12.37  12.44  12.21  12.23  4259400  12.23
2012-04-10  12.53  12.58  12.22  12.25  5236300  12.25
2012-04-09  12.44  12.62  12.44  12.6  4200900  12.6
2012-04-05  12.85  12.85  12.6  12.66  4292800  12.66
2012-04-04  12.8  12.98  12.79  12.91  4666200  12.91
2012-04-03  12.8  12.98  12.68  12.98  8274700  12.98
2012-04-02  12.74  12.86  12.67  12.78  4667700  12.78
2012-03-30  12.87  12.87  12.73  12.81  4678900  12.81
2012-03-29  12.64  12.8  12.5  12.76  5821000  12.76
2012-03-28  12.87  12.94  12.61  12.76  5644000  12.76
2012-03-27  12.89  12.92  12.78  12.91  6117300  12.91
2012-03-26  12.77  12.88  12.69  12.85  5135000  12.85
2012-03-23  12.67  12.76  12.62  12.66  3256400  12.66
2012-03-22  12.72  12.79  12.52  12.6  4719900  12.6
2012-03-21  12.87  12.95  12.79  12.83  2374100  12.83
2012-03-20  12.76  12.91  12.71  12.89  5497000  12.89
2012-03-19  12.91  12.98  12.84  12.86  3191900  12.86
2012-03-16  12.9  13.02  12.82  12.91  6697900  12.91
2012-03-15  12.79  12.93  12.74  12.89  7273600  12.89
2012-03-14  13.03  13.17  12.73  12.74  7368800  12.74
2012-03-13  13.1  13.13  12.9  13.05  5231100  13.05
2012-03-12  12.96  13.03  12.87  13.0  3953500  13.0
2012-03-09  13.01  13.08  12.91  12.93  3994700  12.93
2012-03-08  12.88  13.03  12.84  12.92  5558500  12.92
2012-03-07  12.67  12.84  12.62  12.76  3316600  12.76
2012-03-06  12.97  13.01  12.65  12.72  6421700  12.72
2012-03-05  13.14  13.2  12.98  13.11  3903300  13.11
2012-03-02  13.24  13.35  13.11  13.22  3003300  13.22
2012-03-01  13.19  13.45  13.17  13.26  3683500  13.26
2012-02-29  13.25  13.33  13.04  13.29  6572000  13.29
2012-02-28  13.46  13.47  13.13  13.17  4808200  13.17
2012-02-27  13.49  13.55  13.15  13.43  6593100  13.43
2012-02-24  13.47  13.61  13.35  13.52  4808400  13.52
2012-02-23  13.54  13.73  13.35  13.49  5112700  13.49
2012-02-22  13.51  13.56  13.38  13.54  2894500  13.54
2012-02-21  13.43  13.52  13.33  13.5  3734100  13.5
2012-02-17  13.54  13.58  13.26  13.43  5082000  13.43
2012-02-16  13.2  13.56  13.15  13.5  4867500  13.5
2012-02-15  13.23  13.29  13.12  13.16  4147500  13.16
2012-02-14  12.91  13.21  12.79  13.21  5511400  13.21
2012-02-13  12.8  13.11  12.78  12.86  4801500  12.86
2012-02-10  12.62  12.66  12.53  12.62  2420100  12.62
2012-02-09  12.74  12.83  12.6  12.72  2407400  12.72
2012-02-08  12.62  12.71  12.57  12.68  2617100  12.68
2012-02-07  12.45  12.68  12.42  12.62  3463800  12.62
2012-02-06  12.61  12.64  12.49  12.52  2789200  12.52
2012-02-03  12.88  12.89  12.64  12.66  3908900  12.66
2012-02-02  12.71  12.8  12.67  12.75  2496200  12.75
2012-02-01  12.58  12.79  12.57  12.7  4104200  12.7
2012-01-31  12.6  12.61  12.3  12.5  4231400  12.5
2012-01-30  12.45  12.53  12.37  12.49  3206400  12.49
2012-01-27  12.64  12.72  12.53  12.55  4680100  12.55
2012-01-26  12.89  12.89  12.6  12.68  5069300  12.68
2012-01-25  12.46  12.88  12.41  12.85  6805500  12.85
2012-01-24  12.61  12.65  12.45  12.48  4276400  12.48
2012-01-23  12.78  12.87  12.6  12.68  7939200  12.68
2012-01-20  12.66  12.8  12.58  12.8  4874700  12.8
2012-01-19  12.58  12.68  12.49  12.66  4187800  12.66
2012-01-18  12.57  12.64  12.48  12.53  3989700  12.53
2012-01-17  12.51  12.64  12.43  12.62  6166400  12.62
2012-01-13  12.22  12.42  12.17  12.4  4646600  12.4
2012-01-12  12.46  12.49  12.24  12.3  4150800  12.3
2012-01-11  12.43  12.45  12.29  12.41  2989300  12.41
2012-01-10  12.35  12.51  12.33  12.45  8614600  12.45
2012-01-09  11.98  12.26  11.93  12.22  6515500  12.22
2012-01-06  12.04  12.14  11.9  11.99  7463600  11.99
2012-01-05  11.78  12.13  11.66  12.07  8710600  12.07
2012-01-04  11.81  11.96  11.77  11.79  3675600  11.79
2012-01-03  11.79  11.97  11.62  11.88  7312000  11.88
2011-12-30  11.61  11.72  11.57  11.6  1541900  11.6
2011-12-29  11.57  11.71  11.55  11.64  2324700  11.64
2011-12-28  11.71  11.71  11.44  11.49  2370200  11.49
2011-12-27  11.56  11.73  11.5  11.67  2191600  11.67
2011-12-23  11.59  11.68  11.54  11.63  4001500  11.63
2011-12-22  11.42  11.6  11.4  11.56  4791300  11.56
2011-12-21  11.46  11.46  11.26  11.36  5751700  11.36
2011-12-20  11.44  11.53  11.35  11.46  8518000  11.46
2011-12-19  11.36  11.47  11.21  11.25  5287000  11.25
2011-12-16  11.42  11.52  11.2  11.27  7936900  11.27
2011-12-15  11.45  11.61  11.33  11.34  5811800  11.34
2011-12-14  11.39  11.47  11.25  11.28  5527500  11.28
2011-12-13  11.58  11.69  11.38  11.44  7046900  11.44
2011-12-12  11.5  11.65  11.37  11.49  5027900  11.49
2011-12-09  11.37  11.66  11.36  11.62  5688000  11.62
2011-12-08  11.7  11.76  11.24  11.28  8389900  11.28
2011-12-07  11.75  11.88  11.72  11.8  3942400  11.8
2011-12-06  11.86  11.95  11.71  11.83  5660700  11.83
2011-12-05  11.89  11.96  11.73  11.84  5512800  11.84
2011-12-02  11.95  11.96  11.62  11.7  7119800  11.7
2011-12-01  11.77  12.0  11.73  11.87  6622400  11.87
2011-11-30  11.76  11.87  11.64  11.84  7044000  11.84
2011-11-29  11.43  11.54  11.22  11.42  5773100  11.42
2011-11-28  11.18  11.39  11.1  11.19  6274000  11.19
2011-11-25  10.85  11.03  10.85  10.87  1478300  10.87
2011-11-23  10.93  11.0  10.74  10.9  8625900  10.9
2011-11-22  11.21  11.27  10.88  11.02  7039300  11.02
2011-11-21  11.37  11.38  11.05  11.26  5940100  11.26
2011-11-18  11.37  11.57  11.31  11.51  6264300  11.51
2011-11-17  11.44  11.45  11.14  11.26  7689500  11.26
2011-11-16  11.42  11.69  11.33  11.47  5345000  11.47
2011-11-15  11.41  11.64  11.37  11.58  3646000  11.58
2011-11-14  11.41  11.56  11.36  11.47  4206700  11.47
2011-11-11  11.49  11.54  11.36  11.54  3523700  11.54
2011-11-10  11.39  11.44  11.12  11.25  4755300  11.25
2011-11-09  11.56  11.56  11.13  11.18  7521500  11.18
2011-11-08  11.71  11.9  11.61  11.88  4959400  11.88
2011-11-07  11.61  11.72  11.54  11.69  5436700  11.69
2011-11-04  11.73  11.87  11.38  11.67  8018000  11.67
2011-11-03  11.17  11.44  11.08  11.35  5835800  11.35
2011-11-02  10.89  11.19  10.85  11.06  5817000  11.06
2011-11-01  10.58  10.98  10.58  10.72  7131300  10.72
2011-10-31  11.26  11.27  11.0  11.0  5034200  11.0
2011-10-28  11.27  11.47  11.08  11.42  5400500  11.42
2011-10-27  11.06  11.47  11.06  11.28  9985800  11.28
2011-10-26  10.91  11.02  10.64  10.74  6523200  10.74
2011-10-25  10.93  10.93  10.58  10.6  5223100  10.6
2011-10-24  11.0  11.17  10.91  11.01  5623000  11.01
2011-10-21  10.73  10.98  10.73  10.97  5589300  10.97
2011-10-20  10.56  10.64  10.36  10.6  5589700  10.6
2011-10-19  10.49  10.75  10.43  10.57  6712600  10.57
2011-10-18  10.06  10.61  9.98  10.49  9919000  10.49
2011-10-17  10.27  10.3  10.02  10.04  4963600  10.04
2011-10-14  10.34  10.44  10.27  10.3  5118400  10.3
2011-10-13  10.15  10.25  9.94  10.18  6205400  10.18
2011-10-12  10.06  10.37  10.02  10.26  5510600  10.26
2011-10-11  10.06  10.26  10.0  10.01  5218200  10.01
2011-10-10  10.05  10.27  9.95  10.14  5359300  10.14
2011-10-07  10.01  10.02  9.66  9.82  6427600  9.82
2011-10-06  9.5  10.02  9.47  9.96  6571900  9.96
2011-10-05  9.28  9.59  9.1  9.56  8246500  9.56
2011-10-04  9.1  9.25  8.82  9.25  9700000  9.25
2011-10-03  9.49  9.65  9.25  9.25  7379700  9.25
2011-09-30  9.91  9.91  9.56  9.56  7583300  9.56
2011-09-29  9.98  10.07  9.83  10.05  6978900  10.05
2011-09-28  10.0  10.1  9.74  9.75  7917900  9.75
2011-09-27  10.13  10.24  9.93  9.99  9308600  9.99
2011-09-26  9.82  9.9  9.53  9.87  8120600  9.87
2011-09-23  9.6  9.93  9.55  9.67  9893500  9.67
2011-09-22  9.79  9.82  9.49  9.63  15174100  9.63
2011-09-21  10.47  10.62  10.14  10.15  7751900  10.15
2011-09-20  10.75  10.85  10.47  10.51  6521400  10.51
2011-09-19  10.65  10.76  10.59  10.71  6312300  10.71
2011-09-16  10.75  10.93  10.71  10.84  6120600  10.84
2011-09-15  10.48  10.67  10.39  10.67  6818300  10.67
2011-09-14  10.23  10.5  10.14  10.38  6553100  10.38
2011-09-13  10.22  10.3  10.07  10.17  6985700  10.17
2011-09-12  9.88  10.2  9.88  10.19  7209300  10.19
2011-09-09  10.28  10.37  10.0  10.12  7673100  10.12
2011-09-08  10.66  10.76  10.45  10.47  7097200  10.47
2011-09-07  10.52  10.76  10.35  10.64  10993700  10.64
2011-09-06  9.77  10.35  9.68  10.32  11678700  10.32
2011-09-02  10.22  10.29  10.02  10.11  5475800  10.11
2011-09-01  10.64  10.7  10.42  10.43  6646900  10.43
2011-08-31  10.55  10.72  10.5  10.64  5256200  10.64
2011-08-30  10.62  10.68  10.41  10.44  5946000  10.44
2011-08-29  10.35  10.66  10.34  10.65  4429900  10.65
2011-08-26  9.95  10.26  9.7  10.14  5355700  10.14
2011-08-25  10.48  10.55  9.89  10.03  8183100  10.03
2011-08-24  10.18  10.48  10.18  10.45  4596200  10.45
2011-08-23  10.02  10.26  9.85  10.26  5797000  10.26
2011-08-22  10.22  10.41  9.84  9.97  9074800  9.97
2011-08-19  10.11  10.29  9.96  9.98  8231600  9.98
2011-08-18  10.39  10.44  10.01  10.24  11701400  10.24
2011-08-17  10.75  11.0  10.59  10.69  6814100  10.69
2011-08-16  10.7  10.8  10.53  10.66  6208300  10.66
2011-08-15  10.39  10.82  10.39  10.8  5832000  10.8
2011-08-12  10.28  10.56  10.25  10.3  9171200  10.3
2011-08-11  9.51  10.35  9.51  10.22  15999700  10.22
2011-08-10  9.5  9.72  9.24  9.49  15179700  9.49
2011-08-09  9.49  9.75  9.13  9.7  12565600  9.7
2011-08-08  10.23  10.27  9.04  9.41  16622900  9.41
2011-08-05  10.78  10.92  10.28  10.6  14234300  10.6
2011-08-04  11.22  11.27  10.53  10.53  11527600  10.53
2011-08-03  11.48  11.56  11.11  11.46  10343500  11.46
2011-08-02  11.81  11.89  11.47  11.5  10841000  11.5
2011-08-01  12.15  12.19  11.82  11.94  5516200  11.94
2011-07-29  12.1  12.3  11.93  12.06  5647500  12.06
2011-07-28  12.44  12.47  12.19  12.21  6857000  12.21
2011-07-27  12.47  12.59  12.44  12.46  9696300  12.46
2011-07-26  12.64  12.64  12.43  12.54  4852500  12.54
2011-07-25  12.34  12.69  12.3  12.62  9087400  12.62
2011-07-22  12.56  12.56  12.37  12.43  2330000  12.43
2011-07-21  12.41  12.54  12.38  12.52  6608300  12.52
2011-07-20  12.31  12.42  12.24  12.33  3693000  12.33
2011-07-19  12.1  12.31  12.07  12.28  6231200  12.28
2011-07-18  12.18  12.22  11.91  12.04  5956700  12.04
2011-07-15  12.39  12.42  12.17  12.29  4461200  12.29
2011-07-14  12.43  12.55  12.28  12.33  5960500  12.33
2011-07-13  12.45  12.59  12.41  12.45  6542600  12.45
2011-07-12  12.42  12.58  12.4  12.4  4860100  12.4
2011-07-11  12.63  12.63  12.45  12.49  4083700  12.49
2011-07-08  12.74  12.81  12.64  12.8  3833200  12.8
2011-07-07  12.82  12.94  12.79  12.87  5681500  12.87
2011-07-06  12.59  12.74  12.47  12.71  6736300  12.71
2011-07-05  12.79  12.89  12.54  12.58  7324500  12.58
2011-07-01  12.48  12.72  12.43  12.72  3636300  12.72
2011-06-30  12.42  12.5  12.31  12.48  6323300  12.48
2011-06-29  12.23  12.43  12.13  12.35  6783900  12.35
2011-06-28  12.01  12.33  11.97  12.21  6109300  12.21
2011-06-27  11.94  11.98  11.83  11.97  4527300  11.97
2011-06-24  11.99  12.05  11.81  11.88  6366100  11.88
2011-06-23  11.93  11.99  11.79  11.97  8830000  11.97
2011-06-22  12.18  12.29  12.09  12.09  4066400  12.09
2011-06-21  12.1  12.28  12.03  12.24  5289000  12.24
2011-06-20  11.95  12.16  11.91  12.02  5362900  12.02
2011-06-17  12.05  12.16  11.95  12.02  4804100  12.02
2011-06-16  11.93  12.09  11.86  11.93  6401500  11.93
2011-06-15  11.99  12.07  11.8  11.83  6695800  11.83
2011-06-14  12.27  12.27  11.92  12.05  8532700  12.05
2011-06-13  12.12  12.22  12.02  12.12  5038200  12.12
2011-06-10  12.08  12.15  11.99  12.06  6762200  12.06
2011-06-09  12.1  12.19  12.01  12.19  7414800  12.19
2011-06-08  12.08  12.22  12.05  12.1  4061500  12.1
2011-06-07  12.09  12.2  11.98  12.08  5616300  12.08
2011-06-06  12.17  12.22  12.02  12.05  5743200  12.05
2011-06-03  12.11  12.28  12.01  12.21  4669600  12.21
2011-06-02  12.44  12.47  12.25  12.29  5789000  12.29
2011-06-01  12.67  12.73  12.43  12.48  5983500  12.48
2011-05-31  12.62  12.72  12.54  12.7  4451900  12.7
2011-05-27  12.48  12.56  12.42  12.5  2037500  12.5
2011-05-26  12.55  12.61  12.38  12.46  6207300  12.46
2011-05-25  12.48  12.56  12.11  12.48  7258700  12.48
2011-05-24  12.32  12.38  12.2  12.22  9694400  12.22
2011-05-23  12.59  12.61  12.24  12.27  9611900  12.27
2011-05-20  12.8  12.91  12.69  12.76  10225900  12.76
2011-05-19  12.5  12.67  12.44  12.67  7940900  12.67
2011-05-18  12.16  12.49  12.06  12.41  8981700  12.41
2011-05-17  12.22  12.27  12.12  12.15  7324600  12.15
2011-05-16  12.2  12.33  12.11  12.28  5710600  12.28
2011-05-13  12.39  12.44  12.13  12.19  6763600  12.19
2011-05-12  12.54  12.59  12.25  12.33  9300000  12.33
2011-05-11  12.8  12.84  12.47  12.56  6003400  12.56
2011-05-10  12.97  12.98  12.65  12.79  8304300  12.79
2011-05-09  12.7  12.94  12.56  12.88  6166400  12.88
2011-05-06  12.84  12.96  12.6  12.67  4805700  12.67
2011-05-05  12.7  12.97  12.56  12.67  6907400  12.67
2011-05-04  12.96  12.97  12.77  12.79  5214000  12.79
2011-05-03  12.95  13.12  12.88  12.99  6524600  12.99
2011-05-02  13.04  13.16  12.93  12.93  3965600  12.93
2011-04-29  12.89  13.08  12.83  12.97  3818300  12.97
2011-04-28  12.72  12.97  12.63  12.94  7102400  12.94
2011-04-27  12.69  12.8  12.61  12.75  10399300  12.75
2011-04-26  12.7  12.73  12.58  12.64  6600000  12.64
2011-04-25  12.72  12.72  12.59  12.63  4439600  12.63
2011-04-21  12.68  12.82  12.61  12.75  6972500  12.75
2011-04-20  12.64  13.0  12.52  12.62  12797800  12.62
2011-04-19  12.29  12.41  12.2  12.22  6531700  12.22
2011-04-18  12.39  12.42  12.17  12.28  6708800  12.28
2011-04-15  12.52  12.58  12.43  12.57  5609300  12.57
2011-04-14  12.4  12.58  12.27  12.52  5279300  12.52
2011-04-13  12.42  12.57  12.41  12.49  3374400  12.49
2011-04-12  12.55  12.6  12.32  12.39  4088500  12.39
2011-04-11  13.03  13.03  12.56  12.62  4191100  12.62
2011-04-08  13.07  13.23  12.93  12.99  4917200  12.99
2011-04-07  12.92  12.98  12.82  12.96  3534600  12.96
2011-04-06  12.65  13.07  12.65  12.97  7073500  12.97
2011-04-05  12.69  12.78  12.64  12.65  2656900  12.65
2011-04-04  12.86  12.96  12.69  12.75  3723800  12.75
2011-04-01  12.8  12.89  12.69  12.83  3579400  12.83
2011-03-31  12.75  12.8  12.63  12.74  4404800  12.74
2011-03-30  12.65  12.89  12.64  12.81  6080500  12.81
2011-03-29  12.41  12.58  12.33  12.58  3122900  12.58
2011-03-28  12.5  12.62  12.34  12.34  2907800  12.34
2011-03-25  12.34  12.5  12.19  12.46  3968100  12.46
2011-03-24  12.25  12.46  12.15  12.32  3445400  12.32
2011-03-23  12.18  12.28  12.06  12.21  5071100  12.21
2011-03-22  12.41  12.46  12.12  12.22  4235300  12.22
2011-03-21  12.31  12.47  12.22  12.37  5351600  12.37
2011-03-18  12.62  12.71  12.05  12.06  7875900  12.06
2011-03-17  12.25  12.51  12.13  12.49  7367900  12.49
2011-03-16  12.25  12.29  11.85  11.97  7782400  11.97
2011-03-15  12.14  12.41  12.01  12.32  6114600  12.32
2011-03-14  12.71  12.71  12.25  12.48  9703300  12.48
2011-03-11  12.88  12.98  12.79  12.84  4166100  12.84
2011-03-10  12.94  13.03  12.71  12.85  4494500  12.85
2011-03-09  12.91  13.13  12.65  13.11  4423000  13.11
2011-03-08  12.72  12.98  12.72  12.98  4902100  12.98
2011-03-07  12.87  12.94  12.61  12.71  5035900  12.71
2011-03-04  12.86  12.93  12.75  12.83  5255600  12.83
2011-03-03  12.69  12.87  12.65  12.85  5489600  12.85
2011-03-02  12.47  12.64  12.39  12.55  4584800  12.55
2011-03-01  12.17  12.75  12.17  12.48  8236200  12.48
2011-02-28  12.05  12.35  11.99  12.12  5660300  12.12
2011-02-25  11.92  12.14  11.85  12.01  3832100  12.01
2011-02-24  11.99  12.04  11.75  11.83  4778800  11.83
2011-02-23  12.11  12.18  11.97  12.0  3983700  12.0
2011-02-22  12.45  12.46  12.07  12.09  4990500  12.09
2011-02-18  12.6  12.66  12.53  12.62  3105600  12.62
2011-02-17  12.22  12.62  12.21  12.58  4178400  12.58
2011-02-16  12.32  12.32  12.07  12.28  3751800  12.28
2011-02-15  12.26  12.32  12.19  12.28  3080000  12.28
2011-02-14  12.22  12.33  12.21  12.29  4059700  12.29
2011-02-11  12.13  12.25  11.95  12.2  5104900  12.2
2011-02-10  12.03  12.35  12.03  12.24  5538700  12.24
2011-02-09  12.09  12.18  12.01  12.1  3333500  12.1
2011-02-08  12.3  12.36  12.22  12.26  4221300  12.26
2011-02-07  12.18  12.32  12.12  12.3  2638400  12.3
2011-02-04  12.3  12.32  12.04  12.17  3997700  12.17
2011-02-03  12.25  12.32  12.06  12.31  5999000  12.31
2011-02-02  12.31  12.46  12.19  12.31  3680300  12.31
2011-02-01  12.24  12.53  12.15  12.41  7967900  12.41
2011-01-31  12.19  12.27  11.94  12.15  7283800  12.15
2011-01-28  12.39  12.5  12.08  12.12  6497200  12.12
2011-01-27  12.35  12.61  12.31  12.4  6544200  12.4
2011-01-26  12.51  12.61  12.35  12.38  6345800  12.38
2011-01-25  12.64  12.72  12.54  12.57  4946200  12.57
2011-01-24  12.66  12.72  12.57  12.68  8125000  12.68
2011-01-21  12.84  12.84  12.56  12.6  4633500  12.6
2011-01-20  12.49  12.79  12.45  12.66  6327200  12.66
2011-01-19  12.65  12.73  12.32  12.49  4876200  12.49
2011-01-18  12.69  12.84  12.64  12.69  3881200  12.69
2011-01-14  12.64  12.83  12.61  12.73  3217600  12.73
2011-01-13  12.68  12.82  12.58  12.67  2484800  12.67
2011-01-12  12.95  13.0  12.6  12.68  8323300  12.68
2011-01-11  12.77  13.0  12.67  12.88  8020900  12.88
2011-01-10  12.64  12.74  12.55  12.71  4636800  12.71
2011-01-07  12.73  12.91  12.55  12.73  10993300  12.73
2011-01-06  12.49  12.74  12.38  12.73  13255400  12.73
2011-01-05  12.26  12.59  12.21  12.51  9064600  12.51
2011-01-04  12.27  12.35  12.14  12.35  5636100  12.35
2011-01-03  12.09  12.43  11.99  12.29  10313500  12.29
2010-12-31  11.92  12.03  11.91  11.94  2171400  11.94
2010-12-30  11.88  12.03  11.86  11.96  2636800  11.96
2010-12-29  11.88  11.93  11.85  11.91  1818000  11.91
2010-12-28  11.94  11.96  11.8  11.85  2481000  11.85
2010-12-27  11.91  11.97  11.86  11.93  2415500  11.93
2010-12-23  12.11  12.17  11.99  11.99  8260700  11.99
2010-12-22  11.84  12.21  11.81  12.11  8952400  12.11
2010-12-21  11.53  12.04  11.52  11.88  13015300  11.88
2010-12-20  11.29  11.52  11.28  11.52  5309100  11.52
2010-12-17  11.09  11.25  11.05  11.21  8934800  11.21
2010-12-16  10.96  11.09  10.86  11.08  2722200  11.08
2010-12-15  11.03  11.16  10.93  10.97  3390200  10.97
2010-12-14  11.17  11.23  11.01  11.08  3297800  11.08
2010-12-13  11.23  11.23  11.12  11.16  2364400  11.16
2010-12-10  11.12  11.22  11.08  11.16  2152000  11.16
2010-12-09  11.21  11.29  11.1  11.12  3719800  11.12
2010-12-08  11.23  11.31  11.04  11.12  2912800  11.12
2010-12-07  11.39  11.46  11.17  11.2  6437900  11.2
2010-12-06  11.13  11.34  11.05  11.26  6901900  11.26
2010-12-03  10.93  11.2  10.93  11.17  6374600  11.17
2010-12-02  10.73  11.07  10.69  11.04  9026500  11.04
2010-12-01  10.73  10.78  10.65  10.7  5010400  10.7
2010-11-30  10.5  10.63  10.48  10.59  5082400  10.59
2010-11-29  10.61  10.69  10.48  10.64  5658400  10.64
2010-11-26  10.63  10.88  10.59  10.71  3612200  10.71
2010-11-24  10.72  10.85  10.57  10.68  8759500  10.68
2010-11-23  10.89  10.91  10.65  10.67  6218300  10.67
2010-11-22  10.98  11.1  10.79  11.04  5404300  11.04
2010-11-19  11.21  11.23  10.96  11.02  6759900  11.02
2010-11-18  11.38  11.41  11.23  11.24  6577500  11.24
2010-11-17  11.19  11.4  11.12  11.28  5744800  11.28
2010-11-16  11.27  11.31  11.0  11.24  8100200  11.24
2010-11-15  11.29  11.47  11.29  11.33  5054400  11.33
2010-11-12  11.4  11.43  11.19  11.23  4713300  11.23
2010-11-11  11.36  11.5  11.29  11.47  3801500  11.47
2010-11-10  11.4  11.48  11.28  11.47  4841600  11.47
2010-11-09  11.54  11.64  11.39  11.45  6237000  11.45
2010-11-08  11.51  11.55  11.37  11.52  6024900  11.52
2010-11-05  11.69  11.73  11.47  11.52  4493200  11.52
2010-11-04  11.72  11.87  11.63  11.71  7175900  11.71
2010-11-03  11.72  11.79  11.46  11.66  3646500  11.66
2010-11-02  11.76  11.78  11.65  11.72  4873500  11.72
2010-11-01  11.82  11.89  11.49  11.59  4552300  11.59
2010-10-29  11.7  11.87  11.66  11.7  4196000  11.7
2010-10-28  11.74  11.84  11.65  11.72  2816200  11.72
2010-10-27  11.71  11.74  11.42  11.63  5976600  11.63
2010-10-26  12.0  12.01  11.8  11.87  4616500  11.87
2010-10-25  12.21  12.24  12.0  12.07  4112800  12.07
2010-10-22  11.96  12.11  11.93  12.06  3706800  12.06
2010-10-21  12.06  12.17  11.81  11.94  6679500  11.94
2010-10-20  11.95  12.12  11.92  12.0  5910500  12.0
2010-10-19  12.01  12.14  11.86  11.94  5499400  11.94
2010-10-18  12.09  12.27  12.03  12.21  4602800  12.21
2010-10-15  12.2  12.24  11.96  12.07  4647200  12.07
2010-10-14  12.24  12.28  12.0  12.03  5117400  12.03
2010-10-13  12.13  12.29  12.06  12.27  5852100  12.27
2010-10-12  11.99  12.09  11.87  12.05  5162100  12.05
2010-10-11  11.8  12.17  11.76  11.98  6411600  11.98
2010-10-08  11.6  11.8  11.53  11.73  3579700  11.73
2010-10-07  11.56  11.59  11.45  11.56  3926000  11.56
2010-10-06  11.39  11.53  11.34  11.51  3722600  11.51
2010-10-05  11.32  11.5  11.28  11.45  3050800  11.45
2010-10-04  11.27  11.37  11.07  11.14  2770400  11.14
2010-10-01  11.21  11.34  11.15  11.31  3966600  11.31
2010-09-30  11.24  11.34  10.98  11.12  4932400  11.12
2010-09-29  11.14  11.27  10.98  11.16  5841500  11.16
2010-09-28  11.21  11.27  11.02  11.25  5047100  11.25
2010-09-27  11.12  11.27  11.1  11.16  4021700  11.16
2010-09-24  11.01  11.13  10.93  11.12  3086000  11.12
2010-09-23  10.9  10.95  10.8  10.87  3272600  10.87
2010-09-22  11.08  11.21  10.91  11.02  4167900  11.02
2010-09-21  11.13  11.31  10.98  11.15  6998200  11.15
2010-09-20  10.66  11.18  10.66  11.15  5320900  11.15
2010-09-17  10.79  10.82  10.56  10.66  4327700  10.66
2010-09-16  10.66  10.75  10.55  10.68  1989300  10.68
2010-09-15  10.93  10.94  10.66  10.76  4611000  10.76
2010-09-14  10.88  11.07  10.8  10.97  3480600  10.97
2010-09-13  10.95  10.99  10.85  10.94  4350400  10.94
2010-09-10  10.86  10.9  10.78  10.83  2354400  10.83
2010-09-09  10.93  10.97  10.74  10.89  2883500  10.89
2010-09-08  10.84  11.02  10.75  10.8  3858400  10.8
2010-09-07  10.8  10.83  10.63  10.78  2900000  10.78
2010-09-03  10.73  10.93  10.69  10.92  3586800  10.92
2010-09-02  10.48  10.71  10.35  10.71  3722600  10.71
2010-09-01  10.16  10.47  10.09  10.45  5449500  10.45
2010-08-31  10.14  10.27  10.0  10.03  6239500  10.03
2010-08-30  10.36  10.42  10.18  10.19  2539900  10.19
2010-08-27  10.3  10.42  10.09  10.39  4382500  10.39
2010-08-26  10.31  10.41  10.14  10.19  7604100  10.19
2010-08-25  10.05  10.28  9.93  10.22  7568200  10.22
2010-08-24  10.1  10.25  10.0  10.06  6723400  10.06
2010-08-23  10.26  10.42  10.21  10.25  3269500  10.25
2010-08-20  10.29  10.33  10.16  10.19  5073600  10.19
2010-08-19  10.63  10.63  10.35  10.37  4523900  10.37
2010-08-18  10.68  10.83  10.6  10.68  4265800  10.68
2010-08-17  10.55  10.82  10.42  10.71  4741200  10.71
2010-08-16  10.33  10.56  10.13  10.45  4505900  10.45
2010-08-13  10.31  10.73  10.3  10.41  4378100  10.41
2010-08-12  10.27  10.54  10.1  10.38  4506800  10.38
2010-08-11  10.74  10.79  10.39  10.4  5679800  10.4
2010-08-10  10.71  11.18  10.69  10.94  9361500  10.94
2010-08-09  10.49  10.92  10.45  10.85  9045600  10.85
2010-08-06  10.35  10.5  9.83  10.44  7938200  10.44
2010-08-05  10.24  10.53  10.21  10.46  4052200  10.46
2010-08-04  10.23  10.39  10.12  10.33  3318000  10.33
2010-08-03  10.48  10.53  10.21  10.24  5012400  10.24
2010-08-02  10.25  10.57  10.25  10.54  5462900  10.54
2010-07-30  10.01  10.16  9.91  10.1  4133400  10.1
2010-07-29  10.44  10.46  10.06  10.13  4291500  10.13
2010-07-28  10.42  10.48  10.28  10.34  3270600  10.34
2010-07-27  10.33  10.5  10.23  10.5  6921900  10.5
2010-07-26  10.22  10.29  10.15  10.26  4165100  10.26
2010-07-23  10.18  10.28  10.05  10.25  5933900  10.25
2010-07-22  9.95  10.22  9.91  10.18  5488100  10.18
2010-07-21  10.08  10.12  9.76  9.83  4990300  9.83
2010-07-20  9.7  10.09  9.69  10.04  4050500  10.04
2010-07-19  9.88  9.94  9.77  9.87  3161100  9.87
2010-07-16  9.91  9.94  9.71  9.78  7567800  9.78
2010-07-15  9.97  10.03  9.8  10.0  5184700  10.0
2010-07-14  9.96  10.19  9.9  10.01  5886900  10.01
2010-07-13  10.21  10.26  9.96  10.03  4839100  10.03
2010-07-12  9.96  10.07  9.86  10.04  6444500  10.04
2010-07-09  9.48  10.07  9.48  10.03  12917700  10.03
2010-07-08  9.85  9.85  9.45  9.59  8103800  9.59
2010-07-07  8.82  9.72  8.77  9.66  17659400  9.66
2010-07-06  9.07  9.2  8.64  8.72  8637100  8.72
2010-07-02  8.99  9.17  8.86  8.94  4869900  8.94
2010-07-01  9.02  9.05  8.81  8.91  8170600  8.91
2010-06-30  9.05  9.29  8.96  9.05  9740700  9.05
2010-06-29  9.43  9.46  9.03  9.06  8416200  9.06
2010-06-28  9.77  9.77  9.52  9.57  4400100  9.57
2010-06-25  9.55  9.77  9.45  9.66  16158400  9.66
2010-06-24  9.78  9.86  9.47  9.49  9017100  9.49
2010-06-23  9.97  10.0  9.71  9.82  5447400  9.82
2010-06-22  10.34  10.38  9.94  9.97  7157500  9.97
2010-06-21  10.46  10.6  10.21  10.33  6078400  10.33
2010-06-18  10.36  10.4  10.25  10.3  9506500  10.3
2010-06-17  10.55  10.55  10.17  10.39  6574600  10.39
2010-06-16  10.33  10.54  10.28  10.44  5949800  10.44
2010-06-15  10.29  10.56  10.22  10.53  6026200  10.53
2010-06-14  10.28  10.42  10.15  10.17  6985600  10.17
2010-06-11  10.0  10.2  9.99  10.17  6375900  10.17
2010-06-10  9.85  10.23  9.84  10.15  10847200  10.15
2010-06-09  9.58  9.93  9.56  9.6  9222400  9.6
2010-06-08  9.46  9.59  9.27  9.51  7460400  9.51
2010-06-07  9.42  9.72  9.4  9.42  8153400  9.42
2010-06-04  9.5  9.8  9.36  9.41  9550900  9.41
2010-06-03  9.62  9.84  9.49  9.79  8443400  9.79
2010-06-02  9.42  9.65  9.32  9.65  10818700  9.65
2010-06-01  9.88  9.93  9.27  9.28  13109100  9.28
2010-05-28  10.04  10.27  9.96  10.06  6248800  10.06
2010-05-27  9.88  10.06  9.38  10.03  7576300  10.03
2010-05-26  9.6  9.88  9.52  9.72  14321800  9.72
2010-05-25  8.9  9.45  8.76  9.44  12754200  9.44
2010-05-24  9.39  9.42  9.13  9.16  7644000  9.16
2010-05-21  8.89  9.44  8.83  9.43  16178900  9.43
2010-05-20  9.29  9.35  9.0  9.04  15322700  9.04
2010-05-19  9.72  9.83  9.47  9.62  11239000  9.62
2010-05-18  10.19  10.23  9.7  9.8  11212900  9.8
2010-05-17  10.47  10.52  9.94  10.15  11305100  10.15
2010-05-14  10.69  10.69  10.31  10.45  6201700  10.45
2010-05-13  10.83  10.9  10.63  10.68  4872900  10.68
2010-05-12  10.74  10.9  10.67  10.89  8417500  10.89
2010-05-11  10.34  10.77  10.17  10.57  10012500  10.57
2010-05-10  10.27  10.96  10.23  10.44  12474900  10.44
2010-05-07  10.35  10.42  9.54  9.69  21615000  9.69
2010-05-06  10.8  10.91  9.79  10.5  15479200  10.5
2010-05-05  11.09  11.29  10.83  10.87  9716700  10.87
2010-05-04  11.61  11.64  11.3  11.38  9795900  11.38
2010-05-03  11.41  11.86  11.3  11.82  9668400  11.82
2010-04-30  11.56  11.66  11.31  11.31  6231400  11.31
2010-04-29  11.51  11.68  11.41  11.47  5705600  11.47
2010-04-28  11.53  11.69  11.32  11.45  7572500  11.45
2010-04-27  11.88  11.88  11.41  11.42  14631900  11.42
2010-04-26  12.14  12.14  11.88  11.91  11074900  11.91
2010-04-23  12.11  12.21  11.94  12.12  8605300  12.12
2010-04-22  11.92  12.14  11.7  12.09  10427500  12.09
2010-04-21  11.65  12.03  11.65  12.02  9541200  12.02
2010-04-20  11.38  11.72  11.37  11.7  8423300  11.7
2010-04-19  11.25  11.41  11.25  11.33  8793500  11.33
2010-04-16  11.52  11.58  11.24  11.33  19693700  11.33
2010-04-15  11.39  11.68  11.32  11.53  7787900  11.53
2010-04-14  11.08  11.45  11.03  11.4  9120200  11.4
2010-04-13  11.05  11.07  10.86  11.03  6883700  11.03
2010-04-12  11.13  11.23  11.02  11.05  5488400  11.05
2010-04-09  11.08  11.16  10.97  11.05  7910400  11.05
2010-04-08  11.1  11.15  11.0  11.05  7767700  11.05
2010-04-07  11.54  11.58  11.13  11.17  7835700  11.17
2010-04-06  11.3  11.62  11.25  11.57  8670800  11.57
2010-04-05  11.14  11.4  11.05  11.37  11366000  11.37
2010-04-01  10.84  11.13  10.83  11.07  7927400  11.07
2010-03-31  10.74  10.9  10.61  10.78  9039400  10.78
2010-03-30  11.0  11.01  10.78  10.85  6992400  10.85
2010-03-29  10.69  11.03  10.69  11.01  8027400  11.01
2010-03-26  10.65  10.75  10.55  10.64  8682500  10.64
2010-03-25  10.81  10.92  10.51  10.54  15058400  10.54
2010-03-24  10.95  10.99  10.79  10.8  11099100  10.8
2010-03-23  11.03  11.14  10.89  11.01  8879000  11.01
2010-03-22  11.18  11.19  10.95  11.04  13088000  11.04
2010-03-19  11.42  11.57  11.17  11.23  9707500  11.23
2010-03-18  11.52  11.59  11.28  11.33  5940400  11.33
2010-03-17  11.7  11.76  11.47  11.52  8994000  11.52
2010-03-16  11.56  11.64  11.38  11.64  5306200  11.64
2010-03-15  11.43  11.43  11.2  11.34  8602400  11.34
2010-03-12  11.46  11.48  11.31  11.43  5814100  11.43
2010-03-11  11.02  11.41  11.02  11.37  9167800  11.37
2010-03-10  11.21  11.21  10.93  11.03  12657900  11.03
2010-03-09  11.18  11.25  11.1  11.17  7163700  11.17
2010-03-08  11.36  11.47  11.23  11.26  8339500  11.26
2010-03-05  11.17  11.42  11.13  11.35  6780000  11.35
2010-03-04  11.23  11.32  11.02  11.09  6509100  11.09
2010-03-03  11.18  11.4  11.05  11.29  8599500  11.29
2010-03-02  10.95  11.4  10.95  11.01  13684800  11.01
2010-03-01  11.51  11.51  10.86  10.95  16674600  10.95
2010-02-26  11.54  11.71  11.32  11.46  7000100  11.46
2010-02-25  11.39  11.53  11.28  11.47  6364800  11.47
2010-02-24  11.58  11.62  11.36  11.56  6354300  11.56
2010-02-23  11.72  11.78  11.51  11.53  5440300  11.53
2010-02-22  12.04  12.04  11.7  11.76  4871600  11.76
2010-02-19  11.71  11.94  11.62  11.94  6705500  11.94
2010-02-18  11.74  11.88  11.7  11.79  7280800  11.79
2010-02-17  11.69  11.8  11.54  11.79  11136400  11.79
2010-02-16  11.67  11.7  11.45  11.61  18712000  11.61
2010-02-12  11.55  11.56  11.38  11.53  10828700  11.53
2010-02-11  11.66  11.74  11.5  11.71  8128500  11.71
2010-02-10  11.91  11.91  11.56  11.7  8151700  11.7
2010-02-09  11.7  12.09  11.66  11.89  9419700  11.89
2010-02-08  11.56  11.75  11.42  11.51  5248400  11.51
2010-02-05  11.59  11.72  11.24  11.5  9749800  11.5
2010-02-04  12.51  12.57  11.58  11.6  16486600  11.6
2010-02-03  12.73  12.91  12.59  12.64  3366700  12.64
2010-02-02  12.62  12.89  12.51  12.86  4175300  12.86
2010-02-01  12.4  12.65  12.23  12.63  5797700  12.63
2010-01-29  12.54  12.58  12.29  12.38  13698800  12.38
2010-01-28  12.64  12.73  12.22  12.43  8794600  12.43
2010-01-27  12.81  12.82  12.25  12.62  11971700  12.62
2010-01-26  13.05  13.05  12.77  12.81  4829400  12.81
2010-01-25  12.92  13.21  12.83  13.14  6202100  13.14
2010-01-22  13.12  13.2  12.74  12.76  6531300  12.76
2010-01-21  13.45  13.62  13.01  13.1  6068000  13.1
2010-01-20  13.72  13.72  13.29  13.44  6220700  13.44
2010-01-19  13.75  13.94  13.6  13.85  4699300  13.85
2010-01-15  13.74  13.94  13.52  13.76  5588400  13.76
2010-01-14  13.74  13.96  13.72  13.81  4320900  13.81
2010-01-13  13.47  13.86  13.44  13.8  5488500  13.8
2010-01-12  13.53  13.6  13.4  13.44  5703200  13.44
2010-01-11  13.49  13.73  13.48  13.59  8616600  13.59
2010-01-08  13.12  13.54  13.08  13.5  5647500  13.5
2010-01-07  13.1  13.31  12.89  13.13  16843500  13.13
2010-01-06  13.18  13.46  13.11  13.12  7507300  13.12
2010-01-05  13.4  13.56  13.23  13.26  5093200  13.26
2010-01-04  13.12  13.43  13.12  13.4  4597600  13.4
