Date  Open  High  Low  Close  Volume  Adj Close
2014-02-28  71.56  73.86  71.55  72.71  2782400  72.71
2014-02-27  71.17  71.65  71.06  71.48  1750300  71.48
2014-02-26  71.07  71.89  70.65  71.42  1910800  71.42
2014-02-25  71.88  72.35  71.0  71.14  1614200  71.14
2014-02-24  70.39  72.43  70.15  71.8  2877800  71.8
2014-02-21  69.83  70.67  69.67  70.43  2275900  70.43
2014-02-20  69.21  70.03  69.1  69.89  2712000  69.89
2014-02-19  69.05  69.94  69.0  69.08  2287000  69.08
2014-02-18  69.16  69.85  69.0  69.11  2891400  69.11
2014-02-14  66.0  69.25  65.82  69.19  5115300  69.19
2014-02-13  65.0  66.27  64.68  65.75  3728200  65.75
2014-02-12  66.03  66.48  65.09  65.15  3831800  65.15
2014-02-11  65.59  66.21  65.28  66.03  3990800  66.03
2014-02-10  66.61  66.78  65.59  65.68  4276800  65.68
2014-02-07  66.3  67.02  65.65  66.76  4825900  66.76
2014-02-06  66.79  68.42  66.23  67.92  4376900  67.92
2014-02-05  67.11  68.74  66.67  68.27  2494000  68.27
2014-02-04  67.19  67.49  66.54  67.26  2080400  67.26
2014-02-03  68.49  68.49  66.95  67.06  4433800  67.06
2014-01-31  68.49  68.83  67.98  68.33  3349500  68.33
2014-01-30  68.52  69.6  68.32  68.85  2340800  68.85
2014-01-29  68.46  69.82  67.89  68.06  2489600  68.06
2014-01-28  68.83  69.64  68.74  68.93  1493100  68.93
2014-01-27  68.8  69.22  68.3  68.75  1904500  68.75
2014-01-24  69.65  69.86  68.59  68.93  2252700  68.93
2014-01-23  70.12  70.53  69.27  69.97  2139500  69.97
2014-01-22  70.66  71.01  69.99  70.61  1691600  70.61
2014-01-21  70.49  70.71  69.71  70.26  2761500  70.26
2014-01-17  70.38  70.61  69.56  70.16  2236200  70.16
2014-01-16  71.13  71.3  69.85  70.23  3026600  70.23
2014-01-15  71.6  72.16  71.21  71.4  2438600  71.4
2014-01-14  70.86  71.6  70.47  71.48  2237100  71.48
2014-01-13  70.99  71.78  70.5  70.82  2277300  70.82
2014-01-10  71.22  71.83  70.39  71.12  3438800  71.12
2014-01-09  69.78  71.51  69.73  71.49  4185200  71.49
2014-01-08  68.38  69.12  68.1  68.92  2453800  68.92
2014-01-07  67.48  68.36  67.48  68.22  1869500  68.22
2014-01-06  67.98  68.13  66.95  67.31  2055800  67.31
2014-01-03  67.47  68.05  67.46  67.64  810800  67.64
2014-01-02  68.0  68.39  67.31  67.35  1418700  67.35
2013-12-31  67.98  68.64  67.65  68.37  1565600  68.37
2013-12-30  68.09  68.28  67.42  67.93  1446800  67.93
2013-12-27  68.03  68.27  67.86  68.14  1113700  68.14
2013-12-26  67.31  68.14  67.2  68.09  1434800  68.09
2013-12-24  67.4  67.46  67.06  67.16  640300  67.16
2013-12-23  67.04  67.47  66.98  67.26  1628000  67.26
2013-12-20  66.57  66.95  66.18  66.77  2943500  66.77
2013-12-19  66.5  66.72  66.03  66.42  2509300  66.42
2013-12-18  65.76  66.9  65.35  66.86  3309200  66.86
2013-12-17  65.4  65.68  64.87  65.54  3031300  65.54
2013-12-16  65.19  65.42  64.8  65.4  2933100  65.4
2013-12-13  64.94  65.79  64.51  64.81  2783700  64.81
2013-12-12  65.79  66.57  64.89  64.93  3302700  64.93
2013-12-11  66.93  67.13  65.89  66.09  4339200  66.09
2013-12-10  66.54  67.1  66.53  66.92  3795200  66.92
2013-12-09  66.04  66.69  65.87  66.61  2717700  66.61
2013-12-06  65.25  65.85  65.16  65.81  2069300  65.81
2013-12-05  66.1  66.55  64.51  64.6  4606000  64.6
2013-12-04  67.19  67.5  65.97  66.08  4939700  66.08
2013-12-03  67.87  68.13  67.22  67.43  2803200  67.43
2013-12-02  68.75  69.25  68.09  68.24  2581100  68.24
2013-11-29  68.78  69.24  68.6  68.71  1073800  68.71
2013-11-27  68.72  68.94  68.18  68.65  1982200  68.65
2013-11-26  68.55  68.94  68.34  68.35  2471100  68.35
2013-11-25  67.98  68.75  67.97  68.58  3090000  68.58
2013-11-22  66.61  67.61  66.29  67.56  2333800  67.56
2013-11-21  66.11  67.58  66.11  66.57  4075500  66.57
2013-11-20  64.32  66.01  64.27  65.73  3118000  65.73
2013-11-19  64.55  64.8  64.17  64.34  2827100  64.34
2013-11-18  64.9  65.12  64.46  64.54  2013500  64.54
2013-11-15  64.51  64.95  64.04  64.87  1826400  64.87
2013-11-14  63.68  64.91  63.59  64.78  2695400  64.78
2013-11-13  62.61  63.69  62.61  63.68  3535800  63.68
2013-11-12  63.13  63.36  62.62  62.87  2013600  62.87
2013-11-11  63.13  63.78  63.07  63.45  1542600  63.45
2013-11-08  62.37  63.21  62.3  63.15  1869500  63.15
2013-11-07  63.48  63.8  62.32  62.36  2755800  62.36
2013-11-06  62.68  63.58  62.14  63.04  2552800  63.04
2013-11-05  62.92  63.16  62.41  62.47  4652100  62.47
2013-11-04  62.45  63.66  62.37  63.39  2799400  63.39
2013-11-01  62.51  62.76  61.95  62.41  2475700  62.41
2013-10-31  61.93  62.87  61.77  62.5  3645100  62.5
2013-10-30  60.97  62.75  60.97  61.92  4453700  61.92
2013-10-29  61.39  61.51  60.13  60.56  7963100  60.56
2013-10-28  61.81  61.9  61.34  61.58  4438800  61.58
2013-10-25  61.62  61.73  61.34  61.62  1953000  61.62
2013-10-24  62.13  62.6  61.19  61.5  3407600  61.5
2013-10-23  63.32  63.46  61.95  62.15  3653400  62.15
2013-10-22  63.32  63.75  63.09  63.59  3514500  63.59
2013-10-21  63.51  63.73  62.92  62.99  2921500  62.99
2013-10-18  64.02  64.16  61.47  63.23  6354000  63.23
2013-10-17  64.44  64.44  63.7  63.98  5263100  63.98
2013-10-16  64.9  65.66  64.57  65.44  2119300  65.44
2013-10-15  65.25  65.42  64.38  64.65  1697200  64.65
2013-10-14  64.97  65.45  64.53  65.3  1654800  65.3
2013-10-11  65.69  65.69  64.96  65.29  2421700  65.29
2013-10-10  64.19  65.81  64.15  65.5  3568300  65.5
2013-10-09  64.06  64.37  63.58  63.66  2413600  63.66
2013-10-08  64.94  64.94  64.07  64.08  1627400  64.08
2013-10-07  65.47  65.71  64.87  64.94  2086900  64.94
2013-10-04  63.93  66.09  63.84  66.03  4246600  66.03
2013-10-03  64.33  64.49  63.62  63.83  2140700  63.83
2013-10-02  64.32  64.6  63.88  64.36  1850900  64.36
2013-10-01  63.8  64.81  63.65  64.5  2051900  64.5
2013-09-30  63.5  64.01  63.12  63.62  1860200  63.62
2013-09-27  64.28  64.38  63.56  64.08  1625000  64.08
2013-09-26  64.36  65.19  64.1  64.38  1155400  64.38
2013-09-25  64.54  64.68  64.1  64.52  2401300  64.52
2013-09-24  63.77  64.99  63.65  64.41  3029200  64.41
2013-09-23  64.25  64.67  63.0  63.7  3208700  63.7
2013-09-20  64.53  65.31  64.24  64.33  4672500  64.33
2013-09-19  66.19  66.98  64.2  64.44  5500500  64.44
2013-09-18  67.1  67.15  65.59  66.19  5621100  66.19
2013-09-17  68.19  68.43  66.9  67.33  4496800  67.33
2013-09-16  67.89  68.76  67.79  68.28  2696400  68.28
2013-09-13  66.21  68.06  65.97  67.05  4428000  67.05
2013-09-12  65.43  65.84  65.22  65.29  1469400  65.29
2013-09-11  65.13  65.4  64.81  65.35  2066400  65.35
2013-09-10  64.98  65.04  64.17  64.97  2512100  64.97
2013-09-09  64.61  64.84  64.07  64.65  2130200  64.65
2013-09-06  64.95  65.23  63.83  64.71  2355000  64.71
2013-09-05  63.81  65.09  63.73  64.85  2486900  64.85
2013-09-04  63.43  64.13  63.14  63.91  2212700  63.91
2013-09-03  63.43  63.95  63.01  63.37  1807100  63.37
2013-08-30  63.52  64.05  62.83  63.0  1859900  63.0
2013-08-29  62.24  63.56  62.07  63.36  1748900  63.36
2013-08-28  62.49  62.88  62.29  62.4  2072600  62.4
2013-08-27  63.01  63.31  62.62  62.67  2430100  62.67
2013-08-26  64.3  64.52  63.45  63.46  1811200  63.46
2013-08-23  63.51  64.39  63.33  64.31  2534500  64.31
2013-08-22  62.59  63.35  62.5  63.3  1949400  63.3
2013-08-21  62.66  62.99  62.29  62.42  2006100  62.42
2013-08-20  61.71  63.02  61.64  62.66  2333800  62.66
2013-08-19  61.84  62.48  61.71  61.81  1629200  61.81
2013-08-16  61.34  62.27  61.18  61.76  1600600  61.76
2013-08-15  62.3  62.85  61.54  61.57  1739500  61.57
2013-08-14  63.49  63.59  62.74  62.85  1867800  62.85
2013-08-13  63.0  63.7  62.6  63.65  2291900  63.65
2013-08-12  63.06  63.21  62.77  63.05  1293000  63.05
2013-08-09  63.95  64.1  63.26  63.47  1395500  63.47
2013-08-08  63.0  64.01  62.78  63.8  2541300  63.8
2013-08-07  63.56  63.73  62.66  62.77  2063100  62.77
2013-08-06  63.73  63.84  62.8  63.65  2210900  63.65
2013-08-05  63.15  64.1  62.99  63.85  1424800  63.85
2013-08-02  63.12  63.53  62.84  63.16  2045200  63.16
2013-08-01  63.98  64.37  63.27  63.33  2347300  63.33
2013-07-31  62.59  64.44  62.59  63.77  3507700  63.77
2013-07-30  63.19  64.27  61.76  62.56  6845700  62.56
2013-07-29  64.12  64.46  62.93  63.01  4616000  63.01
2013-07-26  65.0  65.13  63.86  64.3  2386600  64.3
2013-07-25  64.86  65.45  64.21  65.17  2161500  65.17
2013-07-24  65.35  65.59  64.34  65.2  2995700  65.2
2013-07-23  65.1  65.19  64.74  64.94  1919800  64.94
2013-07-22  64.09  65.21  63.92  64.64  2686800  64.64
2013-07-19  63.56  64.3  63.04  64.09  2750100  64.09
2013-07-18  61.87  63.94  61.87  63.83  4667300  63.83
2013-07-17  62.38  62.51  61.14  61.16  3371100  61.16
2013-07-16  63.11  63.25  61.73  62.13  3333600  62.13
2013-07-15  63.07  63.28  62.82  63.13  2085200  63.13
2013-07-12  63.84  64.14  62.56  63.11  2990700  63.11
2013-07-11  64.39  64.76  63.58  63.64  3583300  63.64
2013-07-10  63.04  63.99  62.94  63.65  2867300  63.65
2013-07-09  63.16  63.54  62.84  62.9  2141200  62.9
2013-07-08  62.41  62.91  62.23  62.67  2403400  62.67
2013-07-05  62.02  62.3  61.37  61.99  1650800  61.99
2013-07-03  61.52  61.93  61.02  61.55  1826300  61.55
2013-07-02  62.71  62.74  61.57  61.85  3649300  61.85
2013-07-01  63.58  63.62  62.7  62.76  2285500  62.76
2013-06-28  63.06  63.53  62.71  62.95  2761600  62.95
2013-06-27  62.61  63.22  62.48  62.99  2518200  62.99
2013-06-26  62.16  62.88  61.45  62.37  3157000  62.37
2013-06-25  62.01  62.31  61.27  61.58  2829600  61.58
2013-06-24  60.93  62.2  60.78  61.58  5216700  61.58
2013-06-21  60.72  61.67  60.53  61.21  4112700  61.21
2013-06-20  60.96  61.33  60.11  60.25  2721100  60.25
2013-06-19  62.12  62.31  61.24  61.24  2935300  61.24
2013-06-18  60.9  62.15  60.74  62.06  2941800  62.06
2013-06-17  60.45  61.39  60.29  60.91  2592600  60.91
2013-06-14  60.93  61.34  59.78  59.96  3076900  59.96
2013-06-13  60.72  61.31  60.18  61.01  2630100  61.01
2013-06-12  61.42  61.66  60.79  60.8  3081600  60.8
2013-06-11  59.79  61.48  59.61  61.2  3767700  61.2
2013-06-10  59.72  60.54  59.65  60.4  2197500  60.4
2013-06-07  58.99  59.73  58.88  59.71  2418500  59.71
2013-06-06  57.87  58.81  57.41  58.81  3287300  58.81
2013-06-05  58.66  58.88  57.18  57.68  2830600  57.68
2013-06-04  59.07  59.76  58.34  58.8  2818200  58.8
2013-06-03  59.89  60.09  58.7  59.12  3137900  59.12
2013-05-31  61.64  61.64  59.77  59.81  4054800  59.81
2013-05-30  59.9  62.18  59.74  61.87  3850300  61.87
2013-05-29  60.08  60.38  59.66  59.73  2175200  59.73
2013-05-28  59.25  60.64  59.25  60.32  2754100  60.32
2013-05-24  59.51  59.62  58.32  58.75  2374800  58.75
2013-05-23  58.54  59.99  58.47  59.82  2139200  59.82
2013-05-22  59.68  60.61  58.75  58.97  2332300  58.97
2013-05-21  58.8  59.99  58.71  59.71  2506300  59.71
2013-05-20  59.29  59.37  58.42  58.59  2109800  58.59
2013-05-17  59.0  59.59  58.95  59.48  2612100  59.48
2013-05-16  59.06  59.47  58.96  58.97  2296300  58.97
2013-05-15  58.86  59.7  58.56  59.27  3232800  59.27
2013-05-14  58.57  59.12  58.57  58.83  2963500  58.83
2013-05-13  58.56  59.03  58.45  58.7  3436500  58.7
2013-05-10  58.88  59.15  58.33  58.55  3443200  58.55
2013-05-09  58.58  58.95  57.99  58.93  2331500  58.93
2013-05-08  58.6  58.94  58.26  58.79  3359400  58.79
2013-05-07  58.3  58.53  57.76  58.52  3905200  58.52
2013-05-06  58.37  58.91  57.97  58.14  2972700  58.14
2013-05-03  57.99  58.54  57.75  58.45  2401800  58.45
2013-05-02  57.93  58.62  57.58  57.8  2824900  57.8
2013-05-01  56.99  58.82  56.91  57.7  3910000  57.7
2013-04-30  56.56  58.09  56.04  56.9  5665200  56.9
2013-04-29  56.81  57.0  55.52  55.63  3753100  55.63
2013-04-26  56.3  56.88  56.12  56.48  2118800  56.48
2013-04-25  56.69  56.86  55.72  56.35  3731300  56.35
2013-04-24  56.66  56.83  55.88  56.46  3488100  56.46
2013-04-23  54.78  55.29  54.31  55.03  2097900  55.03
2013-04-22  55.36  55.36  54.37  54.51  1933000  54.51
2013-04-19  54.07  55.44  53.99  55.35  2930600  55.35
2013-04-18  53.5  54.66  53.01  53.67  4556000  53.67
2013-04-17  55.8  55.82  54.1  54.77  3591900  54.77
2013-04-16  55.37  56.16  54.62  56.11  3676000  56.11
2013-04-15  56.01  56.23  54.71  54.74  2357100  54.74
2013-04-12  56.07  56.4  55.93  56.25  2955300  56.25
2013-04-11  55.62  56.19  55.3  56.17  2561700  56.17
2013-04-10  55.24  55.95  55.04  55.57  2519500  55.57
2013-04-09  54.0  55.37  53.86  55.01  3797800  55.01
2013-04-08  53.26  53.88  52.66  53.78  2294600  53.78
2013-04-05  53.57  53.76  52.93  53.3  2291400  53.3
2013-04-04  53.74  54.36  53.54  53.89  3142500  53.89
2013-04-03  53.63  54.89  53.23  53.72  5519900  53.72
2013-04-02  54.3  54.65  53.35  53.59  9969100  53.59
2013-04-01  50.37  53.35  49.75  51.7  5603600  51.7
2013-03-28  50.23  50.53  49.83  50.47  2108000  50.47
2013-03-27  49.8  50.26  49.74  50.21  1884100  50.21
2013-03-26  49.63  50.48  49.51  49.94  2540500  49.94
2013-03-25  49.39  49.9  49.25  49.4  2826400  49.4
2013-03-22  49.73  49.81  49.13  49.26  2082600  49.26
2013-03-21  49.13  49.74  49.04  49.59  3526100  49.59
2013-03-20  50.11  50.17  49.33  49.38  2581300  49.38
2013-03-19  50.09  50.24  49.72  49.86  2877900  49.86
2013-03-18  49.86  50.3  49.58  49.91  3063800  49.91
2013-03-15  50.35  50.61  50.16  50.21  4399100  50.21
2013-03-14  50.93  51.05  50.24  50.56  2723000  50.56
2013-03-13  50.51  50.79  50.13  50.79  2661600  50.79
2013-03-12  49.16  50.57  48.95  50.57  3873800  50.57
2013-03-11  49.63  49.75  48.84  49.25  4163000  49.25
2013-03-08  49.06  50.03  49.01  49.86  3382600  49.86
2013-03-07  48.26  49.07  48.26  48.95  3162800  48.95
2013-03-06  47.52  48.4  47.48  48.39  3865200  48.39
2013-03-05  46.63  47.33  46.61  47.23  1998900  47.23
2013-03-04  46.63  47.0  46.25  46.53  3312300  46.53
2013-03-01  46.41  46.97  45.92  46.88  2388200  46.88
2013-02-28  46.91  46.97  46.3  46.58  3415100  46.58
2013-02-27  45.93  47.11  45.85  46.91  3040700  46.91
2013-02-26  46.22  46.33  45.44  45.95  3791200  45.95
2013-02-25  47.12  47.51  46.04  46.09  4788700  46.09
2013-02-22  47.25  47.48  46.75  46.96  2698400  46.96
2013-02-21  47.63  47.96  46.75  47.14  3346100  47.14
2013-02-20  48.11  48.18  47.41  47.61  3187100  47.61
2013-02-19  46.95  48.23  46.29  48.08  6719200  48.08
2013-02-15  48.93  49.19  48.5  48.56  2746700  48.56
2013-02-14  48.69  49.33  48.36  48.92  2194900  48.92
2013-02-13  49.61  49.77  48.76  48.87  3603600  48.87
2013-02-12  50.3  50.44  49.34  49.5  3122400  49.5
2013-02-11  49.87  50.0  49.29  49.73  4020700  49.73
2013-02-08  49.18  50.29  48.84  49.94  3843900  49.94
2013-02-07  48.99  49.12  48.37  49.01  2128200  49.01
2013-02-06  48.63  49.21  48.49  49.0  2775300  49.0
2013-02-05  48.09  49.03  48.02  48.91  2526000  48.91
2013-02-04  47.59  48.31  47.48  47.92  2576900  47.92
2013-02-01  48.11  48.11  47.25  47.85  3071600  47.85
2013-01-31  46.82  48.11  45.92  47.6  5790700  47.6
2013-01-30  49.0  49.06  48.25  48.31  4080400  48.31
2013-01-29  48.74  49.22  48.64  49.06  3088900  49.06
2013-01-28  49.29  49.71  48.73  48.73  3416000  48.73
2013-01-25  49.05  49.16  48.58  49.11  3860200  49.11
2013-01-24  48.01  49.2  47.94  49.07  3779100  49.07
2013-01-23  47.6  48.02  47.2  47.98  2548300  47.98
2013-01-22  46.37  47.82  46.31  47.71  3753700  47.71
2013-01-18  46.48  46.53  46.11  46.32  3113400  46.32
2013-01-17  45.38  46.59  45.2  46.58  3455900  46.58
2013-01-16  45.42  45.45  44.84  45.11  2057700  45.11
2013-01-15  44.86  45.49  44.7  45.45  2211600  45.45
2013-01-14  45.05  45.27  44.54  45.19  2068400  45.19
2013-01-11  45.21  45.26  44.69  44.94  1842400  44.94
2013-01-10  44.51  45.17  44.32  45.17  2016000  45.17
2013-01-09  43.97  44.82  43.97  44.4  2339200  44.4
2013-01-08  45.36  45.69  43.8  43.8  4503700  43.8
2013-01-07  44.55  45.38  44.42  45.36  2437900  45.36
2013-01-04  44.62  44.8  44.18  44.69  4106000  44.69
2013-01-03  45.35  45.43  44.42  44.49  5054200  44.49
2013-01-02  46.24  46.24  44.99  45.45  3920000  45.45
2012-12-31  44.7  45.57  44.42  45.51  2572800  45.51
2012-12-28  45.23  45.56  44.74  44.77  1593800  44.77
2012-12-27  45.79  45.97  44.95  45.44  2150400  45.44
2012-12-26  45.7  46.18  45.53  45.72  2520600  45.72
2012-12-24  45.88  46.02  45.54  45.7  937500  45.7
2012-12-21  45.74  46.11  45.42  45.82  4551400  45.82
2012-12-20  45.21  46.25  45.1  46.18  3841200  46.18
2012-12-19  45.67  45.7  44.83  45.21  3377100  45.21
2012-12-18  45.45  45.81  45.29  45.72  3634000  45.72
2012-12-17  44.86  45.48  44.71  45.38  2501500  45.38
2012-12-14  44.95  45.19  44.55  44.78  4148900  44.78
2012-12-13  45.03  45.77  44.86  45.18  4126400  45.18
2012-12-12  44.29  45.91  44.03  45.12  8455300  45.12
2012-12-11  43.91  43.93  43.34  43.71  5544000  43.71
2012-12-10  43.73  44.08  43.37  43.91  4334700  43.91
2012-12-07  43.3  43.96  43.28  43.94  4097400  43.94
2012-12-06  42.79  42.88  42.37  42.68  2452500  42.68
2012-12-05  42.62  43.09  42.21  42.8  3354500  42.8
2012-12-04  42.61  43.19  42.57  42.61  3736400  42.61
2012-12-03  42.72  43.01  42.53  42.65  3386400  42.65
2012-11-30  42.04  42.66  41.92  42.44  5197700  42.44
2012-11-29  41.73  42.23  41.7  42.0  4299100  42.0
2012-11-28  41.51  41.93  41.39  41.59  3662000  41.59
2012-11-27  41.95  42.49  41.79  41.92  5108900  41.92
2012-11-26  42.05  42.17  41.56  42.04  3737200  42.04
2012-11-23  41.45  42.28  41.3  42.25  1661100  42.25
2012-11-21  41.09  41.73  40.8  41.43  2707600  41.43
2012-11-20  41.02  41.27  40.71  41.13  3069700  41.13
2012-11-19  40.31  41.01  40.27  40.99  2676800  40.99
2012-11-16  40.09  40.28  39.63  40.0  2783800  40.0
2012-11-15  40.1  40.49  39.87  40.08  3234700  40.08
2012-11-14  40.8  40.95  39.86  40.09  5480400  40.09
2012-11-13  41.04  41.62  40.76  40.76  2898700  40.76
2012-11-12  41.48  41.59  41.17  41.19  2364400  41.19
2012-11-09  41.59  42.29  41.3  41.39  4418700  41.39
2012-11-08  42.06  42.94  41.51  41.6  5073100  41.6
2012-11-07  42.32  42.75  41.61  41.95  9739700  41.95
2012-11-06  43.58  43.82  42.82  43.79  4374200  43.79
2012-11-05  43.31  43.62  42.62  43.53  5380000  43.53
2012-11-02  43.74  43.85  42.92  43.24  7351400  43.24
2012-11-01  42.86  43.78  42.86  43.72  7034300  43.72
2012-10-31  43.5  43.78  42.47  42.94  5285300  42.94
2012-10-26  43.44  43.73  43.12  43.34  3154100  43.34
2012-10-25  44.19  44.22  43.38  43.66  5020600  43.66
2012-10-24  43.15  43.51  42.91  43.19  4852700  43.19
2012-10-23  43.08  43.23  42.52  42.91  4637900  42.91
2012-10-22  42.75  43.52  42.64  43.5  3726800  43.5
2012-10-19  43.3  43.4  42.62  42.79  3718700  42.79
2012-10-18  42.57  43.72  42.4  43.53  5207100  43.53
2012-10-17  43.43  43.49  42.43  42.78  4952200  42.78
2012-10-16  42.85  43.46  42.55  43.17  5458800  43.17
2012-10-15  42.57  43.2  42.52  43.16  6088400  43.16
2012-10-12  42.67  43.21  42.29  42.5  5850400  42.5
2012-10-11  41.49  42.63  41.41  42.54  7257200  42.54
2012-10-10  41.39  41.56  41.11  41.17  5026700  41.17
2012-10-09  41.19  41.67  41.12  41.47  6775700  41.47
2012-10-08  40.88  41.43  40.51  41.18  4853000  41.18
2012-10-05  41.27  41.29  40.63  40.77  3856200  40.77
2012-10-04  40.7  41.78  40.69  41.19  7327800  41.19
2012-10-03  39.91  40.65  39.91  40.52  5954500  40.52
2012-10-02  39.11  39.84  39.03  39.83  4668500  39.83
2012-10-01  38.97  39.15  38.66  38.96  3397500  38.96
2012-09-28  38.67  38.9  38.49  38.75  4008100  38.75
2012-09-27  38.57  38.91  38.29  38.87  3695900  38.87
2012-09-26  38.85  39.24  38.23  38.46  4654400  38.46
2012-09-25  39.44  40.07  38.9  39.05  8516900  39.05
2012-09-24  38.73  39.68  38.49  39.43  5603900  39.43
2012-09-21  38.62  38.87  38.3  38.75  4851100  38.75
2012-09-20  38.59  38.68  38.06  38.57  2700700  38.57
2012-09-19  38.61  38.68  38.4  38.59  4872600  38.59
2012-09-18  38.19  38.64  38.13  38.63  4198400  38.63
2012-09-17  38.13  38.36  37.61  38.29  4526100  38.29
2012-09-14  37.31  38.21  37.25  38.21  5884200  38.21
2012-09-13  36.47  37.48  36.3  37.35  6864900  37.35
2012-09-12  36.97  37.41  36.48  36.55  4165800  36.55
2012-09-11  37.41  37.67  37.03  37.08  4657600  37.08
2012-09-10  37.84  38.19  37.38  37.38  3945500  37.38
2012-09-07  37.63  38.41  37.62  38.17  3608800  38.17
2012-09-06  37.44  37.83  37.42  37.55  3365000  37.55
2012-09-05  37.5  37.68  37.26  37.35  3566500  37.35
2012-09-04  37.6  37.9  37.23  37.34  3643400  37.34
2012-08-31  38.11  38.24  37.56  37.59  3024100  37.59
2012-08-30  38.03  38.22  37.9  37.97  3197200  37.97
2012-08-29  37.83  38.51  37.82  38.28  2935900  38.28
2012-08-28  37.98  38.2  37.69  37.71  2574100  37.71
2012-08-27  37.92  38.36  37.8  38.17  2875200  38.17
2012-08-24  38.39  38.55  37.83  37.89  4418200  37.89
2012-08-23  38.7  38.87  38.41  38.46  3199800  38.46
2012-08-22  38.96  39.01  38.55  38.72  4052200  38.72
2012-08-21  39.02  39.61  38.86  39.05  6390200  39.05
2012-08-20  38.85  39.38  38.17  39.32  15124900  39.32
2012-08-17  37.43  37.47  36.97  37.23  2253600  37.23
2012-08-16  36.75  37.35  36.62  37.35  2902300  37.35
2012-08-15  36.27  37.04  36.21  36.85  2155500  36.85
2012-08-14  36.75  36.88  36.09  36.18  2209100  36.18
2012-08-13  36.79  36.9  36.49  36.68  1982400  36.68
2012-08-10  36.57  36.94  36.46  36.92  2258200  36.92
2012-08-09  36.65  36.93  36.41  36.73  2864200  36.73
2012-08-08  36.34  37.04  36.25  36.8  3718200  36.8
2012-08-07  35.98  36.56  35.93  36.41  5798000  36.41
2012-08-06  36.04  36.21  35.77  35.8  2293400  35.8
2012-08-03  35.71  36.28  35.66  35.92  3281800  35.92
2012-08-02  35.42  35.78  35.01  35.55  4691900  35.55
2012-08-01  35.49  36.21  35.33  35.73  3795600  35.73
2012-07-31  37.23  37.56  35.27  35.29  7907500  35.29
2012-07-30  35.93  36.5  35.91  36.35  3539500  36.35
2012-07-27  34.81  36.04  34.73  35.89  4065700  35.89
2012-07-26  35.04  35.24  34.24  34.55  4728500  34.55
2012-07-25  34.44  35.01  33.85  34.57  8002600  34.57
2012-07-24  36.34  36.67  35.94  36.28  2740700  36.28
2012-07-23  36.65  36.74  35.93  36.44  2631400  36.44
2012-07-20  37.2  37.51  36.71  36.86  3270400  36.86
2012-07-19  38.97  39.36  37.22  37.34  5057300  37.34
2012-07-18  37.73  38.4  37.48  38.17  3060000  38.17
2012-07-17  37.31  37.97  37.19  37.83  3895300  37.83
2012-07-16  37.2  37.4  36.96  37.22  2821000  37.22
2012-07-13  36.74  37.43  36.74  37.34  3212600  37.34
2012-07-12  36.75  36.98  36.54  36.75  3166100  36.75
2012-07-11  36.84  37.09  36.7  36.95  3281600  36.95
2012-07-10  37.14  37.24  36.71  36.88  2785200  36.88
2012-07-09  37.32  37.81  36.77  37.06  5033700  37.06
2012-07-06  36.57  36.77  36.37  36.66  3002900  36.66
2012-07-05  37.14  37.43  36.63  36.88  3698100  36.88
2012-07-03  37.51  37.66  36.96  37.16  2679600  37.16
2012-07-02  38.01  38.39  37.46  37.57  3886000  37.57
2012-06-29  39.58  39.6  37.53  37.77  8105400  37.77
2012-06-28  39.68  40.76  37.85  38.82  16653000  38.82
2012-06-27  39.34  40.34  39.04  39.9  3775700  39.9
2012-06-26  39.6  39.91  39.06  39.63  2399700  39.63
2012-06-25  40.29  40.6  39.5  39.64  3919200  39.64
2012-06-22  39.92  40.83  39.75  40.61  6515600  40.61
2012-06-21  40.07  40.26  39.57  39.71  5036100  39.71
2012-06-20  40.15  40.5  39.75  39.93  8123700  39.93
2012-06-19  40.43  40.51  39.83  39.84  6720900  39.84
2012-06-18  39.86  40.34  39.82  40.05  6633000  40.05
2012-06-15  40.5  40.87  39.92  39.93  7241100  39.93
2012-06-14  40.81  40.81  40.24  40.43  6159600  40.43
2012-06-13  41.49  42.03  40.48  40.51  8955600  40.51
2012-06-12  41.86  41.92  41.3  41.77  3190400  41.77
2012-06-11  42.18  42.32  41.51  41.64  4147200  41.64
2012-06-08  40.69  42.21  40.64  42.12  3920600  42.12
2012-06-07  41.27  41.53  40.86  40.91  5026900  40.91
2012-06-06  40.75  41.64  40.7  41.33  4845100  41.33
2012-06-05  39.52  40.78  39.35  40.67  4796500  40.67
2012-06-04  39.45  39.7  39.15  39.45  3216200  39.45
2012-06-01  39.34  39.85  39.29  39.44  4381400  39.44
2012-05-31  40.2  40.48  39.45  39.83  4947400  39.83
2012-05-30  40.4  40.78  40.18  40.29  3062200  40.29
2012-05-29  40.35  40.82  40.16  40.73  3042200  40.73
2012-05-25  39.94  40.64  39.94  40.13  2843300  40.13
2012-05-24  39.69  41.08  39.41  40.07  5878600  40.07
2012-05-23  39.06  39.51  38.83  39.3  3216900  39.3
2012-05-22  39.72  40.12  39.04  39.22  4066400  39.22
2012-05-21  38.31  39.86  38.3  39.73  4517200  39.73
2012-05-18  38.66  39.08  38.06  38.22  4439500  38.22
2012-05-17  39.12  39.49  38.6  38.6  6217700  38.6
2012-05-16  39.13  40.04  39.05  39.17  5564400  39.17
2012-05-15  40.28  40.41  39.68  39.77  4586800  39.77
2012-05-14  39.98  41.07  39.68  40.46  4512100  40.46
2012-05-11  40.7  40.99  40.08  40.17  4391100  40.17
2012-05-10  41.23  41.36  40.72  40.76  3360600  40.76
2012-05-09  40.69  41.64  40.59  40.99  6097100  40.99
2012-05-08  41.53  42.05  41.16  41.94  5117000  41.94
2012-05-07  42.05  42.21  41.47  41.87  4713700  41.87
2012-05-04  42.77  42.8  41.88  42.02  3800800  42.02
2012-05-03  43.66  43.66  42.02  42.87  6630800  42.87
2012-05-02  43.1  43.94  43.1  43.77  5361300  43.77
2012-05-01  42.92  43.79  42.8  43.3  5722000  43.3
2012-04-30  42.05  43.07  41.89  42.9  8277500  42.9
2012-04-27  44.31  44.34  42.33  42.39  10527700  42.39
2012-04-26  43.24  44.52  42.23  44.14  17611400  44.14
2012-04-25  48.2  48.96  47.9  48.08  2953000  48.08
2012-04-24  47.58  47.83  47.24  47.77  2111400  47.77
2012-04-23  47.73  47.74  47.26  47.66  1832900  47.66
2012-04-20  47.94  48.32  47.55  47.94  2239600  47.94
2012-04-19  46.81  48.35  46.55  47.8  4452300  47.8
2012-04-18  46.27  47.0  46.25  46.67  3243800  46.67
2012-04-17  46.37  46.72  46.05  46.53  2092200  46.53
2012-04-16  46.63  46.66  45.85  46.01  2473300  46.01
2012-04-13  46.75  47.04  46.56  46.58  1851800  46.58
2012-04-12  46.61  47.09  46.41  46.94  2115500  46.94
2012-04-11  47.16  47.2  46.4  46.46  2785400  46.46
2012-04-10  47.26  47.46  46.25  46.44  2551600  46.44
2012-04-09  47.43  47.64  47.2  47.34  2749200  47.34
2012-04-05  47.93  48.19  47.71  48.16  2016000  48.16
2012-04-04  48.2  48.28  47.77  48.18  2847600  48.18
2012-04-03  48.73  48.95  48.07  48.46  3102600  48.46
2012-04-02  48.75  48.99  48.49  48.76  4367700  48.76
2012-03-30  48.15  49.64  48.05  48.69  8014500  48.69
2012-03-29  44.91  48.44  44.88  48.11  12687000  48.11
2012-03-28  45.73  46.18  44.79  45.15  4745100  45.15
2012-03-27  45.71  45.86  44.72  45.62  4522600  45.62
2012-03-26  44.42  45.72  44.4  45.62  3761600  45.62
2012-03-23  44.45  44.81  44.02  44.26  5106400  44.26
2012-03-22  44.88  45.24  44.8  45.13  3429300  45.13
2012-03-21  44.95  45.35  44.67  45.15  3981600  45.15
2012-03-20  45.1  45.31  44.52  44.94  2714800  44.94
2012-03-19  45.13  45.59  45.06  45.36  2131200  45.36
2012-03-16  44.78  45.21  44.6  45.13  5898500  45.13
2012-03-15  44.52  44.71  44.44  44.61  3210900  44.61
2012-03-14  44.36  44.66  44.24  44.36  5667500  44.36
2012-03-13  44.83  45.01  44.13  44.51  4328100  44.51
2012-03-12  45.46  45.46  44.59  44.65  2527200  44.65
2012-03-09  44.96  45.73  44.93  45.48  2696300  45.48
2012-03-08  44.75  45.22  44.62  44.95  2316900  44.95
2012-03-07  44.34  44.85  44.27  44.38  2026300  44.38
2012-03-06  45.12  45.55  44.0  44.31  3235900  44.31
2012-03-05  44.92  45.62  44.88  45.42  2571800  45.42
2012-03-02  45.72  45.85  45.06  45.21  2648300  45.21
2012-03-01  45.37  45.85  44.99  45.83  2596200  45.83
2012-02-29  45.37  45.67  45.02  45.39  4145600  45.39
2012-02-28  45.34  45.5  45.1  45.27  2565900  45.27
2012-02-27  45.18  45.87  45.02  45.37  3687000  45.37
2012-02-24  45.31  45.69  45.31  45.51  3066500  45.51
2012-02-23  45.8  46.03  45.27  45.32  2981300  45.32
2012-02-22  45.59  45.93  45.36  45.76  3149700  45.76
2012-02-21  45.88  46.1  45.3  45.49  3661300  45.49
2012-02-17  46.07  46.2  45.69  45.7  3318600  45.7
2012-02-16  45.79  45.96  45.58  45.79  2951900  45.79
2012-02-15  46.1  46.3  45.7  45.79  4112400  45.79
2012-02-14  44.9  45.89  44.72  45.88  5976100  45.88
2012-02-13  44.63  45.13  44.53  44.9  3281200  44.9
2012-02-10  43.93  44.6  43.68  44.36  3761000  44.36
2012-02-09  43.82  44.59  43.82  44.46  4271100  44.46
2012-02-08  43.13  43.97  43.09  43.81  4255500  43.81
2012-02-07  42.47  43.49  42.33  43.4  3798300  43.4
2012-02-06  42.81  42.83  42.01  42.46  4845100  42.46
2012-02-03  43.44  43.44  42.13  42.82  5902600  42.82
2012-02-02  44.01  44.28  43.3  43.48  3304300  43.48
2012-02-01  41.65  44.41  41.03  43.75  6347100  43.75
2012-01-31  42.79  43.68  42.25  42.42  4688800  42.42
2012-01-30  41.91  42.8  41.59  42.73  5152500  42.73
2012-01-27  41.01  42.33  41.01  42.16  4092400  42.16
2012-01-26  41.59  41.59  40.72  41.36  4022600  41.36
2012-01-25  40.75  41.65  39.85  41.38  6321100  41.38
2012-01-24  42.18  42.33  41.29  41.51  4391500  41.51
2012-01-23  42.49  42.91  42.13  42.3  2324500  42.3
2012-01-20  42.85  43.06  42.21  42.46  3183200  42.46
2012-01-19  42.76  43.17  42.39  42.83  4371400  42.83
2012-01-18  43.21  43.65  42.77  43.59  2596000  43.59
2012-01-17  42.94  43.54  42.78  43.26  3016300  43.26
2012-01-13  42.39  42.48  42.03  42.42  2065800  42.42
2012-01-12  42.93  42.98  42.16  42.64  2412500  42.64
2012-01-11  42.75  43.07  42.51  42.89  1934000  42.89
2012-01-10  43.0  43.21  42.64  42.85  3210400  42.85
2012-01-09  42.75  42.98  42.25  42.68  3052800  42.68
2012-01-06  42.12  43.26  42.07  42.61  3458200  42.61
2012-01-05  41.57  42.36  41.4  42.18  3063900  42.18
2012-01-04  40.9  41.8  40.87  41.77  5584700  41.77
2012-01-03  41.43  41.56  40.83  40.99  4149900  40.99
2011-12-30  41.66  41.68  40.71  40.79  2893600  40.79
2011-12-29  41.34  41.98  41.33  41.59  1708300  41.59
2011-12-28  42.29  42.33  41.21  41.31  2526200  41.31
2011-12-27  41.94  42.43  41.91  42.28  2492900  42.28
2011-12-23  41.09  42.11  41.07  41.96  3268300  41.96
2011-12-22  40.7  41.09  40.7  41.02  2963300  41.02
2011-12-21  40.42  40.72  39.75  40.66  4111300  40.66
2011-12-20  39.56  40.42  39.37  40.27  5147200  40.27
2011-12-19  39.13  39.52  38.71  38.83  2940200  38.83
2011-12-16  39.34  39.64  38.87  39.05  4864200  39.05
2011-12-15  39.13  39.27  38.03  38.72  5326000  38.72
2011-12-14  38.38  38.8  37.97  37.98  3914700  37.98
2011-12-13  38.97  39.37  38.19  38.3  2823900  38.3
2011-12-12  39.24  39.46  38.49  38.69  2485600  38.69
2011-12-09  39.07  39.66  38.99  39.55  2576700  39.55
2011-12-08  40.12  40.18  38.78  38.91  2973400  38.91
2011-12-07  39.93  40.58  39.42  40.33  4464600  40.33
2011-12-06  39.52  40.25  39.49  39.98  3181600  39.98
2011-12-05  40.22  40.41  39.36  39.49  3514400  39.49
2011-12-02  40.61  40.61  39.42  39.65  3294200  39.65
2011-12-01  40.37  40.77  40.16  40.3  2898700  40.3
2011-11-30  39.66  40.45  39.01  40.43  5129400  40.43
2011-11-29  38.01  38.71  37.99  38.6  3772700  38.6
2011-11-28  37.17  37.92  37.11  37.77  2921100  37.77
2011-11-25  36.74  37.28  36.61  36.63  1299400  36.63
2011-11-23  37.54  37.56  36.72  36.87  3244200  36.87
2011-11-22  38.03  38.32  37.53  37.86  3272000  37.86
2011-11-21  37.67  38.37  37.57  38.13  3660200  38.13
2011-11-18  38.53  38.58  38.07  38.37  3134300  38.37
2011-11-17  38.3  38.59  37.91  38.15  4027300  38.15
2011-11-16  39.72  39.72  38.36  38.41  4525800  38.41
2011-11-15  40.12  40.33  39.54  40.2  3505400  40.2
2011-11-14  39.69  40.65  39.69  40.3  3542000  40.3
2011-11-11  39.19  40.22  39.15  39.99  3543000  39.99
2011-11-10  38.56  38.99  38.09  38.89  2986600  38.89
2011-11-09  38.51  38.56  37.92  38.14  3778000  38.14
2011-11-08  38.82  39.34  38.27  39.21  3083600  39.21
2011-11-07  38.54  38.74  37.9  38.71  2662100  38.71
2011-11-04  38.0  38.4  37.62  38.33  3090900  38.33
2011-11-03  38.73  38.78  37.88  38.29  4363100  38.29
2011-11-02  38.72  38.76  38.15  38.31  3599600  38.31
2011-11-01  37.29  38.44  37.29  38.02  5070800  38.02
2011-10-31  39.37  39.58  38.42  38.44  6263700  38.44
2011-10-28  39.41  39.49  38.83  39.28  4705600  39.28
2011-10-27  38.93  39.7  38.08  39.47  5618900  39.47
2011-10-26  37.59  38.2  37.14  37.61  4070900  37.61
2011-10-25  37.24  37.9  36.85  37.04  3237800  37.04
2011-10-24  37.22  37.79  36.79  37.34  4635400  37.34
2011-10-21  36.58  36.93  36.3  36.85  3403200  36.85
2011-10-20  35.77  36.19  35.19  36.1  3527300  36.1
2011-10-19  35.91  36.85  35.49  35.65  3962000  35.65
2011-10-18  35.52  36.2  34.07  35.87  8076300  35.87
2011-10-17  36.25  36.66  36.14  36.25  3961000  36.25
2011-10-14  36.25  36.62  36.16  36.6  3981400  36.6
2011-10-13  36.1  36.27  35.43  35.78  3915000  35.78
2011-10-12  35.78  36.66  35.68  36.23  4135000  36.23
2011-10-11  35.17  35.57  35.04  35.37  2271000  35.37
2011-10-10  34.85  35.48  34.49  35.47  3757900  35.47
2011-10-07  34.46  34.52  33.36  34.15  7455800  34.15
2011-10-06  33.89  34.23  33.65  34.18  5708600  34.18
2011-10-05  34.31  34.46  33.56  33.95  5716300  33.95
2011-10-04  32.69  34.32  32.19  34.25  7400000  34.25
2011-10-03  34.75  35.03  33.04  33.06  6776200  33.06
2011-09-30  35.4  35.87  34.88  34.99  5073100  34.99
2011-09-29  36.8  36.93  34.98  35.84  6660000  35.84
2011-09-28  37.7  37.81  36.13  36.2  5080800  36.2
2011-09-27  38.62  38.73  37.5  37.68  6358700  37.68
2011-09-26  37.69  38.02  36.82  37.99  4863500  37.99
2011-09-23  36.32  37.4  35.98  37.22  5860600  37.22
2011-09-22  36.2  37.01  35.91  36.49  6420300  36.49
2011-09-21  38.81  39.07  37.35  37.38  4843000  37.38
2011-09-20  39.69  40.3  38.67  39.01  5779900  39.01
2011-09-19  39.13  39.8  38.99  39.57  3360400  39.57
2011-09-16  40.0  40.25  39.32  39.99  4988900  39.99
2011-09-15  39.2  39.89  38.5  39.75  5047000  39.75
2011-09-14  39.06  39.38  38.08  38.77  8535300  38.77
2011-09-13  37.81  39.18  37.64  39.03  8471800  39.03
2011-09-12  36.1  37.35  35.98  37.01  4641500  37.01
2011-09-09  37.32  37.57  36.37  36.59  5242400  36.59
2011-09-08  38.09  38.95  37.68  37.74  4632500  37.74
2011-09-07  37.66  38.76  37.51  38.47  4211300  38.47
2011-09-06  36.09  37.19  35.91  37.07  4461600  37.07
2011-09-02  37.59  38.31  37.35  37.45  3429800  37.45
2011-09-01  38.73  39.49  38.23  38.4  3896700  38.4
2011-08-31  38.75  39.58  38.27  38.54  6503900  38.54
2011-08-30  37.55  38.68  37.46  38.46  4542300  38.46
2011-08-29  37.25  37.86  37.0  37.71  3024900  37.71
2011-08-26  35.92  36.98  34.92  36.81  3578300  36.81
2011-08-25  36.68  37.06  35.8  36.0  4225700  36.0
2011-08-24  35.58  36.59  35.21  36.5  4750000  36.5
2011-08-23  34.3  35.86  33.79  35.68  7047600  35.68
2011-08-22  34.91  34.96  33.79  33.92  4295900  33.92
2011-08-19  34.5  35.44  33.93  34.16  5552900  34.16
2011-08-18  35.31  35.7  34.7  35.09  5763000  35.09
2011-08-17  36.69  37.18  36.01  36.46  2968200  36.46
2011-08-16  36.53  36.78  35.98  36.43  3382800  36.43
2011-08-15  36.07  36.93  36.05  36.93  3895300  36.93
2011-08-12  35.74  36.53  35.49  35.91  5131400  35.91
2011-08-11  33.87  35.72  33.51  35.28  5840500  35.28
2011-08-10  35.06  35.68  33.7  33.77  8555100  33.77
2011-08-09  34.4  35.61  33.29  35.52  8528600  35.52
2011-08-08  35.12  35.47  33.22  33.27  9510400  33.27
2011-08-05  36.96  37.01  35.14  36.03  11314900  36.03
2011-08-04  37.2  37.71  36.4  36.44  5341400  36.44
2011-08-03  37.82  38.17  36.9  37.74  7390800  37.74
2011-08-02  38.39  39.13  37.71  37.72  5715300  37.72
2011-08-01  40.96  40.96  37.82  38.79  7793500  38.79
2011-07-29  39.94  40.73  38.91  39.95  6208600  39.95
2011-07-28  40.1  41.73  39.97  40.43  9145400  40.43
2011-07-27  42.33  42.41  39.82  40.17  11366400  40.17
2011-07-26  41.24  41.46  40.97  41.04  3692900  41.04
2011-07-25  41.26  41.82  41.18  41.24  2514400  41.24
2011-07-22  41.59  41.8  41.15  41.73  3320600  41.73
2011-07-21  42.0  42.13  41.62  41.62  5487400  41.62
2011-07-20  41.88  42.1  41.46  41.8  2588700  41.8
2011-07-19  41.68  41.81  41.05  41.66  6842900  41.66
2011-07-18  41.5  41.99  40.95  41.36  3253700  41.36
2011-07-15  42.02  42.12  41.58  41.75  4378300  41.75
2011-07-14  41.95  42.41  41.61  41.83  2487300  41.83
2011-07-13  42.02  42.55  41.66  41.78  3230600  41.78
2011-07-12  41.27  42.25  41.18  41.73  4615800  41.73
2011-07-11  41.9  41.95  41.13  41.27  2748500  41.27
2011-07-08  42.05  42.52  41.8  42.51  2940100  42.51
2011-07-07  43.37  43.55  42.22  42.6  3961200  42.6
2011-07-06  42.94  43.3  42.72  43.07  2309200  43.07
2011-07-05  43.43  43.44  42.67  42.88  2767200  42.88
2011-07-01  42.33  43.48  42.32  43.4  3585200  43.4
2011-06-30  42.86  43.18  42.22  42.31  4931300  42.31
2011-06-29  42.94  43.07  42.62  42.76  4182400  42.76
2011-06-28  41.78  43.21  41.75  42.85  4433100  42.85
2011-06-27  41.67  41.71  41.0  41.55  3395000  41.55
2011-06-24  41.83  42.05  40.94  41.53  5436100  41.53
2011-06-23  42.03  42.03  40.92  41.86  5815300  41.86
2011-06-22  42.8  43.4  42.43  42.47  3730200  42.47
2011-06-21  43.2  43.56  42.69  42.82  4509100  42.82
2011-06-20  41.39  43.07  41.38  42.96  3623900  42.96
2011-06-17  41.96  42.05  41.36  41.46  3581200  41.46
2011-06-16  41.33  41.61  40.7  41.6  3892900  41.6
2011-06-15  42.14  42.68  41.25  41.31  4918800  41.31
2011-06-14  41.62  42.93  41.56  42.58  4458600  42.58
2011-06-13  41.02  41.51  40.95  41.02  1946900  41.02
2011-06-10  41.9  41.93  40.72  41.12  3180900  41.12
2011-06-09  40.84  42.37  40.7  42.14  4451100  42.14
2011-06-08  40.72  40.88  40.18  40.69  2698300  40.69
2011-06-07  41.24  41.5  40.82  40.87  2491500  40.87
2011-06-06  41.17  41.17  40.5  40.81  3146000  40.81
2011-06-03  41.49  41.84  41.33  41.45  2508200  41.45
2011-06-02  41.56  42.14  41.43  42.02  2889900  42.02
2011-06-01  41.86  41.98  41.46  41.46  3095000  41.46
2011-05-31  42.08  42.33  41.56  41.91  5393400  41.91
2011-05-27  41.98  42.01  41.37  41.83  2888200  41.83
2011-05-26  41.62  42.06  41.09  41.88  4284800  41.88
2011-05-25  41.67  41.91  41.21  41.67  4346800  41.67
2011-05-24  42.4  42.57  41.44  41.47  5325200  41.47
2011-05-23  42.77  42.86  42.12  42.59  4852500  42.59
2011-05-20  44.02  44.02  42.9  43.24  4929200  43.24
2011-05-19  43.8  44.15  43.5  44.04  5693900  44.04
2011-05-18  42.35  43.78  42.28  43.57  7148200  43.57
2011-05-17  42.64  42.64  42.05  42.28  4598700  42.28
2011-05-16  41.92  43.04  41.59  42.85  7503500  42.85
2011-05-13  41.87  42.15  41.53  42.07  7225500  42.07
2011-05-12  40.88  41.16  40.36  41.1  4415000  41.1
2011-05-11  41.02  41.25  40.42  41.02  4765700  41.02
2011-05-10  41.02  41.26  40.53  41.12  4151300  41.12
2011-05-09  40.0  40.88  39.98  40.82  4341400  40.82
2011-05-06  40.38  40.69  40.01  40.17  4251100  40.17
2011-05-05  39.42  40.23  39.02  40.11  5146200  40.11
2011-05-04  39.62  40.09  39.4  39.57  5031000  39.57
2011-05-03  40.15  40.43  39.74  39.76  5526500  39.76
2011-05-02  39.86  40.64  39.86  40.37  6150200  40.37
2011-04-29  39.83  39.87  39.39  39.7  4413800  39.7
2011-04-28  40.93  41.15  39.71  39.77  9103200  39.77
2011-04-27  38.32  38.53  37.77  38.2  4665000  38.2
2011-04-26  37.75  38.13  37.56  38.08  4200000  38.08
2011-04-25  37.44  37.56  36.86  37.22  2799400  37.22
2011-04-21  36.89  37.53  36.65  37.48  6710900  37.48
2011-04-20  35.77  36.07  35.4  35.52  2297900  35.52
2011-04-19  35.07  35.37  34.88  35.31  1598500  35.31
2011-04-18  35.57  35.57  34.64  35.04  2621400  35.04
2011-04-15  36.11  36.24  35.82  35.91  2649600  35.91
2011-04-14  35.79  36.02  35.43  35.97  2445000  35.97
2011-04-13  36.45  36.45  35.75  35.92  3236000  35.92
2011-04-12  35.18  36.26  35.06  36.14  5496000  36.14
2011-04-11  35.23  35.7  35.2  35.25  2245900  35.25
2011-04-08  35.6  35.66  34.92  35.12  2528100  35.12
2011-04-07  35.68  36.26  35.33  35.4  3378100  35.4
2011-04-06  36.13  36.26  35.53  35.69  2314000  35.69
2011-04-05  36.22  36.34  35.77  36.03  3370300  36.03
2011-04-04  36.14  36.37  35.96  36.26  2631200  36.26
2011-04-01  35.87  36.23  35.73  36.01  2349100  36.01
2011-03-31  35.49  35.79  35.39  35.77  3382400  35.77
2011-03-30  35.54  36.32  35.41  35.93  3669000  35.93
2011-03-29  35.22  35.54  35.19  35.37  2194300  35.37
2011-03-28  35.31  35.52  35.13  35.25  2365200  35.25
2011-03-25  35.47  35.82  34.99  35.16  5164300  35.16
2011-03-24  34.07  34.86  34.06  34.82  3139800  34.82
2011-03-23  33.72  34.02  33.39  33.91  2867000  33.91
2011-03-22  34.12  34.24  33.69  33.86  5116600  33.86
2011-03-21  33.97  34.36  33.75  33.99  3497900  33.99
2011-03-18  33.63  34.07  33.46  33.55  5035000  33.55
2011-03-17  33.63  33.8  32.9  33.26  3858000  33.26
2011-03-16  34.24  34.37  33.14  33.21  7085600  33.21
2011-03-15  33.69  34.6  33.41  34.38  5225300  34.38
2011-03-14  34.61  34.79  34.02  34.44  3289800  34.44
2011-03-11  35.24  35.46  34.61  34.88  3283300  34.88
2011-03-10  35.95  35.98  35.11  35.22  3805700  35.22
2011-03-09  36.01  36.47  35.61  36.36  2849100  36.36
2011-03-08  35.96  36.26  35.52  36.08  3456000  36.08
2011-03-07  36.74  37.04  35.7  35.97  3168200  35.97
2011-03-04  37.12  37.33  36.23  36.64  4320000  36.64
2011-03-03  36.24  37.48  36.24  37.14  4376300  37.14
2011-03-02  35.69  36.38  35.61  36.02  3359300  36.02
2011-03-01  35.88  36.21  35.65  35.68  3039600  35.68
2011-02-28  35.92  36.18  35.56  35.7  4998500  35.7
2011-02-25  36.31  36.6  35.55  35.67  6152800  35.67
2011-02-24  35.33  36.34  35.26  36.25  4601500  36.25
2011-02-23  35.6  35.98  35.09  35.41  4787800  35.41
2011-02-22  36.09  36.56  35.58  35.62  3815900  35.62
2011-02-18  36.65  36.92  36.42  36.59  2740000  36.59
2011-02-17  36.12  36.75  35.87  36.66  2970900  36.66
2011-02-16  35.66  36.48  35.44  36.29  3705900  36.29
2011-02-15  35.66  35.87  35.09  35.51  5779000  35.51
2011-02-14  35.88  35.97  35.42  35.77  4365700  35.77
2011-02-11  35.68  36.29  35.6  35.98  3453400  35.98
2011-02-10  35.5  35.86  35.32  35.8  2704500  35.8
2011-02-09  35.76  36.19  35.59  35.66  3488500  35.66
2011-02-08  35.37  36.41  35.22  35.97  5999700  35.97
2011-02-07  36.2  36.37  35.06  35.23  5817100  35.23
2011-02-04  36.08  36.41  34.34  35.76  14234700  35.76
2011-02-03  31.91  32.14  31.08  31.79  6028900  31.79
2011-02-02  32.11  32.22  31.84  31.92  1776400  31.92
2011-02-01  31.69  32.35  31.67  32.3  1948700  32.3
2011-01-31  31.66  31.87  31.37  31.48  3392400  31.48
2011-01-28  32.56  32.59  31.47  31.49  2748400  31.49
2011-01-27  32.02  32.76  31.84  32.61  3010900  32.61
2011-01-26  32.03  32.33  31.81  31.99  3402500  31.99
2011-01-25  31.36  32.16  31.34  32.01  2244200  32.01
2011-01-24  31.64  32.02  31.45  31.57  2065500  31.57
2011-01-21  31.72  31.97  31.64  31.8  2465600  31.8
2011-01-20  31.69  31.76  31.28  31.55  2933700  31.55
2011-01-19  32.57  32.57  31.57  31.72  3945300  31.72
2011-01-18  32.24  32.65  32.17  32.64  3160500  32.64
2011-01-14  31.29  32.46  31.2  32.39  3821500  32.39
2011-01-13  31.27  31.38  31.02  31.34  1969200  31.34
2011-01-12  31.44  31.46  31.04  31.35  2142800  31.35
2011-01-11  30.88  31.26  30.77  31.25  2489600  31.25
2011-01-10  30.67  31.02  30.62  30.79  2429600  30.79
2011-01-07  30.76  31.05  30.48  30.73  2570000  30.73
2011-01-06  30.11  30.99  30.11  30.67  5640500  30.67
2011-01-05  29.71  30.2  29.7  30.1  6922200  30.1
2011-01-04  29.72  29.89  29.58  29.82  4668300  29.82
2011-01-03  29.31  29.76  29.24  29.66  2045100  29.66
2010-12-31  29.06  29.35  29.02  29.16  1429400  29.16
2010-12-30  29.13  29.22  29.0  29.07  941300  29.07
2010-12-29  29.06  29.23  29.01  29.12  1339600  29.12
2010-12-28  29.39  29.4  29.01  29.06  1039800  29.06
2010-12-27  29.35  29.49  29.25  29.38  1030000  29.38
2010-12-23  29.31  29.71  29.25  29.5  2539400  29.5
2010-12-22  28.86  29.41  28.79  29.37  2758300  29.37
2010-12-21  28.99  29.54  28.8  28.85  3929300  28.85
2010-12-20  29.13  29.15  28.77  28.96  2505900  28.96
2010-12-17  28.87  29.09  28.61  29.02  6693700  29.02
2010-12-16  29.09  29.25  28.86  28.88  4669700  28.88
2010-12-15  29.34  29.67  29.01  29.03  5634600  29.03
2010-12-14  29.51  29.79  29.35  29.39  3298800  29.39
2010-12-13  29.31  29.98  29.23  29.55  6937100  29.55
2010-12-10  28.99  29.27  28.96  29.25  6519100  29.25
2010-12-09  28.8  29.05  28.48  28.95  6912400  28.95
2010-12-08  28.92  29.0  28.65  28.65  3457600  28.65
2010-12-07  29.13  29.18  28.83  28.83  3450900  28.83
2010-12-06  29.22  29.31  28.95  28.96  2859000  28.96
2010-12-03  29.1  29.37  28.87  29.26  4830400  29.26
2010-12-02  28.52  29.26  28.52  29.15  5359400  29.15
2010-12-01  28.68  29.01  28.51  28.61  6907000  28.61
2010-11-30  28.6  28.82  28.3  28.31  5839800  28.31
2010-11-29  28.56  28.95  28.23  28.82  3896600  28.82
2010-11-26  28.73  29.12  28.65  28.78  1773700  28.78
2010-11-24  29.03  29.48  28.92  28.98  3423400  28.98
2010-11-23  29.22  29.32  28.93  28.95  4753800  28.95
2010-11-22  30.58  30.6  29.42  29.57  8011600  29.57
2010-11-19  28.86  29.31  28.67  29.28  10201400  29.28
2010-11-18  28.82  29.23  28.54  28.81  5742800  28.81
2010-11-17  28.93  29.15  28.8  28.99  3843400  28.99
2010-11-16  29.39  29.39  28.93  29.02  4164300  29.02
2010-11-15  30.28  30.32  29.56  29.56  4544100  29.56
2010-11-12  30.17  30.58  30.06  30.22  5187000  30.22
2010-11-11  30.26  30.46  29.93  30.42  2872000  30.42
2010-11-10  29.92  30.49  29.34  30.49  5227100  30.49
2010-11-09  29.77  30.25  29.75  30.02  6131900  30.02
2010-11-08  29.55  29.93  29.5  29.83  5240000  29.83
2010-11-05  29.64  29.95  29.31  29.61  4738700  29.61
2010-11-04  29.77  29.81  29.21  29.47  4726100  29.47
2010-11-03  28.7  30.06  28.21  29.43  8188000  29.43
2010-11-02  28.71  29.26  28.59  28.6  7267900  28.6
2010-11-01  28.65  28.96  28.29  28.45  3799100  28.45
2010-10-29  28.98  29.32  28.46  28.5  4531000  28.5
2010-10-28  29.02  29.26  28.71  28.97  2785200  28.97
2010-10-27  29.13  29.37  28.72  28.8  3882100  28.8
2010-10-26  29.65  29.65  29.22  29.38  3475900  29.38
2010-10-25  30.12  30.34  29.79  29.84  2952100  29.84
2010-10-22  29.96  30.12  29.67  29.78  2901000  29.78
2010-10-21  29.95  30.06  29.6  29.96  2539400  29.96
2010-10-20  29.67  30.18  29.62  29.9  3374400  29.9
2010-10-19  30.09  30.21  29.33  29.49  3982300  29.49
2010-10-18  30.25  30.54  30.01  30.53  3478400  30.53
2010-10-15  30.4  30.6  30.1  30.29  3841200  30.29
2010-10-14  30.18  30.93  29.97  30.14  3523200  30.14
2010-10-13  29.82  30.52  29.59  30.23  3916600  30.23
2010-10-12  29.35  29.72  29.14  29.6  2243500  29.6
2010-10-11  29.28  29.67  29.22  29.49  2234300  29.49
2010-10-08  29.31  29.62  29.01  29.29  2405400  29.29
2010-10-07  29.08  29.47  28.99  29.28  4315500  29.28
2010-10-06  29.55  29.82  28.79  28.99  3179700  28.99
2010-10-05  29.34  29.69  29.13  29.64  3208600  29.64
2010-10-04  29.67  29.8  29.03  29.11  2366200  29.11
2010-10-01  30.17  30.26  29.39  29.78  2983600  29.78
2010-09-30  29.9  30.39  29.86  30.17  4842700  30.17
2010-09-29  29.64  29.79  29.31  29.75  3768700  29.75
2010-09-28  29.56  29.87  29.38  29.83  3473200  29.83
2010-09-27  29.49  29.71  29.41  29.41  3396500  29.41
2010-09-24  29.54  29.63  29.39  29.53  4477600  29.53
2010-09-23  29.15  29.56  29.01  29.23  5162600  29.23
2010-09-22  29.49  29.65  29.29  29.39  5465700  29.39
2010-09-21  29.11  30.0  29.08  29.63  5125100  29.63
2010-09-20  28.53  29.25  28.46  29.14  3624100  29.14
2010-09-17  29.14  29.21  28.22  28.36  6433800  28.36
2010-09-16  28.92  29.07  28.64  28.92  2968400  28.92
2010-09-15  28.99  29.11  28.5  28.97  4260200  28.97
2010-09-14  28.92  29.3  28.77  29.11  3517000  29.11
2010-09-13  28.79  29.29  28.77  29.05  5290200  29.05
2010-09-10  28.21  28.72  27.91  28.57  3634400  28.57
2010-09-09  28.06  28.43  27.96  28.12  4181200  28.12
2010-09-08  27.24  27.75  27.24  27.74  3252600  27.74
2010-09-07  27.34  27.53  27.07  27.27  2622900  27.27
2010-09-03  27.35  27.6  27.28  27.45  3711800  27.45
2010-09-02  26.77  27.11  26.4  27.11  3176700  27.11
2010-09-01  25.82  26.67  25.7  26.65  4657300  26.65
2010-08-31  25.42  25.96  25.21  25.5  3463400  25.5
2010-08-30  26.08  26.24  25.63  25.63  1865100  25.63
2010-08-27  25.77  26.13  25.28  26.08  2530100  26.08
2010-08-26  25.89  26.12  25.55  25.64  2895100  25.64
2010-08-25  25.32  25.98  25.25  25.82  3630500  25.82
2010-08-24  25.64  25.78  25.29  25.47  3988100  25.47
2010-08-23  25.99  26.26  25.87  25.91  2794700  25.91
2010-08-20  25.85  26.11  25.75  25.87  3015000  25.87
2010-08-19  26.93  26.94  25.99  26.01  4681100  26.01
2010-08-18  26.77  27.3  26.49  27.05  3783000  27.05
2010-08-17  26.82  27.06  26.53  26.83  2420100  26.83
2010-08-16  26.53  26.71  26.29  26.59  2419300  26.59
2010-08-13  26.72  26.97  26.54  26.86  2503700  26.86
2010-08-12  26.8  27.13  26.6  26.82  3386600  26.82
2010-08-11  28.02  28.02  26.62  26.99  7270900  26.99
2010-08-10  28.13  28.47  27.95  28.32  3996200  28.32
2010-08-09  28.73  29.0  28.37  28.38  3813000  28.38
2010-08-06  27.74  28.82  27.74  28.7  6633400  28.7
2010-08-05  27.47  28.08  27.32  28.08  3912000  28.08
2010-08-04  27.17  27.71  27.1  27.62  3222200  27.62
2010-08-03  27.16  27.77  27.0  27.15  6918500  27.15
2010-08-02  26.97  27.28  26.67  27.2  5107200  27.2
2010-07-30  25.94  26.81  25.8  26.58  4916000  26.58
2010-07-29  26.61  26.73  25.93  26.24  4673300  26.24
2010-07-28  26.85  26.85  25.72  26.29  6523200  26.29
2010-07-27  27.33  27.59  26.91  27.07  4092800  27.07
2010-07-26  26.85  27.43  26.84  27.28  3051200  27.28
2010-07-23  26.92  27.15  26.69  26.87  3204500  26.87
2010-07-22  26.43  27.1  26.16  26.98  4383000  26.98
2010-07-21  26.55  26.67  25.9  26.06  3053000  26.06
2010-07-20  26.02  26.56  25.94  26.44  5185800  26.44
2010-07-19  26.09  26.57  26.0  26.4  2952300  26.4
2010-07-16  26.77  26.92  25.87  25.92  5091700  25.92
2010-07-15  26.53  26.99  26.5  26.93  4435600  26.93
2010-07-14  26.25  26.79  26.12  26.49  3122000  26.49
2010-07-13  26.16  26.67  25.97  26.48  5175500  26.48
2010-07-12  25.61  26.0  25.24  25.97  6867500  25.97
2010-07-09  26.51  26.52  26.06  26.37  3988000  26.37
2010-07-08  26.1  26.45  26.04  26.38  4090800  26.38
2010-07-07  25.37  25.98  25.29  25.93  5309200  25.93
2010-07-06  25.4  25.57  25.05  25.28  5131400  25.28
2010-07-02  24.87  25.25  24.78  25.05  7035500  25.05
2010-07-01  25.09  25.1  23.86  24.8  9116200  24.8
2010-06-30  25.61  25.71  25.07  25.18  7823800  25.18
2010-06-29  26.54  26.54  25.51  25.67  8055900  25.67
2010-06-28  27.35  27.45  26.72  26.76  4491600  26.76
2010-06-25  26.71  27.55  26.71  27.17  7009900  27.17
2010-06-24  27.47  27.72  27.22  27.35  3815300  27.35
2010-06-23  27.88  27.96  27.49  27.61  5606100  27.61
2010-06-22  28.52  28.81  27.83  27.87  5126100  27.87
2010-06-21  29.38  29.56  28.43  28.55  4279200  28.55
2010-06-18  29.12  29.23  28.86  29.04  5582200  29.04
2010-06-17  28.41  29.28  28.29  29.23  8537500  29.23
2010-06-16  28.02  28.39  27.92  27.98  5604400  27.98
2010-06-15  28.11  28.34  27.93  28.24  3993400  28.24
2010-06-14  27.47  28.31  27.47  27.94  7929000  27.94
2010-06-11  27.3  27.73  26.8  27.31  7259400  27.31
2010-06-10  27.78  27.86  27.36  27.53  6697500  27.53
2010-06-09  28.16  28.45  27.44  27.5  6094700  27.5
2010-06-08  28.17  28.64  27.8  28.08  5561700  28.08
2010-06-07  28.99  29.32  27.98  28.13  8639900  28.13
2010-06-04  28.62  29.77  28.54  28.83  8681100  28.83
2010-06-03  28.31  29.04  28.28  29.03  6380500  29.03
2010-06-02  27.58  28.28  27.44  28.26  6487200  28.26
2010-06-01  27.59  28.14  27.42  27.48  3546500  27.48
2010-05-28  27.77  28.19  27.58  27.83  4181400  27.83
2010-05-27  27.84  27.89  27.36  27.88  2886700  27.88
2010-05-26  27.2  27.93  27.17  27.27  5078900  27.27
2010-05-25  26.59  27.03  26.37  27.0  4609000  27.0
2010-05-24  27.26  27.8  26.91  27.29  5169900  27.29
2010-05-21  27.16  27.95  27.06  27.43  6225300  27.43
2010-05-20  27.95  28.33  27.72  27.73  4881300  27.73
2010-05-19  28.32  28.78  28.08  28.61  3794000  28.61
2010-05-18  28.53  29.02  28.36  28.48  4468300  28.48
2010-05-17  28.41  28.62  27.87  28.53  4347600  28.53
2010-05-14  28.66  28.88  28.06  28.42  3808000  28.42
2010-05-13  29.05  29.38  28.79  28.89  3696700  28.89
2010-05-12  28.28  29.16  28.17  29.12  4932400  29.12
2010-05-11  27.77  28.52  27.57  28.26  4822900  28.26
2010-05-10  27.65  28.49  27.3  28.12  6213500  28.12
2010-05-07  27.31  27.45  26.27  27.0  7211800  27.0
2010-05-06  27.76  28.5  26.13  27.45  8665100  27.45
2010-05-05  27.41  28.17  27.24  27.89  9059200  27.89
2010-05-04  28.02  28.04  27.39  27.58  8392900  27.58
2010-05-03  28.33  28.64  27.96  28.32  7754400  28.32
2010-04-30  29.62  29.72  28.13  28.2  12340400  28.2
2010-04-29  29.81  30.37  29.35  29.82  7606700  29.82
2010-04-28  28.74  29.34  28.45  29.11  9255100  29.11
2010-04-27  28.59  29.35  28.42  28.64  8620600  28.64
2010-04-26  29.79  29.91  28.64  28.76  5543800  28.76
2010-04-23  29.28  29.61  29.03  29.55  4140800  29.55
2010-04-22  29.58  29.61  29.08  29.35  5726200  29.35
2010-04-21  30.53  30.79  29.53  29.66  8041700  29.66
2010-04-20  30.66  30.86  29.91  30.51  6521500  30.51
2010-04-19  29.97  30.9  29.91  30.48  5251000  30.48
2010-04-16  29.89  30.32  29.3  29.97  8873100  29.97
2010-04-15  30.43  30.71  29.84  29.99  7266200  29.99
2010-04-14  30.82  30.96  30.2  30.44  6726300  30.44
2010-04-13  31.26  31.34  30.7  30.87  6178200  30.87
2010-04-12  31.61  31.75  31.37  31.42  5330200  31.42
2010-04-09  31.71  32.04  30.92  31.52  7097000  31.52
2010-04-08  32.71  32.82  31.89  32.13  9520200  32.13
2010-04-07  33.38  33.46  32.65  32.74  5034300  32.74
2010-04-06  33.42  34.32  33.37  33.51  4085800  33.51
2010-04-05  33.49  33.91  33.41  33.57  3083200  33.57
2010-04-01  33.72  33.87  33.01  33.34  4314600  33.34
2010-03-31  33.66  33.82  33.2  33.51  4797200  33.51
2010-03-30  33.38  34.0  33.27  33.77  4495000  33.77
2010-03-29  32.79  33.43  32.71  33.33  2927600  33.33
2010-03-26  33.12  33.28  32.38  32.75  4896100  32.75
2010-03-25  32.98  33.54  32.82  33.2  5266200  33.2
2010-03-24  33.23  33.55  32.84  32.84  4192200  32.84
2010-03-23  33.14  33.46  32.83  33.39  6113700  33.39
2010-03-22  32.99  33.63  32.46  33.06  12434400  33.06
2010-03-19  32.38  33.35  31.79  32.89  14334100  32.89
2010-03-18  30.29  31.82  29.7  31.72  9147300  31.72
2010-03-17  30.55  30.62  30.09  30.29  3923300  30.29
2010-03-16  30.26  30.52  29.86  30.49  3966200  30.49
2010-03-15  30.25  30.29  29.61  30.18  3513000  30.18
2010-03-12  31.37  31.54  30.24  30.39  5003500  30.39
2010-03-11  30.06  31.28  29.97  31.2  6797200  31.2
2010-03-10  29.7  30.43  29.66  30.21  3271300  30.21
2010-03-09  30.19  30.19  29.72  29.81  2407000  29.81
2010-03-08  29.93  30.05  29.7  29.8  2145500  29.8
2010-03-05  29.38  30.02  29.22  29.95  3929900  29.95
2010-03-04  29.78  29.9  28.75  29.25  6793900  29.25
2010-03-03  29.54  30.28  29.45  29.85  5201500  29.85
2010-03-02  28.99  29.71  28.71  29.61  6033600  29.61
2010-03-01  28.72  29.46  28.51  28.94  4639500  28.94
2010-02-26  28.65  29.1  28.4  28.62  5006100  28.62
2010-02-25  27.92  28.64  27.64  28.6  7252700  28.6
2010-02-24  27.72  28.24  27.44  28.21  4741100  28.21
2010-02-23  27.81  27.92  27.29  27.66  4965300  27.66
2010-02-22  27.37  28.54  27.29  28.01  8774400  28.01
2010-02-19  28.09  28.29  27.54  27.61  5361300  27.61
2010-02-18  27.83  28.53  27.82  28.38  4763500  28.38
2010-02-17  27.54  28.63  27.52  28.26  7520100  28.26
2010-02-16  27.57  27.68  26.86  27.44  5137500  27.44
2010-02-12  27.24  27.39  26.83  27.32  5536600  27.32
2010-02-11  27.34  27.58  27.01  27.53  3915400  27.53
2010-02-10  27.51  27.74  26.66  27.34  8725100  27.34
2010-02-09  28.22  28.35  26.72  27.65  9961300  27.65
2010-02-08  28.72  28.95  27.84  27.87  5395100  27.87
2010-02-05  27.47  28.99  27.44  28.26  12751500  28.26
2010-02-04  28.74  28.85  27.84  27.9  6108300  27.9
2010-02-03  28.75  29.09  28.2  28.95  5545100  28.95
2010-02-02  28.36  29.0  28.16  28.9  5291500  28.9
2010-02-01  28.72  29.01  27.91  28.41  7141300  28.41
2010-01-29  29.14  29.14  28.43  28.6  5883700  28.6
2010-01-28  29.17  29.64  28.73  28.98  6625500  28.98
2010-01-27  28.9  29.66  28.69  29.04  6254900  29.04
2010-01-26  29.43  29.43  28.8  29.11  7577000  29.11
2010-01-25  30.29  30.34  29.45  29.56  5431700  29.56
2010-01-22  30.23  30.83  29.75  29.87  7000100  29.87
2010-01-21  31.1  31.28  30.12  30.43  7837800  30.43
2010-01-20  31.59  32.12  30.59  31.0  11006800  31.0
2010-01-19  30.83  31.73  30.73  31.17  13043900  31.17
2010-01-15  29.83  30.55  29.54  29.93  9793600  29.93
2010-01-14  29.04  30.01  29.03  29.98  6630300  29.98
2010-01-13  29.11  29.67  28.27  29.35  10466300  29.35
2010-01-12  31.14  31.26  28.92  29.21  19542200  29.21
2010-01-11  31.28  31.69  31.12  31.25  3674100  31.25
2010-01-08  31.82  31.85  31.06  31.21  5224900  31.21
2010-01-07  30.46  32.02  30.31  31.91  6181700  31.91
2010-01-06  31.02  31.25  30.78  30.92  4303100  30.92
2010-01-05  31.44  31.59  30.79  31.05  4573600  31.05
2010-01-04  30.6  31.58  30.42  31.5  5671300  31.5
