Date  Open  High  Low  Close  Volume  Adj Close
2014-02-28  63.39  64.48  63.38  64.08  2534700  64.08
2014-02-27  62.5  63.4  62.49  63.38  1530500  63.38
2014-02-26  62.78  62.99  62.41  62.6  1480400  62.6
2014-02-25  62.33  62.84  62.15  62.52  1827700  62.52
2014-02-24  62.26  62.88  62.26  62.3  1881200  62.3
2014-02-21  62.97  63.0  62.13  62.32  2372300  62.32
2014-02-20  62.57  63.06  62.34  62.92  1529000  62.92
2014-02-19  62.74  63.65  62.4  62.44  1585700  62.44
2014-02-18  63.09  63.15  62.84  63.03  1389700  63.03
2014-02-14  62.67  63.25  62.66  63.13  1479500  63.13
2014-02-13  62.18  62.82  62.0  62.79  1303400  62.79
2014-02-12  62.33  62.95  62.3  62.75  1617900  62.75
2014-02-11  62.05  62.25  61.42  62.04  2350000  62.04
2014-02-10  62.14  62.63  61.78  62.06  1874000  62.06
2014-02-07  61.41  62.42  61.12  62.31  2314600  62.31
2014-02-06  61.23  61.63  61.0  61.36  2172100  61.36
2014-02-05  61.53  61.94  60.09  61.39  2716100  61.39
2014-02-04  60.62  61.28  60.45  61.11  2436700  61.11
2014-02-03  62.49  62.55  60.33  60.36  3034100  60.36
2014-01-31  61.87  62.98  61.65  62.41  2203400  62.41
2014-01-30  62.18  62.98  62.08  62.83  1574000  62.83
2014-01-29  61.37  62.48  61.36  61.75  2498200  61.75
2014-01-28  61.47  62.17  61.47  62.08  1788200  62.08
2014-01-27  61.81  62.2  60.97  61.42  2818300  61.42
2014-01-24  62.91  63.23  61.92  61.92  3171900  61.92
2014-01-23  63.82  63.92  62.88  63.18  2022700  63.18
2014-01-22  64.48  64.61  63.87  64.02  1396100  64.02
2014-01-21  64.54  64.9  64.03  64.45  2177600  64.45
2014-01-17  64.43  65.09  64.24  64.33  2144400  64.33
2014-01-16  64.41  64.77  64.17  64.45  1658300  64.45
2014-01-15  64.33  64.73  64.3  64.56  2019900  64.56
2014-01-14  64.01  64.43  63.84  64.32  1777800  64.32
2014-01-13  64.45  64.62  63.62  63.72  2409800  63.72
2014-01-10  64.19  64.87  63.72  64.78  1837200  64.78
2014-01-09  64.31  64.47  63.71  63.89  2311900  63.89
2014-01-08  64.6  64.79  64.03  64.25  1725900  64.25
2014-01-07  64.64  65.14  64.48  64.7  1913100  64.7
2014-01-06  65.81  65.89  63.94  64.5  4244200  64.5
2014-01-03  65.69  66.15  65.66  65.76  1279100  65.76
2014-01-02  66.24  66.3  65.42  65.57  1914700  65.57
2013-12-31  66.47  66.61  66.18  66.4  1210100  66.4
2013-12-30  66.85  67.21  66.25  66.29  1950600  66.29
2013-12-27  66.75  66.98  66.47  66.85  990300  66.85
2013-12-26  66.01  67.03  65.92  66.71  1313400  66.71
2013-12-24  65.84  66.15  65.76  66.09  884100  66.09
2013-12-23  65.7  66.21  65.6  65.96  2238300  65.96
2013-12-20  65.53  66.1  65.16  65.26  4240400  65.26
2013-12-19  65.85  66.01  65.51  65.61  2466100  65.61
2013-12-18  65.88  66.29  65.09  66.2  3184700  66.2
2013-12-17  65.98  66.05  65.48  65.62  1446700  65.62
2013-12-16  65.79  66.23  65.58  65.97  1451900  65.97
2013-12-13  65.53  65.86  65.22  65.57  1316300  65.57
2013-12-12  65.43  65.6  65.15  65.25  2286000  65.25
2013-12-11  65.86  65.86  65.2  65.33  1913700  65.33
2013-12-10  65.83  66.0  65.61  65.88  1694000  65.88
2013-12-09  66.19  66.42  65.85  66.06  1692400  66.06
2013-12-06  66.02  66.33  65.71  66.24  1460100  66.24
2013-12-05  65.06  65.96  64.96  65.31  1938900  65.31
2013-12-04  65.13  65.75  64.83  65.32  1674600  65.32
2013-12-03  65.63  65.92  64.74  65.15  2298000  65.15
2013-12-02  65.96  66.83  65.72  65.86  1886400  65.86
2013-11-29  66.17  66.57  65.96  65.98  941000  65.98
2013-11-27  66.28  66.31  65.87  66.05  1170100  66.05
2013-11-26  65.86  66.39  65.86  66.05  1612400  66.05
2013-11-25  66.11  66.42  65.72  65.83  1091500  65.83
2013-11-22  65.84  66.3  65.8  66.18  1379400  66.18
2013-11-21  65.83  66.4  65.69  66.15  1922700  66.15
2013-11-20  65.95  66.19  65.64  65.82  1378400  65.82
2013-11-19  66.51  66.62  65.83  65.89  1649000  65.89
2013-11-18  66.79  67.07  66.37  66.5  2248600  66.5
2013-11-15  66.43  66.75  65.66  66.71  2768800  66.71
2013-11-14  65.52  66.73  65.44  66.7  2148800  66.7
2013-11-13  64.65  65.52  64.5  65.52  2086400  65.52
2013-11-12  64.66  65.04  64.25  64.51  1709400  64.51
2013-11-11  64.82  65.24  64.75  64.93  1396000  64.93
2013-11-08  63.7  65.07  63.64  65.0  2731000  65.0
2013-11-07  64.18  64.84  63.49  63.53  2229000  63.53
2013-11-06  63.84  64.3  63.74  64.08  1797700  64.08
2013-11-05  64.26  64.32  63.65  63.72  2310900  63.72
2013-11-04  64.27  64.41  63.76  64.32  2504900  64.32
2013-11-01  64.43  64.71  64.16  64.36  2028800  64.36
2013-10-31  64.03  64.59  63.91  64.24  3363800  64.24
2013-10-30  63.94  65.03  63.28  64.28  6336700  64.28
2013-10-29  65.92  66.24  65.76  66.24  1910700  66.24
2013-10-28  65.48  66.03  65.23  65.71  1634200  65.71
2013-10-25  65.35  65.58  65.11  65.55  1710600  65.55
2013-10-24  65.1  65.43  64.57  65.39  1305200  65.39
2013-10-23  65.2  65.26  64.39  64.86  1257200  64.86
2013-10-22  65.03  65.75  65.01  65.31  1711900  65.31
2013-10-21  64.71  65.12  64.32  64.75  2044100  64.75
2013-10-18  65.4  65.4  64.21  65.03  3546300  65.03
2013-10-17  64.74  65.43  64.58  65.36  1598900  65.36
2013-10-16  64.05  64.98  63.85  64.89  2453300  64.89
2013-10-15  63.48  64.04  63.37  63.6  1861300  63.6
2013-10-14  63.32  63.92  62.89  63.76  1131500  63.76
2013-10-11  62.91  63.77  62.74  63.75  1767700  63.75
2013-10-10  62.33  62.93  62.25  62.89  1601400  62.89
2013-10-09  61.56  61.83  61.25  61.57  1445300  61.57
2013-10-08  62.12  62.4  61.4  61.44  1848800  61.44
2013-10-07  62.45  62.75  62.2  62.2  1204700  62.2
2013-10-04  62.1  63.21  62.06  63.0  1574600  63.0
2013-10-03  62.19  62.47  61.47  62.19  1723300  62.19
2013-10-02  62.27  62.49  61.82  62.49  2030600  62.49
2013-10-01  61.9  62.71  61.89  62.7  2168200  62.7
2013-09-30  60.82  61.5  60.59  61.28  2110000  61.28
2013-09-27  61.37  61.78  61.24  61.5  1689100  61.5
2013-09-26  61.45  61.94  61.38  61.8  1438200  61.8
2013-09-25  61.44  61.75  61.19  61.5  1436800  61.5
2013-09-24  61.22  61.8  61.18  61.31  2586500  61.31
2013-09-23  61.3  61.73  61.05  61.3  1906900  61.3
2013-09-20  61.56  61.95  61.3  61.61  2580200  61.61
2013-09-19  62.24  62.28  61.23  61.45  2967200  61.45
2013-09-18  61.39  62.24  61.16  62.15  2790800  62.15
2013-09-17  61.16  61.59  61.12  61.51  1361300  61.51
2013-09-16  61.32  61.43  60.97  61.17  2151900  61.17
2013-09-13  60.37  60.47  60.18  60.35  1904000  60.35
2013-09-12  60.21  60.49  59.82  60.18  1702900  60.18
2013-09-11  59.27  60.26  59.16  60.13  2182100  60.13
2013-09-10  58.78  59.37  58.59  59.24  1756000  59.24
2013-09-09  57.86  58.38  57.72  58.38  1639300  58.38
2013-09-06  58.35  58.35  57.11  57.72  1471700  57.72
2013-09-05  58.22  58.65  58.1  58.25  1068000  58.25
2013-09-04  57.59  58.71  57.46  58.28  1591000  58.28
2013-09-03  57.86  58.48  56.97  57.5  1437700  57.5
2013-08-30  57.42  57.54  56.89  57.13  1776900  57.13
2013-08-29  57.09  57.77  56.71  57.26  1349200  57.26
2013-08-28  57.23  57.72  57.08  57.11  1632300  57.11
2013-08-27  58.02  58.06  57.09  57.1  2194400  57.1
2013-08-26  59.19  59.36  58.68  58.69  1191700  58.69
2013-08-23  59.36  59.54  58.85  59.15  1264500  59.15
2013-08-22  58.84  59.5  58.74  59.26  1239800  59.26
2013-08-21  59.11  59.11  58.31  58.6  1719000  58.6
2013-08-20  58.81  59.34  58.36  59.14  1204400  59.14
2013-08-19  59.31  59.47  58.79  58.81  2132900  58.81
2013-08-16  59.21  59.77  59.09  59.51  2546600  59.51
2013-08-15  59.92  60.1  59.14  59.36  2437600  59.36
2013-08-14  60.84  60.92  60.34  60.63  1652000  60.63
2013-08-13  60.5  60.99  60.16  60.89  1536400  60.89
2013-08-12  59.94  60.57  59.9  60.48  1714600  60.48
2013-08-09  60.75  60.97  60.19  60.47  2013400  60.47
2013-08-08  60.41  61.1  59.96  60.85  2086400  60.85
2013-08-07  60.34  60.5  60.05  60.23  1418400  60.23
2013-08-06  60.98  61.32  60.27  60.66  1823900  60.66
2013-08-05  61.32  61.44  60.76  61.03  1954400  61.03
2013-08-02  62.29  62.29  61.02  61.2  2201800  61.2
2013-08-01  61.32  62.54  61.14  62.45  2874500  62.45
2013-07-31  59.76  61.49  59.0  60.63  3662700  60.63
2013-07-30  60.14  60.42  59.72  59.81  1815200  59.81
2013-07-29  60.03  60.3  59.56  59.97  1417200  59.97
2013-07-26  59.18  60.08  58.69  60.05  1980200  60.05
2013-07-25  59.64  59.66  58.73  59.43  2500600  59.43
2013-07-24  58.96  60.24  57.88  59.86  4729000  59.86
2013-07-23  59.34  59.47  58.55  58.7  2382100  58.7
2013-07-22  58.39  59.3  58.27  59.15  1756100  59.15
2013-07-19  58.42  58.47  57.66  58.37  3448000  58.37
2013-07-18  58.34  58.61  58.07  58.32  1907400  58.32
2013-07-17  58.3  58.55  57.92  58.04  1314700  58.04
2013-07-16  57.92  58.32  57.91  58.17  1932600  58.17
2013-07-15  58.05  58.12  57.52  57.89  2083500  57.89
2013-07-12  58.3  58.36  57.42  58.13  1845600  58.13
2013-07-11  58.06  58.37  57.67  58.24  1874500  58.24
2013-07-10  57.38  57.7  57.1  57.5  1627800  57.5
2013-07-09  57.34  57.68  57.01  57.52  1910500  57.52
2013-07-08  56.41  57.27  56.4  57.03  2144500  57.03
2013-07-05  56.01  56.27  55.6  56.18  1884500  56.18
2013-07-03  55.49  55.78  55.12  55.63  1339000  55.63
2013-07-02  56.55  56.87  55.65  55.82  2690900  55.82
2013-07-01  57.53  57.62  56.48  56.68  2654000  56.68
2013-06-28  57.06  57.54  56.47  57.13  2605500  57.13
2013-06-27  56.67  57.33  56.43  57.21  2742700  57.21
2013-06-26  56.47  56.67  55.87  56.28  1602700  56.28
2013-06-25  55.17  56.14  54.89  55.85  2180600  55.85
2013-06-24  55.23  55.37  54.26  54.73  2630100  54.73
2013-06-21  56.58  56.58  55.4  55.69  3385500  55.69
2013-06-20  55.78  56.55  55.75  55.98  2863700  55.98
2013-06-19  56.91  57.75  56.24  56.36  3577600  56.36
2013-06-18  56.74  56.97  56.5  56.78  2489000  56.78
2013-06-17  56.89  57.06  56.36  56.6  2822800  56.6
2013-06-14  56.72  57.46  56.19  56.53  2762300  56.53
2013-06-13  55.14  56.65  55.1  56.48  2731800  56.48
2013-06-12  55.84  55.98  55.05  55.12  2391400  55.12
2013-06-11  55.35  55.84  55.17  55.45  3731200  55.45
2013-06-10  56.22  56.49  55.72  55.83  2928800  55.83
2013-06-07  55.9  56.27  55.39  56.06  3708800  56.06
2013-06-06  54.22  55.78  53.83  55.6  3576700  55.6
2013-06-05  54.67  54.82  54.01  54.25  2408700  54.25
2013-06-04  55.54  55.75  54.48  54.86  2510200  54.86
2013-06-03  54.89  55.49  54.16  55.44  3030000  55.44
2013-05-31  55.49  55.93  54.74  54.74  2594400  54.74
2013-05-30  54.88  55.98  54.79  55.55  2253600  55.55
2013-05-29  53.72  55.03  53.6  54.74  2487000  54.74
2013-05-28  54.69  55.15  54.15  54.17  2161300  54.17
2013-05-24  53.9  54.04  53.1  54.01  2092500  54.01
2013-05-23  53.74  54.3  53.55  54.12  2643800  54.12
2013-05-22  55.06  55.8  54.16  54.38  3949700  54.38
2013-05-21  54.6  55.38  54.18  54.89  3840100  54.89
2013-05-20  53.83  54.93  53.83  54.63  3616800  54.63
2013-05-17  53.16  54.01  53.07  53.95  3539600  53.95
2013-05-16  53.23  53.6  52.83  53.05  2893200  53.05
2013-05-15  53.2  53.64  53.1  53.53  2584600  53.53
2013-05-14  52.69  53.36  52.65  53.29  3204800  53.29
2013-05-13  52.69  52.74  52.26  52.58  2872500  52.58
2013-05-10  53.45  53.52  52.32  52.69  4585000  52.69
2013-05-09  54.63  54.72  53.47  53.57  3826400  53.57
2013-05-08  53.99  54.74  53.92  54.61  2089000  54.61
2013-05-07  54.29  54.48  53.72  54.09  2786900  54.09
2013-05-06  54.07  54.62  54.05  54.31  1743200  54.31
2013-05-03  54.19  54.6  54.02  54.07  2396600  54.07
2013-05-02  53.37  53.82  53.11  53.66  2612300  53.66
2013-05-01  53.02  53.69  53.01  53.11  2193800  53.11
2013-04-30  52.74  53.43  52.7  53.17  3016100  53.17
2013-04-29  52.1  53.13  51.96  52.78  3764500  52.78
2013-04-26  51.66  52.07  51.46  51.96  4385100  51.96
2013-04-25  50.03  51.76  50.02  51.34  6329300  51.34
2013-04-24  49.58  50.39  49.56  50.36  3391500  50.36
2013-04-23  48.76  49.64  48.62  49.49  3601200  49.49
2013-04-22  48.33  48.68  47.81  48.56  1913300  48.56
2013-04-19  48.01  48.35  47.85  48.24  3791000  48.24
2013-04-18  48.04  48.18  47.43  47.76  2468000  47.76
2013-04-17  48.59  48.59  47.77  48.01  3294800  48.01
2013-04-16  48.2  49.1  48.07  49.04  2469800  49.04
2013-04-15  48.76  48.93  47.81  47.83  3283600  47.83
2013-04-12  48.34  48.96  48.29  48.94  2204000  48.94
2013-04-11  49.12  49.21  48.5  48.65  2850600  48.65
2013-04-10  48.71  49.21  48.56  49.04  3178100  49.04
2013-04-09  48.42  48.94  48.21  48.59  2499400  48.59
2013-04-08  48.52  48.53  47.4  48.44  3880400  48.44
2013-04-05  49.62  49.62  48.03  48.34  6088300  48.34
2013-04-04  51.28  51.34  50.01  50.3  5335300  50.3
2013-04-03  51.76  51.76  51.24  51.47  4031200  51.47
2013-04-02  51.23  52.36  51.15  51.67  3661500  51.67
2013-04-01  50.84  51.04  50.51  50.93  2453100  50.93
2013-03-28  50.7  50.88  50.41  50.81  1945900  50.81
2013-03-27  50.87  50.91  50.45  50.7  2299700  50.7
2013-03-26  50.63  51.27  50.42  51.27  3886200  51.27
2013-03-25  50.78  50.78  49.99  50.32  2277800  50.32
2013-03-22  50.04  50.64  49.91  50.64  3101000  50.64
2013-03-21  49.33  50.15  49.08  49.87  4576100  49.87
2013-03-20  49.0  49.71  48.85  49.54  3338400  49.54
2013-03-19  49.25  49.28  48.43  48.65  3453000  48.65
2013-03-18  49.29  49.46  48.94  49.05  3286200  49.05
2013-03-15  49.48  49.9  49.34  49.89  4124900  49.89
2013-03-14  49.7  49.84  49.32  49.48  2662100  49.48
2013-03-13  49.62  49.71  49.25  49.46  2154800  49.46
2013-03-12  49.71  49.8  49.41  49.57  2714700  49.57
2013-03-11  48.93  49.86  48.82  49.86  3512100  49.86
2013-03-08  50.54  50.73  48.92  48.97  6911800  48.97
2013-03-07  50.11  50.42  49.51  50.37  3182400  50.37
2013-03-06  50.06  50.33  49.82  49.91  2101100  49.91
2013-03-05  49.42  50.05  49.34  49.82  3103400  49.82
2013-03-04  48.83  49.1  48.61  49.04  2609000  49.04
2013-03-01  48.92  49.49  48.41  49.02  3613600  49.02
2013-02-28  48.7  49.25  48.49  48.79  3097800  48.79
2013-02-27  47.72  48.92  47.65  48.77  4346900  48.77
2013-02-26  48.05  48.3  47.38  47.67  4689700  47.67
2013-02-25  49.1  49.11  47.7  47.74  3603100  47.74
2013-02-22  48.76  48.9  48.43  48.9  2775500  48.9
2013-02-21  48.66  48.66  47.95  48.42  4030500  48.42
2013-02-20  48.87  49.08  48.63  48.66  4685700  48.66
2013-02-19  48.11  48.46  47.69  48.37  4588500  48.37
2013-02-15  47.8  48.26  47.61  48.19  5317000  48.19
2013-02-14  47.3  47.79  47.05  47.69  4984400  47.69
2013-02-13  48.28  48.39  47.36  47.52  6061200  47.52
2013-02-12  48.59  48.7  47.92  48.0  7704900  48.0
2013-02-11  48.84  48.87  48.59  48.74  3321800  48.74
2013-02-08  48.86  48.98  48.57  48.83  4175100  48.83
2013-02-07  49.63  49.69  48.41  48.66  4993800  48.66
2013-02-06  49.97  50.55  48.0  49.63  8734200  49.63
2013-02-05  51.34  52.43  51.2  51.87  3716100  51.87
2013-02-04  51.25  51.37  50.86  51.25  2816600  51.25
2013-02-01  51.94  51.94  51.36  51.46  2550100  51.46
2013-01-31  50.83  51.61  50.62  51.46  2714500  51.46
2013-01-30  51.64  51.71  50.77  50.87  2449400  50.87
2013-01-29  51.27  51.83  51.02  51.74  2332700  51.74
2013-01-28  52.15  52.15  51.16  51.39  2967100  51.39
2013-01-25  52.09  52.13  51.36  51.86  2424900  51.86
2013-01-24  51.58  52.32  51.43  51.99  3537500  51.99
2013-01-23  50.88  51.7  50.83  51.52  2339500  51.52
2013-01-22  49.94  51.2  49.92  51.05  4188100  51.05
2013-01-18  49.99  50.21  49.73  49.91  3733300  49.91
2013-01-17  50.05  50.41  49.51  49.89  4479800  49.89
2013-01-16  51.15  51.21  49.95  50.05  4159200  50.05
2013-01-15  50.72  51.51  50.42  51.43  3802600  51.43
2013-01-14  51.4  51.64  50.77  51.35  1611900  51.35
2013-01-11  51.75  51.75  50.89  51.33  2126700  51.33
2013-01-10  51.38  51.8  51.08  51.76  2403400  51.76
2013-01-09  50.52  51.1  50.52  50.91  2146200  50.91
2013-01-08  50.1  50.85  49.97  50.85  3366800  50.85
2013-01-07  50.25  50.3  49.54  50.27  4521100  50.27
2013-01-04  51.28  51.54  50.44  50.47  4373200  50.47
2013-01-03  52.0  52.0  50.54  51.11  5144500  51.11
2013-01-02  52.75  52.8  52.1  52.44  4036400  52.44
2012-12-31  50.7  51.52  50.29  51.51  2614400  51.51
2012-12-28  51.02  51.21  50.61  50.67  2521700  50.67
2012-12-27  51.95  51.97  50.87  51.41  3042300  51.41
2012-12-26  52.17  52.38  51.69  51.88  1784600  51.88
2012-12-24  52.17  52.33  52.03  52.15  681900  52.15
2012-12-21  52.72  52.77  51.99  52.18  3813000  52.18
2012-12-20  52.88  53.06  52.32  53.05  2149500  53.05
2012-12-19  53.1  53.16  52.6  52.74  3202900  52.74
2012-12-18  52.46  53.05  52.32  52.98  3221000  52.98
2012-12-17  51.89  52.46  51.69  52.45  2083500  52.45
2012-12-14  51.79  52.03  51.51  51.62  2378200  51.62
2012-12-13  52.54  52.86  51.72  51.81  2050500  51.81
2012-12-12  52.77  53.27  52.42  52.55  2853500  52.55
2012-12-11  52.21  52.57  51.96  52.45  2769000  52.45
2012-12-10  51.78  52.22  51.71  51.95  1812100  51.95
2012-12-07  52.5  52.74  51.67  51.96  2406300  51.96
2012-12-06  51.89  52.19  51.22  52.17  2408000  52.17
2012-12-05  51.16  52.12  51.01  51.96  3371900  51.96
2012-12-04  51.11  51.28  50.68  50.98  2278400  50.98
2012-12-03  51.58  51.66  51.1  51.16  2983200  51.16
2012-11-30  51.08  51.54  50.88  51.39  2913300  51.39
2012-11-29  50.52  51.16  50.43  51.08  2432000  51.08
2012-11-28  49.81  50.47  49.55  50.42  1916100  50.42
2012-11-27  50.25  50.42  49.82  49.95  2372200  49.95
2012-11-26  49.99  50.43  49.95  50.28  2619600  50.28
2012-11-23  49.94  50.33  49.83  50.32  1162200  50.32
2012-11-21  49.68  49.69  48.92  49.68  2065400  49.68
2012-11-20  49.68  49.94  48.97  49.42  3031000  49.42
2012-11-19  49.4  49.9  49.19  49.89  3220200  49.89
2012-11-16  48.65  48.95  48.1  48.89  4736000  48.89
2012-11-15  48.18  49.17  48.0  48.62  4078300  48.62
2012-11-14  48.65  49.2  48.02  48.14  3731800  48.14
2012-11-13  47.96  49.09  47.86  48.52  2683900  48.52
2012-11-12  48.27  48.41  47.95  48.33  1794100  48.33
2012-11-09  47.94  48.4  47.6  48.12  3878000  48.12
2012-11-08  48.72  49.14  47.87  47.88  3049200  47.88
2012-11-07  49.54  49.54  48.32  48.61  3526600  48.61
2012-11-06  49.28  50.52  49.15  50.26  4443400  50.26
2012-11-05  48.61  49.41  48.26  49.29  2599600  49.29
2012-11-02  49.28  49.35  48.41  48.75  2475700  48.75
2012-11-01  48.11  49.18  47.96  49.05  3068700  49.05
2012-10-31  47.86  48.29  47.62  47.94  2553900  47.94
2012-10-26  48.04  48.19  47.41  47.74  2168100  47.74
2012-10-25  48.05  48.32  47.58  48.18  2673900  48.18
2012-10-24  47.76  48.44  46.77  47.61  3962000  47.61
2012-10-23  47.59  47.93  47.4  47.82  2816700  47.82
2012-10-22  47.71  48.33  47.68  48.33  2849400  48.33
2012-10-19  48.06  48.34  47.53  47.85  3352700  47.85
2012-10-18  48.21  48.59  47.88  48.25  2809700  48.25
2012-10-17  47.88  48.5  47.6  48.42  2954800  48.42
2012-10-16  47.19  47.86  47.12  47.58  2623000  47.58
2012-10-15  46.56  47.03  46.13  46.97  2082600  46.97
2012-10-12  46.47  46.59  45.77  46.36  2094100  46.36
2012-10-11  46.23  46.77  46.21  46.5  1913800  46.5
2012-10-10  46.24  46.39  45.68  45.85  2663200  45.85
2012-10-09  46.76  47.01  46.22  46.28  1508600  46.28
2012-10-08  46.48  46.99  46.42  46.87  896800  46.87
2012-10-05  46.99  47.33  46.52  46.81  2385900  46.81
2012-10-04  46.08  46.71  45.94  46.64  1959000  46.64
2012-10-03  46.03  46.11  45.5  45.77  1866400  45.77
2012-10-02  46.09  46.32  45.5  45.8  1971800  45.8
2012-10-01  46.4  46.69  45.7  45.84  1802900  45.84
2012-09-28  45.81  46.3  45.46  46.11  2723700  46.11
2012-09-27  45.3  46.02  45.22  45.95  2364300  45.95
2012-09-26  45.7  45.71  44.63  44.92  3291500  44.92
2012-09-25  46.69  47.0  45.79  45.8  2509200  45.8
2012-09-24  46.26  46.84  46.22  46.52  1968300  46.52
2012-09-21  47.09  47.09  46.38  46.39  2971800  46.39
2012-09-20  46.64  46.95  46.25  46.85  2057000  46.85
2012-09-19  46.88  47.12  46.62  46.8  2079400  46.8
2012-09-18  47.11  47.21  46.66  46.89  2773100  46.89
2012-09-17  47.64  47.86  47.2  47.44  2383900  47.44
2012-09-14  47.71  48.38  47.58  47.82  2654000  47.82
2012-09-13  46.74  47.68  46.13  47.51  2950100  47.51
2012-09-12  46.67  47.11  46.47  46.74  2230100  46.74
2012-09-11  46.23  46.95  46.23  46.82  2643900  46.82
2012-09-10  46.62  46.8  46.21  46.22  2253700  46.22
2012-09-07  45.85  46.73  45.81  46.5  3692600  46.5
2012-09-06  44.62  45.69  44.54  45.65  3303300  45.65
2012-09-05  44.71  44.89  44.1  44.18  2808800  44.18
2012-09-04  44.55  44.9  44.23  44.78  1874900  44.78
2012-08-31  44.63  44.85  44.3  44.47  2574400  44.47
2012-08-30  44.34  44.53  44.06  44.31  1390500  44.31
2012-08-29  44.57  44.74  44.36  44.61  1411400  44.61
2012-08-28  44.31  44.74  44.21  44.48  1435900  44.48
2012-08-27  44.63  44.81  44.31  44.44  1550100  44.44
2012-08-24  43.87  44.59  43.83  44.47  2231300  44.47
2012-08-23  44.29  44.34  43.79  44.02  1521000  44.02
2012-08-22  44.68  44.77  44.08  44.38  1705600  44.38
2012-08-21  44.65  45.17  44.4  44.79  3677600  44.79
2012-08-20  44.25  44.56  44.04  44.39  2099100  44.39
2012-08-17  44.27  44.45  43.84  44.41  1995400  44.41
2012-08-16  44.01  44.36  43.7  44.2  2018200  44.2
2012-08-15  43.55  44.2  43.46  43.95  1806700  43.95
2012-08-14  44.19  44.33  43.42  43.55  1961700  43.55
2012-08-13  43.94  44.06  43.55  43.87  1977200  43.87
2012-08-10  43.54  43.93  43.3  43.84  1997700  43.84
2012-08-09  43.21  43.89  43.05  43.69  2564200  43.69
2012-08-08  43.22  43.89  43.22  43.77  1876700  43.77
2012-08-07  43.22  43.92  43.07  43.55  3352000  43.55
2012-08-06  42.74  43.25  42.62  42.96  2198500  42.96
2012-08-03  42.15  42.98  41.88  42.62  3766500  42.62
2012-08-02  41.57  41.63  40.52  41.24  5660100  41.24
2012-08-01  42.19  44.85  41.65  41.87  9995500  41.87
2012-07-31  42.19  42.19  41.6  41.85  2771800  41.85
2012-07-30  41.41  42.06  41.25  41.91  2554600  41.91
2012-07-27  40.01  41.8  39.79  41.58  4039900  41.58
2012-07-26  40.25  40.53  39.33  39.66  4149700  39.66
2012-07-25  40.44  40.57  39.16  39.47  4609000  39.47
2012-07-24  40.53  40.77  39.64  40.17  3169800  40.17
2012-07-23  40.99  40.99  39.96  40.54  4427100  40.54
2012-07-20  42.1  42.26  41.05  41.38  4433700  41.38
2012-07-19  42.08  42.32  41.84  42.1  2077300  42.1
2012-07-18  41.85  42.25  41.64  41.97  2279000  41.97
2012-07-17  41.62  41.78  40.98  41.69  2466300  41.69
2012-07-16  41.52  41.55  41.01  41.3  2150300  41.3
2012-07-13  40.88  41.82  40.71  41.68  2665100  41.68
2012-07-12  40.79  41.01  40.3  40.57  2166000  40.57
2012-07-11  40.57  41.18  40.52  41.07  2735500  41.07
2012-07-10  40.97  41.39  40.24  40.43  2355500  40.43
2012-07-09  40.63  40.76  40.33  40.69  1492000  40.69
2012-07-06  40.52  40.87  40.24  40.75  1431500  40.75
2012-07-05  41.1  41.35  40.73  41.06  1758600  41.06
2012-07-03  40.94  41.59  40.74  41.46  1554800  41.46
2012-07-02  41.0  41.49  40.42  40.95  2367400  40.95
2012-06-29  40.32  40.75  40.17  40.72  4031600  40.72
2012-06-28  38.43  39.23  38.31  39.2  2716900  39.2
2012-06-27  38.54  39.04  38.31  38.95  1865900  38.95
2012-06-26  38.1  38.7  37.89  38.45  2576500  38.45
2012-06-25  38.83  38.83  37.61  37.93  3298400  37.93
2012-06-22  39.55  39.67  39.05  39.3  2420900  39.3
2012-06-21  40.67  40.92  39.09  39.26  2854800  39.26
2012-06-20  40.49  40.87  40.08  40.53  2509300  40.53
2012-06-19  39.85  40.55  39.8  40.37  2503500  40.37
2012-06-18  39.97  39.97  39.31  39.55  2538400  39.55
2012-06-15  40.02  40.27  39.81  40.13  3523100  40.13
2012-06-14  38.62  39.87  38.42  39.8  4283200  39.8
2012-06-13  38.69  39.25  38.34  38.51  3440700  38.51
2012-06-12  38.3  38.92  38.27  38.85  2705700  38.85
2012-06-11  39.4  39.5  38.21  38.24  2811900  38.24
2012-06-08  38.96  38.99  38.39  38.85  3677000  38.85
2012-06-07  39.15  39.92  38.92  39.1  5725100  39.1
2012-06-06  37.64  38.75  37.46  38.75  3216400  38.75
2012-06-05  36.5  37.4  36.5  37.18  3448800  37.18
2012-06-04  37.05  37.3  36.45  36.76  3455100  36.76
2012-06-01  37.46  37.69  36.87  36.95  3877200  36.95
2012-05-31  38.0  38.62  37.35  38.32  4548500  38.32
2012-05-30  38.06  38.13  37.5  37.92  3425000  37.92
2012-05-29  37.91  38.51  37.81  38.48  3289300  38.48
2012-05-25  37.91  38.12  37.32  37.49  2391600  37.49
2012-05-24  38.35  38.36  37.45  37.93  3080600  37.93
2012-05-23  38.0  38.21  37.13  38.09  4025700  38.09
2012-05-22  38.16  38.98  37.99  38.35  3830100  38.35
2012-05-21  37.88  38.39  37.35  37.98  3624900  37.98
2012-05-18  38.33  38.61  37.19  37.35  5142700  37.35
2012-05-17  39.36  39.56  37.92  38.07  7340700  38.07
2012-05-16  41.18  41.63  39.77  39.78  4232200  39.78
2012-05-15  40.61  41.28  40.48  40.7  4124100  40.7
2012-05-14  40.55  41.12  40.44  40.85  3471000  40.85
2012-05-11  40.4  41.69  40.24  41.14  3041600  41.14
2012-05-10  41.13  41.5  40.76  40.88  3067700  40.88
2012-05-09  40.69  41.04  40.24  40.58  3097100  40.58
2012-05-08  41.05  41.45  40.61  41.36  3215600  41.36
2012-05-07  41.08  41.56  40.8  41.5  3140600  41.5
2012-05-04  41.8  41.91  40.91  41.25  3482100  41.25
2012-05-03  42.69  42.98  42.03  42.08  3688600  42.08
2012-05-02  43.07  43.07  42.14  42.7  2992900  42.7
2012-05-01  42.67  43.8  42.56  43.18  4788300  43.18
2012-04-30  42.64  42.79  42.24  42.73  2901900  42.73
2012-04-27  42.9  43.08  42.27  42.85  3017800  42.85
2012-04-26  42.83  42.93  42.04  42.71  4657600  42.71
2012-04-25  41.99  43.35  41.76  42.94  9258500  42.94
2012-04-24  39.49  40.37  39.33  39.85  4974600  39.85
2012-04-23  38.91  39.36  38.44  39.24  7721200  39.24
2012-04-20  40.26  40.58  39.46  39.49  4949700  39.49
2012-04-19  40.68  40.78  39.78  40.12  4223600  40.12
2012-04-18  41.24  41.24  40.47  40.61  2987900  40.61
2012-04-17  41.07  41.6  40.57  41.46  3052800  41.46
2012-04-16  40.67  41.09  40.29  40.61  2576200  40.61
2012-04-13  41.88  41.94  40.67  40.68  3620100  40.68
2012-04-12  40.89  41.97  40.88  41.94  4070800  41.94
2012-04-11  40.68  40.95  40.32  40.83  3872900  40.83
2012-04-10  41.15  41.51  39.89  40.06  5301900  40.06
2012-04-09  41.7  41.71  41.2  41.38  2494900  41.38
2012-04-05  42.47  42.66  42.14  42.5  2178600  42.5
2012-04-04  42.95  42.97  42.32  42.73  2924300  42.73
2012-04-03  43.83  44.09  42.94  43.49  3064100  43.49
2012-04-02  43.55  44.19  43.4  44.03  2959600  44.03
2012-03-30  43.72  43.9  43.19  43.63  2103900  43.63
2012-03-29  43.79  43.94  42.91  43.45  3757000  43.45
2012-03-28  44.25  44.44  43.5  44.13  2424000  44.13
2012-03-27  44.65  44.74  44.02  44.25  2140700  44.25
2012-03-26  43.87  44.54  43.67  44.46  4803200  44.46
2012-03-23  43.36  43.57  43.1  43.38  2236200  43.38
2012-03-22  43.99  44.03  43.01  43.26  3134400  43.26
2012-03-21  45.2  45.2  44.17  44.3  3597000  44.3
2012-03-20  44.82  45.41  44.53  45.12  3137300  45.12
2012-03-19  44.48  45.75  44.4  45.13  4239600  45.13
2012-03-16  45.12  45.41  44.38  44.47  3589900  44.47
2012-03-15  43.91  45.09  43.69  45.07  3898700  45.07
2012-03-14  43.63  44.18  43.39  43.84  3276200  43.84
2012-03-13  42.74  43.72  42.52  43.71  3077700  43.71
2012-03-12  42.85  42.92  42.24  42.44  2356800  42.44
2012-03-09  42.41  43.23  42.17  42.85  3869100  42.85
2012-03-08  43.3  43.3  42.1  42.47  4532000  42.47
2012-03-07  43.27  43.38  42.89  42.98  3298500  42.98
2012-03-06  43.98  44.04  42.62  42.9  4199100  42.9
2012-03-05  44.43  44.88  44.29  44.62  1784800  44.62
2012-03-02  45.0  45.08  44.54  44.67  2280700  44.67
2012-03-01  44.94  45.63  44.74  44.98  2859900  44.98
2012-02-29  44.62  45.48  44.62  44.83  4275800  44.83
2012-02-28  44.44  44.59  43.79  44.49  3038100  44.49
2012-02-27  44.25  44.47  43.83  44.31  2946400  44.31
2012-02-24  45.07  45.31  44.4  44.5  2904600  44.5
2012-02-23  44.56  45.04  44.48  44.82  3123800  44.82
2012-02-22  45.38  45.45  44.54  44.55  3589900  44.55
2012-02-21  45.73  46.06  45.27  45.45  3178500  45.45
2012-02-17  45.82  45.85  45.24  45.55  3437900  45.55
2012-02-16  45.41  46.11  45.28  45.71  3419000  45.71
2012-02-15  46.36  46.53  45.37  45.61  2873700  45.61
2012-02-14  46.17  46.26  45.5  46.07  3109300  46.07
2012-02-13  45.91  46.57  45.91  46.4  2976000  46.4
2012-02-10  45.61  45.67  45.23  45.54  2775600  45.54
2012-02-09  46.64  46.81  45.76  46.2  2891300  46.2
2012-02-08  46.49  46.69  46.12  46.52  2447400  46.52
2012-02-07  46.47  47.0  46.19  46.43  3182700  46.43
2012-02-06  46.69  46.9  46.44  46.74  2455900  46.74
2012-02-03  46.36  47.42  46.13  47.09  4846200  47.09
2012-02-02  45.7  45.86  44.99  45.68  3424600  45.68
2012-02-01  45.4  46.03  43.89  45.47  9776800  45.47
2012-01-31  46.31  46.41  45.36  45.45  5164400  45.45
2012-01-30  45.69  45.8  44.92  45.61  4428900  45.61
2012-01-27  45.66  46.44  45.48  46.21  4028100  46.21
2012-01-26  46.72  46.72  45.51  45.96  4334800  45.96
2012-01-25  45.95  46.37  45.56  46.32  4012400  46.32
2012-01-24  44.96  46.4  44.7  46.24  4402200  46.24
2012-01-23  45.17  45.85  44.95  45.28  2831900  45.28
2012-01-20  44.41  45.2  44.17  45.14  4659000  45.14
2012-01-19  42.93  44.52  42.93  44.41  8641000  44.41
2012-01-18  41.25  42.71  40.9  42.57  4064900  42.57
2012-01-17  41.29  41.63  41.07  41.23  3995600  41.23
2012-01-13  40.88  40.94  39.86  40.69  4183600  40.69
2012-01-12  41.9  42.27  40.99  41.53  3856000  41.53
2012-01-11  41.17  41.74  40.98  41.66  3749100  41.66
2012-01-10  41.39  41.69  41.17  41.34  4513800  41.34
2012-01-09  40.97  41.16  40.01  40.73  5983000  40.73
2012-01-06  42.26  42.32  41.6  41.69  2379800  41.69
2012-01-05  41.54  42.66  40.83  42.27  3120700  42.27
2012-01-04  42.17  42.17  41.52  42.0  3356700  42.0
2012-01-03  41.91  42.64  41.86  42.29  3500800  42.29
2011-12-30  40.54  41.17  40.52  40.76  1897400  40.76
2011-12-29  40.09  40.99  40.04  40.77  2549300  40.77
2011-12-28  40.81  40.88  39.78  39.95  2368300  39.95
2011-12-27  40.55  40.99  40.52  40.8  2049600  40.8
2011-12-23  40.09  40.6  39.77  40.59  2093500  40.59
2011-12-22  39.41  40.13  39.14  39.97  2505000  39.97
2011-12-21  38.62  39.5  38.39  39.31  3817200  39.31
2011-12-20  38.24  38.9  38.08  38.49  5463700  38.49
2011-12-19  38.6  38.97  37.29  37.37  4151800  37.37
2011-12-16  39.06  39.33  38.39  38.55  5555900  38.55
2011-12-15  39.92  40.1  38.74  38.82  4905300  38.82
2011-12-14  39.6  39.93  38.95  39.22  3825600  39.22
2011-12-13  40.86  41.15  39.23  39.8  4067200  39.8
2011-12-12  40.59  40.59  39.68  40.41  3084100  40.41
2011-12-09  40.52  41.48  40.52  41.25  4126500  41.25
2011-12-08  41.91  41.95  40.09  40.22  4199000  40.22
2011-12-07  41.87  42.55  41.28  42.23  3536200  42.23
2011-12-06  42.03  42.58  41.5  42.21  3335000  42.21
2011-12-05  41.83  42.92  41.4  41.86  3728800  41.86
2011-12-02  40.84  41.79  40.84  41.19  4093800  41.19
2011-12-01  40.84  40.96  40.2  40.55  2501300  40.55
2011-11-30  39.87  40.99  39.71  40.93  3998100  40.93
2011-11-29  38.42  38.91  38.17  38.52  3302800  38.52
2011-11-28  38.07  38.77  37.89  38.39  3298600  38.39
2011-11-25  37.03  37.85  36.69  36.8  2208600  36.8
2011-11-23  38.16  38.23  37.14  37.21  3748600  37.21
2011-11-22  37.57  38.72  37.38  38.64  3979100  38.64
2011-11-21  38.93  38.94  37.93  38.7  3905100  38.7
2011-11-18  39.69  39.8  39.11  39.56  3277100  39.56
2011-11-17  40.75  41.18  39.31  39.54  4877100  39.54
2011-11-16  41.41  42.01  40.72  40.8  3704000  40.8
2011-11-15  41.47  42.04  40.91  41.65  2330600  41.65
2011-11-14  41.68  42.0  41.32  41.75  2497800  41.75
2011-11-11  41.36  42.33  41.36  41.97  2855000  41.97
2011-11-10  41.36  41.61  40.49  40.88  4091100  40.88
2011-11-09  42.05  42.05  40.38  40.57  5888900  40.57
2011-11-08  43.02  43.53  42.32  43.43  3134900  43.43
2011-11-07  42.3  42.74  41.54  42.68  2960700  42.68
2011-11-04  42.15  42.58  41.69  42.36  2742900  42.36
2011-11-03  42.2  42.87  41.17  42.74  4730200  42.74
2011-11-02  41.18  41.88  40.83  41.62  5125300  41.62
2011-11-01  40.2  41.29  39.18  40.19  7329700  40.19
2011-10-31  42.43  43.24  41.9  42.17  4392500  42.17
2011-10-28  43.79  44.27  43.3  43.72  4403600  43.72
2011-10-27  42.98  44.88  42.89  43.75  8541500  43.75
2011-10-26  39.89  40.59  38.75  40.25  4251300  40.25
2011-10-25  40.27  40.27  38.87  39.04  4010800  39.04
2011-10-24  40.13  40.96  39.93  40.54  4796100  40.54
2011-10-21  39.31  40.35  39.04  39.96  4281400  39.96
2011-10-20  38.64  38.91  37.62  38.69  5149100  38.69
2011-10-19  39.05  39.62  38.18  38.39  4465900  38.39
2011-10-18  37.26  39.54  36.42  39.18  6445300  39.18
2011-10-17  38.34  38.35  37.05  37.09  4593800  37.09
2011-10-14  38.29  38.99  37.75  38.63  3937500  38.63
2011-10-13  37.64  37.86  36.86  37.68  4561700  37.68
2011-10-12  37.1  39.19  36.91  37.99  7393800  37.99
2011-10-11  35.8  36.73  35.56  36.45  3623100  36.45
2011-10-10  34.98  36.07  34.98  36.06  3883800  36.06
2011-10-07  35.94  35.99  34.2  34.26  6348600  34.26
2011-10-06  34.82  35.92  34.53  35.76  5045500  35.76
2011-10-05  33.82  35.07  33.17  35.0  6646400  35.0
2011-10-04  30.82  33.89  30.62  33.79  8494300  33.79
2011-10-03  32.27  33.02  31.39  31.4  7085900  31.4
2011-09-30  32.84  33.28  32.67  32.69  6677000  32.69
2011-09-29  32.48  33.56  32.43  33.56  6205700  33.56
2011-09-28  32.37  32.85  31.45  31.65  6382200  31.65
2011-09-27  31.84  32.91  31.45  32.24  7201200  32.24
2011-09-26  29.86  30.54  29.23  30.47  5691500  30.47
2011-09-23  29.67  30.36  29.28  29.43  6218700  29.43
2011-09-22  30.3  30.46  29.34  29.95  11117000  29.95
2011-09-21  32.97  33.12  31.03  31.04  5175600  31.04
2011-09-20  33.33  33.57  32.73  32.79  4656200  32.79
2011-09-19  33.27  33.44  32.42  33.15  3923700  33.15
2011-09-16  34.12  34.61  33.58  33.98  4582000  33.98
2011-09-15  33.21  33.9  32.86  33.89  4318600  33.89
2011-09-14  32.37  33.14  31.46  32.68  4397100  32.68
2011-09-13  31.97  32.56  31.74  32.05  3656200  32.05
2011-09-12  31.18  31.99  30.87  31.97  4583100  31.97
2011-09-09  32.35  32.67  31.28  31.64  4975100  31.64
2011-09-08  33.22  33.43  32.49  32.8  5439600  32.8
2011-09-07  32.58  33.66  32.32  33.55  4104300  33.55
2011-09-06  31.47  31.87  31.1  31.72  4033700  31.72
2011-09-02  33.47  33.66  32.73  32.73  3095000  32.73
2011-09-01  35.37  35.54  34.27  34.32  5059600  34.32
2011-08-31  34.84  35.67  34.71  35.28  5224000  35.28
2011-08-30  34.54  34.84  34.0  34.53  2902500  34.53
2011-08-29  33.86  34.88  33.83  34.88  2977800  34.88
2011-08-26  32.75  33.53  32.12  33.24  3155500  33.24
2011-08-25  34.36  34.79  32.55  32.98  3992300  32.98
2011-08-24  33.05  34.14  32.87  34.08  3547300  34.08
2011-08-23  32.73  33.37  32.39  33.24  5213100  33.24
2011-08-22  33.26  33.27  32.16  32.62  5853200  32.62
2011-08-19  32.62  33.85  32.3  32.37  4974600  32.37
2011-08-18  33.86  34.03  32.77  33.07  7571200  33.07
2011-08-17  35.13  35.45  34.61  35.06  4256100  35.06
2011-08-16  35.11  35.54  34.58  34.9  4700000  34.9
2011-08-15  35.23  35.7  34.94  35.59  4508400  35.59
2011-08-12  35.67  36.16  34.43  34.65  4401600  34.65
2011-08-11  33.57  35.76  32.58  35.19  8383500  35.19
2011-08-10  35.97  35.97  32.93  33.0  11244000  33.0
2011-08-09  35.72  36.76  33.73  36.75  10560600  36.75
2011-08-08  37.39  38.55  34.91  34.96  10305500  34.96
2011-08-05  39.61  39.86  37.81  38.71  8594600  38.71
2011-08-04  40.95  41.13  39.21  39.21  6142400  39.21
2011-08-03  41.4  41.72  40.44  41.62  4740700  41.62
2011-08-02  41.98  42.21  41.34  41.35  5033700  41.35
2011-08-01  43.42  43.5  41.95  42.4  3726100  42.4
2011-07-29  42.24  43.04  42.22  42.74  4853200  42.74
2011-07-28  42.82  43.96  42.5  42.66  6528600  42.66
2011-07-27  41.86  41.98  40.88  40.96  4380000  40.96
2011-07-26  42.33  42.54  41.97  42.05  2734800  42.05
2011-07-25  42.51  42.65  42.03  42.42  2377500  42.42
2011-07-22  43.43  43.43  42.75  42.87  2737300  42.87
2011-07-21  42.7  44.07  42.6  43.25  6633700  43.25
2011-07-20  41.96  42.35  41.5  42.08  3408600  42.08
2011-07-19  41.44  41.9  41.04  41.84  2709600  41.84
2011-07-18  41.83  41.92  40.92  41.13  3876200  41.13
2011-07-15  42.15  42.25  41.69  42.08  3627600  42.08
2011-07-14  42.26  42.52  41.83  41.98  3971900  41.98
2011-07-13  42.03  42.69  41.76  42.08  3105300  42.08
2011-07-12  41.3  42.2  41.24  41.81  4352100  41.81
2011-07-11  42.47  42.5  41.45  41.55  3465900  41.55
2011-07-08  43.25  43.41  42.56  43.15  3571600  43.15
2011-07-07  43.56  44.07  43.43  43.98  3093400  43.98
2011-07-06  42.92  43.17  42.53  43.08  2395000  43.08
2011-07-05  43.98  43.98  43.0  43.1  3098100  43.1
2011-07-01  43.41  44.06  43.21  44.01  2577600  44.01
2011-06-30  42.99  43.78  42.7  43.31  3026600  43.31
2011-06-29  42.32  42.94  42.28  42.79  3449000  42.79
2011-06-28  41.87  42.16  41.58  41.94  3049600  41.94
2011-06-27  41.26  41.89  41.13  41.71  3288600  41.71
2011-06-24  41.79  41.94  41.1  41.1  10548000  41.1
2011-06-23  41.52  41.82  40.96  41.8  5289100  41.8
2011-06-22  42.73  42.81  42.04  42.1  3188500  42.1
2011-06-21  42.44  43.01  42.17  42.83  3500400  42.83
2011-06-20  41.65  42.2  41.53  42.07  2317900  42.07
2011-06-17  42.06  42.31  41.52  41.77  3678100  41.77
2011-06-16  41.75  42.0  41.1  41.58  4170900  41.58
2011-06-15  42.67  42.71  41.6  41.7  4710700  41.7
2011-06-14  42.33  43.49  42.33  43.13  4810400  43.13
2011-06-13  42.01  42.11  41.56  42.01  2851100  42.01
2011-06-10  41.78  41.98  40.99  41.62  3650400  41.62
2011-06-09  41.76  42.34  41.59  41.88  2986400  41.88
2011-06-08  42.03  42.21  41.53  41.63  4832300  41.63
2011-06-07  42.52  42.59  42.11  42.2  6090800  42.2
2011-06-06  43.02  43.33  42.25  42.26  3761400  42.26
2011-06-03  42.69  43.78  42.69  43.12  4102000  43.12
2011-06-02  43.48  43.91  43.07  43.26  5115800  43.26
2011-06-01  44.38  44.38  43.25  43.27  5086000  43.27
2011-05-31  44.85  45.0  44.07  44.34  6715100  44.34
2011-05-27  45.25  45.35  44.21  44.54  9178900  44.54
2011-05-26  45.37  46.16  45.32  46.01  2868100  46.01
2011-05-25  45.74  46.09  45.29  45.74  3326000  45.74
2011-05-24  45.62  45.99  45.31  45.68  4505600  45.68
2011-05-23  45.43  45.83  45.17  45.3  6155800  45.3
2011-05-20  46.66  46.83  45.87  45.99  6779600  45.99
2011-05-19  47.02  47.3  46.44  46.72  7267600  46.72
2011-05-18  48.38  48.93  45.89  46.81  15449900  46.81
2011-05-17  49.3  50.03  49.25  49.96  2505200  49.96
2011-05-16  49.7  50.3  49.54  49.67  2456900  49.67
2011-05-13  50.54  50.81  49.47  49.84  2530700  49.84
2011-05-12  49.66  50.67  49.6  50.53  2516700  50.53
2011-05-11  50.46  50.68  49.51  49.93  3998700  49.93
2011-05-10  50.7  50.94  50.5  50.64  3065700  50.64
2011-05-09  50.69  50.96  50.01  50.47  2698300  50.47
2011-05-06  51.64  51.95  50.44  50.83  2722200  50.83
2011-05-05  50.86  51.33  50.4  50.9  2761200  50.9
2011-05-04  51.84  51.84  50.89  51.22  2468200  51.22
2011-05-03  51.85  52.02  51.34  51.71  2582400  51.71
2011-05-02  52.17  52.27  51.44  51.81  2497400  51.81
2011-04-29  52.64  52.71  51.42  51.84  3600000  51.84
2011-04-28  50.72  52.95  50.7  52.59  6829500  52.59
2011-04-27  50.05  50.25  48.9  50.09  3320800  50.09
2011-04-26  49.56  50.04  49.14  49.74  2700000  49.74
2011-04-25  49.69  49.69  48.99  49.1  2592200  49.1
2011-04-21  49.27  49.59  48.7  49.51  2783500  49.51
2011-04-20  49.02  49.76  48.76  49.1  3921300  49.1
2011-04-19  47.76  48.19  47.59  48.0  2420300  48.0
2011-04-18  47.44  47.79  47.29  47.59  3526300  47.59
2011-04-15  48.26  48.33  47.52  48.21  3890100  48.21
2011-04-14  48.03  48.18  47.44  47.98  2840900  47.98
2011-04-13  49.42  49.48  48.22  48.36  2693900  48.36
2011-04-12  48.98  49.3  48.7  49.01  2708800  49.01
2011-04-11  49.63  50.42  49.49  49.67  2871900  49.67
2011-04-08  50.29  50.49  49.21  49.51  1883200  49.51
2011-04-07  50.49  50.96  49.57  50.06  4321200  50.06
2011-04-06  50.37  50.66  50.02  50.52  2840600  50.52
2011-04-05  50.11  50.28  49.76  50.17  2494900  50.17
2011-04-04  49.59  50.21  49.42  50.15  3581200  50.15
2011-04-01  49.19  49.62  48.93  49.36  3152200  49.36
2011-03-31  48.28  49.0  48.03  48.7  3292700  48.7
2011-03-30  48.25  49.02  48.22  48.46  2813800  48.46
2011-03-29  48.61  48.74  47.82  48.12  3277400  48.12
2011-03-28  48.76  49.12  48.61  48.62  2650800  48.62
2011-03-25  49.0  49.1  48.56  48.58  2781600  48.58
2011-03-24  48.84  49.08  48.54  48.97  2863200  48.97
2011-03-23  48.64  48.64  47.89  48.4  4025900  48.4
2011-03-22  48.57  49.71  48.05  48.75  5801300  48.75
2011-03-21  47.6  48.47  47.33  48.47  4895200  48.47
2011-03-18  47.34  47.7  46.57  46.75  8333800  46.75
2011-03-17  47.22  47.66  46.25  46.55  9116500  46.55
2011-03-16  47.43  48.43  45.14  46.75  14018800  46.75
2011-03-15  45.34  47.38  44.28  46.95  18346600  46.95
2011-03-14  48.28  50.58  48.09  49.73  9661300  49.73
2011-03-11  49.76  51.51  49.59  51.25  5877800  51.25
2011-03-10  51.87  51.9  51.07  51.39  2964200  51.39
2011-03-09  52.6  52.73  52.23  52.42  2002500  52.42
2011-03-08  52.65  53.06  52.42  52.77  2674700  52.77
2011-03-07  53.18  53.62  52.31  52.37  2809000  52.37
2011-03-04  53.39  53.84  52.74  52.98  2973400  52.98
2011-03-03  52.7  53.45  52.7  53.34  2400100  53.34
2011-03-02  52.85  52.97  52.15  52.21  2774200  52.21
2011-03-01  54.48  54.94  53.05  53.1  4361500  53.1
2011-02-28  53.77  54.79  53.64  54.31  2329500  54.31
2011-02-25  53.12  53.46  52.72  53.37  1673200  53.37
2011-02-24  52.86  53.37  52.49  52.79  2980700  52.79
2011-02-23  53.76  53.76  52.73  53.12  2568100  53.12
2011-02-22  53.69  54.28  53.16  53.48  2736300  53.48
2011-02-18  54.62  54.75  54.19  54.51  2923400  54.51
2011-02-17  53.3  54.89  53.14  54.7  3964400  54.7
2011-02-16  52.85  53.52  52.72  53.38  2553300  53.38
2011-02-15  52.38  52.81  52.24  52.7  2068800  52.7
2011-02-14  52.8  53.01  52.09  52.62  2096100  52.62
2011-02-11  51.87  52.86  51.66  52.79  2865600  52.79
2011-02-10  51.96  52.24  51.72  52.02  3286600  52.02
2011-02-09  52.98  53.01  52.24  52.33  3393100  52.33
2011-02-08  52.96  53.49  52.85  53.14  4232000  53.14
2011-02-07  52.87  53.89  52.68  53.87  4490000  53.87
2011-02-04  52.22  52.81  52.01  52.75  2686200  52.75
2011-02-03  52.25  52.43  51.88  52.19  4031700  52.19
2011-02-02  52.4  53.19  51.86  52.41  6048600  52.41
2011-02-01  53.13  54.14  53.0  53.72  4472200  53.72
2011-01-31  53.11  53.31  52.43  52.85  3204100  52.85
2011-01-28  53.78  53.87  52.05  52.3  4907200  52.3
2011-01-27  53.46  54.0  52.86  53.67  4879300  53.67
2011-01-26  53.89  53.95  53.51  53.56  2590700  53.56
2011-01-25  53.48  53.95  52.89  53.61  3378700  53.61
2011-01-24  53.18  53.94  53.08  53.82  2831500  53.82
2011-01-21  53.0  53.57  52.47  53.33  2904900  53.33
2011-01-20  52.35  53.2  52.18  52.75  2818100  52.75
2011-01-19  52.58  52.71  51.89  52.14  3595100  52.14
2011-01-18  52.85  53.67  51.94  52.26  4266500  52.26
2011-01-14  52.18  52.97  52.16  52.93  3238700  52.93
2011-01-13  52.91  53.34  52.17  52.39  2830300  52.39
2011-01-12  51.43  52.68  51.4  52.45  2940200  52.45
2011-01-11  50.82  51.35  50.71  51.1  2460500  51.1
2011-01-10  51.16  51.22  50.3  50.6  3342600  50.6
2011-01-07  51.66  51.89  50.96  51.26  2435000  51.26
2011-01-06  51.86  52.07  51.21  51.46  2824500  51.46
2011-01-05  51.65  52.2  51.49  51.74  3486600  51.74
2011-01-04  52.81  52.85  51.49  51.85  3860300  51.85
2011-01-03  52.3  53.09  52.2  52.81  2960500  52.81
2010-12-31  51.47  51.96  51.21  51.79  1352900  51.79
2010-12-30  51.94  52.04  51.41  51.48  1568300  51.48
2010-12-29  52.38  52.42  51.99  52.04  1516800  52.04
2010-12-28  52.35  52.43  52.03  52.21  1278200  52.21
2010-12-27  52.17  52.47  52.0  52.29  1233200  52.29
2010-12-23  52.74  52.76  52.19  52.41  2037200  52.41
2010-12-22  52.13  52.58  51.98  52.52  2127500  52.52
2010-12-21  52.01  52.31  51.58  51.95  2278700  51.95
2010-12-20  51.25  52.08  51.14  51.62  2633400  51.62
2010-12-17  50.36  51.8  50.36  50.99  5186400  50.99
2010-12-16  50.62  50.92  50.17  50.46  2772300  50.46
2010-12-15  50.52  51.34  50.42  50.57  3200600  50.57
2010-12-14  51.25  51.71  50.67  50.83  2405800  50.83
2010-12-13  51.67  51.83  51.27  51.28  2898900  51.28
2010-12-10  51.4  51.57  50.59  51.51  2604600  51.51
2010-12-09  50.99  51.61  50.55  51.05  2764500  51.05
2010-12-08  49.5  50.46  49.28  50.4  2912500  50.4
2010-12-07  50.39  50.4  49.25  49.31  2846000  49.31
2010-12-06  49.75  50.06  49.38  49.78  2329200  49.78
2010-12-03  49.44  50.05  49.14  49.95  2176700  49.95
2010-12-02  48.79  50.06  48.76  49.82  3406000  49.82
2010-12-01  48.44  48.81  47.93  48.64  4245100  48.64
2010-11-30  47.23  47.85  46.71  47.27  4553100  47.27
2010-11-29  47.01  48.06  46.83  47.88  4924100  47.88
2010-11-26  48.84  48.91  47.19  47.31  3321900  47.31
2010-11-24  49.07  49.56  48.87  49.54  2319900  49.54
2010-11-23  48.97  49.25  48.35  48.58  2905300  48.58
2010-11-22  49.83  50.01  49.07  49.89  2102200  49.89
2010-11-19  50.17  50.2  49.4  50.16  3224300  50.16
2010-11-18  50.12  50.69  50.03  50.18  3295400  50.18
2010-11-17  49.14  49.5  48.85  49.19  3235300  49.19
2010-11-16  49.59  49.75  48.75  49.17  3938700  49.17
2010-11-15  50.41  50.48  49.93  49.98  2788600  49.98
2010-11-12  50.33  50.86  49.63  49.88  3426300  49.88
2010-11-11  51.09  51.1  49.63  50.84  3965800  50.84
2010-11-10  51.71  51.89  50.76  51.84  3081500  51.84
2010-11-09  52.45  52.47  51.4  51.56  3645800  51.56
2010-11-08  52.56  52.61  51.98  52.19  2470700  52.19
2010-11-05  52.67  53.22  52.28  52.72  3287100  52.72
2010-11-04  52.43  52.95  51.89  52.8  3411900  52.8
2010-11-03  51.58  51.75  50.6  51.74  2905100  51.74
2010-11-02  51.56  51.64  51.22  51.48  1389600  51.48
2010-11-01  51.37  51.84  50.52  51.04  1687500  51.04
2010-10-29  51.11  51.34  50.56  51.01  2168000  51.01
2010-10-28  51.76  51.79  50.7  51.31  2528300  51.31
2010-10-27  50.88  52.01  50.52  51.47  4820900  51.47
2010-10-26  50.17  50.63  50.01  50.37  2921900  50.37
2010-10-25  51.03  51.24  50.29  50.43  2922200  50.43
2010-10-22  50.78  50.78  50.26  50.62  2079100  50.62
2010-10-21  50.47  51.1  50.05  50.42  3303600  50.42
2010-10-20  50.26  50.76  49.98  50.23  3046000  50.23
2010-10-19  49.99  50.91  49.56  49.93  3098800  49.93
2010-10-18  49.79  51.04  49.79  50.79  2573300  50.79
2010-10-15  50.44  50.68  49.08  49.76  3328500  49.76
2010-10-14  50.05  50.9  49.75  50.05  3438800  50.05
2010-10-13  50.06  50.71  49.93  50.04  2623100  50.04
2010-10-12  49.19  49.84  48.97  49.74  2190400  49.74
2010-10-11  49.67  49.91  49.38  49.62  1630000  49.62
2010-10-08  49.1  49.95  48.89  49.61  2645900  49.61
2010-10-07  49.3  49.53  48.5  48.91  2448700  48.91
2010-10-06  48.09  49.11  47.64  49.05  3807600  49.05
2010-10-05  47.58  48.55  46.87  48.14  3737600  48.14
2010-10-04  47.44  47.54  46.48  46.96  2626700  46.96
2010-10-01  47.86  48.19  47.05  47.52  3229500  47.52
2010-09-30  47.77  48.3  47.19  47.2  3942200  47.2
2010-09-29  47.5  47.9  46.97  47.07  2408500  47.07
2010-09-28  47.65  48.05  46.63  47.89  2206200  47.89
2010-09-27  47.73  47.81  47.14  47.4  2321500  47.4
2010-09-24  46.78  47.8  46.78  47.78  2790700  47.78
2010-09-23  46.91  47.16  45.95  46.06  3793600  46.06
2010-09-22  48.36  48.63  47.2  47.44  2677900  47.44
2010-09-21  49.02  49.18  48.29  48.52  3015200  48.52
2010-09-20  47.57  49.06  47.45  48.93  3225100  48.93
2010-09-17  47.49  47.69  47.01  47.26  2564500  47.26
2010-09-16  47.21  47.36  46.79  47.33  1920900  47.33
2010-09-15  47.2  47.62  46.84  47.36  2765800  47.36
2010-09-14  47.49  48.15  47.01  47.68  3206600  47.68
2010-09-13  46.91  47.79  46.9  47.64  3444500  47.64
2010-09-10  46.39  46.54  45.83  46.34  1976500  46.34
2010-09-09  46.52  46.79  45.81  46.18  2347300  46.18
2010-09-08  45.67  46.55  45.61  45.73  3277800  45.73
2010-09-07  46.08  46.16  45.08  45.56  3068700  45.56
2010-09-03  46.09  46.59  45.88  46.5  3551000  46.5
2010-09-02  45.48  45.67  44.9  45.66  4351600  45.66
2010-09-01  43.84  45.28  43.81  45.24  5299000  45.24
2010-08-31  42.0  43.35  41.71  43.13  4107700  43.13
2010-08-30  43.4  43.44  42.36  42.42  2297600  42.42
2010-08-27  42.15  43.68  41.46  43.65  3641200  43.65
2010-08-26  42.18  42.52  41.54  41.77  3849300  41.77
2010-08-25  40.83  42.14  40.48  41.93  4409400  41.93
2010-08-24  41.52  41.78  41.0  41.26  4372200  41.26
2010-08-23  42.43  42.88  41.95  42.2  3378000  42.2
2010-08-20  42.23  42.73  41.7  42.56  3995700  42.56
2010-08-19  43.57  43.57  42.31  42.5  4381300  42.5
2010-08-18  44.17  44.28  43.64  43.87  2931400  43.87
2010-08-17  43.88  44.47  43.59  44.06  3079400  44.06
2010-08-16  43.02  43.58  42.76  43.41  2415300  43.41
2010-08-13  44.09  44.21  43.3  43.34  3659500  43.34
2010-08-12  44.08  44.62  43.88  44.16  4549000  44.16
2010-08-11  45.32  45.96  44.82  44.87  4251200  44.87
2010-08-10  46.08  46.62  45.71  46.18  2781500  46.18
2010-08-09  46.4  46.82  46.05  46.71  2796300  46.71
2010-08-06  45.85  46.42  45.12  46.05  2940000  46.05
2010-08-05  46.2  46.78  45.82  46.53  2868800  46.53
2010-08-04  45.31  46.53  45.21  46.32  4031200  46.32
2010-08-03  46.09  46.15  45.05  45.2  4123000  45.2
2010-08-02  45.43  46.61  45.43  46.27  4503600  46.27
2010-07-30  44.64  45.27  44.04  44.63  4643000  44.63
2010-07-29  45.37  46.02  44.55  45.19  4768100  45.19
2010-07-28  45.15  45.52  44.34  44.93  6636600  44.93
2010-07-27  46.82  47.04  45.39  46.01  5693000  46.01
2010-07-26  45.93  46.51  45.73  46.31  5651800  46.31
2010-07-23  44.99  45.92  44.08  45.83  7497100  45.83
2010-07-22  43.07  45.29  42.73  45.23  7456900  45.23
2010-07-21  44.13  44.13  42.19  42.54  5142700  42.54
2010-07-20  41.44  43.49  41.32  43.44  4002300  43.44
2010-07-19  42.27  42.56  41.47  42.2  3274800  42.2
2010-07-16  43.21  43.46  41.82  41.98  4245300  41.98
2010-07-15  43.97  44.05  42.77  43.9  3986000  43.9
2010-07-14  44.06  44.56  43.46  43.93  4037100  43.93
2010-07-13  44.1  44.81  43.86  44.35  5883800  44.35
2010-07-12  43.22  43.68  43.03  43.47  2880900  43.47
2010-07-09  42.65  43.68  42.65  43.63  3889300  43.63
2010-07-08  41.64  42.95  41.6  42.82  6049100  42.82
2010-07-07  39.53  41.31  39.4  41.26  5919300  41.26
2010-07-06  39.7  40.43  39.13  39.53  5165600  39.53
2010-07-02  39.67  39.78  38.59  39.13  3556600  39.13
2010-07-01  39.15  39.64  37.7  39.3  6290600  39.3
2010-06-30  38.47  39.39  38.31  38.72  6220300  38.72
2010-06-29  39.73  40.17  38.14  38.44  8690100  38.44
2010-06-28  40.03  41.92  39.99  40.63  7085100  40.63
2010-06-25  39.21  39.67  38.42  39.55  4572900  39.55
2010-06-24  39.05  39.51  38.59  38.74  3936300  38.74
2010-06-23  39.87  39.87  38.72  39.39  4019900  39.39
2010-06-22  40.49  40.97  39.66  39.72  4419000  39.72
2010-06-21  41.08  41.39  40.04  40.33  3769400  40.33
2010-06-18  39.87  40.41  39.84  40.29  4200400  40.29
2010-06-17  39.65  40.22  38.96  39.7  4375700  39.7
2010-06-16  39.75  40.27  39.66  39.94  3798800  39.94
2010-06-15  38.57  40.4  38.57  40.27  5424400  40.27
2010-06-14  38.87  39.54  38.38  38.56  3775500  38.56
2010-06-11  37.8  38.88  37.8  38.83  3057200  38.83
2010-06-10  38.03  38.89  37.87  38.82  4099800  38.82
2010-06-09  38.26  38.73  37.24  37.4  5530000  37.4
2010-06-08  36.96  37.93  36.21  37.89  6722600  37.89
2010-06-07  37.95  38.17  36.64  36.73  6160900  36.73
2010-06-04  38.78  39.42  37.24  37.5  6726800  37.5
2010-06-03  40.62  40.89  39.61  40.34  3153700  40.34
2010-06-02  39.51  40.55  38.88  40.51  5021100  40.51
2010-06-01  39.59  40.5  39.02  39.14  4600300  39.14
2010-05-28  41.61  41.62  40.02  40.2  5051000  40.2
2010-05-27  39.87  41.67  39.63  41.59  7227900  41.59
2010-05-26  39.45  39.96  38.61  38.8  6308600  38.8
2010-05-25  37.19  38.63  36.59  38.56  6455100  38.56
2010-05-24  39.45  39.45  38.26  38.31  5536600  38.31
2010-05-21  37.1  39.8  36.76  39.37  10022100  39.37
2010-05-20  39.09  39.27  37.42  37.77  7401400  37.77
2010-05-19  40.56  41.0  39.13  40.23  7723400  40.23
2010-05-18  43.26  43.26  40.39  40.84  6652800  40.84
2010-05-17  41.2  41.97  40.49  41.71  5319800  41.71
2010-05-14  43.17  43.21  40.59  41.4  8695300  41.4
2010-05-13  45.19  45.19  43.66  43.67  2790700  43.67
2010-05-12  44.25  45.27  43.97  45.13  4410500  45.13
2010-05-11  43.91  45.32  43.62  44.14  5275400  44.14
2010-05-10  42.86  45.46  40.14  44.87  13808200  44.87
2010-05-07  41.72  41.94  39.15  39.93  11336500  39.93
2010-05-06  43.17  44.21  38.32  41.74  10165300  41.74
2010-05-05  43.35  44.51  42.62  43.42  6508300  43.42
2010-05-04  45.37  45.55  43.34  44.03  9695900  44.03
2010-05-03  46.35  46.66  45.85  46.38  3204300  46.38
2010-04-30  46.94  47.22  45.93  45.96  4478800  45.96
2010-04-29  45.83  47.41  45.54  47.19  9648400  47.19
2010-04-28  48.82  48.92  43.95  44.76  14972200  44.76
2010-04-27  48.93  49.05  47.09  47.27  4233300  47.27
2010-04-26  49.96  50.16  49.31  49.36  2462300  49.36
2010-04-23  49.28  50.15  48.99  50.03  2570200  50.03
2010-04-22  49.02  49.29  48.25  49.24  2449100  49.24
2010-04-21  50.05  50.28  48.83  49.38  2392900  49.38
2010-04-20  49.49  49.96  49.36  49.89  2179700  49.89
2010-04-19  48.58  49.29  48.39  49.23  2641400  49.23
2010-04-16  49.77  49.97  48.47  49.08  4862600  49.08
2010-04-15  50.54  50.76  49.81  50.03  3237100  50.03
2010-04-14  50.41  51.01  50.14  51.01  2307300  51.01
2010-04-13  50.02  50.17  49.46  50.03  2429300  50.03
2010-04-12  50.43  50.46  49.99  50.11  2263100  50.11
2010-04-09  50.09  50.29  49.65  50.29  1863500  50.29
2010-04-08  49.61  50.19  49.47  49.96  2787300  49.96
2010-04-07  50.32  50.32  49.46  49.85  2727800  49.85
2010-04-06  49.8  50.61  49.71  50.47  2451600  50.47
2010-04-05  49.67  50.07  49.51  50.07  2080600  50.07
2010-04-01  49.36  49.76  49.09  49.37  2266100  49.37
2010-03-31  48.21  48.99  48.21  48.96  3153500  48.96
2010-03-30  48.45  48.65  48.13  48.51  2725900  48.51
2010-03-29  48.43  48.7  48.23  48.38  2353600  48.38
2010-03-26  48.1  48.75  47.99  48.22  2405900  48.22
2010-03-25  48.71  48.97  47.91  47.99  2715400  47.99
2010-03-24  48.16  48.59  47.97  48.38  2354200  48.38
2010-03-23  47.97  48.28  47.45  48.25  3802300  48.25
2010-03-22  48.25  48.57  47.85  48.57  2146500  48.57
2010-03-19  49.68  49.78  48.75  48.79  3723700  48.79
2010-03-18  49.36  49.45  49.06  49.44  2400900  49.44
2010-03-17  48.77  49.6  48.57  49.28  2706600  49.28
2010-03-16  47.78  48.48  47.57  48.43  2383600  48.43
2010-03-15  47.36  47.77  47.12  47.59  2501600  47.59
2010-03-12  47.7  47.81  47.12  47.52  1882300  47.52
2010-03-11  47.14  47.47  46.81  47.46  2538700  47.46
2010-03-10  46.41  47.35  46.08  47.32  3591700  47.32
2010-03-09  46.47  46.61  45.92  46.22  2222800  46.22
2010-03-08  46.55  46.9  46.44  46.63  2204000  46.63
2010-03-05  45.99  46.55  45.46  46.45  2588700  46.45
2010-03-04  45.38  45.75  45.32  45.61  2549100  45.61
2010-03-03  45.12  45.6  45.09  45.25  2562400  45.25
2010-03-02  45.26  45.41  44.85  45.04  2383400  45.04
2010-03-01  44.79  45.13  44.67  45.11  2671100  45.11
2010-02-26  44.33  44.68  44.04  44.6  2351700  44.6
2010-02-25  43.64  44.42  43.24  44.36  2751400  44.36
2010-02-24  43.5  44.41  43.5  44.25  2292700  44.25
2010-02-23  44.37  44.52  43.1  43.41  2891700  43.41
2010-02-22  44.44  44.53  44.01  44.3  2771000  44.3
2010-02-19  43.91  44.46  43.39  44.23  3602100  44.23
2010-02-18  43.52  44.25  43.34  44.06  2416800  44.06
2010-02-17  43.94  44.31  43.59  43.96  2950300  43.96
2010-02-16  42.85  43.63  42.52  43.51  3139900  43.51
2010-02-12  42.38  42.57  41.36  42.51  5192800  42.51
2010-02-11  42.26  42.95  41.58  42.71  3316100  42.71
2010-02-10  42.26  42.79  41.51  42.23  3342100  42.23
2010-02-09  41.87  42.72  41.04  42.19  5577500  42.19
2010-02-08  42.77  42.83  41.12  41.19  6564800  41.19
2010-02-05  43.4  43.76  41.2  42.72  8992300  42.72
2010-02-04  45.23  45.45  43.24  43.3  5446100  43.3
2010-02-03  45.28  46.53  45.28  45.67  5959200  45.67
2010-02-02  44.25  44.68  43.67  44.56  5010900  44.56
2010-02-01  43.56  44.35  43.56  44.09  3435100  44.09
2010-01-29  44.43  44.69  43.21  43.42  4232600  43.42
2010-01-28  45.14  45.26  43.76  44.1  4209500  44.1
2010-01-27  44.59  44.96  43.99  44.65  4176700  44.65
2010-01-26  44.8  45.72  44.5  44.57  4917300  44.57
2010-01-25  44.84  45.49  44.84  44.99  4946000  44.99
2010-01-22  45.09  45.38  43.93  44.02  4188000  44.02
2010-01-21  46.16  46.21  44.92  45.25  4061900  45.25
2010-01-20  46.42  46.42  45.5  45.86  2652800  45.86
2010-01-19  45.94  46.76  45.67  46.71  3263800  46.71
2010-01-15  46.21  46.38  45.43  45.82  2974700  45.82
2010-01-14  45.86  46.43  45.43  46.32  2266900  46.32
2010-01-13  45.38  45.83  45.21  45.72  2552100  45.72
2010-01-12  46.07  46.37  45.07  45.23  3848800  45.23
2010-01-11  44.71  45.52  44.56  45.46  2849600  45.46
2010-01-08  44.52  44.52  43.71  44.3  2196700  44.3
2010-01-07  44.29  44.82  43.92  44.74  2767900  44.74
2010-01-06  44.67  44.67  43.68  44.27  2925800  44.27
2010-01-05  42.57  44.0  42.19  43.88  3965300  43.88
2010-01-04  41.69  42.77  41.69  42.65  2362000  42.65
