Date  Open  High  Low  Close  Volume  Adj Close
2014-02-28  19.03  19.04  18.79  18.96  14745700  18.96
2014-02-27  19.0  19.07  18.85  19.01  12154500  19.01
2014-02-26  19.0  19.41  18.94  19.1  14862900  19.1
2014-02-25  19.13  19.13  18.75  19.02  12104600  19.02
2014-02-24  19.25  19.38  19.07  19.07  13388800  19.07
2014-02-21  19.12  19.24  18.91  19.1  14790200  19.1
2014-02-20  18.75  19.0  18.72  18.99  16165800  18.99
2014-02-19  18.84  18.99  18.65  18.75  13025100  18.75
2014-02-18  18.88  18.96  18.71  18.85  13689100  18.85
2014-02-14  18.72  19.09  18.49  18.96  22145900  18.96
2014-02-13  17.7  18.9  17.64  18.77  31620000  18.77
2014-02-12  17.7  18.0  17.67  17.82  18138300  17.82
2014-02-11  17.25  17.88  17.11  17.69  23030000  17.69
2014-02-10  17.11  17.21  17.02  17.16  7728600  17.16
2014-02-07  16.98  17.14  16.84  17.09  12577000  17.09
2014-02-06  16.82  17.09  16.79  16.96  7920300  16.96
2014-02-05  16.6  16.87  16.55  16.8  16304000  16.8
2014-02-04  16.69  16.76  16.56  16.69  18623100  16.69
2014-02-03  16.51  16.74  16.46  16.67  24873400  16.67
2014-01-31  16.32  16.76  16.31  16.73  20152200  16.73
2014-01-30  16.83  16.84  16.59  16.69  10336300  16.69
2014-01-29  16.59  16.74  16.53  16.64  8983500  16.64
2014-01-28  16.59  16.74  16.47  16.66  9863600  16.66
2014-01-27  17.04  17.12  16.55  16.63  15391200  16.63
2014-01-24  17.16  17.33  16.98  17.08  19669900  17.08
2014-01-23  17.42  17.47  17.31  17.44  8232200  17.44
2014-01-22  17.6  17.63  17.47  17.57  5769500  17.57
2014-01-21  17.53  17.6  17.38  17.52  5754100  17.52
2014-01-17  17.47  17.59  17.33  17.46  9461200  17.46
2014-01-16  17.78  17.8  17.52  17.54  6960600  17.54
2014-01-15  17.62  17.98  17.59  17.83  11834200  17.83
2014-01-14  17.25  17.65  17.21  17.54  12186600  17.54
2014-01-13  17.3  17.41  17.16  17.23  9143100  17.23
2014-01-10  17.28  17.42  17.24  17.38  7970100  17.38
2014-01-09  17.33  17.41  17.23  17.31  8838000  17.31
2014-01-08  17.31  17.36  17.09  17.33  8026100  17.33
2014-01-07  17.28  17.34  17.17  17.28  8133200  17.28
2014-01-06  17.41  17.42  17.13  17.2  9975500  17.2
2014-01-03  17.45  17.61  17.38  17.42  6773000  17.42
2014-01-02  17.6  17.6  17.28  17.46  7785900  17.46
2013-12-31  17.44  17.61  17.34  17.59  5533900  17.59
2013-12-30  17.34  17.46  17.31  17.4  3601800  17.4
2013-12-27  17.43  17.43  17.27  17.34  3655700  17.34
2013-12-26  17.32  17.39  17.29  17.35  3836300  17.35
2013-12-24  17.34  17.45  17.3  17.3  4504900  17.3
2013-12-23  17.16  17.44  17.16  17.42  10214000  17.42
2013-12-20  16.74  17.17  16.74  17.1  17970700  17.1
2013-12-19  16.85  16.94  16.7  16.79  9392500  16.79
2013-12-18  16.74  16.98  16.6  16.94  11832300  16.94
2013-12-17  16.54  16.82  16.53  16.71  8851700  16.71
2013-12-16  16.71  16.72  16.55  16.57  11428800  16.57
2013-12-13  16.77  16.78  16.54  16.61  9167100  16.61
2013-12-12  16.74  16.76  16.6  16.63  9532700  16.63
2013-12-11  16.82  16.93  16.72  16.74  10718900  16.74
2013-12-10  16.71  16.82  16.52  16.74  14962400  16.74
2013-12-09  16.72  16.93  16.51  16.74  15108500  16.74
2013-12-06  16.57  16.75  16.52  16.74  11892500  16.74
2013-12-05  16.54  16.73  16.32  16.41  14029600  16.41
2013-12-04  17.02  17.02  16.37  16.52  24734900  16.52
2013-12-03  16.94  17.1  16.72  17.03  11605000  17.03
2013-12-02  17.18  17.18  17.01  17.02  7517600  17.02
2013-11-29  17.31  17.36  17.19  17.21  3493600  17.21
2013-11-27  17.4  17.42  17.18  17.26  9707000  17.26
2013-11-26  17.17  17.54  17.08  17.43  12534300  17.43
2013-11-25  17.21  17.22  17.07  17.18  5810100  17.18
2013-11-22  17.18  17.18  16.99  17.16  6782100  17.16
2013-11-21  16.79  17.21  16.73  17.18  13571500  17.18
2013-11-20  16.74  16.88  16.66  16.74  10679700  16.74
2013-11-19  16.77  16.92  16.67  16.73  9281500  16.73
2013-11-18  17.19  17.32  16.7  16.75  15640500  16.75
2013-11-15  17.5  17.54  16.91  17.32  14485600  17.32
2013-11-14  17.66  17.67  17.3  17.36  12172700  17.36
2013-11-13  17.33  17.47  17.2  17.47  11174500  17.47
2013-11-12  17.51  17.56  17.37  17.44  7535700  17.44
2013-11-11  17.55  17.79  17.44  17.6  9599800  17.6
2013-11-08  17.25  17.6  17.08  17.55  12424600  17.55
2013-11-07  17.69  17.73  17.14  17.17  11617200  17.17
2013-11-06  17.65  17.74  17.4  17.72  7458500  17.72
2013-11-05  17.4  17.7  17.24  17.57  11222700  17.57
2013-11-04  17.58  17.6  17.41  17.55  7987800  17.55
2013-11-01  17.65  17.65  17.39  17.5  9637700  17.5
2013-10-31  17.62  17.85  17.61  17.66  10982700  17.66
2013-10-30  17.82  17.89  17.54  17.68  6476000  17.68
2013-10-29  17.65  17.94  17.56  17.81  11641400  17.81
2013-10-28  17.47  17.61  17.47  17.53  7463500  17.53
2013-10-25  17.54  17.57  17.36  17.5  8395100  17.5
2013-10-24  17.47  17.65  17.34  17.62  12099000  17.62
2013-10-23  17.72  17.78  17.13  17.21  14888200  17.21
2013-10-22  17.74  17.9  17.66  17.87  10795700  17.87
2013-10-21  17.9  17.9  17.62  17.67  8772500  17.67
2013-10-18  17.83  17.9  17.74  17.85  8948200  17.85
2013-10-17  17.53  17.92  17.52  17.89  11486200  17.89
2013-10-16  17.68  17.97  17.64  17.76  13369600  17.76
2013-10-15  17.88  17.97  17.61  17.62  11641500  17.62
2013-10-14  17.68  17.98  17.53  17.9  9525900  17.9
2013-10-11  17.54  17.89  17.47  17.8  9161200  17.8
2013-10-10  17.28  17.73  17.25  17.69  10925800  17.69
2013-10-09  17.38  17.39  16.96  17.15  13941000  17.15
2013-10-08  17.53  17.72  17.19  17.31  16676600  17.31
2013-10-07  17.14  17.78  17.06  17.57  16581100  17.57
2013-10-04  17.13  17.46  17.12  17.37  11027200  17.37
2013-10-03  17.31  17.32  17.05  17.14  13018900  17.14
2013-10-02  17.21  17.51  17.1  17.31  16213800  17.31
2013-10-01  17.38  17.39  17.08  17.27  13296800  17.27
2013-09-30  17.2  17.46  17.1  17.33  15514100  17.33
2013-09-27  17.47  17.57  17.18  17.4  14484200  17.4
2013-09-26  17.66  17.7  17.38  17.57  16844800  17.57
2013-09-25  17.09  17.74  17.06  17.64  34664700  17.64
2013-09-24  17.14  17.33  16.77  17.26  88903900  17.26
2013-09-23  15.69  15.89  15.65  15.81  10665700  15.81
2013-09-20  15.89  16.06  15.71  15.75  12211300  15.75
2013-09-19  16.1  16.25  15.9  15.91  7989400  15.91
2013-09-18  15.71  16.05  15.64  16.03  10683000  16.03
2013-09-17  15.77  15.82  15.69  15.72  10549000  15.72
2013-09-16  15.9  15.98  15.73  15.77  10413600  15.77
2013-09-13  15.76  15.84  15.58  15.73  7920600  15.73
2013-09-12  15.77  15.82  15.65  15.75  8891700  15.75
2013-09-11  15.81  15.85  15.58  15.75  11350700  15.75
2013-09-10  15.49  15.81  15.46  15.8  8639400  15.8
2013-09-09  15.36  15.45  15.29  15.42  10043300  15.42
2013-09-06  15.52  15.53  15.18  15.34  10748200  15.34
2013-09-05  15.45  15.52  15.34  15.5  9344700  15.5
2013-09-04  14.93  15.45  14.92  15.45  15005000  15.45
2013-09-03  15.03  15.12  14.82  14.94  8697700  14.94
2013-08-30  14.93  14.95  14.68  14.84  9689300  14.84
2013-08-29  14.75  14.98  14.73  14.97  12229800  14.97
2013-08-28  14.88  14.97  14.79  14.79  12505900  14.79
2013-08-27  15.13  15.15  14.85  14.9  10480900  14.9
2013-08-26  15.43  15.51  15.24  15.28  7602600  15.28
2013-08-23  15.57  15.58  15.37  15.45  7075900  15.45
2013-08-22  15.44  15.57  15.41  15.49  9568300  15.49
2013-08-21  15.33  15.56  15.27  15.38  11539300  15.38
2013-08-20  15.32  15.45  15.21  15.39  9276000  15.39
2013-08-19  15.23  15.41  15.07  15.28  16067100  15.28
2013-08-16  14.96  15.78  14.78  15.35  30578100  15.35
2013-08-15  15.15  15.32  15.01  15.05  11225700  15.05
2013-08-14  15.36  15.5  15.24  15.45  12888500  15.45
2013-08-13  15.48  15.51  15.15  15.45  7797600  15.45
2013-08-12  15.35  15.48  15.31  15.38  8656600  15.38
2013-08-09  15.29  15.42  15.2  15.4  10719500  15.4
2013-08-08  15.74  15.74  15.31  15.38  19917900  15.38
2013-08-07  15.79  15.88  15.6  15.61  11614700  15.61
2013-08-06  15.85  16.01  15.79  15.88  8928000  15.88
2013-08-05  15.9  16.06  15.77  15.82  8098300  15.82
2013-08-02  16.07  16.12  15.93  16.03  10730300  16.03
2013-08-01  16.16  16.35  16.09  16.2  10080400  16.2
2013-07-31  15.98  16.17  15.89  16.03  10145000  16.03
2013-07-30  15.91  16.17  15.86  15.98  10455500  15.98
2013-07-29  15.77  15.93  15.72  15.74  5858000  15.74
2013-07-26  15.69  15.85  15.64  15.85  6531300  15.85
2013-07-25  15.78  15.91  15.64  15.85  6567900  15.85
2013-07-24  16.05  16.15  15.77  15.82  8419600  15.82
2013-07-23  16.09  16.22  15.94  15.97  9116600  15.97
2013-07-22  16.41  16.41  15.98  16.06  8969400  16.06
2013-07-19  16.35  16.35  16.1  16.27  8097400  16.27
2013-07-18  16.35  16.41  16.12  16.27  10658200  16.27
2013-07-17  16.35  16.49  16.28  16.4  7863900  16.4
2013-07-16  16.26  16.42  16.21  16.29  8318800  16.29
2013-07-15  16.32  16.43  16.16  16.18  9482200  16.18
2013-07-12  16.17  16.37  16.14  16.37  10329400  16.37
2013-07-11  16.18  16.21  15.99  16.2  14302300  16.2
2013-07-10  15.32  16.18  15.32  16.01  30007600  16.01
2013-07-09  15.14  15.46  15.1  15.39  26328800  15.39
2013-07-08  15.09  15.14  14.77  14.87  10152800  14.87
2013-07-05  14.85  15.04  14.7  14.95  8382900  14.95
2013-07-03  14.49  14.79  14.42  14.74  5556600  14.74
2013-07-02  14.52  14.73  14.42  14.56  9789100  14.56
2013-07-01  14.8  14.91  14.53  14.56  8993800  14.56
2013-06-28  14.61  14.73  14.37  14.66  25016600  14.66
2013-06-27  14.87  14.88  14.62  14.65  9374800  14.65
2013-06-26  15.1  15.15  14.66  14.71  18520800  14.71
2013-06-25  14.83  15.05  14.75  15.0  12763100  15.0
2013-06-24  14.7  14.8  14.55  14.72  14138800  14.72
2013-06-21  14.81  14.93  14.54  14.82  22344300  14.82
2013-06-20  15.24  15.26  14.76  14.81  18635500  14.81
2013-06-19  15.69  15.76  15.38  15.42  19500400  15.42
2013-06-18  15.49  15.81  15.49  15.69  13865400  15.69
2013-06-17  15.28  15.62  15.28  15.5  13251000  15.5
2013-06-14  15.35  15.47  15.11  15.14  10417700  15.14
2013-06-13  15.03  15.34  14.98  15.33  11424400  15.33
2013-06-12  15.33  15.53  14.89  14.98  24026500  14.98
2013-06-11  15.07  15.17  14.9  14.92  8689400  14.92
2013-06-10  15.23  15.33  15.1  15.19  9489600  15.19
2013-06-07  14.77  15.25  14.75  15.22  12485500  15.22
2013-06-06  14.94  14.97  14.62  14.69  16828700  14.69
2013-06-05  15.24  15.26  14.85  14.88  16748800  14.88
2013-06-04  15.18  15.37  15.13  15.27  19216700  15.27
2013-06-03  14.94  15.23  14.93  15.16  21290400  15.16
2013-05-31  14.9  15.12  14.89  14.93  22089500  14.93
2013-05-30  14.59  15.16  14.58  14.98  19744900  14.98
2013-05-29  14.52  14.68  14.46  14.54  12546100  14.54
2013-05-28  14.4  14.65  14.36  14.61  12792800  14.61
2013-05-24  14.25  14.35  14.21  14.25  10009200  14.25
2013-05-23  14.17  14.37  14.08  14.34  15548800  14.34
2013-05-22  14.41  14.64  14.2  14.29  10787500  14.29
2013-05-21  14.57  14.65  14.4  14.41  13243200  14.41
2013-05-20  14.54  14.67  14.48  14.55  9654300  14.55
2013-05-17  14.21  14.6  14.09  14.6  22522900  14.6
2013-05-16  14.49  14.57  13.98  14.31  22150900  14.31
2013-05-15  14.41  14.64  14.33  14.44  15612700  14.44
2013-05-14  14.59  14.63  14.37  14.43  16563900  14.43
2013-05-13  14.56  14.59  14.33  14.34  8557300  14.34
2013-05-10  14.49  14.62  14.49  14.61  6112100  14.61
2013-05-09  14.5  14.64  14.46  14.56  9214100  14.56
2013-05-08  14.34  14.62  14.21  14.49  14143900  14.49
2013-05-07  14.48  14.49  14.34  14.36  8008900  14.36
2013-05-06  14.48  14.56  14.35  14.45  8393500  14.45
2013-05-03  14.53  14.81  14.43  14.47  15303800  14.47
2013-05-02  14.12  14.44  14.06  14.43  14534600  14.43
2013-05-01  14.15  14.39  14.09  14.12  13788200  14.12
2013-04-30  14.02  14.16  13.95  14.16  10094900  14.16
2013-04-29  13.81  14.09  13.73  14.05  16446800  14.05
2013-04-26  13.58  13.88  13.47  13.8  17233900  13.8
2013-04-25  13.41  13.86  13.34  13.81  20829700  13.81
2013-04-24  13.09  13.33  13.07  13.3  10010100  13.3
2013-04-23  12.87  13.17  12.83  13.11  10313800  13.11
2013-04-22  12.62  12.83  12.54  12.76  11135400  12.76
2013-04-19  12.52  12.71  12.35  12.62  12634800  12.62
2013-04-18  12.85  12.91  12.58  12.61  13911400  12.61
2013-04-17  12.95  13.11  12.69  12.74  16516400  12.74
2013-04-16  13.05  13.18  13.02  13.14  10697100  13.14
2013-04-15  13.17  13.32  12.91  12.99  16472400  12.99
2013-04-12  13.44  13.46  13.18  13.3  6933300  13.3
2013-04-11  13.4  13.64  13.37  13.47  11024700  13.47
2013-04-10  12.98  13.5  12.95  13.48  15002400  13.48
2013-04-09  13.02  13.16  12.88  12.98  13917200  12.98
2013-04-08  12.86  13.1  12.65  13.06  15210500  13.06
2013-04-05  12.7  12.9  12.6  12.88  10349000  12.88
2013-04-04  12.78  12.92  12.71  12.9  7399800  12.9
2013-04-03  12.92  12.92  12.7  12.83  14428100  12.83
2013-04-02  13.13  13.13  12.87  12.92  8535600  12.92
2013-04-01  13.16  13.17  12.95  13.04  11026400  13.04
2013-03-28  13.09  13.21  13.0  13.15  11878200  13.15
2013-03-27  12.98  13.1  12.78  13.09  10585500  13.09
2013-03-26  13.08  13.17  13.0  13.08  10751100  13.08
2013-03-25  13.05  13.08  12.91  13.0  10630700  13.0
2013-03-22  12.69  12.96  12.69  12.94  13933500  12.94
2013-03-21  12.79  12.82  12.61  12.65  10005400  12.65
2013-03-20  12.71  12.9  12.62  12.86  12832900  12.86
2013-03-19  12.74  12.78  12.49  12.65  18027200  12.65
2013-03-18  12.82  12.89  12.69  12.74  9798200  12.74
2013-03-15  13.27  13.38  12.94  12.99  17885900  12.99
2013-03-14  13.3  13.43  13.3  13.35  7978700  13.35
2013-03-13  13.12  13.32  13.02  13.3  10364600  13.3
2013-03-12  13.13  13.23  13.02  13.08  8362800  13.08
2013-03-11  13.15  13.23  13.11  13.19  7355400  13.19
2013-03-08  13.31  13.34  13.07  13.21  11335000  13.21
2013-03-07  13.32  13.44  13.12  13.22  15011300  13.22
2013-03-06  13.47  13.54  13.32  13.34  11513200  13.34
2013-03-05  13.32  13.45  13.29  13.41  9723400  13.41
2013-03-04  13.23  13.27  13.1  13.24  8107000  13.24
2013-03-01  13.25  13.35  13.07  13.26  12821000  13.26
2013-02-28  13.41  13.53  13.34  13.38  13483900  13.38
2013-02-27  13.27  13.5  13.22  13.41  15463200  13.41
2013-02-26  13.17  13.34  13.05  13.3  22783500  13.3
2013-02-25  13.34  13.47  12.9  12.91  15608600  12.91
2013-02-22  13.01  13.27  12.98  13.24  9134300  13.24
2013-02-21  13.18  13.19  12.77  12.93  17873600  12.93
2013-02-20  13.56  13.57  13.23  13.26  13893400  13.26
2013-02-19  13.37  13.61  13.34  13.55  10944100  13.55
2013-02-15  13.5  13.57  13.3  13.41  10918200  13.41
2013-02-14  13.44  13.57  13.24  13.47  20125200  13.47
2013-02-13  13.35  13.37  13.2  13.35  11664800  13.35
2013-02-12  13.25  13.27  13.06  13.24  11712600  13.24
2013-02-11  13.14  13.33  13.07  13.24  13240600  13.24
2013-02-08  13.01  13.27  12.96  13.2  16950500  13.2
2013-02-07  12.99  13.01  12.72  12.9  14791600  12.9
2013-02-06  12.91  13.03  12.84  12.99  14286200  12.99
2013-02-05  12.66  13.04  12.64  13.01  23279300  13.01
2013-02-04  12.62  12.87  12.59  12.6  13451900  12.6
2013-02-01  12.54  12.79  12.48  12.77  17042500  12.77
2013-01-31  12.46  12.59  12.41  12.52  9730300  12.52
2013-01-30  12.37  12.55  12.34  12.47  10831500  12.47
2013-01-29  12.5  12.51  12.34  12.41  9317300  12.41
2013-01-28  12.48  12.65  12.43  12.57  11216100  12.57
2013-01-25  12.37  12.59  12.35  12.44  18953100  12.44
2013-01-24  12.32  12.4  12.19  12.22  10370800  12.22
2013-01-23  12.35  12.35  12.2  12.31  11479900  12.31
2013-01-22  12.2  12.34  12.16  12.32  14624600  12.32
2013-01-18  12.11  12.49  12.03  12.26  48524600  12.26
2013-01-17  11.58  12.07  11.57  12.02  27137200  12.02
2013-01-16  11.39  11.69  11.35  11.57  15492500  11.57
2013-01-15  11.36  11.46  11.25  11.41  10354600  11.41
2013-01-14  11.31  11.43  11.23  11.39  7886000  11.39
2013-01-11  11.31  11.38  11.27  11.35  8091600  11.35
2013-01-10  11.37  11.49  11.27  11.29  10049100  11.29
2013-01-09  11.16  11.36  11.14  11.32  11170300  11.32
2013-01-08  11.23  11.3  11.13  11.16  8260500  11.16
2013-01-07  11.12  11.35  11.04  11.31  14497900  11.31
2013-01-04  11.46  11.51  11.35  11.45  7446400  11.45
2013-01-03  11.48  11.54  11.34  11.45  8741500  11.45
2013-01-02  11.29  11.48  11.26  11.48  12963700  11.48
2012-12-31  10.91  11.09  10.86  11.09  9255000  11.09
2012-12-28  10.91  11.04  10.88  10.92  10012200  10.92
2012-12-27  11.02  11.1  10.84  11.0  11111400  11.0
2012-12-26  11.02  11.1  10.95  11.04  8168900  11.04
2012-12-24  11.04  11.14  10.95  11.02  5279500  11.02
2012-12-21  10.86  11.15  10.68  11.15  31340200  11.15
2012-12-20  10.99  11.04  10.86  11.03  9755900  11.03
2012-12-19  10.89  11.03  10.87  10.99  11180100  10.99
2012-12-18  10.75  10.91  10.68  10.84  10522600  10.84
2012-12-17  10.75  10.83  10.65  10.77  9299300  10.77
2012-12-14  10.69  10.84  10.67  10.74  7604500  10.74
2012-12-13  10.8  10.88  10.61  10.77  14793200  10.77
2012-12-12  10.77  10.91  10.74  10.75  11821900  10.75
2012-12-11  10.76  10.86  10.72  10.74  10379400  10.74
2012-12-10  10.58  10.79  10.57  10.71  9550300  10.71
2012-12-07  10.6  10.65  10.5  10.64  8275000  10.64
2012-12-06  10.47  10.56  10.41  10.56  8415100  10.56
2012-12-05  10.54  10.6  10.44  10.47  10727000  10.47
2012-12-04  10.37  10.56  10.31  10.55  12033400  10.55
2012-12-03  10.46  10.52  10.33  10.34  9273100  10.34
2012-11-30  10.41  10.47  10.37  10.4  13237800  10.4
2012-11-29  10.33  10.47  10.32  10.41  9554700  10.41
2012-11-28  10.02  10.3  9.93  10.28  11383300  10.28
2012-11-27  10.08  10.18  10.04  10.04  9574000  10.04
2012-11-26  10.03  10.24  10.02  10.15  9730500  10.15
2012-11-23  10.12  10.23  10.03  10.08  6927300  10.08
2012-11-21  10.03  10.18  9.97  10.11  8699700  10.11
2012-11-20  10.0  10.07  9.92  10.07  10707600  10.07
2012-11-19  9.85  10.11  9.81  10.04  15542400  10.04
2012-11-16  10.0  10.02  9.65  9.84  24263200  9.84
2012-11-15  10.07  10.15  9.93  9.99  15464800  9.99
2012-11-14  10.24  10.24  10.0  10.04  13551300  10.04
2012-11-13  10.23  10.33  10.11  10.16  11151100  10.16
2012-11-12  10.37  10.44  10.29  10.31  8005400  10.31
2012-11-09  10.2  10.48  10.19  10.35  11434100  10.35
2012-11-08  10.59  10.65  10.18  10.18  23188100  10.18
2012-11-07  10.96  10.96  10.57  10.62  17878700  10.62
2012-11-06  10.77  11.16  10.73  11.11  17001000  11.11
2012-11-05  10.38  10.8  10.38  10.75  11931800  10.75
2012-11-02  10.62  10.64  10.41  10.48  13419900  10.48
2012-11-01  10.31  10.72  10.27  10.62  21400100  10.62
2012-10-31  10.33  10.4  10.22  10.28  12630000  10.28
2012-10-26  10.39  10.45  10.28  10.33  15165300  10.33
2012-10-25  10.42  10.51  10.3  10.35  16366900  10.35
2012-10-24  10.56  10.57  10.34  10.36  11885900  10.36
2012-10-23  10.42  10.52  10.3  10.47  12121300  10.47
2012-10-22  10.48  10.61  10.45  10.53  12093800  10.53
2012-10-19  10.87  10.87  10.45  10.51  17085000  10.51
2012-10-18  10.8  10.89  10.76  10.85  13693700  10.85
2012-10-17  10.78  10.88  10.75  10.82  14302500  10.82
2012-10-16  10.66  10.95  10.64  10.86  13193100  10.86
2012-10-15  10.58  10.66  10.52  10.63  12561700  10.63
2012-10-12  10.59  10.7  10.54  10.57  10173300  10.57
2012-10-11  10.67  10.72  10.58  10.62  8278600  10.62
2012-10-10  10.6  10.7  10.53  10.57  12980000  10.57
2012-10-09  10.66  10.68  10.52  10.57  11723900  10.57
2012-10-08  10.74  10.74  10.63  10.67  9569500  10.67
2012-10-05  10.79  10.92  10.76  10.79  9167300  10.79
2012-10-04  10.84  10.85  10.68  10.76  17241000  10.76
2012-10-03  10.86  10.91  10.78  10.82  10492000  10.82
2012-10-02  10.85  10.88  10.72  10.83  11260500  10.83
2012-10-01  10.84  10.97  10.74  10.79  10458700  10.79
2012-09-28  10.88  10.92  10.75  10.83  13132400  10.83
2012-09-27  10.84  11.03  10.76  10.95  10122900  10.95
2012-09-26  10.83  10.86  10.64  10.8  10778700  10.8
2012-09-25  11.09  11.09  10.79  10.81  11539400  10.81
2012-09-24  11.08  11.08  10.96  11.01  8301500  11.01
2012-09-21  11.14  11.22  11.04  11.1  17086100  11.1
2012-09-20  11.09  11.12  10.96  11.09  10002200  11.09
2012-09-19  11.14  11.21  11.01  11.15  17402700  11.15
2012-09-18  11.53  11.54  11.3  11.35  14625500  11.35
2012-09-17  11.66  11.67  11.49  11.58  10783000  11.58
2012-09-14  11.49  11.7  11.44  11.68  23667800  11.68
2012-09-13  11.23  11.5  11.16  11.49  14894900  11.49
2012-09-12  11.33  11.39  11.22  11.25  11643000  11.25
2012-09-11  11.32  11.42  11.22  11.3  12645100  11.3
2012-09-10  11.49  11.5  11.31  11.33  13561700  11.33
2012-09-07  11.34  11.5  11.29  11.5  16147200  11.5
2012-09-06  11.4  11.59  11.39  11.55  19311500  11.55
2012-09-05  11.44  11.52  11.3  11.36  12779000  11.36
2012-09-04  11.29  11.46  11.21  11.38  17396300  11.38
2012-08-31  11.22  11.41  11.19  11.33  10945800  11.33
2012-08-30  11.26  11.28  11.1  11.12  9928500  11.12
2012-08-29  11.27  11.4  11.17  11.34  9637800  11.34
2012-08-28  11.22  11.36  11.18  11.28  12072100  11.28
2012-08-27  11.43  11.44  11.24  11.27  12800000  11.27
2012-08-24  11.37  11.44  11.3  11.41  10976200  11.41
2012-08-23  11.4  11.49  11.32  11.44  10745700  11.44
2012-08-22  11.44  11.53  11.36  11.42  13170500  11.42
2012-08-21  11.53  11.62  11.37  11.42  12443400  11.42
2012-08-20  11.51  11.57  11.43  11.52  11226300  11.52
2012-08-17  11.53  11.55  11.38  11.55  11957400  11.55
2012-08-16  10.91  11.6  10.88  11.53  25910800  11.53
2012-08-15  11.28  11.46  11.27  11.35  9283700  11.35
2012-08-14  11.45  11.5  11.24  11.27  9029500  11.27
2012-08-13  11.46  11.49  11.31  11.36  8571800  11.36
2012-08-10  11.43  11.52  11.36  11.5  7784100  11.5
2012-08-09  11.45  11.55  11.4  11.44  11797900  11.44
2012-08-08  11.32  11.51  11.27  11.47  8952800  11.47
2012-08-07  11.15  11.44  11.02  11.42  20459500  11.42
2012-08-06  10.86  11.03  10.82  10.85  11821100  10.85
2012-08-03  10.66  10.83  10.59  10.8  8498200  10.8
2012-08-02  10.38  10.68  10.32  10.51  11871300  10.51
2012-08-01  10.53  10.57  10.38  10.51  10289000  10.51
2012-07-31  10.44  10.6  10.43  10.48  9428900  10.48
2012-07-30  10.54  10.58  10.36  10.41  12880700  10.41
2012-07-27  10.32  10.53  10.21  10.49  10893100  10.49
2012-07-26  10.3  10.38  10.11  10.24  11533600  10.24
2012-07-25  10.01  10.25  9.98  10.07  15145300  10.07
2012-07-24  10.07  10.11  9.87  9.99  10328000  9.99
2012-07-23  9.93  10.15  9.83  10.09  10927400  10.09
2012-07-20  10.27  10.32  10.06  10.11  11763300  10.11
2012-07-19  10.29  10.43  10.17  10.3  12960400  10.3
2012-07-18  9.95  10.29  9.95  10.28  11226900  10.28
2012-07-17  10.03  10.08  9.87  10.0  10582700  10.0
2012-07-16  10.09  10.09  9.92  9.99  7929100  9.99
2012-07-13  9.97  10.12  9.95  10.08  10460600  10.08
2012-07-12  10.08  10.11  9.9  9.98  14315400  9.98
2012-07-11  10.25  10.3  10.11  10.17  10875300  10.17
2012-07-10  10.12  10.52  10.01  10.31  23012000  10.31
2012-07-09  10.63  10.69  10.51  10.59  9766200  10.59
2012-07-06  10.83  10.83  10.54  10.62  12733200  10.62
2012-07-05  10.98  11.05  10.82  10.89  11933600  10.89
2012-07-03  10.83  11.04  10.81  11.04  4511800  11.04
2012-07-02  11.0  11.01  10.78  10.85  8925400  10.85
2012-06-29  10.88  11.04  10.84  11.02  11453600  11.02
2012-06-28  10.6  10.69  10.51  10.67  10423200  10.67
2012-06-27  10.62  10.78  10.58  10.71  8149000  10.71
2012-06-26  10.53  10.65  10.5  10.58  11751600  10.58
2012-06-25  10.7  10.71  10.49  10.53  13901500  10.53
2012-06-22  10.82  10.9  10.72  10.82  23737900  10.82
2012-06-21  11.08  11.26  10.71  10.75  18374000  10.75
2012-06-20  11.02  11.15  10.95  11.11  23143600  11.11
2012-06-19  10.64  10.83  10.59  10.76  11712400  10.76
2012-06-18  10.52  10.64  10.49  10.58  11441900  10.58
2012-06-15  10.43  10.61  10.27  10.58  18900800  10.58
2012-06-14  10.37  10.43  10.24  10.37  13373400  10.37
2012-06-13  10.38  10.52  10.31  10.35  12389100  10.35
2012-06-12  10.21  10.44  10.18  10.42  13340100  10.42
2012-06-11  10.49  10.49  10.18  10.19  11645800  10.19
2012-06-08  10.19  10.39  10.16  10.35  11764600  10.35
2012-06-07  10.36  10.39  10.17  10.21  17349300  10.21
2012-06-06  10.0  10.27  10.0  10.25  16207700  10.25
2012-06-05  9.68  9.93  9.68  9.9  16388200  9.9
2012-06-04  9.7  9.78  9.61  9.72  14961500  9.72
2012-06-01  9.8  9.88  9.59  9.63  28393400  9.63
2012-05-31  10.06  10.07  9.87  9.94  21572400  9.94
2012-05-30  10.2  10.27  10.05  10.07  19425900  10.07
2012-05-29  10.24  10.37  10.18  10.31  13307500  10.31
2012-05-25  10.01  10.23  10.01  10.14  10078200  10.14
2012-05-24  10.26  10.3  9.87  9.99  20934100  9.99
2012-05-23  10.19  10.32  10.02  10.27  16400000  10.27
2012-05-22  10.13  10.27  9.91  10.14  14803000  10.14
2012-05-21  9.88  10.2  9.88  10.17  17115800  10.17
2012-05-18  9.98  10.18  9.87  9.88  16363200  9.88
2012-05-17  10.18  10.25  10.0  10.0  14533300  10.0
2012-05-16  10.32  10.4  10.16  10.17  12209000  10.17
2012-05-15  10.38  10.52  10.28  10.31  12692300  10.31
2012-05-14  10.41  10.54  10.35  10.45  8960900  10.45
2012-05-11  10.54  10.64  10.47  10.48  15742100  10.48
2012-05-10  10.63  10.71  10.48  10.55  16032300  10.55
2012-05-09  10.5  10.65  10.4  10.57  12048100  10.57
2012-05-08  10.58  10.7  10.46  10.65  13724200  10.65
2012-05-07  10.67  10.74  10.6  10.68  12523100  10.68
2012-05-04  10.97  10.97  10.71  10.76  13761300  10.76
2012-05-03  11.26  11.28  10.98  11.0  11657600  11.0
2012-05-02  11.29  11.3  11.18  11.27  10064100  11.27
2012-05-01  11.46  11.51  11.31  11.32  10757600  11.32
2012-04-30  11.44  11.54  11.41  11.44  8445900  11.44
2012-04-27  11.39  11.5  11.34  11.48  10774600  11.48
2012-04-26  11.13  11.46  11.11  11.39  11964000  11.39
2012-04-25  11.03  11.16  11.01  11.11  8851600  11.11
2012-04-24  11.06  11.11  10.93  10.96  10858100  10.96
2012-04-23  11.08  11.1  10.95  11.05  12516400  11.05
2012-04-20  11.36  11.44  11.23  11.23  10119900  11.23
2012-04-19  11.31  11.5  11.28  11.33  9807600  11.33
2012-04-18  11.43  11.43  11.27  11.31  11011300  11.31
2012-04-17  11.37  11.58  11.35  11.48  10386800  11.48
2012-04-16  11.3  11.39  11.18  11.32  9891600  11.32
2012-04-13  11.44  11.53  11.25  11.26  9016900  11.26
2012-04-12  11.38  11.6  11.32  11.52  8476700  11.52
2012-04-11  11.28  11.45  11.26  11.37  10200400  11.37
2012-04-10  11.26  11.39  11.15  11.21  13862800  11.21
2012-04-09  11.32  11.4  11.25  11.32  13325200  11.32
2012-04-05  11.49  11.6  11.45  11.48  11857900  11.48
2012-04-04  11.55  11.66  11.45  11.51  15856500  11.51
2012-04-03  11.83  11.96  11.66  11.68  15238900  11.68
2012-04-02  11.88  11.98  11.79  11.93  12480900  11.93
2012-03-30  12.0  12.0  11.84  11.88  11287800  11.88
2012-03-29  11.8  11.93  11.71  11.91  12771100  11.91
2012-03-28  12.19  12.21  11.74  11.89  22290600  11.89
2012-03-27  12.35  12.39  12.22  12.23  13512700  12.23
2012-03-26  12.22  12.41  12.2  12.37  12781600  12.37
2012-03-23  12.07  12.15  11.97  12.11  11338500  12.11
2012-03-22  12.09  12.13  11.89  12.07  14910200  12.07
2012-03-21  12.12  12.3  12.07  12.14  9747200  12.14
2012-03-20  12.16  12.25  12.09  12.13  12306700  12.13
2012-03-19  12.21  12.34  12.16  12.24  9365900  12.24
2012-03-16  12.16  12.33  12.13  12.23  16898800  12.23
2012-03-15  12.01  12.29  12.0  12.2  11979400  12.2
2012-03-14  11.93  12.07  11.91  11.96  13491900  11.96
2012-03-13  11.92  12.0  11.83  11.93  14960600  11.93
2012-03-12  11.79  11.85  11.67  11.81  10280600  11.81
2012-03-09  11.62  11.84  11.54  11.8  10748200  11.8
2012-03-08  11.63  11.73  11.53  11.63  15581100  11.63
2012-03-07  11.48  11.66  11.47  11.55  14878600  11.55
2012-03-06  11.38  11.64  11.38  11.46  19251600  11.46
2012-03-05  11.59  11.62  11.38  11.48  18739500  11.48
2012-03-02  11.66  11.83  11.57  11.66  21939400  11.66
2012-03-01  11.74  11.8  11.6  11.68  15312000  11.68
2012-02-29  11.97  11.99  11.65  11.69  22131000  11.69
2012-02-28  11.93  12.14  11.9  11.98  15675900  11.98
2012-02-27  11.98  12.14  11.91  11.96  15746300  11.96
2012-02-24  12.15  12.24  12.02  12.05  10255800  12.05
2012-02-23  12.3  12.33  11.95  12.16  17934100  12.16
2012-02-22  12.12  12.35  12.12  12.31  22623800  12.31
2012-02-21  12.42  12.43  12.03  12.13  21443600  12.13
2012-02-17  13.15  13.22  12.3  12.32  33947400  12.32
2012-02-16  12.27  12.55  12.26  12.53  14152400  12.53
2012-02-15  12.22  12.42  12.17  12.23  11299100  12.23
2012-02-14  12.28  12.31  12.03  12.2  14889400  12.2
2012-02-13  12.36  12.45  12.14  12.26  9921500  12.26
2012-02-10  12.3  12.43  12.2  12.28  10442200  12.28
2012-02-09  12.33  12.45  12.25  12.43  11423100  12.43
2012-02-08  12.05  12.42  12.05  12.33  17888500  12.33
2012-02-07  11.98  12.14  11.9  12.08  8784200  12.08
2012-02-06  12.08  12.09  11.81  11.96  14348600  11.96
2012-02-03  12.15  12.22  12.05  12.13  11047500  12.13
2012-02-02  11.9  12.1  11.9  11.99  11213100  11.99
2012-02-01  11.8  12.01  11.71  11.92  14686300  11.92
2012-01-31  11.55  11.7  11.48  11.64  15032300  11.64
2012-01-30  11.47  11.53  11.36  11.44  15915900  11.44
2012-01-27  11.76  11.88  11.55  11.6  18987000  11.6
2012-01-26  11.79  11.99  11.66  11.76  14769800  11.76
2012-01-25  11.68  11.8  11.55  11.72  10739400  11.72
2012-01-24  11.58  11.76  11.49  11.67  8317700  11.67
2012-01-23  11.79  11.83  11.5  11.59  18802500  11.59
2012-01-20  11.74  11.9  11.67  11.82  19713500  11.82
2012-01-19  11.56  11.77  11.52  11.67  15466900  11.67
2012-01-18  11.27  11.55  11.22  11.49  20271300  11.49
2012-01-17  11.19  11.29  11.12  11.17  23935200  11.17
2012-01-13  11.15  11.17  10.86  10.91  14415800  10.91
2012-01-12  11.2  11.24  11.03  11.19  12567800  11.19
2012-01-11  11.0  11.26  10.94  11.1  14683200  11.1
2012-01-10  10.88  11.1  10.85  11.0  25222500  11.0
2012-01-09  10.5  10.78  10.45  10.75  22287700  10.75
2012-01-06  10.29  10.46  10.17  10.44  16178200  10.44
2012-01-05  10.17  10.28  10.09  10.27  13992700  10.27
2012-01-04  10.15  10.2  10.06  10.2  10571600  10.2
2012-01-03  10.37  10.41  10.13  10.15  10935600  10.15
2011-12-30  10.17  10.28  10.15  10.16  6529300  10.16
2011-12-29  10.15  10.23  10.07  10.13  8106000  10.13
2011-12-28  10.3  10.34  10.04  10.07  9531200  10.07
2011-12-27  10.2  10.38  10.19  10.27  8893100  10.27
2011-12-23  9.99  10.26  9.99  10.26  12538000  10.26
2011-12-22  9.72  10.03  9.72  9.99  20375300  9.99
2011-12-21  9.88  9.91  9.64  9.67  23424500  9.67
2011-12-20  9.78  10.08  9.78  9.88  28154100  9.88
2011-12-19  9.8  9.96  9.6  9.61  11819000  9.61
2011-12-16  9.76  9.97  9.71  9.8  17622000  9.8
2011-12-15  9.95  9.97  9.65  9.66  17333200  9.66
2011-12-14  9.95  9.99  9.79  9.8  14920900  9.8
2011-12-13  10.03  10.11  9.89  9.96  26733000  9.96
2011-12-12  10.45  10.47  9.93  9.98  21755000  9.98
2011-12-09  10.36  10.7  10.24  10.62  11978000  10.62
2011-12-08  10.63  10.71  10.34  10.35  14242600  10.35
2011-12-07  10.55  10.76  10.38  10.67  16954300  10.67
2011-12-06  10.49  10.6  10.43  10.52  11736600  10.52
2011-12-05  10.44  10.51  10.3  10.42  13699700  10.42
2011-12-02  10.34  10.51  10.24  10.27  15135100  10.27
2011-12-01  10.17  10.28  10.02  10.21  14450100  10.21
2011-11-30  9.95  10.24  9.9  10.22  24240100  10.22
2011-11-29  9.89  9.92  9.68  9.72  17752500  9.72
2011-11-28  9.94  10.06  9.77  9.86  17515700  9.86
2011-11-25  9.69  9.89  9.63  9.63  8492400  9.63
2011-11-23  9.94  9.95  9.64  9.68  18230900  9.68
2011-11-22  10.27  10.37  9.97  10.02  19257000  10.02
2011-11-21  10.46  10.53  10.24  10.33  16919800  10.33
2011-11-18  10.8  10.84  10.48  10.57  16189100  10.57
2011-11-17  11.33  11.44  10.66  10.86  28977700  10.86
2011-11-16  11.67  12.0  11.66  11.74  16320500  11.74
2011-11-15  11.57  11.98  11.52  11.9  11726600  11.9
2011-11-14  11.94  12.05  11.71  11.81  10406500  11.81
2011-11-11  11.7  12.06  11.61  11.99  12230000  11.99
2011-11-10  11.54  11.66  11.36  11.53  11544200  11.53
2011-11-09  11.67  11.67  11.39  11.43  16894700  11.43
2011-11-08  11.77  11.91  11.67  11.9  11854400  11.9
2011-11-07  11.63  11.72  11.47  11.68  10733000  11.68
2011-11-04  11.59  11.79  11.45  11.69  9429700  11.69
2011-11-03  11.41  11.7  11.21  11.64  13353300  11.64
2011-11-02  11.3  11.43  11.21  11.34  12590100  11.34
2011-11-01  11.3  11.41  11.18  11.22  16066500  11.22
2011-10-31  11.77  11.88  11.6  11.6  13697300  11.6
2011-10-28  11.74  11.88  11.58  11.88  12205200  11.88
2011-10-27  11.34  11.87  11.34  11.81  18205600  11.81
2011-10-26  11.2  11.3  10.93  11.15  12536800  11.15
2011-10-25  11.05  11.3  11.05  11.07  11800100  11.07
2011-10-24  11.08  11.29  11.05  11.23  11536500  11.23
2011-10-21  10.76  11.15  10.76  11.01  15549100  11.01
2011-10-20  10.77  10.8  10.37  10.67  12727000  10.67
2011-10-19  10.99  11.05  10.77  10.81  10954200  10.81
2011-10-18  10.9  11.02  10.61  10.98  17781300  10.98
2011-10-17  10.85  10.88  10.66  10.72  16922600  10.72
2011-10-14  11.0  11.0  10.69  10.92  13781000  10.92
2011-10-13  10.62  10.95  10.55  10.9  18025000  10.9
2011-10-12  10.44  10.73  10.41  10.64  16696400  10.64
2011-10-11  10.36  10.43  10.24  10.34  11952700  10.34
2011-10-10  10.28  10.46  10.21  10.37  13178400  10.37
2011-10-07  10.18  10.31  9.98  10.08  16191300  10.08
2011-10-06  10.03  10.19  9.84  10.12  18381800  10.12
2011-10-05  9.66  9.98  9.49  9.97  16704500  9.97
2011-10-04  9.13  9.67  9.13  9.67  23364700  9.67
2011-10-03  9.67  9.81  9.27  9.27  24505000  9.27
2011-09-30  9.92  10.03  9.74  9.75  18089800  9.75
2011-09-29  10.15  10.18  9.79  10.0  25321100  10.0
2011-09-28  10.23  10.29  9.93  9.99  19060600  9.99
2011-09-27  9.96  10.46  9.89  10.16  25223100  10.16
2011-09-26  10.02  10.05  9.6  9.77  25063600  9.77
2011-09-23  9.66  10.15  9.59  9.97  17181000  9.97
2011-09-22  10.02  10.04  9.61  9.75  25528200  9.75
2011-09-21  10.5  10.6  10.22  10.22  17630200  10.22
2011-09-20  10.56  10.8  10.45  10.48  13160600  10.48
2011-09-19  10.54  10.64  10.45  10.57  13675400  10.57
2011-09-16  11.0  11.1  10.82  10.89  17112700  10.89
2011-09-15  10.94  11.03  10.79  10.99  20687600  10.99
2011-09-14  10.42  10.71  10.36  10.59  24538400  10.59
2011-09-13  10.3  10.43  10.27  10.38  22218100  10.38
2011-09-12  10.01  10.23  9.99  10.22  17445000  10.22
2011-09-09  10.06  10.46  10.04  10.1  18458800  10.1
2011-09-08  10.38  10.59  10.2  10.22  17079600  10.22
2011-09-07  10.23  10.44  10.22  10.44  18919300  10.44
2011-09-06  9.97  10.09  9.89  10.05  16793000  10.05
2011-09-02  10.26  10.32  10.17  10.21  11990900  10.21
2011-09-01  10.71  10.76  10.41  10.41  12294800  10.41
2011-08-31  10.85  10.95  10.61  10.66  14787800  10.66
2011-08-30  10.64  10.83  10.57  10.75  14408300  10.75
2011-08-29  10.46  10.74  10.44  10.72  11015100  10.72
2011-08-26  10.05  10.35  9.93  10.34  15078000  10.34
2011-08-25  10.13  10.36  10.09  10.1  21521400  10.1
2011-08-24  10.65  10.69  10.35  10.62  16652700  10.62
2011-08-23  10.1  10.69  10.09  10.69  16136100  10.69
2011-08-22  10.29  10.4  10.1  10.15  13481900  10.15
2011-08-19  10.16  10.45  10.09  10.11  16116600  10.11
2011-08-18  10.54  10.56  10.17  10.27  17854900  10.27
2011-08-17  10.94  11.17  10.75  10.86  10676700  10.86
2011-08-16  10.97  11.1  10.77  10.92  13342400  10.92
2011-08-15  10.87  11.09  10.82  11.09  10950200  11.09
2011-08-12  10.98  11.17  10.78  10.84  16471100  10.84
2011-08-11  10.57  11.09  10.49  10.95  30026000  10.95
2011-08-10  10.54  10.83  10.37  10.52  34632000  10.52
2011-08-09  10.47  10.71  10.14  10.69  34263800  10.69
2011-08-08  10.41  10.75  10.3  10.37  34939400  10.37
2011-08-05  10.88  11.15  10.37  10.69  31988000  10.69
2011-08-04  11.23  11.23  10.73  10.73  29740000  10.73
2011-08-03  11.29  11.44  11.1  11.41  19515900  11.41
2011-08-02  11.39  11.45  11.23  11.29  18050400  11.29
2011-08-01  11.68  11.77  11.32  11.52  16794300  11.52
2011-07-29  11.58  11.74  11.45  11.52  20689500  11.52
2011-07-28  11.79  11.89  11.57  11.67  15867400  11.67
2011-07-27  12.12  12.14  11.77  11.81  21146800  11.81
2011-07-26  12.29  12.4  12.2  12.24  10203000  12.24
2011-07-25  12.15  12.33  12.07  12.24  12042600  12.24
2011-07-22  12.11  12.35  12.05  12.29  17464100  12.29
2011-07-21  11.82  12.15  11.76  12.09  14268700  12.09
2011-07-20  11.87  11.95  11.75  11.86  13474600  11.86
2011-07-19  11.58  11.89  11.58  11.83  13042400  11.83
2011-07-18  11.56  11.72  11.43  11.5  20060700  11.5
2011-07-15  11.46  11.68  11.39  11.64  20020800  11.64
2011-07-14  11.64  11.82  11.44  11.47  23025700  11.47
2011-07-13  11.89  11.9  11.6  11.63  21473000  11.63
2011-07-12  12.03  12.03  11.7  11.81  28255900  11.81
2011-07-11  12.17  12.57  12.07  12.13  19567300  12.13
2011-07-08  12.35  12.44  12.15  12.24  14697400  12.24
2011-07-07  12.28  12.63  12.27  12.56  16123800  12.56
2011-07-06  12.2  12.23  11.99  12.19  13686000  12.19
2011-07-05  12.43  12.44  12.16  12.24  12813000  12.24
2011-07-01  12.16  12.44  12.04  12.42  11675100  12.42
2011-06-30  11.9  12.23  11.88  12.16  18352500  12.16
2011-06-29  11.9  11.96  11.77  11.84  13868400  11.84
2011-06-28  11.86  11.9  11.7  11.88  12299900  11.88
2011-06-27  11.59  11.91  11.51  11.83  17841100  11.83
2011-06-24  11.88  11.93  11.58  11.59  34190200  11.59
2011-06-23  11.63  11.96  11.53  11.93  17001400  11.93
2011-06-22  11.78  11.92  11.76  11.76  9896800  11.76
2011-06-21  11.64  11.92  11.59  11.85  12415400  11.85
2011-06-20  11.59  11.75  11.54  11.61  15531500  11.61
2011-06-17  11.78  11.8  11.46  11.6  15527900  11.6
2011-06-16  11.75  11.8  11.56  11.66  15158000  11.66
2011-06-15  11.76  11.94  11.68  11.75  16768900  11.75
2011-06-14  11.75  11.99  11.75  11.87  17633100  11.87
2011-06-13  11.67  11.87  11.6  11.67  11304900  11.67
2011-06-10  11.92  11.95  11.62  11.76  16247000  11.76
2011-06-09  11.97  12.16  11.91  11.95  17881400  11.95
2011-06-08  12.12  12.14  11.86  11.9  15379000  11.9
2011-06-07  12.15  12.38  12.14  12.18  19150800  12.18
2011-06-06  12.08  12.2  12.02  12.05  11463700  12.05
2011-06-03  12.18  12.29  12.08  12.11  14818800  12.11
2011-06-02  12.2  12.44  12.2  12.29  26164300  12.29
2011-06-01  12.85  12.86  12.23  12.23  41485700  12.23
2011-05-31  12.63  12.88  12.62  12.88  15690400  12.88
2011-05-27  12.69  12.76  12.53  12.55  17064500  12.55
2011-05-26  12.82  12.83  12.54  12.67  16979800  12.67
2011-05-25  12.88  12.93  12.42  12.88  27067900  12.88
2011-05-24  12.85  12.94  12.68  12.74  25015700  12.74
2011-05-23  12.93  12.94  12.74  12.81  21100000  12.81
2011-05-20  13.27  13.34  13.05  13.09  17189500  13.09
2011-05-19  13.2  13.48  13.1  13.32  19202300  13.32
2011-05-18  13.28  13.52  13.27  13.47  17221900  13.47
2011-05-17  13.5  13.5  13.25  13.3  23388200  13.3
2011-05-16  13.75  13.75  13.47  13.49  17248200  13.49
2011-05-13  13.97  14.02  13.73  13.75  15158700  13.75
2011-05-12  13.85  14.08  13.83  14.02  17600000  14.02
2011-05-11  14.0  14.0  13.78  13.86  16500000  13.86
2011-05-10  14.06  14.09  13.92  13.99  16187800  13.99
2011-05-09  14.13  14.16  13.95  13.98  14623800  13.98
2011-05-06  14.15  14.35  14.08  14.15  16860400  14.15
2011-05-05  13.98  14.2  13.77  13.9  25298800  13.9
2011-05-04  14.75  14.77  13.82  14.02  35295800  14.02
2011-05-03  14.06  14.18  13.96  14.16  16800000  14.16
2011-05-02  14.26  14.4  14.03  14.08  23471800  14.08
2011-04-29  14.65  14.65  14.37  14.58  29186300  14.58
2011-04-28  14.77  14.82  14.4  14.58  21704300  14.58
2011-04-27  14.5  14.84  14.49  14.79  16734000  14.79
2011-04-26  14.26  14.51  14.22  14.51  16597600  14.51
2011-04-25  14.19  14.23  14.06  14.22  11308500  14.22
2011-04-21  14.11  14.18  13.95  14.17  12822500  14.17
2011-04-20  14.08  14.35  14.06  14.2  18697000  14.2
2011-04-19  13.45  13.73  13.45  13.58  14145500  13.58
2011-04-18  13.53  13.57  13.39  13.46  19711100  13.46
2011-04-15  13.81  13.85  13.59  13.68  19034200  13.68
2011-04-14  13.68  13.8  13.62  13.73  19631400  13.73
2011-04-13  14.02  14.07  13.77  13.83  16177000  13.83
2011-04-12  14.13  14.17  13.84  13.97  17063400  13.97
2011-04-11  14.24  14.31  14.09  14.24  12408700  14.24
2011-04-08  14.47  14.54  14.18  14.23  10591800  14.23
2011-04-07  14.56  14.58  14.16  14.4  18218500  14.4
2011-04-06  14.51  14.73  14.44  14.64  13351600  14.64
2011-04-05  14.31  14.51  14.29  14.43  13785600  14.43
2011-04-04  14.43  14.48  14.18  14.31  21009900  14.31
2011-04-01  14.69  14.73  14.36  14.43  12739400  14.43
2011-03-31  14.62  14.73  14.48  14.51  11448600  14.51
2011-03-30  14.65  14.77  14.46  14.62  11390500  14.62
2011-03-29  14.32  14.7  14.28  14.59  16816500  14.59
2011-03-28  14.35  14.45  14.3  14.38  11868500  14.38
2011-03-25  14.34  14.49  14.27  14.34  13937100  14.34
2011-03-24  14.23  14.37  14.06  14.35  14958900  14.35
2011-03-23  13.99  14.14  13.76  14.09  17119100  14.09
2011-03-22  14.09  14.2  13.98  14.04  10673300  14.04
2011-03-21  14.03  14.27  13.98  14.13  13053300  14.13
2011-03-18  13.99  14.03  13.73  13.79  19567600  13.79
2011-03-17  13.64  13.91  13.63  13.78  15750300  13.78
2011-03-16  13.74  13.89  13.35  13.44  24530800  13.44
2011-03-15  13.46  13.9  13.24  13.83  21222000  13.83
2011-03-14  13.87  14.02  13.76  13.9  15936300  13.9
2011-03-11  13.83  14.16  13.73  13.94  16362700  13.94
2011-03-10  14.01  14.15  13.87  13.9  23029200  13.9
2011-03-09  14.62  14.66  14.09  14.22  32174600  14.22
2011-03-08  14.85  14.87  14.56  14.67  28212900  14.67
2011-03-07  15.58  15.58  14.63  14.83  24768000  14.83
2011-03-04  15.65  15.68  15.41  15.55  14204700  15.55
2011-03-03  15.33  15.73  15.33  15.66  17570800  15.66
2011-03-02  14.98  15.31  14.98  15.26  19128000  15.26
2011-03-01  15.38  15.56  15.01  15.05  34048400  15.05
2011-02-28  14.99  15.37  14.99  15.27  26338800  15.27
2011-02-25  14.89  14.94  14.53  14.91  20071400  14.91
2011-02-24  14.52  14.69  14.36  14.65  18660300  14.65
2011-02-23  14.64  14.84  14.29  14.47  24399900  14.47
2011-02-22  15.05  15.05  14.45  14.49  25417700  14.49
2011-02-18  15.26  15.27  15.05  15.24  12380200  15.24
2011-02-17  15.09  15.3  14.97  15.19  13520600  15.19
2011-02-16  15.01  15.33  14.94  15.13  18176100  15.13
2011-02-15  14.97  15.0  14.81  14.91  12138900  14.91
2011-02-14  14.81  15.01  14.79  14.99  12982800  14.99
2011-02-11  14.84  14.94  14.71  14.81  12939900  14.81
2011-02-10  14.58  14.93  14.48  14.91  19010900  14.91
2011-02-09  14.88  14.89  14.59  14.68  20651800  14.68
2011-02-08  15.16  15.2  14.87  14.95  16694100  14.95
2011-02-07  15.28  15.42  15.05  15.16  15425000  15.16
2011-02-04  14.95  15.27  14.83  15.26  15018800  15.26
2011-02-03  15.12  15.12  14.79  14.93  20212200  14.93
2011-02-02  14.95  15.29  14.94  15.13  22846900  15.13
2011-02-01  14.62  15.06  14.52  15.01  21935800  15.01
2011-01-31  14.69  14.93  14.46  14.52  24068000  14.52
2011-01-28  14.99  15.03  14.5  14.59  24074100  14.59
2011-01-27  14.3  14.95  14.3  14.9  24319000  14.9
2011-01-26  14.2  14.4  14.16  14.3  13248200  14.3
2011-01-25  14.15  14.25  14.0  14.22  18445600  14.22
2011-01-24  13.96  14.25  13.88  14.22  14403900  14.22
2011-01-21  14.04  14.06  13.85  13.89  12815900  13.89
2011-01-20  14.09  14.09  13.61  13.93  21092300  13.93
2011-01-19  14.01  14.2  13.96  14.09  27347900  14.09
2011-01-18  14.12  14.2  13.87  14.06  33814200  14.06
2011-01-14  13.54  14.17  13.48  14.17  36689800  14.17
2011-01-13  13.21  13.26  13.13  13.17  9322400  13.17
2011-01-12  13.11  13.23  13.01  13.19  8612100  13.19
2011-01-11  12.84  13.05  12.81  13.03  17290200  13.03
2011-01-10  12.85  12.9  12.66  12.74  15011300  12.74
2011-01-07  12.89  12.98  12.76  12.92  10838300  12.92
2011-01-06  12.79  13.04  12.77  12.85  18942300  12.85
2011-01-05  12.79  12.89  12.69  12.73  24401300  12.73
2011-01-04  13.0  13.04  12.86  12.92  16518700  12.92
2011-01-03  13.07  13.22  12.96  13.01  10943700  13.01
2010-12-31  13.07  13.09  12.95  13.0  5660500  13.0
2010-12-30  13.07  13.13  13.01  13.07  5649900  13.07
2010-12-29  13.1  13.1  13.0  13.06  5993600  13.06
2010-12-28  12.98  13.09  12.98  13.05  6992500  13.05
2010-12-27  12.88  13.08  12.87  13.03  6401500  13.03
2010-12-23  12.93  13.04  12.91  12.95  6675900  12.95
2010-12-22  12.81  12.97  12.75  12.95  9699300  12.95
2010-12-21  12.63  12.92  12.62  12.87  14591600  12.87
2010-12-20  12.58  12.77  12.55  12.58  12477100  12.58
2010-12-17  12.43  12.69  12.43  12.59  19690500  12.59
2010-12-16  12.26  12.4  12.19  12.38  8376200  12.38
2010-12-15  12.27  12.38  12.16  12.21  10142800  12.21
2010-12-14  12.25  12.31  12.19  12.3  9573500  12.3
2010-12-13  12.39  12.4  12.22  12.23  9473800  12.23
2010-12-10  12.3  12.39  12.21  12.36  9901400  12.36
2010-12-09  12.14  12.31  12.14  12.29  11491800  12.29
2010-12-08  12.01  12.12  12.01  12.06  10391400  12.06
2010-12-07  12.17  12.21  12.01  12.02  12500200  12.02
2010-12-06  12.06  12.07  11.94  12.05  8239600  12.05
2010-12-03  11.93  12.12  11.9  12.08  10377000  12.08
2010-12-02  11.78  12.02  11.67  11.94  12568700  11.94
2010-12-01  11.71  11.86  11.68  11.81  13969100  11.81
2010-11-30  11.46  11.56  11.38  11.5  13217200  11.5
2010-11-29  11.51  11.62  11.42  11.58  16730700  11.58
2010-11-26  11.58  11.7  11.57  11.59  4026200  11.59
2010-11-24  11.55  11.76  11.49  11.65  11024600  11.65
2010-11-23  11.42  11.52  11.38  11.48  11613000  11.48
2010-11-22  11.42  11.66  11.41  11.59  15045100  11.59
2010-11-19  11.59  11.65  11.49  11.53  16923000  11.53
2010-11-18  11.56  11.82  11.5  11.64  21840500  11.64
2010-11-17  11.48  11.62  11.35  11.39  14793200  11.39
2010-11-16  11.49  11.67  11.41  11.46  17121600  11.46
2010-11-15  11.7  11.77  11.59  11.6  12628100  11.6
2010-11-12  11.52  11.72  11.52  11.58  14686500  11.58
2010-11-11  11.55  11.66  11.48  11.62  15040400  11.62
2010-11-10  11.82  11.86  11.61  11.82  15705600  11.82
2010-11-09  11.82  12.03  11.73  11.79  14443400  11.79
2010-11-08  11.91  11.95  11.75  11.78  16470300  11.78
2010-11-05  11.87  12.01  11.83  11.94  15163400  11.94
2010-11-04  11.64  11.86  11.63  11.86  16341100  11.86
2010-11-03  11.48  11.55  11.35  11.54  12324600  11.54
2010-11-02  11.42  11.5  11.33  11.48  11575000  11.48
2010-11-01  11.37  11.44  11.2  11.38  16335500  11.38
2010-10-29  11.3  11.39  11.23  11.36  11137400  11.36
2010-10-28  11.21  11.31  11.17  11.27  12635800  11.27
2010-10-27  11.03  11.26  11.0  11.26  11833100  11.26
2010-10-26  11.08  11.22  11.01  11.12  11561600  11.12
2010-10-25  11.24  11.27  11.17  11.18  12380000  11.18
2010-10-22  10.95  11.19  10.89  11.16  18248400  11.16
2010-10-21  11.01  11.04  10.86  10.95  14562000  10.95
2010-10-20  10.87  11.08  10.86  10.98  16526500  10.98
2010-10-19  10.94  11.06  10.67  10.84  26954500  10.84
2010-10-18  11.02  11.06  10.82  10.99  13884500  10.99
2010-10-15  11.09  11.09  10.91  11.06  20040300  11.06
2010-10-14  11.04  11.11  10.91  10.96  16167200  10.96
2010-10-13  11.04  11.08  10.86  11.01  16470800  11.01
2010-10-12  10.88  11.03  10.76  11.0  18305200  11.0
2010-10-11  10.87  10.96  10.82  10.87  14540100  10.87
2010-10-08  10.7  10.91  10.56  10.87  25834800  10.87
2010-10-07  10.86  10.88  10.7  10.79  18464100  10.79
2010-10-06  10.85  10.86  10.67  10.79  18998300  10.79
2010-10-05  10.68  10.95  10.67  10.91  20998300  10.91
2010-10-04  10.73  10.79  10.45  10.57  15753100  10.57
2010-10-01  10.84  10.88  10.66  10.77  18017200  10.77
2010-09-30  10.78  10.91  10.59  10.75  23697300  10.75
2010-09-29  10.72  10.88  10.59  10.75  21920400  10.75
2010-09-28  10.66  10.83  10.51  10.79  21370600  10.79
2010-09-27  10.66  10.77  10.58  10.62  12055600  10.62
2010-09-24  10.55  10.75  10.5  10.7  22056300  10.7
2010-09-23  10.18  10.54  10.11  10.39  22513800  10.39
2010-09-22  10.32  10.42  10.19  10.27  20741400  10.27
2010-09-21  10.32  10.42  10.24  10.35  26799500  10.35
2010-09-20  10.17  10.31  10.03  10.27  19301400  10.27
2010-09-17  10.24  10.26  10.01  10.14  23400800  10.14
2010-09-16  10.13  10.25  9.99  10.19  21749900  10.19
2010-09-15  10.18  10.21  9.99  10.16  18915700  10.16
2010-09-14  9.93  10.29  9.86  10.22  26126400  10.22
2010-09-13  9.88  10.0  9.86  9.92  23298900  9.92
2010-09-10  9.91  10.04  9.7  9.83  22927900  9.83
2010-09-09  9.86  10.09  9.76  9.92  24305500  9.92
2010-09-08  10.02  10.02  9.63  9.73  30350500  9.73
2010-09-07  10.03  10.07  9.86  9.95  31502500  9.95
2010-09-03  10.13  10.21  9.93  10.1  16798300  10.1
2010-09-02  9.82  9.95  9.75  9.93  19587200  9.93
2010-09-01  9.67  10.02  9.66  9.85  30718000  9.85
2010-08-31  9.6  9.75  9.45  9.54  30117100  9.54
2010-08-30  9.81  9.88  9.63  9.63  16357700  9.63
2010-08-27  9.73  9.91  9.47  9.83  23280100  9.83
2010-08-26  9.89  9.95  9.67  9.69  25302300  9.69
2010-08-25  9.65  9.91  9.5  9.85  31905600  9.85
2010-08-24  9.95  10.03  9.74  9.74  37283900  9.74
2010-08-23  10.22  10.32  10.07  10.11  26340400  10.11
2010-08-20  10.29  10.44  10.12  10.14  27253900  10.14
2010-08-19  10.46  10.63  10.33  10.39  21945000  10.39
2010-08-18  10.37  10.54  10.31  10.4  12620500  10.4
2010-08-17  10.37  10.48  10.28  10.41  15340600  10.41
2010-08-16  10.16  10.4  10.09  10.25  19176600  10.25
2010-08-13  10.16  10.37  10.16  10.21  15901300  10.21
2010-08-12  10.04  10.25  10.0  10.2  27943900  10.2
2010-08-11  10.4  10.4  10.16  10.25  20777200  10.25
2010-08-10  10.75  10.8  10.41  10.54  25199900  10.54
2010-08-09  10.93  10.94  10.72  10.85  9237100  10.85
2010-08-06  10.69  10.85  10.66  10.82  15889700  10.82
2010-08-05  10.85  10.95  10.7  10.8  14579900  10.8
2010-08-04  10.86  10.99  10.65  10.85  17594100  10.85
2010-08-03  10.86  10.89  10.65  10.81  23634000  10.81
2010-08-02  10.97  11.11  10.92  10.98  20219400  10.98
2010-07-30  10.87  10.9  10.66  10.79  26268400  10.79
2010-07-29  11.29  11.33  10.77  10.92  36363600  10.92
2010-07-28  11.55  11.56  11.21  11.29  18344100  11.29
2010-07-27  11.5  11.58  11.25  11.53  19061900  11.53
2010-07-26  11.42  11.55  11.23  11.48  15642600  11.48
2010-07-23  11.33  11.48  11.2  11.44  14214700  11.44
2010-07-22  11.28  11.53  11.27  11.38  21862900  11.38
2010-07-21  11.52  11.62  11.12  11.15  29922300  11.15
2010-07-20  11.08  11.31  10.87  11.28  22747600  11.28
2010-07-19  11.2  11.34  11.15  11.32  13306900  11.32
2010-07-16  11.35  11.38  11.13  11.14  20576600  11.14
2010-07-15  11.44  11.49  11.22  11.39  19689300  11.39
2010-07-14  11.59  11.69  11.4  11.46  20956900  11.46
2010-07-13  11.43  11.54  11.4  11.45  23246500  11.45
2010-07-12  11.15  11.4  11.13  11.25  13674300  11.25
2010-07-09  11.1  11.25  10.97  11.24  18687300  11.24
2010-07-08  11.24  11.25  10.9  11.07  26422700  11.07
2010-07-07  10.82  11.16  10.71  11.14  26353900  11.14
2010-07-06  11.08  11.13  10.61  10.77  30163700  10.77
2010-07-02  11.0  11.07  10.75  10.97  21203700  10.97
2010-07-01  10.98  11.13  10.72  10.97  27308500  10.97
2010-06-30  11.25  11.4  10.97  10.99  25783300  10.99
2010-06-29  11.56  11.56  11.2  11.26  29442500  11.26
2010-06-28  11.78  11.88  11.58  11.73  16084100  11.73
2010-06-25  11.67  11.89  11.43  11.84  48303900  11.84
2010-06-24  11.92  11.95  11.59  11.67  19277700  11.67
2010-06-23  12.0  12.15  11.79  11.99  17537000  11.99
2010-06-22  12.18  12.34  11.89  11.94  16289100  11.94
2010-06-21  12.36  12.38  12.03  12.12  14415400  12.12
2010-06-18  12.25  12.35  12.12  12.2  15309000  12.2
2010-06-17  12.34  12.34  11.97  12.25  15360000  12.25
2010-06-16  12.07  12.33  11.97  12.24  18674500  12.24
2010-06-15  11.62  12.16  11.57  12.12  25381300  12.12
2010-06-14  11.7  11.81  11.57  11.6  17292100  11.6
2010-06-11  11.33  11.68  11.31  11.6  16438600  11.6
2010-06-10  11.3  11.55  11.27  11.46  21926600  11.46
2010-06-09  11.34  11.58  11.09  11.14  19252100  11.14
2010-06-08  11.18  11.3  10.95  11.28  18183000  11.28
2010-06-07  11.54  11.64  11.13  11.14  19003400  11.14
2010-06-04  11.6  11.87  11.43  11.49  20768200  11.49
2010-06-03  11.76  11.96  11.69  11.91  19915500  11.91
2010-06-02  11.59  11.77  11.46  11.75  19568400  11.75
2010-06-01  11.73  11.88  11.5  11.51  20702700  11.51
2010-05-28  11.89  11.97  11.65  11.81  17231300  11.81
2010-05-27  11.7  11.99  11.7  11.95  21642600  11.95
2010-05-26  11.66  11.83  11.45  11.45  24184000  11.45
2010-05-25  11.1  11.6  11.01  11.58  25949500  11.58
2010-05-24  11.46  11.61  11.35  11.42  20421700  11.42
2010-05-21  11.2  11.74  11.18  11.56  41207700  11.56
2010-05-20  11.37  11.86  11.22  11.54  46660600  11.54
2010-05-19  11.73  12.01  11.62  11.84  36120400  11.84
2010-05-18  12.15  12.22  11.71  11.76  25296700  11.76
2010-05-17  11.78  12.03  11.63  11.98  18442600  11.98
2010-05-14  11.96  11.96  11.59  11.77  27246300  11.77
2010-05-13  12.44  12.51  11.96  12.03  22710400  12.03
2010-05-12  12.22  12.56  12.17  12.52  32924000  12.52
2010-05-11  11.85  12.38  11.79  12.15  37536300  12.15
2010-05-10  11.81  12.17  11.68  11.99  27919300  11.99
2010-05-07  11.49  11.58  10.93  11.36  38398600  11.36
2010-05-06  11.93  12.15  10.91  11.56  43990600  11.56
2010-05-05  12.07  12.26  11.89  12.02  26151100  12.02
2010-05-04  12.56  12.56  11.98  12.17  37264900  12.17
2010-05-03  12.59  12.82  12.52  12.73  17456600  12.73
2010-04-30  13.01  13.01  12.51  12.53  25896300  12.53
2010-04-29  12.81  12.98  12.73  12.96  20898500  12.96
2010-04-28  12.74  12.87  12.59  12.77  23997800  12.77
2010-04-27  13.01  13.08  12.63  12.66  30107900  12.66
2010-04-26  13.14  13.25  13.01  13.06  17270800  13.06
2010-04-23  13.07  13.17  12.9  13.16  23701600  13.16
2010-04-22  12.92  13.1  12.7  13.06  33118300  13.06
2010-04-21  13.16  13.18  12.84  13.12  19225700  13.12
2010-04-20  13.07  13.15  12.94  13.15  18477900  13.15
2010-04-19  12.96  13.08  12.72  13.0  25694500  13.0
2010-04-16  12.98  13.14  12.9  13.06  33765600  13.06
2010-04-15  13.14  13.18  12.97  13.04  22965700  13.04
2010-04-14  12.76  13.18  12.73  13.1  45410300  13.1
2010-04-13  12.37  12.59  12.33  12.55  28384400  12.55
2010-04-12  12.27  12.49  12.2  12.39  24211600  12.39
2010-04-09  12.15  12.25  12.1  12.25  15446100  12.25
2010-04-08  12.28  12.28  12.09  12.13  29173200  12.13
2010-04-07  12.25  12.47  12.16  12.35  20870600  12.35
2010-04-06  12.21  12.33  12.18  12.26  16452500  12.26
2010-04-05  12.2  12.37  12.15  12.29  29330500  12.29
2010-04-01  12.39  12.49  12.07  12.14  37110700  12.14
2010-03-31  12.22  12.5  12.21  12.25  40814400  12.25
2010-03-30  12.17  12.37  12.03  12.23  39364900  12.23
2010-03-29  12.07  12.23  12.02  12.1  27827600  12.1
2010-03-26  12.07  12.23  11.83  12.01  30090900  12.01
2010-03-25  11.91  12.16  11.9  11.96  38278400  11.96
2010-03-24  11.98  12.03  11.74  11.82  34127100  11.82
2010-03-23  11.66  12.11  11.64  12.04  39649700  12.04
2010-03-22  11.31  11.66  11.27  11.62  26257100  11.62
2010-03-19  11.52  11.56  11.25  11.36  24762900  11.36
2010-03-18  11.52  11.61  11.39  11.48  18686400  11.48
2010-03-17  11.36  11.54  11.32  11.51  27773300  11.51
2010-03-16  11.12  11.36  11.09  11.32  29795900  11.32
2010-03-15  11.21  11.21  11.02  11.12  23660300  11.12
2010-03-12  11.41  11.41  11.19  11.24  25069900  11.24
2010-03-11  11.36  11.38  11.16  11.28  30593800  11.28
2010-03-10  11.17  11.41  11.14  11.39  35119100  11.39
2010-03-09  11.18  11.29  11.12  11.17  24562200  11.17
2010-03-08  11.39  11.39  11.19  11.24  29715700  11.24
2010-03-05  11.21  11.3  11.12  11.17  23992500  11.17
2010-03-04  11.28  11.35  11.0  11.15  27418900  11.15
2010-03-03  11.31  11.41  11.21  11.26  17029600  11.26
2010-03-02  11.41  11.49  11.23  11.29  22421700  11.29
2010-03-01  11.18  11.36  11.17  11.36  16465100  11.36
2010-02-26  11.16  11.18  10.94  11.13  15882200  11.13
2010-02-25  10.97  11.14  10.86  11.11  21748200  11.11
2010-02-24  10.99  11.3  10.96  11.16  25624000  11.16
2010-02-23  11.32  11.35  10.86  10.92  30237000  10.92
2010-02-22  11.39  11.45  11.27  11.32  22697700  11.32
2010-02-19  11.42  11.44  11.17  11.31  29090400  11.31
2010-02-18  11.56  11.57  11.14  11.47  45212200  11.47
2010-02-17  11.84  11.89  11.53  11.75  25202600  11.75
2010-02-16  11.47  11.74  11.37  11.72  21663600  11.72
2010-02-12  11.13  11.51  10.99  11.28  23748600  11.28
2010-02-11  11.05  11.33  10.91  11.28  18388100  11.28
2010-02-10  11.04  11.15  10.95  11.07  17213400  11.07
2010-02-09  11.07  11.22  10.89  10.99  21123700  10.99
2010-02-08  11.08  11.16  10.88  10.92  17976400  10.92
2010-02-05  10.68  11.11  10.57  11.07  43781500  11.07
2010-02-04  11.06  11.06  10.55  10.68  40737400  10.68
2010-02-03  11.17  11.29  10.97  11.11  36170300  11.11
2010-02-02  11.39  11.39  11.18  11.32  21525000  11.32
2010-02-01  11.17  11.37  11.07  11.33  20227300  11.33
2010-01-29  11.56  11.63  10.99  11.02  25601600  11.02
2010-01-28  11.84  11.84  11.17  11.41  35016600  11.41
2010-01-27  11.54  11.83  11.48  11.8  30448800  11.8
2010-01-26  11.51  11.78  11.44  11.45  36897100  11.45
2010-01-25  11.46  11.71  11.39  11.44  39765000  11.44
2010-01-22  12.08  12.12  11.41  11.43  48104300  11.43
2010-01-21  12.54  12.75  12.24  12.29  25265000  12.29
2010-01-20  12.52  12.57  12.35  12.49  19220200  12.49
2010-01-19  12.46  12.69  12.44  12.64  14620900  12.64
2010-01-15  12.81  12.97  12.37  12.42  36020100  12.42
2010-01-14  12.86  13.01  12.68  12.98  26920500  12.98
2010-01-13  12.93  13.05  12.59  12.91  25137300  12.91
2010-01-12  13.36  13.37  12.7  12.85  40350900  12.85
2010-01-11  13.42  13.51  13.07  13.45  33667800  13.45
2010-01-08  12.89  13.21  12.77  13.17  41212100  13.17
2010-01-07  12.8  12.86  12.63  12.68  21543200  12.68
2010-01-06  12.87  13.03  12.76  12.81  13704800  12.81
2010-01-05  12.89  13.01  12.7  12.84  15173200  12.84
2010-01-04  12.71  13.18  12.7  12.94  18615100  12.94
