Date  Open  High  Low  Close  Volume  Adj Close
2014-02-28  85.75  85.95  84.87  85.6  3064700  85.6
2014-02-27  85.6  86.54  85.36  85.76  2369100  85.76
2014-02-26  86.21  86.33  85.22  85.33  1788200  85.33
2014-02-25  86.41  86.78  85.95  86.16  1548100  86.16
2014-02-24  85.86  87.27  85.86  86.68  1800200  86.68
2014-02-21  85.56  86.45  85.43  86.22  2023600  86.22
2014-02-20  84.51  85.8  84.25  85.41  1624500  85.41
2014-02-19  85.03  85.69  84.41  84.78  1666500  84.78
2014-02-18  84.24  85.84  83.25  85.16  1836700  85.16
2014-02-14  84.02  85.42  83.95  85.23  1584000  85.23
2014-02-13  82.68  84.41  82.65  84.32  1622100  84.32
2014-02-12  83.07  84.12  82.99  83.43  1436800  83.43
2014-02-11  81.25  83.63  80.93  83.18  2672800  83.18
2014-02-10  80.91  81.72  80.54  81.65  1596500  81.65
2014-02-07  78.19  81.2  77.9  81.02  2565700  81.02
2014-02-06  77.6  77.98  76.49  77.33  1940000  77.33
2014-02-05  77.21  77.86  76.98  77.47  1791000  77.47
2014-02-04  77.31  77.71  76.74  77.4  2108200  77.4
2014-02-03  80.19  80.46  76.81  76.88  2763500  76.88
2014-01-31  79.23  80.88  77.85  80.46  1937100  80.46
2014-01-30  80.03  80.75  79.61  80.74  2000400  80.74
2014-01-29  79.34  80.16  79.15  79.38  2565800  79.38
2014-01-28  79.0  80.18  79.0  79.9  1192700  79.9
2014-01-27  78.5  79.93  78.32  78.76  2021500  78.76
2014-01-24  80.43  80.73  78.24  78.24  1899100  78.24
2014-01-23  81.83  81.88  80.46  81.11  1805300  81.11
2014-01-22  83.52  83.78  82.1  82.58  2078600  82.58
2014-01-21  84.17  84.45  83.26  83.52  1128100  83.52
2014-01-17  84.23  84.32  83.79  83.96  961600  83.96
2014-01-16  82.97  83.86  82.8  83.84  891800  83.84
2014-01-15  82.82  83.24  82.65  83.22  1161500  83.22
2014-01-14  81.19  82.8  80.86  82.73  1259600  82.73
2014-01-13  81.97  82.27  80.5  80.74  1370400  80.74
2014-01-10  83.49  83.54  82.08  82.34  1081900  82.34
2014-01-09  81.97  83.57  81.97  83.47  1372100  83.47
2014-01-08  81.94  82.04  81.33  81.72  1880600  81.72
2014-01-07  82.16  82.48  81.93  82.12  1474200  82.12
2014-01-06  82.84  83.03  81.54  81.56  1214100  81.56
2014-01-03  82.51  82.8  82.16  82.42  860400  82.42
2014-01-02  83.18  83.52  82.08  82.18  1209200  82.18
2013-12-31  83.38  84.15  83.35  83.71  970500  83.71
2013-12-30  82.95  83.69  82.91  83.07  1540300  83.07
2013-12-27  83.71  83.82  82.75  83.23  1084600  83.23
2013-12-26  83.47  83.82  82.79  83.29  937400  83.29
2013-12-24  82.5  83.62  82.48  83.44  584700  83.44
2013-12-23  83.16  83.37  82.12  82.5  1183100  82.5
2013-12-20  83.22  83.54  82.74  82.76  2458400  82.76
2013-12-19  83.33  83.49  81.99  82.91  1721000  82.91
2013-12-18  81.82  83.88  81.56  83.75  2070300  83.75
2013-12-17  81.88  82.16  81.18  81.64  1297300  81.64
2013-12-16  81.71  82.15  81.28  81.67  1216200  81.67
2013-12-13  81.86  82.21  81.25  81.43  783600  81.43
2013-12-12  81.34  82.1  81.34  81.72  1300400  81.72
2013-12-11  82.69  83.06  81.41  81.57  1382800  81.57
2013-12-10  82.12  83.1  82.05  82.89  1359900  82.89
2013-12-09  82.43  83.16  82.2  82.72  1176700  82.72
2013-12-06  82.38  82.77  82.15  82.57  1226900  82.57
2013-12-05  80.95  81.54  80.84  81.28  1076700  81.28
2013-12-04  81.37  81.99  80.86  81.29  1149300  81.29
2013-12-03  81.43  82.37  81.38  81.7  1239300  81.7
2013-12-02  81.37  82.35  81.04  81.68  1072100  81.68
2013-11-29  82.03  82.24  81.36  81.46  432600  81.46
2013-11-27  81.71  82.19  81.55  82.11  1055800  82.11
2013-11-26  81.38  82.12  81.11  81.69  1898600  81.69
2013-11-25  82.32  82.32  81.12  81.19  1225600  81.19
2013-11-22  81.5  82.37  80.84  82.37  1499000  82.37
2013-11-21  80.48  81.34  80.46  81.2  1077200  81.2
2013-11-20  80.69  81.11  79.99  80.25  1028100  80.25
2013-11-19  81.07  81.64  80.18  80.35  1388500  80.35
2013-11-18  81.42  81.64  80.84  80.99  855300  80.99
2013-11-15  80.54  81.4  80.43  81.4  2342900  81.4
2013-11-14  80.23  81.14  80.02  80.63  1336700  80.63
2013-11-13  78.97  80.0  78.97  79.99  2130300  79.99
2013-11-12  81.08  81.26  80.14  80.39  933600  80.39
2013-11-11  80.44  81.55  80.38  81.52  1384100  81.52
2013-11-08  79.21  80.45  79.05  80.42  1779400  80.42
2013-11-07  80.04  80.05  79.21  79.26  2007600  79.26
2013-11-06  78.97  79.89  78.56  79.87  1835900  79.87
2013-11-05  78.32  78.91  78.15  78.52  1947900  78.52
2013-11-04  78.71  78.82  77.62  78.45  1542400  78.45
2013-11-01  79.21  79.28  78.27  78.6  1640200  78.6
2013-10-31  79.95  79.98  78.91  78.92  2230800  78.92
2013-10-30  79.31  80.24  78.33  80.06  3859300  80.06
2013-10-29  77.8  79.39  77.65  79.36  3496100  79.36
2013-10-28  77.25  78.06  77.21  77.73  2067100  77.73
2013-10-25  74.86  78.4  74.27  77.2  4473000  77.2
2013-10-24  75.82  76.56  75.12  75.25  2730100  75.25
2013-10-23  75.61  75.66  75.21  75.52  1594100  75.52
2013-10-22  75.08  76.18  75.03  76.02  2594500  76.02
2013-10-21  74.97  75.1  74.52  74.77  820700  74.77
2013-10-18  74.12  75.22  73.8  75.06  2481300  75.06
2013-10-17  73.27  74.16  73.0  73.87  2529200  73.87
2013-10-16  72.79  73.63  72.75  73.53  2362300  73.53
2013-10-15  73.09  73.57  72.24  72.31  2317100  72.31
2013-10-14  72.6  73.39  72.33  73.37  1428300  73.37
2013-10-11  72.67  72.92  72.49  72.78  1929100  72.78
2013-10-10  71.58  72.69  71.58  72.61  2814800  72.61
2013-10-09  71.17  71.37  70.41  70.94  1418000  70.94
2013-10-08  71.84  72.07  71.05  71.07  1291000  71.07
2013-10-07  71.77  72.31  71.71  71.83  1046500  71.83
2013-10-04  72.37  72.71  71.96  72.51  2482500  72.51
2013-10-03  73.28  73.3  72.12  72.4  2194800  72.4
2013-10-02  73.01  73.51  72.27  73.31  1960500  73.31
2013-10-01  74.31  74.4  72.94  73.33  6392100  73.33
2013-09-30  74.15  74.53  73.89  74.11  2104800  74.11
2013-09-27  75.02  75.23  74.61  74.74  1476200  74.74
2013-09-26  75.28  75.7  74.91  75.09  1299600  75.09
2013-09-25  75.71  75.95  74.82  75.17  1590100  75.17
2013-09-24  75.22  75.97  74.87  75.69  1860600  75.69
2013-09-23  75.02  75.89  74.75  75.2  2087100  75.2
2013-09-20  74.83  75.73  74.6  75.19  4066600  75.19
2013-09-19  73.61  75.6  73.61  74.81  4256900  74.81
2013-09-18  69.87  73.64  69.76  73.63  4088000  73.63
2013-09-17  68.94  69.77  68.93  69.7  1502600  69.7
2013-09-16  68.82  69.14  68.21  68.81  2246000  68.81
2013-09-13  68.2  68.59  67.97  68.22  1037000  68.22
2013-09-12  68.1  68.33  67.87  68.11  1076100  68.11
2013-09-11  68.2  68.47  67.97  68.21  1234800  68.21
2013-09-10  67.9  68.35  67.72  68.35  1275600  68.35
2013-09-09  66.52  67.4  66.31  67.4  808000  67.4
2013-09-06  66.5  66.74  65.62  66.2  917200  66.2
2013-09-05  66.15  66.75  65.98  66.44  853300  66.44
2013-09-04  66.48  66.65  66.05  66.26  947100  66.26
2013-09-03  66.88  67.2  65.97  66.4  661800  66.4
2013-08-30  66.68  66.71  65.83  66.09  866100  66.09
2013-08-29  66.37  67.27  66.31  66.64  1177300  66.64
2013-08-28  65.93  67.27  65.79  66.66  1805200  66.66
2013-08-27  66.78  67.03  65.93  65.97  1492900  65.97
2013-08-26  68.13  68.36  67.42  67.46  1810800  67.46
2013-08-23  68.3  68.42  68.08  68.2  1269000  68.2
2013-08-22  67.79  68.49  67.77  68.3  1438900  68.3
2013-08-21  68.07  68.27  67.47  67.72  1496300  67.72
2013-08-20  68.2  68.51  67.95  68.21  2070400  68.21
2013-08-19  67.84  68.81  67.84  68.23  1443700  68.23
2013-08-16  67.65  68.41  67.6  68.09  2937500  68.09
2013-08-15  68.0  68.31  67.57  67.73  1518700  67.73
2013-08-14  68.46  68.87  68.1  68.54  1208100  68.54
2013-08-13  68.05  68.74  67.97  68.55  1206700  68.55
2013-08-12  68.4  68.86  67.7  67.85  1496700  67.85
2013-08-09  68.02  69.01  68.02  68.78  1300600  68.78
2013-08-08  68.65  69.0  68.48  68.72  1400100  68.72
2013-08-07  68.42  68.65  68.05  68.34  1071000  68.34
2013-08-06  68.39  68.93  68.15  68.67  1901200  68.67
2013-08-05  68.55  68.78  68.25  68.63  1090500  68.63
2013-08-02  68.33  68.85  67.93  68.78  1489100  68.78
2013-08-01  67.57  69.29  67.57  68.35  2535400  68.35
2013-07-31  67.35  67.98  67.1  67.2  1713400  67.2
2013-07-30  66.5  67.38  66.37  67.12  1315600  67.12
2013-07-29  66.99  66.99  65.87  66.06  901700  66.06
2013-07-26  66.62  67.06  65.66  67.06  1128300  67.06
2013-07-25  65.99  67.12  65.95  67.08  1252400  67.08
2013-07-24  66.68  66.75  66.25  66.41  1130700  66.41
2013-07-23  67.01  67.16  66.5  66.59  831700  66.59
2013-07-22  67.03  67.27  66.91  67.04  809700  67.04
2013-07-19  67.03  67.13  66.58  67.01  1248600  67.01
2013-07-18  67.03  67.48  66.7  67.04  1127600  67.04
2013-07-17  66.98  67.29  66.43  66.91  649300  66.91
2013-07-16  67.03  67.22  66.26  66.69  1439200  66.69
2013-07-15  66.47  67.4  66.31  66.95  1056100  66.95
2013-07-12  66.64  66.78  65.94  66.55  837600  66.55
2013-07-11  65.73  66.78  65.64  66.69  735200  66.69
2013-07-10  64.82  65.26  64.58  64.84  1201400  64.84
2013-07-09  65.42  66.02  64.68  64.91  1265200  64.91
2013-07-08  65.3  65.87  64.6  64.97  1195300  64.97
2013-07-05  64.57  65.2  64.44  65.2  532100  65.2
2013-07-03  64.19  64.49  63.75  64.16  457000  64.16
2013-07-02  64.73  65.45  64.25  64.63  1248100  64.63
2013-07-01  64.41  65.15  64.1  64.9  1097000  64.9
2013-06-28  64.12  64.29  63.5  63.9  3201800  63.9
2013-06-27  64.28  64.54  64.15  64.5  764000  64.5
2013-06-26  63.73  64.09  63.31  63.99  1137100  63.99
2013-06-25  62.82  63.45  62.76  63.24  1534000  63.24
2013-06-24  62.43  62.78  61.75  62.4  920200  62.4
2013-06-21  62.81  63.14  62.35  62.82  1434400  62.82
2013-06-20  62.95  63.37  62.26  62.42  1356400  62.42
2013-06-19  64.99  65.22  63.4  63.44  1433400  63.44
2013-06-18  65.08  65.24  64.59  65.17  1238400  65.17
2013-06-17  64.73  65.27  64.46  64.92  1377900  64.92
2013-06-14  65.09  65.24  64.38  64.44  1113200  64.44
2013-06-13  64.39  65.26  64.07  65.07  1287500  65.07
2013-06-12  65.15  65.15  64.36  64.39  941300  64.39
2013-06-11  64.24  65.11  63.58  64.74  1041900  64.74
2013-06-10  65.15  65.3  64.47  64.71  1420400  64.71
2013-06-07  64.28  65.15  64.09  65.09  1756100  65.09
2013-06-06  62.5  63.6  62.2  63.58  1129500  63.58
2013-06-05  62.58  62.94  62.3  62.47  1342800  62.47
2013-06-04  63.3  63.51  62.46  62.64  1470000  62.64
2013-06-03  63.24  63.81  62.5  63.27  2166100  63.27
2013-05-31  65.41  65.86  63.19  63.22  4335000  63.22
2013-05-30  65.82  66.78  65.7  65.94  1427600  65.94
2013-05-29  65.13  66.28  64.79  65.84  2410600  65.84
2013-05-28  65.64  66.24  65.48  65.57  1480200  65.57
2013-05-24  64.58  65.31  64.4  65.27  1642700  65.27
2013-05-23  64.63  65.03  64.3  64.8  1864000  64.8
2013-05-22  65.66  66.12  65.1  65.29  1530900  65.29
2013-05-21  65.43  65.98  65.43  65.72  1041300  65.72
2013-05-20  65.71  66.17  65.37  65.65  1425900  65.65
2013-05-17  66.0  66.27  65.73  65.83  1721700  65.83
2013-05-16  65.73  66.12  65.65  65.76  1557900  65.76
2013-05-15  65.31  66.03  65.24  65.97  1260300  65.97
2013-05-14  64.96  65.62  64.92  65.46  1622400  65.46
2013-05-13  63.83  65.1  63.83  65.08  1573600  65.08
2013-05-10  64.04  64.48  63.85  64.05  1451700  64.05
2013-05-09  64.31  64.54  63.92  64.02  2296200  64.02
2013-05-08  63.33  64.5  63.23  64.35  2516200  64.35
2013-05-07  63.05  63.42  62.88  63.26  1953200  63.26
2013-05-06  62.7  63.08  62.61  63.05  2420900  63.05
2013-05-03  62.5  62.96  62.27  62.87  1864900  62.87
2013-05-02  60.95  62.06  60.63  62.0  2213400  62.0
2013-05-01  59.96  61.18  59.79  60.87  2671000  60.87
2013-04-30  59.2  59.97  59.04  59.93  2343400  59.93
2013-04-29  58.65  59.48  58.43  59.25  1493800  59.25
2013-04-26  60.5  60.5  57.9  58.41  3263900  58.41
2013-04-25  60.62  60.95  60.55  60.68  1495400  60.68
2013-04-24  60.7  61.1  60.48  60.55  915500  60.55
2013-04-23  60.08  60.55  60.0  60.52  1463300  60.52
2013-04-22  59.66  60.21  59.56  60.0  1503700  60.0
2013-04-19  59.23  59.61  59.05  59.55  1910200  59.55
2013-04-18  59.96  60.26  58.91  59.08  1940100  59.08
2013-04-17  61.03  61.26  60.01  60.07  2470900  60.07
2013-04-16  61.16  61.54  60.89  61.49  1501300  61.49
2013-04-15  61.94  62.13  60.88  60.88  1630700  60.88
2013-04-12  61.82  62.04  61.51  62.0  847300  62.0
2013-04-11  60.98  62.45  60.98  62.04  2257800  62.04
2013-04-10  60.46  60.94  60.24  60.92  1203500  60.92
2013-04-09  60.1  60.46  59.73  60.29  1264400  60.29
2013-04-08  59.35  60.03  59.35  60.01  773400  60.01
2013-04-05  59.3  59.71  59.06  59.67  1270200  59.67
2013-04-04  60.05  60.48  59.79  60.07  1038100  60.07
2013-04-03  60.87  61.04  59.83  59.85  1565200  59.85
2013-04-02  60.78  61.15  60.63  60.83  984000  60.83
2013-04-01  60.74  61.22  60.36  60.49  1280500  60.49
2013-03-28  60.99  61.21  60.79  60.89  1741500  60.89
2013-03-27  60.75  61.02  60.44  60.89  1332200  60.89
2013-03-26  60.79  61.22  60.49  61.2  1885000  61.2
2013-03-25  59.86  60.61  59.59  60.55  2515900  60.55
2013-03-22  59.05  59.71  58.97  59.67  1724700  59.67
2013-03-21  58.89  59.3  58.79  58.86  2503900  58.86
2013-03-20  58.47  59.2  58.39  59.12  4131700  59.12
2013-03-19  58.41  58.63  58.07  58.42  3063800  58.42
2013-03-18  58.62  58.87  58.22  58.37  4084200  58.37
2013-03-15  59.07  59.43  58.95  59.3  2834200  59.3
2013-03-14  59.13  59.48  59.11  59.43  2860500  59.43
2013-03-13  59.24  59.24  58.89  59.11  2180300  59.11
2013-03-12  59.46  59.51  58.97  59.05  2565500  59.05
2013-03-11  59.6  59.63  59.28  59.5  3254600  59.5
2013-03-08  60.02  60.02  59.39  59.61  6543800  59.61
2013-03-07  59.75  60.09  59.46  59.69  4026000  59.69
2013-03-06  60.39  60.39  59.68  59.74  1880500  59.74
2013-03-05  60.22  60.43  60.11  60.15  1982600  60.15
2013-03-04  59.8  60.06  59.27  59.89  2692700  59.89
2013-03-01  60.19  60.44  59.7  60.28  2513600  60.28
2013-02-28  60.32  61.25  60.1  60.48  3513300  60.48
2013-02-27  59.6  60.34  59.37  60.22  2826100  60.22
2013-02-26  59.72  59.95  58.61  59.45  3195400  59.45
2013-02-25  60.3  60.87  58.86  58.86  2869400  58.86
2013-02-22  59.0  60.24  58.79  60.18  3669100  60.18
2013-02-21  58.23  58.91  58.02  58.83  3668200  58.83
2013-02-20  57.44  58.85  57.43  58.43  3457800  58.43
2013-02-19  56.53  57.34  56.53  57.33  2695500  57.33
2013-02-15  56.72  56.81  56.25  56.43  2939500  56.43
2013-02-14  56.61  56.96  56.48  56.73  1593400  56.73
2013-02-13  56.2  56.87  55.94  56.71  1383000  56.71
2013-02-12  56.06  56.26  55.78  56.14  2702800  56.14
2013-02-11  55.91  56.16  55.64  56.1  1656500  56.1
2013-02-08  55.46  56.0  55.33  55.97  2068800  55.97
2013-02-07  55.1  55.5  54.92  55.45  2294300  55.45
2013-02-06  54.93  55.15  54.75  55.13  1917300  55.13
2013-02-05  54.55  55.22  54.11  55.19  3289800  55.19
2013-02-04  54.9  55.02  54.28  54.35  2907200  54.35
2013-02-01  57.98  57.98  55.41  55.57  4126500  55.57
2013-01-31  57.0  57.41  56.8  57.17  2599500  57.17
2013-01-30  56.92  57.36  56.6  57.15  1415600  57.15
2013-01-29  56.6  57.02  56.57  56.89  1704700  56.89
2013-01-28  57.06  57.07  56.5  56.74  1215800  56.74
2013-01-25  57.49  57.64  56.84  56.89  1555900  56.89
2013-01-24  57.2  57.69  57.12  57.47  1824300  57.47
2013-01-23  57.1  57.22  56.94  57.08  1430700  57.08
2013-01-22  56.43  57.36  56.43  57.24  1961700  57.24
2013-01-18  56.48  56.59  56.25  56.39  2019300  56.39
2013-01-17  56.49  56.65  56.21  56.43  1316300  56.43
2013-01-16  56.78  56.89  56.38  56.42  1040300  56.42
2013-01-15  56.41  56.89  56.27  56.81  723500  56.81
2013-01-14  56.13  56.71  56.13  56.63  959800  56.63
2013-01-11  57.47  57.47  56.83  57.02  775000  57.02
2013-01-10  56.3  57.34  56.25  57.34  1840900  57.34
2013-01-09  55.99  56.17  55.87  56.07  723700  56.07
2013-01-08  56.01  56.15  55.82  55.9  704000  55.9
2013-01-07  56.31  56.32  56.01  56.08  953500  56.08
2013-01-04  56.54  56.7  56.31  56.41  1569500  56.41
2013-01-03  56.66  56.66  56.26  56.39  1505300  56.39
2013-01-02  55.53  56.7  55.27  56.7  2398300  56.7
2012-12-31  54.67  54.97  54.31  54.91  2205400  54.91
2012-12-28  55.12  55.5  54.78  54.8  1062800  54.8
2012-12-27  55.94  55.96  54.88  55.47  1217800  55.47
2012-12-26  56.0  56.19  55.88  55.89  963300  55.89
2012-12-24  55.67  55.94  55.42  55.91  446800  55.91
2012-12-21  55.5  56.05  55.5  55.91  2439400  55.91
2012-12-20  55.94  56.35  55.8  56.34  1778800  56.34
2012-12-19  56.11  56.26  55.87  55.87  1379100  55.87
2012-12-18  56.46  56.46  55.87  56.08  2291400  56.08
2012-12-17  55.78  56.37  55.68  56.34  1097000  56.34
2012-12-14  55.54  55.69  55.18  55.49  1314100  55.49
2012-12-13  55.65  56.24  55.59  55.71  1255600  55.71
2012-12-12  55.93  56.22  55.68  55.73  1865900  55.73
2012-12-11  55.77  56.12  55.65  55.78  1444300  55.78
2012-12-10  55.71  56.05  55.69  55.69  1327700  55.69
2012-12-07  56.17  56.35  55.8  55.88  1350500  55.88
2012-12-06  56.1  56.14  55.75  56.09  1623800  56.09
2012-12-05  56.02  56.25  55.74  55.93  1823600  55.93
2012-12-04  56.01  56.3  55.76  55.99  1000900  55.99
2012-12-03  56.19  56.52  55.93  56.01  2042400  56.01
2012-11-30  56.06  56.55  56.05  56.08  3420000  56.08
2012-11-29  56.4  56.48  55.86  56.14  1931200  56.14
2012-11-28  55.43  56.24  55.11  56.15  2131400  56.15
2012-11-27  56.4  56.4  55.47  55.73  2933700  55.73
2012-11-26  56.7  57.19  56.47  56.48  1884400  56.48
2012-11-23  56.71  57.12  56.63  57.01  788300  57.01
2012-11-21  56.15  56.57  55.89  56.51  1237600  56.51
2012-11-20  55.2  56.23  55.03  56.23  2428800  56.23
2012-11-19  55.86  55.89  55.41  55.64  2439700  55.64
2012-11-16  55.29  55.48  54.94  55.48  4519500  55.48
2012-11-15  55.31  55.39  54.82  55.25  2117600  55.25
2012-11-14  55.57  56.09  55.05  55.18  1756800  55.18
2012-11-13  55.06  55.95  54.92  55.46  1952900  55.46
2012-11-12  54.91  55.49  54.55  55.3  1185600  55.3
2012-11-09  54.32  55.25  54.23  54.93  1519700  54.93
2012-11-08  54.66  55.09  54.32  54.5  1556100  54.5
2012-11-07  55.02  55.26  54.06  54.79  2110900  54.79
2012-11-06  54.45  55.65  54.42  55.59  2289900  55.59
2012-11-05  53.92  54.58  53.85  54.38  1216500  54.38
2012-11-02  54.3  54.7  53.92  54.18  1954300  54.18
2012-11-01  53.26  54.14  52.91  54.11  1807800  54.11
2012-10-31  53.81  53.91  52.93  53.27  1957300  53.27
2012-10-26  51.92  53.22  51.8  53.0  2112700  53.0
2012-10-25  51.58  51.94  51.34  51.54  1480000  51.54
2012-10-24  51.59  51.7  51.11  51.27  1149400  51.27
2012-10-23  51.36  51.59  50.98  51.46  1030000  51.46
2012-10-22  51.73  51.89  51.41  51.88  1502000  51.88
2012-10-19  52.51  52.55  51.62  51.73  1484800  51.73
2012-10-18  53.18  53.45  52.66  52.78  1155500  52.78
2012-10-17  52.95  53.36  52.81  53.27  930100  53.27
2012-10-16  52.94  52.97  52.55  52.65  1421900  52.65
2012-10-15  52.42  52.67  52.18  52.49  957100  52.49
2012-10-12  53.26  53.35  52.25  52.36  1922300  52.36
2012-10-11  52.18  52.6  52.04  52.33  1115500  52.33
2012-10-10  52.59  52.59  51.99  52.08  886300  52.08
2012-10-09  53.06  53.22  52.51  52.53  677200  52.53
2012-10-08  53.26  53.34  52.96  53.05  917700  53.05
2012-10-05  53.11  53.45  53.07  53.29  1271600  53.29
2012-10-04  52.66  53.02  52.58  52.87  1301500  52.87
2012-10-03  52.34  52.55  52.12  52.46  1187800  52.46
2012-10-02  52.5  52.63  52.14  52.3  1705900  52.3
2012-10-01  51.82  52.56  51.8  52.46  1660700  52.46
2012-09-28  51.44  51.65  51.04  51.48  1056300  51.48
2012-09-27  51.22  51.74  51.07  51.66  1180000  51.66
2012-09-26  51.08  51.42  50.93  50.94  724900  50.94
2012-09-25  51.69  51.9  51.08  51.08  1147300  51.08
2012-09-24  51.44  51.82  51.38  51.59  1319300  51.59
2012-09-21  51.92  52.04  51.8  51.86  1388400  51.86
2012-09-20  51.47  51.82  51.23  51.8  925400  51.8
2012-09-19  51.96  52.08  51.69  51.83  976300  51.83
2012-09-18  51.93  52.2  51.71  52.01  1296700  52.01
2012-09-17  52.26  52.42  51.74  51.93  1404000  51.93
2012-09-14  52.06  52.36  51.65  52.27  1791800  52.27
2012-09-13  51.0  51.97  50.92  51.75  1816200  51.75
2012-09-12  51.19  51.44  50.97  51.09  939300  51.09
2012-09-11  50.78  51.11  50.69  51.05  894300  51.05
2012-09-10  51.02  51.28  50.79  50.86  1005400  50.86
2012-09-07  51.47  51.47  50.93  51.15  1930700  51.15
2012-09-06  50.98  51.41  50.74  51.36  1637800  51.36
2012-09-05  50.88  50.93  50.62  50.67  1298500  50.67
2012-09-04  51.02  51.29  50.71  50.97  991300  50.97
2012-08-31  51.08  51.34  50.8  51.15  1053800  51.15
2012-08-30  50.94  51.15  50.77  50.91  1047400  50.91
2012-08-29  51.45  51.56  51.18  51.21  1012300  51.21
2012-08-28  51.34  51.64  51.01  51.33  1309400  51.33
2012-08-27  51.64  51.64  51.25  51.37  1082600  51.37
2012-08-24  51.34  51.77  51.26  51.55  1303900  51.55
2012-08-23  51.71  51.99  51.31  51.33  1182600  51.33
2012-08-22  51.74  52.15  51.59  51.9  1022500  51.9
2012-08-21  52.26  52.41  51.71  51.81  1459900  51.81
2012-08-20  52.33  52.4  51.98  52.25  1332000  52.25
2012-08-17  52.42  52.52  52.22  52.46  1455900  52.46
2012-08-16  51.63  52.23  51.51  52.22  1561800  52.22
2012-08-15  51.46  51.93  51.36  51.68  1616100  51.68
2012-08-14  51.19  51.6  51.11  51.43  1671700  51.43
2012-08-13  50.79  51.19  50.54  51.09  1290500  51.09
2012-08-10  50.64  51.09  50.43  51.02  1792600  51.02
2012-08-09  50.37  50.98  50.37  50.65  1482200  50.65
2012-08-08  49.92  50.8  49.64  50.5  3252400  50.5
2012-08-07  49.69  50.21  49.63  50.01  2028800  50.01
2012-08-06  49.7  49.93  49.42  49.55  1799700  49.55
2012-08-03  49.22  49.97  49.0  49.7  2811000  49.7
2012-08-02  48.31  48.7  47.99  48.58  1630800  48.58
2012-08-01  48.76  49.16  47.72  48.76  1760800  48.76
2012-07-31  48.95  49.17  48.34  48.43  1782200  48.43
2012-07-30  48.4  49.14  48.11  49.03  2108800  49.03
2012-07-27  46.33  48.7  46.33  48.4  4251100  48.4
2012-07-26  45.91  46.04  45.42  45.61  2508000  45.61
2012-07-25  45.4  45.96  45.03  45.28  870400  45.28
2012-07-24  45.9  45.93  45.02  45.32  1142800  45.32
2012-07-23  45.49  45.98  45.26  45.8  1040300  45.8
2012-07-20  46.23  46.61  46.04  46.1  1447400  46.1
2012-07-19  46.89  47.02  46.4  46.5  924000  46.5
2012-07-18  46.64  47.13  46.42  46.92  1048900  46.92
2012-07-17  46.56  46.83  46.46  46.79  1206800  46.79
2012-07-16  46.53  46.77  46.44  46.51  1041300  46.51
2012-07-13  46.34  46.84  46.34  46.74  1346500  46.74
2012-07-12  45.88  46.48  45.63  46.25  1340400  46.25
2012-07-11  45.94  46.35  45.68  46.26  1092700  46.26
2012-07-10  46.13  46.37  45.77  45.85  1150700  45.85
2012-07-09  46.32  46.58  45.99  46.12  1169300  46.12
2012-07-06  46.78  46.79  46.38  46.39  995400  46.39
2012-07-05  46.74  47.37  46.58  47.17  1563700  47.17
2012-07-03  46.38  46.83  46.33  46.83  629400  46.83
2012-07-02  46.07  46.5  45.76  46.47  1863700  46.47
2012-06-29  45.64  45.9  45.23  45.9  2400700  45.9
2012-06-28  44.91  45.0  44.53  44.86  2584200  44.86
2012-06-27  45.27  45.27  44.63  45.22  1071700  45.22
2012-06-26  44.73  45.01  44.61  44.67  1565300  44.67
2012-06-25  44.87  45.0  44.31  44.57  1815200  44.57
2012-06-22  45.36  45.55  45.14  45.32  2296100  45.32
2012-06-21  46.23  46.24  45.17  45.22  1295500  45.22
2012-06-20  46.18  46.22  45.68  46.12  1110100  46.12
2012-06-19  46.14  46.42  45.81  46.24  1537800  46.24
2012-06-18  45.75  46.19  45.75  45.97  1258800  45.97
2012-06-15  45.74  46.12  45.67  46.12  2510000  46.12
2012-06-14  45.54  45.76  45.36  45.56  1772500  45.56
2012-06-13  45.67  45.82  45.27  45.38  1897500  45.38
2012-06-12  45.37  45.87  45.27  45.87  1118000  45.87
2012-06-11  46.22  46.29  45.21  45.22  1241200  45.22
2012-06-08  45.74  45.9  45.32  45.9  1498200  45.9
2012-06-07  46.71  46.79  45.63  45.73  2401100  45.73
2012-06-06  45.0  46.26  44.79  46.26  2700400  46.26
2012-06-05  44.4  44.84  44.24  44.66  1919800  44.66
2012-06-04  44.34  44.88  44.2  44.49  1827000  44.49
2012-06-01  44.99  45.3  44.25  44.27  3010900  44.27
2012-05-31  45.33  45.89  45.16  45.63  3166700  45.63
2012-05-30  46.46  46.5  45.48  45.48  2071900  45.48
2012-05-29  46.39  46.77  46.18  46.57  1770400  46.57
2012-05-25  46.59  46.71  46.39  46.5  1978300  46.5
2012-05-24  45.81  46.46  45.73  46.46  1976400  46.46
2012-05-23  45.2  45.98  44.98  45.93  2063500  45.93
2012-05-22  45.52  45.96  45.26  45.46  2237400  45.46
2012-05-21  44.83  45.43  44.81  45.4  2069200  45.4
2012-05-18  45.21  45.42  44.78  44.84  2542200  44.84
2012-05-17  45.88  46.01  45.28  45.28  2525400  45.28
2012-05-16  46.91  47.03  45.74  45.8  3738900  45.8
2012-05-15  46.36  47.21  46.22  46.81  2458400  46.81
2012-05-14  46.96  47.19  46.75  46.93  2776800  46.93
2012-05-11  46.92  47.74  46.76  47.25  2196900  47.25
2012-05-10  47.2  47.54  46.91  47.26  3417100  47.26
2012-05-09  46.72  47.49  46.67  47.19  2865400  47.19
2012-05-08  47.1  47.43  46.83  47.09  4954400  47.09
2012-05-07  47.49  47.54  47.13  47.18  4219000  47.18
2012-05-04  49.06  49.06  47.41  47.48  6800300  47.48
2012-05-03  50.8  51.01  50.13  50.39  2638400  50.39
2012-05-02  50.92  50.93  50.51  50.71  1631000  50.71
2012-05-01  50.73  51.62  50.61  51.15  2532000  51.15
2012-04-30  50.56  50.89  50.34  50.83  1662800  50.83
2012-04-27  50.97  50.99  50.33  50.65  1825500  50.65
2012-04-26  50.02  50.85  49.62  50.84  2548300  50.84
2012-04-25  49.76  50.33  49.52  50.28  2418300  50.28
2012-04-24  48.91  49.52  48.77  49.52  2225000  49.52
2012-04-23  48.02  48.91  48.01  48.91  2692300  48.91
2012-04-20  48.57  48.83  48.38  48.72  2845200  48.72
2012-04-19  48.78  48.91  48.38  48.63  3164800  48.63
2012-04-18  47.69  47.99  47.51  47.79  2312300  47.79
2012-04-17  47.66  47.88  47.32  47.87  1786100  47.87
2012-04-16  47.65  47.72  47.43  47.47  1862700  47.47
2012-04-13  47.42  47.85  47.39  47.41  2904900  47.41
2012-04-12  46.93  47.45  46.71  47.45  1438600  47.45
2012-04-11  46.55  46.94  46.28  46.9  1587100  46.9
2012-04-10  46.92  46.99  46.2  46.21  1595600  46.21
2012-04-09  46.93  47.16  46.72  46.98  2424900  46.98
2012-04-05  47.41  47.59  47.2  47.36  1547900  47.36
2012-04-04  47.8  48.02  47.43  47.59  1663600  47.59
2012-04-03  48.01  48.22  47.64  48.16  1612400  48.16
2012-04-02  47.94  48.29  47.68  48.15  1512700  48.15
2012-03-30  48.03  48.11  47.7  48.0  1449600  48.0
2012-03-29  47.62  47.97  47.49  47.91  1950200  47.91
2012-03-28  47.6  48.1  47.55  48.1  1667700  48.1
2012-03-27  47.91  48.02  47.56  47.56  1571500  47.56
2012-03-26  47.84  48.03  47.45  47.94  1793900  47.94
2012-03-23  47.24  47.75  47.21  47.6  1138300  47.6
2012-03-22  47.28  47.59  47.07  47.3  1417200  47.3
2012-03-21  47.63  47.78  47.51  47.52  1460400  47.52
2012-03-20  47.68  47.93  47.42  47.62  1695200  47.62
2012-03-19  47.75  48.15  47.65  47.94  1854600  47.94
2012-03-16  47.95  48.23  47.8  47.91  3164800  47.91
2012-03-15  48.11  48.11  47.72  47.97  2373000  47.97
2012-03-14  47.62  47.96  47.55  47.94  1637300  47.94
2012-03-13  47.24  47.73  46.92  47.73  2316500  47.73
2012-03-12  47.18  47.35  46.9  47.15  1769400  47.15
2012-03-09  46.63  47.2  46.46  47.03  1599000  47.03
2012-03-08  46.4  46.53  46.1  46.49  1258400  46.49
2012-03-07  46.21  46.37  45.94  46.18  1409000  46.18
2012-03-06  46.0  46.37  45.83  46.11  2263200  46.11
2012-03-05  46.13  46.51  46.08  46.33  1512600  46.33
2012-03-02  46.26  46.38  46.08  46.25  1823800  46.25
2012-03-01  45.79  46.29  45.72  46.25  1496800  46.25
2012-02-29  45.98  46.36  45.72  45.79  2253600  45.79
2012-02-28  46.32  46.48  45.77  45.81  2150400  45.81
2012-02-27  46.24  46.72  46.03  46.57  1286200  46.57
2012-02-24  47.13  47.13  46.45  46.5  1413500  46.5
2012-02-23  46.63  47.15  46.51  47.12  1834600  47.12
2012-02-22  46.45  46.73  46.4  46.7  2035200  46.7
2012-02-21  46.29  46.64  46.14  46.56  2669900  46.56
2012-02-17  46.8  46.84  46.25  46.59  2837100  46.59
2012-02-16  47.06  47.42  46.44  46.53  3029600  46.53
2012-02-15  47.3  47.38  46.77  46.96  4776300  46.96
2012-02-14  47.38  47.5  47.14  47.24  2005300  47.24
2012-02-13  47.73  47.93  47.5  47.62  2879000  47.62
2012-02-10  47.27  47.93  47.14  47.51  3398300  47.51
2012-02-09  47.52  47.73  47.24  47.59  3034000  47.59
2012-02-08  47.06  47.68  46.75  47.53  4143900  47.53
2012-02-07  46.43  47.12  46.32  46.99  5771100  46.99
2012-02-06  46.91  47.13  46.12  46.94  4518000  46.94
2012-02-03  46.12  48.15  45.26  47.02  8407500  47.02
2012-02-02  48.43  48.44  47.96  48.3  3811100  48.3
2012-02-01  47.79  48.39  47.77  48.3  2557500  48.3
2012-01-31  47.13  47.59  47.11  47.38  2697400  47.38
2012-01-30  46.39  47.0  46.23  46.93  1886800  46.93
2012-01-27  46.03  47.08  45.92  46.95  2417300  46.95
2012-01-26  46.53  46.59  46.11  46.47  2681800  46.47
2012-01-25  45.7  46.34  45.58  46.32  1863200  46.32
2012-01-24  45.67  46.23  45.65  45.87  1707000  45.87
2012-01-23  46.18  46.29  45.58  45.99  2183200  45.99
2012-01-20  46.31  46.51  46.02  46.31  2644900  46.31
2012-01-19  45.97  46.45  45.77  46.32  1652200  46.32
2012-01-18  45.23  45.82  44.89  45.79  1768300  45.79
2012-01-17  45.33  45.84  45.22  45.33  1826300  45.33
2012-01-13  45.05  45.21  44.56  45.13  1929800  45.13
2012-01-12  45.41  45.72  45.29  45.51  1861400  45.51
2012-01-11  45.35  45.35  44.95  45.28  891500  45.28
2012-01-10  45.38  45.75  45.18  45.58  1797600  45.58
2012-01-09  45.01  45.33  44.76  45.11  2141500  45.11
2012-01-06  45.33  45.45  44.74  45.0  1064400  45.0
2012-01-05  44.84  45.56  44.45  45.35  1525300  45.35
2012-01-04  45.61  45.63  45.01  45.1  1284800  45.1
2012-01-03  46.33  46.67  45.7  45.87  1793700  45.87
2011-12-30  45.78  45.85  45.6  45.64  640500  45.64
2011-12-29  45.59  45.74  45.49  45.71  1232500  45.71
2011-12-28  45.93  46.05  45.56  45.59  1098100  45.59
2011-12-27  45.75  46.06  45.63  45.95  1522500  45.95
2011-12-23  45.87  46.01  45.5  45.7  1449800  45.7
2011-12-22  45.17  45.92  45.08  45.84  2272900  45.84
2011-12-21  44.71  45.22  44.66  45.15  2019800  45.15
2011-12-20  44.11  44.71  44.02  44.66  2700800  44.66
2011-12-19  43.74  43.94  43.34  43.48  1628300  43.48
2011-12-16  44.3  44.52  43.6  43.75  2638600  43.75
2011-12-15  44.36  44.42  43.95  44.09  1874000  44.09
2011-12-14  43.38  44.09  43.35  43.94  3111600  43.94
2011-12-13  44.32  44.48  43.26  43.41  3365300  43.41
2011-12-12  44.7  44.83  43.97  44.21  1490700  44.21
2011-12-09  45.0  45.31  44.7  45.14  2477700  45.14
2011-12-08  44.71  45.06  44.59  44.67  3399300  44.67
2011-12-07  45.3  45.3  44.7  45.09  1939300  45.09
2011-12-06  45.11  45.24  44.91  45.05  1562200  45.05
2011-12-05  45.46  45.51  44.83  45.11  2083600  45.11
2011-12-02  45.16  45.4  44.84  44.87  1690600  44.87
2011-12-01  44.62  44.9  44.45  44.73  1073900  44.73
2011-11-30  43.52  44.92  43.51  44.83  3475400  44.83
2011-11-29  43.57  43.7  43.27  43.36  1114300  43.36
2011-11-28  43.84  43.85  43.23  43.58  1654100  43.58
2011-11-25  42.35  43.27  42.3  43.14  1163700  43.14
2011-11-23  42.67  42.98  42.38  42.6  2519600  42.6
2011-11-22  43.5  43.63  42.86  42.92  2525400  42.92
2011-11-21  44.02  44.29  43.38  43.69  2362600  43.69
2011-11-18  45.2  45.21  44.61  44.65  2839700  44.65
2011-11-17  45.35  45.67  45.06  45.27  2761800  45.27
2011-11-16  45.76  46.14  45.31  45.35  1863400  45.35
2011-11-15  46.23  46.51  46.05  46.2  1673600  46.2
2011-11-14  46.73  46.81  46.09  46.28  1172500  46.28
2011-11-11  46.79  47.28  46.69  46.9  1733100  46.9
2011-11-10  46.83  46.83  45.93  46.22  2698100  46.22
2011-11-09  46.06  46.72  45.98  46.32  3568900  46.32
2011-11-08  46.66  47.19  46.25  47.1  2312500  47.1
2011-11-07  46.08  46.3  45.62  46.25  2266800  46.25
2011-11-04  45.63  46.5  45.59  46.24  2979900  46.24
2011-11-03  46.14  46.3  45.26  46.13  2283400  46.13
2011-11-02  45.24  46.12  45.14  45.75  4248700  45.75
2011-11-01  44.15  45.11  44.13  44.43  5526500  44.43
2011-10-31  45.96  46.21  45.41  45.47  5234000  45.47
2011-10-28  48.07  48.62  44.69  46.8  7038100  46.8
2011-10-27  49.24  49.7  48.43  49.53  3468800  49.53
2011-10-26  48.36  48.88  47.62  48.35  3162500  48.35
2011-10-25  47.61  48.31  46.93  47.73  3689400  47.73
2011-10-24  47.91  48.88  47.91  48.79  2991000  48.79
2011-10-21  46.47  47.97  46.47  47.97  4326700  47.97
2011-10-20  45.24  46.13  44.94  46.0  4556200  46.0
2011-10-19  44.53  45.94  44.37  45.3  3607200  45.3
2011-10-18  43.35  45.04  43.22  44.71  2497500  44.71
2011-10-17  43.7  43.7  43.14  43.21  2878600  43.21
2011-10-14  43.9  43.95  43.39  43.87  1805600  43.87
2011-10-13  43.47  43.66  43.05  43.48  1760400  43.48
2011-10-12  43.36  44.03  43.16  43.63  2970400  43.63
2011-10-11  42.74  43.27  42.5  43.1  1908300  43.1
2011-10-10  42.92  43.29  42.67  43.18  3005700  43.18
2011-10-07  43.06  43.1  41.92  42.1  3132500  42.1
2011-10-06  41.84  42.8  41.53  42.77  3354900  42.77
2011-10-05  40.94  42.22  40.49  42.07  4956900  42.07
2011-10-04  38.96  41.14  38.8  40.99  4500000  40.99
2011-10-03  40.48  41.25  39.5  39.5  3994000  39.5
2011-09-30  40.45  41.32  40.24  40.82  4631200  40.82
2011-09-29  39.79  41.12  39.73  41.12  4576500  41.12
2011-09-28  40.01  40.1  38.88  38.94  3034400  38.94
2011-09-27  40.29  41.03  39.82  40.07  2942100  40.07
2011-09-26  39.42  39.66  38.64  39.61  3455300  39.61
2011-09-23  39.2  39.65  38.78  38.9  3106900  38.9
2011-09-22  39.53  39.87  38.58  39.31  4355700  39.31
2011-09-21  41.85  42.0  39.99  39.99  2909100  39.99
2011-09-20  42.52  42.81  41.85  41.87  1650900  41.87
2011-09-19  42.08  42.53  41.74  42.27  1842800  42.27
2011-09-16  42.77  42.9  41.89  42.8  2571500  42.8
2011-09-15  42.2  42.76  41.92  42.56  3082200  42.56
2011-09-14  42.03  42.11  41.31  41.71  2980100  41.71
2011-09-13  42.42  42.47  41.16  41.66  3220900  41.66
2011-09-12  42.02  42.31  41.26  42.2  2811800  42.2
2011-09-09  43.29  43.35  42.21  42.39  2696500  42.39
2011-09-08  44.14  44.52  43.69  43.78  1820200  43.78
2011-09-07  43.76  44.51  43.69  44.48  1370500  44.48
2011-09-06  42.38  43.18  42.38  43.13  2294500  43.13
2011-09-02  44.37  44.57  43.59  43.59  2173900  43.59
2011-09-01  45.51  45.97  44.83  44.89  2416800  44.89
2011-08-31  45.86  45.94  44.96  45.44  2381900  45.44
2011-08-30  45.64  45.74  44.88  45.41  1292700  45.41
2011-08-29  45.29  45.85  45.07  45.85  1930000  45.85
2011-08-26  43.83  45.08  43.58  44.77  2396900  44.77
2011-08-25  44.34  44.55  43.24  43.9  2579000  43.9
2011-08-24  44.12  44.68  43.51  44.13  3101500  44.13
2011-08-23  42.54  44.22  42.45  44.21  2821400  44.21
2011-08-22  43.98  43.98  41.99  42.35  3063200  42.35
2011-08-19  42.53  43.91  42.49  43.06  2773300  43.06
2011-08-18  43.84  43.87  42.75  43.03  3133900  43.03
2011-08-17  44.99  45.5  44.63  45.13  1634200  45.13
2011-08-16  44.76  45.04  44.2  44.77  2092500  44.77
2011-08-15  44.62  45.09  44.35  45.09  1922200  45.09
2011-08-12  44.57  44.98  43.66  44.19  1953000  44.19
2011-08-11  42.41  44.79  42.05  44.29  4016400  44.29
2011-08-10  43.28  43.79  42.06  42.16  5225600  42.16
2011-08-09  41.44  44.25  40.8  44.18  5983400  44.18
2011-08-08  42.82  43.61  40.61  40.64  6135900  40.64
2011-08-05  45.27  45.3  43.31  43.65  6057500  43.65
2011-08-04  45.66  45.91  44.74  44.75  3553500  44.75
2011-08-03  45.73  46.19  45.28  46.14  2566800  46.14
2011-08-02  46.13  46.57  45.77  45.78  2471000  45.78
2011-08-01  47.28  47.41  46.27  46.53  2145700  46.53
2011-07-29  46.67  47.44  46.39  46.79  3778600  46.79
2011-07-28  48.48  48.76  47.86  48.03  1781600  48.03
2011-07-27  48.77  49.38  48.38  48.4  2355900  48.4
2011-07-26  48.65  49.21  48.65  49.04  1395000  49.04
2011-07-25  48.49  48.99  48.33  48.75  1448300  48.75
2011-07-22  49.31  49.31  48.47  48.83  1363500  48.83
2011-07-21  48.51  49.2  48.32  48.86  1751300  48.86
2011-07-20  47.63  48.24  47.28  48.08  1844900  48.08
2011-07-19  46.72  47.55  46.69  47.55  2457400  47.55
2011-07-18  48.22  48.28  47.23  47.39  1367700  47.39
2011-07-15  48.92  48.92  48.07  48.34  1799100  48.34
2011-07-14  49.33  49.44  48.64  48.72  1244300  48.72
2011-07-13  49.7  49.93  48.98  49.13  1334700  49.13
2011-07-12  49.11  50.16  49.11  49.7  1666900  49.7
2011-07-11  49.45  49.73  49.08  49.16  1133600  49.16
2011-07-08  49.74  50.16  49.7  50.09  1265700  50.09
2011-07-07  50.32  50.58  50.18  50.25  1469900  50.25
2011-07-06  49.87  49.93  49.44  49.91  1750500  49.91
2011-07-05  49.89  50.21  49.58  49.96  1780300  49.96
2011-07-01  49.8  50.15  49.46  50.13  1896900  50.13
2011-06-30  49.18  49.79  48.92  49.73  1853500  49.73
2011-06-29  48.41  49.17  48.3  49.14  2278000  49.14
2011-06-28  48.04  48.4  47.97  48.21  1506300  48.21
2011-06-27  47.54  48.1  47.54  47.78  1469200  47.78
2011-06-24  47.87  48.05  47.17  47.62  2055800  47.62
2011-06-23  47.67  47.87  47.35  47.77  1806100  47.77
2011-06-22  48.61  48.72  48.04  48.05  1294000  48.05
2011-06-21  48.33  48.92  48.33  48.68  2053100  48.68
2011-06-20  47.67  48.66  47.66  48.07  2104700  48.07
2011-06-17  48.37  48.47  47.68  47.88  3303200  47.88
2011-06-16  48.56  48.84  47.96  48.0  1965100  48.0
2011-06-15  49.07  49.32  48.41  48.59  1571900  48.59
2011-06-14  49.34  49.73  49.34  49.43  1756200  49.43
2011-06-13  48.93  49.15  48.61  48.93  1918100  48.93
2011-06-10  49.08  49.15  48.6  48.67  2090000  48.67
2011-06-09  49.26  49.73  49.09  49.25  2272200  49.25
2011-06-08  49.89  49.89  48.98  49.01  1636200  49.01
2011-06-07  50.04  50.88  49.94  50.05  2642200  50.05
2011-06-06  49.76  50.53  49.57  49.92  2210000  49.92
2011-06-03  49.44  50.22  49.36  49.94  1505800  49.94
2011-06-02  49.93  50.14  49.58  49.99  1627700  49.99
2011-06-01  50.38  50.58  49.9  49.9  2004700  49.9
2011-05-31  50.19  50.57  50.02  50.56  2908900  50.56
2011-05-27  50.41  50.41  49.76  49.8  1929500  49.8
2011-05-26  49.9  50.4  49.9  50.35  2777200  50.35
2011-05-25  50.11  50.23  49.39  50.11  2438500  50.11
2011-05-24  50.25  50.38  49.54  49.72  2599600  49.72
2011-05-23  50.04  50.41  49.91  50.25  1983400  50.25
2011-05-20  50.89  51.08  50.56  50.63  1361000  50.63
2011-05-19  50.95  51.14  50.71  51.0  1492500  51.0
2011-05-18  50.72  51.14  50.64  50.87  1676400  50.87
2011-05-17  51.32  51.46  50.4  50.77  2031700  50.77
2011-05-16  50.97  51.7  50.93  51.49  1611400  51.49
2011-05-13  51.39  51.54  51.04  51.23  1333200  51.23
2011-05-12  51.02  51.53  50.81  51.44  1675900  51.44
2011-05-11  51.24  51.61  50.92  51.08  1656400  51.08
2011-05-10  51.02  51.73  50.61  51.45  1666400  51.45
2011-05-09  50.8  51.16  50.55  50.96  1396500  50.96
2011-05-06  51.0  51.5  50.8  50.92  1687700  50.92
2011-05-05  51.05  51.17  50.47  50.65  2014800  50.65
2011-05-04  51.11  51.39  50.75  51.23  2062200  51.23
2011-05-03  50.98  51.28  50.75  51.21  2229400  51.21
2011-05-02  51.81  51.81  50.9  50.97  2475100  50.97
2011-04-29  51.16  51.47  50.36  50.58  3247100  50.58
2011-04-28  51.06  51.73  50.87  51.65  1987800  51.65
2011-04-27  51.16  51.25  50.38  51.1  1185700  51.1
2011-04-26  50.84  51.29  50.78  51.13  1600000  51.13
2011-04-25  50.5  50.76  50.33  50.59  1029400  50.59
2011-04-21  50.61  50.77  50.46  50.59  1674100  50.59
2011-04-20  50.35  50.8  50.27  50.31  2603300  50.31
2011-04-19  50.08  50.2  49.69  49.83  1918100  49.83
2011-04-18  50.28  50.34  49.78  49.92  2584000  49.92
2011-04-15  50.67  51.15  50.3  50.87  1513000  50.87
2011-04-14  50.59  50.74  50.24  50.64  1433300  50.64
2011-04-13  50.89  51.06  50.7  50.91  1461500  50.91
2011-04-12  51.14  51.16  50.47  50.62  2086000  50.62
2011-04-11  51.68  51.87  51.15  51.74  1487700  51.74
2011-04-08  52.73  52.83  51.37  51.64  1957800  51.64
2011-04-07  51.89  52.92  51.75  52.52  2135800  52.52
2011-04-06  52.01  52.08  51.62  52.01  1397500  52.01
2011-04-05  51.94  52.36  51.7  51.81  1542400  51.81
2011-04-04  52.12  52.54  52.01  52.16  1849500  52.16
2011-04-01  51.58  52.34  51.58  52.12  1952500  52.12
2011-03-31  50.84  51.47  50.84  51.34  2691000  51.34
2011-03-30  51.15  51.55  50.84  50.94  2304200  50.94
2011-03-29  50.55  50.96  50.42  50.94  1682800  50.94
2011-03-28  50.7  51.07  50.61  50.81  1928000  50.81
2011-03-25  50.55  51.02  50.39  50.67  995400  50.67
2011-03-24  50.29  50.54  50.03  50.54  1173000  50.54
2011-03-23  49.92  50.19  49.43  49.93  1346200  49.93
2011-03-22  50.68  50.68  50.01  50.05  1268900  50.05
2011-03-21  50.63  50.8  50.34  50.61  1436600  50.61
2011-03-18  50.8  50.88  50.24  50.38  2339100  50.38
2011-03-17  50.52  50.54  49.93  50.23  1806900  50.23
2011-03-16  50.42  50.78  49.58  49.85  3192700  49.85
2011-03-15  49.6  51.16  49.5  50.77  4672400  50.77
2011-03-14  49.66  50.48  49.46  50.36  4235100  50.36
2011-03-11  48.91  50.48  48.4  49.68  4201300  49.68
2011-03-10  49.44  49.44  47.86  48.39  4198400  48.39
2011-03-09  49.72  50.01  49.42  49.65  1264300  49.65
2011-03-08  49.83  50.32  49.6  50.06  1408500  50.06
2011-03-07  49.99  50.32  49.49  49.61  1576300  49.61
2011-03-04  50.23  50.38  49.44  49.89  1891000  49.89
2011-03-03  49.91  50.47  49.82  50.35  2251400  50.35
2011-03-02  50.25  50.34  49.43  49.46  3019100  49.46
2011-03-01  51.23  51.33  50.15  50.31  2562300  50.31
2011-02-28  50.88  51.38  50.64  51.03  2521700  51.03
2011-02-25  50.62  50.95  50.3  50.89  2499600  50.89
2011-02-24  50.43  50.78  50.1  50.33  2591100  50.33
2011-02-23  50.21  50.86  50.03  50.38  3089600  50.38
2011-02-22  50.69  51.43  50.5  50.64  3238000  50.64
2011-02-18  50.35  51.37  49.97  51.31  2493100  51.31
2011-02-17  49.42  50.4  49.2  50.33  1843100  50.33
2011-02-16  49.78  50.48  49.75  50.22  2223300  50.22
2011-02-15  48.99  50.4  48.92  49.75  3709600  49.75
2011-02-14  48.23  49.38  48.07  49.32  3570900  49.32
2011-02-11  47.81  48.52  47.81  48.37  2021600  48.37
2011-02-10  47.48  48.25  47.34  48.08  2379300  48.08
2011-02-09  47.57  47.77  47.42  47.72  1677400  47.72
2011-02-08  47.38  47.8  47.38  47.69  2578600  47.69
2011-02-07  46.36  47.25  46.34  47.21  2528500  47.21
2011-02-04  45.43  46.78  45.1  46.69  5210100  46.69
2011-02-03  44.91  45.15  44.58  44.75  1764500  44.75
2011-02-02  44.81  45.17  44.73  44.95  1702500  44.95
2011-02-01  44.49  44.9  44.2  44.85  2108000  44.85
2011-01-31  43.95  44.34  43.73  44.34  1563700  44.34
2011-01-28  44.45  44.69  43.93  43.94  1869000  43.94
2011-01-27  44.17  44.42  43.93  44.36  1328000  44.36
2011-01-26  44.09  44.37  44.02  44.23  1905000  44.23
2011-01-25  43.44  44.15  43.34  44.02  1913800  44.02
2011-01-24  43.69  43.78  43.21  43.49  1896000  43.49
2011-01-21  43.85  43.92  43.4  43.79  1562100  43.79
2011-01-20  42.96  43.61  42.96  43.55  2253700  43.55
2011-01-19  43.35  43.45  42.97  43.07  1306400  43.07
2011-01-18  43.17  43.53  43.05  43.38  1786100  43.38
2011-01-14  42.22  43.24  42.22  43.19  2404400  43.19
2011-01-13  42.38  42.49  41.85  42.35  2393700  42.35
2011-01-12  42.66  42.92  42.22  42.42  2827000  42.42
2011-01-11  42.71  42.72  42.34  42.47  1992200  42.47
2011-01-10  42.65  42.76  42.3  42.53  2699600  42.53
2011-01-07  43.4  43.45  42.61  42.85  2520400  42.85
2011-01-06  43.48  43.57  42.92  43.27  3003000  43.27
2011-01-05  43.42  43.62  43.27  43.48  4418000  43.48
2011-01-04  44.0  44.25  43.33  43.47  5230900  43.47
2011-01-03  44.71  44.77  43.92  43.99  4151100  43.99
2010-12-31  44.24  44.49  44.24  44.46  1360900  44.46
2010-12-30  44.29  44.68  44.07  44.5  1154200  44.5
2010-12-29  44.25  44.45  44.19  44.37  1553100  44.37
2010-12-28  44.46  44.46  43.92  44.17  1312000  44.17
2010-12-27  44.19  44.45  44.13  44.33  937900  44.33
2010-12-23  44.29  44.43  44.15  44.32  1776800  44.32
2010-12-22  44.11  44.4  43.87  44.4  2261100  44.4
2010-12-21  43.85  44.24  43.67  44.19  2672800  44.19
2010-12-20  43.59  44.06  43.33  43.8  2384600  43.8
2010-12-17  43.19  43.77  43.16  43.58  3253800  43.58
2010-12-16  42.88  43.12  42.72  42.99  1876500  42.99
2010-12-15  42.94  43.27  42.71  42.84  1561500  42.84
2010-12-14  42.66  43.31  42.52  43.12  2116700  43.12
2010-12-13  42.56  42.97  42.38  42.64  3640800  42.64
2010-12-10  42.18  42.3  41.98  42.21  1681800  42.21
2010-12-09  42.01  42.29  41.89  42.0  1829200  42.0
2010-12-08  42.21  42.24  41.77  41.88  2657200  41.88
2010-12-07  42.09  42.55  41.91  42.22  3387400  42.22
2010-12-06  41.1  42.0  41.04  41.82  3504300  41.82
2010-12-03  40.72  41.48  40.64  41.34  2870500  41.34
2010-12-02  39.91  40.91  39.89  40.84  3267200  40.84
2010-12-01  39.13  39.96  39.13  39.92  2269500  39.92
2010-11-30  38.74  39.13  38.71  38.77  3314100  38.77
2010-11-29  38.94  39.21  38.71  39.09  1765100  39.09
2010-11-26  39.17  39.46  39.15  39.31  528100  39.31
2010-11-24  38.98  39.61  38.92  39.52  1601100  39.52
2010-11-23  39.21  39.24  38.79  38.89  1731700  38.89
2010-11-22  39.4  39.63  39.19  39.46  1444300  39.46
2010-11-19  39.69  39.75  39.38  39.63  1658700  39.63
2010-11-18  39.82  40.02  39.59  39.66  2220200  39.66
2010-11-17  39.34  39.82  39.28  39.5  1661400  39.5
2010-11-16  39.76  39.96  39.19  39.41  1710500  39.41
2010-11-15  39.7  40.17  39.66  39.87  1281200  39.87
2010-11-12  39.87  40.05  39.58  39.69  1786900  39.69
2010-11-11  39.88  40.17  39.75  40.0  1245400  40.0
2010-11-10  40.06  40.37  39.79  40.21  2223000  40.21
2010-11-09  40.11  40.52  39.84  40.04  3174700  40.04
2010-11-08  40.04  40.08  39.58  40.07  3099600  40.07
2010-11-05  39.69  40.37  39.57  40.37  3876400  40.37
2010-11-04  38.85  39.71  38.61  39.7  4543600  39.7
2010-11-03  38.5  38.74  38.43  38.59  3210700  38.59
2010-11-02  38.54  38.65  38.36  38.55  2671700  38.55
2010-11-01  38.66  38.82  38.23  38.43  2428500  38.43
2010-10-29  38.54  39.07  38.09  38.41  6026400  38.41
2010-10-28  39.58  39.6  38.98  39.29  2350200  39.29
2010-10-27  38.56  39.36  38.56  39.35  2921000  39.35
2010-10-26  38.61  38.94  38.56  38.88  2201000  38.88
2010-10-25  38.79  38.9  38.67  38.8  1691200  38.8
2010-10-22  38.65  38.69  38.47  38.53  1525200  38.53
2010-10-21  38.3  38.86  38.12  38.57  2539100  38.57
2010-10-20  38.11  38.23  37.95  38.17  2148600  38.17
2010-10-19  37.96  38.42  37.72  38.02  2891000  38.02
2010-10-18  37.95  38.55  37.84  38.55  2158000  38.55
2010-10-15  38.25  38.25  37.79  37.99  2512300  37.99
2010-10-14  37.88  38.08  37.67  38.02  2310800  38.02
2010-10-13  38.13  38.13  37.68  37.99  2079500  37.99
2010-10-12  37.52  38.08  37.38  38.03  2315500  38.03
2010-10-11  37.87  38.02  37.5  37.54  2374100  37.54
2010-10-08  37.97  38.0  37.51  37.94  2466300  37.94
2010-10-07  38.2  38.36  37.8  37.9  1912300  37.9
2010-10-06  38.19  38.24  37.89  38.05  2223800  38.05
2010-10-05  37.79  38.27  37.79  38.19  3438800  38.19
2010-10-04  37.35  37.78  37.28  37.74  3941700  37.74
2010-10-01  37.93  38.03  37.52  37.82  14637300  37.82
2010-09-30  38.0  38.23  37.57  37.65  5116100  37.65
2010-09-29  38.01  38.58  37.88  38.14  3352400  38.14
2010-09-28  38.01  38.25  37.84  38.1  3250500  38.1
2010-09-27  37.18  38.42  37.12  37.98  2586600  37.98
2010-09-24  37.18  38.25  37.18  37.98  3326600  37.98
2010-09-23  37.06  37.51  36.8  36.82  2927400  36.82
2010-09-22  37.4  37.47  37.03  37.31  2257600  37.31
2010-09-21  37.23  37.73  37.22  37.35  2064600  37.35
2010-09-20  36.7  37.39  36.58  37.36  4586900  37.36
2010-09-17  36.52  36.83  36.4  36.7  2350300  36.7
2010-09-16  36.28  36.49  36.17  36.48  1447600  36.48
2010-09-15  36.11  36.47  36.0  36.36  1988900  36.36
2010-09-14  36.58  36.69  36.36  36.41  2063300  36.41
2010-09-13  36.75  36.87  36.58  36.75  1699000  36.75
2010-09-10  36.68  36.74  36.11  36.36  1161600  36.36
2010-09-09  36.92  37.05  36.37  36.64  1240700  36.64
2010-09-08  36.42  36.68  36.28  36.37  1023800  36.37
2010-09-07  36.67  36.82  36.18  36.18  1665100  36.18
2010-09-03  36.58  36.96  36.4  36.94  2507800  36.94
2010-09-02  35.74  36.4  35.63  36.39  2421300  36.39
2010-09-01  35.2  35.84  35.02  35.78  2644400  35.78
2010-08-31  35.02  35.28  34.62  34.89  3293000  34.89
2010-08-30  35.62  35.73  35.03  35.03  2012600  35.03
2010-08-27  35.0  35.79  34.8  35.79  1982000  35.79
2010-08-26  35.29  35.46  34.81  34.92  1412600  34.92
2010-08-25  35.12  35.25  34.8  35.12  2477200  35.12
2010-08-24  35.24  35.51  34.94  35.21  2218800  35.21
2010-08-23  35.67  35.85  35.52  35.54  1682100  35.54
2010-08-20  35.27  35.58  35.14  35.53  2243500  35.53
2010-08-19  35.9  35.95  35.52  35.58  2778800  35.58
2010-08-18  35.8  36.18  35.59  36.05  2315000  36.05
2010-08-17  35.73  36.28  35.41  36.05  2720800  36.05
2010-08-16  35.4  35.58  35.16  35.37  1346700  35.37
2010-08-13  35.62  35.79  35.48  35.53  1799500  35.53
2010-08-12  35.69  35.91  35.4  35.79  1900500  35.79
2010-08-11  36.48  36.54  35.94  35.94  3870400  35.94
2010-08-10  37.05  37.24  36.67  37.02  2647900  37.02
2010-08-09  36.81  37.33  36.71  37.24  3312900  37.24
2010-08-06  36.38  36.8  35.83  36.78  5013000  36.78
2010-08-05  36.17  36.91  35.98  36.6  8322600  36.6
2010-08-04  36.57  36.64  36.09  36.32  3957000  36.32
2010-08-03  36.63  36.84  36.29  36.39  4788600  36.39
2010-08-02  36.66  36.96  36.54  36.71  5289100  36.71
2010-07-30  35.3  36.55  35.17  36.27  4841600  36.27
2010-07-29  35.42  35.61  34.89  35.27  5054000  35.27
2010-07-28  34.79  35.34  34.77  35.14  4116500  35.14
2010-07-27  35.56  35.56  34.79  34.91  6860100  34.91
2010-07-26  34.94  35.39  34.39  35.29  2887200  35.29
2010-07-23  35.07  35.17  34.77  35.11  4356300  35.11
2010-07-22  34.49  35.26  34.09  34.97  5065000  34.97
2010-07-21  34.9  34.99  34.12  34.16  4806800  34.16
2010-07-20  34.06  34.56  33.71  34.51  5013900  34.51
2010-07-19  34.79  34.83  33.94  34.21  5693500  34.21
2010-07-16  35.05  35.41  34.62  34.75  6481200  34.75
2010-07-15  35.49  35.55  35.11  35.46  8944100  35.46
2010-07-14  35.29  35.77  34.97  35.57  11266500  35.57
2010-07-13  34.26  35.62  34.23  35.54  15442100  35.54
2010-07-12  34.02  34.81  33.65  34.15  22718000  34.15
2010-07-09  36.68  36.79  36.48  36.76  788600  36.76
2010-07-08  36.66  36.81  36.27  36.64  1064100  36.64
2010-07-07  35.9  36.58  35.72  36.53  1326200  36.53
2010-07-06  35.96  36.24  35.43  35.71  1439400  35.71
2010-07-02  35.33  35.83  35.32  35.58  1449800  35.58
2010-07-01  35.48  35.48  34.82  35.26  2248300  35.26
2010-06-30  36.03  36.23  35.53  35.59  2249800  35.59
2010-06-29  36.6  36.71  35.96  36.17  2018600  36.17
2010-06-28  37.23  37.27  36.84  37.01  1236300  37.01
2010-06-25  36.95  37.24  36.5  37.12  2490500  37.12
2010-06-24  37.3  37.41  36.74  36.82  1394300  36.82
2010-06-23  37.45  37.58  37.13  37.34  1287800  37.34
2010-06-22  37.99  38.2  37.46  37.49  1248600  37.49
2010-06-21  38.39  38.39  37.78  37.93  1238500  37.93
2010-06-18  38.15  38.16  37.97  38.1  1696700  38.1
2010-06-17  37.78  38.04  37.63  38.03  1173800  38.03
2010-06-16  37.5  37.84  37.41  37.76  1376400  37.76
2010-06-15  37.26  37.67  36.72  37.63  2100400  37.63
2010-06-14  37.05  37.63  36.67  36.69  2247900  36.69
2010-06-11  36.46  37.0  36.22  37.0  2031900  37.0
2010-06-10  36.8  36.83  36.34  36.78  3249200  36.78
2010-06-09  37.28  37.44  36.13  36.24  2751000  36.24
2010-06-08  36.85  37.18  36.46  37.11  1956600  37.11
2010-06-07  36.99  37.36  36.84  36.84  1941000  36.84
2010-06-04  37.66  37.82  36.74  36.84  2097600  36.84
2010-06-03  37.95  38.26  37.95  38.17  1403300  38.17
2010-06-02  37.28  38.02  37.15  38.02  1602400  38.02
2010-06-01  37.63  37.69  37.04  37.04  1993000  37.04
2010-05-28  37.81  38.22  37.49  37.84  1813200  37.84
2010-05-27  37.32  38.03  37.11  37.98  2345400  37.98
2010-05-26  37.44  37.5  36.84  36.89  1874100  36.89
2010-05-25  36.73  37.22  36.54  37.18  2032500  37.18
2010-05-24  37.59  38.06  37.34  37.35  1498300  37.35
2010-05-21  37.05  38.01  36.77  38.01  2811800  38.01
2010-05-20  38.45  38.76  37.28  37.32  3746000  37.32
2010-05-19  38.94  39.41  38.48  38.78  2833000  38.78
2010-05-18  40.12  40.26  38.9  39.02  2994300  39.02
2010-05-17  39.97  40.27  39.59  40.13  2078700  40.13
2010-05-14  40.44  40.75  39.71  39.9  2573900  39.9
2010-05-13  41.22  41.25  40.67  40.67  1018600  40.67
2010-05-12  40.85  41.23  40.76  41.22  1314300  41.22
2010-05-11  40.24  41.21  40.2  40.65  1467800  40.65
2010-05-10  40.97  40.97  39.89  40.6  2107000  40.6
2010-05-07  38.37  39.79  38.37  39.44  3326500  39.44
2010-05-06  40.18  40.39  38.46  39.45  4216200  39.45
2010-05-05  40.2  40.74  40.06  40.28  1743900  40.28
2010-05-04  40.17  40.57  39.83  40.31  2416100  40.31
2010-05-03  40.93  40.93  40.17  40.66  1690100  40.66
2010-04-30  41.48  41.71  40.36  40.71  3751600  40.71
2010-04-29  41.74  42.32  41.57  42.19  2812000  42.19
2010-04-28  41.38  41.76  41.15  41.54  1544500  41.54
2010-04-27  41.66  42.12  41.03  41.11  1463400  41.11
2010-04-26  42.11  42.33  41.86  41.86  902000  41.86
2010-04-23  42.26  42.28  41.92  42.12  1085800  42.12
2010-04-22  41.96  42.37  41.58  42.29  1044700  42.29
2010-04-21  41.99  42.2  41.82  42.16  1122600  42.16
2010-04-20  41.48  42.09  41.41  42.05  1456600  42.05
2010-04-19  41.0  41.43  40.97  41.41  1179300  41.41
2010-04-16  41.48  41.97  41.16  41.16  2449400  41.16
2010-04-15  41.24  41.62  41.08  41.48  1706100  41.48
2010-04-14  41.46  41.56  41.21  41.38  1232700  41.38
2010-04-13  41.42  41.52  41.26  41.43  775900  41.43
2010-04-12  41.1  41.49  41.08  41.49  852400  41.49
2010-04-09  41.31  41.44  41.14  41.22  1013000  41.22
2010-04-08  41.1  41.33  41.07  41.26  1167700  41.26
2010-04-07  41.06  41.32  40.93  41.15  1074900  41.15
2010-04-06  40.98  41.21  40.93  41.1  918600  41.1
2010-04-05  41.08  41.09  40.91  41.02  596900  41.02
2010-04-01  40.91  41.09  40.72  41.08  1146900  41.08
2010-03-31  40.68  41.03  40.68  40.81  1004800  40.81
2010-03-30  41.08  41.24  40.92  40.98  1231500  40.98
2010-03-29  40.69  41.14  40.58  40.99  1672700  40.99
2010-03-26  40.52  40.86  40.5  40.68  1233900  40.68
2010-03-25  40.71  40.88  40.55  40.69  1145700  40.69
2010-03-24  40.85  40.87  40.47  40.53  1328300  40.53
2010-03-23  40.6  40.98  40.59  40.98  935700  40.98
2010-03-22  39.98  40.9  39.77  40.79  1786100  40.79
2010-03-19  40.48  40.78  40.45  40.75  3298600  40.75
2010-03-18  40.15  40.47  40.14  40.46  1454200  40.46
2010-03-17  40.01  40.32  39.94  40.15  1394400  40.15
2010-03-16  39.88  40.09  39.75  40.02  1077000  40.02
2010-03-15  39.55  40.06  39.45  40.04  1767200  40.04
2010-03-12  39.64  39.92  39.47  39.69  1766000  39.69
2010-03-11  39.15  39.48  39.01  39.48  1361100  39.48
2010-03-10  39.48  39.5  38.97  39.15  1128100  39.15
2010-03-09  39.49  39.7  39.33  39.47  1182800  39.47
2010-03-08  39.56  39.7  39.46  39.59  1111200  39.59
2010-03-05  39.18  39.64  38.84  39.61  1427600  39.61
2010-03-04  39.04  39.16  38.82  39.02  911800  39.02
2010-03-03  39.17  39.34  38.94  39.02  937600  39.02
2010-03-02  39.1  39.17  38.9  39.12  743200  39.12
2010-03-01  39.02  39.25  38.93  39.16  994600  39.16
2010-02-26  39.23  39.3  39.05  39.12  1446300  39.12
2010-02-25  38.63  39.22  38.5  39.17  1621800  39.17
2010-02-24  38.88  39.11  38.58  38.93  1544300  38.93
2010-02-23  38.67  38.98  38.46  38.78  1739100  38.78
2010-02-22  38.73  38.79  38.55  38.66  1147600  38.66
2010-02-19  38.46  38.88  38.22  38.76  1829300  38.76
2010-02-18  38.28  38.7  38.28  38.48  1394900  38.48
2010-02-17  38.28  38.71  37.74  38.49  1909500  38.49
2010-02-16  38.24  38.3  37.68  38.12  1358600  38.12
2010-02-12  37.42  38.11  37.42  38.04  2295400  38.04
2010-02-11  37.77  37.96  37.44  37.66  1359700  37.66
2010-02-10  38.01  38.19  37.67  37.88  1287100  37.88
2010-02-09  38.15  38.25  37.85  38.06  1764500  38.06
2010-02-08  37.92  38.27  37.73  37.89  2752500  37.89
2010-02-05  37.15  38.11  36.99  37.94  5676000  37.94
2010-02-04  37.25  37.44  36.74  37.08  2819900  37.08
2010-02-03  37.56  37.74  37.4  37.56  1314800  37.56
2010-02-02  37.06  37.7  36.89  37.7  1497800  37.7
2010-02-01  37.36  37.52  36.88  37.06  3274100  37.06
2010-01-29  37.28  37.45  37.07  37.17  2207700  37.17
2010-01-28  37.5  37.5  37.14  37.28  2735000  37.28
2010-01-27  37.33  37.37  36.91  37.29  2135300  37.29
2010-01-26  36.92  37.4  36.92  37.16  2105200  37.16
2010-01-25  36.97  37.18  36.81  37.05  1833900  37.05
2010-01-22  36.42  36.96  36.4  36.67  2752500  36.67
2010-01-21  36.18  36.61  36.07  36.36  2212900  36.36
2010-01-20  35.65  36.36  35.6  36.26  2593900  36.26
2010-01-19  35.76  36.17  35.53  36.01  1270800  36.01
2010-01-15  35.72  35.96  35.59  35.75  3660800  35.75
2010-01-14  36.05  36.05  35.69  35.94  1553500  35.94
2010-01-13  36.17  36.41  35.93  36.23  910400  36.23
2010-01-12  36.17  36.36  36.03  36.16  1444100  36.16
2010-01-11  36.27  36.36  36.06  36.22  1444800  36.22
2010-01-08  35.72  36.06  35.55  36.06  1980600  36.06
2010-01-07  36.0  36.0  35.66  35.77  1740900  35.77
2010-01-06  35.93  35.97  35.69  35.87  1816600  35.87
2010-01-05  35.9  36.02  35.7  35.88  4986100  35.88
2010-01-04  36.6  36.64  35.99  36.11  3407100  36.11
