Date  Open  High  Low  Close  Volume  Adj Close
2014-02-28  87.66  88.33  87.32  88.02  595400  88.02
2014-02-27  86.81  87.92  86.74  87.59  822000  87.59
2014-02-26  88.44  88.59  86.87  87.08  765800  87.08
2014-02-25  88.74  89.09  88.08  88.33  342200  88.33
2014-02-24  88.53  89.73  88.49  88.91  480400  88.91
2014-02-21  88.95  89.34  88.02  88.16  572700  88.16
2014-02-20  88.56  89.1  87.96  88.95  316300  88.95
2014-02-19  88.45  89.68  88.38  88.55  465000  88.55
2014-02-18  88.36  88.99  88.21  88.85  416000  88.85
2014-02-14  88.62  88.69  87.85  88.27  470400  88.27
2014-02-13  87.54  88.68  87.41  88.54  280000  88.54
2014-02-12  88.12  88.6  87.86  88.28  322100  88.28
2014-02-11  87.01  88.19  87.01  87.96  427900  87.96
2014-02-10  87.29  87.49  86.45  87.03  371300  87.03
2014-02-07  86.87  87.43  86.45  87.36  550100  87.36
2014-02-06  85.17  87.04  85.16  86.7  626400  86.7
2014-02-05  84.59  85.6  84.4  85.33  549500  85.33
2014-02-04  84.71  85.12  84.11  84.96  692300  84.96
2014-02-03  86.8  86.93  84.6  84.68  1003000  84.68
2014-01-31  85.53  87.2  85.38  86.88  797600  86.88
2014-01-30  86.1  86.97  85.85  86.67  776600  86.67
2014-01-29  85.08  85.99  84.99  85.63  1158400  85.63
2014-01-28  85.51  86.34  85.49  86.09  1097800  86.09
2014-01-27  85.9  86.32  85.33  85.34  893300  85.34
2014-01-24  88.3  88.3  85.89  85.89  675700  85.89
2014-01-23  90.64  91.0  88.32  88.49  830100  88.49
2014-01-22  91.03  92.39  89.83  91.07  844400  91.07
2014-01-21  92.1  92.42  90.64  91.04  1061100  91.04
2014-01-17  92.04  92.29  91.61  92.08  472700  92.08
2014-01-16  92.03  92.07  91.34  91.87  363800  91.87
2014-01-15  92.09  92.29  91.21  92.05  703200  92.05
2014-01-14  89.71  92.42  89.71  92.41  865100  92.41
2014-01-13  89.12  90.63  88.78  89.19  754200  89.19
2014-01-10  89.18  89.98  88.52  89.34  384600  89.34
2014-01-09  88.57  89.46  88.43  89.42  531000  89.42
2014-01-08  87.84  88.67  87.63  88.33  426900  88.33
2014-01-07  87.62  88.36  87.34  87.84  305100  87.84
2014-01-06  88.46  88.46  87.17  87.25  391900  87.25
2014-01-03  87.76  88.32  87.63  88.06  383400  88.06
2014-01-02  88.73  88.79  87.46  87.74  441800  87.74
2013-12-31  88.82  89.46  88.8  89.18  336800  89.18
2013-12-30  88.42  88.77  88.42  88.71  214000  88.71
2013-12-27  88.35  88.8  88.16  88.27  161600  88.27
2013-12-26  88.27  88.71  88.02  88.43  331400  88.43
2013-12-24  88.04  88.61  87.64  88.19  141200  88.19
2013-12-23  88.3  88.42  87.61  87.89  494000  87.89
2013-12-20  87.56  88.22  87.33  87.8  845400  87.8
2013-12-19  87.14  87.5  86.82  87.03  402100  87.03
2013-12-18  86.14  87.28  85.01  87.21  595000  87.21
2013-12-17  86.12  86.6  85.84  86.32  667100  86.32
2013-12-16  85.42  86.3  85.4  86.05  327700  86.05
2013-12-13  85.23  85.49  84.59  85.16  458400  85.16
2013-12-12  85.0  85.49  84.97  85.06  492100  85.06
2013-12-11  86.35  86.63  84.91  84.95  613100  84.95
2013-12-10  86.15  86.88  85.96  86.48  707400  86.48
2013-12-09  86.29  86.61  85.86  86.59  414500  86.59
2013-12-06  85.3  86.11  85.24  85.91  538000  85.91
2013-12-05  84.78  85.07  84.64  84.83  321000  84.83
2013-12-04  84.28  85.27  84.14  84.96  425500  84.96
2013-12-03  84.88  85.28  84.69  85.14  527500  85.14
2013-12-02  84.83  85.28  84.63  84.85  346500  84.85
2013-11-29  84.82  85.05  84.53  84.8  245800  84.8
2013-11-27  85.32  85.42  84.45  84.81  320300  84.81
2013-11-26  84.76  85.13  84.74  84.8  495100  84.8
2013-11-25  84.91  85.19  84.62  84.85  357800  84.85
2013-11-22  84.42  85.11  84.32  84.91  355200  84.91
2013-11-21  84.82  85.01  84.33  84.79  440800  84.79
2013-11-20  84.45  84.86  84.2  84.71  840500  84.71
2013-11-19  84.3  84.74  84.1  84.44  1078300  84.44
2013-11-18  84.05  85.05  84.05  84.58  1097500  84.58
2013-11-15  82.55  83.93  82.46  83.9  796900  83.9
2013-11-14  81.6  82.56  81.47  82.53  525900  82.53
2013-11-13  80.67  81.53  80.34  81.5  696800  81.5
2013-11-12  80.71  81.34  80.43  81.18  358200  81.18
2013-11-11  80.94  81.3  80.63  80.9  227600  80.9
2013-11-08  80.1  81.19  79.99  81.15  361500  81.15
2013-11-07  80.85  81.07  79.79  80.08  682300  80.08
2013-11-06  79.91  80.71  79.91  80.69  338400  80.69
2013-11-05  79.76  80.11  79.27  79.61  298100  79.61
2013-11-04  79.97  80.31  79.71  80.1  319900  80.1
2013-11-01  80.39  80.66  79.48  79.74  324100  79.74
2013-10-31  80.1  81.04  79.86  80.1  399100  80.1
2013-10-30  80.95  81.03  80.1  80.23  615000  80.23
2013-10-29  80.73  81.13  80.53  80.75  651600  80.75
2013-10-28  81.2  81.21  80.18  80.54  573400  80.54
2013-10-25  81.25  81.31  80.56  81.08  638600  81.08
2013-10-24  81.15  81.59  81.01  81.1  510400  81.1
2013-10-23  81.58  81.76  81.11  81.37  492300  81.37
2013-10-22  82.16  82.76  81.74  81.8  683600  81.8
2013-10-21  82.24  82.5  81.93  82.15  420800  82.15
2013-10-18  81.72  82.33  81.51  82.14  1128600  82.14
2013-10-17  78.89  81.76  78.13  80.93  1244600  80.93
2013-10-16  77.78  79.07  77.63  78.87  1368500  78.87
2013-10-15  76.55  77.82  76.36  77.27  927000  77.27
2013-10-14  76.43  77.39  76.14  76.92  505900  76.92
2013-10-11  75.68  76.93  75.68  76.87  620800  76.87
2013-10-10  76.3  76.75  75.93  76.0  802700  76.0
2013-10-09  74.75  75.72  73.99  75.51  755600  75.51
2013-10-08  75.52  76.04  74.62  74.66  717300  74.66
2013-10-07  75.71  76.2  75.4  75.63  329600  75.63
2013-10-04  76.29  76.37  75.99  76.31  607800  76.31
2013-10-03  77.01  77.28  75.55  76.07  382600  76.07
2013-10-02  76.83  77.37  76.37  77.37  414800  77.37
2013-10-01  77.21  77.74  76.87  77.44  458000  77.44
2013-09-30  76.61  77.5  76.52  77.2  452600  77.2
2013-09-27  77.27  77.44  76.86  77.36  310000  77.36
2013-09-26  77.6  78.08  77.33  77.8  316300  77.8
2013-09-25  77.22  77.85  76.67  77.61  473100  77.61
2013-09-24  77.24  77.79  76.4  77.15  402800  77.15
2013-09-23  76.83  77.5  76.5  77.22  580600  77.22
2013-09-20  77.83  78.21  76.43  76.58  853300  76.58
2013-09-19  78.2  78.61  78.12  78.5  466200  78.5
2013-09-18  77.82  78.21  77.22  78.16  441400  78.16
2013-09-17  77.86  78.2  77.54  77.94  371300  77.94
2013-09-16  78.24  78.3  77.51  77.9  539100  77.9
2013-09-13  77.84  78.01  76.65  77.11  445000  77.11
2013-09-12  77.93  78.02  77.38  77.55  367900  77.55
2013-09-11  77.53  78.17  77.28  77.93  387200  77.93
2013-09-10  76.64  77.84  76.54  77.84  749000  77.84
2013-09-09  75.61  77.14  75.61  76.02  994600  76.02
2013-09-06  75.32  75.54  74.37  74.78  730300  74.78
2013-09-05  75.9  76.29  75.21  75.25  442300  75.25
2013-09-04  74.94  76.2  74.82  75.98  438800  75.98
2013-09-03  75.87  76.26  74.56  74.97  803400  74.97
2013-08-30  76.01  76.23  75.01  75.39  330900  75.39
2013-08-29  75.45  76.42  75.44  75.97  195700  75.97
2013-08-28  74.87  76.03  74.87  75.71  380300  75.71
2013-08-27  75.64  76.2  74.72  74.8  358900  74.8
2013-08-26  77.41  77.66  76.64  76.66  277700  76.66
2013-08-23  77.57  77.96  77.08  77.41  503100  77.41
2013-08-22  75.49  77.49  75.23  77.43  785300  77.43
2013-08-21  74.86  75.68  74.59  75.19  680800  75.19
2013-08-20  73.8  75.32  73.69  75.15  510500  75.15
2013-08-19  74.33  74.33  73.74  73.75  508100  73.75
2013-08-16  74.49  75.15  74.28  74.42  537100  74.42
2013-08-15  75.5  75.57  74.67  74.72  414000  74.72
2013-08-14  76.89  77.11  76.19  76.42  391000  76.42
2013-08-13  77.56  77.76  76.8  77.0  499300  77.0
2013-08-12  77.08  77.39  76.89  77.1  381400  77.1
2013-08-09  77.05  77.3  76.48  77.18  738400  77.18
2013-08-08  77.49  77.66  76.98  77.07  648200  77.07
2013-08-07  77.71  78.1  76.92  77.06  595200  77.06
2013-08-06  78.68  79.03  78.28  78.36  730000  78.36
2013-08-05  78.75  80.37  78.66  78.97  595100  78.97
2013-08-02  79.06  79.41  78.27  78.7  546000  78.7
2013-08-01  78.88  79.57  78.5  79.47  641800  79.47
2013-07-31  77.85  78.81  77.8  78.17  784000  78.17
2013-07-30  77.27  77.89  77.06  77.58  967600  77.58
2013-07-29  76.75  77.33  76.44  76.98  602800  76.98
2013-07-26  76.29  77.21  76.14  77.12  753100  77.12
2013-07-25  77.25  77.49  76.72  77.14  839200  77.14
2013-07-24  77.84  78.28  77.16  77.52  923100  77.52
2013-07-23  78.16  78.41  77.01  77.53  1027300  77.53
2013-07-22  76.65  78.13  76.32  78.12  979400  78.12
2013-07-19  75.8  76.48  74.71  76.4  1456100  76.4
2013-07-18  78.08  78.61  75.62  75.97  3216700  75.97
2013-07-17  84.35  84.72  83.67  84.15  515700  84.15
2013-07-16  84.65  85.0  83.65  83.86  554900  83.86
2013-07-15  84.99  85.24  84.45  84.5  390400  84.5
2013-07-12  84.66  85.16  84.51  84.95  711800  84.95
2013-07-11  82.89  84.81  82.51  84.71  997900  84.71
2013-07-10  81.32  82.37  81.28  82.32  547500  82.32
2013-07-09  80.7  81.37  80.46  81.34  500700  81.34
2013-07-08  80.01  80.46  79.43  80.08  438300  80.08
2013-07-05  79.02  79.86  78.78  79.85  511800  79.85
2013-07-03  77.48  78.74  77.24  78.51  491000  78.51
2013-07-02  78.11  78.47  77.56  78.08  602800  78.08
2013-07-01  78.2  78.54  77.71  78.11  1568000  78.11
2013-06-28  78.99  78.99  77.55  77.55  1338300  77.55
2013-06-27  77.57  79.12  77.48  79.02  949900  79.02
2013-06-26  76.77  77.27  76.08  77.13  467500  77.13
2013-06-25  75.49  76.34  75.26  76.01  492800  76.01
2013-06-24  75.1  75.85  74.51  74.59  613800  74.59
2013-06-21  75.91  76.46  75.42  76.01  948000  76.01
2013-06-20  76.8  77.34  75.07  75.23  571000  75.23
2013-06-19  78.7  79.07  77.88  77.88  371900  77.88
2013-06-18  78.77  79.27  78.53  78.89  538700  78.89
2013-06-17  76.38  79.29  76.32  78.61  956300  78.61
2013-06-14  76.82  76.91  75.8  75.82  366800  75.82
2013-06-13  75.72  76.78  75.34  76.66  515600  76.66
2013-06-12  77.02  77.02  75.55  75.71  266200  75.71
2013-06-11  76.54  77.12  76.28  76.37  432700  76.37
2013-06-10  77.45  77.56  76.97  77.43  553700  77.43
2013-06-07  77.13  77.94  76.89  77.23  743200  77.23
2013-06-06  76.37  76.87  75.82  76.78  522200  76.78
2013-06-05  76.85  76.95  75.61  76.25  1010000  76.25
2013-06-04  78.21  78.71  76.98  77.23  917100  77.23
2013-06-03  77.68  78.2  77.05  78.2  584700  78.2
2013-05-31  77.57  78.35  77.35  77.41  702300  77.41
2013-05-30  77.9  78.14  77.63  77.95  652500  77.95
2013-05-29  77.63  78.1  77.14  77.74  624800  77.74
2013-05-28  78.73  78.98  77.79  78.15  503600  78.15
2013-05-24  77.06  78.03  76.85  77.84  549200  77.84
2013-05-23  76.55  77.76  76.32  77.51  860800  77.51
2013-05-22  79.38  80.2  76.62  77.15  1463900  77.15
2013-05-21  81.38  81.59  80.22  80.49  672600  80.49
2013-05-20  82.5  82.7  81.22  81.41  892000  81.41
2013-05-17  81.24  82.84  81.13  82.76  568300  82.76
2013-05-16  80.78  81.32  80.65  80.91  480900  80.91
2013-05-15  80.18  80.88  79.73  80.85  482100  80.85
2013-05-14  79.34  80.31  79.34  80.31  392000  80.31
2013-05-13  79.62  79.65  78.95  79.34  541500  79.34
2013-05-10  78.12  79.78  77.94  79.78  767500  79.78
2013-05-09  77.42  78.2  77.41  77.76  403800  77.76
2013-05-08  77.29  77.52  76.98  77.49  448000  77.49
2013-05-07  76.66  77.5  76.62  77.4  443400  77.4
2013-05-06  76.51  77.02  76.19  76.67  699700  76.67
2013-05-03  76.04  76.76  75.92  76.67  839600  76.67
2013-05-02  76.71  76.71  75.14  75.31  944800  75.31
2013-05-01  75.02  75.52  74.68  75.05  849000  75.05
2013-04-30  74.41  75.06  74.16  75.04  671400  75.04
2013-04-29  73.59  74.73  73.59  74.43  478100  74.43
2013-04-26  74.68  74.68  73.78  73.83  366500  73.83
2013-04-25  74.03  75.38  73.3  74.81  567700  74.81
2013-04-24  73.62  74.12  73.44  73.9  670400  73.9
2013-04-23  73.58  73.78  72.55  73.51  522500  73.51
2013-04-22  72.46  73.72  72.33  73.33  623900  73.33
2013-04-19  71.73  72.34  70.79  72.32  714000  72.32
2013-04-18  71.8  73.02  69.64  71.77  1216000  71.77
2013-04-17  72.47  72.51  70.71  71.8  1022400  71.8
2013-04-16  71.57  73.06  71.55  73.05  554100  73.05
2013-04-15  72.76  72.76  71.05  71.05  958200  71.05
2013-04-12  73.57  73.93  72.68  73.03  468100  73.03
2013-04-11  73.85  74.45  73.52  74.3  428400  74.3
2013-04-10  72.69  73.94  72.48  73.89  494800  73.89
2013-04-09  72.73  72.83  71.75  72.54  491400  72.54
2013-04-08  71.79  72.58  71.57  72.58  298600  72.58
2013-04-05  71.59  72.07  70.99  71.59  823200  71.59
2013-04-04  72.8  73.42  72.65  72.77  362400  72.77
2013-04-03  73.42  73.63  72.75  72.86  486300  72.86
2013-04-02  73.14  73.71  73.01  73.24  402000  73.24
2013-04-01  74.3  74.3  72.88  73.06  554000  73.06
2013-03-28  72.63  74.24  72.48  74.18  856400  74.18
2013-03-27  72.2  72.72  71.96  72.69  365900  72.69
2013-03-26  72.29  72.76  72.2  72.73  309500  72.73
2013-03-25  73.02  73.03  71.96  72.14  455800  72.14
2013-03-22  71.11  72.76  70.8  72.76  443900  72.76
2013-03-21  71.86  72.86  70.92  72.29  590300  72.29
2013-03-20  72.48  72.93  72.14  72.7  481800  72.7
2013-03-19  72.34  72.53  71.42  71.89  674300  71.89
2013-03-18  71.32  72.16  71.23  72.01  558300  72.01
2013-03-15  72.45  72.55  71.62  71.93  739900  71.93
2013-03-14  72.74  73.3  72.58  72.79  577500  72.79
2013-03-13  72.23  72.74  72.21  72.44  409100  72.44
2013-03-12  72.56  72.68  71.77  72.2  511700  72.2
2013-03-11  72.67  72.9  72.37  72.67  575300  72.67
2013-03-08  72.29  72.82  71.98  72.67  530700  72.67
2013-03-07  72.27  72.33  71.78  71.96  653200  71.96
2013-03-06  72.32  72.59  71.9  72.23  475900  72.23
2013-03-05  71.69  72.32  71.51  72.02  709200  72.02
2013-03-04  70.86  71.53  70.6  71.41  683800  71.41
2013-03-01  70.03  71.2  69.63  71.15  662900  71.15
2013-02-28  70.18  70.72  69.91  70.31  611300  70.31
2013-02-27  69.35  70.56  69.14  70.13  585100  70.13
2013-02-26  69.0  69.8  68.81  69.55  614700  69.55
2013-02-25  70.62  70.7  68.63  68.63  564700  68.63
2013-02-22  69.18  70.26  69.06  70.25  630000  70.25
2013-02-21  68.67  69.24  68.32  68.74  799600  68.74
2013-02-20  70.39  70.76  68.93  68.95  639900  68.95
2013-02-19  70.0  70.38  69.81  70.34  686800  70.34
2013-02-15  69.75  70.12  69.43  69.87  1261400  69.87
2013-02-14  69.35  70.01  69.18  69.56  903300  69.56
2013-02-13  70.07  70.37  69.27  69.57  587700  69.57
2013-02-12  69.94  70.42  69.62  69.85  1177200  69.85
2013-02-11  69.92  70.4  69.61  69.86  501000  69.86
2013-02-08  68.98  70.29  68.98  69.89  748800  69.89
2013-02-07  68.92  69.1  68.06  68.95  693400  68.95
2013-02-06  67.96  69.13  67.73  69.01  573700  69.01
2013-02-05  67.32  68.42  66.94  68.36  618400  68.36
2013-02-04  67.53  67.76  66.81  66.98  919200  66.98
2013-02-01  67.59  68.2  67.26  67.94  660100  67.94
2013-01-31  67.34  67.56  66.74  67.05  600800  67.05
2013-01-30  67.24  67.4  67.16  67.26  608500  67.26
2013-01-29  66.76  67.33  66.6  67.25  855600  67.25
2013-01-28  67.18  67.18  66.61  66.8  497900  66.8
2013-01-25  67.31  67.46  66.92  67.18  536700  67.18
2013-01-24  67.37  68.0  66.94  67.23  604900  67.23
2013-01-23  67.24  67.29  66.76  67.14  843100  67.14
2013-01-22  66.97  67.28  66.69  67.28  1510300  67.28
2013-01-18  67.62  67.92  66.73  67.05  955000  67.05
2013-01-17  67.52  68.39  66.37  67.3  1077800  67.3
2013-01-16  67.82  68.1  67.43  67.73  1147600  67.73
2013-01-15  67.17  67.84  66.95  67.82  791500  67.82
2013-01-14  67.92  68.69  67.31  67.65  471900  67.65
2013-01-11  67.41  67.95  67.04  67.84  627600  67.84
2013-01-10  67.33  67.47  66.7  67.32  450000  67.32
2013-01-09  66.33  67.06  66.29  66.99  516100  66.99
2013-01-08  66.37  66.6  65.77  66.17  433100  66.17
2013-01-07  66.35  66.57  65.6  66.51  609400  66.51
2013-01-04  66.7  66.87  66.26  66.42  539700  66.42
2013-01-03  66.98  67.35  66.41  66.69  944100  66.69
2013-01-02  65.38  67.55  65.26  67.55  1273000  67.55
2012-12-31  63.1  64.39  62.86  64.2  416400  64.2
2012-12-28  63.69  63.77  63.05  63.1  333100  63.1
2012-12-27  64.0  64.24  63.36  64.1  413300  64.1
2012-12-26  64.37  64.44  63.98  64.02  322200  64.02
2012-12-24  64.19  64.45  63.88  64.21  171500  64.21
2012-12-21  64.29  64.76  63.55  64.45  858100  64.45
2012-12-20  64.48  64.69  63.79  64.51  548800  64.51
2012-12-19  64.22  64.49  63.9  64.35  548400  64.35
2012-12-18  63.31  64.36  62.97  64.19  687000  64.19
2012-12-17  62.24  63.3  62.0  63.27  501800  63.27
2012-12-14  62.12  62.36  61.84  62.06  504600  62.06
2012-12-13  62.26  62.66  61.74  62.12  440400  62.12
2012-12-12  62.69  62.99  62.01  62.4  639100  62.4
2012-12-11  61.68  62.53  61.48  62.32  373700  62.32
2012-12-10  60.9  61.57  60.64  61.42  352300  61.42
2012-12-07  60.81  61.18  60.22  61.05  490400  61.05
2012-12-06  60.39  60.58  59.74  60.53  312300  60.53
2012-12-05  60.36  60.52  59.63  60.39  346200  60.39
2012-12-04  60.82  61.14  60.12  60.38  424200  60.38
2012-12-03  61.86  62.08  60.39  60.47  383200  60.47
2012-11-30  61.53  61.71  61.13  61.34  596300  61.34
2012-11-29  61.09  61.47  60.12  61.41  391800  61.41
2012-11-28  60.1  61.05  59.86  60.98  326900  60.98
2012-11-27  61.05  61.3  60.35  60.48  327900  60.48
2012-11-26  60.82  61.25  60.68  61.21  584500  61.21
2012-11-23  60.38  60.96  60.23  60.94  165500  60.94
2012-11-21  59.98  60.33  59.8  60.18  326700  60.18
2012-11-20  59.8  60.13  59.36  59.85  334500  59.85
2012-11-19  59.12  59.95  59.1  59.93  402700  59.93
2012-11-16  58.14  58.78  57.69  58.56  578600  58.56
2012-11-15  58.67  58.98  57.76  58.17  670300  58.17
2012-11-14  60.18  60.39  58.47  58.67  662600  58.67
2012-11-13  60.3  60.95  60.03  60.06  364900  60.06
2012-11-12  60.51  60.99  60.07  60.81  417700  60.81
2012-11-09  59.74  60.83  59.44  60.46  763800  60.46
2012-11-08  60.35  60.44  59.32  59.78  1144000  59.78
2012-11-07  60.42  61.92  60.33  60.33  922400  60.33
2012-11-06  61.02  62.15  60.87  61.51  788000  61.51
2012-11-05  59.97  61.29  59.78  61.17  502400  61.17
2012-11-02  60.67  60.97  59.56  60.26  445000  60.26
2012-11-01  59.49  60.66  59.49  60.47  680100  60.47
2012-10-31  59.52  60.2  59.21  59.56  533600  59.56
2012-10-26  59.58  59.82  59.07  59.56  811000  59.56
2012-10-25  59.72  60.05  59.36  59.53  720100  59.53
2012-10-24  60.42  60.45  59.06  59.35  1010100  59.35
2012-10-23  60.21  60.61  59.49  60.42  1082100  60.42
2012-10-22  60.34  61.28  60.27  60.98  797200  60.98
2012-10-19  61.08  61.27  60.42  60.53  1114000  60.53
2012-10-18  61.22  61.41  60.63  61.19  1203600  61.19
2012-10-17  60.92  61.42  60.11  60.95  1230300  60.95
2012-10-16  58.6  59.62  58.45  59.6  1545000  59.6
2012-10-15  58.13  58.56  57.76  58.44  1117100  58.44
2012-10-12  57.97  58.42  57.74  58.02  1147500  58.02
2012-10-11  58.28  58.31  57.72  57.95  605500  57.95
2012-10-10  57.79  58.01  57.46  57.8  898700  57.8
2012-10-09  57.69  58.18  57.49  57.95  1204300  57.95
2012-10-08  57.76  58.25  57.58  57.77  1162200  57.77
2012-10-05  57.68  58.38  57.43  58.21  635800  58.21
2012-10-04  57.91  57.91  57.12  57.4  821600  57.4
2012-10-03  57.6  57.91  57.14  57.68  709200  57.68
2012-10-02  57.69  57.69  56.88  57.42  715800  57.42
2012-10-01  58.62  58.95  56.98  57.22  1389300  57.22
2012-09-28  58.43  58.75  58.04  58.32  1178900  58.32
2012-09-27  58.59  58.84  58.09  58.72  1110000  58.72
2012-09-26  59.53  59.55  58.59  58.64  571600  58.64
2012-09-25  60.38  60.81  59.59  59.61  758300  59.61
2012-09-24  61.01  61.01  60.03  60.14  569600  60.14
2012-09-21  61.59  62.09  61.3  61.31  513300  61.31
2012-09-20  61.5  61.75  60.86  61.31  414800  61.31
2012-09-19  62.27  62.27  61.64  61.82  371000  61.82
2012-09-18  62.42  62.42  61.69  62.03  591200  62.03
2012-09-17  62.57  63.09  62.33  62.49  774300  62.49
2012-09-14  61.73  62.67  61.73  62.58  629900  62.58
2012-09-13  60.61  61.97  60.61  61.84  904300  61.84
2012-09-12  61.06  61.3  60.47  60.69  396800  60.69
2012-09-11  60.95  61.14  60.77  60.84  369200  60.84
2012-09-10  61.34  61.42  60.95  60.95  484200  60.95
2012-09-07  61.11  61.52  60.97  61.34  531200  61.34
2012-09-06  60.1  61.21  60.04  61.06  918300  61.06
2012-09-05  60.8  60.83  59.51  59.71  534400  59.71
2012-09-04  60.47  61.01  59.96  60.68  920400  60.68
2012-08-31  60.07  60.46  59.51  60.19  517800  60.19
2012-08-30  59.76  59.95  59.21  59.65  504200  59.65
2012-08-29  60.1  60.54  59.57  60.12  521400  60.12
2012-08-28  60.06  60.38  58.41  60.1  592700  60.1
2012-08-27  61.03  61.44  60.75  60.95  350200  60.95
2012-08-24  60.23  61.06  60.06  60.97  446400  60.97
2012-08-23  60.15  60.74  59.96  60.27  336900  60.27
2012-08-22  61.21  61.29  59.89  60.28  894600  60.28
2012-08-21  61.54  62.08  61.15  61.25  712200  61.25
2012-08-20  61.54  61.76  60.46  61.47  488400  61.47
2012-08-17  61.66  62.13  61.39  61.7  558200  61.7
2012-08-16  61.2  62.0  60.82  61.64  628800  61.64
2012-08-15  60.95  61.42  60.77  61.02  469900  61.02
2012-08-14  61.31  61.57  60.97  61.19  599500  61.19
2012-08-13  60.41  61.27  60.18  61.12  748200  61.12
2012-08-10  59.46  60.46  59.39  60.36  638200  60.36
2012-08-09  60.3  60.76  60.09  60.19  533600  60.19
2012-08-08  60.51  60.61  59.85  60.29  766000  60.29
2012-08-07  59.81  61.39  59.68  60.68  1044300  60.68
2012-08-06  59.39  60.1  59.23  59.67  559100  59.67
2012-08-03  58.39  59.42  58.22  59.13  796600  59.13
2012-08-02  57.33  58.31  56.86  57.41  672900  57.41
2012-08-01  58.59  58.59  57.74  58.11  711600  58.11
2012-07-31  58.94  59.33  58.17  58.23  732800  58.23
2012-07-30  59.15  59.71  58.67  59.02  483800  59.02
2012-07-27  59.56  59.78  59.1  59.32  1237400  59.32
2012-07-26  58.83  59.45  58.48  59.26  795800  59.26
2012-07-25  57.34  58.52  57.28  58.01  1066000  58.01
2012-07-24  57.46  57.46  56.57  57.06  803900  57.06
2012-07-23  56.47  57.69  55.36  57.45  1443000  57.45
2012-07-20  57.79  58.24  57.3  57.53  1438500  57.53
2012-07-19  58.11  59.33  57.71  58.35  1740700  58.35
2012-07-18  55.43  59.02  55.22  58.28  4490200  58.28
2012-07-17  51.39  51.47  50.53  50.79  1833300  50.79
2012-07-16  51.43  51.6  50.93  51.15  720900  51.15
2012-07-13  51.0  51.72  50.8  51.5  661500  51.5
2012-07-12  50.86  51.18  50.33  50.9  799600  50.9
2012-07-11  51.79  51.97  50.89  51.25  704200  51.25
2012-07-10  52.75  53.19  51.45  51.9  659500  51.9
2012-07-09  52.86  53.01  52.26  52.66  539600  52.66
2012-07-06  53.89  54.05  52.24  52.93  752900  52.93
2012-07-05  54.49  54.83  54.27  54.52  774800  54.52
2012-07-03  53.99  54.69  53.94  54.58  478000  54.58
2012-07-02  54.28  54.53  53.68  54.08  578800  54.08
2012-06-29  53.87  54.36  53.56  54.31  663400  54.31
2012-06-28  52.63  52.94  51.91  52.64  686500  52.64
2012-06-27  52.95  53.58  52.85  53.15  666000  53.15
2012-06-26  52.97  53.18  52.46  52.87  955000  52.87
2012-06-25  53.71  53.75  52.57  52.93  609900  52.93
2012-06-22  54.46  54.75  54.0  54.5  825900  54.5
2012-06-21  56.2  56.24  53.97  54.19  709300  54.19
2012-06-20  56.49  56.58  55.62  56.1  983100  56.1
2012-06-19  56.24  56.95  55.74  56.69  756200  56.69
2012-06-18  54.7  55.94  54.51  55.81  615500  55.81
2012-06-15  54.2  55.15  53.9  55.1  939200  55.1
2012-06-14  54.31  54.39  53.51  53.81  835600  53.81
2012-06-13  53.9  54.58  53.59  54.31  1193400  54.31
2012-06-12  53.53  54.08  53.24  54.08  788600  54.08
2012-06-11  54.68  55.35  53.35  53.4  911200  53.4
2012-06-08  53.55  54.23  53.18  54.15  635200  54.15
2012-06-07  54.12  54.52  53.66  53.84  750000  53.84
2012-06-06  52.96  53.48  52.9  53.45  758500  53.45
2012-06-05  51.46  52.74  51.21  52.58  957000  52.58
2012-06-04  50.99  51.6  50.68  51.54  960500  51.54
2012-06-01  51.42  51.47  50.63  50.93  1317800  50.93
2012-05-31  52.56  52.81  51.71  52.5  838900  52.5
2012-05-30  52.92  52.92  52.25  52.58  756000  52.58
2012-05-29  53.11  53.46  53.0  53.37  820800  53.37
2012-05-25  52.65  52.99  52.39  52.53  375700  52.53
2012-05-24  52.84  53.13  52.12  52.57  883800  52.57
2012-05-23  51.71  52.84  51.59  52.74  1040600  52.74
2012-05-22  51.83  52.6  51.43  52.29  1099700  52.29
2012-05-21  50.83  51.99  50.51  51.78  768400  51.78
2012-05-18  51.8  51.87  50.38  50.52  1045700  50.52
2012-05-17  52.06  52.16  51.16  51.58  1053400  51.58
2012-05-16  52.72  53.02  51.92  52.0  743700  52.0
2012-05-15  52.79  53.27  52.36  52.49  987400  52.49
2012-05-14  52.66  53.17  51.96  52.76  798100  52.76
2012-05-11  53.18  54.08  53.11  53.34  588700  53.34
2012-05-10  54.59  54.64  53.37  53.51  777800  53.51
2012-05-09  53.21  54.4  52.92  54.04  853800  54.04
2012-05-08  53.9  54.08  53.19  53.82  1248400  53.82
2012-05-07  54.52  54.95  53.92  54.1  979200  54.1
2012-05-04  55.49  55.61  54.6  54.63  669500  54.63
2012-05-03  57.11  57.11  55.9  55.96  583000  55.96
2012-05-02  56.91  57.39  56.55  57.21  425700  57.21
2012-05-01  57.41  57.89  56.74  57.15  628800  57.15
2012-04-30  57.68  57.77  57.11  57.38  748000  57.38
2012-04-27  57.99  58.22  57.6  57.92  1101300  57.92
2012-04-26  56.54  57.8  56.38  57.73  868000  57.73
2012-04-25  56.66  56.85  56.29  56.57  1368200  56.57
2012-04-24  56.18  56.58  55.5  55.78  1202900  55.78
2012-04-23  56.31  56.31  55.47  56.02  902100  56.02
2012-04-20  57.08  57.31  56.88  56.93  1503800  56.93
2012-04-19  57.63  58.1  56.36  56.88  1058300  56.88
2012-04-18  58.7  58.7  56.37  57.33  2434500  57.33
2012-04-17  58.73  59.41  58.57  59.17  1053200  59.17
2012-04-16  58.51  58.65  57.88  58.3  1055900  58.3
2012-04-13  58.41  58.5  57.71  58.03  1063700  58.03
2012-04-12  57.09  58.54  56.96  58.34  858900  58.34
2012-04-11  57.0  57.57  56.79  56.89  927500  56.89
2012-04-10  56.93  57.36  56.04  56.41  1440100  56.41
2012-04-09  57.52  57.99  57.32  57.75  787400  57.75
2012-04-05  58.59  58.78  58.39  58.56  476700  58.56
2012-04-04  59.22  59.5  58.51  58.86  785400  58.86
2012-04-03  60.34  61.04  59.57  59.91  709300  59.91
2012-04-02  59.05  60.85  59.05  60.53  1370300  60.53
2012-03-30  58.51  59.34  58.34  58.99  1026100  58.99
2012-03-29  57.37  58.4  57.13  58.28  839600  58.28
2012-03-28  58.31  58.51  57.24  57.85  794000  57.85
2012-03-27  57.31  59.05  57.15  58.29  1726000  58.29
2012-03-26  56.46  57.35  56.4  57.18  795800  57.18
2012-03-23  56.2  56.21  55.67  56.06  432300  56.06
2012-03-22  55.73  56.11  55.27  56.11  355500  56.11
2012-03-21  55.9  56.43  55.63  56.13  426200  56.13
2012-03-20  56.49  56.75  55.6  55.88  713100  55.88
2012-03-19  56.86  57.12  56.43  56.85  483900  56.85
2012-03-16  57.11  57.22  56.55  56.98  767400  56.98
2012-03-15  56.63  57.02  56.31  56.98  338200  56.98
2012-03-14  57.19  57.45  56.35  56.57  521600  56.57
2012-03-13  56.35  57.33  56.35  57.25  487100  57.25
2012-03-12  56.0  56.09  55.59  55.97  337800  55.97
2012-03-09  55.55  56.34  55.48  55.99  416100  55.99
2012-03-08  55.58  55.78  55.19  55.51  382000  55.51
2012-03-07  54.38  55.23  54.2  55.18  706200  55.18
2012-03-06  54.18  54.42  53.86  54.27  944500  54.27
2012-03-05  55.15  55.2  54.52  54.96  685600  54.96
2012-03-02  55.65  56.16  55.25  55.4  719400  55.4
2012-03-01  55.3  55.93  55.08  55.61  525600  55.61
2012-02-29  55.83  55.99  54.95  55.13  701700  55.13
2012-02-28  55.3  55.76  55.06  55.67  1122500  55.67
2012-02-27  54.99  55.72  54.56  55.31  464200  55.31
2012-02-24  55.53  56.02  55.35  55.47  526500  55.47
2012-02-23  55.25  55.35  54.49  55.26  457800  55.26
2012-02-22  55.24  55.89  55.24  55.34  535800  55.34
2012-02-21  55.49  55.86  55.27  55.57  646100  55.57
2012-02-17  55.92  56.11  54.85  55.47  1105800  55.47
2012-02-16  53.98  55.64  53.88  55.51  969400  55.51
2012-02-15  54.42  54.42  53.72  54.06  571700  54.06
2012-02-14  54.17  54.33  53.83  54.24  667200  54.24
2012-02-13  54.48  54.48  53.84  54.33  533700  54.33
2012-02-10  53.88  54.1  53.64  54.01  697200  54.01
2012-02-09  53.95  54.56  53.85  54.48  654400  54.48
2012-02-08  54.02  54.48  53.8  53.85  612500  53.85
2012-02-07  53.68  54.18  53.6  54.06  802600  54.06
2012-02-06  53.8  54.42  53.8  54.04  683600  54.04
2012-02-03  54.17  54.67  53.98  54.25  1206600  54.25
2012-02-02  54.0  54.13  53.44  53.44  1062100  53.44
2012-02-01  54.41  54.65  53.91  53.99  1533000  53.99
2012-01-31  53.77  54.15  53.26  53.62  819300  53.62
2012-01-30  52.78  53.6  52.6  53.39  1163200  53.39
2012-01-27  53.67  54.15  53.26  53.6  1463200  53.6
2012-01-26  54.25  54.54  53.54  53.9  1266200  53.9
2012-01-25  53.45  54.03  53.02  53.89  1545600  53.89
2012-01-24  53.83  54.4  53.51  53.94  1162200  53.94
2012-01-23  54.59  54.67  53.87  54.26  1084400  54.26
2012-01-20  53.7  54.63  53.7  54.54  1732400  54.54
2012-01-19  52.58  54.67  52.46  54.08  1996800  54.08
2012-01-18  53.34  53.45  51.56  52.77  4628600  52.77
2012-01-17  48.12  48.58  47.34  47.55  886400  47.55
2012-01-13  47.2  47.59  46.9  47.44  811300  47.44
2012-01-12  47.31  47.64  46.67  47.5  795600  47.5
2012-01-11  47.15  47.39  46.91  47.12  720800  47.12
2012-01-10  46.8  47.49  46.8  47.27  724700  47.27
2012-01-09  45.87  46.68  45.81  46.32  1030400  46.32
2012-01-06  45.44  45.79  45.24  45.54  848200  45.54
2012-01-05  44.82  45.64  44.33  45.52  1311600  45.52
2012-01-04  45.07  45.51  44.78  45.14  709200  45.14
2012-01-03  45.85  45.87  45.02  45.28  1016400  45.28
2011-12-30  45.05  45.43  44.71  44.72  642000  44.72
2011-12-29  44.76  45.25  44.53  45.16  504200  45.16
2011-12-28  45.27  45.4  44.39  44.56  637200  44.56
2011-12-27  44.93  45.36  44.57  45.15  541700  45.15
2011-12-23  44.46  45.11  44.29  45.02  646700  45.02
2011-12-22  43.62  44.64  43.44  44.34  1311700  44.34
2011-12-21  43.84  43.88  42.82  43.4  1791600  43.4
2011-12-20  41.37  43.2  41.37  43.02  2020000  43.02
2011-12-19  41.36  41.43  40.38  40.48  1149500  40.48
2011-12-16  41.37  41.86  40.67  41.0  2539500  41.0
2011-12-15  41.75  41.88  40.92  41.04  1638800  41.04
2011-12-14  41.77  42.04  41.01  41.18  1329000  41.18
2011-12-13  43.29  43.47  41.66  41.94  1433700  41.94
2011-12-12  43.72  43.74  42.62  42.96  1020000  42.96
2011-12-09  43.37  44.41  43.06  44.29  1355900  44.29
2011-12-08  44.31  44.67  43.18  43.27  1004200  43.27
2011-12-07  44.5  44.81  43.89  44.62  969600  44.62
2011-12-06  45.15  45.23  44.58  44.81  767800  44.81
2011-12-05  45.27  45.69  44.65  45.14  1267100  45.14
2011-12-02  45.38  45.56  44.28  44.39  1266700  44.39
2011-12-01  44.59  45.13  44.32  44.55  1725600  44.55
2011-11-30  43.58  44.67  43.3  44.64  2280500  44.64
2011-11-29  42.18  42.45  41.83  42.09  1523100  42.09
2011-11-28  42.26  42.71  41.91  42.24  1359500  42.24
2011-11-25  40.96  41.6  40.86  40.95  723600  40.95
2011-11-23  41.98  42.03  41.03  41.08  1383000  41.08
2011-11-22  42.87  42.99  41.86  42.55  1486100  42.55
2011-11-21  43.54  43.76  42.52  42.95  1960700  42.95
2011-11-18  45.01  45.14  44.24  44.31  1610600  44.31
2011-11-17  46.13  46.22  44.65  44.98  1577700  44.98
2011-11-16  46.24  46.99  46.07  46.37  1179400  46.37
2011-11-15  45.71  47.24  45.67  46.7  1114000  46.7
2011-11-14  45.87  46.38  45.57  45.92  957600  45.92
2011-11-11  45.5  46.66  45.34  46.14  1136800  46.14
2011-11-10  45.43  45.65  44.41  44.68  1248800  44.68
2011-11-09  46.02  46.02  44.21  44.75  2314500  44.75
2011-11-08  47.36  47.62  46.92  47.12  1789700  47.12
2011-11-07  45.99  47.17  45.8  47.16  1679500  47.16
2011-11-04  46.88  47.34  46.37  47.12  782500  47.12
2011-11-03  47.34  47.57  46.28  47.48  1160900  47.48
2011-11-02  46.68  47.21  46.23  46.64  1096600  46.64
2011-11-01  45.03  46.84  45.03  45.84  2086700  45.84
2011-10-31  47.79  48.14  46.76  46.77  1802100  46.77
2011-10-28  49.2  49.2  48.04  48.52  1872300  48.52
2011-10-27  48.22  49.74  47.93  49.19  2243600  49.19
2011-10-26  46.12  47.04  45.19  46.58  1760400  46.58
2011-10-25  45.68  46.21  45.23  45.42  1513800  45.42
2011-10-24  44.96  46.31  44.86  46.17  1828600  46.17
2011-10-21  42.22  45.01  42.22  44.93  2747600  44.93
2011-10-20  41.03  41.73  40.4  41.55  2053700  41.55
2011-10-19  41.33  41.86  40.52  41.26  4633600  41.26
2011-10-18  42.09  43.63  41.73  43.43  1252400  43.43
2011-10-17  43.1  43.19  41.85  42.14  1658000  42.14
2011-10-14  43.21  43.69  42.87  43.48  1188600  43.48
2011-10-13  42.25  42.79  41.83  42.57  1921300  42.57
2011-10-12  42.66  43.24  42.38  42.6  1764000  42.6
2011-10-11  42.99  43.23  41.88  42.19  1656900  42.19
2011-10-10  42.59  43.41  42.58  43.33  1317200  43.33
2011-10-07  42.2  42.31  41.1  41.75  2063900  41.75
2011-10-06  41.15  42.02  40.93  41.92  1321000  41.92
2011-10-05  40.54  41.39  39.96  41.16  1446700  41.16
2011-10-04  38.39  40.44  38.39  40.42  2200000  40.42
2011-10-03  39.77  40.22  38.82  39.2  2338000  39.2
2011-09-30  41.75  41.82  40.11  40.15  1711400  40.15
2011-09-29  42.78  43.07  41.45  42.55  1340900  42.55
2011-09-28  43.12  43.36  41.83  41.86  918000  41.86
2011-09-27  43.16  43.94  42.8  43.09  1448700  43.09
2011-09-26  41.41  42.21  40.27  42.17  1243000  42.17
2011-09-23  41.1  41.61  40.57  41.1  1957700  41.1
2011-09-22  40.46  41.82  39.41  41.39  3005100  41.39
2011-09-21  42.12  43.06  41.83  41.87  2449700  41.87
2011-09-20  42.87  43.51  42.17  42.22  1324100  42.22
2011-09-19  42.89  43.01  42.24  42.74  1179600  42.74
2011-09-16  44.75  44.83  43.44  43.78  2657400  43.78
2011-09-15  44.78  44.91  43.98  44.44  996200  44.44
2011-09-14  43.23  44.71  42.5  44.17  1245400  44.17
2011-09-13  42.77  43.33  42.55  43.0  1217800  43.0
2011-09-12  41.75  42.78  41.63  42.73  1746900  42.73
2011-09-09  43.05  43.61  41.97  42.31  1392200  42.31
2011-09-08  43.98  44.8  43.51  43.63  1121000  43.63
2011-09-07  43.55  44.53  43.41  44.38  1292300  44.38
2011-09-06  40.93  42.75  40.57  42.68  1834900  42.68
2011-09-02  43.81  44.16  41.93  42.24  2323000  42.24
2011-09-01  46.12  46.63  45.1  45.12  1359400  45.12
2011-08-31  46.01  47.05  45.87  46.25  1362700  46.25
2011-08-30  45.17  46.3  45.03  45.67  1852300  45.67
2011-08-29  44.39  45.48  44.31  45.41  991800  45.41
2011-08-26  42.04  44.01  41.26  43.8  1355600  43.8
2011-08-25  43.49  43.86  42.41  42.6  1294900  42.6
2011-08-24  43.26  43.53  42.45  43.45  983100  43.45
2011-08-23  41.92  43.47  41.56  43.47  1254000  43.47
2011-08-22  42.52  42.77  41.55  41.69  1901400  41.69
2011-08-19  41.39  42.99  41.37  41.48  2370200  41.48
2011-08-18  43.5  43.52  41.47  41.79  2698200  41.79
2011-08-17  46.0  46.24  44.76  45.1  863600  45.1
2011-08-16  45.88  46.64  45.47  45.85  1611600  45.85
2011-08-15  46.15  46.52  45.43  46.49  1156800  46.49
2011-08-12  45.57  46.28  44.95  45.78  1779200  45.78
2011-08-11  42.16  45.93  42.09  45.36  3178900  45.36
2011-08-10  42.56  43.07  41.52  41.93  3091500  41.93
2011-08-09  41.26  43.49  40.62  43.41  4790100  43.41
2011-08-08  41.66  42.36  40.46  40.53  3154700  40.53
2011-08-05  43.62  44.29  41.78  42.71  4452100  42.71
2011-08-04  45.65  45.71  42.82  42.88  2935800  42.88
2011-08-03  45.74  46.42  44.61  46.28  2395400  46.28
2011-08-02  47.22  47.53  45.76  45.79  2095400  45.79
2011-08-01  48.57  48.67  46.98  47.63  1274700  47.63
2011-07-29  47.85  48.79  47.7  48.13  1240600  48.13
2011-07-28  48.41  48.95  47.7  48.32  1060300  48.32
2011-07-27  49.69  49.69  48.31  48.42  1857300  48.42
2011-07-26  50.07  50.18  49.78  50.07  1428600  50.07
2011-07-25  49.62  50.29  49.61  50.02  919500  50.02
2011-07-22  49.82  50.26  49.65  50.24  860100  50.24
2011-07-21  49.56  50.25  49.43  49.78  1953300  49.78
2011-07-20  51.19  52.27  49.29  49.37  1792900  49.37
2011-07-19  49.86  51.0  49.77  50.88  1230800  50.88
2011-07-18  49.71  49.86  49.11  49.37  1485700  49.37
2011-07-15  49.79  50.01  49.47  49.98  1153800  49.98
2011-07-14  50.62  51.05  49.34  49.61  1095100  49.61
2011-07-13  50.59  51.35  50.32  50.52  839900  50.52
2011-07-12  51.63  51.72  50.29  50.34  1548300  50.34
2011-07-11  52.64  52.87  51.74  51.86  765700  51.86
2011-07-08  54.03  54.06  52.98  53.36  1239100  53.36
2011-07-07  54.06  54.9  53.82  54.69  1077600  54.69
2011-07-06  53.53  53.61  52.99  53.49  915300  53.49
2011-07-05  53.97  53.99  53.2  53.59  739400  53.59
2011-07-01  52.99  54.05  52.68  54.01  1387000  54.01
2011-06-30  51.56  53.24  51.34  53.15  1764200  53.15
2011-06-29  51.15  51.7  50.9  51.38  966600  51.38
2011-06-28  50.32  50.9  50.28  50.88  769800  50.88
2011-06-27  50.0  50.45  49.57  50.17  1003800  50.17
2011-06-24  50.55  50.55  49.8  50.04  1342800  50.04
2011-06-23  49.76  50.76  49.44  50.71  1029800  50.71
2011-06-22  50.0  50.49  49.84  50.41  1202000  50.41
2011-06-21  49.65  50.46  49.32  50.08  959200  50.08
2011-06-20  49.15  49.52  48.98  49.35  659300  49.35
2011-06-17  49.66  49.86  49.17  49.38  938200  49.38
2011-06-16  49.93  50.14  48.64  49.23  1095600  49.23
2011-06-15  50.02  50.38  49.8  49.93  1108700  49.93
2011-06-14  50.41  50.82  50.31  50.5  1339800  50.5
2011-06-13  49.88  50.95  49.76  49.88  821900  49.88
2011-06-10  50.35  50.88  50.1  50.55  1738700  50.55
2011-06-09  50.42  51.03  49.89  50.56  1325000  50.56
2011-06-08  50.95  51.11  49.97  50.15  1617800  50.15
2011-06-07  51.53  51.69  50.89  51.18  1716700  51.18
2011-06-06  51.62  51.9  51.22  51.3  1581500  51.3
2011-06-03  51.63  51.93  51.5  51.68  889900  51.68
2011-06-02  52.39  52.6  52.1  52.35  947900  52.35
2011-06-01  53.35  53.62  52.27  52.32  1451500  52.32
2011-05-31  53.41  53.52  52.64  53.21  871300  53.21
2011-05-27  52.79  53.23  52.7  53.04  486900  53.04
2011-05-26  52.08  52.77  51.85  52.64  643800  52.64
2011-05-25  52.28  52.56  51.53  52.28  1874900  52.28
2011-05-24  52.87  53.15  51.9  51.91  698300  51.91
2011-05-23  53.09  53.09  52.33  52.76  628200  52.76
2011-05-20  54.01  54.06  53.51  53.79  712900  53.79
2011-05-19  54.53  54.64  53.79  54.03  708100  54.03
2011-05-18  53.76  54.45  53.64  54.35  801200  54.35
2011-05-17  53.95  54.02  53.0  53.74  918800  53.74
2011-05-16  53.96  54.64  53.84  54.18  895800  54.18
2011-05-13  54.39  54.59  53.83  54.17  821100  54.17
2011-05-12  54.44  54.72  53.91  54.36  1700000  54.36
2011-05-11  55.93  56.43  54.34  54.67  1211300  54.67
2011-05-10  55.12  56.08  54.85  56.07  760300  56.07
2011-05-09  54.7  55.23  54.46  55.01  572200  55.01
2011-05-06  54.87  55.43  54.42  54.76  1137700  54.76
2011-05-05  53.71  54.99  53.71  54.25  1114700  54.25
2011-05-04  54.56  54.56  53.52  54.01  790300  54.01
2011-05-03  55.05  55.31  54.28  54.64  776900  54.64
2011-05-02  55.24  55.41  54.98  55.13  727500  55.13
2011-04-29  55.16  55.19  54.6  55.03  619000  55.03
2011-04-28  55.08  55.19  54.78  55.13  598500  55.13
2011-04-27  54.78  55.34  54.53  55.19  892800  55.19
2011-04-26  54.13  55.32  54.12  54.72  1100000  54.72
2011-04-25  52.37  54.07  52.37  53.87  1112300  53.87
2011-04-21  54.54  54.54  53.34  53.93  1180100  53.93
2011-04-20  53.48  55.46  53.4  54.05  2946500  54.05
2011-04-19  51.0  51.07  50.46  50.77  1400300  50.77
2011-04-18  51.54  51.55  50.72  50.96  1201000  50.96
2011-04-15  51.66  52.44  51.43  52.19  1179600  52.19
2011-04-14  51.47  51.63  50.94  51.62  1052700  51.62
2011-04-13  51.48  52.12  51.48  51.9  1210300  51.9
2011-04-12  51.11  51.31  50.44  51.25  1216300  51.25
2011-04-11  51.69  51.91  51.11  51.39  839100  51.39
2011-04-08  51.88  51.99  51.43  51.77  1402200  51.77
2011-04-07  51.6  52.01  51.16  51.72  1688600  51.72
2011-04-06  51.67  51.98  51.46  51.74  811100  51.74
2011-04-05  51.45  51.69  51.18  51.4  1712000  51.4
2011-04-04  51.62  51.77  50.99  51.46  2491500  51.46
2011-04-01  53.72  53.72  51.24  51.58  4476200  51.58
2011-03-31  54.26  54.43  53.53  53.53  1746000  53.53
2011-03-30  54.09  54.63  53.9  54.39  2156400  54.39
2011-03-29  52.95  54.0  52.76  54.0  1120500  54.0
2011-03-28  53.22  53.83  53.08  53.12  873300  53.12
2011-03-25  53.56  53.84  53.22  53.53  1352400  53.53
2011-03-24  54.0  54.04  52.58  53.4  2567900  53.4
2011-03-23  53.93  54.1  53.4  53.71  1071900  53.71
2011-03-22  55.19  55.23  53.89  54.2  1343000  54.2
2011-03-21  55.06  55.5  54.94  55.28  803100  55.28
2011-03-18  54.76  54.83  53.96  54.29  1038800  54.29
2011-03-17  54.53  54.67  53.52  53.94  1389700  53.94
2011-03-16  54.67  55.04  53.27  53.63  1452100  53.63
2011-03-15  53.67  55.33  53.42  54.88  1090300  54.88
2011-03-14  55.12  55.58  54.75  55.43  806100  55.43
2011-03-11  55.02  55.6  54.21  55.38  1300700  55.38
2011-03-10  55.97  56.17  55.21  55.53  1065000  55.53
2011-03-09  56.86  56.86  55.85  56.8  991700  56.8
2011-03-08  56.86  57.46  56.31  57.14  781400  57.14
2011-03-07  57.7  58.16  56.2  56.89  1711800  56.89
2011-03-04  57.49  57.96  56.89  57.53  684800  57.53
2011-03-03  56.54  57.77  56.48  57.66  1533200  57.66
2011-03-02  55.44  56.47  55.4  56.06  818600  56.06
2011-03-01  56.49  56.88  55.15  55.37  1260900  55.37
2011-02-28  56.25  56.65  55.94  56.56  811300  56.56
2011-02-25  56.14  56.52  55.75  55.94  1159800  55.94
2011-02-24  55.48  56.2  55.3  55.8  1622600  55.8
2011-02-23  55.71  55.91  55.06  55.53  1601200  55.53
2011-02-22  55.76  56.1  55.15  55.66  1645600  55.66
2011-02-18  57.12  57.19  56.23  56.47  1183300  56.47
2011-02-17  56.43  56.63  56.1  56.54  1000300  56.54
2011-02-16  56.86  56.98  56.26  56.55  1221000  56.55
2011-02-15  56.93  57.05  56.27  56.59  879600  56.59
2011-02-14  57.6  57.6  56.84  57.19  736200  57.19
2011-02-11  56.67  57.67  56.55  57.58  524700  57.58
2011-02-10  56.06  57.35  56.04  57.08  789200  57.08
2011-02-09  55.93  56.71  55.85  56.48  606900  56.48
2011-02-08  56.72  56.8  55.98  56.1  2692300  56.1
2011-02-07  56.91  57.87  56.58  56.66  1088900  56.66
2011-02-04  55.62  56.65  55.62  56.6  752400  56.6
2011-02-03  55.99  56.2  55.59  55.86  934600  55.86
2011-02-02  55.65  56.55  55.37  56.23  1107300  56.23
2011-02-01  54.78  56.21  54.71  55.98  1639700  55.98
2011-01-31  54.43  54.66  53.92  54.45  1434500  54.45
2011-01-28  55.8  55.83  53.96  54.14  1495500  54.14
2011-01-27  54.81  55.92  54.8  55.86  1863600  55.86
2011-01-26  54.26  54.61  53.57  54.44  1672300  54.44
2011-01-25  53.77  54.21  53.23  54.21  1799200  54.21
2011-01-24  52.48  54.08  52.15  53.85  2015000  53.85
2011-01-21  52.03  52.7  51.82  52.43  2427600  52.43
2011-01-20  52.29  52.61  51.25  51.56  1806700  51.56
2011-01-19  51.83  52.16  49.73  52.04  2541400  52.04
2011-01-18  51.49  52.83  51.49  52.04  1420700  52.04
2011-01-14  51.71  51.92  51.09  51.42  2187000  51.42
2011-01-13  51.95  52.11  51.55  51.76  1045500  51.76
2011-01-12  51.95  52.07  51.68  51.97  706400  51.97
2011-01-11  51.22  51.6  51.05  51.55  707300  51.55
2011-01-10  50.83  51.23  50.48  51.08  1019300  51.08
2011-01-07  50.9  51.31  50.83  51.01  771600  51.01
2011-01-06  50.81  51.52  50.63  50.85  895600  50.85
2011-01-05  51.4  51.56  50.86  51.1  1223700  51.1
2011-01-04  52.56  52.74  51.41  51.51  883100  51.51
2011-01-03  52.38  53.01  52.35  52.55  612400  52.55
2010-12-31  51.9  52.12  51.66  51.93  488200  51.93
2010-12-30  52.15  52.32  51.94  52.05  301900  52.05
2010-12-29  52.12  52.44  51.99  52.2  368500  52.2
2010-12-28  52.31  52.39  51.64  52.06  361300  52.06
2010-12-27  51.42  52.25  51.14  52.06  375900  52.06
2010-12-23  52.15  52.15  51.59  51.68  486600  51.68
2010-12-22  51.91  52.18  51.84  52.15  513000  52.15
2010-12-21  52.18  52.33  51.74  51.91  511800  51.91
2010-12-20  52.5  52.67  51.45  51.84  869300  51.84
2010-12-17  52.48  52.61  51.79  52.3  853000  52.3
2010-12-16  52.1  52.38  51.73  52.31  737800  52.31
2010-12-15  52.17  52.37  51.66  51.91  447600  51.91
2010-12-14  52.45  52.66  52.15  52.35  446100  52.35
2010-12-13  52.87  53.2  52.39  52.44  632600  52.44
2010-12-10  52.56  52.73  52.29  52.43  616100  52.43
2010-12-09  52.24  52.43  51.99  52.31  487600  52.31
2010-12-08  52.1  52.25  51.41  51.72  662300  51.72
2010-12-07  52.77  52.99  51.93  52.1  1311900  52.1
2010-12-06  51.99  52.35  51.75  52.18  580000  52.18
2010-12-03  51.71  52.25  51.54  52.07  651400  52.07
2010-12-02  50.89  51.98  50.7  51.96  771700  51.96
2010-12-01  50.13  51.02  49.92  50.87  1008300  50.87
2010-11-30  49.12  49.55  48.77  49.21  625700  49.21
2010-11-29  49.24  49.91  48.88  49.78  520100  49.78
2010-11-26  49.73  50.21  49.6  49.81  219500  49.81
2010-11-24  49.22  50.29  49.04  50.24  725500  50.24
2010-11-23  49.46  49.7  48.72  48.86  883200  48.86
2010-11-22  50.18  50.39  49.59  50.24  745800  50.24
2010-11-19  49.52  50.41  49.35  50.4  1011400  50.4
2010-11-18  48.94  50.1  48.86  49.62  698600  49.62
2010-11-17  48.2  48.54  47.89  48.27  983300  48.27
2010-11-16  49.01  49.16  47.74  48.17  1398700  48.17
2010-11-15  49.97  50.14  49.48  49.52  691500  49.52
2010-11-12  49.92  50.53  49.38  49.74  577400  49.74
2010-11-11  50.52  50.8  49.89  50.41  1236200  50.41
2010-11-10  51.3  51.66  50.8  51.66  735200  51.66
2010-11-09  51.82  51.83  50.97  51.32  582800  51.32
2010-11-08  51.29  51.79  51.27  51.62  568600  51.62
2010-11-05  52.01  52.15  51.7  52.02  730300  52.02
2010-11-04  51.35  52.18  51.0  52.09  1629900  52.09
2010-11-03  50.21  50.66  49.93  50.66  776100  50.66
2010-11-02  49.78  50.64  49.54  50.29  1132500  50.29
2010-11-01  49.46  49.72  48.84  49.16  688200  49.16
2010-10-29  48.38  49.38  48.07  49.31  999100  49.31
2010-10-28  48.9  49.02  48.16  48.58  486800  48.58
2010-10-27  48.56  48.96  48.05  48.66  1057200  48.66
2010-10-26  48.87  49.28  48.44  49.07  1358100  49.07
2010-10-25  48.73  49.55  48.62  49.22  815000  49.22
2010-10-22  48.49  48.67  48.02  48.32  1145400  48.32
2010-10-21  48.2  48.61  47.47  48.59  1656700  48.59
2010-10-20  47.59  47.98  46.6  47.88  2654100  47.88
2010-10-19  48.23  48.74  47.52  47.97  2013100  47.97
2010-10-18  49.34  49.62  48.94  49.08  1260000  49.08
2010-10-15  49.16  49.33  48.56  49.33  1135100  49.33
2010-10-14  48.97  49.06  48.22  48.63  1048400  48.63
2010-10-13  48.76  49.41  48.29  49.06  1361300  49.06
2010-10-12  48.44  48.76  47.81  48.48  639500  48.48
2010-10-11  48.4  48.68  48.21  48.51  789700  48.51
2010-10-08  48.71  48.75  48.23  48.45  1047400  48.45
2010-10-07  48.85  48.86  48.1  48.61  955200  48.61
2010-10-06  49.26  49.49  48.3  48.63  1048900  48.63
2010-10-05  48.15  49.49  48.12  49.33  1118900  49.33
2010-10-04  48.03  48.15  47.06  47.46  723500  47.46
2010-10-01  48.69  48.85  47.84  48.26  778200  48.26
2010-09-30  48.73  49.16  48.07  48.18  1314100  48.18
2010-09-29  47.85  48.53  47.57  48.38  1048200  48.38
2010-09-28  47.76  48.22  46.75  48.12  805700  48.12
2010-09-27  47.75  48.1  47.22  47.67  882100  47.67
2010-09-24  46.69  47.92  46.56  47.92  813700  47.92
2010-09-23  45.55  46.75  45.29  46.08  957000  46.08
2010-09-22  46.79  47.22  45.9  45.98  947500  45.98
2010-09-21  47.47  47.57  46.65  46.95  898000  46.95
2010-09-20  46.69  47.56  46.49  47.47  691700  47.47
2010-09-17  46.53  46.83  46.12  46.58  1179800  46.58
2010-09-16  46.39  46.63  46.03  46.12  809000  46.12
2010-09-15  46.61  46.71  46.14  46.57  877900  46.57
2010-09-14  46.52  46.94  46.02  46.66  841000  46.66
2010-09-13  45.61  46.7  45.48  46.63  980500  46.63
2010-09-10  45.37  45.59  45.04  45.13  1515700  45.13
2010-09-09  46.71  46.71  45.11  45.49  1544600  45.49
2010-09-08  45.81  46.44  45.27  46.11  1557500  46.11
2010-09-07  45.04  46.1  44.91  45.45  2162000  45.45
2010-09-03  44.4  45.17  44.4  45.05  1948400  45.05
2010-09-02  43.08  43.94  43.01  43.92  1492800  43.92
2010-09-01  40.71  43.23  40.71  43.17  2117100  43.17
2010-08-31  40.38  40.78  39.76  40.04  1812200  40.04
2010-08-30  41.0  41.45  40.51  40.54  1417300  40.54
2010-08-27  40.68  41.27  39.78  41.23  1391700  41.23
2010-08-26  40.09  40.7  40.0  40.36  2031200  40.36
2010-08-25  39.3  40.0  39.05  39.87  989000  39.87
2010-08-24  39.45  39.99  38.95  39.7  1273500  39.7
2010-08-23  40.9  41.22  40.07  40.08  904900  40.08
2010-08-20  40.54  41.03  40.13  40.97  1138800  40.97
2010-08-19  41.39  41.62  40.67  40.79  1296500  40.79
2010-08-18  41.53  41.97  41.12  41.64  1042900  41.64
2010-08-17  40.95  42.04  40.82  41.63  1441100  41.63
2010-08-16  39.85  40.7  39.66  40.61  1051700  40.61
2010-08-13  40.89  40.9  40.13  40.15  1431700  40.15
2010-08-12  40.99  41.28  40.79  40.95  1632600  40.95
2010-08-11  43.48  43.48  41.87  41.92  1369200  41.92
2010-08-10  44.28  44.53  43.74  44.24  815300  44.24
2010-08-09  44.43  44.97  44.28  44.95  950200  44.95
2010-08-06  43.91  44.53  43.61  44.25  841400  44.25
2010-08-05  44.42  44.72  44.17  44.49  1226500  44.49
2010-08-04  44.59  45.14  44.44  44.89  1206200  44.89
2010-08-03  44.85  45.07  44.2  44.48  1371300  44.48
2010-08-02  44.81  45.24  44.54  44.95  1176400  44.95
2010-07-30  43.49  44.3  42.97  44.05  1196100  44.05
2010-07-29  44.36  44.54  43.49  44.03  1156100  44.03
2010-07-28  44.15  44.5  43.86  44.13  933300  44.13
2010-07-27  45.38  45.55  44.25  44.3  1149700  44.3
2010-07-26  44.31  45.12  43.92  45.08  1374400  45.08
2010-07-23  43.15  44.53  43.15  44.35  1719700  44.35
2010-07-22  42.38  43.22  42.26  43.18  1438700  43.18
2010-07-21  43.37  43.84  41.62  41.79  2567900  41.79
2010-07-20  40.17  41.79  40.07  41.75  1181000  41.75
2010-07-19  40.63  41.04  40.21  40.91  936000  40.91
2010-07-16  41.6  41.6  40.28  40.46  1074300  40.46
2010-07-15  41.59  42.0  41.17  41.89  710700  41.89
2010-07-14  41.38  42.04  41.23  41.64  1137400  41.64
2010-07-13  40.33  41.45  40.2  41.28  913500  41.28
2010-07-12  39.68  40.11  39.35  39.87  587500  39.87
2010-07-09  40.06  40.18  39.68  39.96  608200  39.96
2010-07-08  40.15  40.56  39.37  40.06  1436100  40.06
2010-07-07  38.41  39.7  38.17  39.61  1437800  39.61
2010-07-06  39.14  39.14  37.8  38.23  1508600  38.23
2010-07-02  39.04  39.33  38.02  38.31  1523800  38.31
2010-07-01  38.44  39.24  37.72  38.87  1626600  38.87
2010-06-30  39.25  39.73  38.43  38.63  1071000  38.63
2010-06-29  40.04  40.23  39.04  39.37  976400  39.37
2010-06-28  40.72  41.13  40.49  40.79  769900  40.79
2010-06-25  40.56  40.96  39.67  40.72  1254100  40.72
2010-06-24  40.73  41.18  40.17  40.26  841900  40.26
2010-06-23  41.24  41.44  40.32  41.04  809700  41.04
2010-06-22  41.88  42.2  41.09  41.16  791300  41.16
2010-06-21  42.52  42.85  41.55  41.86  874300  41.86
2010-06-18  42.04  42.33  41.65  41.93  805500  41.93
2010-06-17  42.21  42.27  41.42  41.96  577700  41.96
2010-06-16  41.95  42.25  41.72  41.95  661600  41.95
2010-06-15  40.8  42.3  40.66  42.28  1529400  42.28
2010-06-14  40.71  41.14  40.32  40.38  1187000  40.38
2010-06-11  39.32  40.32  39.32  40.31  1007500  40.31
2010-06-10  39.12  39.96  39.11  39.96  917200  39.96
2010-06-09  38.79  39.68  38.56  38.72  1546800  38.72
2010-06-08  39.14  39.43  37.74  38.49  2299200  38.49
2010-06-07  40.16  40.25  39.05  39.12  1484600  39.12
2010-06-04  40.72  41.14  39.82  40.1  1933800  40.1
2010-06-03  41.32  41.75  41.13  41.53  1086000  41.53
2010-06-02  40.47  41.25  39.82  41.24  1789900  41.24
2010-06-01  41.32  41.61  40.29  40.35  1065900  40.35
2010-05-28  42.08  42.24  41.51  41.68  1277700  41.68
2010-05-27  41.41  42.3  41.21  42.26  935400  42.26
2010-05-26  41.12  41.57  40.3  40.52  1085800  40.52
2010-05-25  39.62  40.88  39.11  40.83  1283000  40.83
2010-05-24  41.07  41.6  40.82  40.86  1634300  40.86
2010-05-21  39.8  41.69  39.48  41.21  1778800  41.21
2010-05-20  41.14  41.57  40.27  40.49  1463700  40.49
2010-05-19  43.13  43.35  41.7  42.26  1456500  42.26
2010-05-18  44.47  44.75  43.24  43.41  1367200  43.41
2010-05-17  43.3  44.22  43.14  44.05  1329000  44.05
2010-05-14  43.94  44.14  42.71  43.25  1158700  43.25
2010-05-13  44.6  45.04  44.19  44.25  1152900  44.25
2010-05-12  44.49  44.77  44.23  44.67  1397900  44.67
2010-05-11  43.95  45.08  43.57  44.22  1610000  44.22
2010-05-10  43.75  44.68  43.31  44.48  2116300  44.48
2010-05-07  42.62  42.8  40.89  41.75  1874600  41.75
2010-05-06  43.02  43.92  40.29  42.62  3037300  42.62
2010-05-05  43.36  43.57  41.8  43.36  2419500  43.36
2010-05-04  45.74  45.74  43.64  44.01  1397600  44.01
2010-05-03  45.7  46.31  45.59  46.31  1040300  46.31
2010-04-30  45.85  46.2  45.26  45.42  1346700  45.42
2010-04-29  46.02  46.21  45.68  45.94  843600  45.94
2010-04-28  45.54  45.84  44.88  45.57  1535100  45.57
2010-04-27  46.18  46.39  44.98  45.13  1203100  45.13
2010-04-26  46.2  46.77  46.06  46.58  1220900  46.58
2010-04-23  46.0  46.62  45.76  46.17  888800  46.17
2010-04-22  45.29  45.96  44.71  45.94  1308500  45.94
2010-04-21  46.39  47.01  45.61  45.94  2421400  45.94
2010-04-20  45.33  46.69  44.82  46.63  3874600  46.63
2010-04-19  43.06  43.27  42.27  43.27  1201800  43.27
2010-04-16  43.47  43.83  42.95  43.07  1150200  43.07
2010-04-15  43.72  44.1  43.53  43.67  981600  43.67
2010-04-14  42.9  44.01  42.78  43.94  1877100  43.94
2010-04-13  42.77  42.88  42.46  42.79  1341900  42.79
2010-04-12  42.56  42.93  42.47  42.74  1297600  42.74
2010-04-09  42.1  42.59  41.74  42.56  958900  42.56
2010-04-08  41.97  42.14  41.6  42.07  724400  42.07
2010-04-07  42.35  42.35  41.85  42.06  1208200  42.06
2010-04-06  41.89  42.3  41.58  42.24  1004800  42.24
2010-04-05  41.8  42.35  41.8  42.24  1077800  42.24
2010-04-01  41.75  42.04  41.38  41.67  957800  41.67
2010-03-31  41.31  41.71  41.24  41.47  1445300  41.47
2010-03-30  41.68  41.86  41.22  41.5  2030700  41.5
2010-03-29  40.93  41.76  40.86  41.7  1344200  41.7
2010-03-26  41.31  41.41  40.31  40.75  2371600  40.75
2010-03-25  41.59  42.15  41.18  41.24  2638800  41.24
2010-03-24  41.41  41.54  41.12  41.27  2268200  41.27
2010-03-23  42.34  42.35  41.34  41.53  4562800  41.53
2010-03-22  42.37  42.43  42.15  42.23  2708300  42.23
2010-03-19  43.56  43.8  42.69  42.75  2076200  42.75
2010-03-18  43.61  43.65  43.16  43.51  894600  43.51
2010-03-17  43.66  44.13  43.6  43.81  2189600  43.81
2010-03-16  43.19  43.63  43.19  43.63  1240600  43.63
2010-03-15  43.24  43.62  43.05  43.14  1083500  43.14
2010-03-12  43.62  43.67  43.22  43.38  2236100  43.38
2010-03-11  44.11  44.3  43.42  43.56  3572700  43.56
2010-03-10  43.62  44.43  43.61  44.36  1214400  44.36
2010-03-09  42.93  43.71  42.75  43.52  1001000  43.52
2010-03-08  43.21  43.37  42.95  43.0  1202100  43.0
2010-03-05  42.69  43.26  42.69  43.15  1490100  43.15
2010-03-04  42.76  42.82  42.19  42.5  967900  42.5
2010-03-03  41.76  42.94  41.72  42.79  1458700  42.79
2010-03-02  41.91  42.21  41.49  41.7  1089400  41.7
2010-03-01  41.29  41.83  41.29  41.76  681700  41.76
2010-02-26  40.63  41.02  40.3  40.93  691200  40.93
2010-02-25  40.11  40.84  39.61  40.75  962800  40.75
2010-02-24  40.61  41.0  40.35  40.91  905300  40.91
2010-02-23  41.01  41.35  40.38  40.51  814400  40.51
2010-02-22  42.16  42.16  40.97  41.04  1156200  41.04
2010-02-19  42.34  42.87  41.58  42.05  1729700  42.05
2010-02-18  40.87  41.36  40.73  41.23  1072600  41.23
2010-02-17  40.77  41.17  40.47  40.97  776400  40.97
2010-02-16  39.66  40.65  39.31  40.58  1161400  40.58
2010-02-12  39.01  39.36  38.38  39.19  699900  39.19
2010-02-11  38.85  39.38  38.12  39.37  1064300  39.37
2010-02-10  38.81  39.03  38.09  38.86  785800  38.86
2010-02-09  38.76  39.21  38.3  38.93  872900  38.93
2010-02-08  38.1  39.0  37.86  38.28  1135000  38.28
2010-02-05  37.84  38.23  37.13  38.19  1552100  38.19
2010-02-04  39.32  39.32  37.84  37.85  1098900  37.85
2010-02-03  39.75  40.24  39.59  39.73  498800  39.73
2010-02-02  40.03  40.05  39.37  39.87  933100  39.87
2010-02-01  39.48  40.01  39.33  39.87  1112500  39.87
2010-01-29  39.7  39.99  39.08  39.15  1873600  39.15
2010-01-28  40.12  40.35  38.94  39.33  1084100  39.33
2010-01-27  40.29  40.53  39.32  40.08  1813500  40.08
2010-01-26  39.8  40.87  39.57  40.49  1969000  40.49
2010-01-25  40.27  40.42  39.6  40.14  1286400  40.14
2010-01-22  41.49  41.77  39.81  39.84  1969400  39.84
2010-01-21  43.79  44.69  41.69  41.76  3392700  41.76
2010-01-20  43.05  43.51  42.59  43.34  1183200  43.34
2010-01-19  43.07  43.35  42.69  43.32  1035500  43.32
2010-01-15  44.24  44.33  42.92  43.08  1083000  43.08
2010-01-14  44.2  44.71  44.06  44.5  991900  44.5
2010-01-13  43.61  44.32  43.29  44.22  600000  44.22
2010-01-12  43.99  44.16  42.96  43.53  1911200  43.53
2010-01-11  44.65  44.75  43.82  44.5  817600  44.5
2010-01-08  43.88  44.4  43.73  44.4  673400  44.4
2010-01-07  44.21  44.45  43.92  44.07  688800  44.07
2010-01-06  44.26  44.74  44.11  44.37  832200  44.37
2010-01-05  45.07  45.3  44.06  44.2  1352700  44.2
2010-01-04  46.19  46.19  45.11  45.14  1228600  45.14
