Date  Open  High  Low  Close  Volume  Adj Close
2014-02-28  115.07  116.36  114.46  115.22  1022900  115.22
2014-02-27  115.0  115.33  114.5  115.1  763800  115.1
2014-02-26  114.46  115.62  114.2  114.89  932100  114.89
2014-02-25  114.98  115.63  113.99  114.53  881400  114.53
2014-02-24  115.04  115.95  114.99  115.0  825200  115.0
2014-02-21  115.68  115.85  114.88  114.98  628500  114.98
2014-02-20  114.29  115.83  114.0  115.52  1074400  115.52
2014-02-19  115.06  115.91  113.89  113.99  944500  113.99
2014-02-18  114.5  115.52  114.13  115.37  1074400  115.37
2014-02-14  114.0  114.49  113.68  114.4  722800  114.4
2014-02-13  112.81  114.38  112.43  114.34  964300  114.34
2014-02-12  112.84  113.37  112.48  113.31  1251700  113.31
2014-02-11  110.51  113.0  110.48  112.99  1396800  112.99
2014-02-10  109.81  111.09  109.58  110.94  1393900  110.94
2014-02-07  107.59  110.16  107.5  110.12  1267800  110.12
2014-02-06  107.33  107.75  106.86  107.17  1081000  107.17
2014-02-05  106.25  107.57  105.89  107.25  1416900  107.25
2014-02-04  107.29  108.35  105.57  106.01  1426400  106.01
2014-02-03  108.32  108.46  105.21  105.4  1911500  105.4
2014-01-31  106.89  108.5  106.33  108.12  1475000  108.12
2014-01-30  108.37  108.66  107.64  107.98  1070600  107.98
2014-01-29  107.49  108.47  107.23  107.74  869500  107.74
2014-01-28  107.02  108.35  106.91  108.21  709200  108.21
2014-01-27  108.25  108.34  106.65  106.9  989800  106.9
2014-01-24  108.85  110.02  107.74  107.75  1070300  107.75
2014-01-23  111.39  111.39  109.94  110.4  771700  110.4
2014-01-22  111.88  112.11  111.08  111.56  611500  111.56
2014-01-21  112.19  112.52  111.09  111.45  813200  111.45
2014-01-17  111.42  112.05  111.13  111.31  960500  111.31
2014-01-16  111.69  112.39  111.54  111.99  665100  111.99
2014-01-15  111.89  111.95  111.27  111.82  726900  111.82
2014-01-14  111.64  111.71  110.62  111.7  817700  111.7
2014-01-13  112.03  112.54  110.78  111.06  650600  111.06
2014-01-10  112.15  112.71  111.38  112.54  932500  112.54
2014-01-09  111.45  112.4  111.11  112.15  650100  112.15
2014-01-08  110.52  111.47  109.98  111.08  1162100  111.08
2014-01-07  110.28  111.45  110.28  111.03  1214200  111.03
2014-01-06  109.95  110.45  109.08  109.45  510700  109.45
2014-01-03  109.33  110.14  109.25  109.37  419900  109.37
2014-01-02  110.41  110.41  108.79  109.14  665000  109.14
2013-12-31  110.75  110.94  110.1  110.49  473000  110.49
2013-12-30  110.35  110.61  109.5  110.6  606600  110.6
2013-12-27  110.07  110.7  110.07  110.35  295900  110.35
2013-12-26  109.96  110.13  109.37  110.1  313500  110.1
2013-12-24  109.26  109.95  109.1  109.68  358900  109.68
2013-12-23  109.25  109.59  108.98  109.43  469300  109.43
2013-12-20  107.88  108.97  107.65  108.88  1389900  108.88
2013-12-19  108.36  108.57  107.21  108.02  1205900  108.02
2013-12-18  106.06  108.72  105.53  108.55  1158300  108.55
2013-12-17  106.21  106.75  105.25  105.75  846100  105.75
2013-12-16  105.92  106.56  105.75  105.88  736900  105.88
2013-12-13  105.06  105.84  105.06  105.45  651400  105.45
2013-12-12  105.4  105.7  104.94  105.0  620300  105.0
2013-12-11  107.55  107.68  105.56  105.64  763800  105.64
2013-12-10  108.49  108.77  107.24  107.32  744600  107.32
2013-12-09  108.39  108.94  107.9  108.61  662500  108.61
2013-12-06  107.17  108.39  107.01  108.35  720000  108.35
2013-12-05  106.87  107.33  106.38  106.46  833100  106.46
2013-12-04  106.84  107.58  106.11  106.86  1072100  106.86
2013-12-03  105.47  107.96  105.47  107.86  1167000  107.86
2013-12-02  108.21  108.33  107.21  107.57  1167600  107.57
2013-11-29  108.64  108.89  107.89  108.04  411800  108.04
2013-11-27  108.46  108.98  108.28  108.39  648000  108.39
2013-11-26  108.64  108.93  108.31  108.34  699800  108.34
2013-11-25  109.05  109.57  108.61  108.68  522800  108.68
2013-11-22  108.58  108.89  108.18  108.55  533700  108.55
2013-11-21  108.33  109.25  108.24  108.6  499900  108.6
2013-11-20  107.73  108.69  107.57  108.13  542500  108.13
2013-11-19  107.51  108.06  106.89  107.89  716000  107.89
2013-11-18  108.91  109.02  107.34  107.57  691400  107.57
2013-11-15  108.11  108.77  108.11  108.56  789100  108.56
2013-11-14  107.9  108.91  107.6  108.11  973200  108.11
2013-11-13  107.52  107.8  106.62  107.48  1279000  107.48
2013-11-12  107.63  108.48  107.16  108.37  819800  108.37
2013-11-11  106.96  107.7  106.62  107.45  811100  107.45
2013-11-08  105.42  107.18  105.38  107.16  812400  107.16
2013-11-07  106.62  107.05  105.64  105.76  919900  105.76
2013-11-06  106.22  107.16  105.9  106.51  904600  106.51
2013-11-05  107.0  107.33  104.94  106.46  1094600  106.46
2013-11-04  105.1  106.23  104.69  106.02  732600  106.02
2013-11-01  105.02  105.52  104.06  104.63  727900  104.63
2013-10-31  105.13  105.45  104.59  104.59  548400  104.59
2013-10-30  105.96  106.19  104.85  105.11  419900  105.11
2013-10-29  106.03  106.45  105.41  105.96  399500  105.96
2013-10-28  104.71  106.03  104.61  105.81  563000  105.81
2013-10-25  105.45  105.64  104.62  105.01  614800  105.01
2013-10-24  106.23  106.36  105.05  105.47  691000  105.47
2013-10-23  105.21  106.32  104.72  106.03  671800  106.03
2013-10-22  104.46  105.72  104.45  104.9  765700  104.9
2013-10-21  103.82  104.73  103.28  104.49  571400  104.49
2013-10-18  103.8  104.49  103.29  104.28  736700  104.28
2013-10-17  102.08  103.69  101.82  103.56  465400  103.56
2013-10-16  101.04  102.36  100.78  102.36  667600  102.36
2013-10-15  101.78  102.21  100.54  100.55  801400  100.55
2013-10-14  101.65  102.47  101.08  102.24  491200  102.24
2013-10-11  100.8  102.33  100.61  102.29  693600  102.29
2013-10-10  99.44  100.64  99.14  100.64  499200  100.64
2013-10-09  97.96  98.93  97.94  98.6  641300  98.6
2013-10-08  98.97  99.19  97.8  97.83  635400  97.83
2013-10-07  99.22  99.56  98.92  98.92  380100  98.92
2013-10-04  98.99  100.15  98.82  99.91  526700  99.91
2013-10-03  99.77  100.01  98.58  98.99  702100  98.99
2013-10-02  100.05  100.21  98.7  100.14  679900  100.14
2013-10-01  99.6  100.54  99.43  100.41  528300  100.41
2013-09-30  98.9  99.96  98.35  99.51  795600  99.51
2013-09-27  99.97  100.25  99.02  99.38  781700  99.38
2013-09-26  99.92  100.59  99.79  100.41  413700  100.41
2013-09-25  100.59  100.68  99.74  99.74  532200  99.74
2013-09-24  101.26  101.49  100.43  100.58  765500  100.58
2013-09-23  101.52  101.81  101.05  101.36  577700  101.36
2013-09-20  102.41  102.45  101.36  101.54  1053800  101.54
2013-09-19  102.1  102.47  101.87  102.35  625100  102.35
2013-09-18  101.13  102.37  101.13  101.8  1050400  101.8
2013-09-17  100.22  100.71  100.06  100.29  484500  100.29
2013-09-16  100.51  100.66  99.45  100.22  771000  100.22
2013-09-13  99.2  99.58  98.81  99.48  379000  99.48
2013-09-12  99.7  99.92  99.0  99.14  546200  99.14
2013-09-11  99.26  100.03  98.94  99.85  715000  99.85
2013-09-10  99.71  100.0  99.08  99.18  585000  99.18
2013-09-09  98.69  99.63  98.39  99.21  694400  99.21
2013-09-06  98.37  99.55  97.44  98.87  792300  98.87
2013-09-05  98.06  98.42  97.47  98.32  529400  98.32
2013-09-04  96.3  97.89  96.17  97.72  636300  97.72
2013-09-03  97.43  97.61  95.76  96.33  611500  96.33
2013-08-30  96.62  96.63  95.97  96.4  494200  96.4
2013-08-29  96.33  97.1  96.08  96.6  394800  96.6
2013-08-28  96.4  97.0  96.19  96.61  507700  96.61
2013-08-27  97.37  97.37  96.21  96.27  684400  96.27
2013-08-26  98.17  98.52  97.8  98.1  665500  98.1
2013-08-23  97.96  98.04  97.54  98.02  549900  98.02
2013-08-22  97.21  98.15  96.91  97.85  463600  97.85
2013-08-21  96.87  97.79  96.79  97.24  769900  97.24
2013-08-20  96.73  97.38  96.43  97.19  711200  97.19
2013-08-19  96.14  97.13  96.14  96.73  559000  96.73
2013-08-16  96.46  96.88  96.15  96.37  790900  96.37
2013-08-15  98.21  98.21  96.76  96.84  739900  96.84
2013-08-14  98.66  98.89  98.25  98.53  636600  98.53
2013-08-13  98.97  99.02  98.12  98.85  563900  98.85
2013-08-12  98.78  99.06  98.34  98.99  695400  98.99
2013-08-09  99.09  99.55  98.74  98.93  856200  98.93
2013-08-08  99.53  99.62  98.83  99.3  1196600  99.3
2013-08-07  99.09  99.14  98.53  98.99  911200  98.99
2013-08-06  100.17  100.17  98.99  99.16  2286600  99.16
2013-08-05  100.52  100.52  99.67  99.75  1480400  99.75
2013-08-02  102.29  102.44  100.3  100.49  1570700  100.49
2013-08-01  102.95  102.95  101.0  102.07  2117500  102.07
2013-07-31  102.31  103.2  101.9  102.67  1716400  102.67
2013-07-30  102.47  102.75  101.9  101.95  782500  101.95
2013-07-29  101.87  102.26  101.48  102.07  435400  102.07
2013-07-26  102.16  102.48  101.1  102.21  887900  102.21
2013-07-25  102.52  103.01  102.13  102.48  973400  102.48
2013-07-24  103.63  103.79  102.42  102.68  591700  102.68
2013-07-23  103.51  103.92  102.84  103.26  1142800  103.26
2013-07-22  102.39  103.81  102.28  103.45  692300  103.45
2013-07-19  101.69  102.95  101.3  102.6  852900  102.6
2013-07-18  100.96  102.12  100.87  101.94  683200  101.94
2013-07-17  101.11  101.6  100.82  100.93  499900  100.93
2013-07-16  101.08  101.57  100.69  100.87  585200  100.87
2013-07-15  100.87  101.29  100.51  101.14  401300  101.14
2013-07-12  99.31  101.03  99.05  100.98  1106900  100.98
2013-07-11  99.12  99.21  98.2  99.0  759300  99.0
2013-07-10  97.87  98.53  97.59  98.1  739200  98.1
2013-07-09  98.74  98.8  97.68  97.76  822100  97.76
2013-07-08  98.33  99.3  98.19  98.36  824900  98.36
2013-07-05  97.35  97.7  96.72  97.68  423400  97.68
2013-07-03  96.02  97.16  95.8  96.81  577900  96.81
2013-07-02  98.13  98.15  95.84  96.16  1234900  96.16
2013-07-01  98.43  98.82  97.8  98.25  1216600  98.25
2013-06-28  97.62  98.19  97.13  97.83  1380500  97.83
2013-06-27  98.63  98.65  97.71  97.75  787200  97.75
2013-06-26  97.88  98.86  97.86  98.16  834900  98.16
2013-06-25  97.6  97.6  96.45  97.01  1196000  97.01
2013-06-24  93.9  96.78  93.3  96.71  1650400  96.71
2013-06-21  95.76  96.56  94.83  95.06  1620700  95.06
2013-06-20  97.08  97.08  95.08  95.28  1127600  95.28
2013-06-19  99.29  99.4  97.74  97.79  851900  97.79
2013-06-18  99.26  99.55  98.43  99.39  478200  99.39
2013-06-17  98.58  99.65  98.1  99.16  943400  99.16
2013-06-14  97.43  98.22  97.35  97.65  677200  97.65
2013-06-13  96.28  97.84  95.85  97.61  827500  97.61
2013-06-12  97.9  97.99  96.66  96.69  725800  96.69
2013-06-11  96.45  98.0  96.23  97.32  670100  97.32
2013-06-10  97.82  97.93  96.72  97.53  687000  97.53
2013-06-07  97.17  97.85  96.75  97.69  886000  97.69
2013-06-06  96.13  96.76  94.98  96.76  809100  96.76
2013-06-05  96.48  97.18  95.77  95.94  653500  95.94
2013-06-04  97.66  97.92  96.25  96.89  945000  96.89
2013-06-03  97.47  97.74  96.77  97.71  923900  97.71
2013-05-31  98.9  99.42  97.09  97.13  1273900  97.13
2013-05-30  99.55  99.94  99.04  99.3  651500  99.3
2013-05-29  99.97  99.99  98.87  99.29  988000  99.29
2013-05-28  100.11  100.58  99.77  100.38  1119000  100.38
2013-05-24  98.07  99.33  97.53  99.31  835100  99.31
2013-05-23  98.05  99.05  97.74  98.66  627000  98.66
2013-05-22  99.52  101.17  98.23  98.51  858700  98.51
2013-05-21  99.7  100.36  99.41  99.49  742500  99.49
2013-05-20  100.08  100.49  99.44  99.6  798800  99.6
2013-05-17  99.27  100.38  99.18  100.25  926900  100.25
2013-05-16  99.46  99.69  98.88  98.99  690300  98.99
2013-05-15  99.97  100.3  99.52  99.81  1128200  99.81
2013-05-14  99.2  100.88  98.9  100.24  1677500  100.24
2013-05-13  97.72  98.85  97.71  98.82  1048100  98.82
2013-05-10  96.77  98.11  96.68  98.11  1176100  98.11
2013-05-09  95.99  96.39  95.88  96.28  932200  96.28
2013-05-08  95.83  96.17  95.51  96.11  844200  96.11
2013-05-07  95.72  96.11  95.64  96.0  756100  96.0
2013-05-06  95.71  96.15  95.37  95.45  778400  95.45
2013-05-03  95.41  96.02  95.1  95.96  1416500  95.96
2013-05-02  93.18  96.5  92.78  94.71  2585400  94.71
2013-05-01  92.89  93.5  91.9  92.17  1144500  92.17
2013-04-30  93.17  93.2  92.46  92.88  1470300  92.88
2013-04-29  93.41  93.77  93.22  93.38  1035100  93.38
2013-04-26  94.64  94.84  93.18  93.19  1256700  93.19
2013-04-25  93.96  95.29  93.74  94.94  812300  94.94
2013-04-24  94.62  94.71  93.51  93.53  694100  93.53
2013-04-23  94.0  94.9  93.51  94.4  554900  94.4
2013-04-22  93.15  94.05  92.98  93.73  719500  93.73
2013-04-19  92.19  93.34  92.1  93.14  1612200  93.14
2013-04-18  93.25  93.25  91.66  92.24  1266800  92.24
2013-04-17  93.54  93.62  92.13  93.13  1032800  93.13
2013-04-16  93.82  94.05  93.0  93.98  1280300  93.98
2013-04-15  94.67  94.93  93.41  93.41  898800  93.41
2013-04-12  94.74  95.14  94.41  94.91  738300  94.91
2013-04-11  94.94  95.63  94.88  95.19  891300  95.19
2013-04-10  94.78  95.35  94.58  94.96  957500  94.96
2013-04-09  94.41  94.96  93.85  94.59  1158600  94.59
2013-04-08  94.48  94.54  93.82  94.02  1009500  94.02
2013-04-05  94.16  95.08  93.75  94.66  1091100  94.66
2013-04-04  95.1  95.53  94.96  95.11  1402000  95.11
2013-04-03  95.36  95.68  94.53  94.96  1757100  94.96
2013-04-02  94.69  95.47  94.5  95.13  1551300  95.13
2013-04-01  94.21  94.79  93.91  94.27  676100  94.27
2013-03-28  94.01  94.29  93.38  94.17  995000  94.17
2013-03-27  92.3  93.77  91.69  93.73  1385900  93.73
2013-03-26  91.46  92.53  91.03  92.5  769600  92.5
2013-03-25  91.64  91.82  90.51  91.04  805500  91.04
2013-03-22  90.8  91.38  90.52  91.32  814600  91.32
2013-03-21  91.15  91.6  90.41  90.55  1024000  90.55
2013-03-20  90.83  91.74  90.66  91.59  990800  91.59
2013-03-19  90.68  90.69  89.89  90.36  1076600  90.36
2013-03-18  90.4  90.72  89.97  90.47  929000  90.47
2013-03-15  91.1  91.21  90.33  90.91  2201700  90.91
2013-03-14  89.72  91.13  89.35  91.11  2112300  91.11
2013-03-13  88.63  89.7  88.31  89.7  1547500  89.7
2013-03-12  88.04  88.81  87.65  88.78  971000  88.78
2013-03-11  87.44  88.4  87.08  88.26  968000  88.26
2013-03-08  87.12  87.55  86.64  87.5  991600  87.5
2013-03-07  86.79  87.38  86.55  86.91  1091400  86.91
2013-03-06  87.37  87.61  86.71  86.79  1092900  86.79
2013-03-05  87.08  87.47  87.08  87.36  1039000  87.36
2013-03-04  86.68  86.84  85.74  86.84  1245100  86.84
2013-03-01  86.2  86.95  85.91  86.93  1127600  86.93
2013-02-28  86.44  86.76  86.08  86.25  1284800  86.25
2013-02-27  85.18  86.52  84.83  86.36  1051900  86.36
2013-02-26  85.48  85.96  84.61  85.08  1110100  85.08
2013-02-25  86.38  86.75  85.07  85.07  1137400  85.07
2013-02-22  85.2  86.32  84.88  86.11  1141600  86.11
2013-02-21  85.61  85.82  84.64  85.05  1324700  85.05
2013-02-20  86.56  86.75  85.52  85.63  1416500  85.63
2013-02-19  86.64  86.94  86.32  86.75  1188300  86.75
2013-02-15  86.59  86.84  86.23  86.67  1099400  86.67
2013-02-14  86.51  86.6  85.83  86.58  1221200  86.58
2013-02-13  87.06  87.33  86.42  86.65  1095100  86.65
2013-02-12  86.44  87.12  86.41  86.73  978400  86.73
2013-02-11  86.01  86.55  85.98  86.5  914100  86.5
2013-02-08  86.16  86.85  86.0  86.44  1429900  86.44
2013-02-07  86.1  86.2  85.28  86.1  1848000  86.1
2013-02-06  85.66  86.18  85.35  86.08  1789300  86.08
2013-02-05  84.73  86.36  84.72  85.87  2534800  85.87
2013-02-04  82.97  84.12  82.79  83.41  2039300  83.41
2013-02-01  83.12  83.56  82.72  83.4  863700  83.4
2013-01-31  82.11  82.66  81.91  82.31  1048800  82.31
2013-01-30  82.7  83.25  82.09  82.39  782800  82.39
2013-01-29  82.28  82.79  82.01  82.55  613400  82.55
2013-01-28  82.73  82.81  81.97  82.33  664100  82.33
2013-01-25  82.19  82.89  82.05  82.85  738700  82.85
2013-01-24  82.12  82.65  81.6  82.1  769000  82.1
2013-01-23  81.78  82.03  81.53  81.96  792800  81.96
2013-01-22  81.84  82.15  81.02  82.02  1426100  82.02
2013-01-18  81.72  82.24  81.17  82.22  1153000  82.22
2013-01-17  81.51  81.59  81.14  81.16  1234900  81.16
2013-01-16  80.98  81.41  80.75  81.3  1116900  81.3
2013-01-15  80.26  81.12  79.57  81.0  1159100  81.0
2013-01-14  80.16  80.62  80.0  80.61  1248700  80.61
2013-01-11  80.27  80.27  79.57  80.08  862600  80.08
2013-01-10  80.16  80.2  79.41  80.0  747600  80.0
2013-01-09  79.83  80.26  79.43  79.88  825200  79.88
2013-01-08  78.99  79.68  78.23  79.67  1173200  79.67
2013-01-07  78.51  79.32  78.5  78.96  813100  78.96
2013-01-04  78.94  78.94  78.52  78.7  884400  78.7
2013-01-03  78.26  79.09  78.02  78.74  1174200  78.74
2013-01-02  77.63  77.82  77.11  77.82  1011300  77.82
2012-12-31  75.82  76.62  75.18  76.58  758900  76.58
2012-12-28  76.39  76.43  75.66  75.75  566800  75.75
2012-12-27  76.46  76.87  75.95  76.67  520400  76.67
2012-12-26  77.02  77.14  75.98  76.42  539600  76.42
2012-12-24  77.03  77.39  76.66  76.95  240500  76.95
2012-12-21  77.16  77.43  76.71  77.24  1621500  77.24
2012-12-20  77.04  77.55  76.96  77.51  1031700  77.51
2012-12-19  77.31  77.71  76.91  76.92  902000  76.92
2012-12-18  77.24  77.3  76.77  77.22  1163100  77.22
2012-12-17  76.22  77.12  76.09  77.11  926200  77.11
2012-12-14  76.54  77.02  76.0  76.12  1211900  76.12
2012-12-13  76.85  77.47  76.7  76.86  1099400  76.86
2012-12-12  76.82  77.48  76.65  77.0  1330400  77.0
2012-12-11  76.05  76.85  75.9  76.61  1363000  76.61
2012-12-10  75.81  76.22  75.55  75.89  1107900  75.89
2012-12-07  75.74  76.11  75.27  76.04  775100  76.04
2012-12-06  75.32  75.64  74.76  75.52  864600  75.52
2012-12-05  74.92  75.7  74.69  75.32  1136300  75.32
2012-12-04  74.29  75.06  74.18  74.91  871800  74.91
2012-12-03  74.67  74.67  74.0  74.2  902100  74.2
2012-11-30  75.04  75.09  74.27  74.62  1668400  74.62
2012-11-29  75.76  76.13  74.79  74.91  1109400  74.91
2012-11-28  74.96  75.65  74.29  75.53  1131200  75.53
2012-11-27  75.28  75.8  74.91  75.08  1162800  75.08
2012-11-26  75.26  75.87  74.98  75.68  1460400  75.68
2012-11-23  74.94  75.65  74.7  75.65  464500  75.65
2012-11-21  74.22  74.96  74.02  74.76  1215000  74.76
2012-11-20  73.79  74.24  73.37  74.14  969800  74.14
2012-11-19  74.13  74.62  73.58  73.76  1270500  73.76
2012-11-16  73.48  74.23  73.32  73.56  1321200  73.56
2012-11-15  72.73  73.53  72.65  73.43  1180100  73.43
2012-11-14  73.17  73.34  72.19  72.63  958800  72.63
2012-11-13  72.41  73.57  72.41  72.87  847300  72.87
2012-11-12  73.51  73.51  72.27  72.63  1116400  72.63
2012-11-09  72.99  73.95  72.91  73.21  741000  73.21
2012-11-08  73.5  73.52  72.81  73.07  1732800  73.07
2012-11-07  73.72  75.15  72.7  73.51  1607600  73.51
2012-11-06  74.8  76.41  74.7  76.37  1720600  76.37
2012-11-05  73.42  74.73  73.38  74.54  775600  74.54
2012-11-02  74.67  74.77  73.55  73.64  813200  73.64
2012-11-01  73.47  74.51  73.02  74.24  725400  74.24
2012-10-31  73.13  73.83  72.84  73.65  941200  73.65
2012-10-26  73.32  73.7  72.96  73.32  725500  73.32
2012-10-25  73.46  73.81  72.98  73.27  943000  73.27
2012-10-24  73.5  73.85  73.18  73.24  717200  73.24
2012-10-23  73.25  73.9  72.84  73.38  761900  73.38
2012-10-22  73.37  73.95  73.31  73.87  602000  73.87
2012-10-19  74.35  74.45  73.48  73.62  787600  73.62
2012-10-18  74.97  75.04  74.29  74.83  665500  74.83
2012-10-17  75.03  75.22  74.4  75.01  830300  75.01
2012-10-16  74.72  75.41  74.72  75.19  826400  75.19
2012-10-15  75.26  75.26  74.22  74.46  801300  74.46
2012-10-12  75.03  75.41  74.44  74.57  943800  74.57
2012-10-11  74.94  75.48  74.76  74.97  890300  74.97
2012-10-10  74.82  74.93  74.19  74.35  1303700  74.35
2012-10-09  77.01  77.01  75.08  75.16  1192700  75.16
2012-10-08  77.32  77.52  77.04  77.33  460000  77.33
2012-10-05  77.31  77.51  77.04  77.32  721900  77.32
2012-10-04  76.88  77.15  76.59  77.08  712500  77.08
2012-10-03  76.86  77.07  76.37  76.66  796500  76.66
2012-10-02  76.91  77.15  76.73  77.08  606900  77.08
2012-10-01  76.54  77.35  76.49  76.83  967000  76.83
2012-09-28  76.51  76.74  76.02  76.46  993000  76.46
2012-09-27  76.81  76.95  76.18  76.63  718900  76.63
2012-09-26  76.8  76.88  76.21  76.24  710500  76.24
2012-09-25  77.28  77.54  76.59  76.88  1255800  76.88
2012-09-24  76.46  77.07  76.43  76.99  1166700  76.99
2012-09-21  77.39  77.5  77.03  77.19  890100  77.19
2012-09-20  76.87  77.2  76.56  77.1  1073700  77.1
2012-09-19  77.36  77.55  76.89  77.07  849000  77.07
2012-09-18  77.31  77.45  77.06  77.36  805600  77.36
2012-09-17  76.9  77.36  76.75  77.28  891300  77.28
2012-09-14  76.45  77.22  76.01  77.04  1312700  77.04
2012-09-13  75.95  76.76  75.72  76.51  991300  76.51
2012-09-12  76.2  76.32  75.86  75.92  1540700  75.92
2012-09-11  75.66  76.53  75.54  76.15  1201300  76.15
2012-09-10  75.79  75.91  75.29  75.58  1071400  75.58
2012-09-07  75.17  75.8  75.06  75.79  951100  75.79
2012-09-06  74.76  75.17  74.69  75.13  1044200  75.13
2012-09-05  74.12  74.73  73.78  74.44  1266500  74.44
2012-09-04  73.61  74.38  73.38  74.09  1269900  74.09
2012-08-31  73.53  73.82  73.16  73.51  1459200  73.51
2012-08-30  72.9  73.56  72.86  73.35  1094300  73.35
2012-08-29  73.19  73.58  73.03  73.06  1136700  73.06
2012-08-28  73.08  73.64  73.06  73.19  859300  73.19
2012-08-27  73.19  73.76  73.1  73.35  818600  73.35
2012-08-24  72.78  73.59  72.78  73.46  739200  73.46
2012-08-23  73.51  73.54  72.69  72.82  1057900  72.82
2012-08-22  73.58  73.75  73.29  73.52  815500  73.52
2012-08-21  74.12  74.73  73.64  73.68  1517600  73.68
2012-08-20  73.97  74.39  73.77  74.09  1223200  74.09
2012-08-17  73.58  74.2  73.29  74.06  1193200  74.06
2012-08-16  73.49  73.88  73.35  73.42  1010400  73.42
2012-08-15  73.45  73.87  73.36  73.69  588200  73.69
2012-08-14  73.92  73.92  73.33  73.59  610800  73.59
2012-08-13  73.33  73.75  73.12  73.73  739600  73.73
2012-08-10  72.97  73.49  72.57  73.42  920900  73.42
2012-08-09  73.14  73.43  72.82  73.05  1071600  73.05
2012-08-08  72.91  73.53  72.65  73.09  1186300  73.09
2012-08-07  72.42  73.5  72.42  73.02  1141700  73.02
2012-08-06  72.08  72.98  71.98  72.34  1006000  72.34
2012-08-03  72.14  72.91  71.78  71.93  1307400  71.93
2012-08-02  73.96  74.5  71.69  72.0  1744300  72.0
2012-08-01  72.21  72.91  71.92  72.74  1697100  72.74
2012-07-31  73.59  73.96  73.24  73.25  968700  73.25
2012-07-30  73.33  73.73  72.82  73.73  1730600  73.73
2012-07-27  72.48  73.62  72.35  73.47  1025800  73.47
2012-07-26  71.75  72.21  71.65  72.07  1132200  72.07
2012-07-25  71.1  71.83  70.85  71.32  756600  71.32
2012-07-24  71.54  71.61  70.32  70.79  1021000  70.79
2012-07-23  71.79  72.0  71.26  71.62  663300  71.62
2012-07-20  73.1  73.39  72.36  72.36  1588700  72.36
2012-07-19  73.04  73.64  72.92  73.48  759900  73.48
2012-07-18  72.53  73.3  72.14  72.97  787400  72.97
2012-07-17  72.3  72.87  71.59  72.76  695600  72.76
2012-07-16  71.88  72.3  71.88  72.07  486600  72.07
2012-07-13  72.06  72.35  71.88  72.0  1003700  72.0
2012-07-12  71.81  72.45  71.76  71.93  823900  71.93
2012-07-11  72.37  72.88  72.18  72.57  708700  72.57
2012-07-10  72.85  73.05  72.23  72.38  643300  72.38
2012-07-09  72.64  72.74  72.14  72.52  557700  72.52
2012-07-06  72.43  72.72  72.11  72.7  673400  72.7
2012-07-05  73.05  73.32  72.74  72.89  1048800  72.89
2012-07-03  72.75  73.53  72.7  73.23  698100  73.23
2012-07-02  72.68  72.95  71.82  72.92  748500  72.92
2012-06-29  71.28  72.32  71.28  72.32  1006800  72.32
2012-06-28  70.79  70.93  70.04  70.76  1135400  70.76
2012-06-27  70.81  71.41  70.65  71.09  781400  71.09
2012-06-26  70.98  70.98  70.3  70.4  921200  70.4
2012-06-25  71.23  71.3  70.65  70.67  964500  70.67
2012-06-22  71.66  71.8  71.24  71.58  1002600  71.58
2012-06-21  72.45  72.6  71.26  71.33  956400  71.33
2012-06-20  72.33  72.45  71.72  72.24  1093200  72.24
2012-06-19  71.44  72.45  71.34  72.32  1385500  72.32
2012-06-18  71.07  71.27  70.72  71.04  1331700  71.04
2012-06-15  70.75  71.22  70.62  71.2  2884100  71.2
2012-06-14  70.64  71.18  70.5  70.76  1168800  70.76
2012-06-13  70.38  71.12  70.29  70.62  1399000  70.62
2012-06-12  70.14  70.57  69.66  70.47  926000  70.47
2012-06-11  71.34  71.34  70.13  70.17  959100  70.17
2012-06-08  70.41  70.9  70.27  70.88  827300  70.88
2012-06-07  71.1  71.27  70.36  70.53  1138200  70.53
2012-06-06  70.04  70.53  69.72  70.37  1232100  70.37
2012-06-05  69.13  69.96  68.88  69.79  969500  69.79
2012-06-04  69.31  69.48  68.8  69.4  1273600  69.4
2012-06-01  69.69  69.92  69.25  69.42  1448900  69.42
2012-05-31  70.64  70.93  69.99  70.31  2043000  70.31
2012-05-30  71.04  71.1  70.52  70.61  1099700  70.61
2012-05-29  72.02  72.06  70.72  71.43  1468900  71.43
2012-05-25  71.87  72.04  71.31  71.55  925400  71.55
2012-05-24  71.42  72.07  71.42  71.84  871000  71.84
2012-05-23  71.85  71.89  70.76  71.54  797000  71.54
2012-05-22  72.49  72.66  71.7  71.9  922800  71.9
2012-05-21  71.53  72.49  71.45  72.49  1255800  72.49
2012-05-18  72.26  72.39  71.13  71.33  1378600  71.33
2012-05-17  72.85  72.97  71.72  71.91  1301900  71.91
2012-05-16  73.24  73.3  72.91  73.03  754400  73.03
2012-05-15  73.36  73.72  72.86  73.06  715400  73.06
2012-05-14  73.37  73.97  73.07  73.53  632900  73.53
2012-05-11  73.39  74.27  73.2  73.8  927100  73.8
2012-05-10  73.47  74.04  73.33  73.67  1088500  73.67
2012-05-09  73.29  73.7  72.71  73.09  759900  73.09
2012-05-08  73.42  73.85  73.33  73.78  1357800  73.78
2012-05-07  73.53  74.02  73.44  73.77  562100  73.77
2012-05-04  74.38  74.49  73.7  73.74  673800  73.74
2012-05-03  74.39  75.08  74.27  74.66  1087000  74.66
2012-05-02  74.33  75.17  73.9  74.52  1225700  74.52
2012-05-01  75.14  75.34  74.04  74.51  1262600  74.51
2012-04-30  74.91  75.55  74.8  75.43  1081600  75.43
2012-04-27  74.94  75.15  74.37  74.97  847700  74.97
2012-04-26  73.52  74.56  73.38  74.34  746800  74.34
2012-04-25  73.46  73.97  73.3  73.93  739400  73.93
2012-04-24  72.85  73.17  72.6  73.13  814600  73.13
2012-04-23  73.08  73.21  72.45  72.74  633800  72.74
2012-04-20  73.39  73.7  73.32  73.49  1029200  73.49
2012-04-19  73.51  73.73  72.99  73.27  903100  73.27
2012-04-18  73.45  73.97  73.3  73.33  878200  73.33
2012-04-17  72.41  73.79  72.41  73.64  1178500  73.64
2012-04-16  72.26  72.58  71.76  72.13  1394400  72.13
2012-04-13  73.34  73.64  71.91  71.91  1686000  71.91
2012-04-12  73.09  73.5  72.69  73.34  1475000  73.34
2012-04-11  73.48  73.85  73.05  73.12  1244800  73.12
2012-04-10  73.45  73.64  72.98  73.08  1161500  73.08
2012-04-09  73.73  74.0  73.61  73.74  839800  73.74
2012-04-05  74.53  74.71  74.37  74.66  929400  74.66
2012-04-04  74.73  74.98  74.49  74.77  1056900  74.77
2012-04-03  74.99  75.24  74.52  75.12  973500  75.12
2012-04-02  74.44  75.24  74.35  74.91  911100  74.91
2012-03-30  74.52  75.03  74.33  74.66  1008100  74.66
2012-03-29  74.32  74.32  73.68  74.13  931000  74.13
2012-03-28  74.67  74.99  74.14  74.55  931200  74.55
2012-03-27  74.75  75.0  74.68  74.77  730200  74.77
2012-03-26  73.55  74.68  73.44  74.68  957600  74.68
2012-03-23  73.91  74.05  73.4  73.46  665400  73.46
2012-03-22  73.73  74.11  73.37  73.92  576600  73.92
2012-03-21  74.03  74.26  73.67  73.87  851700  73.87
2012-03-20  74.42  74.53  73.79  74.12  831200  74.12
2012-03-19  74.78  74.99  74.44  74.85  993500  74.85
2012-03-16  75.19  75.22  74.71  75.1  1772500  75.1
2012-03-15  74.56  75.18  74.24  75.08  993900  75.08
2012-03-14  74.83  74.9  74.38  74.61  1323300  74.61
2012-03-13  74.03  74.88  73.96  74.8  1201300  74.8
2012-03-12  73.88  74.35  73.53  73.76  1299000  73.76
2012-03-09  73.59  74.55  73.52  73.86  1232300  73.86
2012-03-08  73.08  73.72  72.58  73.65  1195000  73.65
2012-03-07  72.17  72.66  72.06  72.54  1069200  72.54
2012-03-06  72.33  72.5  71.88  72.1  1147400  72.1
2012-03-05  73.1  73.32  72.23  72.65  1059200  72.65
2012-03-02  72.99  73.43  72.71  73.28  929500  73.28
2012-03-01  72.85  73.06  72.49  73.0  1320100  73.0
2012-02-29  73.54  73.83  72.79  72.85  1366100  72.85
2012-02-28  73.73  74.12  73.6  73.8  1222700  73.8
2012-02-27  73.48  73.85  73.13  73.71  1049100  73.71
2012-02-24  73.41  73.98  73.34  73.86  1118600  73.86
2012-02-23  73.36  73.51  72.96  73.07  996400  73.07
2012-02-22  73.83  73.96  73.36  73.43  1075400  73.43
2012-02-21  74.07  74.18  73.57  73.7  1234500  73.7
2012-02-17  74.25  74.54  73.75  73.98  1109700  73.98
2012-02-16  73.84  74.29  73.79  74.18  995100  74.18
2012-02-15  73.45  74.09  73.23  73.84  1147400  73.84
2012-02-14  73.54  73.54  72.97  73.31  1759400  73.31
2012-02-13  73.11  73.63  72.88  73.46  1359100  73.46
2012-02-10  73.13  73.36  72.68  73.04  1718200  73.04
2012-02-09  73.59  73.73  73.12  73.45  1127000  73.45
2012-02-08  73.95  74.02  73.25  73.41  1487500  73.41
2012-02-07  74.12  76.09  73.37  74.08  3145500  74.08
2012-02-06  76.0  77.0  75.82  76.97  1345200  76.97
2012-02-03  76.33  76.54  76.03  76.37  981200  76.37
2012-02-02  76.2  76.29  75.5  75.87  638500  75.87
2012-02-01  75.13  76.41  74.82  75.98  1297200  75.98
2012-01-31  75.59  76.13  74.79  74.94  1359900  74.94
2012-01-30  75.25  75.61  74.51  75.49  1316000  75.49
2012-01-27  75.68  76.17  75.43  75.59  1216100  75.59
2012-01-26  75.96  76.7  75.44  75.86  1904400  75.86
2012-01-25  74.58  76.21  74.55  75.74  2135900  75.74
2012-01-24  73.98  75.22  73.92  74.83  1511600  74.83
2012-01-23  74.75  74.81  74.01  74.16  1433300  74.16
2012-01-20  74.35  74.91  74.26  74.69  1408200  74.69
2012-01-19  73.18  74.73  73.14  74.46  1476300  74.46
2012-01-18  71.99  73.24  71.78  73.1  1457300  73.1
2012-01-17  72.17  73.12  71.89  71.92  1629300  71.92
2012-01-13  71.04  71.76  70.64  71.6  1441200  71.6
2012-01-12  71.5  71.68  70.73  71.39  1354600  71.39
2012-01-11  70.74  71.75  70.74  71.43  1770100  71.43
2012-01-10  70.41  71.17  70.41  70.94  1579800  70.94
2012-01-09  69.97  70.23  69.35  70.1  1417500  70.1
2012-01-06  69.63  70.06  69.2  69.8  1384900  69.8
2012-01-05  69.93  70.0  69.1  69.47  2057900  69.47
2012-01-04  70.79  71.04  69.6  69.94  2120000  69.94
2012-01-03  72.25  72.52  70.85  71.16  2146300  71.16
2011-12-30  71.37  72.05  71.25  71.41  1033700  71.41
2011-12-29  70.72  71.42  70.59  71.25  940800  71.25
2011-12-28  71.6  71.61  70.48  70.53  1124900  70.53
2011-12-27  71.06  71.76  71.03  71.49  932200  71.49
2011-12-23  70.73  71.19  70.57  71.15  1190600  71.15
2011-12-22  70.38  70.82  70.25  70.5  1419400  70.5
2011-12-21  69.83  70.57  69.53  70.37  1473200  70.37
2011-12-20  68.21  69.9  68.1  69.79  1553800  69.79
2011-12-19  67.64  68.12  67.38  67.53  1310300  67.53
2011-12-16  68.22  68.28  66.95  67.52  2815500  67.52
2011-12-15  68.69  68.91  67.86  68.0  1751500  68.0
2011-12-14  68.56  68.8  68.24  68.36  1278000  68.36
2011-12-13  69.46  69.54  68.34  68.62  1427300  68.62
2011-12-12  69.64  69.77  68.78  69.31  1344000  69.31
2011-12-09  69.59  69.96  69.34  69.69  1446900  69.69
2011-12-08  69.84  70.27  69.21  69.32  2026200  69.32
2011-12-07  69.99  70.59  69.05  70.41  2315500  70.41
2011-12-06  70.9  71.03  69.97  70.17  1213400  70.17
2011-12-05  70.93  71.14  70.1  70.69  1916800  70.69
2011-12-02  70.69  71.26  69.46  69.95  2227100  69.95
2011-12-01  70.08  71.34  70.08  70.43  1903500  70.43
2011-11-30  69.72  70.29  69.29  70.09  2133600  70.09
2011-11-29  68.55  68.97  68.04  68.18  1805700  68.18
2011-11-28  68.72  69.21  67.94  68.39  1837100  68.39
2011-11-25  67.27  67.81  67.27  67.55  902500  67.55
2011-11-23  67.89  68.19  67.08  67.23  1973100  67.23
2011-11-22  68.4  68.98  67.75  68.51  1396200  68.51
2011-11-21  68.71  68.71  68.02  68.24  1285700  68.24
2011-11-18  70.25  70.35  69.32  69.49  1495500  69.49
2011-11-17  70.53  70.79  69.79  70.04  1923000  70.04
2011-11-16  70.74  71.71  70.4  70.65  1599400  70.65
2011-11-15  70.23  72.1  70.22  71.85  1676300  71.85
2011-11-14  70.34  70.81  70.26  70.59  1185600  70.59
2011-11-11  70.63  70.89  69.68  70.41  1763400  70.41
2011-11-10  69.69  70.18  69.01  69.88  1506700  69.88
2011-11-09  69.56  69.79  68.59  68.98  1875600  68.98
2011-11-08  70.79  71.05  69.91  70.97  1674700  70.97
2011-11-07  70.16  71.3  69.24  70.7  2947900  70.7
2011-11-04  68.63  69.54  67.89  69.04  3195800  69.04
2011-11-03  69.56  69.63  68.33  68.76  2666500  68.76
2011-11-02  67.45  70.18  67.22  68.97  6287700  68.97
2011-11-01  73.02  73.32  71.72  72.3  1587500  72.3
2011-10-31  75.15  75.55  74.29  74.31  1443100  74.31
2011-10-28  74.84  75.81  74.76  75.65  981300  75.65
2011-10-27  75.37  75.58  73.88  74.73  1238300  74.73
2011-10-26  73.28  73.97  72.18  72.88  1348100  72.88
2011-10-25  73.68  74.73  72.75  72.88  1380500  72.88
2011-10-24  72.71  74.57  72.33  74.31  1617100  74.31
2011-10-21  70.48  72.6  70.4  72.6  1562600  72.6
2011-10-20  70.33  70.59  68.88  69.79  1462800  69.79
2011-10-19  70.02  71.09  69.9  70.16  1203900  70.16
2011-10-18  69.07  70.55  68.56  69.81  1343800  69.81
2011-10-17  70.3  70.54  69.02  69.15  734200  69.15
2011-10-14  70.58  70.73  69.86  70.57  1015100  70.57
2011-10-13  70.45  70.45  69.64  70.17  1189500  70.17
2011-10-12  70.34  71.16  70.12  70.49  1610400  70.49
2011-10-11  70.61  70.96  69.68  69.75  1105900  69.75
2011-10-10  70.24  70.97  69.91  70.72  853700  70.72
2011-10-07  68.11  70.2  68.11  69.21  1680500  69.21
2011-10-06  68.43  69.79  68.12  69.55  2121500  69.55
2011-10-05  68.71  69.7  68.31  69.27  1922200  69.27
2011-10-04  66.61  68.76  66.11  68.72  1900000  68.72
2011-10-03  69.15  69.69  66.92  67.29  2110200  67.29
2011-09-30  70.05  70.86  69.62  69.65  1332000  69.65
2011-09-29  70.74  70.86  69.52  70.62  1837600  70.62
2011-09-28  72.53  72.65  69.53  69.58  2323300  69.58
2011-09-27  71.29  73.53  71.26  72.34  1325800  72.34
2011-09-26  70.33  70.68  69.62  70.38  1282500  70.38
2011-09-23  69.35  70.4  69.03  70.05  1618400  70.05
2011-09-22  68.57  70.05  68.12  69.73  3061700  69.73
2011-09-21  71.53  71.86  69.98  70.01  2165900  70.01
2011-09-20  72.23  73.1  71.59  71.66  2013200  71.66
2011-09-19  72.63  73.0  71.29  71.78  1982300  71.78
2011-09-16  73.75  74.09  73.1  73.38  1713400  73.38
2011-09-15  73.94  74.02  72.19  73.62  1326300  73.62
2011-09-14  72.65  74.16  71.4  73.39  2458700  73.39
2011-09-13  72.79  73.07  71.98  72.61  1085900  72.61
2011-09-12  71.59  72.71  70.37  72.56  2090900  72.56
2011-09-09  73.97  74.08  71.89  72.22  2182500  72.22
2011-09-08  75.67  76.4  74.52  74.6  1524000  74.6
2011-09-07  74.79  76.08  74.61  76.03  1154500  76.03
2011-09-06  72.43  74.26  71.93  74.12  1361000  74.12
2011-09-02  75.63  75.63  73.92  74.17  1241700  74.17
2011-09-01  76.74  77.65  75.94  76.01  1290400  76.01
2011-08-31  76.69  77.48  76.43  76.9  1014800  76.9
2011-08-30  76.08  76.73  75.34  76.29  1125300  76.29
2011-08-29  76.03  76.76  75.99  76.39  1029400  76.39
2011-08-26  73.64  75.54  72.11  75.34  992700  75.34
2011-08-25  75.42  75.6  73.53  73.86  1133200  73.86
2011-08-24  74.47  75.44  74.21  75.26  1236200  75.26
2011-08-23  72.92  74.84  72.7  74.73  1554800  74.73
2011-08-22  74.01  74.12  72.29  72.62  1155700  72.62
2011-08-19  72.79  73.8  72.47  72.69  1778000  72.69
2011-08-18  74.63  74.64  72.34  73.21  1804800  73.21
2011-08-17  76.0  77.13  75.24  75.42  1568700  75.42
2011-08-16  75.74  76.53  75.05  75.86  1538400  75.86
2011-08-15  76.31  76.81  75.5  76.64  1613500  76.64
2011-08-12  74.74  76.22  74.47  75.86  2098000  75.86
2011-08-11  72.4  75.0  72.0  74.34  2978000  74.34
2011-08-10  73.16  74.11  71.99  72.22  3215000  72.22
2011-08-09  71.81  74.49  70.87  74.47  3310000  74.47
2011-08-08  73.74  74.81  71.96  72.22  3867300  72.22
2011-08-05  74.1  76.02  72.81  74.87  3643300  74.87
2011-08-04  75.12  75.49  73.32  73.34  1948900  73.34
2011-08-03  75.67  76.03  73.85  75.77  2000300  75.77
2011-08-02  77.06  77.91  75.52  75.58  1731500  75.58
2011-08-01  79.53  79.53  76.74  77.77  1940200  77.77
2011-07-29  77.8  79.24  77.69  79.01  1676000  79.01
2011-07-28  78.78  79.31  78.18  78.38  972800  78.38
2011-07-27  80.16  80.49  78.61  78.9  1716000  78.9
2011-07-26  82.01  82.01  80.17  80.29  1213900  80.29
2011-07-25  81.79  82.16  81.34  81.85  1070600  81.85
2011-07-22  83.8  83.95  81.63  82.36  1660500  82.36
2011-07-21  83.45  84.18  83.15  84.08  952700  84.08
2011-07-20  83.16  83.23  82.44  82.86  900100  82.86
2011-07-19  82.06  83.14  82.03  83.05  1025800  83.05
2011-07-18  82.16  82.29  81.3  81.9  964200  81.9
2011-07-15  82.79  83.21  81.86  82.3  1302200  82.3
2011-07-14  83.23  83.28  82.02  82.72  1043900  82.72
2011-07-13  83.18  83.8  82.82  82.94  937100  82.94
2011-07-12  82.37  83.69  82.35  82.75  1012300  82.75
2011-07-11  83.69  84.05  82.4  82.56  1275500  82.56
2011-07-08  84.12  84.46  83.64  84.39  1229100  84.39
2011-07-07  84.79  84.81  84.19  84.8  1089500  84.8
2011-07-06  83.94  84.58  83.88  84.37  1042200  84.37
2011-07-05  84.29  84.57  83.97  84.26  1424600  84.26
2011-07-01  81.58  84.58  81.23  84.39  2433200  84.39
2011-06-30  81.44  81.89  81.14  81.43  1338100  81.43
2011-06-29  81.64  81.76  80.88  81.12  959400  81.12
2011-06-28  80.88  81.73  80.52  81.37  787900  81.37
2011-06-27  80.37  80.88  79.89  80.56  692800  80.56
2011-06-24  80.9  80.97  80.08  80.17  904100  80.17
2011-06-23  80.82  81.0  79.56  80.97  1092900  80.97
2011-06-22  81.4  82.13  81.4  81.64  787100  81.64
2011-06-21  81.64  81.97  81.15  81.77  735800  81.77
2011-06-20  80.31  81.39  80.21  81.23  834400  81.23
2011-06-17  80.9  81.36  80.36  80.45  1357200  80.45
2011-06-16  80.43  80.6  79.86  80.21  860000  80.21
2011-06-15  81.19  81.63  80.12  80.24  1231300  80.24
2011-06-14  81.03  81.78  80.94  81.5  776100  81.5
2011-06-13  80.38  80.81  80.2  80.38  551700  80.38
2011-06-10  81.12  81.43  80.2  80.25  796100  80.25
2011-06-09  80.74  81.89  80.57  81.55  794300  81.55
2011-06-08  80.38  81.01  79.88  80.81  1028600  80.81
2011-06-07  80.53  80.96  80.04  80.3  916300  80.3
2011-06-06  80.42  80.54  79.96  80.13  734400  80.13
2011-06-03  80.57  81.0  79.94  80.65  846600  80.65
2011-06-02  81.83  81.86  80.81  81.2  907200  81.2
2011-06-01  82.1  82.45  81.86  81.95  1276000  81.95
2011-05-31  82.34  82.43  81.9  82.34  1247900  82.34
2011-05-27  81.78  81.92  81.39  81.86  681200  81.86
2011-05-26  81.46  81.6  81.17  81.47  1140300  81.47
2011-05-25  81.58  81.8  81.28  81.58  1208600  81.58
2011-05-24  82.28  82.5  81.5  81.57  1214600  81.57
2011-05-23  82.81  82.91  81.91  82.26  1110900  82.26
2011-05-20  83.99  84.07  83.13  83.6  1189700  83.6
2011-05-19  84.19  84.38  83.69  84.24  1180100  84.24
2011-05-18  82.96  84.15  82.75  84.14  1512200  84.14
2011-05-17  82.43  82.84  81.81  82.76  1064600  82.76
2011-05-16  82.69  83.15  82.5  82.68  861600  82.68
2011-05-13  83.51  83.57  82.42  82.86  1000100  82.86
2011-05-12  82.69  83.43  82.05  83.43  994000  83.43
2011-05-11  83.21  83.85  82.51  82.82  1367100  82.82
2011-05-10  81.81  82.53  81.63  82.52  732100  82.52
2011-05-09  81.23  81.89  80.87  81.77  765300  81.77
2011-05-06  81.44  81.82  81.04  81.27  847100  81.27
2011-05-05  81.1  81.43  80.37  80.82  1340900  80.82
2011-05-04  81.32  81.66  80.92  81.27  1209000  81.27
2011-05-03  81.84  81.9  81.37  81.66  1265500  81.66
2011-05-02  81.08  82.06  80.53  81.68  1727100  81.68
2011-04-29  80.25  81.2  79.97  80.82  1000000  80.82
2011-04-28  79.37  80.81  79.37  80.46  1488500  80.46
2011-04-27  79.76  80.52  77.8  80.41  1892800  80.41
2011-04-26  78.99  79.89  78.86  79.83  2100000  79.83
2011-04-25  78.73  79.12  78.42  78.92  1218100  78.92
2011-04-21  79.25  79.35  78.85  79.0  1772400  79.0
2011-04-20  79.0  79.36  78.68  78.98  2159300  78.98
2011-04-19  78.18  78.73  78.0  78.39  1115300  78.39
2011-04-18  77.64  78.89  77.37  78.12  1498200  78.12
2011-04-15  77.3  78.61  77.3  78.48  1301700  78.48
2011-04-14  76.56  77.13  76.36  76.94  1208900  76.94
2011-04-13  76.68  77.13  76.63  76.99  1317400  76.99
2011-04-12  76.38  76.88  76.3  76.52  829400  76.52
2011-04-11  76.15  77.07  76.0  76.65  1106800  76.65
2011-04-08  76.19  76.35  75.71  75.95  778200  75.95
2011-04-07  76.07  76.41  75.76  76.14  723500  76.14
2011-04-06  75.72  76.31  75.63  76.17  1316800  76.17
2011-04-05  75.91  76.22  75.42  75.6  1040400  75.6
2011-04-04  75.94  76.25  75.8  76.19  798400  76.19
2011-04-01  75.19  75.98  74.58  75.77  1780800  75.77
2011-03-31  74.59  75.57  74.54  74.88  1420600  74.88
2011-03-30  75.04  75.42  74.66  74.76  937000  74.76
2011-03-29  73.9  74.77  73.8  74.76  825400  74.76
2011-03-28  73.86  74.3  73.59  73.94  986500  73.94
2011-03-25  73.5  74.23  73.42  73.97  997800  73.97
2011-03-24  73.21  73.42  72.61  73.34  805600  73.34
2011-03-23  73.16  73.23  72.45  73.0  899700  73.0
2011-03-22  73.31  73.64  73.25  73.4  775800  73.4
2011-03-21  73.63  73.69  73.13  73.27  1106000  73.27
2011-03-18  72.52  72.87  71.94  72.32  2143200  72.32
2011-03-17  72.82  73.31  71.84  71.95  1388400  71.95
2011-03-16  72.13  72.61  70.94  71.97  2445600  71.97
2011-03-15  71.32  72.78  71.19  72.38  2100600  72.38
2011-03-14  73.75  73.87  72.62  73.04  1522500  73.04
2011-03-11  73.35  74.36  73.31  74.17  1178900  74.17
2011-03-10  74.2  74.33  73.28  73.66  1526800  73.66
2011-03-09  74.94  75.21  74.42  74.91  1090800  74.91
2011-03-08  74.5  75.36  74.0  75.18  967000  75.18
2011-03-07  75.33  75.54  74.09  74.29  1278200  74.29
2011-03-04  75.65  75.83  74.38  75.04  1388000  75.04
2011-03-03  74.85  76.04  74.53  75.85  1187100  75.85
2011-03-02  74.09  74.84  73.91  74.35  1230700  74.35
2011-03-01  74.97  75.02  74.1  74.1  1254000  74.1
2011-02-28  74.99  75.16  74.43  74.85  1699800  74.85
2011-02-25  74.34  75.07  74.08  75.01  1172100  75.01
2011-02-24  73.9  74.57  73.51  73.99  1286400  73.99
2011-02-23  74.64  74.99  73.94  74.0  1627000  74.0
2011-02-22  75.23  75.91  74.47  74.55  1665000  74.55
2011-02-18  75.24  76.47  74.93  76.04  1984700  76.04
2011-02-17  74.53  75.21  73.56  75.09  2688100  75.09
2011-02-16  75.33  75.7  74.82  74.85  2949100  74.85
2011-02-15  75.54  75.83  75.12  75.26  1968100  75.26
2011-02-14  75.97  76.36  75.55  76.33  1229700  76.33
2011-02-11  75.73  76.27  75.31  76.05  1287900  76.05
2011-02-10  76.15  76.47  75.83  75.97  1580800  75.97
2011-02-09  75.81  76.45  75.76  76.14  1723200  76.14
2011-02-08  77.39  78.58  74.99  75.81  4390100  75.81
2011-02-07  79.35  80.36  79.13  80.12  1289800  80.12
2011-02-04  78.95  79.08  78.42  79.06  911600  79.06
2011-02-03  78.19  78.99  78.13  78.74  805800  78.74
2011-02-02  78.3  78.66  77.97  78.33  793100  78.33
2011-02-01  78.01  78.54  77.74  78.42  795700  78.42
2011-01-31  77.33  77.63  76.31  77.61  1097300  77.61
2011-01-28  77.86  78.54  77.1  77.24  1070200  77.24
2011-01-27  78.47  78.89  78.04  78.17  1159800  78.17
2011-01-26  79.47  79.52  78.71  78.71  1213600  78.71
2011-01-25  78.39  79.3  78.26  79.16  1815900  79.16
2011-01-24  77.95  78.47  77.79  78.27  1246100  78.27
2011-01-21  78.06  78.94  77.73  77.84  1397600  77.84
2011-01-20  77.67  78.0  77.38  77.74  802000  77.74
2011-01-19  78.63  78.84  77.35  77.65  1281500  77.65
2011-01-18  77.26  78.76  77.14  78.56  1432600  78.56
2011-01-14  77.73  77.77  77.05  77.37  1313600  77.37
2011-01-13  78.38  78.48  77.56  77.77  1271400  77.77
2011-01-12  78.82  78.9  78.1  78.25  1457700  78.25
2011-01-11  77.9  78.79  77.89  78.57  698800  78.57
2011-01-10  77.4  77.86  77.27  77.71  886200  77.71
2011-01-07  77.97  78.45  77.35  77.87  973300  77.87
2011-01-06  77.98  78.2  77.65  77.89  952200  77.89
2011-01-05  77.74  78.24  77.4  78.0  1048400  78.0
2011-01-04  79.29  79.39  77.73  77.98  1652600  77.98
2011-01-03  79.68  80.17  79.18  79.27  1579500  79.27
2010-12-31  79.52  79.78  79.0  79.08  645100  79.08
2010-12-30  79.56  79.85  79.2  79.66  659300  79.66
2010-12-29  79.84  80.0  79.37  79.51  845600  79.51
2010-12-28  78.98  79.83  78.85  79.82  1251400  79.82
2010-12-27  78.99  79.05  78.61  78.69  568500  78.69
2010-12-23  78.71  79.33  78.71  79.19  908500  79.19
2010-12-22  78.54  79.2  78.26  78.94  1014900  78.94
2010-12-21  78.83  78.83  78.03  78.41  1595500  78.41
2010-12-20  79.74  79.99  78.42  78.45  1641200  78.45
2010-12-17  79.28  79.81  78.56  79.72  1911500  79.72
2010-12-16  77.6  79.46  77.31  79.32  1955200  79.32
2010-12-15  77.79  78.12  77.47  77.69  1549500  77.69
2010-12-14  77.12  78.4  76.76  78.02  1632100  78.02
2010-12-13  76.81  77.42  76.49  77.11  1459400  77.11
2010-12-10  76.54  77.14  76.3  76.75  1516900  76.75
2010-12-09  76.05  76.52  75.87  76.21  1064400  76.21
2010-12-08  76.02  76.35  75.6  75.83  1380900  75.83
2010-12-07  75.65  76.21  75.44  75.75  2351500  75.75
2010-12-06  75.88  75.95  75.26  75.26  2069200  75.26
2010-12-03  75.07  76.0  74.81  75.89  1831300  75.89
2010-12-02  74.36  75.55  74.29  75.18  2106400  75.18
2010-12-01  73.17  74.43  72.92  74.3  1588500  74.3
2010-11-30  71.79  72.78  71.32  72.54  1873800  72.54
2010-11-29  72.17  72.89  71.82  72.65  1595400  72.65
2010-11-26  71.9  73.0  71.87  72.76  825100  72.76
2010-11-24  71.34  72.75  71.26  72.72  1304700  72.72
2010-11-23  71.41  71.58  71.08  71.34  1087400  71.34
2010-11-22  72.17  72.43  71.52  72.25  1264300  72.25
2010-11-19  72.28  72.5  71.93  72.46  1056100  72.46
2010-11-18  71.77  72.66  71.57  72.32  955800  72.32
2010-11-17  71.48  71.59  70.98  71.47  1276800  71.47
2010-11-16  71.54  71.81  71.11  71.31  1617900  71.31
2010-11-15  71.49  72.72  71.49  72.04  922400  72.04
2010-11-12  72.4  72.44  71.8  71.93  1136800  71.93
2010-11-11  72.34  72.93  71.88  72.86  1036300  72.86
2010-11-10  72.11  72.84  71.83  72.78  1191800  72.78
2010-11-09  72.14  72.78  71.93  72.4  1353600  72.4
2010-11-08  71.64  72.59  71.33  72.2  1139400  72.2
2010-11-05  72.52  72.76  71.99  72.18  1813500  72.18
2010-11-04  71.03  73.31  71.03  72.84  2374800  72.84
2010-11-03  70.39  70.75  69.49  70.32  1832300  70.32
2010-11-02  70.61  70.95  70.04  70.17  1430900  70.17
2010-11-01  70.68  70.81  69.75  70.09  1519900  70.09
2010-10-29  70.83  70.88  70.3  70.3  1278100  70.3
2010-10-28  71.7  71.87  70.84  71.11  870600  71.11
2010-10-27  71.08  71.32  70.41  70.89  1132300  70.89
2010-10-26  71.33  71.69  71.29  71.43  912500  71.43
2010-10-25  71.38  71.9  71.38  71.59  1166300  71.59
2010-10-22  71.69  71.93  71.04  71.12  980200  71.12
2010-10-21  71.68  72.28  71.43  71.68  1644800  71.68
2010-10-20  71.16  71.68  71.13  71.58  1097400  71.58
2010-10-19  70.99  71.33  70.63  71.07  1478400  71.07
2010-10-18  70.95  71.55  70.85  71.51  781600  71.51
2010-10-15  71.21  71.21  70.38  70.87  997100  70.87
2010-10-14  70.9  71.08  70.49  70.82  937400  70.82
2010-10-13  70.51  70.89  70.26  70.76  903800  70.76
2010-10-12  69.55  70.43  69.25  70.33  906100  70.33
2010-10-11  69.73  70.26  69.62  69.74  387700  69.74
2010-10-08  69.53  69.81  69.3  69.58  911200  69.58
2010-10-07  70.11  70.27  69.12  69.37  1047600  69.37
2010-10-06  69.75  70.18  69.54  69.94  642300  69.94
2010-10-05  68.97  69.89  68.92  69.69  1066600  69.69
2010-10-04  69.03  69.16  68.32  68.58  831100  68.58
2010-10-01  69.4  69.55  68.59  69.16  1128900  69.16
2010-09-30  69.22  69.66  68.86  68.98  1021300  68.98
2010-09-29  69.38  69.53  68.74  69.04  1171200  69.04
2010-09-28  69.31  69.69  68.86  69.65  1230200  69.65
2010-09-27  69.54  69.72  69.07  69.09  823600  69.09
2010-09-24  68.62  69.16  68.47  69.14  728700  69.14
2010-09-23  67.95  68.53  67.87  68.06  689800  68.06
2010-09-22  68.6  69.15  67.98  68.4  1027600  68.4
2010-09-21  68.69  68.88  68.26  68.61  880700  68.61
2010-09-20  68.47  68.59  67.72  68.49  1074100  68.49
2010-09-17  68.0  68.42  67.83  68.4  1417400  68.4
2010-09-16  67.26  68.01  66.92  67.72  810500  67.72
2010-09-15  66.31  67.74  66.31  67.53  950300  67.53
2010-09-14  66.29  66.97  65.96  66.64  693700  66.64
2010-09-13  66.74  67.07  66.05  66.27  815900  66.27
2010-09-10  65.89  66.45  65.72  66.34  716500  66.34
2010-09-09  65.33  66.09  65.08  65.93  1283800  65.93
2010-09-08  65.02  65.21  64.73  64.89  820600  64.89
2010-09-07  65.07  65.51  64.8  65.0  767300  65.0
2010-09-03  65.37  65.45  64.79  65.39  982000  65.39
2010-09-02  64.39  65.07  64.39  65.07  718900  65.07
2010-09-01  63.74  64.62  63.73  64.37  1580800  64.37
2010-08-31  63.97  64.15  63.03  63.14  1627500  63.14
2010-08-30  64.37  64.73  64.12  64.13  747800  64.13
2010-08-27  63.93  64.62  63.6  64.56  915900  64.56
2010-08-26  64.66  64.78  63.73  63.74  1429400  63.74
2010-08-25  63.9  64.9  63.84  64.6  975400  64.6
2010-08-24  65.14  65.14  63.95  64.17  1289800  64.17
2010-08-23  65.81  66.48  65.73  65.75  1362300  65.75
2010-08-20  65.63  66.18  64.77  65.58  1213700  65.58
2010-08-19  66.63  66.71  65.47  66.03  1013900  66.03
2010-08-18  66.65  67.3  66.28  66.98  941200  66.98
2010-08-17  65.66  66.96  65.44  66.65  1048500  66.65
2010-08-16  65.39  65.56  64.95  65.4  687700  65.4
2010-08-13  65.75  65.99  65.41  65.71  668500  65.71
2010-08-12  65.02  65.95  65.02  65.8  1041900  65.8
2010-08-11  66.3  66.47  65.31  65.84  1745200  65.84
2010-08-10  66.15  67.31  65.8  67.03  1251800  67.03
2010-08-09  66.3  66.67  66.21  66.56  661600  66.56
2010-08-06  65.93  66.49  65.28  66.38  1214700  66.38
2010-08-05  65.75  66.47  65.5  66.31  1370600  66.31
2010-08-04  65.4  65.99  65.05  65.92  1226200  65.92
2010-08-03  65.16  65.65  64.93  65.25  1311000  65.25
2010-08-02  64.4  65.28  64.08  65.19  2255700  65.19
2010-07-30  62.18  64.03  61.92  63.71  2110800  63.71
2010-07-29  64.19  64.75  62.16  62.54  2089100  62.54
2010-07-28  63.05  63.71  62.4  63.27  2236100  63.27
2010-07-27  64.1  64.14  63.05  63.22  1736700  63.22
2010-07-26  62.1  63.56  61.79  63.48  1917000  63.48
2010-07-23  62.11  62.11  61.55  61.94  2774400  61.94
2010-07-22  62.28  63.19  62.13  62.41  2360500  62.41
2010-07-21  63.21  63.21  61.71  61.97  1876700  61.97
2010-07-20  62.53  63.13  62.17  63.09  1734600  63.09
2010-07-19  62.95  63.32  62.79  63.02  765700  63.02
2010-07-16  64.05  64.2  62.62  62.74  1221100  62.74
2010-07-15  64.17  64.54  63.78  64.23  955100  64.23
2010-07-14  64.15  64.44  63.45  64.44  1375200  64.44
2010-07-13  64.4  64.89  64.26  64.37  1252800  64.37
2010-07-12  64.28  64.32  63.74  63.97  1245200  63.97
2010-07-09  64.74  64.9  63.94  64.32  1012400  64.32
2010-07-08  65.3  65.76  64.3  64.78  1791200  64.78
2010-07-07  63.1  65.1  62.88  65.08  2112500  65.08
2010-07-06  63.55  63.73  62.58  63.13  1490100  63.13
2010-07-02  62.36  63.3  62.31  62.94  1487300  62.94
2010-07-01  62.72  62.72  61.7  62.31  2283300  62.31
2010-06-30  62.27  63.1  62.09  62.62  2027200  62.62
2010-06-29  63.02  63.27  62.04  62.46  2213000  62.46
2010-06-28  64.19  64.46  63.43  64.04  1150900  64.04
2010-06-25  64.2  64.75  63.65  63.94  2632500  63.94
2010-06-24  64.83  65.09  64.2  64.28  1551100  64.28
2010-06-23  65.94  65.99  64.73  64.87  2171800  64.87
2010-06-22  66.19  67.19  65.88  65.89  1507500  65.89
2010-06-21  66.42  66.81  65.98  66.19  1682400  66.19
2010-06-18  66.64  66.7  65.99  66.04  1937700  66.04
2010-06-17  66.76  66.88  66.18  66.6  1318000  66.6
2010-06-16  65.66  66.72  65.27  66.72  1334700  66.72
2010-06-15  65.25  65.85  65.01  65.85  1376800  65.85
2010-06-14  65.79  65.79  64.92  65.0  1658000  65.0
2010-06-11  64.4  64.65  64.05  64.53  1468000  64.53
2010-06-10  64.28  64.64  64.09  64.6  1421200  64.6
2010-06-09  63.96  64.52  63.43  63.56  1673100  63.56
2010-06-08  63.96  64.25  63.07  63.82  2638400  63.82
2010-06-07  65.15  65.33  64.14  64.16  1543000  64.16
2010-06-04  65.94  65.94  64.43  64.55  1698700  64.55
2010-06-03  66.5  67.13  66.08  66.68  991800  66.68
2010-06-02  65.07  66.75  64.71  66.69  1245300  66.69
2010-06-01  65.48  66.2  65.1  65.13  1265600  65.13
2010-05-28  66.53  66.53  65.55  65.67  1512800  65.67
2010-05-27  65.91  66.55  65.48  66.51  1489100  66.51
2010-05-26  65.94  66.59  65.05  65.09  1451000  65.09
2010-05-25  64.94  65.89  64.09  65.8  1947000  65.8
2010-05-24  65.77  66.45  65.63  65.7  1034800  65.7
2010-05-21  65.6  66.14  64.43  65.85  2276500  65.85
2010-05-20  67.01  67.07  66.0  66.0  2293000  66.0
2010-05-19  68.32  68.67  67.49  67.91  2228700  67.91
2010-05-18  68.73  69.19  68.29  68.44  2088000  68.44
2010-05-17  67.34  68.21  67.34  67.96  1439000  67.96
2010-05-14  68.44  68.44  67.07  67.48  1993400  67.48
2010-05-13  69.29  69.71  68.53  68.59  1482600  68.59
2010-05-12  69.09  69.35  68.4  69.17  1331900  69.17
2010-05-11  69.39  69.39  68.38  68.85  1505000  68.85
2010-05-10  69.64  70.65  68.81  69.61  1611200  69.61
2010-05-07  69.08  69.13  67.35  67.85  2663100  67.85
2010-05-06  69.43  69.9  66.76  68.97  2771800  68.97
2010-05-05  69.46  70.16  68.86  69.64  1512600  69.64
2010-05-04  69.57  69.91  69.06  69.49  1382400  69.49
2010-05-03  70.36  70.5  69.22  70.21  1831700  70.21
2010-04-30  70.68  71.06  70.05  70.34  2131800  70.34
2010-04-29  69.34  72.19  69.34  70.56  2795100  70.56
2010-04-28  70.09  70.96  70.01  70.65  1682000  70.65
2010-04-27  70.65  70.65  69.64  70.04  1530800  70.04
2010-04-26  71.46  71.92  70.35  70.37  1510700  70.37
2010-04-23  71.43  72.18  71.05  71.43  1622600  71.43
2010-04-22  71.44  71.69  70.03  71.17  2543600  71.17
2010-04-21  73.47  73.61  72.18  72.36  1764300  72.36
2010-04-20  72.5  73.56  72.4  73.38  1485100  73.38
2010-04-19  71.68  72.46  71.68  72.27  1721800  72.27
2010-04-16  71.83  72.22  71.35  71.61  2440200  71.61
2010-04-15  72.07  72.53  71.82  71.89  1542300  71.89
2010-04-14  72.35  72.57  71.97  72.3  1271500  72.3
2010-04-13  72.7  72.77  72.04  72.51  905600  72.51
2010-04-12  72.79  73.02  72.51  72.77  639700  72.77
2010-04-09  72.54  72.74  72.18  72.68  769000  72.68
2010-04-08  72.37  72.71  72.04  72.43  771100  72.43
2010-04-07  71.86  72.95  71.86  72.31  1166100  72.31
2010-04-06  72.23  72.62  71.95  72.24  1051600  72.24
2010-04-05  72.96  72.97  72.24  72.32  1168700  72.32
2010-04-01  72.7  72.99  72.23  72.73  908200  72.73
2010-03-31  72.75  73.14  72.22  72.52  910700  72.52
2010-03-30  72.92  72.92  72.67  72.81  1099400  72.81
2010-03-29  72.27  72.92  72.22  72.77  864300  72.77
2010-03-26  72.67  72.76  72.07  72.32  999600  72.32
2010-03-25  73.18  73.38  72.53  72.65  934600  72.65
2010-03-24  73.17  73.39  72.58  72.78  1488900  72.78
2010-03-23  73.84  74.1  73.05  73.42  872400  73.42
2010-03-22  72.84  74.21  72.77  73.82  1433200  73.82
2010-03-19  73.39  73.39  72.5  72.86  1370800  72.86
2010-03-18  72.77  73.31  72.7  73.13  691400  73.13
2010-03-17  73.28  73.28  72.63  72.99  842300  72.99
2010-03-16  72.92  73.29  72.55  72.79  849500  72.79
2010-03-15  72.16  72.78  71.9  72.77  701600  72.77
2010-03-12  72.48  72.48  71.66  72.19  908300  72.19
2010-03-11  72.79  72.79  71.43  72.27  1088300  72.27
2010-03-10  72.28  72.86  72.11  72.69  1266900  72.69
2010-03-09  71.75  72.44  71.62  72.28  1079700  72.28
2010-03-08  72.45  72.45  71.63  71.8  1061700  71.8
2010-03-05  72.12  72.13  71.73  72.06  1601400  72.06
2010-03-04  72.21  72.45  71.7  71.97  1667600  71.97
2010-03-03  72.16  72.62  72.07  72.13  1055700  72.13
2010-03-02  72.44  73.0  72.17  72.55  1354300  72.55
2010-03-01  71.61  72.44  71.39  72.44  1680500  72.44
2010-02-26  72.18  72.33  71.28  71.39  1357100  71.39
2010-02-25  71.89  72.07  71.26  71.98  1494400  71.98
2010-02-24  71.42  72.3  71.12  72.26  1888200  72.26
2010-02-23  70.97  71.56  70.36  71.39  1560300  71.39
2010-02-22  71.3  71.42  70.68  71.05  949700  71.05
2010-02-19  70.98  71.42  70.3  71.09  1618700  71.09
2010-02-18  71.18  71.51  70.55  71.47  1156000  71.47
2010-02-17  70.79  71.27  70.53  70.92  1282700  70.92
2010-02-16  69.61  70.56  69.06  70.51  1384300  70.51
2010-02-12  68.53  69.61  67.97  69.53  1726600  69.53
2010-02-11  68.49  69.02  68.09  68.96  1832500  68.96
2010-02-10  68.86  68.99  68.1  68.43  1249400  68.43
2010-02-09  69.19  69.37  68.15  69.0  1185900  69.0
2010-02-08  68.47  68.88  67.9  68.46  1284700  68.46
2010-02-05  68.36  68.7  67.71  68.66  1913100  68.66
2010-02-04  69.77  70.02  68.46  68.49  1470200  68.49
2010-02-03  70.54  70.54  69.78  70.26  1458700  70.26
2010-02-02  69.61  70.65  69.11  70.61  1388600  70.61
2010-02-01  69.15  69.79  68.58  69.41  806200  69.41
2010-01-29  70.36  70.43  68.86  69.1  1090300  69.1
2010-01-28  72.08  72.08  69.3  70.11  1577100  70.11
2010-01-27  69.03  69.98  68.52  69.67  1180000  69.67
2010-01-26  69.19  69.49  68.78  69.28  745500  69.28
2010-01-25  68.99  70.03  68.86  69.47  864000  69.47
2010-01-22  68.85  70.04  68.54  68.83  1535200  68.83
2010-01-21  70.77  70.87  69.75  69.81  1203200  69.81
2010-01-20  70.96  71.14  69.68  70.4  1382100  70.4
2010-01-19  70.06  71.21  70.01  70.86  1692300  70.86
2010-01-15  70.37  70.54  69.38  69.94  1382400  69.94
2010-01-14  70.13  70.82  69.78  70.63  2099900  70.63
2010-01-13  70.88  71.5  70.88  71.05  1393000  71.05
2010-01-12  71.76  71.76  70.72  70.82  1412800  70.82
2010-01-11  71.82  72.05  71.29  71.88  1535600  71.88
2010-01-08  71.21  71.8  70.94  71.43  1185000  71.43
2010-01-07  71.01  71.41  70.61  71.18  2266900  71.18
2010-01-06  71.5  71.59  70.85  71.2  1208000  71.2
2010-01-05  71.88  72.17  71.3  71.39  1122200  71.39
2010-01-04  72.42  73.05  71.75  72.06  1793200  72.06
