Date  Open  High  Low  Close  Volume  Adj Close
2014-02-28  13.28  13.34  12.98  13.1  10209100  13.1
2014-02-27  13.34  13.41  13.23  13.3  8489700  13.3
2014-02-26  13.41  13.58  13.27  13.34  7316800  13.34
2014-02-25  13.09  13.45  13.05  13.39  15637000  13.39
2014-02-24  13.14  13.24  13.07  13.08  6551700  13.08
2014-02-21  13.25  13.26  13.13  13.14  6452100  13.14
2014-02-20  13.06  13.24  13.0  13.23  7949100  13.23
2014-02-19  13.35  13.43  13.04  13.06  11679000  13.06
2014-02-18  13.3  13.52  13.29  13.38  10683000  13.38
2014-02-14  13.08  13.44  13.05  13.3  14839400  13.3
2014-02-13  12.92  13.08  12.84  13.03  10309600  13.03
2014-02-12  12.83  13.04  12.83  12.96  9368100  12.96
2014-02-11  12.87  12.92  12.76  12.85  18535600  12.85
2014-02-10  13.05  13.1  12.88  12.91  11969000  12.91
2014-02-07  12.92  13.18  12.88  13.1  15197400  13.1
2014-02-06  12.76  12.96  12.73  12.83  13854800  12.83
2014-02-05  12.77  12.85  12.47  12.76  22160500  12.76
2014-02-04  13.1  13.49  12.6  12.85  29029700  12.85
2014-02-03  13.55  13.55  12.96  13.01  18772400  13.01
2014-01-31  13.42  13.67  13.3  13.53  14001000  13.53
2014-01-30  13.31  13.62  13.27  13.56  11052800  13.56
2014-01-29  13.13  13.38  13.08  13.18  8557700  13.18
2014-01-28  13.26  13.36  13.21  13.28  7322500  13.28
2014-01-27  13.35  13.39  13.04  13.21  10145800  13.21
2014-01-24  13.55  13.65  13.34  13.34  10551900  13.34
2014-01-23  13.78  13.88  13.55  13.65  12427100  13.65
2014-01-22  13.98  14.08  13.73  13.87  11150200  13.87
2014-01-21  13.74  14.02  13.63  13.98  20088100  13.98
2014-01-17  13.63  13.64  13.45  13.51  11156700  13.51
2014-01-16  13.36  13.68  13.31  13.55  20084700  13.55
2014-01-15  13.19  13.5  13.17  13.34  14748200  13.34
2014-01-14  12.91  13.2  12.91  13.18  8036200  13.18
2014-01-13  13.07  13.25  12.88  12.92  9197300  12.92
2014-01-10  12.88  13.27  12.79  13.11  14994800  13.11
2014-01-09  12.68  12.87  12.64  12.78  9473600  12.78
2014-01-08  12.51  12.93  12.44  12.79  14313600  12.79
2014-01-07  12.35  12.49  12.35  12.44  8661300  12.44
2014-01-06  12.49  12.55  12.2  12.33  14814100  12.33
2014-01-03  11.94  11.99  11.87  11.93  7278900  11.93
2014-01-02  12.02  12.02  11.85  11.91  7971600  11.91
2013-12-31  11.99  12.03  11.91  12.02  5607000  12.02
2013-12-30  12.04  12.08  11.98  12.02  7166500  12.02
2013-12-27  12.21  12.21  12.02  12.06  5538500  12.06
2013-12-26  12.0  12.28  11.91  12.17  9633000  12.17
2013-12-24  11.97  12.02  11.89  11.99  3818300  11.99
2013-12-23  11.84  11.99  11.79  11.97  8566400  11.97
2013-12-20  11.64  11.85  11.61  11.84  17398100  11.84
2013-12-19  11.48  11.63  11.47  11.62  6681000  11.62
2013-12-18  11.46  11.55  11.3  11.54  17850600  11.54
2013-12-17  11.4  11.44  11.24  11.44  8834100  11.44
2013-12-16  11.37  11.54  11.36  11.4  7348300  11.4
2013-12-13  11.49  11.55  11.27  11.39  7665700  11.39
2013-12-12  11.24  11.58  11.13  11.48  23995200  11.48
2013-12-11  11.55  11.62  11.12  11.18  17035300  11.18
2013-12-10  11.68  11.74  11.54  11.58  10056800  11.58
2013-12-09  11.75  11.89  11.62  11.72  10919800  11.72
2013-12-06  11.72  11.88  11.66  11.85  11569900  11.85
2013-12-05  11.26  11.41  11.2  11.34  8939400  11.34
2013-12-04  11.68  11.68  11.21  11.31  18412700  11.31
2013-12-03  11.59  11.82  11.54  11.82  9688400  11.82
2013-12-02  11.61  11.75  11.54  11.63  8200600  11.63
2013-11-29  11.72  11.77  11.55  11.58  4875600  11.58
2013-11-27  11.71  11.75  11.62  11.71  8575400  11.71
2013-11-26  11.87  11.92  11.73  11.73  13314500  11.73
2013-11-25  12.1  12.12  11.88  11.89  7662000  11.89
2013-11-22  11.88  12.07  11.88  12.05  10562000  12.05
2013-11-21  11.99  12.05  11.93  11.93  13839000  11.93
2013-11-20  12.15  12.15  11.92  11.97  9456900  11.97
2013-11-19  11.63  12.05  11.63  11.96  13008500  11.96
2013-11-18  11.88  11.98  11.55  11.57  12635400  11.57
2013-11-15  11.95  12.0  11.86  11.89  12014900  11.89
2013-11-14  11.94  11.99  11.89  11.96  5948300  11.96
2013-11-13  11.87  11.93  11.75  11.93  8915500  11.93
2013-11-12  12.02  12.04  11.86  11.91  8224200  11.91
2013-11-11  11.9  12.15  11.83  12.05  8259000  12.05
2013-11-08  11.67  11.88  11.65  11.88  10153400  11.88
2013-11-07  11.91  11.95  11.6  11.64  12958700  11.64
2013-11-06  12.01  12.07  11.84  11.91  10394900  11.91
2013-11-05  11.91  12.03  11.81  12.0  11376200  12.0
2013-11-04  11.77  12.03  11.75  11.99  13780500  11.99
2013-11-01  11.69  11.82  11.65  11.75  13187900  11.75
2013-10-31  11.71  11.83  11.64  11.69  18080600  11.69
2013-10-30  11.77  11.88  11.55  11.7  12683500  11.7
2013-10-29  11.63  11.82  11.61  11.79  17639300  11.79
2013-10-28  11.64  11.66  11.5  11.58  10567200  11.58
2013-10-25  11.55  11.72  11.38  11.62  16792800  11.62
2013-10-24  12.03  12.07  11.17  11.54  44734200  11.54
2013-10-23  12.31  12.4  12.1  12.29  15959000  12.29
2013-10-22  12.24  12.39  12.18  12.29  11099100  12.29
2013-10-21  12.25  12.33  12.18  12.22  9529600  12.22
2013-10-18  12.42  12.45  12.21  12.28  10329500  12.28
2013-10-17  12.36  12.48  12.25  12.38  12414400  12.38
2013-10-16  12.13  12.4  12.08  12.38  13359400  12.38
2013-10-15  12.19  12.26  11.99  12.08  12615800  12.08
2013-10-14  11.81  12.34  11.75  12.21  24445300  12.21
2013-10-11  11.82  11.9  11.78  11.87  11748000  11.87
2013-10-10  11.82  11.91  11.78  11.88  13942500  11.88
2013-10-09  11.48  11.79  11.48  11.72  15537000  11.72
2013-10-08  11.71  11.73  11.45  11.46  11560700  11.46
2013-10-07  11.62  11.69  11.51  11.63  8572100  11.63
2013-10-04  11.66  11.75  11.6  11.69  8975600  11.69
2013-10-03  11.74  11.82  11.5  11.66  10560500  11.66
2013-10-02  11.7  11.81  11.65  11.75  11106400  11.75
2013-10-01  11.78  11.79  11.61  11.76  10508700  11.76
2013-09-30  11.38  11.8  11.36  11.74  18376100  11.74
2013-09-27  11.61  11.65  11.47  11.52  6680000  11.52
2013-09-26  11.45  11.69  11.44  11.67  11577100  11.67
2013-09-25  11.49  11.54  11.37  11.45  7774400  11.45
2013-09-24  11.52  11.6  11.45  11.46  8471500  11.46
2013-09-23  11.56  11.57  11.36  11.5  9036900  11.5
2013-09-20  11.81  11.85  11.62  11.63  11114500  11.63
2013-09-19  11.95  11.98  11.72  11.74  13408900  11.74
2013-09-18  11.91  11.97  11.75  11.93  10724400  11.93
2013-09-17  11.97  12.01  11.84  11.9  12270800  11.9
2013-09-16  11.98  12.05  11.87  11.92  13696100  11.92
2013-09-13  11.95  11.98  11.82  11.84  10405500  11.84
2013-09-12  11.91  12.04  11.83  11.91  31083900  11.91
2013-09-11  11.93  11.95  11.72  11.92  26940500  11.92
2013-09-10  12.06  12.16  11.93  11.95  23858400  11.95
2013-09-09  11.51  12.02  11.46  11.99  24480100  11.99
2013-09-06  11.54  11.68  11.37  11.5  19772300  11.5
2013-09-05  10.96  11.67  10.95  11.57  39529100  11.57
2013-09-04  10.87  11.09  10.68  10.93  23567300  10.93
2013-09-03  10.77  11.08  10.75  10.9  13101300  10.9
2013-08-30  10.69  10.73  10.54  10.58  9709800  10.58
2013-08-29  10.68  10.85  10.61  10.66  10857400  10.66
2013-08-28  10.68  10.88  10.67  10.69  14307600  10.69
2013-08-27  11.2  11.2  10.66  10.7  16559400  10.7
2013-08-26  11.12  11.39  11.12  11.28  13106000  11.28
2013-08-23  11.19  11.3  11.08  11.14  12789600  11.14
2013-08-22  11.13  11.3  11.1  11.18  7762500  11.18
2013-08-21  11.01  11.19  10.98  11.1  9840300  11.1
2013-08-20  10.98  11.12  10.96  11.01  9103000  11.01
2013-08-19  11.07  11.17  10.98  10.99  9258600  10.99
2013-08-16  10.95  11.22  10.93  11.06  16074900  11.06
2013-08-15  11.16  11.21  10.92  11.0  15249300  11.0
2013-08-14  11.19  11.31  11.14  11.28  10780400  11.28
2013-08-13  11.35  11.4  11.22  11.24  10931600  11.24
2013-08-12  11.29  11.4  11.21  11.33  9141000  11.33
2013-08-09  11.28  11.44  11.27  11.35  10046200  11.35
2013-08-08  11.19  11.34  11.16  11.32  12392700  11.32
2013-08-07  11.15  11.18  11.01  11.11  8570100  11.11
2013-08-06  11.2  11.21  10.96  11.18  11857400  11.18
2013-08-05  11.16  11.38  11.12  11.22  9282600  11.22
2013-08-02  11.12  11.32  11.1  11.24  13272800  11.24
2013-08-01  10.96  11.49  10.92  11.15  34327200  11.15
2013-07-31  10.84  11.0  10.83  10.92  15118800  10.92
2013-07-30  11.0  11.02  10.81  10.83  20161500  10.83
2013-07-29  10.96  10.99  10.76  10.97  13572600  10.97
2013-07-26  10.8  10.98  10.73  10.96  20695600  10.96
2013-07-25  10.48  11.11  10.4  10.83  65440500  10.83
2013-07-24  9.75  9.8  9.6  9.61  16030000  9.61
2013-07-23  10.06  10.06  9.7  9.7  19490700  9.7
2013-07-22  9.65  10.11  9.64  10.02  25315700  10.02
2013-07-19  9.61  9.78  9.53  9.67  11056500  9.67
2013-07-18  9.58  9.66  9.53  9.6  15879700  9.6
2013-07-17  9.51  9.8  9.48  9.54  19245600  9.54
2013-07-16  9.59  9.62  9.42  9.47  6365500  9.47
2013-07-15  9.59  9.62  9.48  9.57  8086200  9.57
2013-07-12  9.43  9.7  9.38  9.61  15067800  9.61
2013-07-11  9.35  9.5  9.19  9.46  14516900  9.46
2013-07-10  9.13  9.27  9.1  9.23  18375600  9.23
2013-07-09  9.32  9.37  9.15  9.15  18793500  9.15
2013-07-08  9.19  9.37  9.16  9.37  16081300  9.37
2013-07-05  9.19  9.31  9.17  9.3  6418700  9.3
2013-07-03  9.15  9.21  9.05  9.15  11119300  9.15
2013-07-02  9.34  9.4  9.14  9.17  25582800  9.17
2013-07-01  9.32  9.42  9.19  9.37  21847800  9.37
2013-06-28  9.21  9.4  9.21  9.27  20589600  9.27
2013-06-27  9.4  9.45  9.19  9.22  14998800  9.22
2013-06-26  9.13  9.36  9.11  9.25  27822100  9.25
2013-06-25  9.31  9.41  9.02  9.03  28868600  9.03
2013-06-24  9.07  9.23  8.95  9.21  18266600  9.21
2013-06-21  9.21  9.29  9.01  9.14  16961700  9.14
2013-06-20  9.34  9.42  9.07  9.11  16457400  9.11
2013-06-19  9.57  9.63  9.35  9.4  14413300  9.4
2013-06-18  9.64  9.68  9.51  9.54  12205400  9.54
2013-06-17  9.54  9.75  9.54  9.64  9841500  9.64
2013-06-14  9.55  9.64  9.47  9.51  6549600  9.51
2013-06-13  9.39  9.6  9.33  9.58  9989600  9.58
2013-06-12  9.53  9.55  9.38  9.42  9231600  9.42
2013-06-11  9.33  9.61  9.27  9.44  14084500  9.44
2013-06-10  9.33  9.48  9.26  9.45  12655200  9.45
2013-06-07  9.25  9.4  9.2  9.3  12822000  9.3
2013-06-06  9.0  9.2  8.93  9.18  27854500  9.18
2013-06-05  9.14  9.2  8.97  9.0  20455300  9.0
2013-06-04  9.37  9.39  9.15  9.15  21661400  9.15
2013-06-03  9.25  9.43  9.16  9.41  17482400  9.41
2013-05-31  9.23  9.5  9.22  9.24  26375600  9.24
2013-05-30  9.18  9.29  9.13  9.27  13489300  9.27
2013-05-29  9.17  9.24  9.08  9.16  12454900  9.16
2013-05-28  9.19  9.32  9.15  9.22  15846700  9.22
2013-05-24  9.08  9.17  9.04  9.08  18912200  9.08
2013-05-23  9.03  9.2  8.92  9.16  23811400  9.16
2013-05-22  9.25  9.34  9.1  9.13  32703400  9.13
2013-05-21  9.27  9.39  9.18  9.23  31314800  9.23
2013-05-20  9.15  9.38  9.12  9.25  20048700  9.25
2013-05-17  8.98  9.14  8.97  9.1  23520700  9.1
2013-05-16  9.17  9.18  8.96  9.04  36964000  9.04
2013-05-15  8.7  9.13  8.7  9.1  28149100  9.1
2013-05-14  8.67  8.74  8.55  8.7  28730700  8.7
2013-05-13  8.4  8.84  8.39  8.65  29685200  8.65
2013-05-10  8.49  8.59  8.36  8.45  29974600  8.45
2013-05-09  7.87  8.32  7.87  8.3  32390500  8.3
2013-05-08  7.69  7.86  7.67  7.85  13150000  7.85
2013-05-07  7.74  7.76  7.63  7.69  8469600  7.69
2013-05-06  7.69  7.78  7.52  7.74  8083900  7.74
2013-05-03  7.7  7.76  7.65  7.69  10444500  7.69
2013-05-02  7.52  7.68  7.48  7.61  12569000  7.61
2013-05-01  7.47  7.61  7.45  7.49  12945600  7.49
2013-04-30  7.44  7.53  7.41  7.49  16287400  7.49
2013-04-29  7.45  7.53  7.44  7.49  6824800  7.49
2013-04-26  7.6  7.66  7.38  7.45  17130800  7.45
2013-04-25  7.35  7.58  7.29  7.54  44506100  7.54
2013-04-24  7.35  7.43  7.3  7.36  15120200  7.36
2013-04-23  7.29  7.42  7.28  7.35  10811300  7.35
2013-04-22  7.26  7.32  7.19  7.27  9739000  7.27
2013-04-19  7.18  7.31  7.13  7.27  17330500  7.27
2013-04-18  7.27  7.29  7.07  7.09  17823100  7.09
2013-04-17  7.36  7.4  7.18  7.28  18504600  7.28
2013-04-16  7.5  7.54  7.28  7.43  20330800  7.43
2013-04-15  7.63  7.69  7.46  7.47  14095800  7.47
2013-04-12  7.68  7.76  7.61  7.66  29404000  7.66
2013-04-11  7.82  7.91  7.65  7.67  22500500  7.67
2013-04-10  7.83  7.87  7.78  7.79  13607000  7.79
2013-04-09  7.84  7.88  7.79  7.82  13054300  7.82
2013-04-08  7.83  7.87  7.74  7.81  20338600  7.81
2013-04-05  7.82  7.91  7.77  7.86  15631000  7.86
2013-04-04  7.77  7.94  7.72  7.92  19237100  7.92
2013-04-03  7.79  7.85  7.69  7.75  19796800  7.75
2013-04-02  7.83  7.95  7.8  7.89  14036700  7.89
2013-04-01  7.83  7.86  7.72  7.8  29655600  7.8
2013-03-28  7.65  7.85  7.6  7.81  49193600  7.81
2013-03-27  7.38  7.72  7.31  7.65  43986800  7.65
2013-03-26  7.32  7.46  7.28  7.44  14321900  7.44
2013-03-25  7.42  7.43  7.29  7.32  11806300  7.32
2013-03-22  7.38  7.48  7.35  7.4  10343400  7.4
2013-03-21  7.41  7.49  7.35  7.37  15274100  7.37
2013-03-20  7.31  7.52  7.3  7.45  14122300  7.45
2013-03-19  7.35  7.43  7.24  7.27  11274200  7.27
2013-03-18  7.3  7.39  7.3  7.32  9509900  7.32
2013-03-15  7.48  7.49  7.36  7.39  13345300  7.39
2013-03-14  7.58  7.58  7.48  7.52  8533700  7.52
2013-03-13  7.58  7.58  7.45  7.53  7493500  7.53
2013-03-12  7.48  7.65  7.46  7.59  19515100  7.59
2013-03-11  7.47  7.52  7.33  7.5  13266900  7.5
2013-03-08  7.45  7.57  7.41  7.49  11780900  7.49
2013-03-07  7.53  7.6  7.42  7.43  11564600  7.43
2013-03-06  7.43  7.62  7.35  7.52  25952900  7.52
2013-03-05  7.4  7.44  7.28  7.38  15437500  7.38
2013-03-04  7.37  7.4  7.24  7.36  16031400  7.36
2013-03-01  7.35  7.43  7.26  7.37  15922900  7.37
2013-02-28  7.31  7.45  7.29  7.39  16258300  7.39
2013-02-27  7.27  7.4  7.17  7.33  18302500  7.33
2013-02-26  7.24  7.34  7.18  7.31  19867900  7.31
2013-02-25  7.4  7.47  7.22  7.23  14461200  7.23
2013-02-22  7.27  7.4  7.22  7.37  16170300  7.37
2013-02-21  7.26  7.35  7.17  7.26  21821100  7.26
2013-02-20  7.48  7.54  7.28  7.29  23769300  7.29
2013-02-19  7.49  7.53  7.36  7.5  20657400  7.5
2013-02-15  7.51  7.56  7.44  7.54  17838800  7.54
2013-02-14  7.4  7.62  7.36  7.53  24557500  7.53
2013-02-13  7.6  7.62  7.31  7.45  34767800  7.45
2013-02-12  7.67  7.73  7.53  7.59  29098700  7.59
2013-02-11  7.7  7.72  7.59  7.63  25170900  7.63
2013-02-08  7.64  7.73  7.58  7.7  16664100  7.7
2013-02-07  7.67  7.71  7.59  7.64  22255200  7.64
2013-02-06  7.65  7.69  7.53  7.66  30719000  7.66
2013-02-05  7.51  7.72  7.49  7.67  31186800  7.67
2013-02-04  7.59  7.59  7.43  7.45  27813000  7.45
2013-02-01  7.51  7.68  7.48  7.64  34982600  7.64
2013-01-31  7.33  7.53  7.27  7.47  35790200  7.47
2013-01-30  7.12  7.38  7.1  7.31  44079300  7.31
2013-01-29  7.25  7.43  7.05  7.1  70430400  7.1
2013-01-28  6.86  6.92  6.79  6.86  23663700  6.86
2013-01-25  6.88  6.91  6.79  6.86  21277100  6.86
2013-01-24  6.84  6.93  6.72  6.84  30283600  6.84
2013-01-23  6.86  6.89  6.73  6.86  23513000  6.86
2013-01-22  6.7  6.88  6.65  6.86  23912600  6.86
2013-01-18  6.63  6.71  6.56  6.7  25675800  6.7
2013-01-17  6.47  6.66  6.46  6.61  21646200  6.61
2013-01-16  6.5  6.51  6.4  6.45  15030500  6.45
2013-01-15  6.38  6.57  6.36  6.51  34951500  6.51
2013-01-14  6.33  6.44  6.28  6.32  10774700  6.32
2013-01-11  6.32  6.38  6.25  6.36  10968200  6.36
2013-01-10  6.34  6.34  6.17  6.3  17988500  6.3
2013-01-09  6.15  6.32  6.06  6.28  24853100  6.28
2013-01-08  6.0  6.2  5.99  6.12  27219300  6.12
2013-01-07  5.92  6.07  5.92  5.98  24078600  5.98
2013-01-04  5.95  6.01  5.86  5.92  15409900  5.92
2013-01-03  5.92  5.99  5.81  5.95  12251000  5.95
2013-01-02  5.86  5.9  5.76  5.89  12050300  5.89
2012-12-31  5.57  5.76  5.53  5.73  10146300  5.73
2012-12-28  5.66  5.68  5.56  5.58  5937800  5.58
2012-12-27  5.69  5.73  5.57  5.7  8082300  5.7
2012-12-26  5.78  5.78  5.66  5.7  7938400  5.7
2012-12-24  5.8  5.81  5.73  5.78  4115300  5.78
2012-12-21  5.77  5.82  5.7  5.82  16953100  5.82
2012-12-20  5.76  5.84  5.73  5.81  8219500  5.81
2012-12-19  5.79  5.8  5.72  5.74  7773800  5.74
2012-12-18  5.76  5.8  5.71  5.79  10967100  5.79
2012-12-17  5.67  5.75  5.63  5.74  10216900  5.74
2012-12-14  5.75  5.77  5.6  5.67  10160700  5.67
2012-12-13  5.69  5.72  5.61  5.63  11732800  5.63
2012-12-12  5.78  5.78  5.66  5.67  10507400  5.67
2012-12-11  5.72  5.74  5.64  5.74  11048800  5.74
2012-12-10  5.56  5.73  5.53  5.71  15155600  5.71
2012-12-07  5.62  5.63  5.46  5.6  18709900  5.6
2012-12-06  5.59  5.63  5.55  5.59  16045000  5.59
2012-12-05  5.56  5.62  5.54  5.57  14839100  5.57
2012-12-04  5.6  5.61  5.51  5.55  15791900  5.55
2012-12-03  5.67  5.68  5.52  5.52  16004700  5.52
2012-11-30  5.68  5.7  5.52  5.54  19755500  5.54
2012-11-29  5.7  5.77  5.59  5.63  13557800  5.63
2012-11-28  5.6  5.72  5.57  5.69  15199900  5.69
2012-11-27  5.61  5.74  5.5  5.63  22242500  5.63
2012-11-26  5.65  5.86  5.59  5.66  40267900  5.66
2012-11-23  5.51  5.64  5.46  5.59  14303500  5.59
2012-11-21  5.22  5.53  5.18  5.5  52526500  5.5
2012-11-20  5.25  5.34  5.18  5.23  23745000  5.23
2012-11-19  5.21  5.24  5.17  5.21  8160800  5.21
2012-11-16  5.12  5.2  5.1  5.14  10518000  5.14
2012-11-15  5.12  5.17  5.09  5.11  8762400  5.11
2012-11-14  5.22  5.28  5.11  5.12  10508500  5.12
2012-11-13  5.2  5.33  5.18  5.19  15141000  5.19
2012-11-12  5.17  5.22  5.15  5.21  7816100  5.21
2012-11-09  5.08  5.24  5.08  5.15  13507300  5.15
2012-11-08  5.16  5.21  5.08  5.08  12358200  5.08
2012-11-07  5.31  5.32  5.13  5.16  10789700  5.16
2012-11-06  5.33  5.45  5.31  5.35  11915000  5.35
2012-11-05  5.2  5.35  5.17  5.34  14723800  5.34
2012-11-02  5.23  5.26  5.17  5.2  8792200  5.2
2012-11-01  5.1  5.24  5.1  5.24  9272800  5.24
2012-10-31  5.15  5.17  5.07  5.14  5820600  5.14
2012-10-26  5.05  5.2  5.04  5.17  15638500  5.17
2012-10-25  5.15  5.19  5.07  5.12  10309500  5.12
2012-10-24  5.17  5.22  5.07  5.07  15351600  5.07
2012-10-23  5.15  5.26  5.1  5.1  24070100  5.1
2012-10-22  5.23  5.33  5.19  5.23  18844700  5.23
2012-10-19  5.36  5.4  5.18  5.22  18667500  5.22
2012-10-18  5.5  5.54  5.35  5.4  31549400  5.4
2012-10-17  5.64  5.69  5.52  5.62  12931000  5.62
2012-10-16  5.66  5.72  5.62  5.66  5922000  5.66
2012-10-15  5.6  5.63  5.54  5.63  6332800  5.63
2012-10-12  5.58  5.68  5.5  5.57  13269800  5.57
2012-10-11  5.62  5.74  5.57  5.58  13178300  5.58
2012-10-10  5.59  5.62  5.51  5.57  6152600  5.57
2012-10-09  5.73  5.75  5.59  5.6  6842300  5.6
2012-10-08  5.76  5.78  5.71  5.75  4429000  5.75
2012-10-05  5.85  5.9  5.73  5.76  12382500  5.76
2012-10-04  5.74  5.84  5.69  5.81  7262900  5.81
2012-10-03  5.67  5.72  5.63  5.69  10898100  5.69
2012-10-02  5.69  5.7  5.59  5.66  8640900  5.66
2012-10-01  5.76  5.78  5.63  5.69  14230900  5.69
2012-09-28  5.63  5.75  5.58  5.74  9907800  5.74
2012-09-27  5.64  5.71  5.6  5.66  8741300  5.66
2012-09-26  5.63  5.66  5.55  5.61  6393400  5.61
2012-09-25  5.68  5.75  5.62  5.63  19246500  5.63
2012-09-24  5.77  5.79  5.64  5.64  20050200  5.64
2012-09-21  5.81  5.84  5.77  5.79  7772000  5.79
2012-09-20  5.73  5.82  5.71  5.79  8050300  5.79
2012-09-19  5.78  5.89  5.72  5.76  14800500  5.76
2012-09-18  5.59  5.79  5.55  5.75  15843700  5.75
2012-09-17  5.8  5.83  5.73  5.78  7124400  5.78
2012-09-14  5.75  5.88  5.74  5.82  9107400  5.82
2012-09-13  5.64  5.8  5.59  5.78  8768000  5.78
2012-09-12  5.59  5.69  5.58  5.64  8906800  5.64
2012-09-11  5.59  5.67  5.54  5.58  8394600  5.58
2012-09-10  5.63  5.67  5.58  5.6  7706200  5.6
2012-09-07  5.57  5.64  5.51  5.63  16101500  5.63
2012-09-06  5.55  5.62  5.51  5.55  13140700  5.55
2012-09-05  5.43  5.54  5.34  5.52  15260600  5.52
2012-09-04  5.38  5.44  5.37  5.41  11650900  5.41
2012-08-31  5.46  5.51  5.39  5.4  8957800  5.4
2012-08-30  5.51  5.53  5.42  5.43  6443600  5.43
2012-08-29  5.47  5.58  5.46  5.55  10490200  5.55
2012-08-28  5.42  5.5  5.42  5.48  6260200  5.48
2012-08-27  5.46  5.53  5.42  5.43  9969800  5.43
2012-08-24  5.39  5.53  5.38  5.5  9515100  5.5
2012-08-23  5.51  5.53  5.37  5.4  10371700  5.4
2012-08-22  5.6  5.64  5.47  5.52  14147100  5.52
2012-08-21  5.6  5.7  5.59  5.63  13182600  5.63
2012-08-20  5.56  5.64  5.55  5.61  9438100  5.61
2012-08-17  5.48  5.61  5.48  5.59  17967500  5.59
2012-08-16  5.53  5.58  5.49  5.51  14705200  5.51
2012-08-15  5.45  5.55  5.44  5.53  7486200  5.53
2012-08-14  5.53  5.54  5.43  5.46  8500100  5.46
2012-08-13  5.51  5.54  5.44  5.51  7541800  5.51
2012-08-10  5.49  5.56  5.44  5.54  16014300  5.54
2012-08-09  5.38  5.5  5.36  5.5  18406900  5.5
2012-08-08  5.33  5.43  5.28  5.38  15994000  5.38
2012-08-07  5.28  5.37  5.25  5.33  21733700  5.33
2012-08-06  5.32  5.33  5.24  5.26  26992500  5.26
2012-08-03  5.33  5.34  5.24  5.31  22398000  5.31
2012-08-02  5.15  5.18  5.1  5.12  12868600  5.12
2012-08-01  5.18  5.29  5.17  5.21  20461200  5.21
2012-07-31  5.14  5.23  5.14  5.17  15995800  5.17
2012-07-30  5.18  5.22  5.1  5.16  18891100  5.16
2012-07-27  5.02  5.23  5.0  5.22  24394000  5.22
2012-07-26  5.2  5.29  4.79  4.97  75284300  4.97
2012-07-25  5.23  5.34  5.15  5.33  12892000  5.33
2012-07-24  5.27  5.33  5.16  5.2  10307900  5.2
2012-07-23  5.35  5.37  5.26  5.26  11370400  5.26
2012-07-20  5.55  5.55  5.38  5.38  8437100  5.38
2012-07-19  5.58  5.6  5.51  5.58  12218300  5.58
2012-07-18  5.55  5.63  5.51  5.56  13726900  5.56
2012-07-17  5.58  5.64  5.52  5.63  6497200  5.63
2012-07-16  5.56  5.59  5.48  5.57  12623100  5.57
2012-07-13  5.57  5.65  5.51  5.59  13106700  5.59
2012-07-12  5.58  5.61  5.53  5.57  7708400  5.57
2012-07-11  5.53  5.63  5.51  5.62  6697100  5.62
2012-07-10  5.66  5.68  5.51  5.51  18757800  5.51
2012-07-09  5.63  5.68  5.58  5.62  9399000  5.62
2012-07-06  5.65  5.7  5.62  5.65  5784400  5.65
2012-07-05  5.77  5.8  5.71  5.72  5967300  5.72
2012-07-03  5.78  5.81  5.74  5.8  4340500  5.8
2012-07-02  5.73  5.82  5.66  5.8  10627900  5.8
2012-06-29  5.64  5.69  5.63  5.67  12371300  5.67
2012-06-28  5.62  5.65  5.48  5.55  11891300  5.55
2012-06-27  5.55  5.68  5.49  5.64  9681000  5.64
2012-06-26  5.52  5.59  5.51  5.52  9023300  5.52
2012-06-25  5.65  5.66  5.51  5.52  9136100  5.52
2012-06-22  5.63  5.75  5.62  5.7  8373600  5.7
2012-06-21  5.73  5.76  5.6  5.62  11397000  5.62
2012-06-20  5.78  5.79  5.67  5.72  16780100  5.72
2012-06-19  5.81  5.9  5.78  5.79  16807400  5.79
2012-06-18  5.89  5.9  5.7  5.78  19882000  5.78
2012-06-15  5.84  5.95  5.78  5.95  20303000  5.95
2012-06-14  5.72  5.88  5.7  5.8  11687100  5.8
2012-06-13  5.84  5.89  5.71  5.71  14663100  5.71
2012-06-12  5.73  5.88  5.61  5.87  17406100  5.87
2012-06-11  5.76  5.78  5.64  5.68  11300100  5.68
2012-06-08  5.65  5.74  5.6  5.71  8755800  5.71
2012-06-07  5.65  5.75  5.64  5.66  9090300  5.66
2012-06-06  5.62  5.69  5.59  5.66  15077200  5.66
2012-06-05  5.55  5.61  5.53  5.57  13177900  5.57
2012-06-04  5.67  5.8  5.55  5.59  23623400  5.59
2012-06-01  5.66  5.71  5.61  5.61  9768200  5.61
2012-05-31  5.78  5.8  5.66  5.74  9120200  5.74
2012-05-30  5.82  5.88  5.75  5.77  7892000  5.77
2012-05-29  5.9  5.99  5.85  5.9  9046300  5.9
2012-05-25  5.84  5.92  5.83  5.87  8831000  5.87
2012-05-24  5.91  5.94  5.79  5.91  10044600  5.91
2012-05-23  5.88  5.94  5.78  5.91  10120700  5.91
2012-05-22  6.0  6.02  5.83  5.94  19168100  5.94
2012-05-21  6.0  6.06  5.96  5.99  10279700  5.99
2012-05-18  6.23  6.23  5.91  5.96  29480000  5.96
2012-05-17  6.08  6.11  6.03  6.1  19169100  6.1
2012-05-16  6.13  6.23  6.09  6.09  12549000  6.09
2012-05-15  6.19  6.25  6.11  6.14  10086300  6.14
2012-05-14  6.27  6.3  6.19  6.23  11185600  6.23
2012-05-11  6.26  6.37  6.22  6.31  18426900  6.31
2012-05-10  6.22  6.38  6.19  6.28  21491100  6.28
2012-05-09  6.16  6.23  6.13  6.17  11798600  6.17
2012-05-08  6.26  6.28  6.14  6.22  14175100  6.22
2012-05-07  6.16  6.37  6.14  6.31  22660300  6.31
2012-05-04  6.17  6.27  6.15  6.19  9649100  6.19
2012-05-03  6.28  6.28  6.21  6.22  9374900  6.22
2012-05-02  6.22  6.29  6.2  6.25  12852600  6.25
2012-05-01  6.25  6.35  6.2  6.26  15985400  6.26
2012-04-30  6.27  6.28  6.21  6.26  13619800  6.26
2012-04-27  6.22  6.3  6.15  6.27  16330600  6.27
2012-04-26  6.14  6.23  6.12  6.18  14484200  6.18
2012-04-25  6.09  6.15  6.07  6.15  19105400  6.15
2012-04-24  5.85  6.06  5.84  6.05  23033500  6.05
2012-04-23  5.95  5.98  5.81  5.86  15963500  5.86
2012-04-20  5.89  5.95  5.85  5.94  17610400  5.94
2012-04-19  5.88  5.98  5.8  5.85  47347100  5.85
2012-04-18  5.56  5.68  5.54  5.54  11500700  5.54
2012-04-17  5.55  5.7  5.49  5.58  40709000  5.58
2012-04-16  5.64  5.65  5.5  5.51  16716600  5.51
2012-04-13  5.8  5.83  5.62  5.62  9873700  5.62
2012-04-12  5.74  5.86  5.73  5.82  8493000  5.82
2012-04-11  5.81  5.82  5.7  5.74  8042600  5.74
2012-04-10  5.83  5.92  5.74  5.74  9566500  5.74
2012-04-09  5.8  5.9  5.78  5.84  11511500  5.84
2012-04-05  5.83  5.91  5.82  5.9  7149500  5.9
2012-04-04  5.92  5.97  5.85  5.89  15172600  5.89
2012-04-03  6.02  6.03  5.9  5.97  10481600  5.97
2012-04-02  5.99  6.04  5.95  5.97  16839800  5.97
2012-03-30  6.02  6.07  5.97  5.98  13253800  5.98
2012-03-29  5.99  6.05  5.96  6.0  9802800  6.0
2012-03-28  6.2  6.28  6.03  6.04  12661100  6.04
2012-03-27  6.1  6.2  6.07  6.18  11802000  6.18
2012-03-26  6.0  6.09  6.0  6.08  4992100  6.08
2012-03-23  6.0  6.0  5.93  5.97  5700300  5.97
2012-03-22  5.98  6.02  5.91  6.0  7838600  6.0
2012-03-21  6.02  6.06  5.95  6.03  7125300  6.03
2012-03-20  6.03  6.07  6.0  6.03  5336900  6.03
2012-03-19  6.12  6.16  6.02  6.04  9238500  6.04
2012-03-16  6.02  6.12  5.95  6.12  15498500  6.12
2012-03-15  5.88  6.0  5.83  6.0  8350300  6.0
2012-03-14  5.95  5.99  5.83  5.88  10681600  5.88
2012-03-13  5.91  6.01  5.9  5.96  11527300  5.96
2012-03-12  5.97  6.0  5.85  5.85  6231100  5.85
2012-03-09  5.96  6.04  5.9  5.95  13893000  5.95
2012-03-08  5.78  5.95  5.73  5.93  11866100  5.93
2012-03-07  5.7  5.8  5.7  5.73  6659400  5.73
2012-03-06  5.78  5.8  5.7  5.7  13438300  5.7
2012-03-05  5.97  6.06  5.82  5.84  12407300  5.84
2012-03-02  6.11  6.13  5.97  6.0  10555700  6.0
2012-03-01  6.25  6.25  6.07  6.08  14016500  6.08
2012-02-29  6.36  6.38  6.22  6.22  22183800  6.22
2012-02-28  6.33  6.41  6.24  6.36  19047800  6.36
2012-02-27  6.22  6.3  6.1  6.28  17966800  6.28
2012-02-24  5.93  6.28  5.92  6.25  21569500  6.25
2012-02-23  5.95  5.99  5.9  5.9  10150100  5.9
2012-02-22  5.93  5.99  5.9  5.92  9878900  5.92
2012-02-21  6.12  6.14  5.97  5.98  15186700  5.98
2012-02-17  6.01  6.09  5.95  6.09  30357400  6.09
2012-02-16  5.9  5.99  5.85  5.97  14889800  5.97
2012-02-15  5.95  5.96  5.87  5.89  9231700  5.89
2012-02-14  5.95  5.96  5.86  5.92  10101500  5.92
2012-02-13  6.07  6.07  5.92  5.94  12810500  5.94
2012-02-10  5.91  5.97  5.84  5.93  7725000  5.93
2012-02-09  5.96  5.96  5.85  5.95  9073300  5.95
2012-02-08  5.96  5.98  5.89  5.95  11911500  5.95
2012-02-07  6.01  6.06  5.94  5.95  16062100  5.95
2012-02-06  6.01  6.02  5.91  6.02  12754400  6.02
2012-02-03  5.89  6.12  5.8  6.03  29529100  6.03
2012-02-02  5.79  5.9  5.62  5.84  37131900  5.84
2012-02-01  5.99  6.19  5.99  6.09  13833600  6.09
2012-01-31  6.03  6.12  5.95  5.96  10734700  5.96
2012-01-30  5.9  6.04  5.88  5.99  9592700  5.99
2012-01-27  5.93  5.99  5.88  5.93  10646700  5.93
2012-01-26  6.19  6.19  5.92  5.96  17519300  5.96
2012-01-25  5.95  6.18  5.94  6.13  15673800  6.13
2012-01-24  5.92  6.02  5.9  5.97  7295300  5.97
2012-01-23  5.98  6.05  5.92  5.97  10625000  5.97
2012-01-20  5.9  6.02  5.79  5.98  22710400  5.98
2012-01-19  5.78  5.96  5.77  5.87  18721400  5.87
2012-01-18  5.5  5.73  5.46  5.72  13470400  5.72
2012-01-17  5.65  5.65  5.49  5.53  8412600  5.53
2012-01-13  5.53  5.56  5.44  5.52  7992900  5.52
2012-01-12  5.6  5.61  5.41  5.56  11065500  5.56
2012-01-11  5.53  5.65  5.47  5.54  15257500  5.54
2012-01-10  5.39  5.61  5.37  5.53  22741700  5.53
2012-01-09  5.34  5.38  5.26  5.35  11099700  5.35
2012-01-06  5.53  5.57  5.29  5.3  21222400  5.3
2012-01-05  5.27  5.38  5.26  5.34  12840700  5.34
2012-01-04  5.32  5.41  5.23  5.31  24388500  5.31
2012-01-03  5.42  5.48  5.33  5.36  16307100  5.36
2011-12-30  5.29  5.39  5.28  5.34  7431700  5.34
2011-12-29  5.16  5.35  5.14  5.33  10786900  5.33
2011-12-28  5.24  5.25  5.14  5.17  4722600  5.17
2011-12-27  5.24  5.3  5.22  5.23  5925500  5.23
2011-12-23  5.26  5.27  5.18  5.23  13355000  5.23
2011-12-22  5.16  5.3  5.14  5.23  22473000  5.23
2011-12-21  5.15  5.24  5.1  5.21  21207000  5.21
2011-12-20  5.16  5.22  5.13  5.15  13202500  5.15
2011-12-19  5.15  5.2  5.05  5.09  14185200  5.09
2011-12-16  5.16  5.25  5.06  5.14  24046000  5.14
2011-12-15  5.14  5.18  5.01  5.11  23202600  5.11
2011-12-14  5.3  5.32  5.11  5.13  24040500  5.13
2011-12-13  5.31  5.41  5.29  5.33  24321100  5.33
2011-12-12  5.32  5.32  5.23  5.29  14055900  5.29
2011-12-09  5.38  5.45  5.32  5.34  14331800  5.34
2011-12-08  5.58  5.62  5.27  5.32  17497500  5.32
2011-12-07  5.56  5.62  5.47  5.59  12715000  5.59
2011-12-06  5.68  5.7  5.49  5.59  15543200  5.59
2011-12-05  5.64  5.79  5.6  5.6  25386500  5.6
2011-12-02  5.96  6.0  5.32  5.5  47180600  5.5
2011-12-01  5.92  6.1  5.86  5.9  19057400  5.9
2011-11-30  5.69  5.9  5.66  5.9  21667300  5.9
2011-11-29  5.42  5.57  5.38  5.55  14356000  5.55
2011-11-28  5.36  5.47  5.36  5.43  9801300  5.43
2011-11-25  5.35  5.43  5.26  5.27  4006700  5.27
2011-11-23  5.6  5.6  5.32  5.32  19176400  5.32
2011-11-22  5.27  5.46  5.26  5.31  13617800  5.31
2011-11-21  5.33  5.4  5.26  5.3  11282000  5.3
2011-11-18  5.5  5.51  5.39  5.42  14757200  5.42
2011-11-17  5.56  5.61  5.43  5.46  13959800  5.46
2011-11-16  5.69  5.71  5.58  5.58  13207000  5.58
2011-11-15  5.81  5.84  5.66  5.82  9932300  5.82
2011-11-14  5.83  5.9  5.75  5.84  11635900  5.84
2011-11-11  5.92  5.95  5.87  5.9  19850600  5.9
2011-11-10  5.83  5.95  5.8  5.86  30175700  5.86
2011-11-09  5.75  5.99  5.72  5.76  33729400  5.76
2011-11-08  5.82  5.86  5.69  5.84  21360800  5.84
2011-11-07  5.76  5.8  5.61  5.79  31204000  5.79
2011-11-04  5.83  5.84  5.71  5.77  16523100  5.77
2011-11-03  5.75  5.89  5.69  5.87  18109800  5.87
2011-11-02  5.74  5.77  5.63  5.69  15316600  5.69
2011-11-01  5.69  5.74  5.53  5.58  21098900  5.58
2011-10-31  5.71  5.93  5.69  5.89  39812900  5.89
2011-10-28  5.64  5.87  5.64  5.81  28071400  5.81
2011-10-27  5.55  5.7  5.52  5.64  31126200  5.64
2011-10-26  5.51  5.54  5.4  5.46  14234500  5.46
2011-10-25  5.48  5.6  5.42  5.42  26631600  5.42
2011-10-24  5.41  5.52  5.37  5.51  16310600  5.51
2011-10-21  5.46  5.56  5.35  5.39  33255700  5.39
2011-10-20  5.44  5.58  5.3  5.39  74921000  5.39
2011-10-19  5.66  5.86  5.62  5.64  33289700  5.64
2011-10-18  5.57  5.75  5.47  5.66  22415500  5.66
2011-10-17  5.65  5.69  5.53  5.55  20885500  5.55
2011-10-14  5.7  5.72  5.5  5.69  32389600  5.69
2011-10-13  5.62  5.67  5.51  5.62  26072700  5.62
2011-10-12  5.7  5.74  5.63  5.65  22375000  5.65
2011-10-11  5.69  5.73  5.62  5.63  17116500  5.63
2011-10-10  5.72  5.76  5.65  5.7  18918600  5.7
2011-10-07  5.66  5.79  5.59  5.62  36382500  5.62
2011-10-06  5.68  5.7  5.48  5.64  34968200  5.64
2011-10-05  5.68  5.73  5.61  5.69  23573100  5.69
2011-10-04  5.41  5.66  5.41  5.63  21000000  5.63
2011-10-03  5.84  5.94  5.5  5.53  25265100  5.53
2011-09-30  5.96  6.05  5.85  5.91  20081600  5.91
2011-09-29  6.09  6.27  5.95  6.1  15852700  6.1
2011-09-28  6.13  6.23  5.98  6.09  17529200  6.09
2011-09-27  6.19  6.3  5.93  6.09  14980000  6.09
2011-09-26  5.86  5.95  5.69  5.93  14442000  5.93
2011-09-23  5.64  5.77  5.59  5.76  17459500  5.76
2011-09-22  5.81  5.86  5.55  5.62  25817500  5.62
2011-09-21  6.25  6.28  5.93  5.93  13920900  5.93
2011-09-20  6.33  6.41  6.22  6.23  13105600  6.23
2011-09-19  6.4  6.44  6.26  6.31  14367400  6.31
2011-09-16  6.63  6.67  6.49  6.53  11645500  6.53
2011-09-15  6.56  6.57  6.35  6.57  10235700  6.57
2011-09-14  6.3  6.58  6.18  6.46  17886400  6.46
2011-09-13  6.22  6.3  6.14  6.26  8241700  6.26
2011-09-12  6.11  6.24  6.05  6.22  15114200  6.22
2011-09-09  6.42  6.42  6.14  6.2  18095400  6.2
2011-09-08  6.47  6.57  6.38  6.49  14203700  6.49
2011-09-07  6.43  6.5  6.38  6.49  18158500  6.49
2011-09-06  6.19  6.36  6.15  6.31  12601700  6.31
2011-09-02  6.57  6.61  6.42  6.42  10709900  6.42
2011-09-01  6.76  6.9  6.69  6.72  14787700  6.72
2011-08-31  6.68  6.82  6.65  6.78  13060400  6.78
2011-08-30  6.61  6.69  6.5  6.64  11355300  6.64
2011-08-29  6.42  6.65  6.42  6.64  10695200  6.64
2011-08-26  6.27  6.4  6.11  6.37  12485700  6.37
2011-08-25  6.36  6.48  6.26  6.35  15393900  6.35
2011-08-24  6.23  6.36  6.18  6.32  13122000  6.32
2011-08-23  6.12  6.34  6.06  6.34  14957900  6.34
2011-08-22  6.23  6.26  6.08  6.09  12004800  6.09
2011-08-19  6.02  6.33  6.02  6.12  17645300  6.12
2011-08-18  6.28  6.34  6.0  6.06  17683200  6.06
2011-08-17  6.47  6.58  6.42  6.48  11001900  6.48
2011-08-16  6.42  6.5  6.37  6.41  17677600  6.41
2011-08-15  6.48  6.57  6.46  6.53  15064000  6.53
2011-08-12  6.41  6.59  6.3  6.41  22214700  6.41
2011-08-11  5.9  6.43  5.89  6.35  39456200  6.35
2011-08-10  6.23  6.33  5.88  5.91  28131200  5.91
2011-08-09  6.12  6.35  5.9  6.34  25202400  6.34
2011-08-08  6.29  6.44  5.96  6.0  28152100  6.0
2011-08-05  6.51  6.65  6.26  6.49  30871200  6.49
2011-08-04  6.65  6.74  6.36  6.39  24469600  6.39
2011-08-03  6.66  6.81  6.57  6.77  25331700  6.77
2011-08-02  6.84  6.94  6.64  6.64  34844900  6.64
2011-08-01  7.25  7.26  6.81  6.92  25398000  6.92
2011-07-29  7.16  7.32  7.07  7.16  17219500  7.16
2011-07-28  7.15  7.55  6.96  7.28  54839600  7.28
2011-07-27  6.89  6.91  6.69  6.71  21303200  6.71
2011-07-26  7.13  7.13  6.88  6.9  18392600  6.9
2011-07-25  7.13  7.18  7.06  7.12  8312000  7.12
2011-07-22  7.07  7.23  7.02  7.21  13141400  7.21
2011-07-21  7.06  7.09  6.86  7.08  39881800  7.08
2011-07-20  7.14  7.15  6.98  7.0  13202500  7.0
2011-07-19  6.95  7.14  6.93  7.14  11808700  7.14
2011-07-18  6.88  7.06  6.81  6.92  16667700  6.92
2011-07-15  7.12  7.14  6.99  7.01  14832300  7.01
2011-07-14  7.2  7.23  7.06  7.09  10438300  7.09
2011-07-13  7.31  7.39  7.16  7.18  17272700  7.18
2011-07-12  7.23  7.42  7.2  7.28  24903000  7.28
2011-07-11  7.08  7.33  7.08  7.27  35078500  7.27
2011-07-08  7.14  7.19  7.1  7.17  8408400  7.17
2011-07-07  7.21  7.32  7.13  7.24  10347100  7.24
2011-07-06  7.11  7.33  7.07  7.16  25581100  7.16
2011-07-05  7.2  7.22  7.09  7.14  8699800  7.14
2011-07-01  6.93  7.23  6.88  7.23  19968100  7.23
2011-06-30  6.97  7.02  6.88  6.91  17176200  6.91
2011-06-29  7.02  7.04  6.9  6.93  11903400  6.93
2011-06-28  6.9  7.03  6.83  6.98  16453600  6.98
2011-06-27  6.9  6.96  6.82  6.87  14135500  6.87
2011-06-24  6.96  7.03  6.81  6.89  30240700  6.89
2011-06-23  6.98  7.09  6.91  7.09  12898800  7.09
2011-06-22  7.04  7.19  6.96  7.06  25202800  7.06
2011-06-21  6.82  6.96  6.78  6.92  14561700  6.92
2011-06-20  6.76  6.82  6.71  6.74  16330400  6.74
2011-06-17  6.89  6.92  6.72  6.79  18507700  6.79
2011-06-16  6.92  6.98  6.75  6.83  26940700  6.83
2011-06-15  7.0  7.19  6.89  6.93  40301200  6.93
2011-06-14  6.74  6.8  6.57  6.74  26009400  6.74
2011-06-13  6.67  6.81  6.66  6.67  11268100  6.67
2011-06-10  6.84  6.88  6.69  6.76  16265400  6.76
2011-06-09  6.73  6.91  6.64  6.88  13375400  6.88
2011-06-08  6.84  6.87  6.62  6.71  19455300  6.71
2011-06-07  6.92  6.95  6.81  6.82  12644600  6.82
2011-06-06  6.85  6.96  6.75  6.85  13839800  6.85
2011-06-03  6.87  6.97  6.8  6.87  9438800  6.87
2011-06-02  7.05  7.08  6.94  6.96  16411500  6.96
2011-06-01  7.16  7.16  7.02  7.03  25375400  7.03
2011-05-31  7.01  7.18  7.01  7.18  19091900  7.18
2011-05-27  6.96  7.08  6.88  7.04  15062400  7.04
2011-05-26  6.89  6.98  6.79  6.95  17098300  6.95
2011-05-25  6.91  6.94  6.71  6.91  20463800  6.91
2011-05-24  6.52  6.76  6.47  6.67  21254700  6.67
2011-05-23  6.72  6.73  6.55  6.57  11231900  6.57
2011-05-20  6.85  6.9  6.75  6.8  14756400  6.8
2011-05-19  6.82  6.95  6.78  6.9  23735700  6.9
2011-05-18  6.87  6.89  6.74  6.81  24836400  6.81
2011-05-17  6.79  6.84  6.71  6.83  13663500  6.83
2011-05-16  6.75  7.02  6.7  6.85  18806900  6.85
2011-05-13  6.92  6.95  6.71  6.84  32264800  6.84
2011-05-12  6.98  7.01  6.86  6.91  26006200  6.91
2011-05-11  7.05  7.21  6.96  7.02  39921800  7.02
2011-05-10  7.76  7.88  6.86  7.02  121144800  7.02
2011-05-09  7.72  7.74  7.6  7.71  10702800  7.71
2011-05-06  7.69  7.76  7.64  7.72  13873200  7.72
2011-05-05  7.7  7.79  7.55  7.56  17678000  7.56
2011-05-04  7.8  7.81  7.69  7.74  15961300  7.74
2011-05-03  7.68  7.91  7.65  7.79  23207800  7.79
2011-05-02  7.54  7.82  7.5  7.72  27940900  7.72
2011-04-29  7.43  7.51  7.38  7.49  20731600  7.49
2011-04-28  7.25  7.45  7.22  7.43  12257400  7.43
2011-04-27  7.27  7.33  7.18  7.3  15963600  7.3
2011-04-26  7.38  7.38  7.24  7.27  13600000  7.27
2011-04-25  7.19  7.33  7.15  7.31  23869400  7.31
2011-04-21  7.29  7.45  7.13  7.16  25760500  7.16
2011-04-20  7.11  7.14  7.03  7.08  13708500  7.08
2011-04-19  7.05  7.07  6.96  7.03  17065500  7.03
2011-04-18  7.01  7.06  6.95  6.98  11969000  6.98
2011-04-15  7.15  7.21  7.07  7.08  14047700  7.08
2011-04-14  6.97  7.22  6.95  7.13  21969700  7.13
2011-04-13  7.12  7.16  6.98  6.98  36904400  6.98
2011-04-12  7.21  7.23  7.09  7.1  17192000  7.1
2011-04-11  7.32  7.47  7.19  7.22  16475700  7.22
2011-04-08  7.44  7.67  7.32  7.35  20547500  7.35
2011-04-07  7.21  7.43  7.14  7.42  22220300  7.42
2011-04-06  7.09  7.27  7.08  7.23  13628400  7.23
2011-04-05  7.19  7.22  7.02  7.06  20659300  7.06
2011-04-04  7.32  7.35  7.03  7.23  32408200  7.23
2011-04-01  7.25  7.53  7.23  7.3  23937900  7.3
2011-03-31  7.38  7.48  7.16  7.19  21263400  7.19
2011-03-30  7.35  7.42  7.3  7.41  11114100  7.41
2011-03-29  7.26  7.33  7.15  7.31  14422400  7.31
2011-03-28  7.24  7.35  7.2  7.28  11831500  7.28
2011-03-25  7.13  7.25  7.03  7.21  15634200  7.21
2011-03-24  6.99  7.11  6.95  7.1  8455700  7.1
2011-03-23  6.95  7.07  6.93  7.0  15804400  7.0
2011-03-22  7.33  7.33  6.95  6.98  28626900  6.98
2011-03-21  7.34  7.36  7.21  7.27  8491200  7.27
2011-03-18  7.22  7.25  7.1  7.2  12387500  7.2
2011-03-17  7.03  7.15  6.96  7.12  19417000  7.12
2011-03-16  7.05  7.12  6.88  6.93  22887200  6.93
2011-03-15  7.08  7.18  6.96  7.08  19097800  7.08
2011-03-14  7.47  7.48  7.21  7.3  10844500  7.3
2011-03-11  7.41  7.53  7.39  7.51  9893300  7.51
2011-03-10  7.72  7.76  7.44  7.44  17610800  7.44
2011-03-09  7.62  7.96  7.62  7.78  31161700  7.78
2011-03-08  7.5  7.66  7.45  7.63  15031300  7.63
2011-03-07  7.57  7.59  7.39  7.47  16460000  7.47
2011-03-04  7.57  7.68  7.44  7.53  15616100  7.53
2011-03-03  7.46  7.59  7.39  7.56  9686400  7.56
2011-03-02  7.53  7.54  7.23  7.37  22585600  7.37
2011-03-01  7.55  7.69  7.44  7.52  32599300  7.52
2011-02-28  7.22  7.27  7.12  7.16  8900200  7.16
2011-02-25  7.06  7.19  7.01  7.18  10514200  7.18
2011-02-24  7.01  7.08  6.9  7.02  13404600  7.02
2011-02-23  7.29  7.33  7.01  7.04  16323000  7.04
2011-02-22  7.46  7.5  7.25  7.28  10361300  7.28
2011-02-18  7.4  7.68  7.4  7.54  17077700  7.54
2011-02-17  7.11  7.4  7.08  7.4  21784600  7.4
2011-02-16  6.98  7.18  6.97  7.1  15192000  7.1
2011-02-15  6.9  7.0  6.87  6.97  13994200  6.97
2011-02-14  6.89  7.0  6.83  6.97  19346300  6.97
2011-02-11  6.84  6.92  6.84  6.88  9448400  6.88
2011-02-10  6.97  7.03  6.9  6.91  9305500  6.91
2011-02-09  6.92  6.98  6.88  6.88  13465800  6.88
2011-02-08  6.96  7.0  6.91  6.95  17634100  6.95
2011-02-07  6.99  7.03  6.88  6.95  14659900  6.95
2011-02-04  6.92  7.02  6.87  6.99  22285900  6.99
2011-02-03  6.77  6.97  6.74  6.97  15859400  6.97
2011-02-02  6.92  6.95  6.7  6.85  35381000  6.85
2011-02-01  7.02  7.21  6.98  7.13  19860000  7.13
2011-01-31  6.95  7.1  6.95  6.98  13940400  6.98
2011-01-28  7.12  7.22  6.93  6.99  18015200  6.99
2011-01-27  7.14  7.35  7.13  7.16  16069500  7.16
2011-01-26  7.05  7.18  7.01  7.15  21153700  7.15
2011-01-25  7.11  7.2  6.98  7.03  22464700  7.03
2011-01-24  7.15  7.23  7.01  7.14  15989400  7.14
2011-01-21  7.31  7.34  7.14  7.16  10028000  7.16
2011-01-20  7.12  7.28  7.01  7.27  12447400  7.27
2011-01-19  7.37  7.38  7.12  7.15  16278600  7.15
2011-01-18  7.52  7.55  7.32  7.33  17045900  7.33
2011-01-14  7.45  7.54  7.36  7.53  12575800  7.53
2011-01-13  7.44  7.48  7.21  7.47  24300600  7.47
2011-01-12  7.52  7.53  7.31  7.44  15783500  7.44
2011-01-11  7.41  7.5  7.38  7.47  11926600  7.47
2011-01-10  7.27  7.46  7.22  7.39  18510800  7.39
2011-01-07  7.43  7.46  7.22  7.28  22286000  7.28
2011-01-06  7.5  7.57  7.37  7.41  12955100  7.41
2011-01-05  7.49  7.55  7.32  7.53  26061000  7.53
2011-01-04  7.55  7.61  7.38  7.48  28341700  7.48
2011-01-03  7.57  7.67  7.52  7.6  21212500  7.6
2010-12-31  7.69  7.7  7.56  7.57  6715800  7.57
2010-12-30  7.71  7.8  7.66  7.72  4924700  7.72
2010-12-29  7.81  7.83  7.75  7.76  4593800  7.76
2010-12-28  7.65  7.84  7.65  7.82  5898600  7.82
2010-12-27  7.66  7.7  7.65  7.7  2494200  7.7
2010-12-23  7.66  7.78  7.64  7.7  10247300  7.7
2010-12-22  7.59  7.77  7.52  7.71  22758500  7.71
2010-12-21  7.79  7.92  7.62  7.85  21454300  7.85
2010-12-20  7.55  7.85  7.49  7.82  28453700  7.82
2010-12-17  7.26  7.65  7.26  7.65  48021500  7.65
2010-12-16  6.96  7.27  6.95  7.22  38173900  7.22
2010-12-15  7.03  7.09  6.93  6.97  13286200  6.97
2010-12-14  7.08  7.11  6.98  7.04  14259900  7.04
2010-12-13  7.17  7.21  6.99  7.09  21739200  7.09
2010-12-10  6.87  7.19  6.87  7.11  37406300  7.11
2010-12-09  6.7  6.88  6.67  6.87  13605400  6.87
2010-12-08  6.61  6.69  6.48  6.67  15127800  6.67
2010-12-07  6.73  6.78  6.62  6.62  9981500  6.62
2010-12-06  6.79  6.84  6.68  6.68  7158300  6.68
2010-12-03  6.63  6.85  6.63  6.83  12570100  6.83
2010-12-02  6.51  6.67  6.51  6.67  8935300  6.67
2010-12-01  6.49  6.59  6.42  6.52  12301700  6.52
2010-11-30  6.43  6.49  6.35  6.42  8201500  6.42
2010-11-29  6.53  6.55  6.39  6.5  7622200  6.5
2010-11-26  6.71  6.71  6.53  6.58  5223900  6.58
2010-11-24  6.62  6.74  6.57  6.73  9236400  6.73
2010-11-23  6.59  6.6  6.49  6.57  8861100  6.57
2010-11-22  6.88  6.9  6.63  6.66  15066800  6.66
2010-11-19  6.56  6.78  6.51  6.77  21065300  6.77
2010-11-18  6.62  6.64  6.52  6.56  9425800  6.56
2010-11-17  6.53  6.76  6.44  6.56  28683800  6.56
2010-11-16  6.66  6.74  6.48  6.52  11438900  6.52
2010-11-15  6.78  6.78  6.69  6.69  6305000  6.69
2010-11-12  6.81  6.83  6.67  6.74  11627500  6.74
2010-11-11  6.8  6.85  6.67  6.85  11043400  6.85
2010-11-10  6.72  6.86  6.62  6.84  14995000  6.84
2010-11-09  6.77  6.81  6.65  6.69  12742600  6.69
2010-11-08  6.88  6.89  6.74  6.79  14995300  6.79
2010-11-05  6.51  6.96  6.48  6.92  30340500  6.92
2010-11-04  6.54  6.58  6.41  6.49  12143700  6.49
2010-11-03  6.46  6.49  6.38  6.46  12206700  6.46
2010-11-02  6.39  6.44  6.36  6.44  11782800  6.44
2010-11-01  6.37  6.48  6.29  6.32  13822700  6.32
2010-10-29  6.38  6.39  6.32  6.39  16061500  6.39
2010-10-28  6.51  6.55  6.24  6.38  30272400  6.38
2010-10-27  6.26  6.32  6.21  6.31  7357800  6.31
2010-10-26  6.3  6.31  6.25  6.29  6439300  6.29
2010-10-25  6.35  6.38  6.3  6.31  12280600  6.31
2010-10-22  6.36  6.4  6.26  6.3  11783400  6.3
2010-10-21  6.33  6.43  6.29  6.34  30297900  6.34
2010-10-20  6.19  6.7  6.17  6.3  66236300  6.3
2010-10-19  6.16  6.17  5.95  5.97  15213100  5.97
2010-10-18  6.18  6.2  6.09  6.2  23835200  6.2
2010-10-15  6.18  6.29  6.12  6.15  12182700  6.15
2010-10-14  6.21  6.23  6.09  6.16  7352600  6.16
2010-10-13  6.15  6.25  6.09  6.21  9419400  6.21
2010-10-12  6.1  6.15  6.07  6.13  14564700  6.13
2010-10-11  6.12  6.14  6.09  6.13  5870900  6.13
2010-10-08  6.18  6.25  6.12  6.13  11596500  6.13
2010-10-07  6.16  6.2  6.1  6.16  6999200  6.16
2010-10-06  6.17  6.22  6.1  6.14  13265600  6.14
2010-10-05  6.1  6.24  6.09  6.24  17497000  6.24
2010-10-04  6.06  6.13  6.01  6.08  8330100  6.08
2010-10-01  6.15  6.2  6.03  6.07  12427200  6.07
2010-09-30  6.11  6.24  6.06  6.13  21732800  6.13
2010-09-29  6.1  6.15  6.02  6.11  30986800  6.11
2010-09-28  5.77  6.18  5.71  6.18  47903100  6.18
2010-09-27  5.7  5.75  5.66  5.73  9864400  5.73
2010-09-24  5.58  5.75  5.55  5.75  14368100  5.75
2010-09-23  5.57  5.63  5.53  5.53  8972600  5.53
2010-09-22  5.59  5.64  5.51  5.62  10246100  5.62
2010-09-21  5.55  5.81  5.51  5.59  33293400  5.59
2010-09-20  5.46  5.56  5.4  5.54  10990800  5.54
2010-09-17  5.49  5.51  5.35  5.42  16856800  5.42
2010-09-16  5.39  5.5  5.32  5.45  15806100  5.45
2010-09-15  5.3  5.45  5.24  5.39  15481800  5.39
2010-09-14  5.22  5.36  5.18  5.33  22239000  5.33
2010-09-13  5.38  5.45  5.22  5.24  16923500  5.24
2010-09-10  5.21  5.43  5.21  5.33  20933100  5.33
2010-09-09  5.2  5.34  5.2  5.3  18481800  5.3
2010-09-08  5.23  5.24  5.09  5.15  14606000  5.15
2010-09-07  5.34  5.35  5.17  5.21  14900500  5.21
2010-09-03  5.31  5.4  5.25  5.35  18322900  5.35
2010-09-02  5.16  5.33  5.11  5.31  21487800  5.31
2010-09-01  5.26  5.33  5.04  5.13  38200800  5.13
2010-08-31  5.38  5.43  5.14  5.19  33721600  5.19
2010-08-30  5.47  5.47  5.39  5.4  8246400  5.4
2010-08-27  5.45  5.49  5.33  5.49  7899600  5.49
2010-08-26  5.46  5.49  5.32  5.4  17947100  5.4
2010-08-25  5.45  5.49  5.38  5.45  14433800  5.45
2010-08-24  5.56  5.57  5.29  5.49  22667700  5.49
2010-08-23  5.71  5.75  5.61  5.63  9275300  5.63
2010-08-20  5.78  5.82  5.58  5.69  14843200  5.69
2010-08-19  5.91  5.97  5.79  5.84  21874800  5.84
2010-08-18  5.77  6.05  5.77  5.95  34454600  5.95
2010-08-17  5.5  5.88  5.43  5.8  60534700  5.8
2010-08-16  5.44  5.52  5.41  5.47  12655800  5.47
2010-08-13  5.52  5.57  5.42  5.48  12853700  5.48
2010-08-12  5.56  5.62  5.5  5.52  10972600  5.52
2010-08-11  5.76  5.76  5.56  5.57  15585100  5.57
2010-08-10  5.82  5.9  5.76  5.84  12666200  5.84
2010-08-09  5.81  5.89  5.76  5.88  11152800  5.88
2010-08-06  5.65  5.82  5.63  5.8  15416300  5.8
2010-08-05  5.71  5.88  5.66  5.69  26480200  5.69
2010-08-04  5.54  5.79  5.51  5.75  15611000  5.75
2010-08-03  5.55  5.61  5.5  5.55  15787900  5.55
2010-08-02  5.68  5.77  5.53  5.54  35647900  5.54
2010-07-30  5.58  5.63  5.52  5.6  14809200  5.6
2010-07-29  5.73  5.74  5.57  5.6  27578800  5.6
2010-07-28  5.88  5.91  5.67  5.69  18402100  5.69
2010-07-27  5.99  6.0  5.88  5.9  13101000  5.9
2010-07-26  5.93  6.0  5.91  5.95  10653000  5.95
2010-07-23  5.93  6.0  5.87  5.95  26065100  5.95
2010-07-22  6.01  6.15  5.9  5.93  25635000  5.93
2010-07-21  6.32  6.4  5.82  5.97  50007600  5.97
2010-07-20  6.04  6.27  6.03  6.27  17985900  6.27
2010-07-19  6.12  6.21  6.04  6.11  20625100  6.11
2010-07-16  6.55  6.6  6.11  6.11  31285000  6.11
2010-07-15  6.51  6.62  6.4  6.59  17339100  6.59
2010-07-14  6.5  6.53  6.42  6.52  10707100  6.52
2010-07-13  6.51  6.52  6.42  6.5  13833400  6.5
2010-07-12  6.45  6.46  6.36  6.45  13328900  6.45
2010-07-09  6.37  6.47  6.32  6.46  17211100  6.46
2010-07-08  6.33  6.38  6.16  6.38  19958100  6.38
2010-07-07  6.03  6.29  5.95  6.28  31097600  6.28
2010-07-06  6.16  6.24  6.0  6.03  18972600  6.03
2010-07-02  5.93  6.19  5.9  6.14  20750700  6.14
2010-07-01  5.79  5.92  5.72  5.9  25649800  5.9
2010-06-30  5.75  5.88  5.73  5.8  16513600  5.8
2010-06-29  5.99  6.0  5.76  5.77  24997900  5.77
2010-06-28  6.11  6.16  5.99  6.05  20468600  6.05
2010-06-25  5.98  6.14  5.91  6.11  29084400  6.11
2010-06-24  6.02  6.13  5.91  5.96  23325600  5.96
2010-06-23  6.03  6.08  5.93  6.04  18937600  6.04
2010-06-22  6.13  6.25  6.02  6.02  12843500  6.02
2010-06-21  6.41  6.41  6.15  6.18  20700800  6.18
2010-06-18  6.14  6.36  6.02  6.33  38085000  6.33
2010-06-17  6.08  6.17  5.98  6.11  13266400  6.11
2010-06-16  6.06  6.12  6.01  6.1  22903600  6.1
2010-06-15  5.89  6.12  5.87  6.11  23260200  6.11
2010-06-14  5.83  5.91  5.78  5.82  23418100  5.82
2010-06-11  5.52  5.79  5.5  5.77  33208700  5.77
2010-06-10  5.49  5.65  5.49  5.57  16844100  5.57
2010-06-09  5.54  5.6  5.43  5.44  17307700  5.44
2010-06-08  5.57  5.59  5.41  5.52  27117300  5.52
2010-06-07  5.78  5.78  5.57  5.59  27471500  5.59
2010-06-04  5.95  5.98  5.73  5.74  43520800  5.74
2010-06-03  6.15  6.15  5.96  6.03  20417700  6.03
2010-06-02  6.0  6.14  5.96  6.11  18485200  6.11
2010-06-01  6.0  6.1  5.97  5.97  16857700  5.97
2010-05-28  6.2  6.2  6.04  6.05  14094100  6.05
2010-05-27  6.14  6.2  6.01  6.2  16716400  6.2
2010-05-26  6.1  6.17  6.04  6.04  21360600  6.04
2010-05-25  6.14  6.14  5.91  6.1  32867900  6.1
2010-05-24  6.21  6.39  6.16  6.25  16728600  6.25
2010-05-21  6.3  6.41  6.15  6.24  29046600  6.24
2010-05-20  6.58  6.58  6.33  6.34  20074400  6.34
2010-05-19  6.68  6.73  6.57  6.7  18865100  6.7
2010-05-18  6.91  6.91  6.65  6.69  18346300  6.69
2010-05-17  6.82  6.83  6.54  6.81  27548500  6.81
2010-05-14  6.82  6.93  6.78  6.83  26768300  6.83
2010-05-13  6.9  6.95  6.84  6.85  14950200  6.85
2010-05-12  6.61  6.86  6.56  6.81  33154800  6.81
2010-05-11  6.59  6.61  6.5  6.58  15554500  6.58
2010-05-10  6.56  6.69  6.51  6.6  17787000  6.6
2010-05-07  6.61  6.61  6.3  6.38  26148000  6.38
2010-05-06  6.81  6.88  6.38  6.59  39514300  6.59
2010-05-05  6.68  6.8  6.52  6.76  29374300  6.76
2010-05-04  6.82  6.84  6.63  6.68  22087900  6.68
2010-05-03  6.9  6.92  6.83  6.86  13524800  6.86
2010-04-30  6.98  7.05  6.87  6.88  12099100  6.88
2010-04-29  6.99  7.07  6.95  6.96  19617300  6.96
2010-04-28  7.11  7.13  6.94  6.99  26427800  6.99
2010-04-27  6.88  7.24  6.76  7.1  62895200  7.1
2010-04-26  7.23  7.29  7.02  7.06  37314700  7.06
2010-04-23  7.29  7.33  7.12  7.21  17120900  7.21
2010-04-22  7.21  7.29  7.11  7.21  22778300  7.21
2010-04-21  7.31  7.35  7.16  7.23  25477300  7.23
2010-04-20  7.43  7.45  7.3  7.33  19814900  7.33
2010-04-19  7.33  7.44  7.24  7.35  33688000  7.35
2010-04-16  7.52  7.54  7.23  7.34  91248400  7.34
2010-04-15  7.12  7.2  7.09  7.14  23632000  7.14
2010-04-14  6.92  7.22  6.92  7.16  44924100  7.16
2010-04-13  6.95  6.98  6.84  6.9  58391800  6.9
2010-04-12  6.98  7.06  6.94  6.94  19881800  6.94
2010-04-09  6.99  7.02  6.89  6.97  39580000  6.97
2010-04-08  7.09  7.13  6.97  6.98  32157900  6.98
2010-04-07  7.11  7.16  7.05  7.15  20169400  7.15
2010-04-06  7.15  7.22  7.09  7.14  26673400  7.14
2010-04-05  7.24  7.24  7.15  7.21  14938700  7.21
2010-04-01  7.29  7.32  7.15  7.23  27778700  7.23
2010-03-31  7.22  7.26  7.16  7.22  22734600  7.22
2010-03-30  7.07  7.27  7.01  7.25  50869800  7.25
2010-03-29  7.04  7.2  6.97  7.19  35298200  7.19
2010-03-26  6.95  7.03  6.91  7.01  24877500  7.01
2010-03-25  7.1  7.12  6.7  6.96  86609400  6.96
2010-03-24  6.96  7.08  6.94  7.04  17266600  7.04
2010-03-23  6.97  7.08  6.81  7.02  53540600  7.02
2010-03-22  7.17  7.17  6.94  6.95  32783900  6.95
2010-03-19  7.2  7.24  7.04  7.13  41521100  7.13
2010-03-18  7.01  7.09  6.8  7.07  79551500  7.07
2010-03-17  7.17  7.19  6.89  6.95  62405600  6.95
2010-03-16  6.92  7.18  6.84  7.09  134719500  7.09
2010-03-15  6.41  6.98  6.31  6.8  243874000  6.8
2010-03-12  7.89  7.96  7.76  7.78  14576900  7.78
2010-03-11  7.8  7.86  7.68  7.86  15693500  7.86
2010-03-10  7.7  7.76  7.64  7.65  16192000  7.65
2010-03-09  7.84  7.92  7.7  7.74  24442200  7.74
2010-03-08  7.92  7.95  7.82  7.9  20604100  7.9
2010-03-05  7.98  7.98  7.85  7.89  26906300  7.89
2010-03-04  7.89  8.03  7.81  7.92  33014800  7.92
2010-03-03  7.85  8.03  7.79  7.9  19317700  7.9
2010-03-02  7.64  7.83  7.64  7.82  20927000  7.82
2010-03-01  7.78  7.84  7.72  7.77  19325900  7.77
2010-02-26  7.71  7.86  7.7  7.74  18903400  7.74
2010-02-25  7.69  7.75  7.64  7.73  21517300  7.73
2010-02-24  7.78  7.85  7.75  7.8  17359400  7.8
2010-02-23  7.83  7.85  7.72  7.75  18015700  7.75
2010-02-22  7.74  7.93  7.69  7.87  22635700  7.87
2010-02-19  7.65  7.73  7.61  7.69  12421200  7.69
2010-02-18  7.67  7.92  7.66  7.79  17745500  7.79
2010-02-17  7.48  7.82  7.47  7.75  38507100  7.75
2010-02-16  7.41  7.43  7.19  7.41  36869900  7.41
2010-02-12  7.34  7.43  7.25  7.39  58085600  7.39
2010-02-11  7.77  7.78  7.39  7.47  154096200  7.47
2010-02-10  8.23  8.42  8.1  8.29  23735100  8.29
2010-02-09  8.22  8.25  8.08  8.23  19329200  8.23
2010-02-08  8.17  8.25  8.07  8.15  15515700  8.15
2010-02-05  8.16  8.21  8.06  8.21  17423500  8.21
2010-02-04  8.31  8.4  8.16  8.18  21675400  8.18
2010-02-03  8.35  8.4  8.26  8.36  12622300  8.36
2010-02-02  8.45  8.48  8.25  8.4  37334900  8.4
2010-02-01  8.48  8.83  8.24  8.42  68347000  8.42
2010-01-29  8.74  8.82  8.62  8.63  12241400  8.63
2010-01-28  8.93  8.99  8.66  8.72  16115800  8.72
2010-01-27  9.02  9.08  8.86  8.93  18179700  8.93
2010-01-26  8.99  9.15  8.93  9.03  10785800  9.03
2010-01-25  9.08  9.2  8.98  9.01  12610000  9.01
2010-01-22  9.16  9.24  9.0  9.0  22410000  9.0
2010-01-21  9.36  9.44  9.04  9.2  31725100  9.2
2010-01-20  9.61  9.79  9.4  9.48  33226500  9.48
2010-01-19  9.45  9.62  9.41  9.62  14560200  9.62
2010-01-15  9.5  9.5  9.24  9.43  16701400  9.43
2010-01-14  9.12  9.52  9.09  9.51  20174500  9.51
2010-01-13  9.17  9.19  8.99  9.15  10789600  9.15
2010-01-12  9.04  9.28  8.98  9.14  14009600  9.14
2010-01-11  9.08  9.16  9.0  9.07  8951500  9.07
2010-01-08  8.94  9.13  8.93  9.0  18894400  9.0
2010-01-07  9.2  9.24  9.04  9.09  15365800  9.09
2010-01-06  9.07  9.28  8.99  9.16  12923000  9.16
2010-01-05  8.99  9.1  8.94  9.04  8594200  9.04
2010-01-04  8.86  9.13  8.78  9.01  14332300  9.01
