Date  Open  High  Low  Close  Volume  Adj Close
2014-02-28  61.42  62.05  60.67  61.37  1718200  61.37
2014-02-27  61.96  62.31  61.03  61.21  2017900  61.21
2014-02-26  62.18  62.89  61.82  62.18  1078700  62.18
2014-02-25  62.56  62.66  61.87  62.16  1301100  62.16
2014-02-24  62.43  63.07  62.24  62.45  1831400  62.45
2014-02-21  60.64  62.25  60.63  62.08  2256200  62.08
2014-02-20  59.91  60.95  59.48  60.68  1749600  60.68
2014-02-19  60.44  60.98  59.7  59.89  1975100  59.89
2014-02-18  60.66  61.43  60.36  60.74  1838200  60.74
2014-02-14  59.38  60.28  58.92  60.18  1839200  60.18
2014-02-13  57.62  59.46  57.41  59.28  2531000  59.28
2014-02-12  57.73  58.14  57.36  57.95  1630700  57.95
2014-02-11  55.91  57.97  55.88  57.48  2624900  57.48
2014-02-10  55.31  56.4  54.91  56.1  2105200  56.1
2014-02-07  54.08  55.8  53.84  55.46  2185900  55.46
2014-02-06  53.14  53.89  52.95  53.6  2336500  53.6
2014-02-05  56.25  56.48  51.65  53.21  7120400  53.21
2014-02-04  55.8  56.79  54.83  56.6  3492200  56.6
2014-02-03  56.75  57.35  55.44  55.66  3445900  55.66
2014-01-31  55.5  56.98  55.24  56.89  1839000  56.89
2014-01-30  54.36  56.49  54.2  56.27  1720400  56.27
2014-01-29  54.36  55.37  53.88  54.05  1616000  54.05
2014-01-28  53.97  55.04  53.92  54.9  1067400  54.9
2014-01-27  54.77  54.96  53.64  54.14  1539900  54.14
2014-01-24  56.11  56.18  54.7  54.71  1651100  54.71
2014-01-23  56.72  57.21  55.85  56.49  1121900  56.49
2014-01-22  57.08  57.58  56.63  57.02  1524500  57.02
2014-01-21  56.0  56.27  55.41  55.9  1087700  55.9
2014-01-17  55.27  55.89  54.51  55.74  1946300  55.74
2014-01-16  55.38  55.62  55.1  55.39  1118100  55.39
2014-01-15  55.07  55.77  54.92  55.52  1448800  55.52
2014-01-14  54.06  55.5  53.87  55.07  2135800  55.07
2014-01-13  54.67  55.36  53.64  53.83  1734300  53.83
2014-01-10  55.34  55.48  54.29  55.18  1274300  55.18
2014-01-09  54.54  55.36  54.54  55.02  1413700  55.02
2014-01-08  55.07  55.19  54.21  54.32  1664900  54.32
2014-01-07  54.66  55.39  54.46  55.26  1565400  55.26
2014-01-06  54.67  55.1  54.15  54.2  1465500  54.2
2014-01-03  55.08  55.35  54.61  54.7  1039100  54.7
2014-01-02  55.48  55.6  54.82  55.07  1111400  55.07
2013-12-31  55.75  56.1  55.55  55.74  676100  55.74
2013-12-30  55.63  55.83  55.37  55.76  567500  55.76
2013-12-27  55.87  55.87  55.31  55.58  1177400  55.58
2013-12-26  55.57  55.75  55.31  55.67  476200  55.67
2013-12-24  55.24  55.47  55.08  55.38  458400  55.38
2013-12-23  54.98  55.35  54.67  55.31  1124200  55.31
2013-12-20  54.93  54.97  54.41  54.67  2235500  54.67
2013-12-19  55.45  55.68  54.34  54.69  1210500  54.69
2013-12-18  54.84  55.82  53.72  55.76  1699000  55.76
2013-12-17  54.18  55.06  54.06  54.93  1829600  54.93
2013-12-16  54.39  54.66  53.87  54.32  1212700  54.32
2013-12-13  54.5  54.82  53.92  54.17  930300  54.17
2013-12-12  54.5  54.86  53.83  54.03  1365400  54.03
2013-12-11  55.82  56.34  54.52  54.6  2945800  54.6
2013-12-10  56.79  57.22  55.75  55.86  1672400  55.86
2013-12-09  57.49  57.65  56.51  56.71  1386100  56.71
2013-12-06  56.8  57.52  56.51  57.42  1222600  57.42
2013-12-05  56.5  56.96  56.01  56.09  1367300  56.09
2013-12-04  57.05  57.43  55.81  56.4  1449300  56.4
2013-12-03  57.51  57.67  56.79  57.45  1517200  57.45
2013-12-02  57.59  58.08  57.4  57.68  884800  57.68
2013-11-29  57.71  58.08  57.28  57.47  463400  57.47
2013-11-27  57.7  58.05  57.25  57.65  655500  57.65
2013-11-26  58.06  58.36  57.47  57.68  1187000  57.68
2013-11-25  58.09  58.46  57.95  58.24  1343100  58.24
2013-11-22  57.96  58.03  57.52  57.96  1044800  57.96
2013-11-21  56.3  57.9  56.03  57.69  1490900  57.69
2013-11-20  56.36  56.62  55.7  55.95  1069600  55.95
2013-11-19  56.48  56.57  55.82  56.15  771900  56.15
2013-11-18  57.39  57.46  56.38  56.64  616100  56.64
2013-11-15  57.09  57.6  56.82  57.34  1004900  57.34
2013-11-14  56.94  57.19  56.5  57.09  754400  57.09
2013-11-13  56.53  56.79  55.96  56.78  615000  56.78
2013-11-12  56.26  56.97  56.01  56.47  848300  56.47
2013-11-11  56.7  56.87  56.11  56.39  862900  56.39
2013-11-08  55.99  57.09  55.95  57.04  1136600  57.04
2013-11-07  56.48  56.75  55.59  56.08  1738000  56.08
2013-11-06  56.06  56.52  55.95  56.45  912700  56.45
2013-11-05  56.21  56.39  55.75  55.9  984000  55.9
2013-11-04  56.21  56.55  55.86  56.49  887400  56.49
2013-11-01  56.31  56.52  55.7  56.17  1282600  56.17
2013-10-31  56.13  56.55  55.76  56.03  1645100  56.03
2013-10-30  56.19  56.82  55.83  55.88  1442700  55.88
2013-10-29  56.86  57.23  56.0  56.17  1492100  56.17
2013-10-28  55.93  56.58  55.89  56.54  1586500  56.54
2013-10-25  55.55  57.2  54.44  56.13  3494300  56.13
2013-10-24  59.04  59.09  57.64  57.76  2954600  57.76
2013-10-23  57.89  58.42  57.24  58.0  1982300  58.0
2013-10-22  58.62  59.42  57.57  58.19  1668600  58.19
2013-10-21  57.91  58.13  57.36  58.07  1219500  58.07
2013-10-18  57.18  57.8  56.8  57.77  1636100  57.77
2013-10-17  55.86  57.35  55.86  57.12  1305600  57.12
2013-10-16  55.45  56.57  55.38  56.51  1222800  56.51
2013-10-15  55.74  55.94  54.87  55.22  1133600  55.22
2013-10-14  54.15  55.98  54.02  55.95  1549500  55.95
2013-10-11  54.27  54.93  54.12  54.68  1196500  54.68
2013-10-10  53.05  54.6  52.97  54.51  1442900  54.51
2013-10-09  53.18  53.49  52.55  52.7  1517800  52.7
2013-10-08  54.29  54.71  52.98  53.17  1434500  53.17
2013-10-07  54.32  54.65  53.96  54.19  1162800  54.19
2013-10-04  53.66  54.82  53.53  54.71  1953600  54.71
2013-10-03  53.53  53.71  52.5  53.57  1723300  53.57
2013-10-02  53.55  53.94  53.0  53.78  1424700  53.78
2013-10-01  52.52  53.99  52.35  53.97  2188000  53.97
2013-09-30  52.0  52.98  51.37  52.55  2855200  52.55
2013-09-27  48.55  55.07  48.5  52.61  6853200  52.61
2013-09-26  49.02  49.37  48.58  48.73  1258500  48.73
2013-09-25  49.01  49.11  48.61  48.99  1120300  48.99
2013-09-24  49.34  49.49  48.81  48.89  1055000  48.89
2013-09-23  49.53  49.73  48.88  49.26  1266800  49.26
2013-09-20  49.9  50.25  49.7  49.82  2221600  49.82
2013-09-19  49.69  49.99  49.31  49.87  780000  49.87
2013-09-18  49.46  49.61  48.81  49.57  1208200  49.57
2013-09-17  49.81  49.85  49.31  49.48  895600  49.48
2013-09-16  49.5  49.98  49.38  49.66  1801300  49.66
2013-09-13  48.73  49.05  48.53  48.98  1325600  48.98
2013-09-12  48.39  49.0  48.33  48.59  1907300  48.59
2013-09-11  48.13  48.84  48.12  48.53  1200400  48.53
2013-09-10  47.65  48.4  47.55  48.14  1469300  48.14
2013-09-09  46.76  47.49  46.76  47.38  928300  47.38
2013-09-06  46.86  47.07  45.81  46.7  1036000  46.7
2013-09-05  47.12  47.3  46.58  46.61  1228400  46.61
2013-09-04  46.89  47.35  46.39  47.3  1542100  47.3
2013-09-03  47.15  47.81  46.73  46.91  1962300  46.91
2013-08-30  46.64  46.64  45.86  46.06  1168400  46.06
2013-08-29  46.15  47.24  46.07  46.66  762800  46.66
2013-08-28  46.83  46.83  46.3  46.34  987800  46.34
2013-08-27  47.0  47.3  46.56  46.65  1235500  46.65
2013-08-26  47.45  47.9  47.25  47.47  1022600  47.47
2013-08-23  47.65  47.7  46.86  47.44  1386600  47.44
2013-08-22  47.06  47.82  47.03  47.63  633700  47.63
2013-08-21  47.63  47.82  46.91  47.03  1080200  47.03
2013-08-20  47.76  48.32  47.54  47.63  894200  47.63
2013-08-19  46.99  48.26  46.9  47.49  1353800  47.49
2013-08-16  46.89  47.58  46.31  47.38  1887800  47.38
2013-08-15  48.38  48.38  46.98  47.04  1991600  47.04
2013-08-14  49.0  49.19  48.7  48.71  1272900  48.71
2013-08-13  48.87  49.11  48.14  48.99  1068500  48.99
2013-08-12  48.5  49.49  48.31  48.93  802700  48.93
2013-08-09  48.51  48.98  48.31  48.74  759500  48.74
2013-08-08  49.0  49.04  48.48  48.63  954000  48.63
2013-08-07  49.2  49.42  48.59  48.65  1213800  48.65
2013-08-06  49.66  49.8  49.19  49.32  1161300  49.32
2013-08-05  49.99  50.04  49.39  49.72  1152800  49.72
2013-08-02  50.0  50.42  49.82  50.07  1592700  50.07
2013-08-01  49.3  49.97  49.23  49.86  1574000  49.86
2013-07-31  49.45  49.79  48.93  49.0  1774900  49.0
2013-07-30  48.49  49.62  48.38  49.28  2579600  49.28
2013-07-29  48.44  48.77  47.94  48.29  1974300  48.29
2013-07-26  49.0  49.74  47.93  48.66  3119900  48.66
2013-07-25  49.26  49.78  48.92  49.63  2064500  49.63
2013-07-24  49.91  50.85  49.34  49.39  1515200  49.39
2013-07-23  50.45  50.73  49.9  49.92  1157500  49.92
2013-07-22  50.42  50.54  49.96  50.54  1404200  50.54
2013-07-19  49.73  50.41  49.3  49.79  1594200  49.79
2013-07-18  49.67  49.98  49.36  49.67  881500  49.67
2013-07-17  49.73  49.92  49.43  49.66  889400  49.66
2013-07-16  49.37  49.83  49.02  49.39  1463300  49.39
2013-07-15  49.52  49.94  49.02  49.54  1133700  49.54
2013-07-12  49.31  49.76  48.95  49.56  2177300  49.56
2013-07-11  48.0  49.27  48.0  49.1  1958200  49.1
2013-07-10  48.0  48.11  47.34  47.59  1638400  47.59
2013-07-09  49.02  49.09  47.35  47.53  2414300  47.53
2013-07-08  49.99  50.1  48.9  48.93  1271700  48.93
2013-07-05  49.46  49.87  49.13  49.84  866600  49.84
2013-07-03  48.37  48.86  48.25  48.56  851500  48.56
2013-07-02  48.85  48.92  48.31  48.62  1464600  48.62
2013-07-01  48.5  49.29  48.05  48.75  1553100  48.75
2013-06-28  48.11  48.64  48.0  48.04  2979200  48.04
2013-06-27  48.6  48.84  48.14  48.4  946600  48.4
2013-06-26  48.05  48.27  47.6  48.18  1091600  48.18
2013-06-25  47.73  47.98  47.08  47.47  1218200  47.47
2013-06-24  47.05  47.77  46.51  47.32  1936800  47.32
2013-06-21  47.46  47.9  47.05  47.29  3594000  47.29
2013-06-20  48.22  48.38  47.02  47.26  2033800  47.26
2013-06-19  49.54  49.6  48.44  48.56  918800  48.56
2013-06-18  49.04  49.6  49.04  49.51  833400  49.51
2013-06-17  49.41  49.63  48.93  49.11  1310000  49.11
2013-06-14  49.26  49.52  48.92  49.11  1294000  49.11
2013-06-13  48.62  49.49  48.2  49.45  834000  49.45
2013-06-12  49.37  49.6  48.41  48.55  958600  48.55
2013-06-11  48.89  49.58  48.63  49.07  995400  49.07
2013-06-10  49.59  49.73  49.2  49.22  1424600  49.22
2013-06-07  49.59  49.99  49.18  49.67  1727800  49.67
2013-06-06  48.49  49.66  48.35  49.63  2151600  49.63
2013-06-05  49.42  49.54  48.27  48.39  2117200  48.39
2013-06-04  49.65  49.8  49.19  49.52  2044800  49.52
2013-06-03  49.19  49.64  48.67  49.43  1918000  49.43
2013-05-31  48.62  49.45  48.55  49.08  2397400  49.08
2013-05-30  48.84  49.27  48.51  48.96  1291800  48.96
2013-05-29  47.69  48.89  47.5  48.58  2347200  48.58
2013-05-28  48.6  48.7  47.5  47.72  1201200  47.72
2013-05-24  47.74  48.31  47.13  48.04  967600  48.04
2013-05-23  47.9  48.56  47.52  48.21  1189000  48.21
2013-05-22  48.86  49.26  47.77  48.12  1433600  48.12
2013-05-21  48.63  49.22  48.39  48.81  1010800  48.81
2013-05-20  49.22  49.4  48.3  48.51  1130600  48.51
2013-05-17  48.45  49.45  48.39  49.42  2103600  49.42
2013-05-16  48.17  48.44  47.85  48.19  1119000  48.19
2013-05-15  47.8  48.48  47.56  48.46  1122400  48.46
2013-05-14  47.54  47.95  47.43  47.85  1232000  47.85
2013-05-13  47.3  47.74  47.18  47.53  1162600  47.53
2013-05-10  47.26  47.54  46.88  47.54  1175000  47.54
2013-05-09  47.25  47.25  46.75  47.03  1294400  47.03
2013-05-08  47.22  47.53  46.97  47.1  1511800  47.1
2013-05-07  47.94  47.99  47.33  47.48  1517800  47.48
2013-05-06  48.15  48.34  47.59  47.79  1210200  47.79
2013-05-03  48.88  49.1  48.19  48.33  2005000  48.33
2013-05-02  47.84  48.63  47.75  48.42  1550600  48.42
2013-05-01  48.02  48.48  47.54  47.83  1530600  47.83
2013-04-30  47.09  48.44  47.09  48.38  2416400  48.38
2013-04-29  47.19  47.77  47.06  47.4  1734800  47.4
2013-04-26  47.5  48.76  47.19  47.94  3977800  47.94
2013-04-25  46.27  46.36  45.4  45.83  2991000  45.83
2013-04-24  46.57  46.78  46.03  46.07  1347200  46.07
2013-04-23  46.1  46.51  45.71  46.47  1586600  46.47
2013-04-22  45.85  46.13  45.42  45.77  1133000  45.77
2013-04-19  45.41  46.32  45.27  45.9  1540200  45.9
2013-04-18  46.36  46.49  45.38  45.6  1160600  45.6
2013-04-17  46.65  46.7  45.69  46.17  1427000  46.17
2013-04-16  46.03  47.26  45.93  47.01  1669000  47.01
2013-04-15  47.25  47.3  45.77  45.78  1781600  45.78
2013-04-12  47.97  47.97  47.23  47.34  1794800  47.34
2013-04-11  47.63  48.12  47.52  47.77  1636400  47.77
2013-04-10  46.81  47.63  46.59  47.63  1546400  47.63
2013-04-09  46.68  46.88  45.94  46.56  817400  46.56
2013-04-08  46.02  46.72  45.72  46.71  1274800  46.71
2013-04-05  45.67  46.27  45.62  46.06  1358600  46.06
2013-04-04  46.39  46.51  45.99  46.08  1226600  46.08
2013-04-03  47.34  47.38  46.35  46.42  1516000  46.42
2013-04-02  47.22  47.56  47.2  47.41  1285000  47.41
2013-04-01  47.49  47.49  46.57  47.12  1612400  47.12
2013-03-28  46.39  47.46  46.2  47.37  1848200  47.37
2013-03-27  46.35  46.44  45.98  46.34  880200  46.34
2013-03-26  46.45  46.97  46.33  46.61  1399000  46.61
2013-03-25  46.47  46.9  45.99  46.26  1630000  46.26
2013-03-22  45.37  46.73  45.23  46.54  1679200  46.54
2013-03-21  45.38  45.51  44.97  45.28  1189800  45.28
2013-03-20  45.73  45.79  45.41  45.69  932200  45.69
2013-03-19  45.63  45.84  44.91  45.38  1305200  45.38
2013-03-18  46.04  46.04  45.48  45.56  1347000  45.56
2013-03-15  46.38  46.66  46.32  46.39  3258400  46.39
2013-03-14  46.45  46.62  46.31  46.5  1766800  46.5
2013-03-13  46.66  46.71  46.3  46.46  2167400  46.46
2013-03-12  46.34  46.55  46.07  46.53  1380600  46.53
2013-03-11  45.95  46.73  45.89  46.39  1317400  46.39
2013-03-08  46.0  46.32  45.7  46.15  1380800  46.15
2013-03-07  45.52  46.15  45.51  45.76  1472200  45.76
2013-03-06  46.33  46.49  45.37  45.46  1982400  45.46
2013-03-05  45.0  46.16  44.91  46.14  2632800  46.14
2013-03-04  44.52  44.81  44.13  44.8  1410800  44.8
2013-03-01  43.84  44.7  43.52  44.62  2139400  44.62
2013-02-28  43.87  44.25  43.73  43.73  1465200  43.73
2013-02-27  43.58  44.09  43.29  43.85  1350000  43.85
2013-02-26  42.8  43.74  42.8  43.59  1788000  43.59
2013-02-25  44.05  44.29  42.69  42.69  1400800  42.69
2013-02-22  43.33  43.8  43.13  43.78  1194200  43.78
2013-02-21  43.4  43.5  42.5  43.08  2200800  43.08
2013-02-20  44.17  44.34  43.52  43.56  1435800  43.56
2013-02-19  44.03  44.47  43.96  44.21  1140600  44.21
2013-02-15  43.84  44.37  43.84  43.97  1692000  43.97
2013-02-14  43.55  44.15  43.53  43.95  1317400  43.95
2013-02-13  43.82  44.17  43.59  43.81  1495400  43.81
2013-02-12  43.8  44.04  43.46  43.78  1260800  43.78
2013-02-11  44.05  44.05  43.27  43.75  1109800  43.75
2013-02-08  43.4  44.16  43.29  44.05  2177600  44.05
2013-02-07  42.63  43.37  42.63  43.28  3743200  43.28
2013-02-06  43.83  43.85  42.25  42.73  3723800  42.73
2013-02-05  41.6  42.46  41.41  41.8  2446600  41.8
2013-02-04  41.8  41.9  41.19  41.54  1719200  41.54
2013-02-01  41.53  42.67  41.45  42.06  2253200  42.06
2013-01-31  41.31  41.61  41.06  41.28  1459000  41.28
2013-01-30  42.26  42.3  41.09  41.24  1869600  41.24
2013-01-29  41.55  42.24  41.28  42.19  1892200  42.19
2013-01-28  41.89  41.94  41.5  41.56  1382600  41.56
2013-01-25  41.66  41.94  41.42  41.69  1793600  41.69
2013-01-24  41.45  41.92  41.28  41.53  1673400  41.53
2013-01-23  41.48  41.5  41.15  41.33  1559600  41.33
2013-01-22  40.49  41.5  40.38  41.5  1949000  41.5
2013-01-18  39.85  40.63  39.58  40.6  1870800  40.6
2013-01-17  39.78  40.12  39.46  39.97  2306400  39.97
2013-01-16  40.24  40.26  39.35  39.53  3043800  39.53
2013-01-15  40.8  40.85  39.4  40.35  2347200  40.35
2013-01-14  40.81  41.13  40.71  41.08  1121400  41.08
2013-01-11  41.2  41.28  40.57  40.81  1559600  40.81
2013-01-10  40.69  41.2  40.69  41.1  1894400  41.1
2013-01-09  41.13  41.27  40.36  40.65  1482600  40.65
2013-01-08  41.36  41.79  40.89  40.97  1284200  40.97
2013-01-07  40.5  41.55  40.5  41.51  2008800  41.51
2013-01-04  40.33  40.71  40.02  40.53  1326400  40.53
2013-01-03  40.22  40.38  39.88  40.1  1397000  40.1
2013-01-02  39.39  40.22  39.39  40.22  1906800  40.22
2012-12-31  37.77  38.84  37.68  38.76  1339200  38.76
2012-12-28  38.17  38.55  37.82  38.04  843200  38.04
2012-12-27  38.46  38.83  37.63  38.35  1378800  38.35
2012-12-26  39.26  39.48  38.45  38.6  716000  38.6
2012-12-24  39.04  39.26  38.74  39.26  442400  39.26
2012-12-21  39.59  39.6  38.85  39.14  2792000  39.14
2012-12-20  39.76  40.19  39.52  40.09  1285400  40.09
2012-12-19  39.88  40.18  39.46  39.67  1382400  39.67
2012-12-18  39.13  40.07  38.79  39.99  2345600  39.99
2012-12-17  38.82  39.09  38.42  39.04  1533800  39.04
2012-12-14  39.1  39.15  38.55  38.62  1561000  38.62
2012-12-13  39.72  40.05  39.07  39.22  1284200  39.22
2012-12-12  39.94  40.14  39.47  39.58  1277600  39.58
2012-12-11  39.22  40.57  39.22  39.88  2226200  39.88
2012-12-10  38.91  39.52  38.88  39.22  1102800  39.22
2012-12-07  39.31  39.39  38.62  39.06  1041600  39.06
2012-12-06  39.06  39.43  38.94  39.22  1183200  39.22
2012-12-05  38.51  39.33  38.09  39.27  1954000  39.27
2012-12-04  38.54  38.7  38.0  38.44  1430200  38.44
2012-12-03  38.81  39.36  38.5  38.58  1479200  38.58
2012-11-30  38.75  38.87  38.3  38.61  2268800  38.61
2012-11-29  38.94  39.13  38.36  38.65  1232000  38.65
2012-11-28  38.38  38.9  38.13  38.87  1415200  38.87
2012-11-27  38.56  38.61  38.12  38.42  1640600  38.42
2012-11-26  38.97  38.98  38.26  38.51  1845000  38.51
2012-11-23  39.02  39.12  38.77  39.03  609600  39.03
2012-11-21  39.16  39.25  38.84  39.02  897600  39.02
2012-11-20  38.61  39.09  38.45  39.0  1336200  39.0
2012-11-19  38.92  39.19  38.43  38.74  2089200  38.74
2012-11-16  38.21  38.63  37.92  38.54  1885400  38.54
2012-11-15  37.95  38.22  37.41  38.08  2321800  38.08
2012-11-14  38.43  38.59  37.78  37.85  1535200  37.85
2012-11-13  38.48  38.94  38.33  38.33  1084400  38.33
2012-11-12  39.4  39.48  38.4  38.51  1459000  38.51
2012-11-09  38.87  39.71  38.8  39.29  2269400  39.29
2012-11-08  39.72  40.05  38.95  39.0  2066000  39.0
2012-11-07  40.03  40.29  39.63  39.81  2861400  39.81
2012-11-06  39.54  40.63  39.45  40.56  4880200  40.56
2012-11-05  38.53  39.63  38.49  39.54  3081400  39.54
2012-11-02  38.75  39.11  38.51  38.87  2234600  38.87
2012-11-01  38.02  38.71  37.69  38.65  2317200  38.65
2012-10-31  38.65  39.15  37.59  38.1  3671200  38.1
2012-10-26  39.08  39.98  37.85  38.69  9264600  38.69
2012-10-25  34.36  34.6  33.82  34.24  2770000  34.24
2012-10-24  34.25  34.55  34.0  34.22  2332400  34.22
2012-10-23  34.3  34.49  33.85  34.0  3331400  34.0
2012-10-22  35.03  35.19  34.31  34.6  2942200  34.6
2012-10-19  35.96  35.96  34.89  35.22  3400600  35.22
2012-10-18  35.83  36.22  35.57  36.06  1653200  36.06
2012-10-17  36.26  36.4  35.78  35.84  2327400  35.84
2012-10-16  36.72  36.72  36.18  36.4  1439800  36.4
2012-10-15  36.22  36.46  35.93  36.38  2082800  36.38
2012-10-12  36.33  36.59  36.07  36.21  1745600  36.21
2012-10-11  37.79  37.9  36.19  36.28  5899600  36.28
2012-10-10  37.93  38.15  37.59  37.62  2519200  37.62
2012-10-09  38.91  38.99  37.89  37.98  2649000  37.98
2012-10-08  39.13  39.38  38.81  39.0  2393800  39.0
2012-10-05  39.77  39.87  39.16  39.26  2017600  39.26
2012-10-04  39.75  39.98  39.49  39.78  2084400  39.78
2012-10-03  39.17  39.95  38.85  39.84  4010800  39.84
2012-10-02  39.32  39.32  38.72  39.17  2352000  39.17
2012-10-01  38.93  39.15  38.49  38.71  2217400  38.71
2012-09-28  37.32  39.04  37.28  38.69  6224400  38.69
2012-09-27  37.1  37.27  36.55  37.25  2385200  37.25
2012-09-26  37.4  37.49  36.81  37.03  1685800  37.03
2012-09-25  37.38  38.0  37.24  37.42  3257200  37.42
2012-09-24  36.6  37.33  36.36  37.19  1782000  37.19
2012-09-21  37.15  37.29  36.91  37.23  5324800  37.23
2012-09-20  36.37  36.99  36.36  36.81  2922000  36.81
2012-09-19  35.78  36.84  35.53  36.62  3729200  36.62
2012-09-18  35.52  35.84  35.17  35.72  2468600  35.72
2012-09-17  35.99  36.13  35.38  35.5  2812600  35.5
2012-09-14  36.65  36.85  35.94  36.01  2500400  36.01
2012-09-13  35.8  37.0  35.5  36.62  2758200  36.62
2012-09-12  36.62  36.62  35.61  35.7  3395000  35.7
2012-09-11  36.86  36.99  36.38  36.41  2475400  36.41
2012-09-10  37.63  37.76  36.83  36.9  2012200  36.9
2012-09-07  37.87  38.08  37.48  37.67  2344000  37.67
2012-09-06  36.97  37.65  36.83  37.64  1906000  37.64
2012-09-05  36.77  36.97  36.59  36.76  1542800  36.76
2012-09-04  36.48  36.77  36.05  36.75  1841400  36.75
2012-08-31  37.1  37.1  36.48  36.57  2598200  36.57
2012-08-30  36.35  36.88  36.32  36.74  2416400  36.74
2012-08-29  35.93  36.67  35.84  36.63  2446200  36.63
2012-08-28  35.7  36.13  35.51  35.83  1909800  35.83
2012-08-27  35.66  35.83  35.49  35.59  1762400  35.59
2012-08-24  35.45  35.73  35.31  35.63  1354600  35.63
2012-08-23  35.74  35.87  35.4  35.51  1867200  35.51
2012-08-22  35.63  36.02  35.58  35.91  1324200  35.91
2012-08-21  35.56  35.74  35.43  35.56  1610000  35.56
2012-08-20  36.11  36.26  35.36  35.56  2353600  35.56
2012-08-17  36.74  36.74  36.09  36.28  3976200  36.28
2012-08-16  36.68  37.01  36.35  36.88  1683200  36.88
2012-08-15  35.55  37.24  35.5  36.74  4424000  36.74
2012-08-14  35.67  35.79  35.5  35.74  1922800  35.74
2012-08-13  35.52  35.7  35.18  35.6  1313400  35.6
2012-08-10  35.64  35.8  35.34  35.56  1919800  35.56
2012-08-09  36.28  36.39  35.79  35.85  1857000  35.85
2012-08-08  36.08  36.25  35.67  36.17  2581400  36.17
2012-08-07  36.33  36.63  36.06  36.29  2406400  36.29
2012-08-06  37.13  37.13  36.21  36.25  2624400  36.25
2012-08-03  36.86  37.16  36.59  36.84  1878800  36.84
2012-08-02  35.64  36.42  35.48  36.24  2957200  36.24
2012-08-01  37.27  37.67  36.26  36.33  3414400  36.33
2012-07-31  37.1  37.45  36.65  36.96  3242400  36.96
2012-07-30  36.19  37.15  36.14  36.92  3885800  36.92
2012-07-27  36.97  37.6  36.25  36.85  10249200  36.85
2012-07-26  38.29  39.27  37.88  39.02  5349600  39.02
2012-07-25  37.83  38.15  37.69  37.8  2290400  37.8
2012-07-24  38.26  38.3  37.5  37.74  2107400  37.74
2012-07-23  37.88  38.41  37.13  38.22  2547600  38.22
2012-07-20  39.06  39.12  38.41  38.51  2971400  38.51
2012-07-19  39.34  39.42  38.84  39.07  1648400  39.07
2012-07-18  38.98  39.65  38.91  39.28  2037800  39.28
2012-07-17  39.08  39.59  38.76  39.03  3616600  39.03
2012-07-16  40.21  40.22  38.6  38.79  3167600  38.79
2012-07-13  40.01  40.84  40.0  40.15  1876600  40.15
2012-07-12  40.03  40.09  39.3  39.94  1818000  39.94
2012-07-11  40.76  40.9  39.75  40.29  2506000  40.29
2012-07-10  41.63  41.98  40.75  40.91  1661600  40.91
2012-07-09  41.04  41.49  40.51  41.4  1992800  41.4
2012-07-06  41.3  41.59  40.72  41.01  2900800  41.01
2012-07-05  41.55  41.84  41.17  41.49  2290400  41.49
2012-07-03  41.28  41.85  41.28  41.78  1280800  41.78
2012-07-02  41.66  41.77  41.11  41.36  2803000  41.36
2012-06-29  40.31  41.33  40.01  41.33  4788400  41.33
2012-06-28  38.59  39.31  38.26  39.01  3409000  39.01
2012-06-27  39.27  39.4  38.52  38.83  2239200  38.83
2012-06-26  39.2  39.43  38.4  38.99  3233800  38.99
2012-06-25  39.86  39.93  38.84  39.12  3053600  39.12
2012-06-22  39.8  40.63  39.52  40.4  4036800  40.4
2012-06-21  41.49  41.79  39.77  39.85  5297800  39.85
2012-06-20  43.56  43.62  41.09  41.76  5509800  41.76
2012-06-19  43.39  44.17  43.0  43.46  3881200  43.46
2012-06-18  41.38  43.38  41.36  42.98  7059000  42.98
2012-06-15  40.88  41.4  40.52  41.32  2880000  41.32
2012-06-14  40.0  40.81  39.96  40.76  2188000  40.76
2012-06-13  39.95  40.5  39.79  39.96  2381000  39.96
2012-06-12  38.93  40.17  38.75  40.17  2510400  40.17
2012-06-11  39.6  39.92  38.88  38.94  2206000  38.94
2012-06-08  39.05  39.49  38.63  39.47  1821200  39.47
2012-06-07  39.55  39.63  39.09  39.18  3488400  39.18
2012-06-06  38.53  39.22  38.5  39.11  3020400  39.11
2012-06-05  38.19  38.54  38.03  38.37  1523600  38.37
2012-06-04  38.34  38.68  38.13  38.24  3020800  38.24
2012-06-01  38.49  38.65  37.79  38.19  3033200  38.19
2012-05-31  39.74  39.77  38.88  38.98  3106600  38.98
2012-05-30  39.5  40.0  39.21  39.85  2338200  39.85
2012-05-29  39.89  40.57  39.5  39.84  1939800  39.84
2012-05-25  39.76  40.24  39.32  39.51  1937800  39.51
2012-05-24  39.86  40.0  39.35  39.69  1941800  39.69
2012-05-23  39.55  40.0  39.09  39.92  1962000  39.92
2012-05-22  39.17  39.85  38.92  39.56  2527000  39.56
2012-05-21  38.2  39.24  38.12  39.11  3380600  39.11
2012-05-18  39.22  39.26  38.11  38.24  3133200  38.24
2012-05-17  39.59  39.83  38.99  39.01  2343600  39.01
2012-05-16  39.96  40.35  39.56  39.61  1942000  39.61
2012-05-15  39.68  40.87  39.63  39.97  2758800  39.97
2012-05-14  39.54  39.98  39.33  39.62  1411200  39.62
2012-05-11  39.44  40.28  39.31  39.96  1830400  39.96
2012-05-10  39.7  40.09  39.0  39.56  3159400  39.56
2012-05-09  40.08  40.2  39.13  39.45  4674600  39.45
2012-05-08  40.5  40.71  39.28  40.71  3915000  40.71
2012-05-07  40.01  41.0  39.81  40.7  3025800  40.7
2012-05-04  40.58  40.64  40.09  40.24  2786600  40.24
2012-05-03  41.44  41.51  40.62  41.03  2915000  41.03
2012-05-02  41.2  41.63  41.09  41.5  3350600  41.5
2012-05-01  40.37  42.05  40.29  41.4  5419000  41.4
2012-04-30  39.25  40.75  39.0  40.56  4975000  40.56
2012-04-27  38.5  39.92  37.1  38.76  5945800  38.76
2012-04-26  36.2  37.36  35.84  36.91  3349200  36.91
2012-04-25  36.27  36.63  36.2  36.38  2976000  36.38
2012-04-24  36.77  36.91  36.02  36.13  2067000  36.13
2012-04-23  36.94  36.94  36.2  36.69  1652600  36.69
2012-04-20  37.23  37.7  37.05  37.25  1374800  37.25
2012-04-19  37.09  37.43  36.64  37.03  943800  37.03
2012-04-18  36.77  37.23  36.65  37.19  1467200  37.19
2012-04-17  36.78  37.24  36.72  36.9  2258000  36.9
2012-04-16  36.66  36.83  36.17  36.62  1546200  36.62
2012-04-13  36.58  36.86  36.3  36.47  1945000  36.47
2012-04-12  37.03  37.1  36.75  36.78  1445800  36.78
2012-04-11  36.75  37.05  36.7  36.96  1844600  36.96
2012-04-10  37.11  37.24  36.34  36.4  2153200  36.4
2012-04-09  37.27  37.53  36.99  37.24  1500600  37.24
2012-04-05  37.54  37.99  37.51  37.94  1255400  37.94
2012-04-04  38.07  38.21  37.58  37.71  1840800  37.71
2012-04-03  38.28  38.65  38.09  38.29  1681200  38.29
2012-04-02  38.06  38.61  37.89  38.44  1720000  38.44
2012-03-30  38.34  38.35  37.74  38.08  1518000  38.08
2012-03-29  37.74  38.22  37.34  38.08  2167800  38.08
2012-03-28  38.04  38.25  37.52  37.9  2226000  37.9
2012-03-27  39.08  39.15  38.05  38.08  2414600  38.08
2012-03-26  38.55  39.26  38.5  39.06  2550000  39.06
2012-03-23  38.49  38.57  37.77  38.35  1645800  38.35
2012-03-22  37.94  38.45  37.65  38.31  1359600  38.31
2012-03-21  38.13  38.34  37.83  38.15  1272200  38.15
2012-03-20  38.25  38.37  38.02  38.13  1571200  38.13
2012-03-19  38.31  38.5  37.85  38.43  1823600  38.43
2012-03-16  38.98  39.08  38.28  38.47  2899400  38.47
2012-03-15  38.09  38.73  37.97  38.69  1367600  38.69
2012-03-14  38.51  38.74  37.99  38.08  1867000  38.08
2012-03-13  37.97  38.43  37.93  38.42  1635200  38.42
2012-03-12  38.64  38.64  37.81  37.86  1858800  37.86
2012-03-09  38.06  38.8  37.95  38.43  2491800  38.43
2012-03-08  37.95  38.26  37.79  38.03  1448000  38.03
2012-03-07  37.31  37.94  37.13  37.77  1711200  37.77
2012-03-06  37.51  37.72  37.08  37.28  2167200  37.28
2012-03-05  37.68  37.93  37.42  37.85  2544600  37.85
2012-03-02  37.42  37.7  37.25  37.67  2080600  37.67
2012-03-01  37.2  37.41  37.0  37.37  2338200  37.37
2012-02-29  37.34  37.46  36.92  36.92  2700000  36.92
2012-02-28  37.3  37.75  37.15  37.41  2040000  37.41
2012-02-27  36.8  37.5  36.66  37.14  2481000  37.14
2012-02-24  36.63  36.95  36.46  36.88  2444600  36.88
2012-02-23  36.36  36.81  36.19  36.58  2311400  36.58
2012-02-22  35.86  36.36  35.73  36.23  2656400  36.23
2012-02-21  35.65  36.09  35.52  35.9  2146800  35.9
2012-02-17  35.93  35.93  35.11  35.49  2306400  35.49
2012-02-16  35.12  36.11  35.12  35.99  2745400  35.99
2012-02-15  35.42  35.5  35.03  35.11  1984400  35.11
2012-02-14  34.98  35.34  34.79  35.32  1906400  35.32
2012-02-13  34.87  35.25  34.72  35.13  2101400  35.13
2012-02-10  34.47  34.65  34.08  34.63  2973000  34.63
2012-02-09  35.43  35.49  34.64  34.69  3492200  34.69
2012-02-08  33.89  35.9  33.88  35.44  8976400  35.44
2012-02-07  31.26  31.6  31.06  31.28  2757800  31.28
2012-02-06  31.56  31.87  31.3  31.39  2767600  31.39
2012-02-03  31.11  31.92  31.08  31.55  2458000  31.55
2012-02-02  30.7  30.98  30.53  30.83  1390200  30.83
2012-02-01  30.65  30.88  30.4  30.7  2952400  30.7
2012-01-31  30.69  30.69  30.3  30.44  1569000  30.44
2012-01-30  30.0  30.52  29.91  30.43  2986000  30.43
2012-01-27  29.84  30.4  29.76  30.25  2601000  30.25
2012-01-26  30.48  30.48  29.68  29.89  3190000  29.89
2012-01-25  30.11  30.45  29.86  30.31  1813600  30.31
2012-01-24  29.86  30.27  29.83  30.18  3215200  30.18
2012-01-23  30.52  30.73  29.86  30.0  2070600  30.0
2012-01-20  30.77  31.35  30.35  30.51  2395800  30.51
2012-01-19  30.56  30.81  30.51  30.75  2245600  30.75
2012-01-18  30.44  30.54  30.26  30.5  2035400  30.5
2012-01-17  31.04  31.15  30.25  30.42  2204600  30.42
2012-01-13  30.87  31.04  30.5  30.78  2181200  30.78
2012-01-12  31.63  31.73  30.86  31.0  1739800  31.0
2012-01-11  31.18  31.64  30.83  31.5  2324200  31.5
2012-01-10  31.73  31.87  31.11  31.34  2347400  31.34
2012-01-09  32.01  32.07  31.43  31.58  1873800  31.58
2012-01-06  31.6  31.85  31.24  31.74  1876800  31.74
2012-01-05  30.9  31.29  30.66  31.22  2442800  31.22
2012-01-04  31.27  31.27  30.82  30.86  1683800  30.86
2012-01-03  31.3  32.08  31.17  31.27  3501600  31.27
2011-12-30  30.86  30.97  30.62  30.62  1042400  30.62
2011-12-29  30.78  31.0  30.69  30.9  897600  30.9
2011-12-28  31.16  31.18  30.67  30.75  1754400  30.75
2011-12-27  30.62  31.26  30.5  31.2  1698200  31.2
2011-12-23  29.88  30.64  29.84  30.58  1237400  30.58
2011-12-22  29.93  30.03  29.63  29.97  1743200  29.97
2011-12-21  29.9  30.06  29.3  29.83  3350000  29.83
2011-12-20  29.48  30.0  29.31  29.94  2861800  29.94
2011-12-19  28.22  28.92  28.08  28.86  3255200  28.86
2011-12-16  28.01  28.53  27.92  28.17  3970000  28.17
2011-12-15  28.58  28.79  27.85  27.88  4362800  27.88
2011-12-14  28.78  28.88  28.19  28.34  1873000  28.34
2011-12-13  29.66  29.99  28.77  28.83  3178600  28.83
2011-12-12  30.01  30.12  29.38  29.47  1199600  29.47
2011-12-09  29.74  30.44  29.62  30.35  1233600  30.35
2011-12-08  30.09  30.11  29.61  29.66  1645200  29.66
2011-12-07  30.41  30.43  29.82  30.12  2272200  30.12
2011-12-06  30.96  31.02  30.43  30.53  1700600  30.53
2011-12-05  30.98  31.19  30.71  30.91  2089800  30.91
2011-12-02  31.24  31.3  30.47  30.5  3030400  30.5
2011-12-01  30.62  31.16  30.41  31.07  2698600  31.07
2011-11-30  29.73  30.5  29.73  30.49  2961800  30.49
2011-11-29  29.2  29.42  29.0  29.09  2417600  29.09
2011-11-28  29.12  29.49  28.99  29.33  2005600  29.33
2011-11-25  28.46  28.9  28.41  28.51  1187600  28.51
2011-11-23  28.41  29.07  28.3  28.76  3178400  28.76
2011-11-22  28.57  28.82  28.32  28.66  3896200  28.66
2011-11-21  28.51  28.73  28.3  28.58  3872600  28.58
2011-11-18  30.01  30.06  28.87  28.98  5700400  28.98
2011-11-17  31.01  31.08  29.85  30.0  3571000  30.0
2011-11-16  31.74  31.89  31.06  31.1  2526400  31.1
2011-11-15  32.0  32.23  31.73  32.03  1742200  32.03
2011-11-14  32.38  32.49  31.9  32.01  2272800  32.01
2011-11-11  32.29  33.05  32.29  32.51  2537600  32.51
2011-11-10  32.03  32.5  31.66  32.06  2853200  32.06
2011-11-09  31.86  32.0  31.5  31.83  3211000  31.83
2011-11-08  32.09  32.83  31.66  32.56  1955600  32.56
2011-11-07  31.78  32.1  31.25  31.87  1764800  31.87
2011-11-04  31.89  32.06  31.37  31.86  2441000  31.86
2011-11-03  31.46  32.0  31.16  31.95  2514000  31.95
2011-11-02  31.34  31.54  30.91  31.18  3043000  31.18
2011-11-01  31.05  31.38  30.35  31.07  4071200  31.07
2011-10-31  32.19  32.36  31.7  31.72  4393000  31.72
2011-10-28  32.58  33.16  29.91  32.55  9425800  32.55
2011-10-27  33.6  33.92  31.35  32.74  8305600  32.74
2011-10-26  33.71  34.02  32.83  32.99  3191600  32.99
2011-10-25  34.13  34.31  33.45  33.46  2712000  33.46
2011-10-24  33.45  34.44  33.45  34.22  3257600  34.22
2011-10-21  33.26  33.58  32.97  33.42  2609800  33.42
2011-10-20  32.73  33.15  32.38  32.85  2668200  32.85
2011-10-19  32.84  33.8  32.61  32.7  2953000  32.7
2011-10-18  32.8  33.15  32.63  32.85  4232200  32.85
2011-10-17  34.56  34.71  32.8  32.92  4294400  32.92
2011-10-14  34.69  34.99  34.21  34.99  1831000  34.99
2011-10-13  33.84  34.53  33.84  34.42  3586400  34.42
2011-10-12  35.11  35.14  33.89  33.92  3189000  33.92
2011-10-11  34.17  35.03  33.73  34.66  2675800  34.66
2011-10-10  33.54  34.37  33.31  34.21  1991400  34.21
2011-10-07  33.56  33.97  32.58  33.0  2997800  33.0
2011-10-06  34.02  34.07  33.02  33.5  2673600  33.5
2011-10-05  32.82  34.12  32.53  33.96  3943000  33.96
2011-10-04  32.3  33.1  31.52  32.49  5055400  32.49
2011-10-03  33.94  34.28  32.62  32.78  4475200  32.78
2011-09-30  34.8  35.13  34.26  34.26  2813400  34.26
2011-09-29  35.79  36.14  34.26  35.24  2666600  35.24
2011-09-28  36.47  36.55  35.1  35.18  3032000  35.18
2011-09-27  36.4  37.2  35.67  36.44  3481600  36.44
2011-09-26  35.15  35.79  34.44  35.65  3215400  35.65
2011-09-23  34.12  35.45  33.73  34.58  3352000  34.58
2011-09-22  33.6  34.68  33.35  34.29  3197600  34.29
2011-09-21  35.1  35.57  34.59  34.62  3612800  34.62
2011-09-20  33.79  35.65  33.48  35.14  5418200  35.14
2011-09-19  33.57  34.06  33.33  33.69  2020200  33.69
2011-09-16  33.73  34.24  33.22  33.9  5136800  33.9
2011-09-15  34.48  34.55  33.3  33.71  4255200  33.71
2011-09-14  33.36  34.69  32.64  34.17  3448400  34.17
2011-09-13  32.33  33.4  32.02  33.17  2698600  33.17
2011-09-12  31.25  32.15  31.14  32.15  2301600  32.15
2011-09-09  32.74  32.74  31.36  31.7  2708800  31.7
2011-09-08  32.91  33.57  32.5  33.02  1992600  33.02
2011-09-07  32.74  33.0  32.26  33.0  1987200  33.0
2011-09-06  31.15  32.25  30.54  32.22  2340800  32.22
2011-09-02  32.08  32.41  31.53  32.0  2338200  32.0
2011-09-01  32.9  33.41  32.4  32.71  3443000  32.71
2011-08-31  33.91  33.97  32.84  32.98  4271600  32.98
2011-08-30  33.15  33.93  32.69  33.65  4897600  33.65
2011-08-29  32.81  33.24  32.56  33.22  3224400  33.22
2011-08-26  30.82  32.58  30.11  32.51  3591800  32.51
2011-08-25  31.75  31.75  30.66  30.98  3194400  30.98
2011-08-24  30.86  31.83  30.71  31.52  4493800  31.52
2011-08-23  28.51  30.84  28.45  30.84  5758000  30.84
2011-08-22  28.43  28.84  27.75  28.27  2519200  28.27
2011-08-19  27.38  28.98  27.35  27.94  4076400  27.94
2011-08-18  27.98  28.23  27.31  27.69  3398800  27.69
2011-08-17  29.45  29.84  28.79  28.97  1993600  28.97
2011-08-16  29.57  29.61  28.91  29.41  2343000  29.41
2011-08-15  29.15  29.77  29.1  29.77  2443200  29.77
2011-08-12  29.18  29.38  28.5  29.09  2397200  29.09
2011-08-11  27.25  29.4  27.01  29.06  4284400  29.06
2011-08-10  28.79  28.79  27.43  27.47  4277600  27.47
2011-08-09  29.56  29.56  26.96  29.16  5637600  29.16
2011-08-08  29.2  29.86  27.59  27.62  6135200  27.62
2011-08-05  30.7  30.84  29.09  29.97  5820800  29.97
2011-08-04  31.86  32.02  30.31  30.36  3610000  30.36
2011-08-03  32.46  32.66  31.13  32.34  3893200  32.34
2011-08-02  32.84  33.73  32.2  32.22  3543600  32.22
2011-08-01  33.57  33.73  32.66  33.07  3220200  33.07
2011-07-29  31.85  34.05  31.49  33.24  6205000  33.24
2011-07-28  31.01  31.78  30.77  31.01  3116800  31.01
2011-07-27  31.37  31.47  30.72  30.92  4308200  30.92
2011-07-26  32.0  32.61  31.48  31.52  1597800  31.52
2011-07-25  32.32  32.46  32.06  32.08  1577400  32.08
2011-07-22  32.06  32.54  31.94  32.53  2210400  32.53
2011-07-21  31.32  32.25  31.3  31.96  1823600  31.96
2011-07-20  31.62  31.67  31.09  31.18  1433200  31.18
2011-07-19  31.12  31.81  31.03  31.77  1361400  31.77
2011-07-18  30.86  30.94  30.34  30.77  1161600  30.77
2011-07-15  31.13  31.45  30.78  30.95  1528600  30.95
2011-07-14  31.33  31.63  30.76  30.9  1028200  30.9
2011-07-13  31.29  31.73  31.19  31.28  1120800  31.28
2011-07-12  31.5  31.5  31.09  31.15  1835600  31.15
2011-07-11  31.72  32.02  31.21  31.42  1671600  31.42
2011-07-08  31.86  32.24  31.66  32.03  1467600  32.03
2011-07-07  31.97  32.17  31.78  32.15  1763400  32.15
2011-07-06  31.51  32.05  31.51  31.83  2108200  31.83
2011-07-05  31.3  31.52  31.15  31.5  1583000  31.5
2011-07-01  30.68  31.3  30.41  31.27  1910000  31.27
2011-06-30  30.29  30.64  30.22  30.56  1455200  30.56
2011-06-29  30.37  30.54  30.19  30.26  1517000  30.26
2011-06-28  29.51  30.36  29.32  30.2  2506000  30.2
2011-06-27  29.2  30.0  28.91  29.49  2005600  29.49
2011-06-24  29.18  29.27  28.95  29.01  3272800  29.01
2011-06-23  29.11  29.3  28.7  29.21  1974400  29.21
2011-06-22  29.62  29.68  29.4  29.42  1689200  29.42
2011-06-21  29.43  29.71  29.3  29.68  2635600  29.68
2011-06-20  29.23  29.44  29.18  29.35  1950400  29.35
2011-06-17  29.5  29.63  29.27  29.27  4109600  29.27
2011-06-16  29.31  29.72  28.77  29.06  2918800  29.06
2011-06-15  29.27  29.55  29.12  29.26  2514000  29.26
2011-06-14  29.21  29.65  29.16  29.61  1641600  29.61
2011-06-13  29.0  29.13  28.78  29.0  1651200  29.0
2011-06-10  29.38  29.51  28.95  28.99  2156400  28.99
2011-06-09  29.36  29.54  29.25  29.36  1851200  29.36
2011-06-08  29.28  29.46  29.13  29.37  2002800  29.37
2011-06-07  29.26  29.66  29.16  29.17  1993600  29.17
2011-06-06  28.95  29.4  28.85  29.29  2903200  29.29
2011-06-03  29.32  29.41  29.02  29.07  2530400  29.07
2011-06-02  29.76  29.82  29.45  29.5  2632400  29.5
2011-06-01  29.97  31.25  29.78  29.79  3407600  29.79
2011-05-31  30.46  30.58  29.65  30.02  3713600  30.02
2011-05-27  30.14  30.34  29.97  30.07  1343600  30.07
2011-05-26  29.91  30.25  29.63  30.12  2177200  30.12
2011-05-25  29.69  30.13  29.49  30.05  2261600  30.05
2011-05-24  30.31  30.46  29.55  29.72  3328000  29.72
2011-05-23  30.36  30.45  30.19  30.27  2342800  30.27
2011-05-20  31.05  31.09  30.59  30.89  2761200  30.89
2011-05-19  30.66  31.48  30.5  31.05  3770400  31.05
2011-05-18  29.52  30.74  29.32  30.71  2928800  30.71
2011-05-17  29.41  29.55  29.17  29.48  1447200  29.48
2011-05-16  29.67  29.85  29.49  29.56  1248000  29.56
2011-05-13  29.8  30.14  29.73  29.82  1502400  29.82
2011-05-12  29.88  30.03  29.6  29.94  2532000  29.94
2011-05-11  29.87  30.09  29.76  30.02  2860800  30.02
2011-05-10  30.25  30.3  29.8  29.98  1454400  29.98
2011-05-09  29.81  30.09  29.66  30.0  2082400  30.0
2011-05-06  29.84  30.11  29.57  29.78  2526400  29.78
2011-05-05  29.57  29.63  29.25  29.5  2888000  29.5
2011-05-04  29.76  29.92  29.61  29.69  2166000  29.69
2011-05-03  30.25  30.3  29.59  29.82  2416800  29.82
2011-05-02  30.05  30.65  29.92  30.31  2992000  30.31
2011-04-29  28.8  31.19  28.25  30.05  13767200  30.05
2011-04-28  28.04  28.13  27.83  28.02  2151600  28.02
2011-04-27  28.0  28.04  27.82  27.98  2055600  27.98
2011-04-26  27.8  28.08  27.75  27.91  1652800  27.91
2011-04-25  27.97  28.13  27.79  27.86  1299600  27.86
2011-04-21  28.2  28.28  28.01  28.08  1394800  28.08
2011-04-20  27.92  28.65  27.92  28.15  2034000  28.15
2011-04-19  27.51  27.63  27.16  27.48  1571200  27.48
2011-04-18  27.53  27.67  27.2  27.47  2122000  27.47
2011-04-15  28.0  28.03  27.58  27.93  2338800  27.93
2011-04-14  27.56  27.95  27.55  27.9  1573600  27.9
2011-04-13  27.31  27.95  27.31  27.85  2544000  27.85
2011-04-12  27.33  27.42  27.11  27.23  1396400  27.23
2011-04-11  27.35  27.56  27.25  27.38  1604800  27.38
2011-04-08  27.59  27.77  27.06  27.27  2240000  27.27
2011-04-07  28.11  28.14  27.36  27.4  4158400  27.4
2011-04-06  28.75  29.03  28.01  28.15  2260800  28.15
2011-04-05  28.34  28.86  28.15  28.61  2867200  28.61
2011-04-04  28.32  28.54  28.2  28.41  2230000  28.41
2011-04-01  28.0  28.49  27.91  28.23  3392800  28.23
2011-03-31  27.58  27.93  27.53  27.8  1594000  27.8
2011-03-30  27.6  27.64  27.4  27.57  1339600  27.57
2011-03-29  27.17  27.55  27.09  27.46  1854000  27.46
2011-03-28  27.31  27.39  26.96  27.21  2287200  27.21
2011-03-25  27.26  27.38  27.04  27.25  2354000  27.25
2011-03-24  27.14  27.22  26.91  27.16  2941200  27.16
2011-03-23  26.77  27.12  26.52  27.02  2182000  27.02
2011-03-22  26.41  27.2  26.41  26.95  3242000  26.95
2011-03-21  26.05  26.53  25.99  26.5  2024800  26.5
2011-03-18  25.85  26.16  25.71  25.77  2985200  25.77
2011-03-17  25.54  25.81  25.42  25.67  2235600  25.67
2011-03-16  25.22  25.49  25.0  25.27  2766000  25.27
2011-03-15  25.3  25.53  25.13  25.38  3975200  25.38
2011-03-14  25.98  26.18  25.66  25.88  4662000  25.88
2011-03-11  25.48  25.89  25.43  25.8  2406000  25.8
2011-03-10  25.63  25.67  25.23  25.56  3121200  25.56
2011-03-09  25.67  26.02  25.35  25.95  2070400  25.95
2011-03-08  25.63  26.04  25.4  25.76  1894000  25.76
2011-03-07  26.23  26.23  25.27  25.66  3381600  25.66
2011-03-04  26.07  26.24  25.82  26.07  1292800  26.07
2011-03-03  25.66  26.2  25.62  26.14  2133600  26.14
2011-03-02  25.21  25.58  24.99  25.47  1854400  25.47
2011-03-01  25.37  25.75  24.97  25.21  2462000  25.21
2011-02-28  24.95  25.35  24.95  25.11  1995600  25.11
2011-02-25  24.53  25.26  24.41  25.2  2071200  25.2
2011-02-24  24.1  24.55  24.02  24.41  1838400  24.41
2011-02-23  24.52  24.56  23.93  24.11  2601600  24.11
2011-02-22  24.62  24.99  24.46  24.53  2833600  24.53
2011-02-18  24.97  25.04  24.81  24.94  2327600  24.94
2011-02-17  24.8  25.2  24.79  25.02  2071600  25.02
2011-02-16  24.81  25.01  24.62  24.92  1606000  24.92
2011-02-15  24.51  24.85  24.46  24.77  2629200  24.77
2011-02-14  24.62  24.68  24.49  24.54  1599600  24.54
2011-02-11  24.45  24.71  24.22  24.68  2538800  24.68
2011-02-10  24.24  24.61  24.21  24.54  3520000  24.54
2011-02-09  25.07  25.49  24.04  24.36  5299200  24.36
2011-02-08  24.91  25.17  24.81  25.16  2082400  25.16
2011-02-07  24.7  24.95  24.58  24.93  2235200  24.93
2011-02-04  24.27  24.72  24.22  24.72  1595600  24.72
2011-02-03  24.57  24.62  24.13  24.31  2633200  24.31
2011-02-02  24.94  25.16  24.53  24.66  1652400  24.66
2011-02-01  24.77  25.07  24.72  25.03  2110000  25.03
2011-01-31  24.13  24.75  24.01  24.71  2415600  24.71
2011-01-28  24.28  24.62  24.08  24.12  2911200  24.12
2011-01-27  24.21  24.52  24.09  24.22  1662000  24.22
2011-01-26  24.09  24.27  24.03  24.1  1524800  24.1
2011-01-25  24.18  24.18  23.93  24.08  1814000  24.08
2011-01-24  24.16  24.4  24.16  24.3  1537200  24.3
2011-01-21  24.08  24.24  24.04  24.1  2757200  24.1
2011-01-20  24.09  24.41  24.0  24.04  2030000  24.04
2011-01-19  24.34  24.34  23.89  24.04  1809200  24.04
2011-01-18  24.21  24.58  24.21  24.42  1748400  24.42
2011-01-14  23.78  24.22  23.71  24.22  1607600  24.22
2011-01-13  23.95  23.98  23.78  23.85  902000  23.85
2011-01-12  24.13  24.17  23.93  23.99  1010000  23.99
2011-01-11  23.91  24.1  23.84  24.02  1232800  24.02
2011-01-10  23.55  23.83  23.45  23.82  1378800  23.82
2011-01-07  23.71  23.73  23.49  23.72  1696400  23.72
2011-01-06  23.56  23.87  23.53  23.66  1100000  23.66
2011-01-05  23.42  23.65  23.01  23.61  2096800  23.61
2011-01-04  23.92  23.94  23.3  23.59  2558400  23.59
2011-01-03  23.82  24.4  23.82  23.98  2320800  23.98
2010-12-31  23.89  23.93  23.64  23.68  1108400  23.68
2010-12-30  23.98  24.07  23.84  23.91  910400  23.91
2010-12-29  24.02  24.1  23.97  24.04  652400  24.04
2010-12-28  23.94  24.08  23.76  24.0  1347200  24.0
2010-12-27  23.79  24.05  23.52  23.96  902400  23.96
2010-12-23  23.85  23.94  23.73  23.79  1013200  23.79
2010-12-22  24.05  24.08  23.78  23.91  1641200  23.91
2010-12-21  24.15  24.15  23.93  24.0  1175200  24.0
2010-12-20  24.29  24.37  23.83  24.01  2219200  24.01
2010-12-17  23.52  24.44  23.47  24.25  6566000  24.25
2010-12-16  23.15  23.63  23.11  23.53  2916400  23.53
2010-12-15  23.22  23.42  23.06  23.12  2224800  23.12
2010-12-14  23.12  23.4  23.09  23.23  2361200  23.23
2010-12-13  22.99  23.2  22.82  23.06  1882000  23.06
2010-12-10  23.1  23.17  22.77  22.95  2971200  22.95
2010-12-09  23.1  23.23  23.0  23.08  1307600  23.08
2010-12-08  22.96  23.22  22.96  23.11  1812800  23.11
2010-12-07  23.2  23.26  22.91  22.95  1980800  22.95
2010-12-06  22.72  23.02  22.67  22.98  2307600  22.98
2010-12-03  23.02  23.06  22.73  22.81  2051600  22.81
2010-12-02  22.81  23.01  22.76  23.01  2061600  23.01
2010-12-01  22.21  23.36  22.21  22.9  6790400  22.9
2010-11-30  21.83  22.06  21.74  21.97  1844000  21.97
2010-11-29  21.86  22.18  21.79  22.06  2004000  22.06
2010-11-26  21.98  22.1  21.87  22.01  714400  22.01
2010-11-24  21.68  22.38  21.63  22.19  2591200  22.19
2010-11-23  21.66  21.66  21.31  21.51  1728800  21.51
2010-11-22  21.6  22.0  21.48  21.84  1483600  21.84
2010-11-19  21.59  21.79  21.49  21.72  2000800  21.72
2010-11-18  21.45  21.91  21.35  21.59  2010000  21.59
2010-11-17  21.22  21.37  21.14  21.33  1760000  21.33
2010-11-16  21.43  21.47  21.11  21.3  2482400  21.3
2010-11-15  21.72  21.82  21.49  21.54  1622800  21.54
2010-11-12  21.88  22.03  21.52  21.68  1594400  21.68
2010-11-11  21.82  22.03  21.61  22.02  2459200  22.02
2010-11-10  21.91  22.02  21.69  22.02  2038800  22.02
2010-11-09  21.97  22.07  21.83  21.95  2945200  21.95
2010-11-08  21.8  22.1  21.71  22.02  2831600  22.02
2010-11-05  21.91  22.09  21.87  21.95  2625200  21.95
2010-11-04  22.11  22.18  21.78  21.85  2970000  21.85
2010-11-03  21.84  22.11  21.65  21.92  1616400  21.92
2010-11-02  21.9  21.94  21.54  21.88  2099200  21.88
2010-11-01  21.94  22.24  21.62  21.82  2073600  21.82
2010-10-29  21.65  22.03  21.23  21.96  3827200  21.96
2010-10-28  21.9  21.95  21.57  21.81  2422000  21.81
2010-10-27  21.5  21.8  21.47  21.73  2382400  21.73
2010-10-26  21.83  21.84  21.63  21.68  2213600  21.68
2010-10-25  22.07  22.12  21.91  21.96  3373600  21.96
2010-10-22  21.46  22.07  21.33  22.03  4244800  22.03
2010-10-21  21.73  21.76  21.22  21.5  1898800  21.5
2010-10-20  21.3  21.75  21.2  21.72  2418000  21.72
2010-10-19  21.24  21.58  21.12  21.29  3320800  21.29
2010-10-18  21.74  21.74  21.27  21.43  2161200  21.43
2010-10-15  21.92  21.98  21.5  21.62  4162000  21.62
2010-10-14  21.68  21.85  21.54  21.82  1954800  21.82
2010-10-13  21.49  21.84  21.37  21.66  2461600  21.66
2010-10-12  21.34  21.44  21.04  21.38  1630000  21.38
2010-10-11  21.53  21.59  21.36  21.42  1196400  21.42
2010-10-08  21.29  21.64  21.17  21.56  3370400  21.56
2010-10-07  21.54  21.63  21.11  21.22  3455600  21.22
2010-10-06  21.46  21.71  21.37  21.49  3696000  21.49
2010-10-05  21.39  21.55  21.3  21.53  3742400  21.53
2010-10-04  21.43  21.55  21.06  21.18  4720000  21.18
2010-10-01  21.22  21.26  20.87  21.26  5508400  21.26
2010-09-30  20.75  21.17  20.68  21.0  6564400  21.0
2010-09-29  20.26  20.66  20.26  20.63  2212000  20.63
2010-09-28  20.05  20.42  19.87  20.37  2882800  20.37
2010-09-27  19.94  20.07  19.83  20.0  2296400  20.0
2010-09-24  19.7  20.04  19.7  19.99  2322000  19.99
2010-09-23  19.72  19.91  19.58  19.62  1883200  19.62
2010-09-22  20.13  20.29  19.7  19.88  2032800  19.88
2010-09-21  20.07  20.25  19.96  20.16  1644800  20.16
2010-09-20  19.9  20.21  19.77  20.15  2555200  20.15
2010-09-17  19.93  19.99  19.76  19.8  4198400  19.8
2010-09-16  19.83  19.92  19.57  19.81  1990800  19.81
2010-09-15  19.87  20.08  19.79  19.88  2355600  19.88
2010-09-14  19.99  20.15  19.85  19.96  2466800  19.96
2010-09-13  20.0  20.2  19.87  20.09  2586000  20.09
2010-09-10  19.65  20.0  19.56  19.91  2748800  19.91
2010-09-09  19.73  19.8  19.55  19.62  1622800  19.62
2010-09-08  19.1  19.69  19.1  19.57  2235200  19.57
2010-09-07  19.33  19.35  19.07  19.1  1813600  19.1
2010-09-03  19.3  19.47  19.19  19.37  1507200  19.37
2010-09-02  18.85  19.23  18.85  19.15  1812800  19.15
2010-09-01  18.54  19.12  18.37  18.93  2469200  18.93
2010-08-31  18.5  18.51  18.16  18.21  2629200  18.21
2010-08-30  19.0  19.26  18.57  18.57  2732400  18.57
2010-08-27  18.69  18.81  18.29  18.67  2357600  18.67
2010-08-26  18.76  18.77  18.46  18.61  1483200  18.61
2010-08-25  18.16  18.83  18.11  18.77  2628000  18.77
2010-08-24  18.39  18.49  18.1  18.33  2302800  18.33
2010-08-23  18.97  18.98  18.57  18.57  2134800  18.57
2010-08-20  18.83  18.85  18.54  18.83  2193200  18.83
2010-08-19  18.99  19.08  18.43  18.84  2894000  18.84
2010-08-18  18.9  19.14  18.72  18.97  1703200  18.97
2010-08-17  19.17  19.17  18.73  19.03  3292400  19.03
2010-08-16  18.89  19.19  18.83  19.05  1426000  19.05
2010-08-13  19.09  19.18  18.85  19.02  1254400  19.02
2010-08-12  18.95  19.25  18.78  19.15  2167600  19.15
2010-08-11  19.1  19.28  18.98  19.22  3381200  19.22
2010-08-10  19.19  19.56  19.12  19.34  2328800  19.34
2010-08-09  19.5  19.55  19.27  19.37  1336800  19.37
2010-08-06  19.25  19.5  18.95  19.46  2589200  19.46
2010-08-05  19.48  19.56  19.37  19.41  1253600  19.41
2010-08-04  19.34  19.68  19.34  19.58  1712000  19.58
2010-08-03  19.48  19.63  19.34  19.42  1783200  19.42
2010-08-02  19.61  19.8  19.39  19.58  2608800  19.58
2010-07-30  19.21  19.46  19.0  19.36  2531200  19.36
2010-07-29  19.12  19.57  18.85  19.38  8322000  19.38
2010-07-28  19.24  19.25  18.68  18.83  3381600  18.83
2010-07-27  19.2  19.3  19.08  19.16  3264000  19.16
2010-07-26  19.19  19.37  19.05  19.19  4287200  19.19
2010-07-23  18.79  19.18  18.71  19.17  3971200  19.17
2010-07-22  18.82  19.3  18.66  18.9  5742800  18.9
2010-07-21  19.06  19.06  18.01  18.39  7222400  18.39
2010-07-20  18.38  19.17  18.17  19.08  4816000  19.08
2010-07-19  18.67  18.81  18.52  18.59  3240000  18.59
2010-07-16  19.77  19.77  18.65  18.66  5204000  18.66
2010-07-15  19.71  19.86  19.46  19.74  2230000  19.74
2010-07-14  19.67  19.86  19.49  19.71  4826000  19.71
2010-07-13  20.42  20.47  19.59  19.63  7930400  19.63
2010-07-12  19.95  20.21  19.89  20.08  2100000  20.08
2010-07-09  19.96  20.11  19.85  20.06  1800800  20.06
2010-07-08  19.89  20.14  19.75  19.96  3301200  19.96
2010-07-07  19.44  19.89  19.3  19.88  2892000  19.88
2010-07-06  19.15  19.81  19.15  19.5  4753600  19.5
2010-07-02  18.99  19.25  18.62  19.02  2994800  19.02
2010-07-01  18.93  19.44  18.24  18.93  4570000  18.93
2010-06-30  18.93  19.59  18.87  18.97  4188800  18.97
2010-06-29  19.3  19.35  18.92  19.01  5156800  19.01
2010-06-28  19.53  19.68  19.16  19.53  2592400  19.53
2010-06-25  19.03  19.68  18.99  19.52  3641200  19.52
2010-06-24  19.19  19.5  18.84  19.0  5807200  19.0
2010-06-23  19.5  19.61  19.24  19.31  3585600  19.31
2010-06-22  19.93  20.11  19.41  19.44  3258400  19.44
2010-06-21  20.34  20.5  19.65  19.88  2891200  19.88
2010-06-18  20.26  20.39  20.13  20.16  3838000  20.16
2010-06-17  20.42  20.51  20.19  20.3  2273600  20.3
2010-06-16  20.5  20.57  20.3  20.38  2324000  20.38
2010-06-15  20.07  20.64  19.92  20.57  2788000  20.57
2010-06-14  20.09  20.45  19.88  20.04  4291200  20.04
2010-06-11  19.88  20.26  19.82  19.95  2978800  19.95
2010-06-10  19.76  20.12  19.58  20.08  2874400  20.08
2010-06-09  19.99  19.99  19.45  19.52  3640000  19.52
2010-06-08  19.91  20.01  19.44  19.82  3256000  19.82
2010-06-07  20.31  20.4  19.8  19.86  3326800  19.86
2010-06-04  20.65  20.71  20.37  20.4  2870000  20.4
2010-06-03  20.75  21.17  20.62  21.11  2005600  21.11
2010-06-02  20.53  20.98  20.18  20.98  2096000  20.98
2010-06-01  20.82  21.08  20.44  20.48  1936400  20.48
2010-05-28  21.16  21.33  20.78  20.93  1991600  20.93
2010-05-27  20.72  21.26  20.66  21.25  2350400  21.25
2010-05-26  20.91  21.0  20.34  20.36  3997200  20.36
2010-05-25  19.82  20.29  19.66  20.28  3032800  20.28
2010-05-24  20.7  20.77  20.27  20.32  2909600  20.32
2010-05-21  19.9  20.97  19.89  20.78  3728800  20.78
2010-05-20  20.35  20.63  20.22  20.22  3766000  20.22
2010-05-19  20.78  21.15  20.65  20.88  1772800  20.88
2010-05-18  21.28  21.56  20.82  20.94  2291200  20.94
2010-05-17  21.09  21.31  20.7  21.16  1632000  21.16
2010-05-14  21.28  21.36  20.84  21.01  2050000  21.01
2010-05-13  21.39  21.76  21.31  21.42  2693200  21.42
2010-05-12  21.17  21.53  21.1  21.5  1985600  21.5
2010-05-11  20.78  21.51  20.78  21.17  2707600  21.17
2010-05-10  20.65  21.28  20.63  21.24  3680800  21.24
2010-05-07  20.37  20.82  20.18  20.49  4934800  20.49
2010-05-06  21.01  21.51  18.71  20.5  5433200  20.5
2010-05-05  21.09  21.19  20.98  21.06  3577200  21.06
2010-05-04  21.47  21.55  20.98  21.12  3612000  21.12
2010-05-03  21.39  21.76  21.11  21.67  4693200  21.67
2010-04-30  21.67  21.73  21.18  21.19  6649200  21.19
2010-04-29  22.47  22.63  21.54  21.88  64692000  21.88
2010-04-28  22.44  22.64  22.31  22.57  3041200  22.57
2010-04-27  22.73  23.01  22.32  22.33  2199600  22.33
2010-04-26  23.15  23.24  22.79  22.85  2436000  22.85
2010-04-23  22.53  22.95  22.37  22.9  3024800  22.9
2010-04-22  22.18  22.53  22.07  22.48  1750400  22.48
2010-04-21  22.32  22.51  22.16  22.45  2138400  22.45
2010-04-20  22.01  22.41  21.91  22.4  2472800  22.4
2010-04-19  21.99  22.17  21.8  21.97  1750400  21.97
2010-04-16  21.94  22.5  21.9  22.13  3194800  22.13
2010-04-15  22.06  22.12  21.8  22.03  1153200  22.03
2010-04-14  21.95  22.13  21.73  22.1  1818800  22.1
2010-04-13  21.99  22.03  21.62  21.8  1294000  21.8
2010-04-12  21.99  22.19  21.87  22.07  1782800  22.07
2010-04-09  21.53  22.07  21.37  22.05  2617200  22.05
2010-04-08  21.07  21.58  20.93  21.53  2333600  21.53
2010-04-07  21.41  21.45  21.14  21.22  2571600  21.22
2010-04-06  21.44  21.72  21.39  21.51  1974400  21.51
2010-04-05  21.57  21.75  21.4  21.58  1448800  21.58
2010-04-01  21.32  21.58  21.23  21.43  1790400  21.43
2010-03-31  21.19  21.49  21.06  21.23  2590400  21.23
2010-03-30  21.07  21.3  21.03  21.24  1990400  21.24
2010-03-29  21.32  21.53  20.96  21.09  3060400  21.09
2010-03-26  21.78  21.94  21.46  21.58  1587200  21.58
2010-03-25  22.34  22.37  21.76  21.76  1886400  21.76
2010-03-24  22.19  22.31  22.07  22.25  1708800  22.25
2010-03-23  22.25  22.26  21.92  22.25  1886800  22.25
2010-03-22  21.71  22.21  21.66  22.13  1936800  22.13
2010-03-19  22.4  22.4  21.63  21.8  6374800  21.8
2010-03-18  21.79  21.89  21.66  21.86  1446400  21.86
2010-03-17  21.38  22.07  21.34  21.85  2405600  21.85
2010-03-16  21.14  21.43  21.02  21.4  1474000  21.4
2010-03-15  21.28  21.3  20.98  21.14  1096800  21.14
2010-03-12  21.36  21.37  20.9  21.3  2630400  21.3
2010-03-11  21.0  21.29  20.71  21.29  2417200  21.29
2010-03-10  20.95  21.23  20.95  21.16  1918000  21.16
2010-03-09  20.84  21.01  20.75  20.98  943200  20.98
2010-03-08  21.09  21.16  20.9  20.93  1172800  20.93
2010-03-05  20.8  21.24  20.59  21.16  1786000  21.16
2010-03-04  20.72  20.81  20.62  20.72  2061600  20.72
2010-03-03  21.01  21.04  20.61  20.74  2294400  20.74
2010-03-02  21.25  21.26  20.79  20.97  2312800  20.97
2010-03-01  20.9  21.23  20.65  21.23  2164800  21.23
2010-02-26  20.68  20.99  20.56  20.74  2931600  20.74
2010-02-25  20.31  20.65  19.93  20.58  2247200  20.58
2010-02-24  20.38  20.74  20.1  20.63  2435200  20.63
2010-02-23  20.53  20.67  20.11  20.23  3282800  20.23
2010-02-22  20.54  20.63  20.27  20.53  2054800  20.53
2010-02-19  20.27  20.52  20.2  20.43  1841600  20.43
2010-02-18  20.12  20.39  20.05  20.32  1937200  20.32
2010-02-17  20.0  20.24  19.91  20.09  2047600  20.09
2010-02-16  19.87  20.05  19.58  19.91  2539200  19.91
2010-02-12  19.66  19.77  19.26  19.68  3638800  19.68
2010-02-11  19.27  19.88  18.82  19.81  6288800  19.81
2010-02-10  20.25  20.62  19.31  19.34  12884800  19.34
2010-02-09  19.65  19.84  19.35  19.74  4864400  19.74
2010-02-08  19.13  19.45  18.84  19.34  4582800  19.34
2010-02-05  18.93  19.24  18.63  19.14  4091200  19.14
2010-02-04  19.0  19.13  18.88  18.92  2942000  18.92
2010-02-03  19.56  19.63  19.13  19.29  3334400  19.29
2010-02-02  19.44  19.78  19.35  19.72  2814000  19.72
2010-02-01  19.01  19.77  18.6  19.42  5991200  19.42
2010-01-29  20.07  20.11  18.91  18.92  6840800  18.92
2010-01-28  20.62  20.87  19.95  20.07  2824000  20.07
2010-01-27  20.68  20.8  20.3  20.62  2182400  20.62
2010-01-26  20.59  20.9  20.38  20.64  2797200  20.64
2010-01-25  20.77  21.06  20.61  20.72  2485200  20.72
2010-01-22  21.32  21.39  20.81  20.88  3095600  20.88
2010-01-21  21.93  21.93  21.26  21.32  3677600  21.32
2010-01-20  21.99  22.04  21.19  21.7  3566800  21.7
2010-01-19  21.98  22.23  21.75  22.23  2353200  22.23
2010-01-15  21.95  22.18  21.5  21.76  2459600  21.76
2010-01-14  21.93  22.16  21.82  22.05  1802800  22.05
2010-01-13  21.81  22.23  21.5  22.09  3388000  22.09
2010-01-12  21.99  22.16  21.71  21.75  4124800  21.75
2010-01-11  22.54  22.73  21.95  22.17  5187200  22.17
2010-01-08  22.58  22.66  22.34  22.63  3238400  22.63
2010-01-07  22.42  22.75  22.23  22.68  2969200  22.68
2010-01-06  22.5  22.88  22.27  22.55  6844000  22.55
2010-01-05  21.35  22.34  21.25  22.31  7324400  22.31
2010-01-04  20.94  21.11  20.71  21.07  3055200  21.07
