Date  Open  High  Low  Close  Volume  Adj Close
2014-02-28  77.88  80.04  77.65  79.59  2567900  79.59
2014-02-27  78.2  78.48  77.49  77.8  1256500  77.8
2014-02-26  78.03  78.57  77.42  78.02  1380300  78.02
2014-02-25  79.0  79.17  77.85  78.16  2112300  78.16
2014-02-24  77.1  79.63  77.02  79.19  3548400  79.19
2014-02-21  76.68  78.28  76.68  77.34  2497000  77.34
2014-02-20  76.76  77.58  76.48  77.1  3099400  77.1
2014-02-19  77.5  77.84  76.37  76.44  2027500  76.44
2014-02-18  77.86  78.66  77.56  77.59  3107900  77.59
2014-02-14  75.99  78.11  75.94  77.71  4840900  77.71
2014-02-13  75.7  76.44  75.37  76.14  4297700  76.14
2014-02-12  77.39  77.63  75.68  75.94  3877600  75.94
2014-02-11  76.7  77.74  76.37  77.22  4185700  77.22
2014-02-10  77.45  77.47  76.29  76.74  4078200  76.74
2014-02-07  80.11  80.93  76.13  77.47  8994700  77.47
2014-02-06  85.51  85.57  84.68  85.37  1552000  85.37
2014-02-05  84.23  85.73  84.11  85.07  1493600  85.07
2014-02-04  84.75  85.01  83.68  84.95  1090100  84.95
2014-02-03  86.46  86.66  84.45  84.52  1367700  84.52
2014-01-31  86.7  87.13  85.98  86.31  1421300  86.31
2014-01-30  86.62  88.05  86.59  87.65  984100  87.65
2014-01-29  85.48  87.43  84.75  85.88  1425600  85.88
2014-01-28  86.96  87.48  85.9  85.94  1535000  85.94
2014-01-27  86.55  87.75  86.13  87.0  1310400  87.0
2014-01-24  89.41  89.44  86.5  86.7  1566500  86.7
2014-01-23  88.72  89.62  88.63  89.54  1122800  89.54
2014-01-22  90.35  90.48  89.29  89.66  968200  89.66
2014-01-21  89.81  90.55  89.36  90.13  1207300  90.13
2014-01-17  89.08  89.63  88.21  89.46  996800  89.46
2014-01-16  89.5  89.66  88.59  88.82  1537800  88.82
2014-01-15  89.64  90.02  89.34  89.86  1298200  89.86
2014-01-14  88.73  89.84  88.56  89.49  867100  89.49
2014-01-13  88.93  89.82  88.73  88.78  959600  88.78
2014-01-10  90.41  90.63  88.78  89.21  1055800  89.21
2014-01-09  87.95  90.51  87.95  90.05  1980900  90.05
2014-01-08  88.25  88.35  87.74  87.91  1421600  87.91
2014-01-07  86.29  88.56  86.29  88.35  1468000  88.35
2014-01-06  86.81  86.85  86.08  86.13  1185500  86.13
2014-01-03  86.29  87.0  86.08  86.4  855400  86.4
2014-01-02  86.99  87.45  86.19  86.2  1021700  86.2
2013-12-31  86.69  87.73  86.43  87.48  770200  87.48
2013-12-30  86.53  86.75  85.72  86.61  871600  86.61
2013-12-27  86.85  87.23  86.42  86.53  365900  86.53
2013-12-26  86.31  86.98  86.21  86.81  386100  86.81
2013-12-24  86.17  86.55  85.83  86.17  246600  86.17
2013-12-23  85.8  86.18  85.47  85.99  713900  85.99
2013-12-20  85.49  85.72  84.72  85.25  2148200  85.25
2013-12-19  84.64  85.38  83.98  85.32  1122900  85.32
2013-12-18  83.99  85.05  83.16  85.04  1086700  85.04
2013-12-17  84.15  84.18  83.52  83.78  1366700  83.78
2013-12-16  84.06  84.45  83.02  83.95  1329500  83.95
2013-12-13  84.56  85.26  83.16  83.25  1141600  83.25
2013-12-12  84.86  85.32  84.02  84.28  1525500  84.28
2013-12-11  85.97  86.49  84.85  85.13  1865900  85.13
2013-12-10  86.81  87.01  86.08  86.1  1258600  86.1
2013-12-09  87.51  87.93  86.92  87.15  1394900  87.15
2013-12-06  85.32  86.63  85.21  86.5  1362600  86.5
2013-12-05  85.87  85.92  84.23  84.32  1174000  84.32
2013-12-04  85.9  86.83  85.09  85.95  1314700  85.95
2013-12-03  86.86  87.04  86.01  86.16  1760600  86.16
2013-12-02  87.37  88.09  87.01  87.17  1321200  87.17
2013-11-29  88.44  88.49  87.34  87.45  689100  87.45
2013-11-27  88.2  88.36  87.79  88.02  996700  88.02
2013-11-26  88.03  88.57  87.78  87.95  1585200  87.95
2013-11-25  86.76  88.34  86.52  88.18  1477700  88.18
2013-11-22  85.74  86.87  85.58  86.62  1561200  86.62
2013-11-21  86.4  87.42  85.68  85.73  1714300  85.73
2013-11-20  84.78  86.45  84.52  85.82  1801100  85.82
2013-11-19  84.45  84.8  84.18  84.65  1304400  84.65
2013-11-18  83.7  84.25  83.53  84.11  918900  84.11
2013-11-15  82.91  83.66  82.79  83.64  1352300  83.64
2013-11-14  82.19  83.05  82.06  83.03  1430300  83.03
2013-11-13  81.09  82.2  80.99  82.17  1703200  82.17
2013-11-12  80.99  81.25  80.58  81.1  1066900  81.1
2013-11-11  80.77  81.35  80.61  81.11  741800  81.11
2013-11-08  79.43  80.69  79.29  80.68  1434800  80.68
2013-11-07  80.73  81.14  79.22  79.28  1420000  79.28
2013-11-06  79.61  81.14  79.3  80.41  1287200  80.41
2013-11-05  79.13  80.44  78.79  79.51  3954900  79.51
2013-11-04  78.76  79.64  78.4  79.61  1806800  79.61
2013-11-01  76.99  78.5  76.61  78.38  2513800  78.38
2013-10-31  76.89  78.41  75.57  76.98  3201300  76.98
2013-10-30  74.44  75.55  74.44  74.64  2264200  74.64
2013-10-29  74.14  74.4  73.68  74.3  1768000  74.3
2013-10-28  74.1  74.58  73.73  74.23  1621000  74.23
2013-10-25  73.07  74.02  72.79  73.9  2100700  73.9
2013-10-24  74.26  74.59  72.64  73.17  2122400  73.17
2013-10-23  76.35  76.38  73.73  73.9  2680100  73.9
2013-10-22  76.1  77.41  76.1  76.47  1255600  76.47
2013-10-21  74.78  76.2  74.15  75.95  1981600  75.95
2013-10-18  77.47  77.6  74.46  74.95  4564400  74.95
2013-10-17  79.56  79.56  77.46  77.48  3150300  77.48
2013-10-16  78.83  80.51  78.65  80.47  1564500  80.47
2013-10-15  79.07  79.46  78.1  78.15  1370200  78.15
2013-10-14  79.14  79.61  78.62  79.25  1375600  79.25
2013-10-11  79.06  79.86  78.73  79.6  1083200  79.6
2013-10-10  77.88  79.51  77.78  79.08  1379700  79.08
2013-10-09  77.47  77.81  77.02  77.18  1251300  77.18
2013-10-08  78.03  78.21  77.38  77.4  1379600  77.4
2013-10-07  78.44  78.84  78.13  78.14  987800  78.14
2013-10-04  78.13  79.72  77.91  79.23  1786800  79.23
2013-10-03  78.17  78.5  77.76  78.1  1445300  78.1
2013-10-02  78.19  78.56  77.47  78.42  1286400  78.42
2013-10-01  76.9  78.89  76.74  78.55  1408300  78.55
2013-09-30  77.06  77.13  76.31  76.86  2021000  76.86
2013-09-27  77.63  78.1  77.38  77.65  1076700  77.65
2013-09-26  78.58  79.16  77.33  78.04  1546700  78.04
2013-09-25  78.52  78.84  78.03  78.32  1107400  78.32
2013-09-24  78.39  79.1  77.73  78.31  1640000  78.31
2013-09-23  78.18  78.56  76.59  78.24  2458000  78.24
2013-09-20  77.84  79.49  77.73  78.59  3270300  78.59
2013-09-19  81.25  81.43  76.83  77.72  4910400  77.72
2013-09-18  83.61  84.0  80.36  81.25  4582900  81.25
2013-09-17  84.25  84.27  83.2  83.72  1004200  83.72
2013-09-16  84.3  84.68  83.81  84.27  1161400  84.27
2013-09-13  83.06  84.14  83.05  83.65  1034700  83.65
2013-09-12  82.47  83.18  82.2  82.67  997100  82.67
2013-09-11  81.74  82.62  81.56  82.3  1226900  82.3
2013-09-10  80.93  81.75  80.83  81.69  946100  81.69
2013-09-09  80.89  81.28  80.51  80.67  1294100  80.67
2013-09-06  81.39  81.66  79.95  80.83  1275300  80.83
2013-09-05  80.31  81.75  80.31  81.25  1479000  81.25
2013-09-04  79.3  80.45  78.92  80.34  1184100  80.34
2013-09-03  79.45  80.0  78.84  79.46  1301600  79.46
2013-08-30  79.33  79.59  78.41  78.69  1135000  78.69
2013-08-29  78.11  79.62  78.04  79.04  859200  79.04
2013-08-28  78.09  78.75  77.78  78.45  1533100  78.45
2013-08-27  78.99  79.03  77.99  78.22  1298000  78.22
2013-08-26  79.44  79.99  79.0  79.53  978100  79.53
2013-08-23  78.99  79.45  78.76  79.33  734700  79.33
2013-08-22  78.01  79.45  77.91  79.08  784300  79.08
2013-08-21  78.44  78.46  77.42  77.84  986100  77.84
2013-08-20  77.34  78.78  77.16  78.57  1140200  78.57
2013-08-19  77.31  77.89  77.31  77.43  860300  77.43
2013-08-16  76.53  77.99  76.5  77.36  1159100  77.36
2013-08-15  77.38  78.06  75.79  76.71  1361700  76.71
2013-08-14  78.75  78.91  77.88  77.99  1001200  77.99
2013-08-13  78.79  79.33  77.67  78.97  1196800  78.97
2013-08-12  78.09  78.54  77.56  78.49  1316000  78.49
2013-08-09  78.9  79.25  77.96  78.44  1186700  78.44
2013-08-08  78.53  79.12  77.86  78.67  1345500  78.67
2013-08-07  77.72  78.24  77.47  77.82  1657400  77.82
2013-08-06  77.64  77.94  76.74  77.76  1943600  77.76
2013-08-05  77.19  78.47  76.63  77.84  1352500  77.84
2013-08-02  77.14  77.55  76.54  77.3  1382200  77.3
2013-08-01  78.06  78.49  76.17  77.27  2298600  77.27
2013-07-31  76.29  78.65  76.25  77.83  1832100  77.83
2013-07-30  77.66  77.74  76.07  76.45  1792200  76.45
2013-07-29  77.49  77.78  77.06  77.2  881200  77.2
2013-07-26  77.57  78.2  76.74  77.57  1308600  77.57
2013-07-25  77.86  78.1  77.3  78.0  1042800  78.0
2013-07-24  78.54  79.25  77.81  78.11  1347500  78.11
2013-07-23  78.54  78.8  77.98  78.16  1144600  78.16
2013-07-22  77.84  78.87  77.55  78.4  952600  78.4
2013-07-19  77.71  77.88  76.63  77.84  991600  77.84
2013-07-18  76.03  78.68  76.03  77.55  1730200  77.55
2013-07-17  75.34  76.15  75.25  75.49  1239100  75.49
2013-07-16  75.83  75.86  74.48  74.95  1615500  74.95
2013-07-15  75.86  76.29  75.74  75.89  1179900  75.89
2013-07-12  76.7  76.77  75.65  76.03  1334600  76.03
2013-07-11  75.71  76.47  75.27  76.14  1986200  76.14
2013-07-10  74.66  75.45  74.59  74.88  1525200  74.88
2013-07-09  74.08  74.99  73.84  74.65  1784200  74.65
2013-07-08  74.21  74.65  73.59  73.83  1808300  73.83
2013-07-05  72.96  73.95  72.7  73.94  1263800  73.94
2013-07-03  71.55  72.94  71.12  72.92  1086400  72.92
2013-07-02  72.61  72.82  71.9  72.12  1765900  72.12
2013-07-01  73.17  73.59  72.54  72.81  1753800  72.81
2013-06-28  72.41  73.13  72.29  72.49  1865400  72.49
2013-06-27  71.67  72.81  71.64  72.56  1850700  72.56
2013-06-26  71.29  71.7  70.7  71.37  1829600  71.37
2013-06-25  71.24  71.34  70.36  70.67  2426000  70.67
2013-06-24  70.63  71.9  70.29  70.84  4413700  70.84
2013-06-21  69.94  71.4  69.79  71.04  3838900  71.04
2013-06-20  68.46  70.03  68.02  69.24  3062500  69.24
2013-06-19  69.75  69.93  68.93  68.93  1561500  68.93
2013-06-18  68.21  69.78  68.05  69.66  1636000  69.66
2013-06-17  68.62  69.03  67.87  68.28  1777000  68.28
2013-06-14  68.94  69.5  68.14  68.16  1772700  68.16
2013-06-13  69.29  69.53  68.07  69.43  2100900  69.43
2013-06-12  70.14  70.38  69.42  69.44  1337900  69.44
2013-06-11  69.1  70.45  68.4  69.95  2952700  69.95
2013-06-10  68.54  69.19  68.53  69.0  1134200  69.0
2013-06-07  67.5  68.89  67.41  68.45  1404900  68.45
2013-06-06  65.97  66.97  65.54  66.96  1050900  66.96
2013-06-05  67.3  67.65  65.77  65.97  1726500  65.97
2013-06-04  66.91  67.65  66.75  67.52  1731300  67.52
2013-06-03  68.02  68.08  66.31  66.94  2010700  66.94
2013-05-31  69.45  69.65  67.9  67.9  1279700  67.9
2013-05-30  68.91  69.87  68.6  69.75  924200  69.75
2013-05-29  68.64  69.03  68.2  68.85  1240600  68.85
2013-05-28  67.92  69.56  67.92  69.07  1974500  69.07
2013-05-24  67.53  67.7  66.83  67.23  2344600  67.23
2013-05-23  67.52  68.17  66.88  67.92  1832500  67.92
2013-05-22  67.88  69.2  67.49  67.96  3136600  67.96
2013-05-21  66.89  67.92  66.89  67.6  2138700  67.6
2013-05-20  67.78  67.85  66.81  66.92  1368200  66.92
2013-05-17  67.44  68.05  67.44  67.9  1543900  67.9
2013-05-16  67.93  68.24  67.29  67.36  1359200  67.36
2013-05-15  67.93  68.32  67.31  68.1  1546600  68.1
2013-05-14  68.36  68.36  67.6  67.88  2412600  67.88
2013-05-13  68.65  69.06  68.14  69.03  1300300  69.03
2013-05-10  68.14  68.82  67.78  68.82  1108000  68.82
2013-05-09  68.33  68.5  67.61  68.03  1373100  68.03
2013-05-08  66.93  68.38  66.93  68.38  1604500  68.38
2013-05-07  67.05  67.49  66.7  66.93  1760200  66.93
2013-05-06  67.14  67.88  67.0  67.09  1499200  67.09
2013-05-03  68.43  68.49  66.92  67.13  2479000  67.13
2013-05-02  66.36  68.87  66.32  68.07  2982700  68.07
2013-05-01  66.2  66.92  65.33  65.38  1844300  65.38
2013-04-30  66.0  66.49  65.18  66.17  1648900  66.17
2013-04-29  65.83  66.14  65.69  66.07  1323700  66.07
2013-04-26  65.86  66.24  65.44  65.81  1147400  65.81
2013-04-25  65.58  66.18  65.54  65.72  1069400  65.72
2013-04-24  65.78  66.48  65.1  65.22  1783800  65.22
2013-04-23  65.38  65.96  64.83  65.64  1961500  65.64
2013-04-22  65.24  65.35  64.33  65.04  1150400  65.04
2013-04-19  64.38  65.2  64.04  65.15  1582800  65.15
2013-04-18  64.34  64.34  63.03  64.01  2424800  64.01
2013-04-17  66.03  66.09  64.52  64.87  2711500  64.87
2013-04-16  65.71  66.46  65.24  66.4  1583900  66.4
2013-04-15  66.48  66.94  65.17  65.17  2317400  65.17
2013-04-12  65.7  66.75  65.68  66.72  2020200  66.72
2013-04-11  65.39  65.91  65.28  65.9  1379400  65.9
2013-04-10  65.11  65.53  64.73  65.27  1129300  65.27
2013-04-09  65.47  65.5  64.84  64.93  1968600  64.93
2013-04-08  64.2  65.24  63.63  65.24  2109500  65.24
2013-04-05  63.41  64.6  63.41  64.54  2152800  64.54
2013-04-04  63.71  64.57  63.58  64.08  2822400  64.08
2013-04-03  64.33  65.19  63.39  63.61  2409500  63.61
2013-04-02  64.91  66.67  64.26  64.75  4447400  64.75
2013-04-01  62.31  63.42  61.88  62.91  2555500  62.91
2013-03-28  62.52  62.8  62.21  62.37  1641800  62.37
2013-03-27  62.03  62.64  61.87  62.52  1339800  62.52
2013-03-26  61.83  62.47  61.8  62.24  1243400  62.24
2013-03-25  61.91  62.47  61.47  61.61  1817100  61.61
2013-03-22  61.9  62.11  61.31  61.75  1376900  61.75
2013-03-21  61.9  62.14  61.51  61.74  2211800  61.74
2013-03-20  62.74  63.19  61.9  62.15  2225500  62.15
2013-03-19  62.4  62.66  61.85  62.21  1558700  62.21
2013-03-18  62.14  62.54  61.8  62.11  1877100  62.11
2013-03-15  62.03  62.77  61.54  62.63  2465600  62.63
2013-03-14  62.12  62.29  61.59  62.26  1533300  62.26
2013-03-13  61.41  62.11  61.33  62.05  1792800  62.05
2013-03-12  60.34  61.65  60.31  61.55  2606300  61.55
2013-03-11  59.86  60.67  59.65  60.57  1790800  60.57
2013-03-08  59.23  59.74  58.93  59.66  1268400  59.66
2013-03-07  59.46  59.71  58.85  58.9  1809400  58.9
2013-03-06  59.34  59.46  58.96  59.46  2258900  59.46
2013-03-05  58.26  59.4  57.98  59.35  3014800  59.35
2013-03-04  57.91  58.48  57.76  58.13  1645500  58.13
2013-03-01  58.22  58.56  57.49  58.22  1880200  58.22
2013-02-28  58.88  58.99  58.14  58.42  1616400  58.42
2013-02-27  57.7  59.03  57.7  58.94  1329800  58.94
2013-02-26  57.77  58.03  57.07  57.84  2299800  57.84
2013-02-25  58.77  59.17  57.59  57.6  2079600  57.6
2013-02-22  59.24  59.59  58.58  58.67  1283300  58.67
2013-02-21  59.14  59.75  58.65  59.13  1926400  59.13
2013-02-20  60.53  60.54  59.18  59.23  1876800  59.23
2013-02-19  56.94  60.63  55.93  60.39  4416300  60.39
2013-02-15  61.41  61.94  60.93  61.04  1584200  61.04
2013-02-14  61.71  61.86  61.27  61.41  1915000  61.41
2013-02-13  62.08  62.1  61.43  61.85  1729700  61.85
2013-02-12  61.83  62.11  61.64  61.94  1910100  61.94
2013-02-11  61.87  61.9  61.14  61.79  1486600  61.79
2013-02-08  61.66  62.18  60.97  61.89  1638500  61.89
2013-02-07  59.86  61.34  59.56  61.31  4577400  61.31
2013-02-06  59.96  60.29  59.28  59.63  2354100  59.63
2013-02-05  60.29  60.85  59.97  60.34  2955300  60.34
2013-02-04  58.55  59.04  58.24  58.31  1494200  58.31
2013-02-01  58.6  58.92  58.29  58.84  1300100  58.84
2013-01-31  58.57  58.72  58.18  58.3  1918800  58.3
2013-01-30  58.57  58.96  58.34  58.76  1600700  58.76
2013-01-29  58.23  59.1  58.15  58.73  1220900  58.73
2013-01-28  58.69  59.1  58.06  58.42  1990100  58.42
2013-01-25  58.16  58.44  57.77  58.44  2618500  58.44
2013-01-24  57.37  58.2  57.31  58.11  1309400  58.11
2013-01-23  56.96  57.34  56.57  57.34  1396300  57.34
2013-01-22  56.22  57.23  56.03  57.1  2155700  57.1
2013-01-18  56.67  56.67  56.13  56.29  1540000  56.29
2013-01-17  55.73  56.61  55.62  56.52  1899400  56.52
2013-01-16  55.69  55.69  55.24  55.49  1991700  55.49
2013-01-15  55.33  55.95  55.17  55.83  1781200  55.83
2013-01-14  55.6  55.7  55.28  55.64  977700  55.64
2013-01-11  55.68  55.71  55.2  55.56  2167700  55.56
2013-01-10  54.78  55.71  54.68  55.58  1488300  55.58
2013-01-09  54.4  54.67  54.21  54.59  2473700  54.59
2013-01-08  54.67  55.05  54.0  54.38  1820000  54.38
2013-01-07  54.52  55.1  54.46  54.9  2159300  54.9
2013-01-04  54.42  54.72  53.88  54.71  2127900  54.71
2013-01-03  54.95  54.96  54.18  54.31  2949400  54.31
2013-01-02  54.06  55.2  53.87  55.12  3763100  55.12
2012-12-31  52.8  53.46  52.49  53.42  1717000  53.42
2012-12-28  53.26  53.55  52.79  52.81  997600  52.81
2012-12-27  53.5  53.74  53.03  53.62  1685800  53.62
2012-12-26  53.75  54.27  53.4  53.56  1123400  53.56
2012-12-24  53.51  53.94  53.3  53.75  515900  53.75
2012-12-21  53.74  53.88  53.35  53.75  2129200  53.75
2012-12-20  53.74  54.14  53.6  54.13  1456000  54.13
2012-12-19  54.39  54.48  53.62  53.63  1194600  53.63
2012-12-18  53.8  54.49  53.49  54.45  3414400  54.45
2012-12-17  53.2  53.88  53.01  53.72  1267200  53.72
2012-12-14  53.39  53.54  52.84  52.98  1766400  52.98
2012-12-13  53.97  54.24  53.41  53.66  1443500  53.66
2012-12-12  53.21  54.27  53.15  53.92  2736500  53.92
2012-12-11  52.89  53.21  52.58  53.07  1727300  53.07
2012-12-10  52.33  53.07  52.05  52.89  2045000  52.89
2012-12-07  52.65  52.99  52.5  52.86  1218100  52.86
2012-12-06  51.91  52.5  51.82  52.46  1672600  52.46
2012-12-05  51.79  52.15  51.3  51.88  2407800  51.88
2012-12-04  52.15  52.47  51.61  51.62  2124100  51.62
2012-12-03  52.38  52.54  51.89  52.05  1359900  52.05
2012-11-30  52.15  52.42  51.72  52.23  3187500  52.23
2012-11-29  52.2  52.85  51.68  52.04  2076500  52.04
2012-11-28  52.03  52.12  51.66  51.93  1843700  51.93
2012-11-27  52.15  52.67  52.13  52.38  1808200  52.38
2012-11-26  52.31  52.77  51.66  52.2  1027700  52.2
2012-11-23  52.02  52.74  52.02  52.72  450800  52.72
2012-11-21  51.79  52.25  51.59  51.97  1188600  51.97
2012-11-20  51.69  51.85  51.2  51.81  1887200  51.81
2012-11-19  50.79  51.88  50.67  51.86  3004300  51.86
2012-11-16  50.82  50.82  49.31  50.44  6316200  50.44
2012-11-15  49.69  50.91  49.43  50.84  4742500  50.84
2012-11-14  51.1  51.23  49.41  49.6  2691600  49.6
2012-11-13  50.66  51.74  50.66  51.02  2083400  51.02
2012-11-12  51.8  51.93  50.91  51.05  3039900  51.05
2012-11-09  52.7  52.9  51.58  51.61  3046700  51.61
2012-11-08  52.95  53.38  51.93  52.2  2447800  52.2
2012-11-07  52.58  53.19  51.93  52.92  4168700  52.92
2012-11-06  52.9  53.45  52.01  53.27  2513700  53.27
2012-11-05  53.06  53.51  52.6  53.26  2345000  53.26
2012-11-02  53.67  53.71  52.87  53.05  2929000  53.05
2012-11-01  51.51  53.27  51.51  53.23  4255400  53.23
2012-10-31  49.67  50.97  49.53  50.97  3834200  50.97
2012-10-26  50.32  50.37  49.34  49.67  1805000  49.67
2012-10-25  50.38  50.64  49.96  50.34  2098000  50.34
2012-10-24  50.04  50.26  49.94  50.11  1594600  50.11
2012-10-23  49.76  49.97  48.97  49.81  1626100  49.81
2012-10-22  49.31  50.35  49.25  50.3  2165700  50.3
2012-10-19  50.02  50.02  49.32  49.63  1418300  49.63
2012-10-18  49.54  50.4  49.37  50.11  2302000  50.11
2012-10-17  50.35  50.57  49.48  49.66  2481500  49.66
2012-10-16  49.25  50.38  49.22  50.31  3395600  50.31
2012-10-15  49.72  50.04  49.53  49.95  1842700  49.95
2012-10-12  50.15  50.46  49.62  49.68  2242400  49.68
2012-10-11  49.02  50.39  48.99  50.11  2620500  50.11
2012-10-10  49.04  49.17  48.65  48.74  2478000  48.74
2012-10-09  48.84  49.22  48.77  49.15  1835900  49.15
2012-10-08  48.85  49.25  48.8  48.92  1414600  48.92
2012-10-05  49.3  49.37  48.69  48.82  2333800  48.82
2012-10-04  49.14  49.75  48.98  49.15  2779300  49.15
2012-10-03  48.72  48.97  48.6  48.83  1693000  48.83
2012-10-02  48.09  48.92  48.08  48.6  3658300  48.6
2012-10-01  47.32  48.43  47.26  48.06  2683900  48.06
2012-09-28  46.83  47.35  46.64  47.14  2210400  47.14
2012-09-27  46.94  47.05  46.7  46.99  1519100  46.99
2012-09-26  46.93  47.18  46.47  46.7  1755200  46.7
2012-09-25  47.19  47.49  46.8  46.82  2641600  46.82
2012-09-24  46.97  47.47  46.87  47.14  1830800  47.14
2012-09-21  47.13  47.24  46.85  47.07  2268200  47.07
2012-09-20  46.99  47.08  46.59  46.91  1936200  46.91
2012-09-19  47.42  47.5  47.12  47.12  1569700  47.12
2012-09-18  47.15  47.59  47.06  47.42  1561900  47.42
2012-09-17  47.63  47.84  47.13  47.15  2529100  47.15
2012-09-14  47.2  47.89  47.1  47.77  4170000  47.77
2012-09-13  46.03  47.32  45.77  47.27  2849400  47.27
2012-09-12  46.51  46.7  46.08  46.1  1941700  46.1
2012-09-11  46.09  46.84  45.88  46.52  2225200  46.52
2012-09-10  46.28  46.51  45.84  45.96  1638200  45.96
2012-09-07  46.0  46.34  45.97  46.1  1696000  46.1
2012-09-06  45.66  46.17  45.66  45.96  1777000  45.96
2012-09-05  45.53  45.82  45.33  45.46  1386000  45.46
2012-09-04  45.71  45.93  45.13  45.47  1585500  45.47
2012-08-31  45.82  46.19  45.65  45.74  1995700  45.74
2012-08-30  45.08  45.86  44.94  45.65  2694800  45.65
2012-08-29  44.8  45.25  44.74  44.84  1802000  44.84
2012-08-28  44.54  44.82  44.44  44.69  1914900  44.69
2012-08-27  44.56  44.91  44.36  44.72  1513900  44.72
2012-08-24  44.07  44.54  43.87  44.47  1870600  44.47
2012-08-23  44.49  44.63  44.05  44.13  1969700  44.13
2012-08-22  44.43  44.75  44.24  44.65  1276500  44.65
2012-08-21  44.45  44.72  44.34  44.4  1601500  44.4
2012-08-20  44.33  44.97  44.05  44.48  1581200  44.48
2012-08-17  44.5  44.56  44.08  44.27  1570800  44.27
2012-08-16  43.8  44.49  43.75  44.46  2149000  44.46
2012-08-15  43.57  43.96  43.36  43.83  1843500  43.83
2012-08-14  43.62  43.72  43.49  43.61  1620500  43.61
2012-08-13  43.62  43.74  43.33  43.44  1842200  43.44
2012-08-10  43.47  43.82  43.25  43.79  1579300  43.79
2012-08-09  43.83  44.23  43.22  43.85  2442500  43.85
2012-08-08  42.9  43.92  42.86  43.84  3165600  43.84
2012-08-07  42.22  43.55  42.21  43.46  3532100  43.46
2012-08-06  42.22  42.35  41.85  42.12  3854800  42.12
2012-08-03  41.89  42.67  41.71  42.05  2993300  42.05
2012-08-02  41.96  42.97  40.93  41.83  5421400  41.83
2012-08-01  40.5  41.05  39.97  40.21  3840600  40.21
2012-07-31  41.37  41.46  40.21  40.25  4465700  40.25
2012-07-30  41.36  41.56  40.9  41.34  2416500  41.34
2012-07-27  39.24  41.47  38.98  41.36  5118500  41.36
2012-07-26  40.51  40.53  39.54  39.63  3785900  39.63
2012-07-25  40.01  40.18  39.28  39.92  7384100  39.92
2012-07-24  41.17  41.55  40.83  41.19  4534300  41.19
2012-07-23  41.2  41.44  40.65  41.11  3471200  41.11
2012-07-20  42.2  42.5  41.56  41.65  3188300  41.65
2012-07-19  43.48  43.58  42.21  42.35  3323400  42.35
2012-07-18  42.83  43.43  42.63  43.0  1970600  43.0
2012-07-17  43.3  43.43  42.71  42.94  3077200  42.94
2012-07-16  43.58  43.62  42.87  43.2  1407100  43.2
2012-07-13  42.45  43.67  42.45  43.6  1675100  43.6
2012-07-12  42.95  43.21  42.31  42.41  2634700  42.41
2012-07-11  42.73  43.12  42.7  43.03  1370500  43.03
2012-07-10  43.12  43.22  42.66  42.86  2308700  42.86
2012-07-09  42.98  43.91  42.53  42.95  3086900  42.95
2012-07-06  42.52  42.6  42.17  42.51  1821200  42.51
2012-07-05  42.67  42.98  42.59  42.7  2539800  42.7
2012-07-03  43.01  43.48  42.54  42.72  1514300  42.72
2012-07-02  44.27  44.45  42.76  42.95  4708600  42.95
2012-06-29  44.81  44.99  43.68  43.97  5829200  43.97
2012-06-28  45.19  46.1  42.11  44.15  10253300  44.15
2012-06-27  45.33  46.39  45.3  45.37  2849600  45.37
2012-06-26  44.68  45.52  44.35  45.27  3067300  45.27
2012-06-25  44.64  44.87  44.45  44.68  3088000  44.68
2012-06-22  44.11  45.23  43.97  45.12  2868300  45.12
2012-06-21  45.16  45.33  44.04  44.08  1778300  44.08
2012-06-20  45.49  45.77  44.9  45.16  1457100  45.16
2012-06-19  45.37  45.69  45.22  45.61  1575500  45.61
2012-06-18  45.14  45.17  44.62  45.05  2033000  45.05
2012-06-15  45.14  45.29  44.84  45.26  3022800  45.26
2012-06-14  44.65  45.25  44.39  45.09  2055900  45.09
2012-06-13  44.83  44.86  44.35  44.65  3001800  44.65
2012-06-12  44.66  44.88  44.08  44.85  1753500  44.85
2012-06-11  44.93  45.22  44.35  44.38  2428600  44.38
2012-06-08  43.77  44.96  43.77  44.84  1658700  44.84
2012-06-07  43.62  44.51  43.59  44.06  2825000  44.06
2012-06-06  43.66  44.18  43.43  44.18  1605800  44.18
2012-06-05  42.52  43.46  42.41  43.34  1960800  43.34
2012-06-04  42.7  42.89  42.17  42.62  3122300  42.62
2012-06-01  43.29  43.62  42.54  42.55  3806700  42.55
2012-05-31  44.13  44.24  43.39  43.88  1894600  43.88
2012-05-30  44.79  45.17  44.1  44.17  1738400  44.17
2012-05-29  44.72  45.28  44.48  45.25  2642700  45.25
2012-05-25  44.25  44.86  43.92  44.47  1513300  44.47
2012-05-24  43.51  44.27  43.28  44.06  1979600  44.06
2012-05-23  43.3  43.54  42.67  43.21  2337700  43.21
2012-05-22  44.04  44.27  43.28  43.52  1875800  43.52
2012-05-21  42.88  43.95  42.87  43.86  1892500  43.86
2012-05-18  43.49  43.74  42.76  42.88  2289400  42.88
2012-05-17  43.93  44.2  43.39  43.4  1607400  43.4
2012-05-16  44.14  44.5  43.94  43.94  1583100  43.94
2012-05-15  44.6  44.72  43.98  44.1  1456600  44.1
2012-05-14  44.53  45.13  44.34  44.71  2027600  44.71
2012-05-11  45.31  45.48  44.73  45.08  1724000  45.08
2012-05-10  45.18  45.35  44.76  44.88  2552400  44.88
2012-05-09  45.12  45.64  44.93  44.96  3219200  44.96
2012-05-08  45.37  45.83  45.08  45.71  2758100  45.71
2012-05-07  45.28  45.78  45.07  45.56  2040600  45.56
2012-05-04  45.96  46.33  45.12  45.23  3521100  45.23
2012-05-03  46.38  46.55  45.25  46.04  4702300  46.04
2012-05-02  46.4  46.85  46.34  46.52  2638200  46.52
2012-05-01  46.11  46.9  46.11  46.58  2243100  46.58
2012-04-30  46.45  46.6  45.69  46.2  4988900  46.2
2012-04-27  47.56  47.63  46.81  46.84  5639600  46.84
2012-04-26  46.76  47.74  46.43  47.53  3932900  47.53
2012-04-25  48.44  48.89  47.95  48.18  1823000  48.18
2012-04-24  48.02  48.14  47.68  48.07  1483000  48.07
2012-04-23  47.55  48.14  47.43  48.05  1840700  48.05
2012-04-20  48.12  48.44  47.85  47.99  3867400  47.99
2012-04-19  48.2  48.6  47.77  47.98  3714700  47.98
2012-04-18  47.95  48.37  47.55  48.18  1983700  48.18
2012-04-17  48.18  48.31  47.74  48.19  3342800  48.19
2012-04-16  48.4  48.4  47.42  47.65  2671900  47.65
2012-04-13  48.15  48.57  47.96  48.28  2792100  48.28
2012-04-12  47.52  48.39  47.51  48.39  2482500  48.39
2012-04-11  47.79  48.07  47.44  47.55  2802700  47.55
2012-04-10  47.76  47.97  47.14  47.36  3072300  47.36
2012-04-09  48.16  48.16  47.72  47.88  1844300  47.88
2012-04-05  48.58  49.08  48.41  48.96  1624300  48.96
2012-04-04  48.57  48.97  48.32  48.77  3300300  48.77
2012-04-03  49.2  49.6  48.74  48.91  2729600  48.91
2012-04-02  48.99  49.58  48.8  49.4  3132200  49.4
2012-03-30  49.22  49.86  48.72  49.22  4383000  49.22
2012-03-29  46.69  49.28  46.48  48.94  7391800  48.94
2012-03-28  47.17  47.77  46.46  47.04  3337300  47.04
2012-03-27  47.08  47.26  46.46  47.13  3362900  47.13
2012-03-26  46.15  46.96  46.1  46.94  2951600  46.94
2012-03-23  45.38  45.94  45.36  45.81  2450000  45.81
2012-03-22  45.71  45.83  45.36  45.53  2781600  45.53
2012-03-21  46.34  46.43  45.95  46.09  2188900  46.09
2012-03-20  46.81  46.96  46.33  46.45  1908100  46.45
2012-03-19  46.86  47.42  46.77  47.09  3192200  47.09
2012-03-16  47.1  47.19  46.73  46.79  2838100  46.79
2012-03-15  46.73  47.02  46.4  46.78  3180100  46.78
2012-03-14  45.91  46.82  45.8  46.67  4879500  46.67
2012-03-13  44.79  46.07  44.76  46.01  4579600  46.01
2012-03-12  45.01  45.14  44.71  44.75  3123000  44.75
2012-03-09  44.7  45.24  44.39  45.15  3707500  45.15
2012-03-08  43.53  44.28  43.52  44.09  2893600  44.09
2012-03-07  43.25  43.68  43.14  43.51  2642100  43.51
2012-03-06  43.59  44.11  42.99  43.21  3005300  43.21
2012-03-05  43.8  44.83  43.8  44.38  2888200  44.38
2012-03-02  44.2  44.59  43.81  44.13  1777500  44.13
2012-03-01  44.16  44.6  43.83  44.47  2227800  44.47
2012-02-29  44.23  44.45  43.8  44.04  2182900  44.04
2012-02-28  44.63  44.63  44.1  44.27  3139400  44.27
2012-02-27  44.79  45.25  44.56  44.57  3229700  44.57
2012-02-24  44.73  45.31  44.73  45.02  2585900  45.02
2012-02-23  44.92  45.09  44.49  44.76  2330900  44.76
2012-02-22  45.13  45.53  44.86  45.07  3225600  45.07
2012-02-21  45.11  45.96  45.03  45.3  3552700  45.3
2012-02-17  45.04  45.25  44.71  44.86  3087100  44.86
2012-02-16  44.08  44.64  44.0  44.63  2203600  44.63
2012-02-15  44.18  44.72  43.93  44.06  4026800  44.06
2012-02-14  43.04  43.93  43.04  43.92  2431900  43.92
2012-02-13  43.47  43.67  42.8  43.11  3951400  43.11
2012-02-10  43.16  43.65  43.01  43.47  2254600  43.47
2012-02-09  43.25  43.83  43.03  43.47  3074800  43.47
2012-02-08  43.24  43.66  43.04  43.28  4820200  43.28
2012-02-07  42.83  43.28  42.69  43.17  5521300  43.17
2012-02-06  43.11  43.18  42.3  42.85  4718500  42.85
2012-02-03  44.0  44.0  43.19  43.48  7466900  43.48
2012-02-02  42.27  44.39  41.07  44.06  16708000  44.06
2012-02-01  44.93  45.96  44.83  45.61  5777900  45.61
2012-01-31  44.68  45.71  44.66  44.76  4800900  44.76
2012-01-30  44.83  44.88  44.13  44.43  3504900  44.43
2012-01-27  43.92  45.5  43.86  45.11  2992600  45.11
2012-01-26  46.06  46.06  43.92  44.03  3823000  44.03
2012-01-25  44.63  45.84  43.79  45.7  3622800  45.7
2012-01-24  45.52  45.83  44.95  45.32  3048600  45.32
2012-01-23  46.02  46.7  45.68  45.81  2013300  45.81
2012-01-20  46.35  46.47  45.69  46.07  2295300  46.07
2012-01-19  46.66  46.8  45.94  46.21  4246200  46.21
2012-01-18  46.51  47.02  46.16  46.87  3315600  46.87
2012-01-17  45.75  47.43  45.75  46.6  5118600  46.6
2012-01-13  44.85  45.55  44.44  45.54  3705200  45.54
2012-01-12  45.57  45.78  44.97  45.31  2322300  45.31
2012-01-11  45.48  45.88  45.21  45.69  2211700  45.69
2012-01-10  44.07  45.63  43.77  45.6  6217900  45.6
2012-01-09  43.67  43.84  43.13  43.71  2296100  43.71
2012-01-06  43.12  44.27  43.05  43.54  2436600  43.54
2012-01-05  43.08  43.32  42.69  43.14  2206200  43.14
2012-01-04  42.95  43.36  42.65  43.14  1773700  43.14
2012-01-03  42.75  43.41  42.75  43.16  2292700  43.16
2011-12-30  42.29  42.29  41.92  41.93  942100  41.93
2011-12-29  42.12  42.5  42.1  42.22  1309500  42.22
2011-12-28  43.4  43.51  42.08  42.14  2201300  42.14
2011-12-27  43.08  43.57  43.08  43.46  1751700  43.46
2011-12-23  43.22  43.28  43.01  43.06  1541200  43.06
2011-12-22  42.35  43.09  42.24  43.01  1726900  43.01
2011-12-21  42.25  42.53  41.42  42.14  2348300  42.14
2011-12-20  41.48  42.42  41.48  42.1  2876500  42.1
2011-12-19  42.41  42.65  40.78  40.78  2893300  40.78
2011-12-16  42.97  43.42  42.11  42.31  4647200  42.31
2011-12-15  42.97  43.87  42.56  42.67  2074600  42.67
2011-12-14  42.47  42.77  42.34  42.5  3463100  42.5
2011-12-13  42.53  42.99  42.48  42.71  3954400  42.71
2011-12-12  42.3  42.41  41.78  42.27  2258700  42.27
2011-12-09  42.51  43.18  42.31  42.54  4806600  42.54
2011-12-08  42.92  42.97  42.17  42.25  2851100  42.25
2011-12-07  42.63  43.39  42.37  43.13  3117500  43.13
2011-12-06  43.6  43.6  42.9  43.1  1984000  43.1
2011-12-05  43.88  44.4  43.22  43.42  2306100  43.42
2011-12-02  43.93  43.96  42.58  43.0  2818200  43.0
2011-12-01  43.74  44.36  43.46  43.52  2815200  43.52
2011-11-30  42.82  44.19  42.69  44.16  3801600  44.16
2011-11-29  41.85  42.45  41.82  41.99  2212100  41.99
2011-11-28  42.08  42.23  41.42  41.79  2211400  41.79
2011-11-25  40.49  41.31  40.49  40.85  1272100  40.85
2011-11-23  41.3  41.42  40.71  40.71  2759900  40.71
2011-11-22  42.29  42.43  41.43  41.91  2880200  41.91
2011-11-21  41.95  42.51  41.15  42.25  4242000  42.25
2011-11-18  42.61  42.7  41.91  42.02  4700900  42.02
2011-11-17  42.87  43.4  41.98  42.44  18379900  42.44
2011-11-16  43.63  43.93  42.53  42.68  5573100  42.68
2011-11-15  43.47  44.36  43.27  44.17  2622700  44.17
2011-11-14  43.4  43.83  43.31  43.67  1934200  43.67
2011-11-11  43.5  44.49  43.5  43.7  1946300  43.7
2011-11-10  43.06  43.22  42.22  43.12  3685200  43.12
2011-11-09  42.62  42.83  41.9  42.4  4231400  42.4
2011-11-08  42.7  43.63  42.35  43.44  3002900  43.44
2011-11-07  42.54  43.08  41.8  42.57  2323600  42.57
2011-11-04  42.31  43.02  41.75  42.92  2417700  42.92
2011-11-03  43.26  43.28  41.42  42.71  4809300  42.71
2011-11-02  44.09  44.09  42.26  42.59  4035800  42.59
2011-11-01  42.83  43.57  42.3  43.11  4106400  43.11
2011-10-31  46.28  46.55  44.17  44.27  4893500  44.27
2011-10-28  46.7  47.08  45.79  46.56  4197600  46.56
2011-10-27  47.08  47.54  45.8  47.29  3919700  47.29
2011-10-26  45.6  45.76  44.64  45.2  5098200  45.2
2011-10-25  44.76  45.75  44.28  44.85  4261300  44.85
2011-10-24  46.93  47.47  44.01  45.27  9314500  45.27
2011-10-21  44.55  45.09  44.03  44.63  3087300  44.63
2011-10-20  43.41  44.24  42.81  44.13  2304600  44.13
2011-10-19  43.42  44.03  42.93  43.12  2422300  43.12
2011-10-18  43.26  43.87  41.32  43.36  3792300  43.36
2011-10-17  44.26  44.51  43.67  43.77  1688500  43.77
2011-10-14  44.05  44.7  43.89  44.63  2071700  44.63
2011-10-13  43.9  44.29  42.72  43.23  2773700  43.23
2011-10-12  43.94  45.2  43.83  44.38  2631100  44.38
2011-10-11  43.15  43.65  42.85  43.55  1637500  43.55
2011-10-10  42.79  43.63  42.69  43.36  1690800  43.36
2011-10-07  42.73  42.74  41.45  41.91  2801000  41.91
2011-10-06  41.65  42.38  41.17  42.36  2633800  42.36
2011-10-05  40.73  41.64  40.21  41.53  2919500  41.53
2011-10-04  39.11  40.73  38.73  40.58  4400000  40.58
2011-10-03  41.32  42.06  39.53  39.92  4481000  39.92
2011-09-30  41.92  43.07  41.64  41.87  3278800  41.87
2011-09-29  43.11  43.37  41.31  42.45  2709100  42.45
2011-09-28  44.18  44.19  42.12  42.17  2482100  42.17
2011-09-27  43.67  44.93  43.39  44.16  3046400  44.16
2011-09-26  42.66  43.27  41.56  43.21  2397400  43.21
2011-09-23  41.63  42.61  41.16  42.19  3353500  42.19
2011-09-22  42.46  42.99  41.38  41.89  4568900  41.89
2011-09-21  45.5  45.88  43.53  43.55  2878200  43.55
2011-09-20  45.9  46.92  45.12  45.56  2791700  45.56
2011-09-19  45.44  46.18  45.22  45.95  2809100  45.95
2011-09-16  46.61  46.9  45.49  46.33  3058300  46.33
2011-09-15  46.36  46.67  45.27  46.52  2971100  46.52
2011-09-14  44.99  46.47  44.2  45.76  3790100  45.76
2011-09-13  43.87  45.33  43.77  45.02  4591900  45.02
2011-09-12  42.18  43.67  42.16  43.61  4157900  43.61
2011-09-09  44.62  44.76  42.64  42.81  4529400  42.81
2011-09-08  45.53  46.71  45.06  45.13  2816500  45.13
2011-09-07  45.21  46.38  44.79  46.24  1977000  46.24
2011-09-06  43.24  44.65  43.02  44.34  2265400  44.34
2011-09-02  45.12  45.85  44.7  44.77  1668100  44.77
2011-09-01  46.73  47.75  46.0  46.1  2364200  46.1
2011-08-31  46.86  48.09  46.17  46.67  3248800  46.67
2011-08-30  45.7  46.9  45.57  46.63  2523000  46.63
2011-08-29  45.43  46.01  44.88  46.01  1539700  46.01
2011-08-26  43.93  44.93  42.65  44.79  3388400  44.79
2011-08-25  44.82  45.27  43.9  44.22  3044500  44.22
2011-08-24  43.5  44.81  43.17  44.79  3090200  44.79
2011-08-23  42.06  43.81  41.45  43.76  2967600  43.76
2011-08-22  42.57  42.65  41.74  41.96  2642900  41.96
2011-08-19  41.35  42.83  41.26  41.58  5328500  41.58
2011-08-18  42.7  43.04  41.8  42.3  6448500  42.3
2011-08-17  44.45  44.84  43.55  44.05  1731300  44.05
2011-08-16  44.26  44.57  43.63  44.07  2958500  44.07
2011-08-15  43.97  45.24  43.52  44.69  3478700  44.69
2011-08-12  43.42  44.24  42.82  43.72  3074200  43.72
2011-08-11  40.49  43.26  40.33  42.76  5286800  42.76
2011-08-10  42.23  42.95  40.75  40.91  5607800  40.91
2011-08-09  40.77  43.4  40.43  43.4  6224900  43.4
2011-08-08  43.7  43.87  40.18  40.19  6784300  40.19
2011-08-05  45.57  46.23  44.22  45.12  5534000  45.12
2011-08-04  46.28  47.05  45.19  45.43  6296000  45.43
2011-08-03  45.95  46.58  44.34  46.48  4881600  46.48
2011-08-02  47.32  47.91  45.72  45.94  7245400  45.94
2011-08-01  50.22  50.31  46.6  47.55  7017600  47.55
2011-07-29  49.61  50.2  48.2  49.69  3400100  49.69
2011-07-28  50.07  51.29  49.91  50.13  1768500  50.13
2011-07-27  51.11  51.28  49.78  49.93  3519000  49.93
2011-07-26  51.76  52.19  51.37  51.48  1976800  51.48
2011-07-25  52.38  52.82  51.87  51.93  1421800  51.93
2011-07-22  52.39  52.64  52.08  52.54  1545600  52.54
2011-07-21  52.28  52.87  52.03  52.47  2068400  52.47
2011-07-20  51.76  52.35  51.22  51.82  2333900  51.82
2011-07-19  51.75  51.75  50.77  51.45  2707100  51.45
2011-07-18  51.53  52.1  50.53  51.53  2827100  51.53
2011-07-15  52.09  52.69  51.27  51.58  3368800  51.58
2011-07-14  51.04  52.42  51.0  51.98  3922600  51.98
2011-07-13  50.64  51.71  50.52  51.04  2184200  51.04
2011-07-12  50.04  50.88  50.02  50.27  1758100  50.27
2011-07-11  51.04  51.09  49.94  50.07  2584200  50.07
2011-07-08  51.23  51.81  50.86  51.77  1617300  51.77
2011-07-07  52.39  52.42  51.13  51.78  2081700  51.78
2011-07-06  51.77  52.05  51.5  51.96  2382300  51.96
2011-07-05  52.16  52.21  51.51  52.01  1889100  52.01
2011-07-01  51.41  52.13  51.25  52.12  2533200  52.12
2011-06-30  51.32  51.73  51.09  51.35  3156300  51.35
2011-06-29  51.19  51.46  50.63  51.19  3628500  51.19
2011-06-28  49.47  51.08  49.39  51.06  3285800  51.06
2011-06-27  48.54  49.45  48.02  49.33  1946000  49.33
2011-06-24  49.33  49.4  48.34  48.34  3437200  48.34
2011-06-23  49.09  49.44  48.08  49.24  2760500  49.24
2011-06-22  50.21  50.76  49.65  49.67  2156800  49.67
2011-06-21  50.49  50.75  50.05  50.43  2660500  50.43
2011-06-20  48.79  50.02  48.67  49.97  1953000  49.97
2011-06-17  49.37  49.68  48.68  48.81  2961500  48.81
2011-06-16  49.26  49.46  48.44  48.96  2976600  48.96
2011-06-15  49.8  50.45  49.07  49.14  2887800  49.14
2011-06-14  49.58  50.6  49.48  50.33  2864500  50.33
2011-06-13  49.18  49.52  48.74  49.18  1674000  49.18
2011-06-10  50.19  50.3  48.62  49.01  3207900  49.01
2011-06-09  48.41  50.62  48.38  50.32  4419200  50.32
2011-06-08  48.06  48.46  47.75  48.16  2403600  48.16
2011-06-07  48.25  48.97  48.1  48.15  2636300  48.15
2011-06-06  48.32  48.93  47.7  47.9  3383000  47.9
2011-06-03  49.06  49.74  48.87  49.53  2290100  49.53
2011-06-02  49.09  49.77  48.97  49.65  2059200  49.65
2011-06-01  49.79  50.37  49.09  49.1  3078500  49.1
2011-05-31  49.74  49.92  49.28  49.81  2712600  49.81
2011-05-27  48.59  49.4  48.45  49.39  2560900  49.39
2011-05-26  47.23  48.73  46.89  48.62  3595400  48.62
2011-05-25  47.4  47.74  47.2  47.4  2775400  47.4
2011-05-24  48.47  48.47  47.37  47.41  2676300  47.41
2011-05-23  48.7  48.7  47.85  48.41  1898800  48.41
2011-05-20  49.31  49.57  48.75  49.06  1719000  49.06
2011-05-19  49.63  49.82  49.24  49.45  3205900  49.45
2011-05-18  48.23  49.58  48.0  49.57  2525700  49.57
2011-05-17  48.25  48.39  47.84  48.05  2649500  48.05
2011-05-16  48.33  49.12  48.04  48.5  1957300  48.5
2011-05-13  48.37  49.23  48.01  48.61  3206500  48.61
2011-05-12  47.45  48.09  46.77  47.97  2112500  47.97
2011-05-11  47.37  47.87  47.16  47.64  2701700  47.64
2011-05-10  47.24  47.52  46.85  47.35  1843700  47.35
2011-05-09  46.85  47.24  46.72  47.09  2551800  47.09
2011-05-06  47.58  47.69  46.6  46.81  3508800  46.81
2011-05-05  47.12  47.66  46.49  47.1  4339700  47.1
2011-05-04  46.52  46.65  45.4  45.85  4014500  45.85
2011-05-03  46.35  46.53  46.0  46.43  2722800  46.43
2011-05-02  47.11  47.6  46.27  46.33  3804900  46.33
2011-04-29  46.96  46.96  46.38  46.76  2910900  46.76
2011-04-28  46.01  47.12  45.93  46.9  4131000  46.9
2011-04-27  45.62  45.93  45.26  45.85  2234000  45.85
2011-04-26  45.52  45.9  45.16  45.43  2500000  45.43
2011-04-25  45.19  45.33  44.74  45.23  1484100  45.23
2011-04-21  44.66  45.91  44.66  45.22  2742800  45.22
2011-04-20  43.85  43.95  43.62  43.81  2364500  43.81
2011-04-19  43.21  43.47  42.73  43.28  1660100  43.28
2011-04-18  43.83  43.88  42.81  43.07  1818400  43.07
2011-04-15  44.34  44.74  43.86  44.41  1870300  44.41
2011-04-14  43.94  44.32  43.42  44.26  1946300  44.26
2011-04-13  44.7  44.89  43.92  44.18  2224300  44.18
2011-04-12  43.67  44.72  43.56  44.58  3054400  44.58
2011-04-11  43.17  43.91  43.16  43.91  2814800  43.91
2011-04-08  43.44  43.69  42.83  43.06  1744700  43.06
2011-04-07  43.6  44.08  43.18  43.28  2831200  43.28
2011-04-06  43.85  43.89  43.15  43.77  2473200  43.77
2011-04-05  44.34  44.34  43.57  43.69  3056700  43.69
2011-04-04  44.71  44.81  44.29  44.37  1466500  44.37
2011-04-01  44.46  44.93  44.15  44.49  2876800  44.49
2011-03-31  43.8  44.22  43.3  44.21  3456900  44.21
2011-03-30  42.86  43.54  42.6  43.45  2006700  43.45
2011-03-29  42.51  42.77  42.45  42.69  1146200  42.69
2011-03-28  42.65  42.7  42.36  42.5  1044000  42.5
2011-03-25  42.42  43.1  42.29  42.53  1359500  42.53
2011-03-24  41.59  42.36  41.55  42.36  2043500  42.36
2011-03-23  41.75  41.75  41.02  41.37  2464600  41.37
2011-03-22  41.98  42.4  41.81  41.82  2216000  41.82
2011-03-21  42.1  42.13  41.72  41.89  1955200  41.89
2011-03-18  42.08  42.29  41.38  41.54  2751200  41.54
2011-03-17  41.91  42.07  41.22  41.65  1590700  41.65
2011-03-16  42.4  42.4  40.92  41.34  2260000  41.34
2011-03-15  40.76  42.58  40.66  42.33  2659300  42.33
2011-03-14  43.24  43.51  42.6  42.89  3395500  42.89
2011-03-11  42.89  43.53  42.51  43.5  3121800  43.5
2011-03-10  43.51  43.67  42.72  42.87  2224100  42.87
2011-03-09  43.23  44.13  43.23  44.05  1888600  44.05
2011-03-08  42.9  43.56  42.84  43.36  2045600  43.36
2011-03-07  43.51  43.71  42.28  42.89  2423300  42.89
2011-03-04  42.97  43.8  42.81  43.71  2580100  43.71
2011-03-03  42.58  43.92  42.57  43.71  3508400  43.71
2011-03-02  41.71  42.86  41.64  42.32  2184600  42.32
2011-03-01  42.17  42.44  41.72  41.74  1526200  41.74
2011-02-28  42.0  42.37  41.57  41.96  2360400  41.96
2011-02-25  41.62  42.2  41.54  41.88  2491700  41.88
2011-02-24  41.69  41.91  40.96  41.43  2947700  41.43
2011-02-23  42.1  42.33  41.37  41.78  2655500  41.78
2011-02-22  42.66  43.03  41.91  42.09  2051400  42.09
2011-02-18  43.42  43.75  42.88  43.02  2024400  43.02
2011-02-17  42.85  43.6  42.55  43.41  1638600  43.41
2011-02-16  42.58  43.24  42.51  42.9  1320200  42.9
2011-02-15  42.55  42.76  42.25  42.37  1601000  42.37
2011-02-14  42.83  42.96  42.56  42.86  929500  42.86
2011-02-11  42.59  43.06  42.48  42.81  1150800  42.81
2011-02-10  42.51  43.05  42.47  42.89  1450400  42.89
2011-02-09  42.28  42.93  42.23  42.7  1573300  42.7
2011-02-08  42.26  42.76  42.05  42.55  1662700  42.55
2011-02-07  42.77  42.97  42.14  42.2  1667200  42.2
2011-02-04  43.15  43.89  42.03  42.72  2923400  42.72
2011-02-03  42.4  42.89  41.27  42.45  4005700  42.45
2011-02-02  42.57  42.65  42.0  42.15  3752500  42.15
2011-02-01  42.07  42.84  41.88  42.8  2615400  42.8
2011-01-31  41.29  41.92  41.21  41.91  3575100  41.91
2011-01-28  42.45  42.55  41.13  41.16  2522900  41.16
2011-01-27  41.82  42.56  41.79  42.44  2592300  42.44
2011-01-26  41.52  42.07  41.52  41.95  3293000  41.95
2011-01-25  40.36  41.67  40.08  41.52  4133100  41.52
2011-01-24  40.83  40.99  40.26  40.41  1740200  40.41
2011-01-21  40.79  40.95  40.48  40.87  3069600  40.87
2011-01-20  40.16  40.76  40.02  40.75  3454600  40.75
2011-01-19  40.81  40.93  40.11  40.31  2869700  40.31
2011-01-18  40.01  41.04  39.94  41.04  3869600  41.04
2011-01-14  39.31  40.34  39.12  39.93  2988100  39.93
2011-01-13  39.21  39.56  39.12  39.43  1733000  39.43
2011-01-12  39.65  39.65  39.05  39.22  2319000  39.22
2011-01-11  39.34  39.65  39.26  39.4  2805300  39.4
2011-01-10  39.03  39.31  38.75  39.18  2579200  39.18
2011-01-07  39.03  39.35  38.62  39.31  3762300  39.31
2011-01-06  38.08  39.04  37.88  38.91  5900600  38.91
2011-01-05  37.22  37.81  37.12  37.51  5450000  37.51
2011-01-04  37.69  37.83  37.28  37.39  2326100  37.39
2011-01-03  36.76  37.8  36.66  37.72  3245600  37.72
2010-12-31  36.15  36.72  36.13  36.57  1330200  36.57
2010-12-30  36.36  36.41  36.1  36.16  1377500  36.16
2010-12-29  36.46  36.63  36.32  36.45  931700  36.45
2010-12-28  36.48  36.56  36.18  36.51  1070400  36.51
2010-12-27  36.36  36.51  36.07  36.46  806800  36.46
2010-12-23  36.58  36.74  36.35  36.54  1265700  36.54
2010-12-22  36.88  36.98  36.45  36.56  1713300  36.56
2010-12-21  36.76  37.26  36.69  36.91  2679600  36.91
2010-12-20  36.76  36.77  36.41  36.67  1372400  36.67
2010-12-17  36.24  36.68  36.09  36.61  2769200  36.61
2010-12-16  36.76  36.83  35.86  36.25  3838900  36.25
2010-12-15  36.95  37.12  36.26  36.74  2814600  36.74
2010-12-14  37.45  37.7  36.93  37.06  2783800  37.06
2010-12-13  37.48  38.26  37.17  37.41  3711800  37.41
2010-12-10  37.68  37.8  37.44  37.56  1729100  37.56
2010-12-09  37.04  37.8  37.0  37.53  3328500  37.53
2010-12-08  36.96  37.16  36.61  36.84  2920100  36.84
2010-12-07  37.81  37.81  36.88  36.94  4459000  36.94
2010-12-06  37.86  37.97  37.44  37.47  2095000  37.47
2010-12-03  38.11  38.11  37.59  37.88  1845000  37.88
2010-12-02  37.89  38.24  37.64  38.16  3281400  38.16
2010-12-01  37.13  37.9  37.13  37.9  3866300  37.9
2010-11-30  36.5  37.01  36.26  36.72  3023100  36.72
2010-11-29  35.86  36.88  35.54  36.83  3442500  36.83
2010-11-26  36.17  36.57  35.92  36.12  1036000  36.12
2010-11-24  36.39  36.81  36.39  36.6  2004100  36.6
2010-11-23  37.0  37.1  36.08  36.27  3449500  36.27
2010-11-22  38.03  38.46  36.81  37.42  4988700  37.42
2010-11-19  36.31  37.39  36.01  37.36  4347800  37.36
2010-11-18  36.24  36.84  35.73  36.41  2086000  36.41
2010-11-17  35.79  36.22  35.37  36.15  2097400  36.15
2010-11-16  36.06  36.18  35.54  35.72  2208300  35.72
2010-11-15  37.28  37.43  36.35  36.37  3157400  36.37
2010-11-12  37.02  37.56  36.82  37.27  3050000  37.27
2010-11-11  36.28  37.03  36.19  36.91  2938800  36.91
2010-11-10  36.49  36.65  35.98  36.56  2890900  36.56
2010-11-09  36.79  36.92  36.3  36.47  3275700  36.47
2010-11-08  37.04  37.51  36.63  36.74  3727700  36.74
2010-11-05  37.39  37.74  36.8  37.27  3070700  37.27
2010-11-04  37.11  37.31  36.69  37.28  2172000  37.28
2010-11-03  36.76  37.39  36.15  36.73  3401400  36.73
2010-11-02  35.63  36.77  35.63  36.76  3824100  36.76
2010-11-01  35.23  35.72  34.78  35.29  3565800  35.29
2010-10-29  35.55  36.02  34.96  35.07  3755500  35.07
2010-10-28  36.03  36.21  35.25  35.57  2542500  35.57
2010-10-27  35.75  36.67  35.46  35.75  3782000  35.75
2010-10-26  36.07  36.29  35.78  36.04  2006100  36.04
2010-10-25  36.42  36.65  36.23  36.29  2357800  36.29
2010-10-22  35.57  36.32  35.49  36.08  2239000  36.08
2010-10-21  35.26  35.57  34.92  35.57  2516100  35.57
2010-10-20  34.55  35.51  34.53  35.22  1854100  35.22
2010-10-19  35.09  35.15  34.34  34.53  3314600  34.53
2010-10-18  35.73  35.86  35.18  35.62  3300900  35.62
2010-10-15  36.19  36.26  35.45  35.78  3641300  35.78
2010-10-14  36.1  36.54  35.54  35.86  3294600  35.86
2010-10-13  36.27  36.46  35.91  36.1  3778500  36.1
2010-10-12  35.86  36.21  35.49  36.04  2790300  36.04
2010-10-11  35.33  36.13  35.33  35.96  1538200  35.96
2010-10-08  35.3  35.46  34.9  35.33  1236900  35.33
2010-10-07  34.67  35.49  34.62  35.28  2378000  35.28
2010-10-06  35.38  35.95  34.24  34.49  3437200  34.49
2010-10-05  35.4  35.83  35.14  35.73  2594100  35.73
2010-10-04  35.83  35.96  34.86  35.07  2334200  35.07
2010-10-01  35.96  36.09  35.28  35.94  2715100  35.94
2010-09-30  35.56  35.9  35.31  35.69  3491900  35.69
2010-09-29  35.39  35.58  34.86  35.25  3037400  35.25
2010-09-28  35.59  35.67  35.25  35.45  2797300  35.45
2010-09-27  35.81  35.95  35.54  35.55  2010400  35.55
2010-09-24  35.56  35.92  35.48  35.92  2213900  35.92
2010-09-23  35.03  35.74  34.93  35.05  2027800  35.05
2010-09-22  35.42  35.61  34.99  35.38  2283400  35.38
2010-09-21  34.91  35.79  34.71  35.5  2260900  35.5
2010-09-20  34.42  34.96  34.34  34.89  1490200  34.89
2010-09-17  34.81  34.88  34.24  34.38  2055000  34.38
2010-09-16  34.51  34.61  34.16  34.55  1784100  34.55
2010-09-15  34.81  34.91  34.31  34.56  2900800  34.56
2010-09-14  35.15  35.3  34.82  34.98  2576000  34.98
2010-09-13  35.07  35.27  34.7  35.17  3383400  35.17
2010-09-10  34.39  34.6  34.11  34.55  1932200  34.55
2010-09-09  33.93  34.56  33.81  34.3  2885900  34.3
2010-09-08  33.4  33.64  33.27  33.57  1692200  33.57
2010-09-07  33.44  33.66  33.08  33.4  1457500  33.4
2010-09-03  33.26  33.84  33.2  33.68  1995100  33.68
2010-09-02  33.33  33.54  32.66  32.94  3325900  32.94
2010-09-01  32.6  33.5  32.31  33.49  2752400  33.49
2010-08-31  31.7  32.72  31.42  32.14  3526800  32.14
2010-08-30  32.34  32.67  31.83  31.83  1232600  31.83
2010-08-27  32.08  32.48  31.49  32.44  1816700  32.44
2010-08-26  32.41  32.67  31.83  31.92  1763000  31.92
2010-08-25  31.46  32.39  31.31  32.25  2164100  32.25
2010-08-24  32.22  32.41  31.69  31.69  2776900  31.69
2010-08-23  32.5  32.96  32.4  32.64  2619700  32.64
2010-08-20  32.53  32.87  32.02  32.33  1962900  32.33
2010-08-19  33.48  33.65  32.53  32.8  3367700  32.8
2010-08-18  33.63  33.88  33.24  33.69  3029100  33.69
2010-08-17  33.63  34.06  33.28  33.7  1982500  33.7
2010-08-16  33.06  33.35  32.47  33.29  2903000  33.29
2010-08-13  33.2  33.44  32.86  33.3  2110300  33.3
2010-08-12  33.07  33.48  32.7  33.34  2395800  33.34
2010-08-11  34.29  34.29  32.76  33.32  5760200  33.32
2010-08-10  34.26  34.91  34.05  34.77  2727200  34.77
2010-08-09  34.59  34.68  34.29  34.55  2547200  34.55
2010-08-06  33.53  34.47  33.43  34.3  3242500  34.3
2010-08-05  33.69  33.94  32.57  33.87  5912200  33.87
2010-08-04  31.72  32.29  31.64  32.07  3199300  32.07
2010-08-03  31.32  32.13  31.24  31.69  3151400  31.69
2010-08-02  31.2  31.57  30.91  31.51  2890100  31.51
2010-07-30  30.31  30.93  29.98  30.68  2607100  30.68
2010-07-29  30.55  30.94  30.15  30.54  2944900  30.54
2010-07-28  31.33  31.58  30.15  30.29  3677800  30.29
2010-07-27  31.91  31.97  31.38  31.45  2129400  31.45
2010-07-26  30.92  31.77  30.87  31.7  2197400  31.7
2010-07-23  31.32  31.46  30.74  30.93  3799300  30.93
2010-07-22  30.95  31.55  30.82  31.44  3399800  31.44
2010-07-21  31.4  31.42  30.43  30.61  3290200  30.61
2010-07-20  30.65  31.24  30.34  31.17  3722700  31.17
2010-07-19  30.43  31.21  30.38  31.07  2679600  31.07
2010-07-16  31.31  31.6  30.22  30.26  3732500  30.26
2010-07-15  31.42  31.84  30.79  31.53  3702100  31.53
2010-07-14  31.25  31.58  30.98  31.37  3576300  31.37
2010-07-13  31.35  31.63  31.16  31.29  2619900  31.29
2010-07-12  31.14  31.33  30.81  31.05  2646500  31.05
2010-07-09  31.05  31.27  30.8  31.21  2148900  31.21
2010-07-08  30.79  31.21  30.55  30.93  2986700  30.93
2010-07-07  30.34  31.19  30.09  30.62  7405500  30.62
2010-07-06  30.17  30.66  29.75  30.11  4533600  30.11
2010-07-02  29.92  30.09  29.51  29.7  3010600  29.7
2010-07-01  30.9  30.96  29.04  29.78  9695900  29.78
2010-06-30  31.59  31.89  30.87  30.98  4876900  30.98
2010-06-29  32.69  32.86  31.57  31.79  4941600  31.79
2010-06-28  33.22  33.65  33.01  33.11  2183500  33.11
2010-06-25  33.28  33.4  32.85  33.21  4592800  33.21
2010-06-24  33.7  34.06  33.2  33.26  2523800  33.26
2010-06-23  34.07  34.21  33.63  33.86  3243200  33.86
2010-06-22  35.04  35.32  34.02  34.12  4185400  34.12
2010-06-21  35.43  35.85  34.99  35.12  2179800  35.12
2010-06-18  35.3  35.38  34.98  35.12  2718100  35.12
2010-06-17  35.27  35.41  34.86  35.25  2370500  35.25
2010-06-16  34.71  35.4  34.66  35.1  1764300  35.1
2010-06-15  34.78  35.08  34.65  35.02  2226500  35.02
2010-06-14  34.63  35.1  34.44  34.46  2957000  34.46
2010-06-11  33.68  34.45  33.45  34.4  2417900  34.4
2010-06-10  33.63  34.11  33.29  34.05  3104400  34.05
2010-06-09  33.79  34.08  33.05  33.21  2944900  33.21
2010-06-08  34.18  34.34  32.93  33.55  4762600  33.55
2010-06-07  33.94  34.64  33.13  33.82  3489900  33.82
2010-06-04  34.18  35.67  33.88  33.98  4178100  33.98
2010-06-03  33.87  34.77  33.61  34.71  3175400  34.71
2010-06-02  33.01  33.71  32.87  33.68  3289400  33.68
2010-06-01  32.99  33.89  32.74  32.78  3189700  32.78
2010-05-28  33.56  33.82  33.17  33.39  2789300  33.39
2010-05-27  33.11  33.63  32.64  33.6  2404100  33.6
2010-05-26  32.37  33.18  32.26  32.35  4027500  32.35
2010-05-25  31.53  32.11  31.14  32.08  6186700  32.08
2010-05-24  32.36  33.16  32.18  32.63  3057600  32.63
2010-05-21  31.91  33.08  31.8  32.57  4533400  32.57
2010-05-20  32.92  33.32  32.25  32.55  5477100  32.55
2010-05-19  33.42  34.24  33.36  33.66  3480200  33.66
2010-05-18  33.9  34.37  33.55  33.67  4323000  33.67
2010-05-17  33.25  33.8  32.79  33.59  2924800  33.59
2010-05-14  33.49  33.68  32.74  33.35  3297000  33.35
2010-05-13  33.63  34.51  33.41  33.75  4022200  33.75
2010-05-12  33.19  34.03  32.98  33.87  3249000  33.87
2010-05-11  32.22  33.57  32.09  33.05  3376400  33.05
2010-05-10  32.37  32.98  32.02  32.57  4642600  32.57
2010-05-07  32.98  32.98  30.89  31.31  8912100  31.31
2010-05-06  32.72  33.89  30.71  32.85  9088800  32.85
2010-05-05  30.7  32.18  30.7  31.92  7035100  31.92
2010-05-04  32.1  32.13  31.07  31.14  5226200  31.14
2010-05-03  32.31  32.69  31.82  32.64  6332300  32.64
2010-04-30  33.82  33.82  31.92  31.98  7562700  31.98
2010-04-29  33.09  34.49  33.09  33.72  5997100  33.72
2010-04-28  32.51  33.28  32.14  33.02  6623100  33.02
2010-04-27  32.42  33.2  32.09  32.28  7248800  32.28
2010-04-26  34.02  34.16  32.77  32.8  4320500  32.8
2010-04-23  33.33  34.12  33.19  33.9  4083900  33.9
2010-04-22  33.77  33.82  33.06  33.45  4793000  33.45
2010-04-21  34.83  34.99  33.72  33.91  4109800  33.91
2010-04-20  35.49  35.95  34.28  34.84  4115900  34.84
2010-04-19  34.19  35.61  34.19  35.21  4627100  35.21
2010-04-16  34.51  35.08  33.91  34.4  5123200  34.4
2010-04-15  34.59  34.79  33.97  34.63  5305800  34.63
2010-04-14  35.66  35.66  34.55  34.59  7120000  34.59
2010-04-13  36.18  36.21  35.13  35.62  4866200  35.62
2010-04-12  36.48  36.58  36.22  36.33  1864300  36.33
2010-04-09  36.46  36.61  36.06  36.54  3976700  36.54
2010-04-08  35.98  36.54  35.41  36.53  3895300  36.53
2010-04-07  36.88  36.88  35.8  36.16  3054900  36.16
2010-04-06  36.84  37.27  36.68  37.0  2011900  37.0
2010-04-05  37.24  37.52  36.88  36.91  2677900  36.91
2010-04-01  36.55  37.1  36.55  37.06  2346300  37.06
2010-03-31  36.37  36.58  35.97  36.49  2688200  36.49
2010-03-30  36.36  36.73  36.08  36.49  2405600  36.49
2010-03-29  35.95  36.34  35.69  36.26  1591900  36.26
2010-03-26  36.18  36.39  35.51  35.81  2684000  35.81
2010-03-25  36.74  36.76  35.94  36.01  3769200  36.01
2010-03-24  36.93  36.99  36.16  36.3  2617700  36.3
2010-03-23  37.33  37.38  36.58  36.85  3372900  36.85
2010-03-22  37.3  37.88  36.72  37.19  4975300  37.19
2010-03-19  35.94  37.92  35.9  36.99  7779700  36.99
2010-03-18  34.16  35.93  33.91  35.75  6015600  35.75
2010-03-17  35.0  35.0  34.33  34.74  2267400  34.74
2010-03-16  34.24  34.95  33.84  34.87  3322700  34.87
2010-03-15  34.31  34.35  33.36  34.2  2485500  34.2
2010-03-12  34.9  35.14  34.2  34.45  2432700  34.45
2010-03-11  34.09  34.9  33.79  34.86  3317900  34.86
2010-03-10  33.82  34.55  33.65  34.24  2762800  34.24
2010-03-09  33.71  34.49  33.69  33.96  3625400  33.96
2010-03-08  34.63  34.81  34.24  34.67  2347000  34.67
2010-03-05  33.99  34.69  33.85  34.64  3587800  34.64
2010-03-04  34.54  34.58  33.46  33.92  5001000  33.92
2010-03-03  34.38  34.94  34.08  34.56  3145300  34.56
2010-03-02  34.59  34.67  34.16  34.31  4178000  34.31
2010-03-01  34.45  34.86  33.9  34.45  3701100  34.45
2010-02-26  33.91  34.63  33.78  34.13  3212700  34.13
2010-02-25  33.41  34.08  32.87  33.75  4678000  33.75
2010-02-24  33.07  33.86  32.42  33.81  5177500  33.81
2010-02-23  33.03  33.22  32.5  32.88  3433000  32.88
2010-02-22  32.52  33.54  32.52  33.3  4063300  33.3
2010-02-19  32.83  32.88  32.38  32.68  2729800  32.68
2010-02-18  32.5  33.42  32.5  33.03  4585300  33.03
2010-02-17  32.51  33.6  32.51  33.07  5307200  33.07
2010-02-16  31.98  32.6  31.88  32.6  4182000  32.6
2010-02-12  32.75  32.81  32.15  32.64  4100000  32.64
2010-02-11  32.78  33.29  32.47  33.22  3037900  33.22
2010-02-10  33.2  33.38  32.45  32.94  3263900  32.94
2010-02-09  33.37  33.63  32.56  33.36  2863900  33.36
2010-02-08  33.12  33.72  32.61  32.96  2747900  32.96
2010-02-05  33.32  33.87  32.58  33.24  5361000  33.24
2010-02-04  34.51  35.51  32.97  33.4  6359800  33.4
2010-02-03  34.89  35.07  33.87  34.63  4012700  34.63
2010-02-02  33.71  35.23  33.52  35.11  4455400  35.11
2010-02-01  33.57  34.32  33.0  33.67  4718200  33.67
2010-01-29  34.41  34.52  33.59  33.65  2617100  33.65
2010-01-28  34.67  35.21  34.35  34.36  3673700  34.36
2010-01-27  34.08  34.85  33.62  34.46  4046400  34.46
2010-01-26  34.59  35.29  33.85  34.23  8537300  34.23
2010-01-25  37.08  37.08  36.17  36.22  3221000  36.22
2010-01-22  36.83  37.95  36.4  36.59  4325200  36.59
2010-01-21  38.17  38.71  36.81  36.91  4185900  36.91
2010-01-20  38.36  39.12  37.79  38.06  6612300  38.06
2010-01-19  37.02  38.74  36.87  37.78  7779800  37.78
2010-01-15  36.59  36.87  35.69  36.71  4148100  36.71
2010-01-14  36.19  36.79  35.74  36.64  3356200  36.64
2010-01-13  36.55  36.92  35.5  36.32  5431700  36.32
2010-01-12  37.11  37.24  36.01  36.41  4353800  36.41
2010-01-11  37.91  38.11  36.99  37.23  2409800  37.23
2010-01-08  38.22  38.22  37.37  37.83  2717900  37.83
2010-01-07  36.04  38.26  35.87  38.12  4950900  38.12
2010-01-06  36.8  37.42  36.4  36.76  2611900  36.76
2010-01-05  36.28  37.36  35.85  36.84  4564300  36.84
2010-01-04  35.14  36.28  35.05  36.24  3227300  36.24
