Date  Open  High  Low  Close  Volume  Adj Close
2014-02-28  73.19  73.97  72.91  73.82  1654500  73.82
2014-02-27  72.41  73.24  72.1  73.16  1942300  73.16
2014-02-26  73.31  73.57  71.86  72.58  2314000  72.58
2014-02-25  74.17  74.91  73.1  73.26  1421200  73.26
2014-02-24  73.91  74.94  73.7  74.32  2772200  74.32
2014-02-21  73.9  74.82  73.57  73.71  1789100  73.71
2014-02-20  74.68  75.06  73.54  73.76  1694400  73.76
2014-02-19  75.79  76.69  74.72  74.77  1943100  74.77
2014-02-18  77.14  77.41  76.13  76.22  1776300  76.22
2014-02-14  76.76  77.52  76.7  77.11  910900  77.11
2014-02-13  76.43  77.17  76.03  76.99  884500  76.99
2014-02-12  76.58  77.17  76.37  76.8  735900  76.8
2014-02-11  75.64  77.05  75.5  76.55  1258500  76.55
2014-02-10  75.65  76.32  75.03  75.56  1259400  75.56
2014-02-07  76.71  78.0  75.57  75.69  1852000  75.69
2014-02-06  73.98  76.14  73.54  75.98  1902300  75.98
2014-02-05  74.05  74.16  72.4  73.56  2180900  73.56
2014-02-04  70.7  74.2  70.52  73.61  2456900  73.61
2014-02-03  74.48  75.21  72.98  73.18  2735400  73.18
2014-01-31  73.5  75.35  73.23  74.76  4281100  74.76
2014-01-30  73.13  74.8  72.63  74.32  4651700  74.32
2014-01-29  72.71  73.42  72.11  72.34  2589600  72.34
2014-01-28  73.18  73.41  72.78  73.2  4170300  73.2
2014-01-27  74.43  75.05  72.89  72.93  3849800  72.93
2014-01-24  75.01  75.31  74.2  74.42  2508600  74.42
2014-01-23  75.37  75.72  75.19  75.51  2061600  75.51
2014-01-22  75.75  76.38  75.68  75.85  1145900  75.85
2014-01-21  75.75  76.1  75.57  75.73  1223500  75.73
2014-01-17  75.26  75.82  75.05  75.49  1690400  75.49
2014-01-16  75.32  75.9  75.12  75.5  1246700  75.5
2014-01-15  75.38  76.7  75.22  75.76  3598300  75.76
2014-01-14  74.57  75.45  74.19  75.29  1706000  75.29
2014-01-13  76.39  76.41  73.85  74.02  2558300  74.02
2014-01-10  77.2  77.48  75.9  76.49  1727400  76.49
2014-01-09  77.34  77.8  76.92  77.1  1577700  77.1
2014-01-08  76.82  78.04  76.59  77.06  2578400  77.06
2014-01-07  78.55  79.08  77.29  77.82  1598100  77.82
2014-01-06  79.0  79.97  78.39  78.4  1961200  78.4
2014-01-03  78.12  79.55  77.81  79.2  1343300  79.2
2014-01-02  77.96  78.75  77.32  77.96  2070900  77.96
2013-12-31  78.93  79.46  78.13  78.46  1307600  78.46
2013-12-30  79.11  79.18  77.59  78.44  2752800  78.44
2013-12-27  80.21  80.21  78.83  78.91  1438400  78.91
2013-12-26  80.37  80.78  79.55  79.88  2441800  79.88
2013-12-24  80.38  80.46  78.68  80.03  1715300  80.03
2013-12-23  81.72  81.79  79.75  80.52  1962700  80.52
2013-12-20  80.99  81.77  80.7  81.17  2693400  81.17
2013-12-19  81.52  82.05  80.97  81.06  2118300  81.06
2013-12-18  80.6  82.06  79.84  81.99  2379700  81.99
2013-12-17  79.64  80.46  79.53  80.3  2430700  80.3
2013-12-16  79.43  80.36  79.29  79.78  1968200  79.78
2013-12-13  77.63  79.3  77.6  78.96  1792000  78.96
2013-12-12  76.57  77.62  76.05  77.6  1519900  77.6
2013-12-11  77.2  77.73  76.32  76.46  1351900  76.46
2013-12-10  78.14  78.42  76.49  77.25  1615700  77.25
2013-12-09  77.47  79.28  77.46  78.5  1846200  78.5
2013-12-06  76.96  77.56  76.03  77.47  2648900  77.47
2013-12-05  76.86  77.38  75.06  76.2  2882200  76.2
2013-12-04  77.62  78.19  76.4  77.11  2536700  77.11
2013-12-03  78.19  78.58  77.44  77.99  1319000  77.99
2013-12-02  79.01  79.29  78.34  78.4  1364900  78.4
2013-11-29  79.07  79.42  78.76  78.94  667000  78.94
2013-11-27  79.41  79.49  78.74  79.28  1020200  79.28
2013-11-26  79.15  79.82  78.57  78.94  1940500  78.94
2013-11-25  80.9  80.91  79.12  79.26  1305600  79.26
2013-11-22  80.28  81.25  80.28  80.77  1756400  80.77
2013-11-21  78.54  80.74  78.49  80.51  1979300  80.51
2013-11-20  78.27  79.46  77.94  78.42  2050400  78.42
2013-11-19  76.98  78.27  76.39  78.15  1776300  78.15
2013-11-18  76.67  77.81  76.24  76.84  1984300  76.84
2013-11-15  75.81  76.76  75.81  76.63  1531000  76.63
2013-11-14  75.8  76.14  74.94  75.94  1022800  75.94
2013-11-13  75.58  75.79  74.73  75.74  1345000  75.74
2013-11-12  75.03  75.81  74.76  75.68  1901600  75.68
2013-11-11  74.43  75.95  74.41  75.07  1462600  75.07
2013-11-08  72.08  75.16  71.91  74.95  2152600  74.95
2013-11-07  72.0  73.06  71.86  71.91  1647000  71.91
2013-11-06  70.95  72.05  70.84  71.98  1053000  71.98
2013-11-05  71.19  72.27  70.95  70.95  1408300  70.95
2013-11-04  71.21  71.59  69.51  71.1  2151300  71.1
2013-11-01  71.47  72.42  71.47  71.95  1372400  71.95
2013-10-31  72.3  72.41  71.44  71.48  1504600  71.48
2013-10-30  72.24  72.71  71.74  72.19  1221500  72.19
2013-10-29  72.5  72.8  72.07  72.25  1323800  72.25
2013-10-28  73.64  73.68  72.33  72.4  1400200  72.4
2013-10-25  74.04  74.2  73.31  73.69  1181000  73.69
2013-10-24  74.63  75.06  73.78  74.14  1244700  74.14
2013-10-23  74.53  75.05  74.03  74.38  1742000  74.38
2013-10-22  74.04  75.15  73.55  74.87  2435500  74.87
2013-10-21  73.88  74.42  73.37  73.82  1305400  73.82
2013-10-18  74.18  74.18  72.77  74.0  1505000  74.0
2013-10-17  73.22  74.16  73.02  73.94  1067900  73.94
2013-10-16  72.73  74.4  72.41  73.68  1402700  73.68
2013-10-15  72.21  73.25  72.13  72.4  1060900  72.4
2013-10-14  71.89  72.73  71.26  72.58  638700  72.58
2013-10-11  71.38  73.08  71.38  72.0  1272100  72.0
2013-10-10  70.03  71.77  69.63  71.76  1219300  71.76
2013-10-09  69.9  70.1  68.95  69.39  910600  69.39
2013-10-08  71.68  71.81  69.68  69.77  1228800  69.77
2013-10-07  71.98  72.65  71.44  71.65  1548300  71.65
2013-10-04  71.52  72.65  71.11  72.24  1877000  72.24
2013-10-03  70.89  71.52  70.34  71.21  1408900  71.21
2013-10-02  71.34  71.57  70.04  71.25  1613300  71.25
2013-10-01  71.09  72.08  70.84  72.05  1033100  72.05
2013-09-30  71.49  71.64  70.78  71.16  1394200  71.16
2013-09-27  72.04  72.3  71.33  72.08  1050700  72.08
2013-09-26  71.98  72.72  71.76  72.54  1889800  72.54
2013-09-25  71.2  72.1  70.81  71.82  1952300  71.82
2013-09-24  70.82  71.11  70.17  70.34  1058200  70.34
2013-09-23  71.58  71.8  70.62  70.9  1351400  70.9
2013-09-20  71.21  72.57  71.08  71.81  4513500  71.81
2013-09-19  68.23  71.44  68.13  71.14  3700800  71.14
2013-09-18  69.08  69.91  67.69  68.27  3324800  68.27
2013-09-17  69.09  69.36  68.88  69.3  1488500  69.3
2013-09-16  69.8  70.2  68.84  69.09  1916500  69.09
2013-09-13  70.08  70.42  69.46  69.69  1168700  69.69
2013-09-12  69.9  70.79  69.59  70.04  1828700  70.04
2013-09-11  70.49  70.95  69.93  70.02  1773300  70.02
2013-09-10  70.15  71.03  70.06  70.54  1818000  70.54
2013-09-09  69.9  70.19  69.59  69.86  1311000  69.86
2013-09-06  70.48  70.49  69.36  69.77  1838600  69.77
2013-09-05  70.67  70.74  69.92  70.24  1384700  70.24
2013-09-04  69.51  70.7  69.04  70.51  1842200  70.51
2013-09-03  68.87  69.61  68.6  69.24  1295700  69.24
2013-08-30  67.42  68.24  67.3  68.07  1189000  68.07
2013-08-29  67.33  68.17  67.31  67.46  1361000  67.46
2013-08-28  67.6  68.36  67.6  67.75  1400600  67.75
2013-08-27  68.54  68.56  67.31  67.49  1585800  67.49
2013-08-26  69.43  69.93  68.85  68.87  1116100  68.87
2013-08-23  69.76  70.02  68.7  69.48  1087300  69.48
2013-08-22  69.33  69.69  69.11  69.56  963900  69.56
2013-08-21  69.38  69.69  68.86  69.2  1410600  69.2
2013-08-20  69.26  69.57  68.74  69.3  2072700  69.3
2013-08-19  69.72  70.2  69.17  69.21  2482900  69.21
2013-08-16  71.45  71.69  70.08  70.22  2246200  70.22
2013-08-15  70.46  72.15  70.18  71.63  2823500  71.63
2013-08-14  71.17  71.39  70.1  70.79  2060700  70.79
2013-08-13  68.45  71.53  68.29  71.26  3005400  71.26
2013-08-12  68.73  68.84  68.11  68.49  984400  68.49
2013-08-09  69.14  69.64  68.95  69.08  808300  69.08
2013-08-08  68.86  69.5  68.63  69.14  1299700  69.14
2013-08-07  69.21  69.21  67.82  68.81  1277800  68.81
2013-08-06  69.0  69.42  68.4  69.3  1567100  69.3
2013-08-05  68.9  69.43  68.39  68.98  1173200  68.98
2013-08-02  68.92  69.28  68.36  69.21  2747300  69.21
2013-08-01  71.65  71.65  67.99  69.09  4743600  69.09
2013-07-31  71.8  72.19  70.49  70.9  2702200  70.9
2013-07-30  71.46  71.55  70.89  70.97  1362200  70.97
2013-07-29  70.84  71.94  70.71  71.18  1397100  71.18
2013-07-26  70.02  70.7  69.95  70.65  1660500  70.65
2013-07-25  70.63  70.96  70.06  70.69  1930400  70.69
2013-07-24  70.63  71.89  70.32  70.49  1679300  70.49
2013-07-23  70.79  71.53  70.48  70.53  1300300  70.53
2013-07-22  72.08  72.08  69.97  70.57  2640800  70.57
2013-07-19  73.28  73.28  70.63  71.56  2838700  71.56
2013-07-18  73.02  73.58  72.49  73.14  1798200  73.14
2013-07-17  73.11  73.6  72.47  72.78  1640500  72.78
2013-07-16  73.94  74.07  72.69  73.03  2157600  73.03
2013-07-15  73.94  74.1  73.05  73.83  2002800  73.83
2013-07-12  73.75  74.15  72.81  74.04  3042700  74.04
2013-07-11  74.17  74.17  72.87  73.47  2828100  73.47
2013-07-10  73.04  73.48  72.69  73.19  1103400  73.19
2013-07-09  74.39  74.6  73.23  73.43  2002100  73.43
2013-07-08  74.78  74.78  73.83  73.99  1199200  73.99
2013-07-05  73.0  74.32  72.89  74.3  1592200  74.3
2013-07-03  71.54  72.93  71.42  72.48  1288900  72.48
2013-07-02  72.21  73.09  71.75  71.99  2108500  71.99
2013-07-01  72.76  73.85  72.62  73.24  1727400  73.24
2013-06-28  73.39  73.5  72.67  72.71  3248100  72.71
2013-06-27  73.33  73.76  72.92  73.25  1955500  73.25
2013-06-26  73.28  74.06  72.04  73.05  3090700  73.05
2013-06-25  74.19  74.56  72.66  73.12  2461000  73.12
2013-06-24  73.85  73.85  72.52  72.81  3469900  72.81
2013-06-21  74.37  74.44  71.94  73.51  4624400  73.51
2013-06-20  71.99  76.06  71.93  73.8  4894100  73.8
2013-06-19  73.95  73.98  72.32  72.72  3626400  72.72
2013-06-18  73.23  74.39  72.8  73.98  2798400  73.98
2013-06-17  71.58  73.41  71.28  73.13  3260200  73.13
2013-06-14  71.21  71.58  70.81  71.12  2456800  71.12
2013-06-13  69.28  71.13  68.97  70.97  2050900  70.97
2013-06-12  69.54  69.85  68.99  69.19  1617200  69.19
2013-06-11  69.41  69.78  68.47  69.3  2177300  69.3
2013-06-10  69.3  70.81  68.99  69.89  3508800  69.89
2013-06-07  66.4  69.05  66.4  68.93  2655200  68.93
2013-06-06  65.71  66.41  65.24  65.98  1889700  65.98
2013-06-05  65.7  66.01  65.01  65.88  2788600  65.88
2013-06-04  66.4  66.45  65.05  65.79  3554600  65.79
2013-06-03  64.65  65.42  63.33  65.41  2349500  65.41
2013-05-31  66.94  66.96  64.2  64.61  2604200  64.61
2013-05-30  64.17  66.64  64.17  66.37  4974900  66.37
2013-05-29  61.82  64.65  61.57  64.31  3247900  64.31
2013-05-28  62.0  62.86  61.84  62.29  1745800  62.29
2013-05-24  60.86  61.46  60.01  61.38  1497400  61.38
2013-05-23  59.7  61.22  59.38  60.99  2638300  60.99
2013-05-22  61.05  61.42  59.73  59.98  2451100  59.98
2013-05-21  61.77  62.01  61.1  61.17  1758200  61.17
2013-05-20  61.61  62.53  61.58  62.07  1354200  62.07
2013-05-17  61.08  62.13  60.97  61.98  1685400  61.98
2013-05-16  60.61  61.51  60.48  61.09  1578100  61.09
2013-05-15  60.56  61.29  60.0  60.91  1637400  60.91
2013-05-14  59.71  60.62  59.13  60.59  1763200  60.59
2013-05-13  59.46  60.23  59.23  59.79  1218300  59.79
2013-05-10  57.8  59.59  57.5  59.46  1875400  59.46
2013-05-09  57.57  58.21  57.54  57.79  855700  57.79
2013-05-08  57.2  57.97  56.76  57.73  1492900  57.73
2013-05-07  58.05  58.24  57.46  57.52  1180300  57.52
2013-05-06  57.64  58.22  57.6  57.98  1144300  57.98
2013-05-03  57.7  58.26  57.37  57.67  1808700  57.67
2013-05-02  57.14  57.5  55.76  57.45  1947500  57.45
2013-05-01  57.87  58.0  57.14  57.19  1508600  57.19
2013-04-30  57.82  58.11  57.59  57.88  1064800  57.88
2013-04-29  58.02  58.25  57.7  57.86  1174700  57.86
2013-04-26  57.96  58.26  57.79  57.8  891600  57.8
2013-04-25  57.35  58.22  57.31  58.04  1327800  58.04
2013-04-24  57.09  57.55  56.87  57.23  737200  57.23
2013-04-23  57.55  57.61  56.63  56.93  2036300  56.93
2013-04-22  56.2  57.59  56.05  57.33  1859400  57.33
2013-04-19  56.04  56.25  55.64  56.12  1693100  56.12
2013-04-18  56.07  56.45  55.51  55.67  1123600  55.67
2013-04-17  56.12  56.39  55.77  55.86  1270900  55.86
2013-04-16  56.33  56.73  56.05  56.54  1529600  56.54
2013-04-15  57.37  57.78  55.93  55.96  1638100  55.96
2013-04-12  57.71  58.01  57.33  57.52  955600  57.52
2013-04-11  57.34  58.01  57.17  57.82  1664800  57.82
2013-04-10  56.98  57.37  56.98  57.27  1181100  57.27
2013-04-09  57.32  57.46  56.84  57.03  1129600  57.03
2013-04-08  56.39  57.3  56.25  57.3  1056000  57.3
2013-04-05  56.46  57.65  55.65  56.53  2146100  56.53
2013-04-04  57.31  57.44  56.92  57.07  1145000  57.07
2013-04-03  57.46  57.59  57.03  57.1  1745700  57.1
2013-04-02  57.07  58.12  56.98  57.64  2278900  57.64
2013-04-01  58.96  58.96  57.69  57.95  1018400  57.95
2013-03-28  58.46  58.57  57.81  58.41  1301900  58.41
2013-03-27  58.05  58.39  57.7  58.36  1321300  58.36
2013-03-26  58.37  58.7  58.18  58.55  1128100  58.55
2013-03-25  58.89  58.96  58.01  58.29  1230400  58.29
2013-03-22  58.16  58.62  57.63  58.61  1434300  58.61
2013-03-21  58.82  59.06  57.92  57.95  1923600  57.95
2013-03-20  58.59  59.16  58.08  59.0  2458600  59.0
2013-03-19  59.6  59.6  58.05  58.15  2815700  58.15
2013-03-18  59.58  59.85  59.36  59.52  1420900  59.52
2013-03-15  60.52  60.52  59.73  60.05  3074400  60.05
2013-03-14  59.47  60.23  59.44  59.99  2156400  59.99
2013-03-13  59.55  59.76  59.43  59.46  1315600  59.46
2013-03-12  59.62  59.84  59.08  59.44  1934500  59.44
2013-03-11  59.13  59.69  59.13  59.53  1956300  59.53
2013-03-08  59.08  59.74  58.77  59.29  1527400  59.29
2013-03-07  59.27  59.32  58.26  58.71  1392000  58.71
2013-03-06  58.32  59.28  58.3  58.98  2167600  58.98
2013-03-05  57.66  58.4  57.51  58.19  2488200  58.19
2013-03-04  56.63  57.62  56.29  57.48  3092200  57.48
2013-03-01  56.48  56.64  55.81  56.57  2452900  56.57
2013-02-28  56.58  56.75  55.99  56.34  3366200  56.34
2013-02-27  55.48  56.71  55.28  56.67  2786100  56.67
2013-02-26  54.5  55.7  54.34  55.69  2874400  55.69
2013-02-25  55.29  55.94  54.28  54.55  2423700  54.55
2013-02-22  54.49  55.19  54.3  55.05  1290700  55.05
2013-02-21  54.72  54.87  54.3  54.4  1310200  54.4
2013-02-20  55.8  55.82  54.63  54.78  2175400  54.78
2013-02-19  55.44  55.89  55.31  55.66  1734200  55.66
2013-02-15  55.06  55.51  54.74  55.25  2145400  55.25
2013-02-14  54.02  55.2  53.88  55.18  1966300  55.18
2013-02-13  53.92  54.07  53.44  54.06  2192600  54.06
2013-02-12  53.65  54.16  53.52  54.0  1411900  54.0
2013-02-11  54.16  54.51  53.45  53.75  1936600  53.75
2013-02-08  53.88  54.15  53.47  54.07  1461900  54.07
2013-02-07  53.69  53.95  53.26  53.72  2214800  53.72
2013-02-06  53.76  54.58  53.24  53.56  5042100  53.56
2013-02-05  55.16  55.95  54.94  55.87  2287700  55.87
2013-02-04  55.59  55.61  54.89  55.02  2009100  55.02
2013-02-01  54.91  55.9  54.32  55.74  2829900  55.74
2013-01-31  54.82  55.01  54.39  54.61  2157800  54.61
2013-01-30  54.81  55.08  54.68  54.87  2250700  54.87
2013-01-29  54.47  54.85  54.17  54.68  1906000  54.68
2013-01-28  54.52  54.84  54.12  54.44  1647500  54.44
2013-01-25  54.15  54.49  53.84  54.48  1705200  54.48
2013-01-24  53.79  54.29  53.55  54.08  2480500  54.08
2013-01-23  53.29  53.85  53.23  53.67  2550200  53.67
2013-01-22  52.49  53.45  52.28  53.45  2310300  53.45
2013-01-18  52.39  52.65  52.14  52.4  1684800  52.4
2013-01-17  51.77  52.52  51.7  52.38  1302700  52.38
2013-01-16  51.56  51.89  51.23  51.73  1482700  51.73
2013-01-15  51.12  51.76  51.12  51.68  1643800  51.68
2013-01-14  51.05  51.7  51.04  51.3  1769000  51.3
2013-01-11  50.37  51.11  50.37  51.0  1598800  51.0
2013-01-10  49.96  50.51  49.75  50.34  1019800  50.34
2013-01-09  50.13  50.42  49.73  49.91  1169800  49.91
2013-01-08  50.51  50.51  49.56  49.94  1725400  49.94
2013-01-07  50.59  50.94  50.13  50.5  2655100  50.5
2013-01-04  48.8  51.15  48.49  50.77  3770200  50.77
2013-01-03  48.52  48.78  48.19  48.68  2130700  48.68
2013-01-02  48.43  48.84  48.15  48.47  1923900  48.47
2012-12-31  47.47  47.9  47.25  47.84  2026400  47.84
2012-12-28  47.23  47.84  47.23  47.32  1701500  47.32
2012-12-27  47.67  47.89  47.01  47.54  1677900  47.54
2012-12-26  48.11  48.53  47.8  47.92  1427500  47.92
2012-12-24  47.77  48.06  47.66  47.99  691500  47.99
2012-12-21  48.38  48.38  47.5  47.91  3568400  47.91
2012-12-20  50.35  50.47  48.03  48.53  4693700  48.53
2012-12-19  49.75  49.98  49.44  49.69  2515800  49.69
2012-12-18  48.7  49.72  48.62  49.48  4041400  49.48
2012-12-17  48.58  48.81  48.2  48.73  2399900  48.73
2012-12-14  47.97  48.51  47.64  48.37  2844500  48.37
2012-12-13  48.81  49.19  47.97  48.35  3724700  48.35
2012-12-12  48.97  49.34  48.57  48.62  2850000  48.62
2012-12-11  49.96  50.07  48.33  48.74  6543400  48.74
2012-12-10  49.57  50.24  49.4  49.78  2608600  49.78
2012-12-07  50.7  50.85  50.23  50.61  1640600  50.61
2012-12-06  49.75  50.93  49.72  50.68  2126800  50.68
2012-12-05  49.9  50.34  49.32  49.98  1537100  49.98
2012-12-04  50.65  50.84  49.41  49.91  2065100  49.91
2012-12-03  50.74  50.98  50.5  50.75  1200500  50.75
2012-11-30  50.37  50.86  50.12  50.48  1528300  50.48
2012-11-29  50.5  50.59  50.02  50.37  1133000  50.37
2012-11-28  49.35  50.3  49.1  50.14  2112500  50.14
2012-11-27  50.4  50.55  49.5  49.58  1489300  49.58
2012-11-26  49.8  50.53  49.8  50.48  1059800  50.48
2012-11-23  49.77  50.18  49.49  49.9  745700  49.9
2012-11-21  49.97  50.0  49.39  49.71  786700  49.71
2012-11-20  49.71  50.13  49.57  49.87  1141300  49.87
2012-11-19  49.78  50.18  49.5  49.73  1137600  49.73
2012-11-16  49.35  49.72  49.07  49.54  1324000  49.54
2012-11-15  49.12  49.82  49.07  49.39  1261200  49.39
2012-11-14  49.28  49.43  48.8  48.92  1492700  48.92
2012-11-13  49.33  50.13  49.26  49.28  1298300  49.28
2012-11-12  49.63  49.83  49.2  49.63  941800  49.63
2012-11-09  50.15  50.41  49.55  49.6  1192600  49.6
2012-11-08  50.87  51.31  49.97  49.99  1226000  49.99
2012-11-07  51.09  51.25  50.44  50.75  2866700  50.75
2012-11-06  51.51  51.89  51.21  51.48  1366700  51.48
2012-11-05  50.53  51.48  50.45  51.27  1046300  51.27
2012-11-02  52.5  52.5  50.78  50.88  1413200  50.88
2012-11-01  51.32  51.75  50.77  51.58  1184700  51.58
2012-10-31  50.56  51.11  50.26  51.08  1968500  51.08
2012-10-26  50.61  51.0  49.94  50.62  1978700  50.62
2012-10-25  51.42  51.76  49.46  50.23  4054700  50.23
2012-10-24  51.78  52.02  51.06  51.65  1602700  51.65
2012-10-23  51.31  51.86  50.85  51.58  1571900  51.58
2012-10-22  51.34  51.76  50.98  51.73  1129300  51.73
2012-10-19  52.6  52.63  51.07  51.6  2130500  51.6
2012-10-18  52.65  52.79  52.31  52.66  1226000  52.66
2012-10-17  52.71  52.97  52.06  52.87  1147100  52.87
2012-10-16  51.9  52.69  51.78  52.51  877100  52.51
2012-10-15  51.72  51.97  51.28  51.93  830800  51.93
2012-10-12  51.6  51.87  51.24  51.48  1494900  51.48
2012-10-11  52.09  52.26  51.59  51.68  1350600  51.68
2012-10-10  51.94  52.14  51.41  51.99  1288800  51.99
2012-10-09  52.57  52.69  51.86  52.03  1488900  52.03
2012-10-08  51.84  52.97  51.79  52.53  1069400  52.53
2012-10-05  52.8  52.92  52.28  52.53  1481400  52.53
2012-10-04  52.3  52.77  51.98  52.54  1128400  52.54
2012-10-03  52.31  52.73  51.5  52.12  1940100  52.12
2012-10-02  52.44  52.74  51.98  52.16  2260300  52.16
2012-10-01  52.86  52.96  51.64  52.15  2311500  52.15
2012-09-28  52.34  52.52  51.71  52.32  2287300  52.32
2012-09-27  52.15  52.62  51.89  52.42  1541900  52.42
2012-09-26  52.22  52.35  51.58  52.31  2059600  52.31
2012-09-25  52.45  53.16  51.99  52.17  1721400  52.17
2012-09-24  52.89  53.06  52.38  52.86  1249600  52.86
2012-09-21  53.32  53.43  52.72  52.96  5782100  52.96
2012-09-20  52.45  53.05  52.34  53.01  1389800  53.01
2012-09-19  53.56  53.69  52.62  52.72  1996800  52.72
2012-09-18  53.67  53.77  53.1  53.34  2365800  53.34
2012-09-17  53.64  54.1  53.48  53.63  2167000  53.63
2012-09-14  53.49  54.8  52.99  53.79  3908100  53.79
2012-09-13  53.57  54.37  53.31  54.21  2399600  54.21
2012-09-12  53.53  53.98  53.43  53.82  1551500  53.82
2012-09-11  53.34  53.52  53.08  53.5  2865700  53.5
2012-09-10  53.35  53.66  53.16  53.53  2794800  53.53
2012-09-07  51.6  53.5  51.13  53.34  5167700  53.34
2012-09-06  50.49  51.57  49.92  51.5  3001700  51.5
2012-09-05  49.8  50.15  49.0  50.1  3323700  50.1
2012-09-04  49.73  50.13  49.47  50.1  1631500  50.1
2012-08-31  49.49  49.76  49.38  49.73  2519700  49.73
2012-08-30  49.01  49.46  48.92  49.38  1685100  49.38
2012-08-29  48.95  49.38  48.94  49.3  2227100  49.3
2012-08-28  48.47  49.19  48.45  48.94  1759700  48.94
2012-08-27  48.64  48.81  48.31  48.65  1621400  48.65
2012-08-24  48.14  48.69  47.9  48.62  1051200  48.62
2012-08-23  48.55  48.6  48.26  48.31  1470100  48.31
2012-08-22  48.25  48.62  47.77  48.51  1706600  48.51
2012-08-21  48.92  49.37  48.36  48.55  1358100  48.55
2012-08-20  48.94  49.79  48.82  48.91  2036700  48.91
2012-08-17  48.72  49.06  47.99  49.02  2213300  49.02
2012-08-16  47.58  48.61  47.58  48.45  1593900  48.45
2012-08-15  47.74  47.89  47.42  47.7  885700  47.7
2012-08-14  48.43  48.54  47.4  47.63  1986600  47.63
2012-08-13  48.45  48.68  48.2  48.47  1092800  48.47
2012-08-10  48.39  48.61  48.02  48.55  921000  48.55
2012-08-09  48.09  48.66  47.96  48.47  1620400  48.47
2012-08-08  48.03  48.09  47.79  47.97  1603100  47.97
2012-08-07  47.18  48.35  47.15  48.07  2858800  48.07
2012-08-06  46.48  47.22  46.16  47.11  1683800  47.11
2012-08-03  45.52  46.34  44.93  46.14  3468400  46.14
2012-08-02  46.15  46.25  44.88  45.14  3388700  45.14
2012-08-01  47.36  47.47  46.24  46.3  2303300  46.3
2012-07-31  47.23  47.56  47.15  47.21  1797600  47.21
2012-07-30  47.58  47.61  47.23  47.4  2061500  47.4
2012-07-27  47.88  47.88  47.25  47.57  2261600  47.57
2012-07-26  47.1  47.66  46.49  47.5  2353500  47.5
2012-07-25  46.77  46.78  45.9  46.44  2088200  46.44
2012-07-24  46.42  46.5  46.0  46.3  1707400  46.3
2012-07-23  45.88  46.43  45.45  46.31  1328800  46.31
2012-07-20  47.01  47.01  46.39  46.56  9191500  46.56
2012-07-19  47.8  48.0  46.75  47.21  1899500  47.21
2012-07-18  47.57  47.85  47.19  47.78  1151500  47.78
2012-07-17  47.69  47.96  47.02  47.68  1607500  47.68
2012-07-16  47.36  47.74  47.35  47.54  1537000  47.54
2012-07-13  47.53  48.13  47.45  47.68  1784000  47.68
2012-07-12  46.86  47.48  46.3  47.23  1687000  47.23
2012-07-11  46.87  47.57  46.76  47.02  2093500  47.02
2012-07-10  47.52  48.43  46.78  46.91  2797500  46.91
2012-07-09  47.74  47.9  47.31  47.48  2009000  47.48
2012-07-06  47.65  47.89  47.47  47.74  1722500  47.74
2012-07-05  48.78  48.95  47.88  48.04  2000500  48.04
2012-07-03  49.19  49.5  48.81  48.9  1042000  48.9
2012-07-02  48.73  49.17  47.71  49.14  2262000  49.14
2012-06-29  48.52  49.64  48.24  48.58  1885000  48.58
2012-06-28  47.54  48.27  47.08  47.93  2387500  47.93
2012-06-27  48.71  48.85  47.56  47.99  2309000  47.99
2012-06-26  48.37  49.15  48.37  48.77  1245000  48.77
2012-06-25  49.22  49.32  48.08  48.4  1541000  48.4
2012-06-22  49.49  49.92  49.19  49.33  2407000  49.33
2012-06-21  50.28  50.73  49.2  49.2  1742000  49.2
2012-06-20  50.82  50.84  49.93  50.22  1625000  50.22
2012-06-19  51.34  51.53  50.51  50.71  2066000  50.71
2012-06-18  50.07  51.52  49.73  51.13  2480500  51.13
2012-06-15  49.73  50.45  49.24  50.35  2204000  50.35
2012-06-14  49.39  49.67  49.05  49.44  1771000  49.44
2012-06-13  49.71  50.1  49.17  49.22  1593000  49.22
2012-06-12  49.73  50.0  49.18  49.87  1613500  49.87
2012-06-11  49.76  50.3  49.43  49.51  2872000  49.51
2012-06-08  48.16  49.24  47.82  49.2  1620000  49.2
2012-06-07  49.41  49.52  48.18  48.32  2726500  48.32
2012-06-06  48.65  49.62  48.52  48.83  3000000  48.83
2012-06-05  46.85  48.61  46.73  48.19  4573000  48.19
2012-06-04  46.26  46.95  46.25  46.86  3042500  46.86
2012-06-01  45.46  46.18  45.37  46.18  3026000  46.18
2012-05-31  46.85  47.21  46.01  46.28  3153500  46.28
2012-05-30  47.07  47.16  46.51  46.85  1983000  46.85
2012-05-29  47.53  47.61  46.81  47.4  1666000  47.4
2012-05-25  46.88  47.47  46.51  47.17  2638000  47.17
2012-05-24  45.64  46.08  45.54  46.02  2475500  46.02
2012-05-23  45.75  46.15  44.74  45.55  3485000  45.55
2012-05-22  47.45  47.96  45.91  46.22  2994500  46.22
2012-05-21  46.6  47.64  46.45  47.42  3374000  47.42
2012-05-18  46.05  47.22  46.05  46.36  3773500  46.36
2012-05-17  45.85  46.64  45.48  45.56  2834000  45.56
2012-05-16  46.61  47.24  46.11  46.13  2039500  46.13
2012-05-15  46.8  46.92  46.23  46.45  2433500  46.45
2012-05-14  46.79  47.14  46.39  46.73  1392500  46.73
2012-05-11  46.99  47.84  46.39  47.24  2663500  47.24
2012-05-10  47.19  47.46  46.83  47.02  2335000  47.02
2012-05-09  45.75  46.98  45.51  46.71  3080500  46.71
2012-05-08  45.86  46.24  45.55  46.16  3136500  46.16
2012-05-07  46.36  46.71  45.7  45.88  3115000  45.88
2012-05-04  47.33  47.4  46.36  46.39  2400500  46.39
2012-05-03  47.39  48.02  46.78  47.46  3191000  47.46
2012-05-02  48.1  48.1  47.16  47.28  2355000  47.28
2012-05-01  47.76  48.62  47.5  48.22  2433500  48.22
2012-04-30  48.13  48.17  47.59  47.76  2028000  47.76
2012-04-27  49.28  49.58  48.01  48.22  2510000  48.22
2012-04-26  48.07  49.4  47.97  49.23  4420500  49.23
2012-04-25  49.25  49.45  48.79  49.08  2128000  49.08
2012-04-24  49.0  49.4  48.76  48.97  1450500  48.97
2012-04-23  48.69  49.0  48.26  48.85  1779500  48.85
2012-04-20  50.05  50.05  48.85  49.06  2764500  49.06
2012-04-19  50.1  50.29  49.53  49.85  1829000  49.85
2012-04-18  50.07  50.33  49.67  50.01  2067500  50.01
2012-04-17  50.84  50.84  49.82  50.34  3070500  50.34
2012-04-16  51.24  51.32  50.23  50.43  1995500  50.43
2012-04-13  51.62  51.62  50.65  50.7  3787500  50.7
2012-04-12  51.0  51.66  50.53  51.65  1835000  51.65
2012-04-11  51.35  51.5  50.85  51.05  1989500  51.05
2012-04-10  50.92  51.34  50.49  50.68  2125000  50.68
2012-04-09  50.91  51.35  50.4  51.15  1972500  51.15
2012-04-05  51.2  51.97  51.2  51.73  1873000  51.73
2012-04-04  51.66  52.05  51.22  51.43  2241000  51.43
2012-04-03  52.27  52.42  51.06  51.82  3120500  51.82
2012-04-02  51.98  52.89  51.61  52.32  1817000  52.32
2012-03-30  52.13  52.41  51.62  51.98  2908000  51.98
2012-03-29  52.18  52.54  51.49  52.03  2048500  52.03
2012-03-28  52.81  52.89  51.82  52.23  3071000  52.23
2012-03-27  53.45  53.59  52.7  52.84  2328500  52.84
2012-03-26  53.56  53.79  52.58  53.49  2865500  53.49
2012-03-23  53.14  53.41  52.33  53.18  2799500  53.18
2012-03-22  53.19  53.53  52.7  53.14  2661500  53.14
2012-03-21  52.84  54.73  52.11  53.66  5881000  53.66
2012-03-20  51.96  53.46  51.66  52.89  4676500  52.89
2012-03-19  51.71  52.45  51.38  52.11  2670500  52.11
2012-03-16  51.82  52.83  51.22  52.01  5627000  52.01
2012-03-15  49.57  52.17  49.57  51.43  5617500  51.43
2012-03-14  48.91  49.82  48.87  49.69  4075000  49.69
2012-03-13  48.91  49.19  48.06  49.05  4838500  49.05
2012-03-12  49.65  49.89  48.29  48.55  2793000  48.55
2012-03-09  49.69  49.84  49.42  49.69  1872000  49.69
2012-03-08  49.66  49.77  49.17  49.63  1900000  49.63
2012-03-07  48.89  49.74  48.76  49.45  3254000  49.45
2012-03-06  49.35  49.57  48.29  48.46  6637500  48.46
2012-03-05  51.06  51.1  49.45  49.53  4710000  49.53
2012-03-02  51.04  51.48  50.83  51.04  2250000  51.04
2012-03-01  50.59  51.28  50.58  51.03  3077000  51.03
2012-02-29  51.35  51.95  50.99  51.02  4020000  51.02
2012-02-28  51.19  51.95  50.69  51.25  2521500  51.25
2012-02-27  51.28  51.54  50.68  51.07  9268500  51.07
2012-02-24  51.61  51.61  50.91  51.53  6842500  51.53
2012-02-23  50.79  51.54  50.61  51.43  7784000  51.43
2012-02-22  50.84  51.18  50.23  50.79  3532500  50.79
2012-02-21  51.76  51.9  50.52  51.13  5055000  51.13
2012-02-17  52.34  52.34  51.23  51.81  4646500  51.81
2012-02-16  51.11  52.34  50.51  52.11  4065000  52.11
2012-02-15  51.06  51.37  50.61  51.23  3479500  51.23
2012-02-14  50.99  51.28  50.37  51.11  4637000  51.11
2012-02-13  51.53  51.58  50.58  51.29  3507000  51.29
2012-02-10  49.45  51.52  49.45  51.39  5571500  51.39
2012-02-09  50.37  50.64  49.83  49.94  3556000  49.94
2012-02-08  49.0  50.28  48.92  50.2  6230000  50.2
2012-02-07  48.19  48.84  47.72  48.65  3324000  48.65
2012-02-06  48.18  48.56  47.82  48.53  4568000  48.53
2012-02-03  47.15  48.41  46.92  48.19  6232500  48.19
2012-02-02  44.0  46.91  43.79  46.89  10082500  46.89
2012-02-01  42.64  43.56  42.45  43.27  3761500  43.27
2012-01-31  42.31  42.53  41.69  42.21  3479500  42.21
2012-01-30  42.11  42.52  41.99  42.3  1888500  42.3
2012-01-27  42.2  42.66  41.97  42.46  1224500  42.46
2012-01-26  42.64  43.05  42.3  42.38  1757500  42.38
2012-01-25  42.31  43.24  42.31  42.67  2351000  42.67
2012-01-24  41.67  42.47  41.43  42.39  1861500  42.39
2012-01-23  42.26  42.53  41.99  42.03  2089000  42.03
2012-01-20  41.86  42.39  41.47  42.28  2559000  42.28
2012-01-19  41.1  42.96  41.06  41.87  7455000  41.87
2012-01-18  40.41  41.06  39.84  41.01  2478500  41.01
2012-01-17  41.68  42.28  40.04  40.39  4900000  40.39
2012-01-13  40.85  41.59  40.58  41.33  3310500  41.33
2012-01-12  39.83  41.14  39.75  41.11  3358000  41.11
2012-01-11  40.11  40.28  39.6  39.83  3895000  39.83
2012-01-10  40.4  40.6  39.91  40.1  4882500  40.1
2012-01-09  40.96  41.5  39.85  40.23  7035500  40.23
2012-01-06  41.48  41.59  40.45  41.24  6486500  41.24
2012-01-05  42.29  42.48  41.7  42.06  3895500  42.06
2012-01-04  43.04  43.33  42.32  42.48  2698500  42.48
2012-01-03  43.61  43.98  43.21  43.29  2076500  43.29
2011-12-30  43.19  43.22  42.7  42.95  1156500  42.95
2011-12-29  43.01  43.67  42.76  43.24  1133500  43.24
2011-12-28  43.14  43.33  42.65  42.75  1160000  42.75
2011-12-27  43.39  43.63  43.18  43.22  1178000  43.22
2011-12-23  43.54  43.54  42.81  43.43  2110500  43.43
2011-12-22  43.15  43.52  42.85  43.31  2143500  43.31
2011-12-21  43.71  43.87  41.79  42.54  3614500  42.54
2011-12-20  43.18  43.96  42.97  43.73  2132500  43.73
2011-12-19  42.65  42.8  42.42  42.65  2636500  42.65
2011-12-16  42.48  42.83  42.27  42.65  3830500  42.65
2011-12-15  42.47  42.67  41.95  42.14  2438000  42.14
2011-12-14  41.96  42.35  41.76  41.86  2064000  41.86
2011-12-13  42.83  43.06  41.75  42.23  2105500  42.23
2011-12-12  43.18  43.34  42.05  42.67  3076000  42.67
2011-12-09  43.09  44.19  42.78  43.47  2470500  43.47
2011-12-08  43.91  44.19  42.59  42.86  2838500  42.86
2011-12-07  43.46  44.77  42.95  44.36  2663000  44.36
2011-12-06  43.64  43.94  43.24  43.6  2213000  43.6
2011-12-05  44.99  45.29  43.31  43.65  2995000  43.65
2011-12-02  44.58  45.52  43.8  44.39  3548500  44.39
2011-12-01  43.33  44.2  43.0  43.81  2733000  43.81
2011-11-30  43.18  43.76  42.96  43.68  3075500  43.68
2011-11-29  43.14  43.14  41.95  41.98  3101500  41.98
2011-11-28  42.36  43.0  42.22  42.95  3635000  42.95
2011-11-25  41.74  42.29  41.31  41.68  1081000  41.68
2011-11-23  41.44  42.44  41.26  41.88  4297000  41.88
2011-11-22  42.19  42.7  41.88  42.15  3280000  42.15
2011-11-21  42.69  43.19  41.88  42.32  4953000  42.32
2011-11-18  42.24  44.01  41.52  43.61  7697000  43.61
2011-11-17  42.25  42.52  41.22  41.71  7557000  41.71
2011-11-16  44.51  44.6  41.87  42.26  9497500  42.26
2011-11-15  44.97  45.58  44.46  45.12  3033000  45.12
2011-11-14  45.78  46.08  44.92  45.19  3718500  45.19
2011-11-11  46.39  46.72  45.42  46.18  3383000  46.18
2011-11-10  47.22  47.32  45.39  45.57  3998500  45.57
2011-11-09  47.58  47.93  46.41  46.57  3378000  46.57
2011-11-08  48.37  49.05  47.85  48.88  3386500  48.88
2011-11-07  48.03  48.27  47.16  48.2  3282500  48.2
2011-11-04  46.48  47.94  46.4  47.54  4559500  47.54
2011-11-03  45.74  47.34  45.11  47.06  3904000  47.06
2011-11-02  45.0  45.82  44.51  45.45  4210000  45.45
2011-11-01  45.6  46.95  43.8  44.13  7635000  44.13
2011-10-31  48.15  49.13  48.15  48.28  4769000  48.28
2011-10-28  48.24  49.19  47.93  49.06  3251500  49.06
2011-10-27  47.38  48.72  46.94  48.5  5818000  48.5
2011-10-26  45.87  46.68  45.64  46.16  3255500  46.16
2011-10-25  46.62  46.94  45.13  45.28  3298000  45.28
2011-10-24  46.31  47.25  46.31  47.08  3468500  47.08
2011-10-21  46.27  46.8  45.92  46.34  3366500  46.34
2011-10-20  45.07  46.31  44.94  45.81  3093000  45.81
2011-10-19  45.42  46.05  44.95  45.09  2719500  45.09
2011-10-18  44.43  45.72  43.68  45.57  2803500  45.57
2011-10-17  45.27  45.85  44.22  44.37  2623500  44.37
2011-10-14  45.38  45.77  45.09  45.51  2999500  45.51
2011-10-13  45.13  45.51  44.51  44.91  2305000  44.91
2011-10-12  45.65  45.82  44.85  45.49  3450000  45.49
2011-10-11  46.0  46.29  44.59  45.03  3896000  45.03
2011-10-10  45.47  46.89  45.26  46.62  3322500  46.62
2011-10-07  46.79  46.97  44.36  44.5  3999000  44.5
2011-10-06  45.01  46.81  44.58  46.69  3161500  46.69
2011-10-05  44.28  45.09  43.85  44.85  2353500  44.85
2011-10-04  43.0  44.24  41.75  44.22  3797000  44.22
2011-10-03  42.82  44.34  42.82  43.54  3616500  43.54
2011-09-30  44.42  44.92  43.15  43.17  2902500  43.17
2011-09-29  45.37  45.84  43.75  45.06  2610500  45.06
2011-09-28  45.92  46.03  44.5  44.56  2860000  44.56
2011-09-27  47.19  47.31  45.61  45.96  3125500  45.96
2011-09-26  45.66  46.33  44.8  46.27  2271500  46.27
2011-09-23  45.24  45.87  44.84  45.2  2825500  45.2
2011-09-22  44.07  46.17  43.98  45.36  3009500  45.36
2011-09-21  46.14  46.74  45.14  45.2  2858500  45.2
2011-09-20  46.64  47.24  45.9  46.2  2188000  46.2
2011-09-19  46.86  47.21  45.82  46.57  2083000  46.57
2011-09-16  47.83  47.87  46.78  47.67  2683500  47.67
2011-09-15  47.83  47.83  46.57  47.64  2117500  47.64
2011-09-14  46.28  47.92  45.56  47.24  3334500  47.24
2011-09-13  45.9  46.4  45.32  46.35  3459000  46.35
2011-09-12  44.28  45.63  44.08  45.6  1875500  45.6
2011-09-09  44.71  45.64  44.54  44.84  2957500  44.84
2011-09-08  46.16  46.48  44.91  45.29  2630000  45.29
2011-09-07  45.38  46.86  45.06  46.6  3016000  46.6
2011-09-06  43.95  44.7  43.24  44.4  3116000  44.4
2011-09-02  45.44  45.95  44.45  45.08  2913500  45.08
2011-09-01  46.62  47.04  46.07  46.28  2405500  46.28
2011-08-31  46.64  46.88  45.92  46.55  2074000  46.55
2011-08-30  45.88  46.61  45.27  46.24  2262500  46.24
2011-08-29  44.43  46.09  44.19  45.99  3356500  45.99
2011-08-26  42.69  44.0  42.08  43.72  2882000  43.72
2011-08-25  44.41  44.77  42.55  42.92  2698000  42.92
2011-08-24  43.28  44.31  42.98  44.25  2017000  44.25
2011-08-23  41.75  43.72  41.62  43.63  2490500  43.63
2011-08-22  42.09  42.17  41.38  41.69  2177500  41.69
2011-08-19  41.41  42.62  41.21  41.33  3714500  41.33
2011-08-18  43.33  43.33  41.52  41.94  5771000  41.94
2011-08-17  44.99  45.3  43.65  44.28  2552500  44.28
2011-08-16  44.94  45.31  43.41  44.73  3874000  44.73
2011-08-15  44.9  45.41  44.46  45.41  1848000  45.41
2011-08-12  45.25  45.63  44.18  44.43  1941500  44.43
2011-08-11  42.17  45.29  42.17  44.77  4960500  44.77
2011-08-10  45.35  45.85  41.64  41.68  9044500  41.68
2011-08-09  44.12  46.45  43.1  46.36  6001000  46.36
2011-08-08  45.65  46.59  42.96  43.11  5074000  43.11
2011-08-05  46.81  47.91  45.66  46.95  5001500  46.95
2011-08-04  48.33  48.67  46.24  46.28  3089000  46.28
2011-08-03  48.94  49.22  47.92  48.76  2277000  48.76
2011-08-02  49.56  50.05  48.78  48.83  2101500  48.83
2011-08-01  51.3  51.32  49.55  50.15  2273000  50.15
2011-07-29  48.76  51.29  48.76  50.39  4215500  50.39
2011-07-28  49.1  50.09  48.99  49.46  2850500  49.46
2011-07-27  49.49  49.66  48.23  48.53  2167000  48.53
2011-07-26  49.77  50.01  49.29  49.68  1622000  49.68
2011-07-25  49.55  49.98  49.09  49.63  2124500  49.63
2011-07-22  49.89  50.05  49.68  49.79  1346500  49.79
2011-07-21  50.05  50.2  49.67  49.96  2238000  49.96
2011-07-20  50.54  50.6  49.73  49.75  1603000  49.75
2011-07-19  49.99  50.53  49.85  50.43  1531500  50.43
2011-07-18  50.72  50.89  49.7  49.83  1844500  49.83
2011-07-15  50.61  51.08  50.09  50.96  2213500  50.96
2011-07-14  50.67  50.67  50.1  50.41  1532500  50.41
2011-07-13  50.56  51.13  50.34  50.45  1049500  50.45
2011-07-12  50.22  51.0  49.9  50.38  1832000  50.38
2011-07-11  50.74  51.04  49.84  50.05  2028000  50.05
2011-07-08  51.5  51.61  50.94  51.32  1997000  51.32
2011-07-07  51.95  52.28  51.74  52.1  1458500  52.1
2011-07-06  51.61  51.81  51.41  51.64  987500  51.64
2011-07-05  51.43  51.92  50.91  51.7  1632000  51.7
2011-07-01  50.55  51.81  50.54  51.71  1638000  51.71
2011-06-30  50.19  51.08  49.99  50.81  2204500  50.81
2011-06-29  49.55  50.23  49.28  50.19  1620000  50.19
2011-06-28  49.05  49.69  48.75  49.49  1260500  49.49
2011-06-27  48.84  49.43  48.41  48.97  1504500  48.97
2011-06-24  48.63  48.91  48.07  48.83  1775000  48.83
2011-06-23  48.57  48.95  47.84  48.68  2399500  48.68
2011-06-22  49.18  49.66  48.82  49.02  1993000  49.02
2011-06-21  48.76  49.44  48.44  49.28  1963500  49.28
2011-06-20  48.18  48.7  47.32  48.6  1679500  48.6
2011-06-17  48.35  48.57  47.95  48.42  3088500  48.42
2011-06-16  47.16  48.16  47.05  47.92  2663500  47.92
2011-06-15  47.03  47.59  46.79  47.01  2369500  47.01
2011-06-14  47.63  48.0  47.32  47.64  2221500  47.64
2011-06-13  47.16  47.39  46.53  47.16  2678500  47.16
2011-06-10  47.0  47.1  46.29  46.51  2562500  46.51
2011-06-09  45.72  46.39  45.44  46.16  2237000  46.16
2011-06-08  46.03  46.51  45.26  45.46  2854000  45.46
2011-06-07  46.52  46.89  46.07  46.11  2081500  46.11
2011-06-06  46.96  47.19  46.07  46.14  3457500  46.14
2011-06-03  47.66  47.9  47.15  47.17  2356500  47.17
2011-06-02  48.37  48.79  48.07  48.29  2684000  48.29
2011-06-01  49.29  49.44  48.12  48.17  2606500  48.17
2011-05-31  49.65  49.87  49.1  49.54  3213500  49.54
2011-05-27  49.52  49.58  49.03  49.09  2728000  49.09
2011-05-26  49.57  49.92  49.05  49.25  2852000  49.25
2011-05-25  50.14  50.69  49.54  49.63  3183000  49.63
2011-05-24  51.29  51.32  50.19  50.29  3440500  50.29
2011-05-23  51.12  51.34  50.84  51.2  1812000  51.2
2011-05-20  51.78  52.0  51.51  51.72  1734500  51.72
2011-05-19  51.63  51.92  51.32  51.91  1682500  51.91
2011-05-18  51.25  51.63  51.05  51.53  1507500  51.53
2011-05-17  51.46  51.93  50.81  51.18  1624000  51.18
2011-05-16  50.94  52.2  50.8  51.74  2808500  51.74
2011-05-13  51.6  51.75  50.44  51.03  2537000  51.03
2011-05-12  51.32  51.69  50.77  51.6  1905000  51.6
2011-05-11  51.89  52.16  51.23  51.49  2746000  51.49
2011-05-10  51.4  51.8  50.97  51.8  1654000  51.8
2011-05-09  50.74  51.54  50.21  51.14  1895500  51.14
2011-05-06  50.07  51.07  50.07  50.55  3952500  50.55
2011-05-05  49.62  49.86  49.29  49.59  2121500  49.59
2011-05-04  50.46  50.57  49.53  49.79  2503500  49.79
2011-05-03  51.37  51.66  50.16  50.57  2378500  50.57
2011-05-02  51.64  51.82  51.23  51.51  2054000  51.51
2011-04-29  52.6  52.6  51.12  51.27  3400000  51.27
2011-04-28  53.57  53.57  52.45  52.71  2608000  52.71
2011-04-27  53.9  53.94  52.72  53.72  2266000  53.72
2011-04-26  53.63  53.88  53.21  53.87  1465500  53.87
2011-04-25  53.58  54.07  53.14  53.26  1349500  53.26
2011-04-21  53.82  54.27  53.54  53.7  1042500  53.7
2011-04-20  53.0  53.74  52.61  53.73  1803500  53.73
2011-04-19  52.93  53.03  52.29  52.35  1819000  52.35
2011-04-18  52.6  53.05  52.5  52.68  1696000  52.68
2011-04-15  53.22  53.65  52.76  53.19  1501000  53.19
2011-04-14  52.68  53.19  52.3  52.97  1577000  52.97
2011-04-13  52.49  53.03  52.2  52.81  1378500  52.81
2011-04-12  52.53  52.8  52.1  52.3  1365500  52.3
2011-04-11  52.9  53.21  52.52  52.7  1640000  52.7
2011-04-08  53.28  53.4  52.74  52.94  1421500  52.94
2011-04-07  53.35  53.74  52.79  53.04  1501000  53.04
2011-04-06  53.05  53.83  52.89  53.5  2671500  53.5
2011-04-05  52.84  53.2  52.79  52.85  1480500  52.85
2011-04-04  53.01  53.25  52.81  52.89  1472500  52.89
2011-04-01  52.61  53.34  52.21  52.75  3026000  52.75
2011-03-31  52.4  52.53  51.81  52.28  2257000  52.28
2011-03-30  51.92  52.68  51.7  52.57  2357000  52.57
2011-03-29  51.41  51.66  50.98  51.66  1547000  51.66
2011-03-28  51.21  51.69  51.07  51.23  2141500  51.23
2011-03-25  51.71  51.79  51.0  51.29  1720500  51.29
2011-03-24  52.09  52.16  51.19  51.71  1809500  51.71
2011-03-23  50.07  52.16  50.07  51.8  3399000  51.8
2011-03-22  50.1  50.62  50.06  50.43  2161500  50.43
2011-03-21  49.87  50.28  49.34  50.27  3054500  50.27
2011-03-18  50.17  50.47  49.26  49.54  3626500  49.54
2011-03-17  49.31  50.07  49.17  49.79  3642500  49.79
2011-03-16  49.42  49.82  48.47  48.59  3511000  48.59
2011-03-15  49.64  50.26  49.16  49.56  4053000  49.56
2011-03-14  50.98  51.45  50.11  50.51  3567500  50.51
2011-03-11  51.25  51.58  50.71  51.24  2799500  51.24
2011-03-10  51.49  52.03  51.27  51.3  3908500  51.3
2011-03-09  52.61  52.74  51.6  51.98  3311500  51.98
2011-03-08  52.85  52.96  52.3  52.62  2023000  52.62
2011-03-07  52.9  53.57  52.3  52.44  3256000  52.44
2011-03-04  53.22  53.56  52.12  52.6  1885500  52.6
2011-03-03  52.95  53.76  52.8  53.17  2350000  53.17
2011-03-02  52.65  53.3  52.43  52.46  2202000  52.46
2011-03-01  53.75  53.85  52.4  52.89  3048500  52.89
2011-02-28  54.31  54.64  53.69  53.71  3191000  53.71
2011-02-25  52.7  54.26  52.57  54.11  3366000  54.11
2011-02-24  51.97  52.83  51.75  52.55  2343500  52.55
2011-02-23  51.77  52.53  51.25  52.01  3110500  52.01
2011-02-22  51.89  52.71  51.35  51.78  3486000  51.78
2011-02-18  52.3  52.95  51.86  52.26  3426500  52.26
2011-02-17  50.53  52.45  50.53  52.22  5675500  52.22
2011-02-16  50.63  51.31  50.42  50.68  5250500  50.68
2011-02-15  52.17  52.44  50.13  50.27  13078500  50.27
2011-02-14  53.2  53.75  52.11  52.21  4427000  52.21
2011-02-11  52.91  53.75  52.83  53.28  2948500  53.28
2011-02-10  52.14  53.2  52.11  53.1  2743000  53.1
2011-02-09  52.2  53.44  51.72  52.2  4188500  52.2
2011-02-08  52.43  52.56  51.71  51.95  2919000  51.95
2011-02-07  52.81  52.83  52.02  52.4  2448500  52.4
2011-02-04  51.92  53.12  51.85  52.49  4666000  52.49
2011-02-03  52.42  52.95  51.32  51.92  7762500  51.92
2011-02-02  54.36  54.75  54.08  54.38  2704000  54.38
2011-02-01  53.45  54.77  53.38  54.52  2718500  54.52
2011-01-31  52.61  53.74  52.59  53.24  1928000  53.24
2011-01-28  53.44  53.92  52.37  52.61  2104000  52.61
2011-01-27  52.78  53.66  52.75  53.47  2193000  53.47
2011-01-26  53.01  53.27  52.54  52.73  2266000  52.73
2011-01-25  53.16  53.4  51.98  52.96  3160500  52.96
2011-01-24  53.33  53.67  53.13  53.42  1429500  53.42
2011-01-21  53.72  54.24  53.19  53.47  1768000  53.47
2011-01-20  52.95  53.87  52.69  53.36  1469000  53.36
2011-01-19  54.06  54.19  52.69  52.85  2196000  52.85
2011-01-18  54.73  54.85  54.05  54.18  1657000  54.18
2011-01-14  54.11  54.82  54.01  54.69  2181500  54.69
2011-01-13  54.41  54.41  53.52  54.11  1809000  54.11
2011-01-12  54.04  54.5  53.72  54.34  1812000  54.34
2011-01-11  54.36  54.79  53.33  53.64  2076000  53.64
2011-01-10  53.67  54.93  53.56  54.33  3829500  54.33
2011-01-07  53.86  53.88  52.48  53.09  3064000  53.09
2011-01-06  53.84  54.63  52.93  54.12  2921000  54.12
2011-01-05  54.19  54.74  53.55  53.73  3481000  53.73
2011-01-04  54.53  54.92  54.36  54.7  2728000  54.7
2011-01-03  55.73  55.81  54.39  54.6  3688500  54.6
2010-12-31  55.43  55.8  55.08  55.52  1166000  55.52
2010-12-30  55.85  56.24  55.4  55.57  1042000  55.57
2010-12-29  55.93  56.2  55.5  56.02  1001500  56.02
2010-12-28  56.28  56.6  55.59  55.95  1448500  55.95
2010-12-27  55.82  56.3  55.78  56.29  1211000  56.29
2010-12-23  56.25  56.42  55.86  55.95  967500  55.95
2010-12-22  56.13  56.43  55.83  56.43  1736500  56.43
2010-12-21  55.55  56.42  55.43  56.27  1528500  56.27
2010-12-20  55.25  55.7  55.22  55.5  2100500  55.5
2010-12-17  55.37  55.54  54.92  55.09  3703000  55.09
2010-12-16  54.94  55.58  54.57  55.58  1998000  55.58
2010-12-15  55.72  56.07  54.94  54.94  2124000  54.94
2010-12-14  55.7  56.19  55.39  55.78  1635000  55.78
2010-12-13  55.54  56.6  55.46  55.69  1898000  55.69
2010-12-10  55.78  55.96  54.51  55.5  1932500  55.5
2010-12-09  55.74  56.36  55.17  55.53  2687500  55.53
2010-12-08  54.11  55.71  54.02  55.43  3833500  55.43
2010-12-07  54.32  54.56  53.77  53.98  2639000  53.98
2010-12-06  53.55  54.38  53.11  53.78  3001500  53.78
2010-12-03  53.64  53.78  52.99  53.47  2390000  53.47
2010-12-02  52.06  54.15  51.93  53.73  5938000  53.73
2010-12-01  50.36  51.79  50.24  51.59  5774500  51.59
2010-11-30  48.6  49.61  48.49  49.53  2666500  49.53
2010-11-29  49.41  49.51  48.41  49.15  2193500  49.15
2010-11-26  49.31  50.2  49.02  49.83  940000  49.83
2010-11-24  49.0  49.81  48.68  49.75  2330500  49.75
2010-11-23  49.02  49.32  48.1  48.35  3242500  48.35
2010-11-22  50.63  50.76  49.06  49.48  2817500  49.48
2010-11-19  50.61  50.92  50.28  50.8  2256500  50.8
2010-11-18  50.53  51.35  50.32  50.68  2700500  50.68
2010-11-17  49.21  50.19  48.51  50.07  3000500  50.07
2010-11-16  49.61  50.18  49.09  49.28  2432500  49.28
2010-11-15  49.83  50.37  49.77  49.78  2050000  49.78
2010-11-12  50.11  50.3  49.4  49.72  1983000  49.72
2010-11-11  50.47  51.06  49.98  50.4  2073500  50.4
2010-11-10  50.47  50.73  49.64  50.67  1788500  50.67
2010-11-09  50.98  51.07  50.1  50.41  2337500  50.41
2010-11-08  50.49  50.95  50.32  50.86  2131500  50.86
2010-11-05  50.92  51.49  50.32  50.72  2538500  50.72
2010-11-04  50.2  51.08  49.89  51.08  3151500  51.08
2010-11-03  49.75  50.11  49.0  49.79  1421500  49.79
2010-11-02  49.45  49.98  49.45  49.68  2012500  49.68
2010-11-01  50.01  50.04  48.92  49.34  2371000  49.34
2010-10-29  49.5  50.23  49.26  49.8  3768000  49.8
2010-10-28  48.87  49.79  48.35  49.76  4670500  49.76
2010-10-27  47.95  48.66  47.82  48.56  4795500  48.56
2010-10-26  48.37  48.68  48.11  48.23  3556500  48.23
2010-10-25  49.06  49.13  48.26  48.65  3068000  48.65
2010-10-22  48.46  48.94  48.23  48.77  1829000  48.77
2010-10-21  48.74  49.21  48.1  48.53  3123500  48.53
2010-10-20  48.06  49.0  47.82  48.27  4441500  48.27
2010-10-19  47.79  48.52  47.38  48.27  4679500  48.27
2010-10-18  46.58  48.63  46.43  48.29  5434500  48.29
2010-10-15  45.7  46.33  45.19  45.99  3206000  45.99
2010-10-14  45.27  45.65  44.87  45.55  2594000  45.55
2010-10-13  45.58  45.77  44.67  45.35  3819000  45.35
2010-10-12  44.62  45.54  43.95  45.42  5570500  45.42
2010-10-11  45.11  45.11  44.48  44.63  2111000  44.63
2010-10-08  45.31  45.31  44.79  45.11  2246500  45.11
2010-10-07  46.07  46.4  45.26  45.37  1971000  45.37
2010-10-06  46.2  46.58  45.63  45.95  1941500  45.95
2010-10-05  45.11  46.37  44.39  46.01  3525500  46.01
2010-10-04  44.63  45.27  44.35  44.68  2081000  44.68
2010-10-01  44.87  45.04  44.1  44.7  2119500  44.7
2010-09-30  44.92  45.42  44.73  44.78  3334500  44.78
2010-09-29  45.33  45.56  44.56  44.62  3353000  44.62
2010-09-28  46.06  46.06  45.21  45.48  2866500  45.48
2010-09-27  46.22  46.38  45.7  45.76  2594500  45.76
2010-09-24  45.43  46.59  45.31  46.36  3140000  46.36
2010-09-23  45.54  45.61  44.81  44.88  2485000  44.88
2010-09-22  46.21  46.62  45.78  45.79  2072500  45.79
2010-09-21  46.85  46.89  45.78  46.24  2442500  46.24
2010-09-20  45.45  47.28  45.3  46.75  4332500  46.75
2010-09-17  46.29  46.51  45.1  45.37  4782500  45.37
2010-09-16  46.6  46.81  45.81  46.09  1758500  46.09
2010-09-15  45.99  46.78  45.74  46.68  1855500  46.68
2010-09-14  46.26  46.57  46.12  46.3  1371500  46.3
2010-09-13  46.17  46.78  45.93  46.6  2819500  46.6
2010-09-10  45.05  45.66  45.03  45.54  1806500  45.54
2010-09-09  45.53  45.62  44.66  45.11  1885500  45.11
2010-09-08  44.37  45.27  44.36  44.82  2263000  44.82
2010-09-07  45.19  45.43  44.15  44.24  2322000  44.24
2010-09-03  45.51  45.87  44.99  45.38  2794000  45.38
2010-09-02  43.93  45.06  43.7  44.92  3165000  44.92
2010-09-01  43.25  43.89  42.82  43.87  3077000  43.87
2010-08-31  42.29  42.62  42.08  42.48  2802500  42.48
2010-08-30  43.66  44.12  42.56  42.62  3203500  42.62
2010-08-27  43.01  43.96  42.81  43.94  4906000  43.94
2010-08-26  42.4  43.28  42.21  42.95  5673000  42.95
2010-08-25  40.52  42.16  40.42  42.09  4870500  42.09
2010-08-24  40.31  41.11  40.14  40.87  4220000  40.87
2010-08-23  40.89  41.07  40.47  40.71  3528000  40.71
2010-08-20  41.21  41.24  40.49  40.68  4113500  40.68
2010-08-19  41.94  42.15  41.08  41.21  3562000  41.21
2010-08-18  42.47  42.75  41.82  42.08  2803000  42.08
2010-08-17  42.28  42.94  42.03  42.42  2643000  42.42
2010-08-16  41.74  42.66  41.47  42.19  3287000  42.19
2010-08-13  42.44  43.03  41.89  41.9  3036000  41.9
2010-08-12  42.43  42.96  41.79  42.69  5732500  42.69
2010-08-11  44.33  44.5  42.93  43.15  6281000  43.15
2010-08-10  46.21  46.33  45.14  45.17  3757000  45.17
2010-08-09  46.66  46.68  45.99  46.55  2389500  46.55
2010-08-06  46.72  47.21  45.81  46.46  3255500  46.46
2010-08-05  47.37  47.57  46.92  47.04  2143000  47.04
2010-08-04  47.92  48.38  47.38  47.61  2306500  47.61
2010-08-03  49.13  49.13  47.7  47.85  2296000  47.85
2010-08-02  48.26  49.06  48.15  48.97  2002000  48.97
2010-07-30  48.39  48.84  47.22  47.72  2568000  47.72
2010-07-29  49.28  49.59  48.61  48.92  2757500  48.92
2010-07-28  48.92  49.28  48.53  48.53  2526500  48.53
2010-07-27  48.82  49.04  48.46  48.59  1926500  48.59
2010-07-26  49.0  49.26  48.26  48.55  2140000  48.55
2010-07-23  47.98  49.24  47.92  49.05  2766500  49.05
2010-07-22  47.22  48.47  47.09  48.22  3436000  48.22
2010-07-21  47.23  47.38  46.7  46.75  4436500  46.75
2010-07-20  45.49  47.23  45.37  47.11  3853000  47.11
2010-07-19  45.69  46.22  45.43  45.78  2215000  45.78
2010-07-16  47.04  47.26  45.28  45.57  5664500  45.57
2010-07-15  47.05  47.44  46.54  47.3  3153000  47.3
2010-07-14  47.39  47.74  46.41  47.15  3698500  47.15
2010-07-13  47.73  48.07  47.44  47.63  2769000  47.63
2010-07-12  47.19  47.81  47.07  47.42  3386500  47.42
2010-07-09  48.2  48.42  47.07  47.44  2885000  47.44
2010-07-08  47.79  48.4  47.35  48.2  3354500  48.2
2010-07-07  46.82  47.66  46.82  47.61  3082500  47.61
2010-07-06  47.87  48.08  46.63  46.99  4058000  46.99
2010-07-02  47.76  47.93  46.84  47.05  3372000  47.05
2010-07-01  48.15  48.6  46.69  47.67  7860500  47.67
2010-06-30  49.15  49.71  48.06  48.19  3432000  48.19
2010-06-29  50.21  50.41  49.13  49.28  3775500  49.28
2010-06-28  51.21  51.96  50.8  50.8  3740500  50.8
2010-06-25  50.47  51.51  50.19  50.88  5665500  50.88
2010-06-24  51.15  51.5  49.58  49.67  3161000  49.67
2010-06-23  52.04  52.7  51.25  51.45  2455000  51.45
2010-06-22  52.73  53.76  51.96  52.05  3765000  52.05
2010-06-21  53.08  53.64  52.32  52.6  3063500  52.6
2010-06-18  53.24  53.32  52.29  52.57  3663000  52.57
2010-06-17  53.02  53.49  52.36  52.98  3982500  52.98
2010-06-16  52.57  53.71  52.57  53.17  2502500  53.17
2010-06-15  53.16  53.58  52.68  53.02  5041000  53.02
2010-06-14  51.91  53.48  51.44  52.58  4898000  52.58
2010-06-11  51.35  52.34  51.19  51.77  2883000  51.77
2010-06-10  50.94  52.12  50.32  51.96  3480500  51.96
2010-06-09  51.26  51.83  49.83  49.89  3323000  49.89
2010-06-08  51.57  51.77  49.8  51.03  4295500  51.03
2010-06-07  53.27  53.53  51.06  51.08  3949500  51.08
2010-06-04  54.15  54.74  52.73  52.97  3159000  52.97
2010-06-03  55.28  55.45  54.27  55.16  2584500  55.16
2010-06-02  53.81  55.06  53.56  55.06  3651000  55.06
2010-06-01  53.78  54.73  53.05  53.13  2406500  53.13
2010-05-28  54.46  54.92  53.84  53.99  2852000  53.99
2010-05-27  53.87  54.49  53.41  54.38  3463500  54.38
2010-05-26  53.84  54.37  52.69  52.8  4728000  52.8
2010-05-25  53.54  54.22  52.28  53.25  5791500  53.25
2010-05-24  54.94  56.43  53.71  55.07  5651000  55.07
2010-05-21  51.16  54.34  51.16  54.31  6643000  54.31
2010-05-20  52.17  53.26  51.56  51.66  6452000  51.66
2010-05-19  52.51  53.23  51.42  52.97  3393500  52.97
2010-05-18  54.57  55.04  52.3  52.56  3596500  52.56
2010-05-17  54.15  54.26  52.87  53.89  2622500  53.89
2010-05-14  55.0  55.07  53.29  53.78  3891000  53.78
2010-05-13  56.13  56.32  55.22  55.22  2003000  55.22
2010-05-12  56.43  56.61  55.93  56.14  2702000  56.14
2010-05-11  56.09  56.93  55.83  56.13  2922500  56.13
2010-05-10  55.33  56.78  55.32  56.78  4831000  56.78
2010-05-07  55.07  55.41  53.09  53.74  6207000  53.74
2010-05-06  55.12  56.17  52.42  54.8  5217500  54.8
2010-05-05  54.29  56.51  54.11  55.36  3173000  55.36
2010-05-04  55.34  55.81  54.51  54.93  2971000  54.93
2010-05-03  56.37  57.15  55.96  56.09  2338000  56.09
2010-04-30  56.95  57.71  55.98  56.14  3354000  56.14
2010-04-29  56.77  57.66  54.65  56.52  4449000  56.52
2010-04-28  57.15  57.63  53.54  56.32  3996000  56.32
2010-04-27  57.89  58.99  56.61  56.82  3971000  56.82
2010-04-26  57.1  59.25  56.48  58.27  5133500  58.27
2010-04-23  57.64  58.27  56.71  57.1  3618000  57.1
2010-04-22  54.82  58.69  54.65  57.63  8065000  57.63
2010-04-21  54.62  55.2  54.57  54.99  2774000  54.99
2010-04-20  55.15  55.53  54.39  54.62  3080500  54.62
2010-04-19  53.37  55.15  53.3  54.74  3461000  54.74
2010-04-16  54.42  54.74  52.87  53.23  4238000  53.23
2010-04-15  54.42  55.3  54.18  54.75  2619500  54.75
2010-04-14  53.01  54.52  52.74  54.47  4632500  54.47
2010-04-13  53.13  53.13  52.47  52.89  2660000  52.89
2010-04-12  53.42  53.44  52.91  52.94  1943500  52.94
2010-04-09  53.16  53.59  52.97  53.21  2043000  53.21
2010-04-08  53.61  53.61  52.97  53.16  3399500  53.16
2010-04-07  53.4  54.28  53.39  53.59  2603500  53.59
2010-04-06  53.61  54.27  52.96  54.03  2873000  54.03
2010-04-05  54.79  55.23  53.79  54.07  3424000  54.07
2010-04-01  54.3  54.96  54.11  54.51  2365000  54.51
2010-03-31  53.53  54.15  53.43  53.9  2568000  53.9
2010-03-30  53.92  54.12  53.46  53.91  2149500  53.91
2010-03-29  53.85  54.22  53.54  53.82  2739500  53.82
2010-03-26  54.73  55.39  53.61  53.83  3558500  53.83
2010-03-25  54.64  55.42  54.41  54.54  2848500  54.54
2010-03-24  52.79  54.88  52.71  54.37  3881500  54.37
2010-03-23  53.2  53.35  52.58  52.96  4332000  52.96
2010-03-22  52.87  53.42  52.7  53.13  1765000  53.13
2010-03-19  53.71  53.71  52.8  53.14  3966500  53.14
2010-03-18  53.98  53.98  52.87  53.01  2612000  53.01
2010-03-17  54.05  54.14  53.62  53.88  1783000  53.88
2010-03-16  53.65  53.87  53.19  53.59  2152000  53.59
2010-03-15  53.34  53.63  52.78  53.56  2474000  53.56
2010-03-12  53.87  54.21  53.42  53.61  2536500  53.61
2010-03-11  52.34  53.42  52.16  53.42  2841000  53.42
2010-03-10  52.44  52.71  52.03  52.5  3362500  52.5
2010-03-09  52.98  53.03  52.21  52.54  5859500  52.54
2010-03-08  52.89  53.54  52.11  53.39  5004500  53.39
2010-03-05  52.66  52.98  52.37  52.68  2115500  52.68
2010-03-04  52.11  52.53  51.33  52.24  3022500  52.24
2010-03-03  52.65  52.86  51.37  51.96  3644000  51.96
2010-03-02  51.26  53.12  50.98  52.57  4407500  52.57
2010-03-01  51.31  51.47  50.54  51.14  3462000  51.14
2010-02-26  50.23  51.25  49.92  51.25  5462000  51.25
2010-02-25  48.76  50.23  48.73  50.19  5392000  50.19
2010-02-24  47.44  49.48  47.26  49.36  6629500  49.36
2010-02-23  48.83  49.15  46.89  46.98  4706500  46.98
2010-02-22  49.16  49.78  48.56  48.76  4063500  48.76
2010-02-19  49.32  50.71  49.18  49.57  5206000  49.57
2010-02-18  49.71  50.0  49.35  49.55  2511000  49.55
2010-02-17  50.67  50.68  49.62  49.79  2089500  49.79
2010-02-16  50.12  50.71  49.69  50.48  3283500  50.48
2010-02-12  48.07  49.53  47.77  49.44  4503000  49.44
2010-02-11  47.65  48.66  47.26  48.43  5299500  48.43
2010-02-10  47.82  47.83  46.87  46.94  5282000  46.94
2010-02-09  48.36  48.88  47.6  48.1  3779500  48.1
2010-02-08  48.41  49.91  47.59  47.61  7100000  47.61
2010-02-05  46.04  48.02  46.04  47.7  8544500  47.7
2010-02-04  48.67  48.67  45.15  45.75  11223000  45.75
2010-02-03  49.65  50.28  49.28  49.62  3455000  49.62
2010-02-02  49.43  50.24  48.94  49.81  3470000  49.81
2010-02-01  48.94  49.71  48.16  49.47  3722000  49.47
2010-01-29  49.87  50.34  48.55  48.72  3903000  48.72
2010-01-28  50.7  50.96  49.14  49.35  5256500  49.35
2010-01-27  48.86  50.2  48.18  50.0  6649000  50.0
2010-01-26  51.19  51.24  48.59  48.62  6832500  48.62
2010-01-25  53.75  54.03  52.08  52.15  3680000  52.15
2010-01-22  52.35  54.02  52.34  53.02  5768500  53.02
2010-01-21  56.17  56.17  51.95  52.83  9080000  52.83
2010-01-20  56.69  57.08  55.76  56.06  3049500  56.06
2010-01-19  57.26  57.95  56.85  57.45  2519000  57.45
2010-01-15  58.06  58.27  57.25  57.29  2306500  57.29
2010-01-14  58.09  58.47  57.75  58.05  1585500  58.05
2010-01-13  58.35  58.52  56.83  58.31  3101000  58.31
2010-01-12  59.25  59.68  57.99  58.13  2433000  58.13
2010-01-11  59.48  59.97  58.81  59.33  2242500  59.33
2010-01-08  57.66  59.46  57.37  59.34  4470500  59.34
2010-01-07  57.66  58.12  57.44  57.8  2940500  57.8
2010-01-06  57.84  58.09  57.43  57.72  2522500  57.72
2010-01-05  57.83  58.49  57.41  58.12  2835000  58.12
2010-01-04  57.5  58.35  57.34  58.17  2660500  58.17
