Date  Open  High  Low  Close  Volume  Adj Close
2014-02-28  23.6  23.73  23.55  23.65  2565700  23.65
2014-02-27  23.52  23.78  23.45  23.56  7500600  23.56
2014-02-26  24.28  24.37  23.53  23.55  10724700  23.55
2014-02-25  24.36  24.48  23.99  24.19  5774500  24.19
2014-02-24  24.55  24.7  24.37  24.38  3178600  24.38
2014-02-21  24.26  24.53  24.16  24.48  3749600  24.48
2014-02-20  24.18  24.54  24.06  24.28  3884500  24.28
2014-02-19  23.99  24.47  23.93  24.14  5924300  24.14
2014-02-18  24.0  24.15  23.72  24.09  5914600  24.09
2014-02-14  23.44  24.06  23.38  24.05  5238300  24.05
2014-02-13  23.22  23.52  23.15  23.5  3591300  23.5
2014-02-12  23.28  23.52  23.28  23.3  3341000  23.3
2014-02-11  23.12  23.33  23.06  23.32  3701500  23.32
2014-02-10  23.05  23.19  22.86  23.16  3059400  23.16
2014-02-07  23.0  23.23  22.94  23.09  3168100  23.09
2014-02-06  22.81  22.98  22.72  22.95  4360200  22.95
2014-02-05  22.74  22.86  22.39  22.81  5107600  22.81
2014-02-04  22.92  22.95  22.64  22.83  3668600  22.83
2014-02-03  23.24  23.4  22.73  22.82  4106100  22.82
2014-01-31  23.1  23.53  23.09  23.16  7158900  23.16
2014-01-30  23.02  23.38  23.01  23.31  2780100  23.31
2014-01-29  22.97  23.14  22.79  22.92  2779400  22.92
2014-01-28  22.94  23.13  22.9  23.1  2212800  23.1
2014-01-27  22.94  23.07  22.86  22.95  2559900  22.95
2014-01-24  23.22  23.41  22.92  22.92  2767400  22.92
2014-01-23  23.47  23.52  23.17  23.33  2523700  23.33
2014-01-22  23.45  23.63  23.44  23.55  1708000  23.55
2014-01-21  23.26  23.5  23.23  23.47  2551900  23.47
2014-01-17  23.34  23.36  23.17  23.18  2868100  23.18
2014-01-16  23.21  23.38  23.02  23.32  5048000  23.32
2014-01-15  22.97  23.23  22.85  23.22  6575700  23.22
2014-01-14  22.81  23.05  22.77  23.0  3566000  23.0
2014-01-13  23.06  23.13  22.77  22.81  5265600  22.81
2014-01-10  22.99  23.44  22.98  23.14  5118800  23.14
2014-01-09  22.62  22.88  22.48  22.87  3654400  22.87
2014-01-08  22.79  22.87  22.53  22.61  2521700  22.61
2014-01-07  22.65  22.97  22.58  22.85  2760300  22.85
2014-01-06  22.7  22.71  22.46  22.61  2697800  22.61
2014-01-03  22.63  22.77  22.47  22.58  3187900  22.58
2014-01-02  22.94  23.06  22.58  22.59  2980400  22.59
2013-12-31  22.89  23.0  22.8  22.95  1945900  22.95
2013-12-30  22.91  23.0  22.84  22.88  2159200  22.88
2013-12-27  22.84  23.01  22.78  22.89  1436900  22.89
2013-12-26  22.93  23.02  22.77  22.84  1472800  22.84
2013-12-24  22.85  22.99  22.73  22.92  745000  22.92
2013-12-23  23.07  23.13  22.79  22.83  2700100  22.83
2013-12-20  22.55  23.28  22.55  23.02  6128700  23.02
2013-12-19  22.64  22.66  22.34  22.53  2527600  22.53
2013-12-18  22.62  22.8  22.24  22.76  3646500  22.76
2013-12-17  22.52  22.79  22.42  22.66  4905400  22.66
2013-12-16  22.61  22.78  22.4  22.56  3075100  22.56
2013-12-13  22.61  22.67  22.39  22.45  3138100  22.45
2013-12-12  22.59  22.81  22.58  22.62  2201800  22.62
2013-12-11  22.96  23.04  22.53  22.62  3826200  22.62
2013-12-10  22.99  23.27  22.93  23.01  4628500  23.01
2013-12-09  23.12  23.14  22.77  23.05  3158000  23.05
2013-12-06  23.02  23.26  22.77  23.12  6625800  23.12
2013-12-05  22.77  23.0  22.6  22.96  4889300  22.96
2013-12-04  22.57  22.86  22.47  22.86  3277300  22.86
2013-12-03  22.79  22.94  22.69  22.82  5254800  22.82
2013-12-02  22.94  23.19  22.74  22.9  6728500  22.9
2013-11-29  23.18  23.36  23.11  23.19  3062100  23.19
2013-11-27  23.32  23.34  23.12  23.21  9252800  23.21
2013-11-26  23.95  23.98  22.71  23.34  22806800  23.34
2013-11-25  24.76  24.78  24.55  24.62  3862800  24.62
2013-11-22  24.29  24.8  24.22  24.73  8578100  24.73
2013-11-21  24.22  24.42  24.1  24.29  2765600  24.29
2013-11-20  24.45  24.54  24.11  24.14  2351000  24.14
2013-11-19  24.59  24.68  24.35  24.43  1856200  24.43
2013-11-18  24.82  24.85  24.57  24.66  4160300  24.66
2013-11-15  24.67  24.82  24.54  24.82  7225800  24.82
2013-11-14  24.8  24.89  24.57  24.69  2643000  24.69
2013-11-13  24.31  24.74  24.21  24.73  3029200  24.73
2013-11-12  24.44  24.56  24.35  24.44  12282500  24.44
2013-11-11  24.41  24.67  24.3  24.54  2677500  24.54
2013-11-08  24.2  24.38  23.91  24.37  9744800  24.37
2013-11-07  24.67  24.84  24.24  24.28  3674000  24.28
2013-11-06  23.8  24.71  23.63  24.59  6943300  24.59
2013-11-05  23.98  24.06  23.8  23.82  2911200  23.82
2013-11-04  24.03  24.13  23.77  24.0  2264600  24.0
2013-11-01  24.19  24.26  23.94  23.96  3496600  23.96
2013-10-31  24.06  24.3  23.81  24.15  3046300  24.15
2013-10-30  24.42  24.55  23.99  24.03  2753600  24.03
2013-10-29  24.39  24.48  24.1  24.35  2056500  24.35
2013-10-28  24.48  24.58  24.24  24.38  2690300  24.38
2013-10-25  24.15  24.43  24.03  24.41  2429900  24.41
2013-10-24  24.32  24.38  23.98  24.17  1846900  24.17
2013-10-23  24.24  24.56  24.14  24.23  3514400  24.23
2013-10-22  24.21  24.49  24.11  24.26  3481400  24.26
2013-10-21  24.1  24.24  24.02  24.15  1839800  24.15
2013-10-18  24.32  24.38  24.12  24.15  2679800  24.15
2013-10-17  23.83  24.3  23.73  24.23  1828600  24.23
2013-10-16  23.73  23.93  23.63  23.9  2584400  23.9
2013-10-15  23.86  24.02  23.59  23.6  2088500  23.6
2013-10-14  23.91  23.98  23.54  23.96  2343300  23.96
2013-10-11  23.79  24.01  23.72  24.01  1450800  24.01
2013-10-10  23.58  23.91  23.39  23.89  1577500  23.89
2013-10-09  23.51  23.88  23.38  23.49  2248600  23.49
2013-10-08  23.41  23.63  23.31  23.41  2870000  23.41
2013-10-07  23.55  23.7  23.43  23.43  1365900  23.43
2013-10-04  23.42  23.74  23.4  23.69  2884400  23.69
2013-10-03  23.85  23.85  23.39  23.43  3406400  23.43
2013-10-02  23.68  24.15  23.59  23.96  3749200  23.96
2013-10-01  23.58  23.94  23.5  23.75  2888700  23.75
2013-09-30  23.37  23.61  23.28  23.53  3036200  23.53
2013-09-27  23.54  23.73  23.4  23.49  2304500  23.49
2013-09-26  23.55  23.79  23.52  23.65  2766600  23.65
2013-09-25  23.57  23.78  23.51  23.56  2046800  23.56
2013-09-24  23.76  23.8  23.57  23.59  2652500  23.59
2013-09-23  23.45  23.82  23.33  23.81  3785000  23.81
2013-09-20  23.76  23.91  23.44  23.48  5236500  23.48
2013-09-19  23.92  24.18  23.58  23.77  5124000  23.77
2013-09-18  23.05  23.95  23.02  23.86  7327000  23.86
2013-09-17  22.49  23.06  22.45  23.06  3329800  23.06
2013-09-16  22.72  22.77  22.42  22.45  3118300  22.45
2013-09-13  22.47  22.64  22.42  22.47  1588200  22.47
2013-09-12  22.46  22.57  22.26  22.45  2444500  22.45
2013-09-11  22.67  22.71  22.27  22.44  3413300  22.44
2013-09-10  22.68  22.75  22.55  22.69  2033600  22.69
2013-09-09  22.41  22.73  22.41  22.6  1969400  22.6
2013-09-06  22.44  22.61  22.33  22.39  2877900  22.39
2013-09-05  22.49  22.61  22.28  22.34  2314100  22.34
2013-09-04  22.33  22.53  22.08  22.51  3224100  22.51
2013-09-03  22.66  22.7  22.24  22.34  2859700  22.34
2013-08-30  22.62  22.72  22.4  22.51  2228100  22.51
2013-08-29  22.68  22.85  22.58  22.63  1995400  22.63
2013-08-28  22.58  22.89  22.5  22.77  3174600  22.77
2013-08-27  22.39  22.79  22.32  22.62  3174000  22.62
2013-08-26  22.73  22.78  22.53  22.57  2233900  22.57
2013-08-23  22.59  22.83  22.48  22.75  1646900  22.75
2013-08-22  22.58  22.72  22.48  22.59  1605600  22.59
2013-08-21  22.76  22.84  22.55  22.58  2443800  22.58
2013-08-20  22.51  23.0  22.45  22.88  3711900  22.88
2013-08-19  22.71  22.78  22.46  22.51  2888800  22.51
2013-08-16  22.85  22.91  22.65  22.76  3565300  22.76
2013-08-15  23.02  23.04  22.81  22.86  2749300  22.86
2013-08-14  23.33  23.46  23.04  23.12  2383600  23.12
2013-08-13  23.47  23.53  23.28  23.39  3801400  23.39
2013-08-12  23.49  23.59  23.37  23.46  8489100  23.46
2013-08-09  23.75  23.78  23.48  23.6  9119800  23.6
2013-08-08  23.74  24.09  23.68  23.75  9297200  23.75
2013-08-07  23.84  24.08  23.8  23.87  2325600  23.87
2013-08-06  23.95  24.25  23.84  23.96  3107700  23.96
2013-08-05  24.34  24.38  23.91  23.92  4146900  23.92
2013-08-02  24.51  24.61  24.25  24.44  2177300  24.44
2013-08-01  24.7  24.97  24.05  24.49  2936800  24.49
2013-07-31  24.09  24.33  23.93  24.16  5029000  24.16
2013-07-30  24.13  24.22  24.09  24.16  1603400  24.16
2013-07-29  24.1  24.18  23.99  24.01  1279200  24.01
2013-07-26  23.84  24.16  23.68  24.16  2962700  24.16
2013-07-25  23.7  24.23  23.7  24.05  2547200  24.05
2013-07-24  24.08  24.12  23.72  23.8  1489700  23.8
2013-07-23  23.95  24.17  23.88  24.12  1439200  24.12
2013-07-22  24.07  24.1  23.85  23.92  1290000  23.92
2013-07-19  24.08  24.16  23.7  23.98  2350000  23.98
2013-07-18  23.88  24.17  23.84  24.08  1216400  24.08
2013-07-17  23.96  24.03  23.65  23.8  1609800  23.8
2013-07-16  24.01  24.04  23.69  23.85  1701400  23.85
2013-07-15  23.68  24.05  23.67  23.98  2520800  23.98
2013-07-12  23.67  23.77  23.49  23.75  947600  23.75
2013-07-11  23.65  23.7  23.37  23.66  1451500  23.66
2013-07-10  23.17  23.43  23.09  23.4  1583300  23.4
2013-07-09  23.15  23.23  23.03  23.22  1837500  23.22
2013-07-08  22.83  23.17  22.78  23.05  1770700  23.05
2013-07-05  22.79  22.79  22.46  22.71  1646600  22.71
2013-07-03  22.67  22.83  22.6  22.73  785500  22.73
2013-07-02  22.63  22.95  22.61  22.82  3049400  22.82
2013-07-01  23.15  23.15  22.58  22.65  2749400  22.65
2013-06-28  22.83  23.11  22.68  22.86  3130800  22.86
2013-06-27  22.75  23.0  22.68  22.86  1907200  22.86
2013-06-26  22.58  22.79  22.43  22.68  2217800  22.68
2013-06-25  22.2  22.54  22.07  22.45  3109700  22.45
2013-06-24  21.97  22.19  21.76  22.01  2138000  22.01
2013-06-21  22.04  22.31  21.62  22.15  3039800  22.15
2013-06-20  22.33  22.38  21.81  21.89  2897100  21.89
2013-06-19  23.03  23.09  22.47  22.47  2206200  22.47
2013-06-18  22.97  23.18  22.89  23.04  2153000  23.04
2013-06-17  23.21  23.26  22.8  22.91  2597700  22.91
2013-06-14  22.93  23.17  22.87  23.07  2203000  23.07
2013-06-13  22.42  23.05  22.34  22.99  2950700  22.99
2013-06-12  22.62  22.78  22.29  22.45  3651800  22.45
2013-06-11  22.57  22.64  22.39  22.5  3635000  22.5
2013-06-10  22.79  22.92  22.57  22.71  2435500  22.71
2013-06-07  22.58  22.78  22.4  22.76  1981000  22.76
2013-06-06  22.23  22.54  22.04  22.53  3955200  22.53
2013-06-05  22.42  22.61  22.1  22.24  5134900  22.24
2013-06-04  22.53  22.86  22.36  22.49  4100500  22.49
2013-06-03  22.57  22.79  22.36  22.58  3309900  22.58
2013-05-31  22.53  23.09  22.47  22.56  4218900  22.56
2013-05-30  22.52  22.97  22.44  22.58  2396200  22.58
2013-05-29  22.63  22.71  22.2  22.42  2358000  22.42
2013-05-28  22.99  23.23  22.68  22.8  2122200  22.8
2013-05-24  23.02  23.15  22.81  22.93  2005600  22.93
2013-05-23  22.94  23.3  22.82  23.22  3264600  23.22
2013-05-22  23.68  23.82  23.04  23.1  2620300  23.1
2013-05-21  23.64  23.87  23.54  23.72  1703500  23.72
2013-05-20  23.56  23.74  23.5  23.62  2061800  23.62
2013-05-17  23.51  23.72  23.44  23.65  2542500  23.65
2013-05-16  23.67  23.75  23.42  23.45  2381500  23.45
2013-05-15  23.46  23.88  23.42  23.76  2756100  23.76
2013-05-14  23.19  23.65  23.12  23.48  3969800  23.48
2013-05-13  23.25  23.34  23.15  23.23  3067400  23.23
2013-05-10  23.25  23.38  23.19  23.36  2137500  23.36
2013-05-09  23.12  23.44  23.1  23.24  3433800  23.24
2013-05-08  23.48  23.61  23.27  23.37  1998500  23.37
2013-05-07  23.39  23.56  23.34  23.52  3903800  23.52
2013-05-06  23.45  23.47  23.27  23.33  3518800  23.33
2013-05-03  23.32  23.72  23.11  23.48  5153200  23.48
2013-05-02  23.25  23.54  23.09  23.29  3701600  23.29
2013-05-01  23.81  23.86  23.41  23.48  3023000  23.48
2013-04-30  23.69  23.82  23.51  23.81  2899100  23.81
2013-04-29  23.51  23.83  23.41  23.66  2232400  23.66
2013-04-26  23.45  23.57  23.4  23.41  1515300  23.41
2013-04-25  23.49  23.59  23.37  23.47  1679500  23.47
2013-04-24  23.43  23.48  23.27  23.34  1915700  23.34
2013-04-23  23.26  23.35  23.07  23.34  1756700  23.34
2013-04-22  23.27  23.34  23.03  23.18  1734800  23.18
2013-04-19  23.0  23.31  22.91  23.29  1787500  23.29
2013-04-18  22.76  23.05  22.74  22.91  2736900  22.91
2013-04-17  22.9  23.0  22.6  22.74  3483200  22.74
2013-04-16  22.84  23.02  22.71  23.01  3585500  23.01
2013-04-15  23.15  23.19  22.68  22.68  3865900  22.68
2013-04-12  23.33  23.39  23.18  23.18  2731800  23.18
2013-04-11  23.33  23.41  23.26  23.38  1973800  23.38
2013-04-10  23.15  23.3  23.11  23.25  2946400  23.25
2013-04-09  23.3  23.35  23.08  23.1  4057700  23.1
2013-04-08  23.01  23.23  22.98  23.22  2957800  23.22
2013-04-05  22.81  23.09  22.69  23.03  3275800  23.03
2013-04-04  22.95  23.18  22.92  23.1  3438100  23.1
2013-04-03  23.14  23.2  22.83  22.9  2647100  22.9
2013-04-02  23.02  23.24  23.0  23.12  2891200  23.12
2013-04-01  23.05  23.14  22.86  22.96  2002900  22.96
2013-03-28  22.88  23.21  22.81  23.12  3165200  23.12
2013-03-27  22.77  22.97  22.73  22.84  2384900  22.84
2013-03-26  22.73  22.93  22.67  22.92  2971200  22.92
2013-03-25  22.68  22.82  22.39  22.59  3283400  22.59
2013-03-22  22.58  22.82  22.54  22.61  3480000  22.61
2013-03-21  22.2  22.65  22.15  22.62  5159800  22.62
2013-03-20  22.23  22.41  22.18  22.31  2810000  22.31
2013-03-19  22.39  22.45  22.03  22.16  3221900  22.16
2013-03-18  22.23  22.7  22.16  22.3  7814300  22.3
2013-03-15  23.0  23.17  22.03  22.59  24499700  22.59
2013-03-14  21.09  21.13  20.97  21.07  2409600  21.07
2013-03-13  21.05  21.11  20.97  21.1  1769300  21.1
2013-03-12  21.11  21.16  20.97  21.0  1797700  21.0
2013-03-11  21.03  21.15  20.99  21.08  1452900  21.08
2013-03-08  20.95  21.1  20.87  21.05  2884400  21.05
2013-03-07  20.94  21.01  20.84  20.87  2092500  20.87
2013-03-06  21.12  21.13  20.85  20.95  2227000  20.95
2013-03-05  20.95  21.18  20.92  21.09  3465500  21.09
2013-03-04  20.73  20.91  20.68  20.89  2023500  20.89
2013-03-01  20.72  20.8  20.52  20.77  3290200  20.77
2013-02-28  20.54  20.77  20.42  20.68  4961900  20.68
2013-02-27  20.02  20.77  20.02  20.48  9133900  20.48
2013-02-26  19.9  20.16  19.78  19.97  4635700  19.97
2013-02-25  20.21  20.43  19.8  19.8  3592100  19.8
2013-02-22  19.99  20.19  19.96  20.17  3329500  20.17
2013-02-21  19.91  20.06  19.81  19.94  2942700  19.94
2013-02-20  19.76  20.1  19.76  19.97  3801500  19.97
2013-02-19  19.78  20.07  19.71  19.79  5022600  19.79
2013-02-15  19.71  19.84  19.6  19.69  6050500  19.69
2013-02-14  20.03  20.12  19.67  19.71  6194000  19.71
2013-02-13  20.14  20.27  19.93  20.05  3448400  20.05
2013-02-12  19.95  20.12  19.9  20.11  3336800  20.11
2013-02-11  19.98  20.04  19.88  19.99  3130100  19.99
2013-02-08  19.92  19.98  19.83  19.98  2246000  19.98
2013-02-07  19.91  19.94  19.72  19.94  3014000  19.94
2013-02-06  19.67  19.88  19.53  19.85  4258100  19.85
2013-02-05  19.65  19.82  19.65  19.75  3362000  19.75
2013-02-04  19.59  19.67  19.56  19.61  1791500  19.61
2013-02-01  19.61  19.7  19.57  19.64  2774500  19.64
2013-01-31  19.58  19.62  19.47  19.53  2409700  19.53
2013-01-30  19.59  19.69  19.51  19.59  2146000  19.59
2013-01-29  19.33  19.61  19.28  19.61  3155400  19.61
2013-01-28  19.39  19.49  19.14  19.35  1879100  19.35
2013-01-25  19.34  19.43  19.2  19.42  2073700  19.42
2013-01-24  19.29  19.45  19.17  19.34  2212200  19.34
2013-01-23  19.22  19.28  19.13  19.26  1994000  19.26
2013-01-22  19.12  19.31  19.11  19.29  2301800  19.29
2013-01-18  19.09  19.14  19.02  19.13  2759000  19.13
2013-01-17  19.03  19.18  19.02  19.02  2692100  19.02
2013-01-16  19.08  19.16  18.9  19.03  3760400  19.03
2013-01-15  18.97  19.16  18.91  19.16  2935800  19.16
2013-01-14  19.12  19.17  18.91  18.99  3053400  18.99
2013-01-11  19.1  19.37  19.02  19.15  3661500  19.15
2013-01-10  18.82  18.93  18.76  18.91  2605600  18.91
2013-01-09  18.64  18.79  18.54  18.79  2498200  18.79
2013-01-08  18.67  18.72  18.48  18.6  4052600  18.6
2013-01-07  18.86  18.91  18.66  18.73  1981800  18.73
2013-01-04  18.8  18.97  18.76  18.94  2161000  18.94
2013-01-03  18.74  18.87  18.71  18.8  1990900  18.8
2013-01-02  18.64  18.74  18.52  18.74  3043300  18.74
2012-12-31  18.07  18.42  17.95  18.39  2557300  18.39
2012-12-28  18.1  18.33  18.04  18.15  3110200  18.15
2012-12-27  18.23  18.3  17.99  18.2  4020400  18.2
2012-12-26  18.56  18.6  18.27  18.28  2172000  18.28
2012-12-24  18.53  18.58  18.39  18.52  1038400  18.52
2012-12-21  18.6  18.75  18.49  18.59  4393900  18.59
2012-12-20  18.87  18.93  18.74  18.79  2681000  18.79
2012-12-19  19.0  19.04  18.8  18.84  2690800  18.84
2012-12-18  18.98  19.1  18.91  19.01  2128300  19.01
2012-12-17  18.83  19.08  18.76  18.95  2155000  18.95
2012-12-14  18.97  19.02  18.76  18.79  1909900  18.79
2012-12-13  18.94  19.06  18.9  18.94  2936400  18.94
2012-12-12  19.01  19.14  18.94  18.96  2773900  18.96
2012-12-11  19.05  19.22  18.94  18.99  3214200  18.99
2012-12-10  18.95  19.17  18.85  19.03  2808900  19.03
2012-12-07  18.99  19.04  18.8  18.95  3207600  18.95
2012-12-06  19.05  19.1  18.91  18.97  2817300  18.97
2012-12-05  18.8  19.25  18.76  19.03  4100200  19.03
2012-12-04  18.86  18.87  18.64  18.75  2693500  18.75
2012-12-03  18.85  19.0  18.69  18.88  2958400  18.88
2012-11-30  18.88  18.99  18.73  18.85  7578400  18.85
2012-11-29  19.08  19.08  18.77  18.88  2223200  18.88
2012-11-28  18.66  18.86  18.48  18.86  3277600  18.86
2012-11-27  18.68  18.9  18.61  18.74  4584100  18.74
2012-11-26  18.33  18.71  18.33  18.69  3182600  18.69
2012-11-23  18.46  18.48  18.28  18.4  1238700  18.4
2012-11-21  18.54  18.58  18.3  18.44  2236000  18.44
2012-11-20  18.56  18.61  18.33  18.5  3296500  18.5
2012-11-19  18.83  18.83  18.42  18.51  4183800  18.51
2012-11-16  18.33  18.72  18.32  18.71  4976700  18.71
2012-11-15  18.62  18.73  18.11  18.28  6430300  18.28
2012-11-14  19.07  19.16  18.55  18.62  3986100  18.62
2012-11-13  18.95  19.32  18.85  18.88  4869200  18.88
2012-11-12  19.05  19.15  18.92  19.06  2040300  19.06
2012-11-09  19.24  19.31  19.02  19.05  3547600  19.05
2012-11-08  19.43  19.72  19.25  19.28  4726200  19.28
2012-11-07  20.27  20.34  19.46  19.51  5334200  19.51
2012-11-06  20.22  20.45  20.15  20.31  2381500  20.31
2012-11-05  20.32  20.32  20.12  20.21  1834200  20.21
2012-11-02  20.62  20.63  20.36  20.37  1761200  20.37
2012-11-01  20.48  20.56  20.39  20.56  2905100  20.56
2012-10-31  20.37  20.53  20.29  20.49  1985600  20.49
2012-10-26  20.23  20.33  19.97  20.3  2338300  20.3
2012-10-25  20.06  20.22  19.97  20.22  1574100  20.22
2012-10-24  19.94  20.23  19.88  19.97  2385800  19.97
2012-10-23  19.94  19.99  19.74  19.9  2870600  19.9
2012-10-22  20.15  20.2  20.0  20.09  2771500  20.09
2012-10-19  20.51  20.54  20.23  20.25  1871500  20.25
2012-10-18  20.56  20.57  20.37  20.51  1908500  20.51
2012-10-17  20.34  20.57  20.29  20.57  2954500  20.57
2012-10-16  20.33  20.33  20.09  20.27  3214800  20.27
2012-10-15  20.02  20.27  19.98  20.24  2148400  20.24
2012-10-12  20.11  20.11  19.89  19.98  1106000  19.98
2012-10-11  20.21  20.23  20.0  20.03  1907300  20.03
2012-10-10  20.23  20.26  20.09  20.13  1550700  20.13
2012-10-09  20.21  20.28  20.12  20.2  1777000  20.2
2012-10-08  20.25  20.33  20.12  20.25  1408200  20.25
2012-10-05  20.41  20.51  20.16  20.25  2458700  20.25
2012-10-04  20.4  20.53  20.28  20.34  1709400  20.34
2012-10-03  20.09  20.37  20.07  20.35  3202100  20.35
2012-10-02  20.07  20.11  19.96  20.05  1963000  20.05
2012-10-01  20.17  20.22  19.99  20.0  2864700  20.0
2012-09-28  20.12  20.19  19.96  20.14  2536500  20.14
2012-09-27  20.32  20.37  20.09  20.14  3265700  20.14
2012-09-26  20.25  20.38  20.12  20.28  3886300  20.28
2012-09-25  20.14  20.28  20.11  20.26  3994500  20.26
2012-09-24  19.87  20.15  19.86  20.13  2938300  20.13
2012-09-21  19.76  20.0  19.67  19.97  3542900  19.97
2012-09-20  19.59  19.86  19.53  19.74  3761800  19.74
2012-09-19  19.68  19.7  19.48  19.59  2474600  19.59
2012-09-18  19.69  19.77  19.56  19.68  2824700  19.68
2012-09-17  19.88  19.9  19.61  19.67  2738000  19.67
2012-09-14  19.97  20.1  19.78  19.88  3447500  19.88
2012-09-13  19.55  19.95  19.52  19.95  2503700  19.95
2012-09-12  19.77  19.8  19.56  19.57  2051200  19.57
2012-09-11  19.76  19.84  19.71  19.76  1343900  19.76
2012-09-10  19.87  19.88  19.77  19.79  1670600  19.79
2012-09-07  19.84  19.86  19.72  19.81  2807100  19.81
2012-09-06  19.59  19.85  19.57  19.85  3582000  19.85
2012-09-05  19.51  19.62  19.39  19.52  3494400  19.52
2012-09-04  19.3  19.55  19.2  19.51  2989300  19.51
2012-08-31  19.45  19.53  19.22  19.28  2560400  19.28
2012-08-30  19.38  19.46  19.28  19.4  1574200  19.4
2012-08-29  19.45  19.53  19.38  19.46  1900800  19.46
2012-08-28  19.3  19.51  19.29  19.48  3796900  19.48
2012-08-27  19.19  19.4  19.19  19.35  1875000  19.35
2012-08-24  19.13  19.26  19.09  19.22  2174800  19.22
2012-08-23  19.26  19.29  19.08  19.14  2845800  19.14
2012-08-22  19.53  19.56  19.23  19.27  2839200  19.27
2012-08-21  19.3  19.53  19.2  19.32  3424700  19.32
2012-08-20  19.12  19.32  19.05  19.32  2803800  19.32
2012-08-17  19.24  19.34  19.12  19.14  2771000  19.14
2012-08-16  19.37  19.44  19.25  19.31  2699600  19.31
2012-08-15  19.45  19.53  19.37  19.4  3340600  19.4
2012-08-14  19.47  19.56  19.27  19.43  10993800  19.43
2012-08-13  19.73  19.78  19.44  19.46  3067000  19.46
2012-08-10  19.66  19.79  19.6  19.74  2405700  19.74
2012-08-09  19.72  19.75  19.63  19.67  2523800  19.67
2012-08-08  19.73  19.8  19.6  19.77  3546200  19.77
2012-08-07  19.81  19.94  19.69  19.7  3252800  19.7
2012-08-06  19.9  20.04  19.6  19.72  3876800  19.72
2012-08-03  19.78  20.03  19.69  19.81  2963500  19.81
2012-08-02  19.44  19.84  19.17  19.51  4782800  19.51
2012-08-01  19.74  20.08  19.54  19.57  3490300  19.57
2012-07-31  19.82  19.92  19.69  19.72  2456800  19.72
2012-07-30  19.76  19.88  19.65  19.84  3132900  19.84
2012-07-27  19.68  19.88  19.62  19.84  4745300  19.84
2012-07-26  19.41  19.62  19.41  19.56  2827900  19.56
2012-07-25  19.34  19.48  19.06  19.26  3036000  19.26
2012-07-24  19.6  19.61  19.17  19.24  5142700  19.24
2012-07-23  19.67  19.71  19.46  19.64  3461400  19.64
2012-07-20  19.58  19.83  19.49  19.8  4757900  19.8
2012-07-19  19.54  19.61  19.25  19.59  3298300  19.59
2012-07-18  19.43  19.62  19.41  19.62  1730900  19.62
2012-07-17  19.41  19.52  19.26  19.48  1913000  19.48
2012-07-16  19.64  19.66  19.32  19.38  3023500  19.38
2012-07-13  19.34  19.66  19.34  19.66  2250300  19.66
2012-07-12  19.12  19.4  19.09  19.32  1996800  19.32
2012-07-11  19.16  19.29  19.11  19.22  2069400  19.22
2012-07-10  19.29  19.42  19.09  19.17  1984500  19.17
2012-07-09  19.2  19.27  19.1  19.25  2559600  19.25
2012-07-06  19.05  19.28  19.0  19.26  2313700  19.26
2012-07-05  19.28  19.31  19.09  19.16  2536900  19.16
2012-07-03  19.4  19.42  19.27  19.34  1580000  19.34
2012-07-02  19.44  19.51  19.29  19.44  3287700  19.44
2012-06-29  19.54  19.67  19.25  19.36  3668000  19.36
2012-06-28  19.15  19.33  19.03  19.31  1682000  19.31
2012-06-27  19.0  19.26  19.0  19.22  2941100  19.22
2012-06-26  19.05  19.08  18.94  19.0  1578700  19.0
2012-06-25  18.91  19.02  18.8  18.99  1768000  18.99
2012-06-22  19.01  19.14  18.92  19.05  3175300  19.05
2012-06-21  19.12  19.31  18.86  18.9  4365500  18.9
2012-06-20  19.31  19.46  19.05  19.27  4089300  19.27
2012-06-19  19.44  19.66  19.27  19.28  5033600  19.28
2012-06-18  19.22  19.43  19.22  19.39  1925700  19.39
2012-06-15  19.18  19.41  19.09  19.31  3853200  19.31
2012-06-14  19.04  19.16  18.99  19.11  1917800  19.11
2012-06-13  18.97  19.05  18.76  19.01  3550900  19.01
2012-06-12  18.9  19.02  18.79  19.01  1785700  19.01
2012-06-11  19.2  19.2  18.84  18.88  4677700  18.88
2012-06-08  19.03  19.13  18.94  19.1  2155300  19.1
2012-06-07  18.96  19.06  18.94  19.03  2840900  19.03
2012-06-06  18.74  18.87  18.59  18.87  3578000  18.87
2012-06-05  18.53  18.83  18.42  18.66  2872300  18.66
2012-06-04  18.75  18.75  18.4  18.52  6432900  18.52
2012-06-01  18.74  18.79  18.56  18.7  5407600  18.7
2012-05-31  18.78  19.09  18.69  18.94  4120300  18.94
2012-05-30  18.88  19.02  18.73  18.75  2797900  18.75
2012-05-29  18.96  18.96  18.76  18.95  2995600  18.95
2012-05-25  18.79  18.9  18.7  18.9  2786700  18.9
2012-05-24  18.61  18.86  18.56  18.76  2470100  18.76
2012-05-23  18.64  18.73  18.45  18.61  4167600  18.61
2012-05-22  18.62  18.86  18.51  18.71  3413700  18.71
2012-05-21  18.37  18.6  18.32  18.6  3351600  18.6
2012-05-18  18.57  18.67  18.31  18.37  3954100  18.37
2012-05-17  18.75  18.86  18.45  18.57  5421300  18.57
2012-05-16  18.63  18.93  18.6  18.75  7790500  18.75
2012-05-15  18.75  18.97  18.53  18.57  6787900  18.57
2012-05-14  18.7  18.91  18.63  18.8  4101800  18.8
2012-05-11  18.68  18.82  18.57  18.76  5833600  18.76
2012-05-10  18.46  18.83  18.39  18.77  7080600  18.77
2012-05-09  18.27  18.39  18.1  18.33  5452000  18.33
2012-05-08  18.32  18.45  18.26  18.44  5511200  18.44
2012-05-07  18.57  18.59  18.39  18.44  3074800  18.44
2012-05-04  18.42  18.68  18.33  18.59  6155600  18.59
2012-05-03  18.62  18.83  18.19  18.28  10032800  18.28
2012-05-02  18.86  18.88  18.49  18.59  5934800  18.59
2012-05-01  18.78  18.97  18.61  18.93  4936900  18.93
2012-04-30  18.54  18.76  18.45  18.73  3219700  18.73
2012-04-27  18.49  18.65  18.27  18.59  8510200  18.59
2012-04-26  18.23  18.46  18.17  18.4  3608500  18.4
2012-04-25  18.21  18.35  18.11  18.28  3217300  18.28
2012-04-24  17.91  18.1  17.87  18.1  3386100  18.1
2012-04-23  17.98  18.03  17.74  17.87  4393300  17.87
2012-04-20  17.95  18.19  17.95  18.1  2170900  18.1
2012-04-19  17.9  18.02  17.8  17.92  2967900  17.92
2012-04-18  17.98  18.01  17.85  17.91  2664500  17.91
2012-04-17  18.0  18.07  17.77  18.06  3327000  18.06
2012-04-16  17.81  17.94  17.71  17.91  4044100  17.91
2012-04-13  17.81  17.93  17.73  17.77  3540400  17.77
2012-04-12  17.66  17.85  17.53  17.85  2875700  17.85
2012-04-11  17.83  17.86  17.66  17.68  3027400  17.68
2012-04-10  17.93  17.98  17.61  17.67  3336700  17.67
2012-04-09  17.95  18.08  17.91  18.0  2108400  18.0
2012-04-05  18.19  18.25  18.0  18.12  3328200  18.12
2012-04-04  18.26  18.33  18.15  18.2  3599600  18.2
2012-04-03  18.48  18.5  18.17  18.37  3421000  18.37
2012-04-02  18.29  18.48  18.18  18.42  4373400  18.42
2012-03-30  18.03  18.3  17.97  18.28  4899800  18.28
2012-03-29  17.71  17.94  17.6  17.94  3193200  17.94
2012-03-28  18.1  18.11  17.65  17.77  5081100  17.77
2012-03-27  18.09  18.2  18.05  18.11  2326100  18.11
2012-03-26  17.98  18.13  17.92  18.07  3115000  18.07
2012-03-23  17.86  17.96  17.84  17.9  3019600  17.9
2012-03-22  17.66  17.96  17.66  17.89  6004200  17.89
2012-03-21  17.73  17.85  17.7  17.73  2007500  17.73
2012-03-20  17.5  17.79  17.5  17.75  3504500  17.75
2012-03-19  17.69  17.77  17.55  17.56  3266200  17.56
2012-03-16  17.81  17.87  17.65  17.68  3675100  17.68
2012-03-15  17.8  17.88  17.58  17.82  5229400  17.82
2012-03-14  18.02  18.02  17.7  17.74  4846800  17.74
2012-03-13  17.99  18.06  17.87  18.05  3396200  18.05
2012-03-12  17.91  18.02  17.74  17.96  3512000  17.96
2012-03-09  18.02  18.04  17.83  17.85  4015300  17.85
2012-03-08  17.94  18.06  17.81  18.0  7696100  18.0
2012-03-07  17.73  18.05  17.68  17.88  8124600  17.88
2012-03-06  17.73  17.87  17.67  17.76  3338000  17.76
2012-03-05  17.91  18.03  17.71  17.9  6245900  17.9
2012-03-02  17.89  18.14  17.84  18.1  4672300  18.1
2012-03-01  17.97  18.0  17.75  17.95  7966200  17.95
2012-02-29  17.24  18.25  17.24  18.07  19686800  18.07
2012-02-28  17.26  17.36  17.12  17.17  7224200  17.17
2012-02-27  17.38  17.43  17.2  17.26  4152200  17.26
2012-02-24  17.47  17.54  17.37  17.43  2272700  17.43
2012-02-23  17.42  17.52  17.38  17.46  2273900  17.46
2012-02-22  17.57  17.68  17.37  17.42  3276100  17.42
2012-02-21  17.65  17.74  17.51  17.57  4441900  17.57
2012-02-17  17.47  17.83  17.4  17.59  7527000  17.59
2012-02-16  17.44  17.62  17.38  17.47  10510800  17.47
2012-02-15  17.27  17.55  17.12  17.46  8915700  17.46
2012-02-14  17.24  17.36  17.17  17.27  4435600  17.27
2012-02-13  17.43  17.49  17.29  17.3  3753600  17.3
2012-02-10  17.2  17.35  17.17  17.34  12539900  17.34
2012-02-09  17.34  17.35  17.21  17.28  12613000  17.28
2012-02-08  17.3  17.35  17.24  17.32  6009600  17.32
2012-02-07  17.15  17.39  17.06  17.3  4641700  17.3
2012-02-06  17.28  17.32  17.11  17.21  3096000  17.21
2012-02-03  17.36  17.46  17.16  17.31  6469900  17.31
2012-02-02  17.11  17.2  16.99  17.04  2632900  17.04
2012-02-01  17.04  17.3  17.01  17.13  4573100  17.13
2012-01-31  16.85  17.02  16.71  16.94  5289600  16.94
2012-01-30  16.67  16.88  16.57  16.82  6976400  16.82
2012-01-27  16.95  16.95  16.63  16.72  5903000  16.72
2012-01-26  17.24  17.3  16.9  16.95  5568000  16.95
2012-01-25  16.98  17.21  16.83  17.17  4907000  17.17
2012-01-24  16.88  17.1  16.8  17.04  3946400  17.04
2012-01-23  17.29  17.36  17.18  17.19  4067800  17.19
2012-01-20  17.19  17.26  16.9  17.25  10466500  17.25
2012-01-19  17.34  17.36  16.88  16.9  5534900  16.9
2012-01-18  17.51  17.54  17.31  17.37  3455400  17.37
2012-01-17  17.71  17.77  17.43  17.54  5639200  17.54
2012-01-13  17.5  17.6  17.41  17.51  2839900  17.51
2012-01-12  17.8  17.84  17.53  17.57  3250300  17.57
2012-01-11  17.91  17.95  17.69  17.72  1784400  17.72
2012-01-10  18.21  18.24  17.9  17.93  3022800  17.93
2012-01-09  17.93  18.09  17.91  18.07  1882300  18.07
2012-01-06  18.13  18.2  17.88  17.92  3143600  17.92
2012-01-05  18.06  18.22  17.98  18.16  3991200  18.16
2012-01-04  18.17  18.42  18.09  18.15  2595200  18.15
2012-01-03  18.63  18.66  18.19  18.24  1898600  18.24
2011-12-30  18.61  18.62  18.4  18.42  1591800  18.42
2011-12-29  18.49  18.59  18.45  18.55  1605200  18.55
2011-12-28  18.68  18.77  18.45  18.5  1752600  18.5
2011-12-27  18.5  18.64  18.45  18.62  1332500  18.62
2011-12-23  18.32  18.55  18.26  18.54  1333700  18.54
2011-12-22  18.19  18.33  18.07  18.27  2291800  18.27
2011-12-21  17.92  18.12  17.82  18.12  2590700  18.12
2011-12-20  17.66  17.95  17.63  17.9  2559400  17.9
2011-12-19  17.73  17.79  17.46  17.52  2353400  17.52
2011-12-16  17.58  17.75  17.57  17.63  4881800  17.63
2011-12-15  17.32  17.58  17.24  17.52  3406300  17.52
2011-12-14  17.55  17.66  17.18  17.2  5812400  17.2
2011-12-13  17.93  18.0  17.54  17.61  4004900  17.61
2011-12-12  18.0  18.04  17.63  17.83  2725200  17.83
2011-12-09  17.9  18.22  17.83  18.18  4504700  18.18
2011-12-08  18.11  18.13  17.74  17.81  2970400  17.81
2011-12-07  17.98  18.25  17.91  18.16  3166100  18.16
2011-12-06  18.22  18.26  18.04  18.05  3348800  18.05
2011-12-05  18.24  18.31  18.05  18.15  2981300  18.15
2011-12-02  18.28  18.3  17.98  18.0  2762400  18.0
2011-12-01  18.18  18.3  18.13  18.16  2799100  18.16
2011-11-30  18.03  18.27  17.89  18.25  5235800  18.25
2011-11-29  17.49  17.7  17.48  17.63  2714800  17.63
2011-11-28  17.43  17.57  17.28  17.4  2826800  17.4
2011-11-25  17.06  17.22  17.05  17.05  1222300  17.05
2011-11-23  17.2  17.24  17.05  17.13  2832600  17.13
2011-11-22  17.45  17.52  17.27  17.33  2890800  17.33
2011-11-21  17.54  17.6  17.29  17.43  2669600  17.43
2011-11-18  17.82  17.89  17.69  17.75  2381700  17.75
2011-11-17  17.69  17.89  17.57  17.75  4093400  17.75
2011-11-16  17.85  17.96  17.64  17.67  3475100  17.67
2011-11-15  17.53  18.03  17.43  17.97  6488600  17.97
2011-11-14  17.9  17.93  17.47  17.65  6501000  17.65
2011-11-11  17.94  18.03  17.86  17.98  5011300  17.98
2011-11-10  17.96  18.03  17.55  17.75  6781200  17.75
2011-11-09  18.09  18.2  17.7  17.78  6303200  17.78
2011-11-08  18.47  18.51  18.19  18.31  5022500  18.31
2011-11-07  18.5  18.54  18.25  18.48  2806400  18.48
2011-11-04  18.3  18.53  18.22  18.44  4642800  18.44
2011-11-03  18.17  18.48  18.11  18.43  6163900  18.43
2011-11-02  18.62  19.49  17.87  18.23  12063900  18.23
2011-11-01  18.44  18.71  18.33  18.37  4749300  18.37
2011-10-31  19.24  19.27  18.91  18.92  5173800  18.92
2011-10-28  19.25  19.38  19.17  19.33  4019400  19.33
2011-10-27  19.34  19.42  19.18  19.29  8408500  19.29
2011-10-26  19.2  19.24  18.9  19.08  8685600  19.08
2011-10-25  19.26  19.36  18.96  18.98  3931400  18.98
2011-10-24  19.25  19.42  19.18  19.29  2917100  19.29
2011-10-21  19.22  19.36  19.05  19.27  3774000  19.27
2011-10-20  18.85  19.09  18.79  19.01  3971400  19.01
2011-10-19  18.85  19.18  18.69  18.77  5044200  18.77
2011-10-18  18.58  18.98  18.33  18.82  4629200  18.82
2011-10-17  18.46  18.7  18.37  18.62  3798400  18.62
2011-10-14  18.43  18.51  18.28  18.48  3359100  18.48
2011-10-13  18.0  18.25  17.96  18.22  2820600  18.22
2011-10-12  18.32  18.36  18.04  18.05  5419200  18.05
2011-10-11  18.49  18.5  18.13  18.2  6191100  18.2
2011-10-10  18.33  18.61  18.33  18.61  3020700  18.61
2011-10-07  18.38  18.38  17.93  18.09  3641400  18.09
2011-10-06  17.91  18.28  17.78  18.28  3631600  18.28
2011-10-05  17.76  17.92  17.44  17.89  3237600  17.89
2011-10-04  17.23  17.78  16.98  17.77  7200000  17.77
2011-10-03  17.79  18.08  17.4  17.41  4663800  17.41
2011-09-30  17.96  18.25  17.81  17.81  5593700  17.81
2011-09-29  17.68  18.51  17.59  18.12  10296700  18.12
2011-09-28  17.45  17.63  17.32  17.36  4239400  17.36
2011-09-27  17.77  17.85  17.38  17.46  4623800  17.46
2011-09-26  17.35  17.47  17.12  17.47  3979500  17.47
2011-09-23  16.91  17.31  16.85  17.22  3938800  17.22
2011-09-22  17.17  17.21  16.83  16.99  6104400  16.99
2011-09-21  18.22  18.28  17.56  17.58  4145500  17.58
2011-09-20  18.15  18.57  18.03  18.28  3342900  18.28
2011-09-19  17.81  18.19  17.76  18.13  2563200  18.13
2011-09-16  18.17  18.28  18.03  18.09  4668000  18.09
2011-09-15  18.2  18.23  17.9  18.05  4806900  18.05
2011-09-14  18.03  18.3  17.7  18.08  4426100  18.08
2011-09-13  17.72  18.02  17.48  18.0  3773100  18.0
2011-09-12  17.49  17.74  17.34  17.74  4182200  17.74
2011-09-09  17.94  17.97  17.49  17.72  5013800  17.72
2011-09-08  17.74  18.38  17.72  18.17  5641800  18.17
2011-09-07  17.65  17.8  17.51  17.8  4365500  17.8
2011-09-06  17.31  17.46  17.11  17.46  4988200  17.46
2011-09-02  17.61  17.82  17.61  17.66  3498400  17.66
2011-09-01  18.26  18.29  17.97  17.97  5325600  17.97
2011-08-31  18.15  18.29  18.05  18.17  4343100  18.17
2011-08-30  17.99  18.14  17.89  18.05  5133500  18.05
2011-08-29  17.97  18.07  17.75  18.0  5470200  18.0
2011-08-26  17.4  17.75  17.0  17.75  4473100  17.75
2011-08-25  17.89  17.89  17.27  17.47  4673200  17.47
2011-08-24  17.48  17.91  17.39  17.77  7385700  17.77
2011-08-23  17.19  17.47  16.9  17.44  9616300  17.44
2011-08-22  17.27  17.34  16.82  16.94  3949300  16.94
2011-08-19  16.95  17.31  16.9  17.0  3932900  17.0
2011-08-18  17.33  17.45  16.98  17.11  6273400  17.11
2011-08-17  17.67  17.92  17.6  17.65  2887200  17.65
2011-08-16  17.56  17.62  17.31  17.57  3278300  17.57
2011-08-15  17.17  17.74  17.13  17.74  3823200  17.74
2011-08-12  17.27  17.37  16.88  16.98  3330200  16.98
2011-08-11  16.38  17.4  16.35  17.19  6120700  17.19
2011-08-10  16.25  16.79  16.06  16.38  9403100  16.38
2011-08-09  15.72  16.5  15.39  16.49  8608200  16.49
2011-08-08  16.35  16.49  15.37  15.49  9447300  15.49
2011-08-05  16.84  16.95  16.26  16.66  9523300  16.66
2011-08-04  17.18  17.32  16.5  16.58  8191200  16.58
2011-08-03  17.43  17.46  17.03  17.36  4134200  17.36
2011-08-02  17.47  17.68  17.33  17.33  3401900  17.33
2011-08-01  17.77  17.77  17.43  17.57  4869000  17.57
2011-07-29  17.63  17.84  17.44  17.59  4648800  17.59
2011-07-28  18.07  18.08  17.74  17.78  4255700  17.78
2011-07-27  17.95  18.09  17.95  18.01  3711900  18.01
2011-07-26  18.09  18.09  17.97  18.01  2598900  18.01
2011-07-25  17.88  18.13  17.88  18.06  3028100  18.06
2011-07-22  18.27  18.27  17.99  18.2  2613200  18.2
2011-07-21  18.2  18.29  18.13  18.22  3395300  18.22
2011-07-20  17.8  18.13  17.76  18.08  5057300  18.08
2011-07-19  17.52  17.74  17.38  17.71  3251000  17.71
2011-07-18  17.33  17.44  17.22  17.43  3280200  17.43
2011-07-15  17.39  17.46  17.2  17.42  4334700  17.42
2011-07-14  17.44  17.62  17.31  17.35  3182700  17.35
2011-07-13  17.52  17.62  17.37  17.43  3103900  17.43
2011-07-12  17.26  17.67  17.26  17.48  4057100  17.48
2011-07-11  17.55  17.56  17.31  17.33  2848800  17.33
2011-07-08  17.62  17.74  17.54  17.74  2067500  17.74
2011-07-07  17.92  17.92  17.75  17.79  2605500  17.79
2011-07-06  17.69  17.8  17.59  17.8  3185400  17.8
2011-07-05  17.67  17.78  17.58  17.74  3043700  17.74
2011-07-01  17.47  17.8  17.39  17.78  2995200  17.78
2011-06-30  17.43  17.53  17.29  17.39  4932700  17.39
2011-06-29  17.33  17.42  17.31  17.38  4772400  17.38
2011-06-28  17.26  17.33  17.18  17.29  2787100  17.29
2011-06-27  17.22  17.27  17.1  17.18  3549700  17.18
2011-06-24  16.9  17.27  16.86  17.03  8528600  17.03
2011-06-23  16.94  16.98  16.6  16.86  5344400  16.86
2011-06-22  17.07  17.16  16.96  17.09  5535300  17.09
2011-06-21  16.98  17.17  16.93  17.07  3308800  17.07
2011-06-20  16.83  16.94  16.75  16.92  2605700  16.92
2011-06-17  16.87  17.0  16.8  16.84  3898200  16.84
2011-06-16  16.63  16.89  16.63  16.77  4127300  16.77
2011-06-15  16.84  16.93  16.57  16.61  5163300  16.61
2011-06-14  16.91  16.98  16.81  16.93  3437400  16.93
2011-06-13  16.82  16.98  16.72  16.82  4088200  16.82
2011-06-10  16.9  17.21  16.86  16.95  6469200  16.95
2011-06-09  17.01  17.04  16.85  16.91  5088200  16.91
2011-06-08  17.15  17.19  16.97  16.98  8723100  16.98
2011-06-07  17.23  17.26  17.12  17.15  5468800  17.15
2011-06-06  17.11  17.22  17.01  17.15  5117900  17.15
2011-06-03  17.22  17.36  17.14  17.15  7129800  17.15
2011-06-02  17.24  17.45  17.17  17.39  7363000  17.39
2011-06-01  17.58  17.59  17.25  17.29  5615200  17.29
2011-05-31  17.28  17.41  17.23  17.37  5035700  17.37
2011-05-27  17.16  17.42  17.02  17.14  5035500  17.14
2011-05-26  17.02  17.13  16.89  17.09  2956400  17.09
2011-05-25  17.04  17.14  16.75  17.04  5436500  17.04
2011-05-24  16.89  16.99  16.81  16.85  4684600  16.85
2011-05-23  16.84  16.98  16.78  16.83  2954900  16.83
2011-05-20  17.06  17.15  16.9  17.03  2847700  17.03
2011-05-19  17.09  17.13  16.95  17.07  2591000  17.07
2011-05-18  16.8  17.06  16.73  17.05  4676800  17.05
2011-05-17  16.76  16.93  16.7  16.74  3237600  16.74
2011-05-16  16.8  16.85  16.69  16.79  3914800  16.79
2011-05-13  16.98  17.04  16.71  16.83  4485800  16.83
2011-05-12  17.02  17.02  16.87  16.98  4792600  16.98
2011-05-11  17.1  17.11  16.71  16.99  4141600  16.99
2011-05-10  16.81  17.21  16.8  17.13  3878500  17.13
2011-05-09  16.61  16.83  16.59  16.81  3187400  16.81
2011-05-06  16.68  16.73  16.58  16.65  4974800  16.65
2011-05-05  16.49  16.74  16.34  16.54  5852400  16.54
2011-05-04  16.54  16.64  16.32  16.44  3903100  16.44
2011-05-03  16.48  16.66  16.42  16.58  3332300  16.58
2011-05-02  16.61  16.69  16.47  16.53  3463100  16.53
2011-04-29  16.45  16.56  16.34  16.54  2137200  16.54
2011-04-28  16.31  16.44  16.19  16.41  4589900  16.41
2011-04-27  16.24  16.36  16.2  16.31  4358500  16.31
2011-04-26  16.22  16.27  16.13  16.24  4500000  16.24
2011-04-25  16.16  16.28  16.13  16.24  2554200  16.24
2011-04-21  16.14  16.25  16.07  16.25  3633900  16.25
2011-04-20  16.0  16.14  15.9  16.1  3991300  16.1
2011-04-19  15.87  15.92  15.78  15.84  4321500  15.84
2011-04-18  15.76  15.85  15.56  15.84  4153600  15.84
2011-04-15  15.8  15.94  15.65  15.9  4858400  15.9
2011-04-14  15.26  15.77  15.26  15.68  5047800  15.68
2011-04-13  15.36  15.58  15.36  15.4  4277700  15.4
2011-04-12  15.32  15.36  15.2  15.32  3880100  15.32
2011-04-11  15.54  15.56  15.3  15.4  3789200  15.4
2011-04-08  15.65  15.74  15.44  15.56  2964900  15.56
2011-04-07  15.75  15.75  15.54  15.55  3972200  15.55
2011-04-06  15.8  15.86  15.71  15.75  2418800  15.75
2011-04-05  15.84  15.93  15.68  15.72  3030400  15.72
2011-04-04  16.04  16.04  15.81  15.92  3298400  15.92
2011-04-01  15.75  15.9  15.71  15.78  2220600  15.78
2011-03-31  15.7  15.78  15.61  15.61  2981900  15.61
2011-03-30  15.47  15.79  15.41  15.72  3853900  15.72
2011-03-29  15.28  15.4  15.18  15.37  2495900  15.37
2011-03-28  15.32  15.52  15.24  15.27  3354200  15.27
2011-03-25  15.26  15.44  15.19  15.23  3854100  15.23
2011-03-24  15.14  15.3  15.05  15.27  3924200  15.27
2011-03-23  15.03  15.13  14.93  15.08  5099800  15.08
2011-03-22  15.22  15.3  15.0  15.02  6187200  15.02
2011-03-21  15.13  15.31  14.99  15.2  13789600  15.2
2011-03-18  13.58  14.87  13.5  14.82  28385400  14.82
2011-03-17  13.81  13.81  13.42  13.52  10243100  13.52
2011-03-16  13.8  13.85  13.55  13.62  5608900  13.62
2011-03-15  13.69  13.97  13.69  13.85  6697400  13.85
2011-03-14  14.21  14.23  13.93  14.0  9339400  14.0
2011-03-11  14.29  14.36  14.22  14.32  2864800  14.32
2011-03-10  14.36  14.39  14.17  14.24  4924200  14.24
2011-03-09  14.26  14.45  14.26  14.44  2952600  14.44
2011-03-08  14.08  14.35  14.06  14.32  2932900  14.32
2011-03-07  14.15  14.31  14.05  14.07  3304700  14.07
2011-03-04  14.14  14.18  13.96  14.12  3498700  14.12
2011-03-03  14.07  14.2  14.03  14.16  4604500  14.16
2011-03-02  13.65  14.03  13.65  14.01  5699300  14.01
2011-03-01  14.09  14.32  13.9  13.91  5873500  13.91
2011-02-28  13.96  14.2  13.87  14.1  4044500  14.1
2011-02-25  13.82  13.95  13.75  13.94  3380600  13.94
2011-02-24  13.81  13.92  13.7  13.76  4854700  13.76
2011-02-23  14.02  14.08  13.82  13.82  4142500  13.82
2011-02-22  14.01  14.14  13.98  14.03  2085000  14.03
2011-02-18  14.14  14.15  14.06  14.14  2833700  14.14
2011-02-17  14.11  14.18  14.08  14.15  2038700  14.15
2011-02-16  14.23  14.28  14.11  14.16  2152800  14.16
2011-02-15  14.07  14.23  14.05  14.19  3312000  14.19
2011-02-14  14.26  14.26  14.07  14.12  3246200  14.12
2011-02-11  14.09  14.31  14.08  14.22  2857600  14.22
2011-02-10  14.13  14.24  14.07  14.17  2289700  14.17
2011-02-09  14.2  14.22  14.06  14.14  2945400  14.14
2011-02-08  14.32  14.36  14.24  14.26  2291400  14.26
2011-02-07  14.21  14.36  14.18  14.35  10423000  14.35
2011-02-04  14.22  14.23  14.06  14.18  6955300  14.18
2011-02-03  14.12  14.22  14.06  14.19  8149700  14.19
2011-02-02  14.22  14.28  14.11  14.11  2435700  14.11
2011-02-01  14.25  14.29  14.2  14.27  3181100  14.27
2011-01-31  14.13  14.28  14.05  14.18  4686400  14.18
2011-01-28  14.19  14.2  13.98  14.08  3912800  14.08
2011-01-27  14.16  14.22  14.1  14.18  2713600  14.18
2011-01-26  14.16  14.19  14.1  14.15  1779100  14.15
2011-01-25  14.07  14.18  14.06  14.18  3148400  14.18
2011-01-24  13.96  14.14  13.91  14.13  7371000  14.13
2011-01-21  14.08  14.1  13.95  13.96  5661800  13.96
2011-01-20  13.89  14.24  13.89  14.0  4982600  14.0
2011-01-19  13.85  13.91  13.78  13.89  2882700  13.89
2011-01-18  13.82  13.86  13.74  13.82  2894200  13.82
2011-01-14  13.85  13.88  13.73  13.79  2404200  13.79
2011-01-13  13.86  13.9  13.8  13.85  2160900  13.85
2011-01-12  13.81  13.89  13.75  13.85  2999000  13.85
2011-01-11  13.84  13.85  13.72  13.73  3714800  13.73
2011-01-10  13.69  13.82  13.59  13.82  3209700  13.82
2011-01-07  13.76  13.82  13.63  13.77  5801900  13.77
2011-01-06  13.82  13.85  13.67  13.71  3605000  13.71
2011-01-05  13.89  13.92  13.81  13.85  2444400  13.85
2011-01-04  13.86  13.97  13.77  13.9  2851400  13.9
2011-01-03  13.89  13.91  13.81  13.88  3048400  13.88
2010-12-31  13.85  13.87  13.8  13.81  1416600  13.81
2010-12-30  13.91  13.95  13.8  13.84  1698000  13.84
2010-12-29  13.91  13.98  13.9  13.9  1190800  13.9
2010-12-28  14.01  14.01  13.88  13.92  2191800  13.92
2010-12-27  13.92  14.0  13.78  13.96  1393800  13.96
2010-12-23  13.94  14.0  13.88  13.96  1628300  13.96
2010-12-22  13.96  14.04  13.94  13.95  2473700  13.95
2010-12-21  14.0  14.1  13.94  13.95  2400700  13.95
2010-12-20  14.05  14.09  13.91  13.97  3136400  13.97
2010-12-17  13.92  13.98  13.83  13.94  3708200  13.94
2010-12-16  13.97  13.99  13.82  13.96  2785100  13.96
2010-12-15  14.11  14.11  13.89  13.93  2636200  13.93
2010-12-14  14.04  14.2  14.03  14.14  2726100  14.14
2010-12-13  14.03  14.09  13.96  13.99  2655700  13.99
2010-12-10  13.9  14.04  13.82  13.91  4786800  13.91
2010-12-09  13.77  13.85  13.68  13.83  2800800  13.83
2010-12-08  13.74  13.84  13.64  13.73  2491800  13.73
2010-12-07  13.93  13.95  13.72  13.74  3619300  13.74
2010-12-06  13.93  13.93  13.75  13.75  4348400  13.75
2010-12-03  13.89  13.98  13.76  13.96  6587800  13.96
2010-12-02  13.81  13.94  13.73  13.91  2317600  13.91
2010-12-01  13.86  13.9  13.74  13.84  3063700  13.84
2010-11-30  13.62  13.74  13.6  13.73  3720200  13.73
2010-11-29  13.77  13.78  13.56  13.7  3034400  13.7
2010-11-26  13.98  13.98  13.82  13.87  1486100  13.87
2010-11-24  13.97  14.01  13.89  13.98  1956100  13.98
2010-11-23  13.84  13.9  13.73  13.84  2804100  13.84
2010-11-22  13.9  13.98  13.81  13.94  2583700  13.94
2010-11-19  13.94  13.96  13.73  13.89  3691500  13.89
2010-11-18  13.91  13.96  13.85  13.92  2321700  13.92
2010-11-17  14.0  14.01  13.75  13.78  5196100  13.78
2010-11-16  14.2  14.24  13.84  13.95  4563800  13.95
2010-11-15  14.23  14.31  14.21  14.25  2734900  14.25
2010-11-12  14.41  14.41  14.11  14.15  6524200  14.15
2010-11-11  14.31  14.43  14.3  14.4  4154200  14.4
2010-11-10  14.4  14.4  14.29  14.39  3321400  14.39
2010-11-09  14.38  14.49  14.33  14.41  4078500  14.41
2010-11-08  14.43  14.44  14.23  14.36  5042800  14.36
2010-11-05  14.64  14.69  14.37  14.48  7082700  14.48
2010-11-04  14.67  14.76  14.59  14.69  5654300  14.69
2010-11-03  14.59  14.6  14.4  14.51  3864900  14.51
2010-11-02  14.55  14.66  14.52  14.56  3985700  14.56
2010-11-01  14.46  14.52  14.23  14.36  2532800  14.36
2010-10-29  14.24  14.42  14.15  14.37  3930000  14.37
2010-10-28  14.26  14.37  14.13  14.23  4175900  14.23
2010-10-27  14.15  14.26  14.06  14.25  2934300  14.25
2010-10-26  14.21  14.37  14.19  14.25  3866500  14.25
2010-10-25  14.35  14.39  14.19  14.23  1975200  14.23
2010-10-22  14.23  14.35  14.09  14.25  5545100  14.25
2010-10-21  14.28  14.38  14.13  14.23  3227000  14.23
2010-10-20  14.02  14.29  14.01  14.23  6131200  14.23
2010-10-19  13.89  14.1  13.89  14.02  5188500  14.02
2010-10-18  14.03  14.12  13.99  14.02  6361500  14.02
2010-10-15  13.98  14.0  13.89  14.0  2754500  14.0
2010-10-14  13.88  13.98  13.78  13.85  2947800  13.85
2010-10-13  14.03  14.04  13.85  13.88  4553800  13.88
2010-10-12  13.99  14.05  13.89  13.96  2716700  13.96
2010-10-11  14.01  14.09  13.93  14.03  3309200  14.03
2010-10-08  13.92  14.0  13.87  13.97  2697500  13.97
2010-10-07  13.86  13.94  13.77  13.89  2206300  13.89
2010-10-06  13.9  13.93  13.7  13.79  3123300  13.79
2010-10-05  13.78  13.93  13.75  13.91  2607300  13.91
2010-10-04  13.8  13.86  13.62  13.7  3258700  13.7
2010-10-01  13.75  13.9  13.65  13.8  3715500  13.8
2010-09-30  13.75  13.87  13.62  13.64  5474700  13.64
2010-09-29  13.72  13.75  13.58  13.68  2083700  13.68
2010-09-28  13.72  13.76  13.53  13.75  4600600  13.75
2010-09-27  13.61  13.72  13.51  13.64  4200800  13.64
2010-09-24  13.37  13.65  13.37  13.58  4592800  13.58
2010-09-23  13.29  13.43  13.23  13.23  4188000  13.23
2010-09-22  13.32  13.51  13.32  13.38  3887500  13.38
2010-09-21  13.36  13.49  13.3  13.33  6046800  13.33
2010-09-20  13.15  13.36  13.06  13.35  4101900  13.35
2010-09-17  13.08  13.13  12.95  13.05  5111600  13.05
2010-09-16  13.08  13.17  13.0  13.01  4211800  13.01
2010-09-15  13.22  13.25  13.08  13.12  4124200  13.12
2010-09-14  13.26  13.34  13.14  13.24  4614300  13.24
2010-09-13  13.31  13.32  13.15  13.25  3409300  13.25
2010-09-10  13.28  13.32  13.11  13.19  5049600  13.19
2010-09-09  13.21  13.3  13.16  13.2  1927300  13.2
2010-09-08  13.3  13.31  13.04  13.07  3871500  13.07
2010-09-07  13.24  13.33  13.13  13.25  4005600  13.25
2010-09-03  13.12  13.25  13.09  13.25  2577200  13.25
2010-09-02  13.15  13.15  12.95  13.07  3334900  13.07
2010-09-01  12.96  13.17  12.89  13.12  4174800  13.12
2010-08-31  12.72  12.94  12.62  12.84  4646100  12.84
2010-08-30  12.89  12.98  12.72  12.73  3275600  12.73
2010-08-27  12.79  12.99  12.62  12.98  3883700  12.98
2010-08-26  12.87  12.88  12.65  12.69  2757800  12.69
2010-08-25  12.67  12.85  12.66  12.82  4379000  12.82
2010-08-24  12.52  12.83  12.5  12.73  3760900  12.73
2010-08-23  12.7  12.79  12.6  12.63  7254700  12.63
2010-08-20  12.47  12.66  12.45  12.63  2375200  12.63
2010-08-19  12.74  12.74  12.48  12.58  3235100  12.58
2010-08-18  12.82  12.87  12.57  12.78  3875300  12.78
2010-08-17  12.67  12.93  12.63  12.83  3411000  12.83
2010-08-16  12.53  12.67  12.41  12.59  2584900  12.59
2010-08-13  12.54  12.74  12.54  12.59  3285800  12.59
2010-08-12  12.49  12.66  12.32  12.57  3209200  12.57
2010-08-11  12.75  12.75  12.58  12.62  3431400  12.62
2010-08-10  12.74  12.92  12.57  12.9  4046800  12.9
2010-08-09  12.75  12.84  12.7  12.81  3418300  12.81
2010-08-06  12.6  12.71  12.43  12.71  3210400  12.71
2010-08-05  12.59  12.68  12.5  12.68  2829700  12.68
2010-08-04  12.42  12.64  12.27  12.62  4976800  12.62
2010-08-03  12.41  12.52  12.34  12.38  3062800  12.38
2010-08-02  12.29  12.49  12.29  12.44  2645500  12.44
2010-07-30  12.2  12.28  12.1  12.19  3189600  12.19
2010-07-29  12.52  12.54  12.17  12.27  3304400  12.27
2010-07-28  12.47  12.48  12.37  12.45  2560800  12.45
2010-07-27  12.34  12.51  12.28  12.5  3969700  12.5
2010-07-26  12.21  12.33  12.2  12.33  2675500  12.33
2010-07-23  12.12  12.23  12.04  12.2  2279800  12.2
2010-07-22  11.99  12.21  11.93  12.15  2233100  12.15
2010-07-21  12.14  12.18  11.83  11.91  2413400  11.91
2010-07-20  11.88  12.16  11.88  12.14  2453400  12.14
2010-07-19  12.0  12.07  11.88  12.03  3477800  12.03
2010-07-16  12.15  12.21  11.9  11.93  2975000  11.93
2010-07-15  12.16  12.28  12.05  12.25  2935200  12.25
2010-07-14  12.14  12.22  11.97  12.14  4428800  12.14
2010-07-13  12.15  12.26  12.07  12.15  3642000  12.15
2010-07-12  11.97  12.06  11.91  12.05  2380600  12.05
2010-07-09  11.94  12.05  11.88  12.03  2345400  12.03
2010-07-08  11.77  11.97  11.7  11.97  5752600  11.97
2010-07-07  11.35  11.74  11.35  11.74  4309000  11.74
2010-07-06  11.31  11.44  11.2  11.34  9079400  11.34
2010-07-02  11.23  11.25  11.1  11.16  3336000  11.16
2010-07-01  11.23  11.31  11.1  11.19  5208900  11.19
2010-06-30  11.36  11.51  11.23  11.27  5145800  11.27
2010-06-29  11.67  11.7  11.33  11.4  4750300  11.4
2010-06-28  11.64  11.82  11.56  11.75  2736900  11.75
2010-06-25  11.63  11.7  11.48  11.58  7757100  11.58
2010-06-24  11.57  11.75  11.54  11.6  3409500  11.6
2010-06-23  11.72  11.78  11.5  11.58  2636200  11.58
2010-06-22  11.97  12.02  11.66  11.68  4185900  11.68
2010-06-21  12.07  12.12  11.9  11.98  2854200  11.98
2010-06-18  11.96  12.02  11.89  12.0  4313400  12.0
2010-06-17  11.81  11.95  11.74  11.95  2925500  11.95
2010-06-16  11.56  11.87  11.5  11.8  4091100  11.8
2010-06-15  11.51  11.67  11.49  11.65  3559100  11.65
2010-06-14  11.44  11.58  11.38  11.43  4381900  11.43
2010-06-11  11.24  11.37  11.18  11.37  4659300  11.37
2010-06-10  11.28  11.4  11.16  11.27  32234100  11.27
2010-06-09  11.32  11.34  11.02  11.05  9512000  11.05
2010-06-08  11.35  11.44  11.3  11.42  7405300  11.42
2010-06-07  11.34  11.55  11.3  11.38  6318100  11.38
2010-06-04  11.55  11.64  11.26  11.31  5225100  11.31
2010-06-03  11.62  11.78  11.62  11.75  2551100  11.75
2010-06-02  11.44  11.63  11.38  11.63  3166400  11.63
2010-06-01  11.59  11.67  11.35  11.37  3010500  11.37
2010-05-28  11.61  11.83  11.6  11.67  5267700  11.67
2010-05-27  11.4  11.6  11.37  11.58  2918100  11.58
2010-05-26  11.27  11.44  11.17  11.26  5641300  11.26
2010-05-25  11.08  11.19  10.92  11.19  6941900  11.19
2010-05-24  11.4  11.52  11.29  11.31  2656000  11.31
2010-05-21  11.26  11.45  11.09  11.42  5127900  11.42
2010-05-20  11.58  11.67  11.34  11.37  7340200  11.37
2010-05-19  11.88  11.97  11.67  11.79  6158100  11.79
2010-05-18  12.2  12.29  11.94  11.97  5675300  11.97
2010-05-17  12.14  12.19  11.89  12.14  3196700  12.14
2010-05-14  12.15  12.26  12.0  12.12  4945300  12.12
2010-05-13  12.21  12.42  12.14  12.2  3815000  12.2
2010-05-12  12.06  12.34  11.91  12.24  6556100  12.24
2010-05-11  11.83  12.15  11.82  11.98  5572700  11.98
2010-05-10  11.97  12.18  11.77  11.94  5670200  11.94
2010-05-07  11.71  11.85  11.3  11.61  7085500  11.61
2010-05-06  12.15  12.15  4.79  11.72  9331200  11.72
2010-05-05  12.17  12.38  12.07  12.15  6588700  12.15
2010-05-04  12.21  12.33  12.08  12.11  4552200  12.11
2010-05-03  12.2  12.36  12.18  12.31  2917300  12.31
2010-04-30  12.2  12.37  12.13  12.13  4300800  12.13
2010-04-29  12.19  12.24  12.13  12.16  3377000  12.16
2010-04-28  12.04  12.15  11.96  12.11  2303600  12.11
2010-04-27  12.21  12.28  11.98  11.98  2608400  11.98
2010-04-26  12.27  12.36  12.25  12.29  2709400  12.29
2010-04-23  12.15  12.32  12.09  12.31  1494500  12.31
2010-04-22  12.11  12.19  12.04  12.13  3453000  12.13
2010-04-21  12.12  12.2  12.07  12.15  3213400  12.15
2010-04-20  12.08  12.15  12.02  12.13  1942400  12.13
2010-04-19  12.06  12.13  11.97  12.04  3239700  12.04
2010-04-16  12.33  12.37  12.07  12.1  2913700  12.1
2010-04-15  12.31  12.36  12.26  12.35  1575100  12.35
2010-04-14  12.26  12.3  12.13  12.27  1372100  12.27
2010-04-13  12.29  12.32  12.17  12.25  1615300  12.25
2010-04-12  12.31  12.35  12.25  12.27  2088700  12.27
2010-04-09  12.22  12.3  12.09  12.25  2459700  12.25
2010-04-08  12.15  12.23  12.08  12.14  2889400  12.14
2010-04-07  12.46  12.46  12.17  12.22  4859500  12.22
2010-04-06  12.33  12.48  12.3  12.45  3617400  12.45
2010-04-05  12.3  12.41  12.26  12.37  2402600  12.37
2010-04-01  12.14  12.35  12.14  12.25  4110900  12.25
2010-03-31  12.14  12.25  12.09  12.13  3647700  12.13
2010-03-30  12.18  12.25  12.1  12.2  3417800  12.2
2010-03-29  12.03  12.25  11.98  12.22  3443400  12.22
2010-03-26  12.01  12.07  11.89  11.99  3173100  11.99
2010-03-25  12.02  12.08  11.94  11.94  1783400  11.94
2010-03-24  12.04  12.13  11.97  11.99  2031800  11.99
2010-03-23  12.06  12.12  12.0  12.08  3383500  12.08
2010-03-22  12.14  12.2  12.05  12.06  3552600  12.06
2010-03-19  12.19  12.27  12.11  12.19  4085700  12.19
2010-03-18  12.26  12.26  12.1  12.17  1757500  12.17
2010-03-17  12.24  12.26  12.17  12.21  2584700  12.21
2010-03-16  12.0  12.22  11.96  12.19  2335200  12.19
2010-03-15  12.04  12.1  11.91  12.02  2251500  12.02
2010-03-12  12.11  12.16  11.96  12.03  1616900  12.03
2010-03-11  11.97  12.06  11.91  12.06  1936000  12.06
2010-03-10  11.95  11.96  11.84  11.93  2848000  11.93
2010-03-09  11.95  12.02  11.86  11.92  2637700  11.92
2010-03-08  11.84  11.98  11.84  11.95  2968600  11.95
2010-03-05  11.83  11.96  11.82  11.83  4250700  11.83
2010-03-04  11.68  11.84  11.62  11.84  3937800  11.84
2010-03-03  11.76  11.79  11.61  11.63  3725200  11.63
2010-03-02  11.54  11.75  11.53  11.68  3806900  11.68
2010-03-01  11.38  11.56  11.38  11.49  6794300  11.49
2010-02-26  11.86  11.86  11.28  11.3  12626900  11.3
2010-02-25  11.87  11.96  11.78  11.91  4075600  11.91
2010-02-24  12.09  12.13  11.81  12.0  3171800  12.0
2010-02-23  12.17  12.23  12.06  12.09  2839400  12.09
2010-02-22  12.28  12.35  12.18  12.21  2310200  12.21
2010-02-19  12.11  12.32  12.02  12.27  4373100  12.27
2010-02-18  11.87  12.17  11.83  12.16  5963400  12.16
2010-02-17  11.8  11.91  11.79  11.88  3407200  11.88
2010-02-16  11.57  11.81  11.57  11.78  2975400  11.78
2010-02-12  11.52  11.57  11.41  11.53  5529300  11.53
2010-02-11  11.55  11.64  11.39  11.61  3952900  11.61
2010-02-10  11.68  11.7  11.42  11.52  4420100  11.52
2010-02-09  11.57  11.8  11.5  11.67  5162600  11.67
2010-02-08  11.64  11.66  11.44  11.45  4410200  11.45
2010-02-05  11.56  11.64  11.42  11.59  5084400  11.59
2010-02-04  11.93  11.99  11.57  11.57  5717500  11.57
2010-02-03  12.03  12.08  11.94  11.98  3609700  11.98
2010-02-02  11.91  12.06  11.77  12.04  4657100  12.04
2010-02-01  11.67  11.9  11.58  11.88  4989400  11.88
2010-01-29  11.75  11.86  11.6  11.62  3918700  11.62
2010-01-28  11.75  11.84  11.52  11.74  5906400  11.74
2010-01-27  11.88  11.88  11.58  11.73  4590200  11.73
2010-01-26  11.91  11.94  11.82  11.83  4317600  11.83
2010-01-25  11.95  12.0  11.82  11.93  3653400  11.93
2010-01-22  12.09  12.13  11.82  11.83  3879300  11.83
2010-01-21  12.35  12.41  12.03  12.13  5705400  12.13
2010-01-20  12.29  12.4  12.17  12.38  3133200  12.38
2010-01-19  12.18  12.41  12.17  12.34  3809100  12.34
2010-01-15  12.12  12.19  11.95  12.17  3405900  12.17
2010-01-14  12.14  12.2  12.01  12.18  2262200  12.18
2010-01-13  12.01  12.12  11.97  12.12  2294300  12.12
2010-01-12  11.93  12.23  11.93  12.02  4563400  12.02
2010-01-11  11.91  11.94  11.83  11.94  2175000  11.94
2010-01-08  11.93  11.98  11.81  11.86  4050400  11.86
2010-01-07  11.91  12.01  11.73  12.0  5962900  12.0
2010-01-06  12.03  12.03  11.81  11.88  5716100  11.88
2010-01-05  12.12  12.17  11.9  12.0  4227100  12.0
2010-01-04  12.15  12.2  12.07  12.09  2239700  12.09
