Date  Open  High  Low  Close  Volume  Adj Close
2014-02-28  35.43  35.65  34.7  35.0  9607300  35.0
2014-02-27  35.46  35.98  35.33  35.38  6431500  35.38
2014-02-26  35.43  35.63  35.21  35.37  8983300  35.37
2014-02-25  35.59  35.75  35.11  35.53  11764200  35.53
2014-02-24  36.05  36.33  35.38  35.65  14665400  35.65
2014-02-21  38.14  39.28  35.58  36.07  23860400  36.07
2014-02-20  40.1  40.32  38.53  39.28  12099400  39.28
2014-02-19  39.55  40.98  39.55  40.07  8361500  40.07
2014-02-18  39.44  39.95  39.32  39.66  5652200  39.66
2014-02-14  38.91  39.08  38.05  38.86  6104600  38.86
2014-02-13  38.36  39.17  38.04  38.83  9862000  38.83
2014-02-12  39.47  39.62  38.59  38.61  4969700  38.61
2014-02-11  38.82  39.38  38.74  39.25  5497400  39.25
2014-02-10  39.13  39.2  38.19  38.71  7631200  38.71
2014-02-07  40.3  40.49  38.8  39.32  8471500  39.32
2014-02-06  40.51  40.92  40.17  40.26  6866000  40.26
2014-02-05  41.73  41.78  40.33  40.42  5773100  40.42
2014-02-04  40.12  41.78  40.12  41.61  8096300  41.61
2014-02-03  40.55  40.75  39.41  39.46  5629300  39.46
2014-01-31  39.37  40.38  39.24  39.98  4302400  39.98
2014-01-30  40.56  40.59  39.67  39.72  4543600  39.72
2014-01-29  39.62  40.94  39.26  40.49  6470000  40.49
2014-01-28  39.52  40.6  39.52  40.37  6614000  40.37
2014-01-27  39.53  39.55  38.47  39.05  3973900  39.05
2014-01-24  39.56  40.0  39.42  39.53  7004800  39.53
2014-01-23  40.04  40.42  39.66  39.79  6241500  39.79
2014-01-22  39.57  40.6  39.55  39.89  7167500  39.89
2014-01-21  37.93  39.11  37.8  39.07  6039800  39.07
2014-01-17  38.26  38.36  37.41  37.46  3797500  37.46
2014-01-16  37.85  38.25  37.29  38.14  4536400  38.14
2014-01-15  37.37  37.83  37.24  37.6  3897000  37.6
2014-01-14  36.53  37.37  36.53  37.34  6762500  37.34
2014-01-13  37.55  37.76  36.36  36.42  5779500  36.42
2014-01-10  37.41  37.84  37.24  37.48  3466800  37.48
2014-01-09  38.91  38.96  36.87  37.42  7391100  37.42
2014-01-08  38.71  39.32  38.57  38.73  4964900  38.73
2014-01-07  38.38  39.21  38.33  38.85  4838400  38.85
2014-01-06  38.13  38.34  37.79  38.18  3309600  38.18
2014-01-03  38.15  38.52  37.61  37.93  3461500  37.93
2014-01-02  38.55  39.28  37.96  38.15  4825100  38.15
2013-12-31  38.65  38.92  38.26  38.74  2994100  38.74
2013-12-30  39.0  39.33  38.46  38.7  3145500  38.7
2013-12-27  38.54  38.79  38.15  38.71  2509000  38.71
2013-12-26  38.95  38.95  38.39  38.54  3267400  38.54
2013-12-24  38.54  38.93  38.43  38.91  1306200  38.91
2013-12-23  38.52  39.27  38.45  38.55  3758200  38.55
2013-12-20  38.58  38.85  38.3  38.41  6809300  38.41
2013-12-19  37.13  38.35  37.02  38.29  8211600  38.29
2013-12-18  36.02  36.42  35.48  36.39  5384200  36.39
2013-12-17  35.75  36.18  35.38  35.8  4973800  35.8
2013-12-16  36.17  36.36  35.53  35.8  6734700  35.8
2013-12-13  36.47  36.57  35.85  36.1  5788900  36.1
2013-12-12  35.79  36.7  35.77  36.55  5889100  36.55
2013-12-11  36.25  36.41  35.48  35.71  5322300  35.71
2013-12-10  36.88  37.52  36.32  36.34  6041300  36.34
2013-12-09  36.52  36.86  35.67  36.8  7524100  36.8
2013-12-06  36.24  36.68  35.02  35.18  5392400  35.18
2013-12-05  34.11  35.87  33.98  35.85  6649700  35.85
2013-12-04  34.46  34.63  34.18  34.4  4075500  34.4
2013-12-03  34.48  34.88  34.2  34.52  4897200  34.52
2013-12-02  34.55  34.98  34.14  34.66  4347400  34.66
2013-11-29  34.45  34.61  33.92  34.43  1982500  34.43
2013-11-27  34.25  34.52  34.01  34.46  3868600  34.46
2013-11-26  34.66  34.98  34.12  34.39  6886000  34.39
2013-11-25  35.26  35.26  34.48  34.78  4211400  34.78
2013-11-22  34.87  35.13  34.31  35.12  4570200  35.12
2013-11-21  34.31  35.27  34.22  34.72  5611100  34.72
2013-11-20  33.93  34.63  33.68  34.06  8038500  34.06
2013-11-19  32.75  33.33  32.6  33.07  3896900  33.07
2013-11-18  33.58  33.61  32.72  32.85  5985700  32.85
2013-11-15  33.27  33.45  32.87  33.31  4359600  33.31
2013-11-14  33.64  33.78  32.94  33.14  9553100  33.14
2013-11-13  33.27  34.25  33.24  33.86  4791900  33.86
2013-11-12  33.58  34.33  33.4  33.49  5992000  33.49
2013-11-11  33.64  33.78  33.07  33.5  4283700  33.5
2013-11-08  32.71  33.59  32.58  33.58  6950800  33.58
2013-11-07  33.98  33.98  31.77  32.61  11817400  32.61
2013-11-06  34.98  35.18  33.67  33.87  7564000  33.87
2013-11-05  34.84  35.28  34.61  34.9  4995700  34.9
2013-11-04  35.18  35.33  34.67  35.07  3204100  35.07
2013-11-01  35.2  35.33  34.57  35.0  5648000  35.0
2013-10-31  35.39  35.46  34.64  35.28  6198600  35.28
2013-10-30  36.43  36.63  34.87  35.39  6765100  35.39
2013-10-29  37.04  37.25  36.49  36.57  3730000  36.57
2013-10-28  37.0  37.08  36.39  36.84  4991500  36.84
2013-10-25  35.91  37.05  35.46  36.94  10416700  36.94
2013-10-24  34.8  35.23  34.37  34.8  7635600  34.8
2013-10-23  35.64  35.75  34.71  34.75  5381300  34.75
2013-10-22  36.14  36.43  35.56  35.83  4717100  35.83
2013-10-21  36.21  36.62  35.78  36.02  4865800  36.02
2013-10-18  36.58  36.63  35.53  36.08  5316700  36.08
2013-10-17  37.51  37.51  36.17  36.3  4284000  36.3
2013-10-16  36.69  37.56  36.61  37.43  4179700  37.43
2013-10-15  36.62  37.04  36.1  36.33  3525400  36.33
2013-10-14  36.32  36.94  36.26  36.74  2955700  36.74
2013-10-11  36.04  36.98  35.91  36.71  4236000  36.71
2013-10-10  36.15  36.79  35.39  36.18  7300000  36.18
2013-10-09  35.05  35.72  34.63  35.39  6115000  35.39
2013-10-08  35.81  36.06  34.99  35.05  4639100  35.05
2013-10-07  35.81  36.27  35.66  35.78  3039300  35.78
2013-10-04  35.72  36.58  35.61  36.28  3459600  36.28
2013-10-03  36.0  36.27  35.53  35.65  4487700  35.65
2013-10-02  36.61  36.82  35.88  36.14  5968000  36.14
2013-10-01  37.28  37.54  36.88  37.06  6414000  37.06
2013-09-30  36.63  37.42  36.49  37.28  6114500  37.28
2013-09-27  36.97  37.26  36.83  37.07  4389000  37.07
2013-09-26  36.39  37.44  36.25  37.08  13128200  37.08
2013-09-25  36.58  36.79  35.31  35.53  13798300  35.53
2013-09-24  37.23  37.44  36.59  36.69  10019100  36.69
2013-09-23  37.47  37.53  36.97  37.21  3745000  37.21
2013-09-20  38.03  38.35  37.53  37.67  3842800  37.67
2013-09-19  38.43  38.72  37.77  38.03  3780000  38.03
2013-09-18  38.03  38.58  37.64  38.34  4091400  38.34
2013-09-17  37.7  38.45  37.62  38.17  2926900  38.17
2013-09-16  37.91  38.06  37.5  37.56  4092500  37.56
2013-09-13  38.0  38.12  37.38  37.48  5029600  37.48
2013-09-12  38.87  38.89  37.8  38.0  5858700  38.0
2013-09-11  38.72  38.89  37.73  38.84  7252300  38.84
2013-09-10  38.96  38.98  37.71  38.58  6120000  38.58
2013-09-09  38.94  39.06  38.36  38.96  3173700  38.96
2013-09-06  38.46  39.06  38.04  38.7  3448400  38.7
2013-09-05  39.61  39.72  38.32  38.41  5121800  38.41
2013-09-04  39.68  39.95  38.91  39.39  3500700  39.39
2013-09-03  39.73  40.3  39.73  39.89  3568700  39.89
2013-08-30  39.31  39.52  38.92  39.09  2776700  39.09
2013-08-29  39.48  39.52  38.96  39.36  2724800  39.36
2013-08-28  38.7  39.93  38.51  39.42  3284800  39.42
2013-08-27  38.4  39.36  38.22  38.71  3145400  38.71
2013-08-26  38.96  39.41  38.76  38.8  1991500  38.8
2013-08-23  38.69  38.96  38.36  38.81  2654600  38.81
2013-08-22  37.64  38.95  37.52  38.84  3041800  38.84
2013-08-21  37.58  37.91  37.22  37.38  2409600  37.38
2013-08-20  36.96  37.79  36.71  37.52  2802600  37.52
2013-08-19  37.19  37.65  36.6  36.68  2309700  36.68
2013-08-16  37.51  37.67  36.94  37.09  2736000  37.09
2013-08-15  36.93  37.77  36.45  37.69  2464100  37.69
2013-08-14  37.67  37.75  37.34  37.35  4912200  37.35
2013-08-13  37.63  37.68  37.22  37.57  2577200  37.57
2013-08-12  37.9  38.15  37.46  37.71  2458600  37.71
2013-08-09  37.79  38.04  37.67  37.96  3058000  37.96
2013-08-08  37.97  38.13  37.09  37.81  3156800  37.81
2013-08-07  38.53  38.68  37.59  37.8  3538400  37.8
2013-08-06  38.49  38.85  38.07  38.75  3258000  38.75
2013-08-05  38.5  38.69  38.1  38.58  1935200  38.58
2013-08-02  38.63  38.7  38.22  38.55  3516200  38.55
2013-08-01  38.38  38.74  38.08  38.66  4158200  38.66
2013-07-31  38.48  38.82  37.81  37.85  5089800  37.85
2013-07-30  37.93  38.37  37.68  38.3  3076800  38.3
2013-07-29  38.68  38.68  38.05  38.21  2837600  38.21
2013-07-26  38.23  38.91  37.89  38.52  4757200  38.52
2013-07-25  37.45  38.97  37.44  38.22  9244800  38.22
2013-07-24  36.17  36.29  35.56  35.8  4037200  35.8
2013-07-23  36.44  36.81  36.01  36.08  3536800  36.08
2013-07-22  36.61  36.8  36.21  36.33  2775200  36.33
2013-07-19  36.42  36.82  35.94  36.78  3427400  36.78
2013-07-18  35.04  36.44  35.04  36.26  5331200  36.26
2013-07-17  34.74  34.97  34.4  34.79  3477600  34.79
2013-07-16  35.09  35.14  34.28  34.74  3820800  34.74
2013-07-15  35.35  35.38  34.73  35.05  4086000  35.05
2013-07-12  35.4  35.47  35.01  35.36  3655600  35.36
2013-07-11  36.14  36.4  34.85  35.41  6101400  35.41
2013-07-10  35.93  36.12  35.31  35.55  2790600  35.55
2013-07-09  35.95  36.16  35.64  35.83  2921000  35.83
2013-07-08  35.67  36.08  35.54  35.72  2362600  35.72
2013-07-05  36.03  36.14  34.91  35.67  3300200  35.67
2013-07-03  35.49  36.01  35.12  35.79  2845600  35.79
2013-07-02  35.35  36.11  35.21  35.51  3876600  35.51
2013-07-01  35.78  35.98  35.11  35.25  4640400  35.25
2013-06-28  35.12  35.73  34.61  35.45  6366600  35.45
2013-06-27  35.82  36.0  35.24  35.34  3439400  35.34
2013-06-26  35.47  36.01  34.88  35.83  3309000  35.83
2013-06-25  34.91  35.27  34.39  35.12  3075000  35.12
2013-06-24  33.59  34.78  32.79  34.48  4105400  34.48
2013-06-21  34.63  34.64  33.47  33.95  5773000  33.95
2013-06-20  35.05  35.16  34.29  34.42  3523600  34.42
2013-06-19  36.06  36.31  35.66  35.68  2242000  35.68
2013-06-18  35.65  36.37  35.46  36.03  2653000  36.03
2013-06-17  35.18  35.7  35.1  35.6  3150400  35.6
2013-06-14  35.29  35.41  34.48  34.72  2845400  34.72
2013-06-13  34.6  35.29  34.37  35.23  4141400  35.23
2013-06-12  35.45  35.58  34.51  34.67  3157400  34.67
2013-06-11  35.2  35.63  34.89  35.2  3175600  35.2
2013-06-10  36.25  36.41  35.51  35.76  3292200  35.76
2013-06-07  35.47  36.25  35.34  36.1  3033400  36.1
2013-06-06  34.85  35.4  34.53  35.23  3277200  35.23
2013-06-05  35.06  35.27  34.69  35.06  2722400  35.06
2013-06-04  35.3  35.73  34.76  35.15  3063800  35.15
2013-06-03  35.19  35.77  35.07  35.41  3557000  35.41
2013-05-31  35.78  36.12  35.12  35.12  3413600  35.12
2013-05-30  36.04  36.29  35.6  36.03  3554200  36.03
2013-05-29  35.95  36.52  35.84  36.04  2941400  36.04
2013-05-28  36.3  37.06  35.87  36.19  3472600  36.19
2013-05-24  35.75  36.02  35.17  35.42  3506800  35.42
2013-05-23  34.85  36.24  34.29  36.09  4316400  36.09
2013-05-22  35.56  36.2  34.85  35.23  4739000  35.23
2013-05-21  36.16  36.34  35.02  35.5  4465400  35.5
2013-05-20  35.1  36.23  35.09  36.08  5600600  36.08
2013-05-17  33.93  35.18  33.89  35.08  4460200  35.08
2013-05-16  34.21  34.65  33.7  33.81  3999600  33.81
2013-05-15  34.07  34.43  33.69  34.21  3919800  34.21
2013-05-14  33.37  34.25  33.27  34.2  3925600  34.2
2013-05-13  33.28  33.64  33.19  33.27  2433600  33.27
2013-05-10  33.68  33.68  32.96  33.36  2895000  33.36
2013-05-09  33.85  34.27  33.38  33.77  3100400  33.77
2013-05-08  33.93  34.21  33.55  34.0  2748200  34.0
2013-05-07  33.99  34.43  33.84  33.85  3349200  33.85
2013-05-06  33.59  34.55  33.53  33.97  3216400  33.97
2013-05-03  33.36  33.94  33.11  33.59  3544200  33.59
2013-05-02  33.19  33.84  32.94  33.02  4266600  33.02
2013-05-01  33.72  33.72  32.89  33.03  3504000  33.03
2013-04-30  33.99  34.38  33.66  33.96  4417200  33.96
2013-04-29  33.91  34.31  33.74  34.03  3831000  34.03
2013-04-26  34.18  34.36  33.07  33.6  4337600  33.6
2013-04-25  33.65  35.18  33.52  34.04  5459400  34.04
2013-04-24  33.07  33.75  32.98  33.4  5005000  33.4
2013-04-23  32.85  32.94  32.39  32.89  3310600  32.89
2013-04-22  32.27  33.03  31.97  32.84  3958400  32.84
2013-04-19  32.83  33.03  31.82  32.24  4901600  32.24
2013-04-18  32.25  32.84  31.94  32.8  8730600  32.8
2013-04-17  32.16  32.23  31.57  31.92  5499200  31.92
2013-04-16  32.22  32.56  31.7  32.33  7650200  32.33
2013-04-15  33.47  33.55  31.7  31.71  8631600  31.71
2013-04-12  34.62  34.71  33.79  33.79  5231800  33.79
2013-04-11  35.29  35.62  34.76  34.83  3793200  34.83
2013-04-10  35.31  35.38  34.66  34.71  4885000  34.71
2013-04-09  34.28  35.46  34.08  35.1  5262800  35.1
2013-04-08  34.16  34.92  33.96  34.26  5299600  34.26
2013-04-05  32.06  33.92  31.92  33.92  5410200  33.92
2013-04-04  32.41  32.65  31.85  32.26  3369600  32.26
2013-04-03  33.2  33.42  31.97  32.31  3736400  32.31
2013-04-02  33.65  33.65  33.18  33.26  2963600  33.26
2013-04-01  33.42  33.88  32.81  33.32  3840200  33.32
2013-03-28  33.78  33.97  33.59  33.74  3023600  33.74
2013-03-27  33.57  34.01  33.28  33.94  2678400  33.94
2013-03-26  33.43  34.04  33.32  33.81  3496800  33.81
2013-03-25  34.07  34.27  33.29  33.65  3070800  33.65
2013-03-22  33.94  34.36  33.57  33.78  3133600  33.78
2013-03-21  33.69  33.99  33.55  33.74  3871600  33.74
2013-03-20  34.1  34.23  33.28  33.87  3812200  33.87
2013-03-19  33.88  34.01  33.3  33.97  4908600  33.97
2013-03-18  33.06  34.12  33.06  33.86  3436200  33.86
2013-03-15  33.96  34.43  33.28  33.47  7173800  33.47
2013-03-14  32.87  34.17  32.85  34.07  5055000  34.07
2013-03-13  32.5  32.91  32.43  32.82  3267000  32.82
2013-03-12  32.94  32.96  32.14  32.54  5170600  32.54
2013-03-11  32.23  32.93  32.0  32.92  3883200  32.92
2013-03-08  32.42  32.43  31.84  32.24  2979000  32.24
2013-03-07  31.19  32.33  31.08  32.27  4293400  32.27
2013-03-06  31.25  31.53  30.82  31.05  7005400  31.05
2013-03-05  31.81  31.94  31.24  31.49  4559600  31.49
2013-03-04  31.5  31.76  31.18  31.5  5043000  31.5
2013-03-01  30.84  31.99  30.74  31.64  6897200  31.64
2013-02-28  31.19  31.22  30.87  30.93  5629800  30.93
2013-02-27  30.32  31.25  30.25  31.23  6462600  31.23
2013-02-26  29.4  30.41  29.12  30.32  6678400  30.32
2013-02-25  30.08  30.4  29.2  29.2  7572000  29.2
2013-02-22  28.18  29.89  28.17  29.85  12220000  29.85
2013-02-21  26.76  26.96  26.17  26.88  4596400  26.88
2013-02-20  27.76  27.82  26.78  26.79  3893000  26.79
2013-02-19  27.24  27.86  27.15  27.71  4425400  27.71
2013-02-15  27.34  27.36  26.53  27.1  6534800  27.1
2013-02-14  27.56  27.75  27.37  27.43  3277200  27.43
2013-02-13  27.32  27.69  27.32  27.68  2520400  27.68
2013-02-12  27.32  27.41  27.04  27.3  3000400  27.3
2013-02-11  27.35  27.35  26.87  27.28  2382000  27.28
2013-02-08  27.21  27.47  27.21  27.4  2426600  27.4
2013-02-07  27.11  27.16  26.68  27.08  2466400  27.08
2013-02-06  26.58  27.32  26.51  27.15  3053400  27.15
2013-02-05  26.41  26.77  26.3  26.69  2665200  26.69
2013-02-04  26.34  26.43  26.14  26.23  1866800  26.23
2013-02-01  26.49  26.67  26.26  26.54  2358800  26.54
2013-01-31  26.19  26.56  25.93  26.34  3439400  26.34
2013-01-30  26.32  26.6  26.16  26.2  2645800  26.2
2013-01-29  25.87  26.37  25.71  26.33  2797800  26.33
2013-01-28  26.21  26.33  25.75  25.85  3911200  25.85
2013-01-25  26.17  26.53  26.1  26.37  3783800  26.37
2013-01-24  26.02  26.75  26.02  26.26  3520800  26.26
2013-01-23  26.15  26.22  25.79  25.91  4363600  25.91
2013-01-22  25.62  26.37  25.41  26.23  6153800  26.23
2013-01-18  25.09  25.64  24.94  25.63  4304200  25.63
2013-01-17  24.82  25.28  24.7  25.02  3779400  25.02
2013-01-16  24.66  24.75  24.11  24.74  3892000  24.74
2013-01-15  24.08  24.69  23.97  24.66  3533000  24.66
2013-01-14  24.01  24.41  23.99  24.27  3078200  24.27
2013-01-11  23.96  24.07  23.62  24.0  3838000  24.0
2013-01-10  23.83  23.94  23.35  23.83  5887400  23.83
2013-01-09  24.43  24.45  23.34  23.71  9886400  23.71
2013-01-08  24.68  24.74  24.08  24.42  6178400  24.42
2013-01-07  24.77  24.88  24.36  24.8  4443200  24.8
2013-01-04  24.97  25.25  24.82  25.0  4459000  25.0
2013-01-03  24.58  25.25  24.07  24.89  5589400  24.89
2013-01-02  25.31  25.31  23.8  24.56  8984200  24.56
2012-12-31  24.33  24.84  24.19  24.81  3606000  24.81
2012-12-28  24.62  24.66  24.33  24.36  2753400  24.36
2012-12-27  24.64  24.86  24.52  24.82  3880800  24.82
2012-12-26  25.04  25.09  24.51  24.66  3055400  24.66
2012-12-24  25.23  25.23  24.82  24.92  1272200  24.92
2012-12-21  25.14  25.53  24.77  25.36  5283600  25.36
2012-12-20  24.82  25.49  24.79  25.48  5043000  25.48
2012-12-19  24.32  25.07  24.3  24.75  6235000  24.75
2012-12-18  23.81  24.59  23.75  24.31  3538400  24.31
2012-12-17  23.42  23.82  23.21  23.82  2847200  23.82
2012-12-14  23.41  23.66  23.32  23.34  4953600  23.34
2012-12-13  24.15  24.2  23.15  23.46  7507800  23.46
2012-12-12  24.06  24.62  24.05  24.24  3345600  24.24
2012-12-11  24.04  24.17  23.84  23.98  3325600  23.98
2012-12-10  24.24  24.43  23.79  23.96  3963200  23.96
2012-12-07  24.39  24.72  24.3  24.36  3874600  24.36
2012-12-06  23.77  24.37  23.68  24.34  4131400  24.34
2012-12-05  23.88  24.27  23.61  23.77  4183800  23.77
2012-12-04  23.97  24.05  23.57  23.73  4386200  23.73
2012-12-03  23.76  24.27  23.64  24.0  4478600  24.0
2012-11-30  23.81  23.9  23.44  23.5  6005000  23.5
2012-11-29  24.08  24.3  23.66  23.82  4783600  23.82
2012-11-28  23.62  23.92  23.37  23.9  7046200  23.9
2012-11-27  24.0  24.02  23.73  23.85  5313400  23.85
2012-11-26  24.53  24.61  23.94  23.99  5728600  23.99
2012-11-23  24.75  24.88  24.53  24.88  1175000  24.88
2012-11-21  24.57  24.69  24.42  24.67  2027800  24.67
2012-11-20  24.5  24.61  24.26  24.57  3186600  24.57
2012-11-19  24.35  24.89  24.33  24.49  5469000  24.49
2012-11-16  23.9  24.12  23.61  23.93  4679600  23.93
2012-11-15  23.73  24.13  23.64  23.77  5856200  23.77
2012-11-14  24.17  24.3  23.89  23.94  3859400  23.94
2012-11-13  23.54  24.49  23.53  24.12  4067400  24.12
2012-11-12  23.8  23.95  23.64  23.86  2143800  23.86
2012-11-09  23.63  23.94  23.51  23.72  4879400  23.72
2012-11-08  24.09  24.24  23.72  23.75  4518600  23.75
2012-11-07  23.96  24.15  23.69  24.01  4987400  24.01
2012-11-06  24.21  24.56  24.12  24.34  5285800  24.34
2012-11-05  23.75  24.05  23.69  23.97  4415600  23.97
2012-11-02  24.07  24.27  23.68  23.71  7941200  23.71
2012-11-01  23.48  23.95  23.07  23.94  4869200  23.94
2012-10-31  23.62  23.84  23.35  23.43  6337600  23.43
2012-10-26  22.44  23.68  22.26  23.67  14305000  23.67
2012-10-25  21.66  21.81  21.02  21.52  6840600  21.52
2012-10-24  21.91  22.03  21.38  21.41  4939200  21.41
2012-10-23  21.47  21.94  21.39  21.81  4358200  21.81
2012-10-22  22.27  22.27  21.65  21.86  4511000  21.86
2012-10-19  22.4  22.59  22.02  22.18  4661400  22.18
2012-10-18  22.66  22.68  22.23  22.46  4458200  22.46
2012-10-17  22.89  23.04  22.63  22.82  3957200  22.82
2012-10-16  22.3  22.76  22.17  22.74  3747000  22.74
2012-10-15  21.72  22.16  21.71  22.09  3200600  22.09
2012-10-12  22.08  22.3  21.83  21.87  4417400  21.87
2012-10-11  22.17  22.68  22.05  22.12  4701400  22.12
2012-10-10  21.88  22.26  21.82  21.93  2324200  21.93
2012-10-09  21.89  22.2  21.74  22.02  4611000  22.02
2012-10-08  21.92  22.08  21.8  21.89  4080800  21.89
2012-10-05  22.36  22.5  21.94  22.08  4494400  22.08
2012-10-04  22.01  22.11  21.76  22.07  6001000  22.07
2012-10-03  22.43  22.47  21.53  21.85  11084600  21.85
2012-10-02  22.79  22.86  22.19  22.44  5455600  22.44
2012-10-01  22.76  23.16  22.65  22.79  8375400  22.79
2012-09-28  22.35  22.56  21.99  22.39  3333800  22.39
2012-09-27  22.17  22.64  21.98  22.45  5104400  22.45
2012-09-26  21.73  22.19  21.47  21.95  4749600  21.95
2012-09-25  22.09  22.14  21.76  21.77  4124600  21.77
2012-09-24  22.06  22.06  21.67  21.9  5275800  21.9
2012-09-21  22.26  22.59  22.21  22.46  5161600  22.46
2012-09-20  21.99  22.05  21.74  22.04  5186800  22.04
2012-09-19  22.36  22.49  22.09  22.26  4029600  22.26
2012-09-18  22.41  22.88  22.26  22.41  3885000  22.41
2012-09-17  22.79  23.02  22.39  22.48  2409800  22.48
2012-09-14  22.92  23.56  22.64  22.87  7692200  22.87
2012-09-13  22.72  23.18  22.11  22.81  5874800  22.81
2012-09-12  22.32  23.01  22.13  22.71  8446400  22.71
2012-09-11  21.14  22.31  21.14  22.2  8093000  22.2
2012-09-10  21.46  21.69  20.91  21.0  4409800  21.0
2012-09-07  20.82  21.26  20.77  21.03  3664800  21.03
2012-09-06  20.42  21.04  20.3  20.73  3364600  20.73
2012-09-05  20.72  20.72  20.21  20.24  3660400  20.24
2012-09-04  20.58  20.74  20.17  20.69  3195200  20.69
2012-08-31  20.45  20.89  20.2  20.65  4169400  20.65
2012-08-30  20.33  20.52  20.1  20.22  3281600  20.22
2012-08-29  20.76  20.84  20.48  20.51  2526800  20.51
2012-08-28  20.96  21.07  20.51  20.78  3493800  20.78
2012-08-27  20.88  21.37  20.7  21.06  3856400  21.06
2012-08-24  20.27  20.93  20.19  20.87  2918000  20.87
2012-08-23  20.82  20.9  20.24  20.27  4879600  20.27
2012-08-22  20.71  21.01  20.52  20.95  3030400  20.95
2012-08-21  21.1  21.49  20.72  20.82  4638600  20.82
2012-08-20  21.4  21.43  20.63  20.98  5004200  20.98
2012-08-17  22.06  22.06  21.35  21.44  5150800  21.44
2012-08-16  21.22  21.78  21.13  21.59  4219400  21.59
2012-08-15  21.17  21.32  20.91  21.03  2284200  21.03
2012-08-14  21.07  21.32  20.83  21.21  3471600  21.21
2012-08-13  21.36  21.52  20.82  20.96  3788600  20.96
2012-08-10  21.38  21.45  20.85  21.38  4177200  21.38
2012-08-09  21.09  22.09  20.93  21.68  6054000  21.68
2012-08-08  21.27  21.37  20.87  21.13  3981600  21.13
2012-08-07  20.61  21.64  20.47  21.38  5318600  21.38
2012-08-06  20.69  20.95  20.33  20.34  4141000  20.34
2012-08-03  20.76  20.84  20.22  20.53  5695800  20.53
2012-08-02  20.65  20.67  19.73  20.27  6059800  20.27
2012-08-01  21.19  21.37  20.49  20.95  6162600  20.95
2012-07-31  21.44  21.76  20.99  21.04  5702000  21.04
2012-07-30  20.97  21.83  20.97  21.43  7405400  21.43
2012-07-27  20.88  21.02  20.56  20.95  7024800  20.95
2012-07-26  20.01  20.98  19.98  20.82  10404000  20.82
2012-07-25  19.6  19.79  18.74  19.59  11149600  19.59
2012-07-24  19.81  20.53  19.48  19.69  11047800  19.69
2012-07-23  19.49  20.04  18.85  19.96  8754600  19.96
2012-07-20  19.48  20.05  19.25  20.04  8166000  20.04
2012-07-19  19.97  20.01  19.17  19.63  8093600  19.63
2012-07-18  19.87  20.18  19.77  19.89  10223800  19.89
2012-07-17  20.32  20.42  19.74  19.95  9777200  19.95
2012-07-16  19.98  20.3  19.94  20.09  10146000  20.09
2012-07-13  19.82  20.37  19.66  20.23  7477800  20.23
2012-07-12  19.32  19.55  19.18  19.42  8684000  19.42
2012-07-11  19.52  19.77  19.04  19.65  6983200  19.65
2012-07-10  20.17  20.34  19.35  19.47  8774200  19.47
2012-07-09  20.25  20.4  19.76  20.07  7502000  20.07
2012-07-06  19.55  20.03  19.42  19.69  7657800  19.69
2012-07-05  19.87  20.32  19.79  19.87  6985800  19.87
2012-07-03  20.0  20.24  19.85  20.01  5110600  20.01
2012-07-02  19.61  19.91  19.29  19.8  10810200  19.8
2012-06-29  20.7  20.77  19.2  19.64  16980000  19.64
2012-06-28  20.41  20.62  19.53  20.1  21237600  20.1
2012-06-27  19.06  20.79  19.06  20.56  30133200  20.56
2012-06-26  18.27  18.93  18.24  18.87  9843200  18.87
2012-06-25  17.96  18.47  17.62  18.39  7917400  18.39
2012-06-22  17.6  18.39  17.38  18.14  9476600  18.14
2012-06-21  18.12  18.19  17.33  17.37  7395000  17.37
2012-06-20  18.11  18.47  17.85  18.14  5139400  18.14
2012-06-19  18.42  18.69  17.94  18.09  9547600  18.09
2012-06-18  18.01  18.42  17.87  18.35  10404000  18.35
2012-06-15  17.58  18.08  17.49  18.04  9712400  18.04
2012-06-14  16.16  17.69  15.97  17.47  13967000  17.47
2012-06-13  16.52  16.65  16.02  16.08  7656200  16.08
2012-06-12  16.1  16.76  15.92  16.74  7007200  16.74
2012-06-11  16.64  16.8  15.94  15.96  5143800  15.96
2012-06-08  16.23  16.47  15.97  16.44  5445000  16.44
2012-06-07  16.91  17.0  16.31  16.35  5115400  16.35
2012-06-06  16.15  16.72  16.15  16.63  5094200  16.63
2012-06-05  15.47  16.03  15.41  15.95  5030000  15.95
2012-06-04  15.58  15.77  14.93  15.52  9850400  15.52
2012-06-01  15.89  16.02  15.23  15.53  11074000  15.53
2012-05-31  16.36  16.39  15.61  16.22  11241000  16.22
2012-05-30  17.04  17.07  16.22  16.36  10132600  16.36
2012-05-29  17.54  17.65  17.13  17.27  7554400  17.27
2012-05-25  17.26  17.55  16.98  17.33  6750200  17.33
2012-05-24  17.88  17.94  17.28  17.48  6334800  17.48
2012-05-23  17.64  18.16  17.38  18.11  4400000  18.11
2012-05-22  17.8  18.44  17.54  17.86  8888800  17.86
2012-05-21  17.2  17.93  16.97  17.73  8585600  17.73
2012-05-18  16.91  17.47  16.9  17.08  9793800  17.08
2012-05-17  17.31  17.55  16.74  16.79  9399800  16.79
2012-05-16  17.08  18.28  17.08  17.3  11045800  17.3
2012-05-15  17.59  17.7  16.84  16.95  9517200  16.95
2012-05-14  17.49  17.82  17.44  17.55  6307200  17.55
2012-05-11  17.8  18.17  17.67  17.7  5494000  17.7
2012-05-10  18.02  18.34  17.63  18.02  12573600  18.02
2012-05-09  16.7  17.99  16.51  17.92  13846200  17.92
2012-05-08  16.65  17.06  16.26  17.0  8281600  17.0
2012-05-07  16.95  17.12  16.68  16.86  7631000  16.86
2012-05-04  16.98  17.18  16.76  17.12  6721800  17.12
2012-05-03  17.31  17.5  17.12  17.23  8287000  17.23
2012-05-02  17.44  17.7  17.26  17.31  8634600  17.31
2012-05-01  17.51  18.04  17.44  17.9  10816000  17.9
2012-04-30  17.05  17.53  16.59  17.51  11944200  17.51
2012-04-27  16.44  16.9  16.31  16.83  11548000  16.83
2012-04-26  15.26  16.54  15.07  16.44  13559000  16.44
2012-04-25  14.94  15.4  14.93  15.33  9705600  15.33
2012-04-24  14.98  15.03  14.65  14.75  5882600  14.75
2012-04-23  14.65  15.18  14.54  14.92  5670800  14.92
2012-04-20  15.54  15.71  14.99  15.01  5924600  15.01
2012-04-19  15.25  15.61  15.17  15.43  7559800  15.43
2012-04-18  15.14  15.33  15.08  15.2  7334000  15.2
2012-04-17  15.0  15.55  14.93  15.23  5386600  15.23
2012-04-16  14.91  15.33  14.37  14.72  9214800  14.72
2012-04-13  15.21  15.45  15.18  15.24  5702800  15.24
2012-04-12  14.85  15.55  14.85  15.28  7148800  15.28
2012-04-11  15.49  15.58  14.84  14.85  6180800  14.85
2012-04-10  15.62  15.7  15.07  15.26  7310200  15.26
2012-04-09  15.59  15.77  15.46  15.63  6225400  15.63
2012-04-05  15.51  16.28  15.49  15.91  8488200  15.91
2012-04-04  15.46  15.62  15.36  15.57  5782200  15.57
2012-04-03  15.94  15.96  15.51  15.7  6878400  15.7
2012-04-02  15.5  16.14  15.45  15.96  8056800  15.96
2012-03-30  15.2  15.73  15.13  15.53  11748200  15.53
2012-03-29  15.64  15.72  14.67  15.07  19751200  15.07
2012-03-28  15.9  15.9  15.4  15.84  9333600  15.84
2012-03-27  15.99  16.21  15.77  15.97  4422800  15.97
2012-03-26  16.38  16.42  15.91  16.26  5874800  16.26
2012-03-23  15.7  16.46  15.44  16.2  11069400  16.2
2012-03-22  16.48  16.48  15.66  15.7  8007200  15.7
2012-03-21  16.56  16.78  16.46  16.72  7506600  16.72
2012-03-20  16.8  16.8  16.39  16.52  6072800  16.52
2012-03-19  16.59  17.02  16.46  16.94  5448200  16.94
2012-03-16  16.48  16.78  16.23  16.65  8959600  16.65
2012-03-15  16.65  16.78  16.41  16.46  6261800  16.46
2012-03-14  16.88  17.06  16.52  16.63  6020000  16.63
2012-03-13  16.9  17.01  16.56  16.9  5972800  16.9
2012-03-12  17.28  17.28  16.7  16.81  4819200  16.81
2012-03-09  17.57  17.68  17.26  17.39  4173000  17.39
2012-03-08  17.31  17.57  17.16  17.46  4763400  17.46
2012-03-07  16.89  17.24  16.66  17.18  7022600  17.18
2012-03-06  16.71  16.91  16.46  16.86  5387600  16.86
2012-03-05  17.1  17.21  16.66  17.11  6007200  17.11
2012-03-02  17.82  17.9  17.07  17.17  6282000  17.17
2012-03-01  17.45  17.93  17.34  17.92  5373000  17.92
2012-02-29  17.6  17.68  17.23  17.38  5890200  17.38
2012-02-28  17.66  17.85  17.38  17.65  5683800  17.65
2012-02-27  17.77  18.0  17.64  17.68  6639800  17.68
2012-02-24  17.75  17.93  17.51  17.78  4711400  17.78
2012-02-23  17.52  17.68  17.19  17.65  6449200  17.65
2012-02-22  17.93  18.21  17.22  17.46  9259000  17.46
2012-02-21  19.06  19.06  17.4  17.94  17760800  17.94
2012-02-17  17.91  18.5  17.91  18.25  10422800  18.25
2012-02-16  17.3  17.95  17.09  17.67  9177400  17.67
2012-02-15  17.56  17.68  17.14  17.27  7525600  17.27
2012-02-14  16.92  17.55  16.91  17.44  9441400  17.44
2012-02-13  16.87  17.0  16.65  16.96  4228000  16.96
2012-02-10  15.99  16.75  15.77  16.72  10552600  16.72
2012-02-09  16.47  16.83  16.13  16.21  11569600  16.21
2012-02-08  16.92  17.21  16.4  16.46  7128200  16.46
2012-02-07  16.71  17.07  16.46  16.96  7864000  16.96
2012-02-06  16.1  16.79  15.94  16.71  7793400  16.71
2012-02-03  16.28  16.3  15.92  16.17  9404600  16.17
2012-02-02  16.2  16.25  15.76  16.03  14225800  16.03
2012-02-01  16.02  16.29  15.65  16.23  9105600  16.23
2012-01-31  16.27  16.41  15.66  15.89  10174200  15.89
2012-01-30  16.08  16.21  15.96  16.17  6293400  16.17
2012-01-27  16.19  16.66  16.07  16.38  8987200  16.38
2012-01-26  16.61  16.91  15.82  16.16  11476800  16.16
2012-01-25  15.53  16.68  15.37  16.59  43088000  16.59
2012-01-24  16.01  16.01  15.44  15.95  19201200  15.95
2012-01-23  15.84  16.57  15.77  16.21  27809600  16.21
2012-01-20  15.66  15.77  15.0  15.22  21314400  15.22
2012-01-19  16.68  16.88  15.54  15.71  19178800  15.71
2012-01-18  16.62  16.86  16.52  16.8  9712800  16.8
2012-01-17  16.84  16.84  16.04  16.53  13350400  16.53
2012-01-13  16.65  17.07  16.33  16.72  14590800  16.72
2012-01-12  17.43  17.56  16.55  16.73  24714400  16.73
2012-01-11  19.42  19.43  17.27  17.33  25735600  17.33
2012-01-10  20.21  20.25  19.45  19.51  10233600  19.51
2012-01-09  20.06  20.26  19.79  19.83  5764000  19.83
2012-01-06  20.67  20.7  20.06  20.08  7092800  20.08
2012-01-05  20.56  20.69  20.09  20.59  7418400  20.59
2012-01-04  19.7  20.56  19.23  20.49  17852400  20.49
2012-01-03  19.45  19.56  18.82  19.12  7356400  19.12
2011-12-30  19.19  19.22  18.88  18.89  3736800  18.89
2011-12-29  19.0  19.26  18.96  19.16  3307600  19.16
2011-12-28  19.48  19.54  18.9  18.97  3351200  18.97
2011-12-27  19.33  19.63  19.31  19.4  4405600  19.4
2011-12-23  19.39  19.43  19.06  19.41  3322800  19.41
2011-12-22  19.25  19.55  19.25  19.39  5044800  19.39
2011-12-21  19.2  19.31  18.71  19.26  6078000  19.26
2011-12-20  18.36  19.34  18.36  19.2  9120800  19.2
2011-12-19  18.45  18.55  17.87  17.94  7370400  17.94
2011-12-16  18.12  18.49  17.82  18.46  10000400  18.46
2011-12-15  18.45  18.6  17.89  17.95  8214800  17.95
2011-12-14  18.64  18.64  17.72  18.24  13026800  18.24
2011-12-13  19.46  19.83  18.73  18.94  5944400  18.94
2011-12-12  19.83  19.84  19.05  19.32  6870800  19.32
2011-12-09  20.14  20.29  19.84  20.21  7314800  20.21
2011-12-08  20.2  20.42  19.85  20.07  7570800  20.07
2011-12-07  21.29  21.29  19.97  20.29  9161200  20.29
2011-12-06  21.33  21.53  20.95  21.36  4648400  21.36
2011-12-05  21.96  22.12  21.13  21.38  5950400  21.38
2011-12-02  21.67  22.2  21.48  21.51  5918400  21.51
2011-12-01  21.8  22.16  21.03  21.35  9205600  21.35
2011-11-30  21.34  22.07  21.34  22.05  9048400  22.05
2011-11-29  19.96  20.81  19.91  20.68  9364000  20.68
2011-11-28  20.01  20.29  19.66  19.92  9744400  19.92
2011-11-25  18.64  19.23  18.51  19.09  3000800  19.09
2011-11-23  19.59  19.66  18.69  18.74  7530000  18.74
2011-11-22  19.99  20.26  19.73  19.94  5908400  19.94
2011-11-21  19.95  20.09  19.57  19.97  7275200  19.97
2011-11-18  20.44  20.78  20.1  20.45  8018800  20.45
2011-11-17  21.18  21.27  19.99  20.14  9155600  20.14
2011-11-16  21.22  22.0  21.19  21.21  6790800  21.21
2011-11-15  21.36  21.74  21.21  21.36  6960400  21.36
2011-11-14  21.71  21.8  21.15  21.49  5377200  21.49
2011-11-11  21.8  22.4  21.74  21.92  9614800  21.92
2011-11-10  20.54  21.76  20.54  21.55  11725600  21.55
2011-11-09  20.01  20.65  19.84  20.0  8345600  20.0
2011-11-08  21.06  21.06  20.28  20.65  7467200  20.65
2011-11-07  20.88  21.11  20.44  20.82  8818000  20.82
2011-11-04  20.16  20.9  20.01  20.81  7625200  20.81
2011-11-03  20.43  20.91  19.87  20.43  8550400  20.43
2011-11-02  19.81  20.35  19.57  20.01  10261600  20.01
2011-11-01  18.53  19.64  18.1  19.32  12600800  19.32
2011-10-31  19.58  19.74  18.99  19.34  10165600  19.34
2011-10-28  19.2  20.28  19.07  19.96  12118000  19.96
2011-10-27  18.35  20.04  18.17  19.27  24990800  19.27
2011-10-26  16.68  17.0  15.85  16.63  12609600  16.63
2011-10-25  17.51  17.51  16.41  16.45  7928000  16.45
2011-10-24  17.51  17.75  17.2  17.57  9234000  17.57
2011-10-21  17.41  17.65  17.37  17.49  7208800  17.49
2011-10-20  16.92  17.37  16.73  17.14  7475200  17.14
2011-10-19  17.36  17.65  16.84  16.98  11069200  16.98
2011-10-18  17.13  17.41  16.49  17.32  9433600  17.32
2011-10-17  16.86  17.76  16.77  17.15  10656400  17.15
2011-10-14  16.38  17.0  15.91  17.0  8475600  17.0
2011-10-13  15.88  16.26  15.18  16.16  17671600  16.16
2011-10-12  16.49  16.66  16.01  16.03  10063600  16.03
2011-10-11  16.5  16.77  16.18  16.38  4843600  16.38
2011-10-10  16.26  16.91  16.16  16.72  5827600  16.72
2011-10-07  16.46  16.53  15.66  15.83  7262400  15.83
2011-10-06  16.05  16.72  15.86  16.31  7484400  16.31
2011-10-05  15.48  16.18  14.92  16.0  11524000  16.0
2011-10-04  14.16  15.25  13.82  15.22  8427600  15.22
2011-10-03  15.22  15.32  14.5  14.58  6505600  14.58
2011-09-30  15.53  16.04  15.26  15.41  6333200  15.41
2011-09-29  16.35  16.4  15.48  15.96  5846000  15.96
2011-09-28  16.6  16.74  15.81  15.84  7365200  15.84
2011-09-27  16.54  17.17  16.37  16.49  8493200  16.49
2011-09-26  15.34  16.17  14.99  16.15  11747600  16.15
2011-09-23  15.93  16.09  15.09  15.21  11718000  15.21
2011-09-22  16.6  17.08  15.66  16.11  15890000  16.11
2011-09-21  17.73  19.18  17.43  17.43  18326400  17.43
2011-09-20  18.23  18.65  17.75  17.77  8018800  17.77
2011-09-19  17.1  18.36  16.77  18.11  16747600  18.11
2011-09-16  17.36  17.83  17.11  17.56  15468000  17.56
2011-09-15  17.68  17.71  17.04  17.3  9911200  17.3
2011-09-14  17.48  17.69  16.88  17.45  8515600  17.45
2011-09-13  17.29  17.49  16.73  17.37  8102800  17.37
2011-09-12  17.11  17.68  16.74  17.35  10873200  17.35
2011-09-09  18.26  18.3  17.26  17.47  13099200  17.47
2011-09-08  18.96  19.23  18.42  18.49  9754400  18.49
2011-09-07  19.09  19.57  19.0  19.19  6935200  19.19
2011-09-06  17.93  18.75  17.54  18.69  7823200  18.69
2011-09-02  18.28  18.65  17.91  18.47  5419600  18.47
2011-09-01  18.94  19.55  18.73  18.74  6515200  18.74
2011-08-31  19.24  19.53  18.73  18.88  7768000  18.88
2011-08-30  18.33  19.28  18.23  19.08  9661200  19.08
2011-08-29  18.11  18.43  17.83  18.41  6028800  18.41
2011-08-26  17.1  17.94  16.95  17.9  8245200  17.9
2011-08-25  17.56  17.79  17.07  17.29  5839200  17.29
2011-08-24  17.38  17.61  17.01  17.48  4678800  17.48
2011-08-23  16.63  17.47  16.29  17.47  6246800  17.47
2011-08-22  17.18  17.28  16.12  16.45  7280800  16.45
2011-08-19  16.52  17.28  16.46  16.57  7821600  16.57
2011-08-18  17.43  17.43  16.65  16.91  8405200  16.91
2011-08-17  18.15  18.35  17.76  17.94  5801200  17.94
2011-08-16  18.12  18.3  17.67  17.89  7814400  17.89
2011-08-15  18.18  18.51  18.14  18.41  9115200  18.41
2011-08-12  18.05  18.24  17.55  17.97  5628400  17.97
2011-08-11  16.7  18.05  16.48  17.72  10625600  17.72
2011-08-10  15.97  17.42  15.85  16.6  11481200  16.6
2011-08-09  14.98  16.54  14.9  16.33  14532000  16.33
2011-08-08  15.98  15.98  14.38  14.75  14656400  14.75
2011-08-05  17.11  17.35  16.06  16.63  15726000  16.63
2011-08-04  17.82  17.88  16.74  16.79  10378800  16.79
2011-08-03  18.28  18.46  17.68  18.19  8096000  18.19
2011-08-02  18.61  18.97  18.25  18.28  5950400  18.28
2011-08-01  18.81  18.9  18.29  18.72  6089200  18.72
2011-07-29  18.58  18.71  18.34  18.43  9058000  18.43
2011-07-28  17.93  19.63  17.93  18.86  13582000  18.86
2011-07-27  18.03  18.16  17.58  17.65  7145600  17.65
2011-07-26  17.93  18.42  17.71  18.16  5086800  18.16
2011-07-25  17.55  18.2  17.48  17.99  4662400  17.99
2011-07-22  17.75  18.0  17.64  17.89  3836400  17.89
2011-07-21  17.7  17.98  17.6  17.75  5634800  17.75
2011-07-20  17.75  17.75  17.43  17.48  4534400  17.48
2011-07-19  17.28  17.69  17.28  17.68  6916000  17.68
2011-07-18  16.88  17.08  16.67  17.06  7411600  17.06
2011-07-15  16.47  17.36  16.47  17.02  23302000  17.02
2011-07-14  16.12  16.17  15.55  15.57  6248400  15.57
2011-07-13  15.88  16.32  15.83  16.03  6582400  16.03
2011-07-12  15.82  16.02  15.72  15.75  6155600  15.75
2011-07-11  16.25  16.28  15.73  15.77  7434800  15.77
2011-07-08  16.28  16.56  16.19  16.54  5538800  16.54
2011-07-07  16.9  17.1  16.43  16.56  9227600  16.56
2011-07-06  16.69  16.74  16.36  16.54  6981600  16.54
2011-07-05  16.51  17.11  16.51  16.7  6891600  16.7
2011-07-01  16.5  16.79  16.3  16.72  4740000  16.72
2011-06-30  16.5  16.69  16.32  16.49  5302000  16.49
2011-06-29  16.48  16.75  16.29  16.4  6612400  16.4
2011-06-28  15.68  16.37  15.68  16.35  8038000  16.35
2011-06-27  15.22  15.61  15.0  15.57  8595200  15.57
2011-06-24  15.31  15.42  15.13  15.28  9382000  15.28
2011-06-23  15.18  15.33  14.88  15.29  9177600  15.29
2011-06-22  15.32  15.78  15.29  15.5  6782400  15.5
2011-06-21  15.13  15.44  15.13  15.39  5352400  15.39
2011-06-20  14.95  15.07  14.73  15.04  6401600  15.04
2011-06-17  15.25  15.32  14.82  15.01  11558400  15.01
2011-06-16  14.72  15.51  14.65  15.03  16306800  15.03
2011-06-15  14.48  14.76  14.27  14.48  7257600  14.48
2011-06-14  14.15  14.67  14.13  14.66  7545200  14.66
2011-06-13  13.88  14.54  13.65  13.88  7095600  13.88
2011-06-10  14.6  14.72  14.34  14.38  8428000  14.38
2011-06-09  14.59  14.93  14.42  14.76  14083200  14.76
2011-06-08  14.08  15.08  14.08  14.5  15531600  14.5
2011-06-07  13.83  14.17  13.67  13.91  5646800  13.91
2011-06-06  14.04  14.17  13.67  13.69  4129600  13.69
2011-06-03  13.72  14.19  13.57  14.07  4592800  14.07
2011-06-02  14.0  14.16  13.77  13.99  5573200  13.99
2011-06-01  14.6  14.73  13.88  13.95  7137600  13.95
2011-05-31  14.73  14.95  14.41  14.61  9237200  14.61
2011-05-27  14.52  14.79  14.36  14.46  5142400  14.46
2011-05-26  14.22  14.5  14.06  14.45  6888800  14.45
2011-05-25  14.24  14.31  13.21  14.24  12012400  14.24
2011-05-24  13.29  13.63  13.2  13.3  5310800  13.3
2011-05-23  13.34  13.34  13.1  13.19  5355200  13.19
2011-05-20  13.41  13.69  13.06  13.6  8344000  13.6
2011-05-19  13.82  13.91  13.35  13.45  6550400  13.45
2011-05-18  13.39  13.96  13.32  13.74  9314800  13.74
2011-05-17  13.08  13.33  12.98  13.3  4455200  13.3
2011-05-16  13.13  13.52  12.99  13.13  3090400  13.13
2011-05-13  13.35  13.47  13.02  13.17  3553600  13.17
2011-05-12  13.06  13.37  12.8  13.23  5668800  13.23
2011-05-11  13.86  13.88  13.12  13.15  6537200  13.15
2011-05-10  13.68  14.11  13.66  13.95  7307200  13.95
2011-05-09  13.08  13.76  13.08  13.72  8017200  13.72
2011-05-06  13.22  13.44  12.83  13.0  6674800  13.0
2011-05-05  12.95  13.2  12.68  12.93  8382800  12.93
2011-05-04  13.53  13.54  13.07  13.09  7011200  13.09
2011-05-03  13.9  13.94  13.37  13.53  6696000  13.53
2011-05-02  14.27  14.27  13.84  13.97  6043600  13.97
2011-04-29  13.86  14.05  13.84  13.99  4678800  13.99
2011-04-28  13.85  14.32  13.7  13.84  7202400  13.84
2011-04-27  13.9  13.9  13.47  13.84  7444800  13.84
2011-04-26  13.66  13.85  13.51  13.81  5200000  13.81
2011-04-25  13.59  13.65  13.34  13.57  3908400  13.57
2011-04-21  13.31  13.61  13.22  13.59  7175600  13.59
2011-04-20  13.11  13.43  13.01  13.24  6526400  13.24
2011-04-19  12.82  12.94  12.75  12.87  5182800  12.87
2011-04-18  13.09  13.15  12.85  12.99  5153200  12.99
2011-04-15  13.09  13.32  12.91  13.3  4450400  13.3
2011-04-14  12.83  13.14  12.74  13.07  6364000  13.07
2011-04-13  12.84  13.01  12.81  12.9  5413200  12.9
2011-04-12  12.86  12.87  12.53  12.66  5915200  12.66
2011-04-11  13.25  13.35  12.94  13.02  3572000  13.02
2011-04-08  13.36  13.5  13.15  13.21  2964000  13.21
2011-04-07  13.27  13.34  13.13  13.26  6331200  13.26
2011-04-06  13.42  13.52  13.02  13.23  4283600  13.23
2011-04-05  13.34  13.48  13.28  13.37  3272800  13.37
2011-04-04  13.48  13.7  13.34  13.39  5702800  13.39
2011-04-01  13.33  13.55  13.3  13.43  5717200  13.43
2011-03-31  13.29  13.47  13.15  13.17  5660000  13.17
2011-03-30  12.73  13.32  12.73  13.27  10103200  13.27
2011-03-29  12.43  12.69  12.29  12.61  5422400  12.61
2011-03-28  12.76  12.79  12.4  12.43  5464400  12.43
2011-03-25  12.46  12.83  12.42  12.78  6852000  12.78
2011-03-24  12.35  12.46  12.05  12.45  6057600  12.45
2011-03-23  12.2  12.35  12.14  12.31  3378400  12.31
2011-03-22  12.28  12.36  12.17  12.25  4489600  12.25
2011-03-21  12.24  12.35  12.08  12.29  6102800  12.29
2011-03-18  12.26  12.32  11.76  12.05  13026000  12.05
2011-03-17  11.93  12.04  11.57  11.97  7599600  11.97
2011-03-16  11.66  12.13  11.56  11.68  11342800  11.68
2011-03-15  11.09  11.84  11.05  11.6  12616400  11.6
2011-03-14  10.9  11.53  10.86  11.49  8872800  11.49
2011-03-11  10.59  11.01  10.51  10.94  4848800  10.94
2011-03-10  10.89  10.89  10.48  10.7  6922000  10.7
2011-03-09  11.03  11.22  10.98  11.02  4368000  11.02
2011-03-08  11.31  11.31  10.91  11.07  5761200  11.07
2011-03-07  11.52  11.68  11.04  11.27  5940800  11.27
2011-03-04  11.37  11.55  11.28  11.51  6596000  11.51
2011-03-03  11.24  11.44  11.15  11.39  5494800  11.39
2011-03-02  11.04  11.18  10.9  11.16  4511200  11.16
2011-03-01  11.48  11.51  11.02  11.05  7105200  11.05
2011-02-28  11.46  11.53  11.29  11.35  6050800  11.35
2011-02-25  11.09  11.44  11.09  11.38  5620400  11.38
2011-02-24  11.26  11.77  11.12  11.14  13366400  11.14
2011-02-23  10.47  11.18  10.43  11.13  20579600  11.13
2011-02-22  10.21  10.49  9.81  9.9  7417200  9.9
2011-02-18  10.15  10.2  9.97  10.16  3557200  10.16
2011-02-17  10.18  10.23  10.03  10.14  6983200  10.14
2011-02-16  10.04  10.24  9.98  10.21  5317200  10.21
2011-02-15  10.08  10.11  9.96  9.98  5012800  9.98
2011-02-14  10.04  10.2  10.03  10.11  3920000  10.11
2011-02-11  10.1  10.14  9.96  10.05  4438000  10.05
2011-02-10  9.99  10.17  9.94  10.15  3823600  10.15
2011-02-09  10.11  10.2  9.84  10.05  5105200  10.05
2011-02-08  10.23  10.28  9.95  10.17  4571200  10.17
2011-02-07  10.35  10.43  10.17  10.21  4932800  10.21
2011-02-04  10.4  10.44  10.1  10.29  4764800  10.29
2011-02-03  10.47  10.61  10.29  10.37  4490800  10.37
2011-02-02  10.31  10.58  10.31  10.51  5749600  10.51
2011-02-01  10.41  10.49  10.32  10.38  6276000  10.38
2011-01-31  9.92  10.41  9.92  10.35  5976800  10.35
2011-01-28  10.06  10.14  9.81  9.89  6062800  9.89
2011-01-27  10.1  10.18  10.0  10.07  2787200  10.07
2011-01-26  9.87  10.15  9.83  10.12  3755600  10.12
2011-01-25  9.91  9.92  9.7  9.82  3358800  9.82
2011-01-24  9.68  10.04  9.62  9.94  6940400  9.94
2011-01-21  9.8  9.95  9.59  9.71  8619200  9.71
2011-01-20  9.48  9.56  9.23  9.52  4039200  9.52
2011-01-19  9.73  9.76  9.44  9.53  4905600  9.53
2011-01-18  9.62  9.76  9.48  9.74  4137600  9.74
2011-01-14  9.4  9.58  9.36  9.58  4033600  9.58
2011-01-13  9.49  9.53  9.37  9.43  3441600  9.43
2011-01-12  9.58  9.63  9.4  9.51  4468000  9.51
2011-01-11  9.38  9.59  9.35  9.52  3009600  9.52
2011-01-10  9.27  9.36  9.18  9.34  2591600  9.34
2011-01-07  9.3  9.34  9.21  9.31  3450800  9.31
2011-01-06  9.32  9.39  9.22  9.3  4360000  9.3
2011-01-05  9.24  9.41  9.12  9.32  6082800  9.32
2011-01-04  9.59  9.65  9.2  9.32  5437600  9.32
2011-01-03  9.5  9.64  9.45  9.55  4733600  9.55
2010-12-31  9.36  9.45  9.31  9.4  3652400  9.4
2010-12-30  9.31  9.46  9.3  9.36  4059600  9.36
2010-12-29  9.18  9.31  9.16  9.28  4391600  9.28
2010-12-28  9.13  9.16  9.08  9.15  2167600  9.15
2010-12-27  9.09  9.15  9.01  9.09  5100400  9.09
2010-12-23  9.1  9.19  9.06  9.17  1694800  9.17
2010-12-22  9.2  9.2  9.01  9.13  3733200  9.13
2010-12-21  9.19  9.22  9.1  9.19  3412000  9.19
2010-12-20  9.09  9.16  8.93  9.15  4139600  9.15
2010-12-17  8.96  9.11  8.9  9.1  8267200  9.1
2010-12-16  8.98  9.07  8.94  8.94  4547600  8.94
2010-12-15  8.98  9.13  8.95  8.98  4191600  8.98
2010-12-14  9.21  9.23  8.93  9.0  5936000  9.0
2010-12-13  8.87  9.37  8.79  9.18  16354000  9.18
2010-12-10  8.81  8.85  8.67  8.78  5645600  8.78
2010-12-09  9.05  9.11  8.69  8.92  7564400  8.92
2010-12-08  9.29  9.29  8.95  8.97  5735200  8.97
2010-12-07  9.41  9.51  9.22  9.25  4272800  9.25
2010-12-06  9.35  9.39  9.25  9.28  6588000  9.28
2010-12-03  9.11  9.38  9.11  9.36  4880800  9.36
2010-12-02  8.96  9.22  8.95  9.18  6432000  9.18
2010-12-01  8.88  8.95  8.82  8.94  6260000  8.94
2010-11-30  8.57  8.78  8.53  8.69  3807600  8.69
2010-11-29  8.61  8.7  8.57  8.66  6972800  8.66
2010-11-26  8.64  8.78  8.64  8.7  2086800  8.7
2010-11-24  8.79  8.8  8.61  8.75  4262800  8.75
2010-11-23  8.78  8.78  8.59  8.64  5369600  8.64
2010-11-22  8.82  8.93  8.6  8.92  5269600  8.92
2010-11-19  8.59  8.91  8.52  8.9  9984800  8.9
2010-11-18  8.39  8.59  8.38  8.55  6122400  8.55
2010-11-17  8.31  8.36  8.27  8.29  3832000  8.29
2010-11-16  8.42  8.47  8.23  8.32  6230800  8.32
2010-11-15  8.59  8.63  8.49  8.51  4940400  8.51
2010-11-12  8.66  8.67  8.41  8.54  4954800  8.54
2010-11-11  8.53  8.76  8.5  8.76  5224800  8.76
2010-11-10  8.38  8.62  8.24  8.62  7999200  8.62
2010-11-09  8.54  9.02  8.34  8.41  19865600  8.41
2010-11-08  7.94  8.14  7.93  8.08  3875600  8.08
2010-11-05  7.95  8.0  7.87  7.99  3919600  7.99
2010-11-04  7.83  7.94  7.81  7.91  5714000  7.91
2010-11-03  7.62  7.73  7.55  7.7  6160400  7.7
2010-11-02  7.59  7.6  7.41  7.58  3150400  7.58
2010-11-01  7.32  7.63  7.32  7.48  7992400  7.48
2010-10-29  6.99  7.24  6.95  7.19  4743600  7.19
2010-10-28  7.17  7.2  6.96  7.02  7253600  7.02
2010-10-27  7.02  7.13  6.9  7.12  9826000  7.12
2010-10-26  7.57  7.57  7.07  7.11  17023600  7.11
2010-10-25  7.75  7.84  7.59  7.67  6919200  7.67
2010-10-22  7.56  7.67  7.55  7.66  4692400  7.66
2010-10-21  7.58  7.7  7.44  7.55  4963600  7.55
2010-10-20  7.41  7.58  7.4  7.56  4966400  7.56
2010-10-19  7.54  7.58  7.38  7.42  5208400  7.42
2010-10-18  7.57  7.74  7.5  7.71  2698800  7.71
2010-10-15  7.69  7.73  7.5  7.57  4502400  7.57
2010-10-14  7.73  7.74  7.56  7.62  4566800  7.62
2010-10-13  7.68  7.78  7.66  7.74  6551200  7.74
2010-10-12  7.79  7.79  7.43  7.61  9451200  7.61
2010-10-11  7.96  7.99  7.79  7.82  4389200  7.82
2010-10-08  7.79  7.99  7.75  7.95  4260400  7.95
2010-10-07  7.86  7.86  7.7  7.78  4839600  7.78
2010-10-06  7.63  7.89  7.63  7.82  7655600  7.82
2010-10-05  7.51  7.74  7.51  7.62  9034800  7.62
2010-10-04  7.58  7.62  7.33  7.39  6304000  7.39
2010-10-01  7.57  7.68  7.54  7.58  6765600  7.58
2010-09-30  7.56  7.6  7.32  7.47  9334400  7.47
2010-09-29  7.08  7.51  7.05  7.49  7456800  7.49
2010-09-28  7.06  7.14  6.99  7.12  3753200  7.12
2010-09-27  7.13  7.22  7.04  7.05  5978000  7.05
2010-09-24  7.04  7.17  6.97  7.12  6300000  7.12
2010-09-23  6.72  7.05  6.69  6.95  9119200  6.95
2010-09-22  6.94  7.03  6.8  6.81  8136400  6.81
2010-09-21  6.87  6.95  6.77  6.95  8218800  6.95
2010-09-20  6.71  6.87  6.61  6.87  9042400  6.87
2010-09-17  6.92  6.93  6.69  6.7  12490400  6.7
2010-09-16  6.98  7.11  6.81  6.9  13187200  6.9
2010-09-15  7.22  7.29  7.13  7.15  5934000  7.15
2010-09-14  7.27  7.4  7.21  7.28  6109600  7.28
2010-09-13  7.34  7.4  7.17  7.27  6675600  7.27
2010-09-10  7.12  7.26  7.08  7.23  8503200  7.23
2010-09-09  7.22  7.25  7.06  7.06  5530400  7.06
2010-09-08  7.09  7.2  7.04  7.1  4280000  7.1
2010-09-07  7.21  7.23  7.04  7.09  4236000  7.09
2010-09-03  7.25  7.32  7.18  7.27  3723600  7.27
2010-09-02  7.16  7.17  7.01  7.17  4699600  7.17
2010-09-01  7.03  7.2  7.01  7.14  8951200  7.14
2010-08-31  6.95  7.08  6.87  6.91  8026400  6.91
2010-08-30  7.11  7.28  6.99  6.99  9170000  6.99
2010-08-27  7.02  7.14  6.82  7.12  5507200  7.12
2010-08-26  7.01  7.06  6.89  6.93  5502000  6.93
2010-08-25  7.04  7.04  6.8  6.94  9740400  6.94
2010-08-24  7.18  7.18  7.02  7.12  9172400  7.12
2010-08-23  7.28  7.42  7.24  7.33  10254800  7.33
2010-08-20  7.26  7.3  7.16  7.27  6718000  7.27
2010-08-19  7.34  7.36  7.17  7.34  10645600  7.34
2010-08-18  7.49  7.53  7.36  7.48  4876000  7.48
2010-08-17  7.57  7.6  7.4  7.52  10822800  7.52
2010-08-16  7.56  7.6  7.46  7.49  7702800  7.49
2010-08-13  7.64  7.76  7.57  7.62  6719600  7.62
2010-08-12  7.52  7.73  7.47  7.64  6772000  7.64
2010-08-11  7.82  7.84  7.64  7.69  5856800  7.69
2010-08-10  7.92  8.06  7.82  8.0  4710400  8.0
2010-08-09  7.95  8.04  7.89  8.02  3932000  8.02
2010-08-06  7.96  8.0  7.73  7.9  7977600  7.9
2010-08-05  8.09  8.14  7.97  8.07  5865600  8.07
2010-08-04  8.0  8.19  7.98  8.13  6689600  8.13
2010-08-03  7.76  8.14  7.7  8.01  9318000  8.01
2010-08-02  7.74  7.84  7.67  7.76  5125200  7.76
2010-07-30  7.48  7.61  7.4  7.55  5376800  7.55
2010-07-29  7.49  7.62  7.36  7.57  5562800  7.57
2010-07-28  7.55  7.64  7.39  7.44  6339200  7.44
2010-07-27  7.88  7.94  7.5  7.55  9172800  7.55
2010-07-26  7.95  7.95  7.77  7.86  9564400  7.86
2010-07-23  8.13  8.13  7.73  7.89  11959200  7.89
2010-07-22  8.25  8.46  7.96  8.12  14419200  8.12
2010-07-21  8.28  8.47  8.09  8.12  15242800  8.12
2010-07-20  7.8  8.26  7.72  8.24  7582800  8.24
2010-07-19  7.92  8.02  7.76  7.91  6296400  7.91
2010-07-16  8.17  8.18  7.84  7.9  4323600  7.9
2010-07-15  8.3  8.3  8.06  8.26  3749200  8.26
2010-07-14  8.23  8.41  8.16  8.31  4797200  8.31
2010-07-13  8.36  8.42  8.29  8.31  3772400  8.31
2010-07-12  8.26  8.41  8.13  8.22  3412800  8.22
2010-07-09  8.23  8.37  8.2  8.3  5130800  8.3
2010-07-08  8.14  8.36  8.06  8.33  10358800  8.33
2010-07-07  7.78  8.02  7.73  8.02  5020000  8.02
2010-07-06  7.86  8.02  7.68  7.73  8248800  7.73
2010-07-02  7.83  7.9  7.61  7.67  4544400  7.67
2010-07-01  7.81  7.9  7.44  7.76  8296800  7.76
2010-06-30  7.84  7.92  7.74  7.77  10925200  7.77
2010-06-29  8.16  8.16  7.78  7.83  8341200  7.83
2010-06-28  8.2  8.64  8.2  8.27  13561600  8.27
2010-06-25  8.1  8.2  7.93  8.16  7444800  8.16
2010-06-24  8.15  8.33  8.03  8.06  11368400  8.06
2010-06-23  8.2  8.25  8.11  8.16  8676800  8.16
2010-06-22  8.88  8.94  8.18  8.23  19748800  8.23
2010-06-21  9.25  9.36  8.84  8.91  9550800  8.91
2010-06-18  9.26  9.29  8.99  9.03  11222400  9.03
2010-06-17  9.52  9.52  9.17  9.27  5664000  9.27
2010-06-16  9.42  9.6  9.31  9.48  6445200  9.48
2010-06-15  9.28  9.54  9.28  9.52  5301200  9.52
2010-06-14  9.33  9.41  9.14  9.18  5230400  9.18
2010-06-11  8.84  9.19  8.84  9.18  5746800  9.18
2010-06-10  8.7  9.03  8.7  9.01  6017600  9.01
2010-06-09  8.68  8.82  8.42  8.47  7610000  8.47
2010-06-08  8.57  8.73  8.3  8.55  9896000  8.55
2010-06-07  8.74  8.91  8.53  8.56  8384400  8.56
2010-06-04  9.03  9.51  8.57  8.67  15574800  8.67
2010-06-03  8.92  9.26  8.71  9.22  11135600  9.22
2010-06-02  8.23  8.76  8.19  8.76  8200000  8.76
2010-06-01  8.4  8.68  8.14  8.16  8914800  8.16
2010-05-28  8.58  8.74  8.44  8.6  9019600  8.6
2010-05-27  8.22  8.63  8.22  8.63  9079600  8.63
2010-05-26  8.05  8.18  8.02  8.04  10804400  8.04
2010-05-25  7.28  7.84  7.16  7.81  12364000  7.81
2010-05-24  7.73  7.78  7.52  7.52  5191200  7.52
2010-05-21  7.49  7.82  7.36  7.78  8294000  7.78
2010-05-20  7.87  7.89  7.61  7.62  9615600  7.62
2010-05-19  8.11  8.2  7.94  8.15  10680000  8.15
2010-05-18  8.33  8.44  8.13  8.16  9501200  8.16
2010-05-17  8.39  8.44  8.02  8.18  10182000  8.18
2010-05-14  8.36  8.4  8.19  8.39  12328000  8.39
2010-05-13  8.46  8.69  8.34  8.48  8287200  8.48
2010-05-12  8.24  8.53  8.24  8.5  7671200  8.5
2010-05-11  8.21  8.4  8.19  8.21  7743600  8.21
2010-05-10  8.35  8.48  8.21  8.35  7858400  8.35
2010-05-07  7.92  8.18  7.68  7.9  14374000  7.9
2010-05-06  8.55  8.72  7.43  8.12  19152000  8.12
2010-05-05  8.8  8.93  8.57  8.62  8134000  8.62
2010-05-04  9.02  9.05  8.84  9.02  7414400  9.02
2010-05-03  9.03  9.28  9.0  9.23  8101600  9.23
2010-04-30  9.02  9.15  8.86  8.95  11770000  8.95
2010-04-29  9.42  9.45  8.77  8.86  21214000  8.86
2010-04-28  9.42  9.55  9.32  9.46  7514400  9.46
2010-04-27  9.69  9.77  9.26  9.3  12729200  9.3
2010-04-26  9.91  9.97  9.76  9.77  6965600  9.77
2010-04-23  9.8  10.0  9.64  9.88  10192000  9.88
2010-04-22  9.5  9.8  9.42  9.78  6106000  9.78
2010-04-21  9.68  9.72  9.57  9.66  5828400  9.66
2010-04-20  9.65  9.71  9.56  9.66  6862800  9.66
2010-04-19  9.54  9.57  9.39  9.56  8012400  9.56
2010-04-16  9.93  9.94  9.59  9.65  10386000  9.65
2010-04-15  10.07  10.14  9.97  10.0  5686400  10.0
2010-04-14  10.09  10.13  9.89  10.03  4869200  10.03
2010-04-13  9.81  10.08  9.72  10.02  7528000  10.02
2010-04-12  9.89  9.93  9.78  9.82  3352800  9.82
2010-04-09  9.79  9.97  9.78  9.9  9676000  9.9
2010-04-08  9.4  9.54  9.27  9.51  3934400  9.51
2010-04-07  9.61  9.68  9.42  9.46  6974400  9.46
2010-04-06  9.58  9.72  9.51  9.66  6576800  9.66
2010-04-05  9.42  9.65  9.35  9.62  4937200  9.62
2010-04-01  9.24  9.41  9.24  9.35  4922000  9.35
2010-03-31  9.07  9.23  9.06  9.12  3792800  9.12
2010-03-30  9.19  9.19  9.03  9.08  4431200  9.08
2010-03-29  9.08  9.29  9.05  9.2  4899200  9.2
2010-03-26  9.19  9.19  8.91  9.02  10977600  9.02
2010-03-25  9.6  9.6  9.14  9.15  7662400  9.15
2010-03-24  9.38  9.58  9.29  9.45  6209200  9.45
2010-03-23  9.3  9.51  9.27  9.47  7705200  9.47
2010-03-22  9.34  9.45  9.25  9.3  11065600  9.3
2010-03-19  9.79  9.89  9.27  9.45  12646000  9.45
2010-03-18  10.11  10.24  9.76  9.79  9182800  9.79
2010-03-17  10.23  10.4  10.2  10.31  6030400  10.31
2010-03-16  10.14  10.2  9.97  10.2  5663200  10.2
2010-03-15  10.31  10.33  9.92  10.11  6594800  10.11
2010-03-12  10.25  10.39  10.23  10.37  5516800  10.37
2010-03-11  10.26  10.33  10.2  10.22  3736000  10.22
2010-03-10  10.11  10.47  10.09  10.34  7728800  10.34
2010-03-09  10.16  10.35  10.08  10.14  4858800  10.14
2010-03-08  10.32  10.39  10.24  10.25  6818800  10.25
2010-03-05  10.09  10.28  10.05  10.25  4712000  10.25
2010-03-04  10.12  10.21  9.87  9.97  4626000  9.97
2010-03-03  10.15  10.23  10.09  10.12  3818800  10.12
2010-03-02  10.23  10.23  10.05  10.1  5685200  10.1
2010-03-01  10.02  10.12  9.99  10.1  5256000  10.1
2010-02-26  9.91  10.09  9.78  9.94  8014800  9.94
2010-02-25  9.75  10.06  9.66  10.01  5284000  10.01
2010-02-24  9.88  10.06  9.87  9.95  8075200  9.95
2010-02-23  10.12  10.19  9.82  9.84  7316000  9.84
2010-02-22  10.47  10.63  10.16  10.19  16485600  10.19
2010-02-19  10.13  10.33  10.06  10.24  6856000  10.24
2010-02-18  9.98  10.15  9.92  10.14  6501600  10.14
2010-02-17  10.14  10.17  9.87  10.0  5468400  10.0
2010-02-16  9.93  10.16  9.93  10.11  5854800  10.11
2010-02-12  9.49  9.8  9.44  9.78  7223200  9.78
2010-02-11  9.48  9.69  9.41  9.67  5689600  9.67
2010-02-10  9.49  9.55  9.24  9.49  4379600  9.49
2010-02-09  9.5  9.7  9.45  9.51  6408000  9.51
2010-02-08  9.53  9.61  9.32  9.33  5448400  9.33
2010-02-05  9.52  9.53  9.22  9.52  7260400  9.52
2010-02-04  9.89  9.89  9.48  9.52  3502800  9.52
2010-02-03  10.13  10.23  9.99  10.02  3955600  10.02
2010-02-02  9.93  10.19  9.73  10.15  7289200  10.15
2010-02-01  9.63  9.89  9.62  9.89  5766400  9.89
2010-01-29  9.75  9.89  9.41  9.47  6362400  9.47
2010-01-28  9.89  9.95  9.49  9.65  5558800  9.65
2010-01-27  10.09  10.19  9.68  9.84  9936400  9.84
2010-01-26  10.31  10.38  10.18  10.22  5162800  10.22
2010-01-25  10.5  10.67  10.43  10.47  2984400  10.47
2010-01-22  10.6  10.67  10.35  10.38  5751200  10.38
2010-01-21  10.75  10.95  10.58  10.64  5875600  10.64
2010-01-20  10.65  10.77  10.48  10.71  4386000  10.71
2010-01-19  10.61  10.86  10.61  10.85  3827200  10.85
2010-01-15  10.83  10.86  10.59  10.64  3718000  10.64
2010-01-14  10.89  11.0  10.73  10.84  4032800  10.84
2010-01-13  10.74  10.88  10.53  10.86  5404000  10.86
2010-01-12  10.77  10.78  10.62  10.68  4062000  10.68
2010-01-11  11.46  11.47  10.78  10.96  7786000  10.96
2010-01-08  11.19  11.25  11.01  11.25  5024800  11.25
2010-01-07  11.33  11.33  11.04  11.28  6752800  11.28
2010-01-06  11.45  11.5  11.33  11.38  4633200  11.38
2010-01-05  11.24  11.45  11.1  11.43  6313200  11.43
2010-01-04  11.05  11.46  11.05  11.44  4514800  11.44
