Date  Open  High  Low  Close  Volume  Adj Close
2014-02-28  43.21  43.55  43.08  43.31  1317500  43.31
2014-02-27  43.22  43.52  42.97  43.13  2566100  43.13
2014-02-26  44.05  44.14  43.25  43.25  2601600  43.25
2014-02-25  44.3  44.44  43.76  43.94  2155800  43.94
2014-02-24  44.05  44.44  44.03  44.19  1559100  44.19
2014-02-21  43.76  44.06  43.57  43.98  4120500  43.98
2014-02-20  43.46  43.76  43.35  43.69  1633100  43.69
2014-02-19  43.22  43.63  43.16  43.55  2421100  43.55
2014-02-18  43.05  43.36  42.61  43.25  2728200  43.25
2014-02-14  42.5  43.75  42.0  43.01  5164300  43.01
2014-02-13  40.6  41.17  40.6  40.97  2355300  40.97
2014-02-12  40.9  41.29  40.69  40.86  1666000  40.86
2014-02-11  40.5  40.92  40.41  40.9  1559500  40.9
2014-02-10  40.24  40.74  40.15  40.65  1135200  40.65
2014-02-07  40.11  40.49  39.89  40.32  1011900  40.32
2014-02-06  39.95  40.08  39.62  40.02  1463400  40.02
2014-02-05  39.66  40.12  39.6  39.84  1478600  39.84
2014-02-04  40.1  40.14  39.65  40.05  1329500  40.05
2014-02-03  41.38  41.38  39.78  39.88  2059400  39.88
2014-01-31  40.69  41.62  40.65  41.21  1681700  41.21
2014-01-30  41.35  41.45  41.01  41.16  1223400  41.16
2014-01-29  41.5  41.5  40.54  41.1  2643500  41.1
2014-01-28  41.98  42.28  41.7  41.97  1423800  41.97
2014-01-27  42.28  42.38  41.77  41.93  1921000  41.93
2014-01-24  41.8  42.89  41.74  42.29  3984400  42.29
2014-01-23  41.99  42.1  41.59  41.86  1781400  41.86
2014-01-22  42.33  42.6  42.23  42.32  1060400  42.32
2014-01-21  42.15  42.37  41.76  42.1  2230700  42.1
2014-01-17  42.67  42.74  41.62  41.79  3204600  41.79
2014-01-16  42.3  43.01  42.22  42.85  1398700  42.85
2014-01-15  42.78  42.78  42.15  42.31  1558900  42.31
2014-01-14  42.39  42.83  42.25  42.63  1777400  42.63
2014-01-13  42.61  42.91  42.16  42.25  2073000  42.25
2014-01-10  42.76  43.03  42.49  42.83  1546400  42.83
2014-01-09  42.5  42.56  42.01  42.49  1955800  42.49
2014-01-08  42.84  42.9  42.3  42.59  2115300  42.59
2014-01-07  42.7  42.99  42.56  42.87  2032900  42.87
2014-01-06  42.68  42.83  42.24  42.4  2519100  42.4
2014-01-03  42.66  42.78  42.36  42.42  2342700  42.42
2014-01-02  42.77  42.92  42.37  42.73  2169200  42.73
2013-12-31  43.04  43.19  42.81  42.97  1307000  42.97
2013-12-30  42.94  43.13  42.71  43.06  1168800  43.06
2013-12-27  42.36  43.39  42.36  42.99  1985000  42.99
2013-12-26  42.52  42.74  42.28  42.51  1254400  42.51
2013-12-24  42.59  42.6  42.25  42.52  712300  42.52
2013-12-23  42.49  42.58  42.13  42.48  1814500  42.48
2013-12-20  42.92  42.99  42.12  42.39  7044500  42.39
2013-12-19  42.97  43.12  42.5  42.89  3002500  42.89
2013-12-18  42.41  43.02  41.74  43.02  4878400  43.02
2013-12-17  40.78  42.67  40.75  42.43  6191700  42.43
2013-12-16  40.65  41.24  40.5  40.67  3037700  40.67
2013-12-13  40.51  40.6  40.13  40.45  2167800  40.45
2013-12-12  40.33  40.62  40.01  40.51  3336100  40.51
2013-12-11  40.59  40.83  40.24  40.35  3239000  40.35
2013-12-10  42.13  42.31  40.54  40.66  5033700  40.66
2013-12-09  42.17  42.81  41.9  42.24  6171700  42.24
2013-12-06  39.83  42.36  39.83  42.12  8138300  42.12
2013-12-05  39.73  40.59  39.45  39.81  6828100  39.81
2013-12-04  38.47  40.02  38.35  39.75  6807300  39.75
2013-12-03  38.14  38.67  38.14  38.53  1993600  38.53
2013-12-02  38.38  38.58  38.09  38.34  1677200  38.34
2013-11-29  38.56  38.71  38.37  38.45  699200  38.45
2013-11-27  38.53  38.7  38.35  38.44  1564400  38.44
2013-11-26  38.31  38.95  38.22  38.49  4463200  38.49
2013-11-25  38.8  38.95  38.4  38.52  3030900  38.52
2013-11-22  38.62  39.12  38.48  39.08  2150900  39.08
2013-11-21  38.35  38.7  38.12  38.61  2605000  38.61
2013-11-20  38.85  38.85  38.02  38.32  5343900  38.32
2013-11-19  39.42  39.52  38.6  38.92  7039300  38.92
2013-11-18  42.24  42.24  41.43  41.51  1846200  41.51
2013-11-15  42.21  42.36  41.69  42.11  1167200  42.11
2013-11-14  41.87  42.42  41.8  42.23  1093000  42.23
2013-11-13  41.33  41.89  41.17  41.87  816100  41.87
2013-11-12  41.45  41.58  41.06  41.31  1644600  41.31
2013-11-11  41.63  41.93  41.43  41.67  1194200  41.67
2013-11-08  41.55  41.74  41.14  41.63  1136800  41.63
2013-11-07  42.34  42.48  41.48  41.5  1246600  41.5
2013-11-06  42.27  42.49  42.21  42.46  1398300  42.46
2013-11-05  41.82  42.32  41.7  42.03  1138500  42.03
2013-11-04  42.54  42.61  41.84  42.0  1243100  42.0
2013-11-01  42.18  42.49  42.18  42.38  1233900  42.38
2013-10-31  42.66  42.81  42.25  42.26  1375600  42.26
2013-10-30  43.07  43.07  42.54  42.66  888300  42.66
2013-10-29  42.55  43.04  42.55  42.95  1282700  42.95
2013-10-28  42.13  42.89  42.13  42.55  2359400  42.55
2013-10-25  42.04  42.35  41.91  42.25  1152900  42.25
2013-10-24  42.49  42.53  41.7  42.09  3082200  42.09
2013-10-23  42.34  42.66  42.25  42.34  2038400  42.34
2013-10-22  41.43  42.44  41.43  42.38  1808500  42.38
2013-10-21  41.36  41.54  41.1  41.54  1055400  41.54
2013-10-18  41.41  41.48  41.12  41.29  1454600  41.29
2013-10-17  41.06  41.35  40.97  41.33  1257900  41.33
2013-10-16  40.79  41.31  40.79  41.23  1471400  41.23
2013-10-15  40.5  41.02  40.4  40.57  1532500  40.57
2013-10-14  40.53  40.6  40.2  40.52  790900  40.52
2013-10-11  40.58  40.73  40.38  40.58  1195300  40.58
2013-10-10  40.1  40.76  40.02  40.7  1654200  40.7
2013-10-09  39.91  40.03  39.58  39.79  1740600  39.79
2013-10-08  39.97  40.35  39.71  39.71  1315700  39.71
2013-10-07  39.94  40.21  39.83  39.95  1005100  39.95
2013-10-04  40.21  40.52  40.1  40.23  1591100  40.23
2013-10-03  40.34  40.53  40.17  40.26  2214000  40.26
2013-10-02  40.36  40.46  39.71  40.35  2247100  40.35
2013-10-01  39.96  40.74  39.95  40.6  1865000  40.6
2013-09-30  40.13  40.4  39.91  40.11  1494600  40.11
2013-09-27  40.55  40.69  40.08  40.35  992100  40.35
2013-09-26  40.88  41.04  40.52  40.76  1332900  40.76
2013-09-25  40.98  41.04  40.63  40.67  823000  40.67
2013-09-24  41.02  41.1  40.73  40.88  1715700  40.88
2013-09-23  41.08  41.2  40.81  41.14  1232100  41.14
2013-09-20  41.57  41.66  41.13  41.18  1721200  41.18
2013-09-19  41.93  42.18  41.43  41.57  1817000  41.57
2013-09-18  41.26  41.97  41.03  41.97  1287700  41.97
2013-09-17  41.74  41.88  41.28  41.34  1860500  41.34
2013-09-16  42.12  42.25  41.74  41.79  1411200  41.79
2013-09-13  40.82  41.79  40.82  41.65  2475900  41.65
2013-09-12  40.85  41.28  40.56  40.61  2033800  40.61
2013-09-11  40.72  41.08  40.51  40.86  1897100  40.86
2013-09-10  41.39  41.54  40.49  40.63  3073200  40.63
2013-09-09  41.49  41.68  41.27  41.37  1577600  41.37
2013-09-06  41.48  41.56  41.15  41.37  2238100  41.37
2013-09-05  42.19  42.33  40.89  41.26  3822300  41.26
2013-09-04  42.15  42.53  41.85  42.28  3898700  42.28
2013-09-03  42.66  42.75  42.0  42.12  2675500  42.12
2013-08-30  42.65  42.65  42.02  42.54  1797800  42.54
2013-08-29  43.07  43.07  42.24  42.69  3092700  42.69
2013-08-28  44.25  44.27  44.01  44.05  1303500  44.05
2013-08-27  44.38  44.69  44.31  44.4  1191600  44.4
2013-08-26  45.72  45.81  44.72  44.73  1389900  44.73
2013-08-23  45.35  45.75  45.32  45.7  983700  45.7
2013-08-22  44.76  45.35  44.58  45.17  697000  45.17
2013-08-21  45.31  45.38  44.74  44.76  535800  44.76
2013-08-20  45.47  45.68  45.36  45.39  577400  45.39
2013-08-19  45.32  45.61  45.17  45.36  751100  45.36
2013-08-16  45.38  45.52  45.06  45.32  1373100  45.32
2013-08-15  46.01  46.16  45.45  45.46  1244900  45.46
2013-08-14  47.12  47.21  46.32  46.33  786600  46.33
2013-08-13  47.27  47.37  46.97  47.18  759400  47.18
2013-08-12  46.58  47.14  46.41  47.12  930800  47.12
2013-08-09  46.83  47.16  46.69  47.03  1184100  47.03
2013-08-08  46.57  47.16  46.38  46.9  1005400  46.9
2013-08-07  46.68  46.83  46.36  46.38  805700  46.38
2013-08-06  46.62  47.1  46.44  46.78  659600  46.78
2013-08-05  46.54  47.01  46.29  46.81  561500  46.81
2013-08-02  46.79  46.84  46.38  46.71  789200  46.71
2013-08-01  46.47  46.89  46.44  46.82  820000  46.82
2013-07-31  45.83  46.36  45.82  46.11  816000  46.11
2013-07-30  46.6  46.73  45.84  45.86  827200  45.86
2013-07-29  46.18  46.58  46.17  46.39  655000  46.39
2013-07-26  46.01  46.38  45.42  46.37  783500  46.37
2013-07-25  45.62  46.04  45.51  45.95  820500  45.95
2013-07-24  46.53  46.62  45.7  45.72  1046200  45.72
2013-07-23  46.6  46.76  46.08  46.63  1423500  46.63
2013-07-22  46.5  46.82  46.32  46.65  1317100  46.65
2013-07-19  45.86  46.63  45.82  46.57  1408900  46.57
2013-07-18  45.33  45.86  45.33  45.69  570700  45.69
2013-07-17  45.51  45.56  45.22  45.33  643300  45.33
2013-07-16  45.42  45.59  45.16  45.42  889400  45.42
2013-07-15  44.99  45.65  44.94  45.53  1240200  45.53
2013-07-12  45.64  45.7  44.9  45.05  1356700  45.05
2013-07-11  45.07  45.8  45.07  45.7  1057700  45.7
2013-07-10  44.63  44.97  44.3  44.54  808100  44.54
2013-07-09  44.63  44.83  44.44  44.67  736000  44.67
2013-07-08  44.14  44.54  44.06  44.45  913900  44.45
2013-07-05  43.91  43.99  43.46  43.9  796300  43.9
2013-07-03  43.82  44.0  43.44  43.56  786600  43.56
2013-07-02  44.1  44.3  43.73  44.04  1435100  44.04
2013-07-01  43.96  44.38  43.94  44.19  1087000  44.19
2013-06-28  43.79  44.25  43.78  43.84  1502400  43.84
2013-06-27  43.76  44.11  43.7  43.93  1480200  43.93
2013-06-26  43.31  43.69  43.26  43.42  785100  43.42
2013-06-25  43.01  43.25  42.67  43.0  1221000  43.0
2013-06-24  42.28  43.15  41.99  42.68  1197600  42.68
2013-06-21  42.59  42.94  42.2  42.65  1993500  42.65
2013-06-20  43.39  43.51  42.32  42.44  1936800  42.44
2013-06-19  44.75  44.97  43.79  43.79  1621300  43.79
2013-06-18  44.08  44.79  43.95  44.76  1700000  44.76
2013-06-17  44.02  44.43  43.83  44.17  1123000  44.17
2013-06-14  43.62  44.04  43.49  43.84  1024000  43.84
2013-06-13  43.2  43.67  42.88  43.6  1158600  43.6
2013-06-12  43.35  43.55  43.01  43.32  1485100  43.32
2013-06-11  42.71  43.38  42.43  43.12  963000  43.12
2013-06-10  43.64  43.72  42.71  43.01  2247500  43.01
2013-06-07  42.54  43.73  42.52  43.72  2637600  43.72
2013-06-06  42.08  42.28  41.77  42.28  1170700  42.28
2013-06-05  42.43  42.52  41.99  42.0  1330600  42.0
2013-06-04  42.22  42.74  42.09  42.61  2968900  42.61
2013-06-03  41.96  42.46  41.43  42.22  2197100  42.22
2013-05-31  42.92  43.1  41.89  41.9  4331000  41.9
2013-05-30  43.69  43.71  43.14  43.22  2252000  43.22
2013-05-29  44.75  44.8  43.53  43.71  1625500  43.71
2013-05-28  45.1  45.49  44.57  44.88  1393100  44.88
2013-05-24  44.64  44.9  44.34  44.67  1202200  44.67
2013-05-23  44.56  45.0  44.23  44.79  1349400  44.79
2013-05-22  45.08  45.82  44.64  44.94  1798700  44.94
2013-05-21  44.88  45.27  44.35  45.07  2939900  45.07
2013-05-20  47.67  47.8  44.77  44.81  4093500  44.81
2013-05-17  46.85  46.88  46.17  46.62  2802000  46.62
2013-05-16  46.96  47.41  46.8  46.84  1340700  46.84
2013-05-15  46.58  47.18  46.29  47.12  1618200  47.12
2013-05-14  45.47  46.74  45.47  46.63  1833700  46.63
2013-05-13  45.21  45.65  45.21  45.43  1356700  45.43
2013-05-10  45.18  45.5  45.02  45.31  1422700  45.31
2013-05-09  45.61  45.8  45.01  45.08  1217400  45.08
2013-05-08  45.55  45.73  45.27  45.53  1273700  45.53
2013-05-07  45.35  45.7  45.35  45.61  1285800  45.61
2013-05-06  45.71  45.8  45.3  45.31  1733000  45.31
2013-05-03  45.74  46.0  45.53  45.85  2049200  45.85
2013-05-02  45.14  45.72  45.05  45.53  1253300  45.53
2013-05-01  45.42  45.65  45.14  45.17  1403700  45.17
2013-04-30  45.28  45.6  45.14  45.43  1426400  45.43
2013-04-29  45.29  45.44  45.11  45.4  1126500  45.4
2013-04-26  45.24  45.48  45.15  45.22  1429000  45.22
2013-04-25  45.2  45.55  45.11  45.22  2712400  45.22
2013-04-24  45.7  45.85  45.06  45.07  1686200  45.07
2013-04-23  45.51  45.86  45.28  45.74  1566100  45.74
2013-04-22  45.4  45.65  45.15  45.44  1222100  45.44
2013-04-19  45.02  45.73  44.91  45.48  1543500  45.48
2013-04-18  44.94  45.28  44.81  45.0  1939800  45.0
2013-04-17  45.3  45.38  44.74  44.91  2515200  44.91
2013-04-16  44.52  45.55  44.27  45.54  1665300  45.54
2013-04-15  44.47  44.73  44.3  44.3  1739300  44.3
2013-04-12  44.4  44.64  44.18  44.54  1254100  44.54
2013-04-11  44.53  44.78  44.34  44.41  1170200  44.41
2013-04-10  44.07  44.64  44.03  44.55  1314500  44.55
2013-04-09  44.36  44.44  43.81  43.97  1542800  43.97
2013-04-08  43.84  44.24  43.66  44.23  1392100  44.23
2013-04-05  43.89  44.17  43.78  43.82  2094000  43.82
2013-04-04  44.52  44.74  44.18  44.26  2698700  44.26
2013-04-03  45.0  45.05  44.23  44.52  3580600  44.52
2013-04-02  44.86  45.47  44.8  45.03  3081900  45.03
2013-04-01  44.38  44.78  44.32  44.78  1787900  44.78
2013-03-28  43.95  44.44  43.79  44.4  2102800  44.4
2013-03-27  43.18  43.88  43.02  43.87  2057600  43.87
2013-03-26  42.74  43.42  42.56  43.36  2640500  43.36
2013-03-25  42.55  42.93  42.52  42.68  1712400  42.68
2013-03-22  41.92  42.53  41.8  42.43  1405900  42.43
2013-03-21  41.88  41.94  41.56  41.8  1102200  41.8
2013-03-20  41.33  42.14  41.33  42.04  2080200  42.04
2013-03-19  41.02  41.34  40.91  41.3  1191200  41.3
2013-03-18  40.53  41.01  40.33  40.91  1032800  40.91
2013-03-15  40.79  40.87  40.58  40.73  2143600  40.73
2013-03-14  40.96  41.06  40.76  40.99  1278900  40.99
2013-03-13  40.65  41.01  40.56  40.95  1298600  40.95
2013-03-12  40.52  40.73  40.41  40.64  1232300  40.64
2013-03-11  40.56  40.84  40.5  40.62  1208800  40.62
2013-03-08  40.7  40.77  40.24  40.5  1797200  40.5
2013-03-07  40.62  40.93  40.47  40.53  1631300  40.53
2013-03-06  40.83  41.03  40.33  40.53  3172300  40.53
2013-03-05  41.07  41.15  40.74  40.81  2768700  40.81
2013-03-04  41.12  41.16  40.78  40.89  2995800  40.89
2013-03-01  40.31  41.27  40.2  41.22  3848900  41.22
2013-02-28  39.73  40.65  39.66  40.29  3319500  40.29
2013-02-27  39.45  39.88  39.32  39.76  1744200  39.76
2013-02-26  39.25  39.69  39.06  39.52  2184100  39.52
2013-02-25  39.36  39.62  39.11  39.13  2601700  39.13
2013-02-22  38.82  39.28  38.76  39.28  1811600  39.28
2013-02-21  39.15  39.32  38.57  38.83  2704600  38.83
2013-02-20  39.19  39.41  38.99  39.16  2360600  39.16
2013-02-19  38.66  39.33  38.66  39.15  3041900  39.15
2013-02-15  37.96  38.85  37.75  38.57  3747300  38.57
2013-02-14  37.91  39.7  37.9  37.9  8249600  37.9
2013-02-13  37.43  37.6  37.27  37.37  1491100  37.37
2013-02-12  37.26  37.6  37.12  37.45  1462900  37.45
2013-02-11  37.16  37.52  37.15  37.31  2014300  37.31
2013-02-08  36.58  37.53  36.58  37.13  2792400  37.13
2013-02-07  36.31  36.66  36.26  36.59  1747500  36.59
2013-02-06  35.94  36.35  35.9  36.3  1168400  36.3
2013-02-05  35.91  36.17  35.88  36.09  957700  36.09
2013-02-04  35.84  35.98  35.72  35.78  1272800  35.78
2013-02-01  36.08  36.12  35.89  36.01  1435700  36.01
2013-01-31  35.76  36.08  35.76  35.93  1742400  35.93
2013-01-30  35.45  35.78  35.35  35.77  1438400  35.77
2013-01-29  35.43  35.62  35.34  35.39  1272100  35.39
2013-01-28  35.85  35.85  35.32  35.48  1339400  35.48
2013-01-25  35.73  35.87  35.6  35.76  1226500  35.76
2013-01-24  35.56  35.77  35.43  35.65  1151600  35.65
2013-01-23  35.59  35.82  35.55  35.59  956300  35.59
2013-01-22  35.52  35.67  35.28  35.67  843100  35.67
2013-01-18  35.41  35.54  35.18  35.52  1284000  35.52
2013-01-17  35.03  35.57  35.03  35.36  1381500  35.36
2013-01-16  34.81  35.08  34.77  34.95  906700  34.95
2013-01-15  34.77  35.12  34.57  34.9  1244400  34.9
2013-01-14  34.46  34.84  34.46  34.78  1256200  34.78
2013-01-11  34.43  34.64  34.1  34.47  2106100  34.47
2013-01-10  34.5  34.76  34.43  34.56  1874000  34.56
2013-01-09  34.34  34.48  34.22  34.46  1533900  34.46
2013-01-08  34.69  34.74  34.23  34.25  1912500  34.25
2013-01-07  34.85  34.92  34.51  34.75  2476400  34.75
2013-01-04  35.22  35.23  34.59  34.92  3089500  34.92
2013-01-03  35.15  35.24  34.84  35.23  1609800  35.23
2013-01-02  34.45  35.16  34.31  35.16  2170400  35.16
2012-12-31  33.77  34.15  33.57  34.15  1589800  34.15
2012-12-28  34.05  34.25  33.82  33.83  852700  33.83
2012-12-27  34.3  34.33  33.76  34.13  1718100  34.13
2012-12-26  34.58  34.65  34.26  34.3  892800  34.3
2012-12-24  34.71  34.84  34.54  34.61  437200  34.61
2012-12-21  34.94  35.05  34.62  34.75  2632800  34.75
2012-12-20  35.3  35.39  34.78  35.13  2465900  35.13
2012-12-19  35.44  35.47  35.2  35.22  1620800  35.22
2012-12-18  35.39  35.48  35.16  35.48  2296400  35.48
2012-12-17  34.91  35.48  34.82  35.39  1928800  35.39
2012-12-14  35.01  35.26  34.82  34.83  1701800  34.83
2012-12-13  35.15  35.32  35.02  35.06  1738200  35.06
2012-12-12  35.58  35.64  35.03  35.11  3230000  35.11
2012-12-11  35.3  35.53  35.01  35.09  2146600  35.09
2012-12-10  35.27  35.33  35.16  35.28  1294500  35.28
2012-12-07  35.56  35.56  35.03  35.28  1275400  35.28
2012-12-06  35.28  35.39  34.94  35.09  3029400  35.09
2012-12-05  35.28  35.57  35.25  35.33  1783200  35.33
2012-12-04  35.34  35.38  35.12  35.21  2821500  35.21
2012-12-03  35.5  35.56  35.15  35.29  1667700  35.29
2012-11-30  35.24  35.45  35.18  35.4  1385500  35.4
2012-11-29  35.28  35.4  35.1  35.21  1854400  35.21
2012-11-28  35.21  35.44  35.03  35.19  1530700  35.19
2012-11-27  34.98  35.32  34.98  35.25  1289900  35.25
2012-11-26  35.26  35.33  34.99  35.13  2048800  35.13
2012-11-23  35.19  35.35  35.15  35.35  573000  35.35
2012-11-21  34.84  35.11  34.73  35.11  2117500  35.11
2012-11-20  35.2  35.44  34.51  34.88  4681300  34.88
2012-11-19  35.44  35.79  35.34  35.59  3744500  35.59
2012-11-16  34.94  35.36  34.8  35.29  3001000  35.29
2012-11-15  34.95  35.07  34.81  34.92  2357600  34.92
2012-11-14  35.23  35.42  34.93  35.04  2657300  35.04
2012-11-13  34.32  35.34  34.25  35.24  4725300  35.24
2012-11-12  34.16  34.65  33.98  34.46  1692600  34.46
2012-11-09  34.03  34.37  33.97  34.18  1834100  34.18
2012-11-08  33.85  34.35  33.85  34.16  2585100  34.16
2012-11-07  33.73  34.2  33.67  33.92  1793000  33.92
2012-11-06  33.79  34.18  33.75  34.0  1747100  34.0
2012-11-05  33.83  33.86  33.52  33.74  1423300  33.74
2012-11-02  34.07  34.31  33.9  33.93  1415800  33.93
2012-11-01  33.98  34.09  33.72  33.93  1736400  33.93
2012-10-31  33.52  34.25  33.52  33.97  2007100  33.97
2012-10-26  33.48  33.57  33.19  33.44  1384400  33.44
2012-10-25  33.52  33.63  33.27  33.47  1205900  33.47
2012-10-24  33.56  33.68  33.25  33.32  850900  33.32
2012-10-23  33.53  33.62  33.24  33.42  1463400  33.42
2012-10-22  33.9  33.9  33.51  33.72  1057700  33.72
2012-10-19  34.11  34.2  33.9  33.93  2485200  33.93
2012-10-18  33.9  34.24  33.88  34.16  1784000  34.16
2012-10-17  33.88  34.05  33.75  33.9  1256200  33.9
2012-10-16  33.73  33.78  33.43  33.71  1433100  33.71
2012-10-15  33.5  33.66  33.29  33.55  1047800  33.55
2012-10-12  33.77  33.89  33.28  33.41  1416600  33.41
2012-10-11  33.94  33.94  33.53  33.6  1607700  33.6
2012-10-10  33.86  34.05  33.55  33.71  1274800  33.71
2012-10-09  34.03  34.12  33.74  33.81  1735000  33.81
2012-10-08  33.96  34.15  33.88  34.02  1432000  34.02
2012-10-05  33.95  34.13  33.89  34.02  1987000  34.02
2012-10-04  33.99  33.99  33.72  33.83  1481300  33.83
2012-10-03  33.58  33.86  33.46  33.78  2258900  33.78
2012-10-02  33.47  33.78  33.43  33.61  1368900  33.61
2012-10-01  33.26  33.49  33.13  33.48  2096100  33.48
2012-09-28  33.1  33.29  32.9  33.26  1569700  33.26
2012-09-27  33.36  33.39  33.08  33.2  1565300  33.2
2012-09-26  33.32  33.5  33.19  33.3  1358100  33.3
2012-09-25  33.69  33.71  33.22  33.27  2130700  33.27
2012-09-24  33.46  33.82  33.34  33.62  1881700  33.62
2012-09-21  33.67  33.85  33.49  33.53  2187400  33.53
2012-09-20  33.55  33.88  33.51  33.57  2263400  33.57
2012-09-19  33.34  33.61  33.2  33.57  3067400  33.57
2012-09-18  33.14  33.38  33.03  33.36  1897000  33.36
2012-09-17  33.03  33.26  32.96  33.07  1889700  33.07
2012-09-14  33.16  33.21  32.75  33.01  2826100  33.01
2012-09-13  33.05  33.25  32.92  33.12  2704800  33.12
2012-09-12  33.05  33.16  32.95  33.09  1617300  33.09
2012-09-11  33.14  33.25  33.0  33.05  2086100  33.05
2012-09-10  33.52  33.52  33.12  33.16  2084600  33.16
2012-09-07  33.63  33.68  33.27  33.48  2128100  33.48
2012-09-06  33.2  33.68  33.2  33.61  2152500  33.61
2012-09-05  33.57  33.66  33.0  33.16  4449400  33.16
2012-09-04  34.6  34.66  33.41  33.55  5064900  33.55
2012-08-31  33.55  33.87  33.36  33.57  2147600  33.57
2012-08-30  33.63  33.68  33.13  33.52  2053700  33.52
2012-08-29  33.78  33.93  33.45  33.77  2383200  33.77
2012-08-28  33.69  34.01  33.58  33.9  2122600  33.9
2012-08-27  33.44  33.88  33.38  33.8  2363200  33.8
2012-08-24  33.18  33.44  33.09  33.43  1907900  33.43
2012-08-23  33.01  33.26  32.78  33.15  1655000  33.15
2012-08-22  33.17  33.3  33.04  33.1  1437700  33.1
2012-08-21  33.33  33.42  33.25  33.26  1596000  33.26
2012-08-20  33.19  33.3  33.13  33.3  1261500  33.3
2012-08-17  33.34  33.36  33.11  33.25  1688800  33.25
2012-08-16  33.03  33.28  32.88  33.25  2123700  33.25
2012-08-15  33.01  33.11  32.97  33.09  1497200  33.09
2012-08-14  32.97  33.25  32.78  33.0  2746100  33.0
2012-08-13  32.42  32.99  32.34  32.82  4198200  32.82
2012-08-10  31.61  31.86  31.48  31.82  888500  31.82
2012-08-09  31.8  31.8  31.57  31.68  630200  31.68
2012-08-08  31.31  31.86  31.3  31.77  2061900  31.77
2012-08-07  31.3  31.42  30.99  31.3  1667000  31.3
2012-08-06  31.43  31.72  31.23  31.31  1627700  31.31
2012-08-03  31.39  31.87  31.29  31.33  1634800  31.33
2012-08-02  31.31  31.44  30.8  31.02  1896100  31.02
2012-08-01  31.7  32.0  31.29  31.49  1749500  31.49
2012-07-31  31.76  31.87  31.54  31.63  1515000  31.63
2012-07-30  31.61  31.97  31.51  31.78  1954400  31.78
2012-07-27  31.41  31.73  31.37  31.64  1797500  31.64
2012-07-26  31.41  31.53  31.25  31.29  1720200  31.29
2012-07-25  31.28  31.39  30.93  31.13  1789000  31.13
2012-07-24  31.44  31.47  30.9  31.07  1922600  31.07
2012-07-23  31.39  31.54  31.2  31.38  1860600  31.38
2012-07-20  32.01  32.01  31.61  31.71  2206800  31.71
2012-07-19  31.74  32.08  31.66  32.08  1883100  32.08
2012-07-18  31.52  31.87  31.46  31.77  1348700  31.77
2012-07-17  31.7  31.8  31.28  31.59  1759500  31.59
2012-07-16  31.84  31.91  31.58  31.62  1837000  31.62
2012-07-13  31.31  31.89  31.29  31.86  2120400  31.86
2012-07-12  31.3  31.42  31.17  31.31  1550900  31.31
2012-07-11  31.23  31.52  31.04  31.39  2191600  31.39
2012-07-10  31.55  31.58  30.7  31.15  3960700  31.15
2012-07-09  31.62  31.65  31.15  31.26  3031600  31.26
2012-07-06  31.71  31.72  31.41  31.52  1876500  31.52
2012-07-05  31.75  31.84  31.56  31.71  2472000  31.71
2012-07-03  31.65  31.71  31.53  31.66  1350900  31.66
2012-07-02  31.53  31.62  31.23  31.62  2117500  31.62
2012-06-29  30.98  31.62  30.9  31.61  2969500  31.61
2012-06-28  30.53  30.81  30.38  30.8  2139000  30.8
2012-06-27  30.48  30.73  30.48  30.68  1503500  30.68
2012-06-26  30.35  30.61  30.22  30.53  1905200  30.53
2012-06-25  30.09  30.45  30.09  30.31  2126000  30.31
2012-06-22  30.5  30.63  30.36  30.36  1895000  30.36
2012-06-21  30.71  30.84  30.39  30.42  2727100  30.42
2012-06-20  30.71  30.86  30.31  30.64  2289800  30.64
2012-06-19  30.28  30.82  30.23  30.73  2154700  30.73
2012-06-18  29.93  30.31  29.9  30.29  1176200  30.29
2012-06-15  30.07  30.17  29.92  30.1  1721000  30.1
2012-06-14  29.8  30.1  29.67  30.01  1583600  30.01
2012-06-13  29.82  29.92  29.66  29.74  2520500  29.74
2012-06-12  29.92  30.05  29.74  29.83  1461400  29.83
2012-06-11  30.17  30.24  29.91  29.91  1878400  29.91
2012-06-08  29.95  30.11  29.85  30.04  1823300  30.04
2012-06-07  30.16  30.22  29.87  29.91  2384300  29.91
2012-06-06  29.88  30.1  29.79  30.1  2932300  30.1
2012-06-05  29.83  29.89  29.67  29.81  4848500  29.81
2012-06-04  29.89  30.06  29.7  29.88  3461700  29.88
2012-06-01  29.81  29.94  29.66  29.67  3477700  29.67
2012-05-31  30.26  30.31  30.02  30.02  2749000  30.02
2012-05-30  30.62  30.74  30.2  30.22  2649900  30.22
2012-05-29  30.94  31.01  30.63  30.7  2205400  30.7
2012-05-25  30.78  31.0  30.78  30.85  1932100  30.85
2012-05-24  30.78  30.87  30.72  30.84  1415300  30.84
2012-05-23  30.79  30.96  30.56  30.7  2568300  30.7
2012-05-22  31.06  31.2  30.89  30.94  1904200  30.94
2012-05-21  31.37  31.57  30.22  31.02  5552000  31.02
2012-05-18  32.11  32.39  31.6  31.63  2589900  31.63
2012-05-17  32.42  32.53  32.01  32.01  1839200  32.01
2012-05-16  32.48  32.61  32.21  32.35  2346200  32.35
2012-05-15  32.62  32.74  32.37  32.45  2537700  32.45
2012-05-14  32.39  32.75  32.33  32.62  971300  32.62
2012-05-11  32.52  32.72  32.47  32.58  1513900  32.58
2012-05-10  32.41  32.65  32.26  32.61  1524400  32.61
2012-05-09  31.94  32.43  31.94  32.23  2388400  32.23
2012-05-08  32.18  32.2  32.03  32.16  1693700  32.16
2012-05-07  31.85  32.31  31.85  32.28  2358000  32.28
2012-05-04  31.83  32.12  31.75  32.03  1515300  32.03
2012-05-03  31.88  31.95  31.74  31.86  1340500  31.86
2012-05-02  31.82  31.99  31.73  31.82  1419600  31.82
2012-05-01  31.99  32.05  31.72  31.84  1639000  31.84
2012-04-30  32.06  32.15  31.86  32.04  1428100  32.04
2012-04-27  32.16  32.24  32.06  32.06  2019300  32.06
2012-04-26  31.9  32.16  31.84  32.11  1268100  32.11
2012-04-25  31.96  32.09  31.79  31.86  1471200  31.86
2012-04-24  31.58  31.93  31.49  31.84  1340400  31.84
2012-04-23  31.78  31.81  31.39  31.49  2182900  31.49
2012-04-20  32.05  32.15  31.94  32.04  1470200  32.04
2012-04-19  31.9  32.05  31.7  32.02  1809100  32.02
2012-04-18  31.79  31.96  31.69  31.89  1491200  31.89
2012-04-17  31.64  32.01  31.4  31.91  2164300  31.91
2012-04-16  31.33  31.69  31.2  31.51  2305300  31.51
2012-04-13  31.33  31.55  31.22  31.26  1864400  31.26
2012-04-12  31.39  31.48  31.26  31.39  1683400  31.39
2012-04-11  31.44  31.58  31.31  31.39  1662000  31.39
2012-04-10  31.48  31.63  31.2  31.26  2837900  31.26
2012-04-09  31.46  31.66  31.39  31.48  2167500  31.48
2012-04-05  31.78  31.88  31.58  31.77  2373200  31.77
2012-04-04  31.95  31.99  31.78  31.88  3014200  31.88
2012-04-03  31.79  31.94  31.69  31.9  2572600  31.9
2012-04-02  31.69  31.84  31.39  31.77  2221600  31.77
2012-03-30  31.31  31.96  31.23  31.78  4452500  31.78
2012-03-29  30.96  31.25  30.88  31.15  1873600  31.15
2012-03-28  31.02  31.1  30.97  31.02  1958200  31.02
2012-03-27  30.95  31.45  30.86  31.03  1942700  31.03
2012-03-26  30.97  31.1  30.86  30.89  2079000  30.89
2012-03-23  30.79  30.95  30.7  30.87  1553200  30.87
2012-03-22  30.7  30.88  30.62  30.81  1536300  30.81
2012-03-21  30.91  31.03  30.72  30.83  1460600  30.83
2012-03-20  30.93  31.14  30.92  30.95  1226100  30.95
2012-03-19  30.75  31.14  30.71  31.09  1541100  31.09
2012-03-16  30.92  31.03  30.67  30.8  1848600  30.8
2012-03-15  30.9  31.04  30.79  31.02  1060500  31.02
2012-03-14  30.82  31.05  30.79  30.86  988400  30.86
2012-03-13  30.93  30.98  30.71  30.89  1806800  30.89
2012-03-12  30.82  30.99  30.77  30.82  1282000  30.82
2012-03-09  30.91  30.91  30.61  30.83  1471000  30.83
2012-03-08  31.0  31.04  30.74  30.79  1531700  30.79
2012-03-07  30.7  30.84  30.63  30.84  1399100  30.84
2012-03-06  30.93  31.08  30.62  30.68  1597700  30.68
2012-03-05  31.17  31.17  30.92  31.02  1277200  31.02
2012-03-02  31.18  31.25  31.08  31.16  875900  31.16
2012-03-01  31.3  31.35  30.93  31.14  1945800  31.14
2012-02-29  31.08  31.58  31.01  31.29  2346300  31.29
2012-02-28  31.52  31.54  31.06  31.13  2520000  31.13
2012-02-27  31.5  31.69  31.37  31.47  1879400  31.47
2012-02-24  31.49  31.92  31.49  31.65  3753300  31.65
2012-02-23  31.01  31.57  30.94  31.49  2692900  31.49
2012-02-22  30.86  31.12  30.86  31.09  2951200  31.09
2012-02-21  30.91  31.15  30.76  31.03  2827600  31.03
2012-02-17  30.83  31.89  30.81  30.89  6214200  30.89
2012-02-16  29.88  30.28  29.86  30.1  2692400  30.1
2012-02-15  30.04  30.05  29.8  29.9  1327800  29.9
2012-02-14  29.52  29.88  29.43  29.87  1237500  29.87
2012-02-13  29.72  29.86  29.59  29.7  1234800  29.7
2012-02-10  29.96  29.98  29.58  29.74  1357600  29.74
2012-02-09  29.92  30.14  29.81  30.11  1078800  30.11
2012-02-08  29.94  30.08  29.78  29.92  1297200  29.92
2012-02-07  29.88  30.02  29.75  29.92  1508000  29.92
2012-02-06  29.99  30.31  29.87  29.91  1812000  29.91
2012-02-03  30.07  30.22  29.89  29.95  1749300  29.95
2012-02-02  29.75  29.96  29.68  29.9  1675100  29.9
2012-02-01  29.89  29.95  29.71  29.77  1935300  29.77
2012-01-31  29.69  29.85  29.56  29.77  1565500  29.77
2012-01-30  29.41  29.66  29.34  29.64  1792600  29.64
2012-01-27  29.73  29.75  29.42  29.52  1366200  29.52
2012-01-26  29.87  30.18  29.65  29.74  1960800  29.74
2012-01-25  29.58  29.79  29.41  29.78  1894500  29.78
2012-01-24  29.67  29.78  29.58  29.68  1356800  29.68
2012-01-23  29.75  29.98  29.48  29.78  2341100  29.78
2012-01-20  29.92  29.92  29.42  29.81  3239400  29.81
2012-01-19  30.03  30.41  29.9  30.29  2155400  30.29
2012-01-18  30.05  30.18  29.98  30.06  2313100  30.06
2012-01-17  30.4  30.5  30.02  30.07  2674700  30.07
2012-01-13  30.21  30.59  30.19  30.5  1557900  30.5
2012-01-12  30.39  30.61  30.33  30.59  1489800  30.59
2012-01-11  30.51  30.51  30.03  30.3  3568400  30.3
2012-01-10  30.06  30.46  29.97  30.42  3088000  30.42
2012-01-09  29.61  29.97  29.58  29.89  1759800  29.89
2012-01-06  29.81  29.89  29.31  29.53  4981500  29.53
2012-01-05  30.7  30.73  29.86  29.87  4621400  29.87
2012-01-04  30.98  31.15  30.66  30.73  1721200  30.73
2012-01-03  31.46  31.64  30.92  30.97  1854500  30.97
2011-12-30  31.49  31.53  31.16  31.21  795700  31.21
2011-12-29  31.27  31.47  31.19  31.45  741400  31.45
2011-12-28  31.3  31.34  31.1  31.15  618700  31.15
2011-12-27  31.13  31.36  31.04  31.22  956400  31.22
2011-12-23  31.22  31.22  31.1  31.14  1103500  31.14
2011-12-22  31.08  31.23  30.96  31.15  1150400  31.15
2011-12-21  30.64  31.18  30.63  31.08  1271900  31.08
2011-12-20  30.43  30.7  30.28  30.65  1623000  30.65
2011-12-19  30.55  30.75  30.22  30.26  1079400  30.26
2011-12-16  30.67  30.93  30.37  30.46  2649400  30.46
2011-12-15  30.22  30.53  30.07  30.42  1639500  30.42
2011-12-14  30.02  30.12  29.86  30.05  1797400  30.05
2011-12-13  30.35  30.51  29.98  30.06  1390100  30.06
2011-12-12  30.51  30.53  30.06  30.22  1691700  30.22
2011-12-09  30.48  30.68  30.34  30.57  1857000  30.57
2011-12-08  30.59  30.69  30.29  30.34  1675000  30.34
2011-12-07  30.57  30.71  30.33  30.61  1660200  30.61
2011-12-06  30.33  30.79  30.3  30.67  1877200  30.67
2011-12-05  30.55  30.62  30.22  30.38  1956400  30.38
2011-12-02  30.4  30.44  30.17  30.29  2154500  30.29
2011-12-01  30.26  30.51  30.2  30.28  2148000  30.28
2011-11-30  30.22  30.41  29.97  30.34  3148800  30.34
2011-11-29  29.63  29.94  29.6  29.79  2375000  29.79
2011-11-28  29.97  29.98  29.4  29.51  2936200  29.51
2011-11-25  29.14  29.69  29.06  29.65  1346000  29.65
2011-11-23  29.41  29.78  29.09  29.09  2821900  29.09
2011-11-22  30.68  30.91  29.26  29.64  7404000  29.64
2011-11-21  31.02  31.46  30.79  31.28  3424200  31.28
2011-11-18  31.25  31.38  31.05  31.32  1834700  31.32
2011-11-17  31.08  31.31  30.87  31.1  2403300  31.1
2011-11-16  31.2  31.5  30.98  31.05  2400600  31.05
2011-11-15  31.2  31.53  31.16  31.42  1157800  31.42
2011-11-14  31.38  31.38  31.15  31.26  939900  31.26
2011-11-11  31.53  31.59  31.14  31.45  1645400  31.45
2011-11-10  31.26  31.36  30.94  31.28  1448400  31.28
2011-11-09  31.39  31.39  30.93  31.02  2013700  31.02
2011-11-08  31.61  31.76  31.47  31.73  2574000  31.73
2011-11-07  30.82  31.69  30.75  31.69  3218000  31.69
2011-11-04  30.8  30.99  30.69  30.86  1336400  30.86
2011-11-03  30.71  31.04  30.55  31.0  2261700  31.0
2011-11-02  30.72  30.72  30.35  30.47  2186600  30.47
2011-11-01  30.59  30.84  30.46  30.57  3579900  30.57
2011-10-31  30.9  31.27  30.89  30.95  2508100  30.95
2011-10-28  31.31  31.33  30.92  31.15  1907000  31.15
2011-10-27  31.52  31.65  31.18  31.25  2620400  31.25
2011-10-26  31.24  31.32  30.97  31.17  1679200  31.17
2011-10-25  31.33  31.41  30.98  31.01  1126900  31.01
2011-10-24  31.56  31.56  31.19  31.34  1513100  31.34
2011-10-21  31.32  31.65  31.2  31.54  1818500  31.54
2011-10-20  31.14  31.36  30.75  30.98  2472900  30.98
2011-10-19  31.31  31.49  31.15  31.17  1958800  31.17
2011-10-18  30.84  31.53  30.65  31.31  2280700  31.31
2011-10-17  31.08  31.24  30.73  30.8  1553700  30.8
2011-10-14  31.22  31.25  30.85  31.17  1621600  31.17
2011-10-13  30.93  31.0  30.66  30.86  2561900  30.86
2011-10-12  31.35  31.35  30.95  30.96  2150100  30.96
2011-10-11  30.93  31.31  30.84  31.16  2351600  31.16
2011-10-10  30.73  30.97  30.59  30.96  2197200  30.96
2011-10-07  30.49  30.72  30.35  30.49  2610800  30.49
2011-10-06  30.19  30.56  30.12  30.38  3141000  30.38
2011-10-05  30.3  30.44  30.02  30.29  3481300  30.29
2011-10-04  29.97  30.39  29.58  30.39  4700000  30.39
2011-10-03  29.62  30.4  29.62  30.13  5193300  30.13
2011-09-30  29.6  30.33  29.55  29.86  2922400  29.86
2011-09-29  29.72  29.97  29.5  29.77  1694500  29.77
2011-09-28  29.89  30.08  29.44  29.44  1816700  29.44
2011-09-27  29.52  30.27  29.51  29.86  2948700  29.86
2011-09-26  28.97  29.34  28.85  29.32  2349200  29.32
2011-09-23  28.51  29.06  28.13  28.84  4078600  28.84
2011-09-22  27.74  28.52  27.61  28.42  3479000  28.42
2011-09-21  28.77  28.97  28.3  28.3  2179800  28.3
2011-09-20  28.81  29.03  28.67  28.81  1982000  28.81
2011-09-19  28.65  28.82  28.4  28.72  1572900  28.72
2011-09-16  29.06  29.13  28.83  28.93  3056800  28.93
2011-09-15  29.02  29.04  28.77  28.96  1942100  28.96
2011-09-14  28.52  29.04  28.36  28.82  2230600  28.82
2011-09-13  28.41  28.54  28.23  28.48  2171500  28.48
2011-09-12  28.26  28.4  27.91  28.32  2040500  28.32
2011-09-09  28.82  28.82  28.35  28.46  2133400  28.46
2011-09-08  29.13  29.28  28.96  29.02  2118900  29.02
2011-09-07  29.13  29.23  28.95  29.2  1622000  29.2
2011-09-06  28.37  28.78  28.31  28.78  2151900  28.78
2011-09-02  29.44  29.76  28.9  29.02  4223700  29.02
2011-09-01  29.37  29.52  29.21  29.39  2365600  29.39
2011-08-31  29.32  29.48  29.12  29.4  2532300  29.4
2011-08-30  29.19  29.36  28.9  29.25  2001900  29.25
2011-08-29  28.72  29.26  28.72  29.26  1931600  29.26
2011-08-26  28.23  28.71  27.86  28.53  1955300  28.53
2011-08-25  28.95  28.98  28.27  28.33  2222400  28.33
2011-08-24  28.46  28.94  28.33  28.9  2831000  28.9
2011-08-23  27.92  28.48  27.79  28.46  2773500  28.46
2011-08-22  28.1  28.14  27.86  27.9  1931100  27.9
2011-08-19  27.94  28.37  27.71  27.71  3304100  27.71
2011-08-18  28.5  28.7  27.94  28.07  3146000  28.07
2011-08-17  28.71  28.98  28.67  28.89  1857600  28.89
2011-08-16  28.53  28.73  28.45  28.6  2679500  28.6
2011-08-15  28.43  28.71  28.19  28.66  2757900  28.66
2011-08-12  27.81  28.35  27.64  28.31  9073100  28.31
2011-08-11  27.58  28.13  27.45  27.89  4465000  27.89
2011-08-10  28.18  28.37  27.4  27.47  8753000  27.47
2011-08-09  28.48  28.67  27.57  28.33  9099100  28.33
2011-08-08  29.06  29.39  28.25  28.31  9071600  28.31
2011-08-05  29.72  30.01  29.29  29.42  6103400  29.42
2011-08-04  30.18  30.53  29.49  29.49  4611800  29.49
2011-08-03  30.08  30.46  29.99  30.4  2390100  30.4
2011-08-02  30.27  30.31  30.1  30.1  1965000  30.1
2011-08-01  30.61  30.65  30.04  30.41  2088200  30.41
2011-07-29  30.4  30.72  30.26  30.49  1784800  30.49
2011-07-28  30.68  30.76  30.5  30.51  915600  30.51
2011-07-27  30.95  30.99  30.61  30.67  1506300  30.67
2011-07-26  31.0  31.16  30.83  30.99  1635900  30.99
2011-07-25  31.08  31.08  30.91  30.93  1282800  30.93
2011-07-22  31.42  31.42  31.14  31.19  1154100  31.19
2011-07-21  31.25  31.47  31.21  31.31  1729800  31.31
2011-07-20  31.39  31.46  31.16  31.16  1457300  31.16
2011-07-19  31.01  31.3  30.88  31.3  1909600  31.3
2011-07-18  31.21  31.26  30.78  30.97  2478700  30.97
2011-07-15  31.41  31.41  31.11  31.29  2768500  31.29
2011-07-14  31.66  31.8  31.32  31.42  3532800  31.42
2011-07-13  32.02  32.15  31.55  31.6  4502900  31.6
2011-07-12  31.83  32.31  31.57  31.91  5747100  31.91
2011-07-11  31.31  31.54  31.2  31.5  2307300  31.5
2011-07-08  31.28  31.63  31.28  31.52  2060400  31.52
2011-07-07  31.95  31.95  31.35  31.44  2345200  31.44
2011-07-06  31.45  31.67  31.39  31.64  2025700  31.64
2011-07-05  31.65  31.67  31.4  31.52  1695400  31.52
2011-07-01  31.54  31.76  31.43  31.7  1526600  31.7
2011-06-30  31.79  31.87  31.49  31.61  2441400  31.61
2011-06-29  31.24  32.11  31.24  31.73  4622300  31.73
2011-06-28  31.17  31.24  30.82  30.87  2125000  30.87
2011-06-27  31.1  31.2  30.91  31.12  1744600  31.12
2011-06-24  30.49  31.28  30.43  31.01  5032300  31.01
2011-06-23  30.75  30.78  30.14  30.29  4913000  30.29
2011-06-22  31.28  31.37  31.06  31.09  1684800  31.09
2011-06-21  31.43  31.43  31.15  31.31  1512200  31.31
2011-06-20  31.17  31.44  31.16  31.32  894400  31.32
2011-06-17  31.22  31.52  31.21  31.26  1802200  31.26
2011-06-16  30.96  31.2  30.83  31.17  1558400  31.17
2011-06-15  31.05  31.05  30.83  30.89  1579400  30.89
2011-06-14  31.05  31.21  30.9  31.15  1506900  31.15
2011-06-13  31.03  31.15  30.83  31.03  1666500  31.03
2011-06-10  31.1  31.12  30.83  30.84  1703700  30.84
2011-06-09  30.81  31.37  30.75  31.14  2271600  31.14
2011-06-08  30.81  30.88  30.63  30.81  1764200  30.81
2011-06-07  30.84  30.94  30.72  30.86  1636500  30.86
2011-06-06  30.78  30.9  30.75  30.79  1519600  30.79
2011-06-03  31.05  31.19  30.81  30.81  1811600  30.81
2011-06-02  31.54  31.59  31.15  31.21  1907900  31.21
2011-06-01  31.72  31.74  31.42  31.51  1893600  31.51
2011-05-31  31.82  31.87  31.63  31.79  1493900  31.79
2011-05-27  31.68  31.81  31.51  31.69  1520200  31.69
2011-05-26  31.68  31.76  31.56  31.61  2708200  31.61
2011-05-25  31.68  32.11  31.61  31.68  3042700  31.68
2011-05-24  31.96  32.37  31.82  32.2  3459000  32.2
2011-05-23  31.51  32.33  31.45  31.97  5628200  31.97
2011-05-20  32.25  32.33  31.99  32.24  2984300  32.24
2011-05-19  32.38  32.62  32.28  32.33  2039200  32.33
2011-05-18  32.12  32.34  32.03  32.28  1571100  32.28
2011-05-17  31.99  32.35  31.89  32.11  2155400  32.11
2011-05-16  32.05  32.29  31.9  32.18  2416300  32.18
2011-05-13  31.38  32.26  31.36  32.19  5912400  32.19
2011-05-12  30.71  31.47  30.71  31.42  2800000  31.42
2011-05-11  30.84  31.02  30.73  30.8  2191200  30.8
2011-05-10  30.69  30.98  30.67  30.89  1479900  30.89
2011-05-09  30.74  30.78  30.55  30.57  2566800  30.57
2011-05-06  30.74  30.99  30.71  30.76  1719500  30.76
2011-05-05  30.65  30.74  30.47  30.58  2435600  30.58
2011-05-04  30.9  31.05  30.71  30.79  2374700  30.79
2011-05-03  30.76  31.04  30.76  30.88  1445600  30.88
2011-05-02  30.76  31.05  30.67  30.92  1816000  30.92
2011-04-29  30.47  30.78  30.47  30.73  1353700  30.73
2011-04-28  30.39  30.6  30.29  30.55  1700800  30.55
2011-04-27  30.32  30.58  30.29  30.39  1733000  30.39
2011-04-26  30.06  30.31  30.0  30.27  1500000  30.27
2011-04-25  30.09  30.18  29.93  29.98  1983000  29.98
2011-04-21  30.52  30.52  30.0  30.09  2506200  30.09
2011-04-20  30.65  30.76  30.36  30.49  1649500  30.49
2011-04-19  30.39  30.49  30.19  30.49  2874600  30.49
2011-04-18  30.7  30.81  30.43  30.43  2817500  30.43
2011-04-15  30.97  31.1  30.88  30.96  2138000  30.96
2011-04-14  30.75  31.05  30.7  30.91  1552700  30.91
2011-04-13  30.94  30.96  30.77  30.82  1849000  30.82
2011-04-12  30.44  31.13  30.44  30.86  2970800  30.86
2011-04-11  30.5  30.72  30.48  30.49  1784900  30.49
2011-04-08  30.6  30.69  30.4  30.44  1938800  30.44
2011-04-07  30.46  30.58  30.4  30.56  2073900  30.56
2011-04-06  30.12  30.56  30.02  30.47  2265900  30.47
2011-04-05  29.98  30.18  29.98  30.13  1962900  30.13
2011-04-04  30.23  30.23  29.98  29.99  1196000  29.99
2011-04-01  30.16  30.2  30.1  30.13  1279500  30.13
2011-03-31  30.25  30.31  30.0  30.03  2005600  30.03
2011-03-30  30.25  30.42  30.12  30.17  2112200  30.17
2011-03-29  30.27  30.36  29.98  30.13  2232200  30.13
2011-03-28  30.4  30.56  30.3  30.32  1051100  30.32
2011-03-25  30.49  30.59  30.39  30.44  1029700  30.44
2011-03-24  30.36  30.54  30.25  30.41  1398200  30.41
2011-03-23  30.31  30.33  30.03  30.27  1939700  30.27
2011-03-22  30.6  30.6  30.28  30.41  1596400  30.41
2011-03-21  30.52  30.65  30.39  30.58  2287800  30.58
2011-03-18  30.41  30.72  30.3  30.38  3187000  30.38
2011-03-17  30.48  30.53  30.22  30.33  1786000  30.33
2011-03-16  30.28  30.42  29.95  30.29  3377900  30.29
2011-03-15  30.08  30.49  30.01  30.41  2689800  30.41
2011-03-14  30.94  30.98  30.62  30.7  2288100  30.7
2011-03-11  31.05  31.29  31.05  31.09  1985000  31.09
2011-03-10  30.93  31.21  30.7  31.14  2379300  31.14
2011-03-09  30.68  31.08  30.59  31.02  1867500  31.02
2011-03-08  30.35  30.73  30.34  30.66  1950000  30.66
2011-03-07  30.54  30.55  30.28  30.3  1557600  30.3
2011-03-04  30.57  30.72  30.28  30.43  1618400  30.43
2011-03-03  30.45  30.72  30.4  30.64  1964600  30.64
2011-03-02  30.51  30.58  30.31  30.36  2049000  30.36
2011-03-01  30.65  30.65  30.35  30.44  2227400  30.44
2011-02-28  30.59  30.73  30.45  30.53  2555500  30.53
2011-02-25  30.41  30.59  30.4  30.46  1961100  30.46
2011-02-24  30.78  30.8  30.24  30.38  3432200  30.38
2011-02-23  30.21  30.9  30.2  30.72  4015100  30.72
2011-02-22  29.97  30.47  29.96  30.31  3117400  30.31
2011-02-18  30.78  30.85  29.63  30.46  10608500  30.46
2011-02-17  31.32  31.74  31.2  31.69  3027900  31.69
2011-02-16  31.29  31.36  31.08  31.31  2042100  31.31
2011-02-15  31.08  31.34  31.08  31.32  1116700  31.32
2011-02-14  31.15  31.32  31.07  31.27  1323600  31.27
2011-02-11  31.02  31.26  30.89  31.23  1307300  31.23
2011-02-10  31.18  31.34  30.95  31.1  1319400  31.1
2011-02-09  31.15  31.32  31.09  31.31  984600  31.31
2011-02-08  31.18  31.33  31.01  31.14  1274500  31.14
2011-02-07  31.24  31.27  30.86  31.05  1641600  31.05
2011-02-04  31.33  31.34  31.07  31.22  1799400  31.22
2011-02-03  31.12  31.4  31.12  31.26  2032300  31.26
2011-02-02  31.01  31.38  31.01  31.18  1668900  31.18
2011-02-01  31.03  31.17  30.96  31.11  1635500  31.11
2011-01-31  31.2  31.31  30.91  30.96  1986000  30.96
2011-01-28  31.42  31.55  31.2  31.24  2245100  31.24
2011-01-27  31.71  31.78  31.38  31.46  2163700  31.46
2011-01-26  31.84  31.85  31.52  31.8  2748500  31.8
2011-01-25  31.81  31.83  31.58  31.75  1831300  31.75
2011-01-24  32.1  32.14  31.65  31.8  2258200  31.8
2011-01-21  32.15  32.17  31.93  32.03  1734600  32.03
2011-01-20  31.53  32.2  31.47  31.97  3010300  31.97
2011-01-19  31.66  31.83  31.51  31.61  1559700  31.61
2011-01-18  31.66  31.88  31.62  31.82  1861000  31.82
2011-01-14  31.64  31.73  31.5  31.7  1175100  31.7
2011-01-13  31.49  31.85  31.49  31.67  1414900  31.67
2011-01-12  31.48  31.76  31.34  31.65  1661600  31.65
2011-01-11  31.39  31.48  31.22  31.34  1991900  31.34
2011-01-10  31.12  31.48  31.12  31.38  1872100  31.38
2011-01-07  31.33  31.46  31.16  31.27  1936100  31.27
2011-01-06  31.32  31.43  31.2  31.4  1770500  31.4
2011-01-05  31.24  31.46  31.19  31.35  1588500  31.35
2011-01-04  31.44  31.55  31.19  31.25  2875500  31.25
2011-01-03  31.61  31.61  31.31  31.46  1904600  31.46
2010-12-31  31.29  31.64  31.29  31.52  1129700  31.52
2010-12-30  31.39  31.44  31.28  31.34  1105400  31.34
2010-12-29  31.31  31.52  31.31  31.43  1103500  31.43
2010-12-28  31.31  31.43  31.22  31.34  762000  31.34
2010-12-27  31.27  31.39  31.23  31.3  1162500  31.3
2010-12-23  31.12  31.4  31.12  31.27  1576300  31.27
2010-12-22  31.35  31.5  30.96  31.14  2098600  31.14
2010-12-21  31.39  31.45  31.21  31.34  1777400  31.34
2010-12-20  31.76  31.81  31.24  31.27  2817300  31.27
2010-12-17  31.61  31.84  31.43  31.83  2368900  31.83
2010-12-16  31.32  31.63  31.28  31.57  2047800  31.57
2010-12-15  31.14  31.3  31.13  31.28  1964100  31.28
2010-12-14  30.97  31.33  30.97  31.25  1842900  31.25
2010-12-13  30.98  31.06  30.83  31.05  2765400  31.05
2010-12-10  31.05  31.16  30.8  31.01  2757600  31.01
2010-12-09  30.59  31.12  30.57  31.02  5677000  31.02
2010-12-08  30.42  30.58  30.25  30.46  2548100  30.46
2010-12-07  30.78  30.8  30.42  30.49  2446300  30.49
2010-12-06  30.63  31.12  30.48  30.64  1964500  30.64
2010-12-03  30.6  30.74  30.37  30.63  3075000  30.63
2010-12-02  30.69  30.8  30.5  30.63  2532400  30.63
2010-12-01  30.73  30.83  30.41  30.79  3342300  30.79
2010-11-30  30.36  30.66  30.31  30.49  3030800  30.49
2010-11-29  30.51  30.65  30.31  30.61  2444600  30.61
2010-11-26  30.43  30.78  30.31  30.71  1369100  30.71
2010-11-24  30.39  30.57  30.07  30.56  3894700  30.56
2010-11-23  31.01  31.16  30.52  30.58  4915100  30.58
2010-11-22  31.19  31.37  31.06  31.33  3272200  31.33
2010-11-19  31.12  31.21  30.9  31.16  1992700  31.16
2010-11-18  31.1  31.27  30.92  31.14  2065200  31.14
2010-11-17  30.94  31.11  30.9  30.98  2783500  30.98
2010-11-16  31.08  31.23  30.93  31.0  2601300  31.0
2010-11-15  31.15  31.28  31.05  31.18  1703400  31.18
2010-11-12  30.93  31.19  30.81  31.05  2555200  31.05
2010-11-11  31.16  31.23  30.74  31.03  3639700  31.03
2010-11-10  31.56  32.25  31.06  31.34  6114700  31.34
2010-11-09  32.67  32.7  32.38  32.42  1430700  32.42
2010-11-08  32.78  32.83  32.7  32.73  1293100  32.73
2010-11-05  32.91  32.94  32.71  32.93  1501900  32.93
2010-11-04  32.87  33.27  32.84  32.97  2124700  32.97
2010-11-03  32.8  32.86  32.54  32.68  1415700  32.68
2010-11-02  32.7  32.82  32.55  32.75  1870100  32.75
2010-11-01  32.64  32.82  32.47  32.56  2073600  32.56
2010-10-29  32.25  32.62  32.24  32.6  1361800  32.6
2010-10-28  32.45  32.61  32.19  32.27  2967700  32.27
2010-10-27  32.46  32.5  32.16  32.44  1677300  32.44
2010-10-26  32.6  32.69  32.46  32.67  2159800  32.67
2010-10-25  32.83  32.95  32.61  32.62  1844100  32.62
2010-10-22  32.58  32.8  32.58  32.71  1363300  32.71
2010-10-21  32.62  32.85  32.48  32.65  1612300  32.65
2010-10-20  32.38  32.68  32.38  32.6  1291100  32.6
2010-10-19  32.52  32.62  32.28  32.4  1880000  32.4
2010-10-18  32.82  32.82  32.62  32.75  1703300  32.75
2010-10-15  32.96  33.15  32.82  32.93  2044600  32.93
2010-10-14  32.83  32.97  32.76  32.87  1762400  32.87
2010-10-13  32.34  33.0  32.3  32.92  4545300  32.92
2010-10-12  32.16  32.29  32.01  32.22  2107000  32.22
2010-10-11  32.05  32.3  32.03  32.26  1629700  32.26
2010-10-08  32.01  32.15  31.8  32.08  2459600  32.08
2010-10-07  32.15  32.28  31.84  31.91  2048000  31.91
2010-10-06  32.2  32.27  32.06  32.2  1891200  32.2
2010-10-05  32.26  32.35  32.05  32.09  2785100  32.09
2010-10-04  32.21  32.3  31.96  32.08  1897200  32.08
2010-10-01  32.05  32.22  31.88  32.21  2766500  32.21
2010-09-30  32.22  32.38  31.74  31.91  3830500  31.91
2010-09-29  32.27  32.45  32.03  32.15  2567100  32.15
2010-09-28  32.46  32.57  32.13  32.53  2041800  32.53
2010-09-27  32.35  32.48  32.18  32.34  1517000  32.34
2010-09-24  32.23  32.47  32.06  32.35  3668200  32.35
2010-09-23  32.52  32.54  32.24  32.28  1718800  32.28
2010-09-22  32.49  32.85  32.48  32.61  2341700  32.61
2010-09-21  32.5  32.52  32.24  32.38  1887500  32.38
2010-09-20  32.41  32.59  32.24  32.58  2228700  32.58
2010-09-17  32.49  32.66  32.29  32.4  3222800  32.4
2010-09-16  32.26  32.41  32.12  32.41  1765400  32.41
2010-09-15  31.85  32.28  31.77  32.27  2320900  32.27
2010-09-14  31.53  31.9  31.53  31.85  3554800  31.85
2010-09-13  32.27  32.29  32.01  32.19  1568700  32.19
2010-09-10  32.12  32.15  31.97  32.12  2815500  32.12
2010-09-09  32.26  32.32  32.08  32.11  3653000  32.11
2010-09-08  32.02  32.18  31.92  32.07  3706800  32.07
2010-09-07  31.79  32.08  31.7  32.04  5298200  32.04
2010-09-03  32.16  32.72  31.97  32.32  5258600  32.32
2010-09-02  33.08  33.32  33.01  33.31  2337000  33.31
2010-09-01  33.43  33.47  32.89  33.0  3841600  33.0
2010-08-31  32.98  33.43  32.97  33.26  3035200  33.26
2010-08-30  33.38  33.55  33.01  33.01  2850100  33.01
2010-08-27  33.12  33.52  33.08  33.44  2461500  33.44
2010-08-26  33.27  33.35  32.85  32.98  2043100  32.98
2010-08-25  32.88  33.39  32.75  33.25  2429500  33.25
2010-08-24  32.7  33.12  32.66  32.94  2703900  32.94
2010-08-23  32.82  33.12  32.62  32.94  2320900  32.94
2010-08-20  32.44  32.73  32.33  32.7  1754300  32.7
2010-08-19  32.82  32.87  32.3  32.59  1947800  32.59
2010-08-18  32.98  33.03  32.73  32.94  1521000  32.94
2010-08-17  32.58  33.09  32.38  32.92  2431600  32.92
2010-08-16  32.17  32.41  32.04  32.37  1520300  32.37
2010-08-13  32.09  32.41  32.04  32.3  1031000  32.3
2010-08-12  31.95  32.29  31.92  32.2  1673600  32.2
2010-08-11  32.21  32.38  32.03  32.22  2444200  32.22
2010-08-10  32.1  32.63  32.1  32.51  2193700  32.51
2010-08-09  32.33  32.55  32.27  32.32  1791200  32.32
2010-08-06  32.21  32.58  32.08  32.29  3106100  32.29
2010-08-05  32.38  32.41  32.01  32.39  2840700  32.39
2010-08-04  32.06  32.54  32.06  32.48  1653900  32.48
2010-08-03  32.06  32.25  31.92  32.04  2708900  32.04
2010-08-02  32.3  32.4  31.99  32.18  2496000  32.18
2010-07-30  31.84  32.13  31.59  32.04  2299100  32.04
2010-07-29  32.38  32.38  31.76  31.93  3600900  31.93
2010-07-28  32.71  32.79  32.37  32.43  1687400  32.43
2010-07-27  32.45  32.81  32.16  32.78  2680000  32.78
2010-07-26  32.23  32.48  32.18  32.31  1811200  32.31
2010-07-23  32.26  32.41  32.1  32.36  2768300  32.36
2010-07-22  32.32  32.5  32.13  32.26  2172200  32.26
2010-07-21  32.55  32.57  32.02  32.09  2028200  32.09
2010-07-20  31.97  32.59  31.94  32.55  3912200  32.55
2010-07-19  32.09  32.32  32.09  32.17  2540500  32.17
2010-07-16  32.11  32.22  31.91  31.97  2752700  31.97
2010-07-15  32.07  32.24  31.86  32.18  2601800  32.18
2010-07-14  32.16  32.16  31.9  32.02  2520100  32.02
2010-07-13  32.13  32.45  32.04  32.16  3165800  32.16
2010-07-12  32.27  32.31  32.06  32.1  2784200  32.1
2010-07-09  32.61  32.61  32.2  32.4  1554300  32.4
2010-07-08  32.51  32.59  32.31  32.56  1911000  32.56
2010-07-07  31.84  32.38  31.77  32.38  2533800  32.38
2010-07-06  31.81  31.94  31.6  31.86  2386900  31.86
2010-07-02  31.8  31.82  31.38  31.52  2168500  31.52
2010-07-01  31.81  31.94  31.47  31.76  4618700  31.76
2010-06-30  31.87  31.94  31.57  31.73  3061400  31.73
2010-06-29  32.13  32.28  31.76  31.91  2487100  31.91
2010-06-28  32.08  32.53  32.02  32.38  1776400  32.38
2010-06-25  32.32  32.34  31.93  31.98  2722500  31.98
2010-06-24  32.4  32.58  32.22  32.29  3020400  32.29
2010-06-23  32.53  32.7  32.31  32.55  3192700  32.55
2010-06-22  32.83  32.98  32.38  32.44  2018600  32.44
2010-06-21  33.13  33.22  32.74  32.87  2100500  32.87
2010-06-18  33.18  33.18  32.81  32.9  2165200  32.9
2010-06-17  32.9  33.22  32.77  33.21  2221600  33.21
2010-06-16  32.54  32.82  32.52  32.76  2774300  32.76
2010-06-15  32.77  32.77  32.51  32.77  2092500  32.77
2010-06-14  32.56  32.65  32.26  32.5  2654100  32.5
2010-06-11  32.14  32.3  31.95  32.3  3080700  32.3
2010-06-10  32.69  32.79  32.18  32.39  4300600  32.39
2010-06-09  32.64  32.92  32.35  32.41  3630300  32.41
2010-06-08  31.87  32.53  31.81  32.51  4627000  32.51
2010-06-07  31.87  32.24  31.83  31.91  3048900  31.91
2010-06-04  32.08  32.09  31.77  31.89  3501500  31.89
2010-06-03  32.42  32.58  32.27  32.46  2192200  32.46
2010-06-02  31.63  32.26  31.61  32.26  2779100  32.26
2010-06-01  31.47  31.94  31.43  31.58  4141800  31.58
2010-05-28  31.79  31.89  31.69  31.72  2586800  31.72
2010-05-27  31.3  31.83  31.17  31.82  3469800  31.82
2010-05-26  31.25  31.25  30.85  30.89  3957500  30.89
2010-05-25  30.8  31.17  30.66  31.16  4244300  31.16
2010-05-24  31.36  31.53  30.83  31.34  3855100  31.34
2010-05-21  30.93  31.46  30.74  31.42  5249000  31.42
2010-05-20  31.19  31.35  30.81  30.96  5303200  30.96
2010-05-19  31.33  31.69  31.21  31.55  2796400  31.55
2010-05-18  31.69  31.87  31.36  31.42  2011100  31.42
2010-05-17  31.32  31.61  31.19  31.59  2016100  31.59
2010-05-14  31.73  31.88  31.18  31.3  2219600  31.3
2010-05-13  31.8  32.26  31.73  31.89  2294300  31.89
2010-05-12  31.85  32.02  31.62  31.9  2302800  31.9
2010-05-11  31.59  32.0  31.45  31.78  1791100  31.78
2010-05-10  31.43  32.14  31.3  31.71  1849700  31.71
2010-05-07  31.04  31.3  30.83  31.04  3796900  31.04
2010-05-06  31.61  31.61  30.27  31.06  3772600  31.06
2010-05-05  31.52  31.76  31.4  31.64  1564800  31.64
2010-05-04  31.62  31.84  31.39  31.57  1631800  31.57
2010-05-03  31.87  31.96  31.62  31.91  2034900  31.91
2010-04-30  31.57  32.11  31.53  31.76  2764500  31.76
2010-04-29  31.5  31.79  31.45  31.64  2230500  31.64
2010-04-28  31.23  31.4  30.99  31.34  1957200  31.34
2010-04-27  31.4  31.44  31.06  31.1  1677700  31.1
2010-04-26  31.41  31.6  31.37  31.42  1174100  31.42
2010-04-23  31.64  31.64  31.31  31.52  1631000  31.52
2010-04-22  31.74  31.88  31.36  31.69  1611600  31.69
2010-04-21  31.85  31.96  31.7  31.82  1493500  31.82
2010-04-20  31.78  31.91  31.66  31.89  1520500  31.89
2010-04-19  31.48  31.69  31.37  31.66  1809200  31.66
2010-04-16  31.72  31.92  31.5  31.63  2239500  31.63
2010-04-15  31.5  31.97  31.22  31.85  2512200  31.85
2010-04-14  31.49  31.59  31.38  31.56  1981000  31.56
2010-04-13  31.44  31.76  31.36  31.48  2896500  31.48
2010-04-12  31.24  31.44  31.11  31.37  2298100  31.37
2010-04-09  31.08  31.36  31.08  31.32  2619600  31.32
2010-04-08  31.28  31.4  31.09  31.11  2372800  31.11
2010-04-07  31.34  31.47  31.23  31.35  1545900  31.35
2010-04-06  31.28  31.41  31.27  31.29  1061200  31.29
2010-04-05  31.49  31.58  31.33  31.37  1009400  31.37
2010-04-01  31.43  31.59  31.37  31.5  1167800  31.5
2010-03-31  31.22  31.5  31.12  31.31  1610700  31.31
2010-03-30  31.34  31.42  31.21  31.31  1240000  31.31
2010-03-29  30.73  31.31  30.71  31.25  2089500  31.25
2010-03-26  30.68  30.8  30.57  30.69  1679700  30.69
2010-03-25  31.08  31.08  30.61  30.65  1691300  30.65
2010-03-24  31.09  31.23  30.9  30.97  1206700  30.97
2010-03-23  31.0  31.22  30.92  31.22  1253300  31.22
2010-03-22  30.87  31.14  30.87  31.05  1398200  31.05
2010-03-19  30.83  31.03  30.77  31.03  3761400  31.03
2010-03-18  30.71  30.8  30.54  30.8  1289900  30.8
2010-03-17  30.8  30.9  30.74  30.87  1767900  30.87
2010-03-16  30.58  30.8  30.48  30.76  2042100  30.76
2010-03-15  30.25  30.52  30.24  30.5  1711700  30.5
2010-03-12  30.17  30.35  30.04  30.31  1849500  30.31
2010-03-11  29.68  30.14  29.66  30.1  2481700  30.1
2010-03-10  29.95  29.95  29.68  29.78  2072100  29.78
2010-03-09  29.89  30.05  29.84  29.93  1763600  29.93
2010-03-08  30.15  30.23  29.91  30.02  1132100  30.02
2010-03-05  30.06  30.22  29.97  30.22  1747300  30.22
2010-03-04  29.99  30.22  29.69  30.01  3201600  30.01
2010-03-03  29.61  30.09  29.4  29.92  2677800  29.92
2010-03-02  29.37  29.96  29.33  29.75  2498400  29.75
2010-03-01  29.35  29.42  29.21  29.31  2101600  29.31
2010-02-26  29.19  29.4  29.16  29.29  2509100  29.29
2010-02-25  28.85  29.25  28.77  29.24  2618700  29.24
2010-02-24  29.14  29.38  28.9  29.13  3228800  29.13
2010-02-23  28.96  29.32  28.9  29.17  4498800  29.17
2010-02-22  29.67  29.86  29.19  29.44  2936500  29.44
2010-02-19  29.75  29.96  29.53  29.82  2054000  29.82
2010-02-18  29.44  29.82  29.44  29.75  2386900  29.75
2010-02-17  29.01  29.7  28.93  29.55  2972500  29.55
2010-02-16  29.12  29.57  29.03  29.52  2329100  29.52
2010-02-12  29.29  29.36  28.86  29.04  2936000  29.04
2010-02-11  29.45  29.53  29.03  29.49  1294900  29.49
2010-02-10  29.23  29.42  29.04  29.28  1662300  29.28
2010-02-09  28.95  29.54  28.88  29.28  2823600  29.28
2010-02-08  28.62  29.08  28.55  28.73  1956800  28.73
2010-02-05  28.42  28.58  28.29  28.54  3018800  28.54
2010-02-04  29.46  29.56  28.51  28.51  3430200  28.51
2010-02-03  29.51  29.55  29.24  29.28  1809300  29.28
2010-02-02  29.38  29.58  29.22  29.58  1581200  29.58
2010-02-01  29.25  29.41  29.13  29.31  1188600  29.31
2010-01-29  29.57  29.63  29.05  29.1  2490600  29.1
2010-01-28  29.15  29.52  29.08  29.46  3139500  29.46
2010-01-27  28.89  29.16  28.66  29.05  2346000  29.05
2010-01-26  28.66  28.89  28.46  28.79  1866100  28.79
2010-01-25  29.09  29.09  28.63  28.8  1691600  28.8
2010-01-22  28.65  29.03  28.47  28.81  2738400  28.81
2010-01-21  28.85  29.03  28.48  28.67  2414600  28.67
2010-01-20  28.88  28.92  28.56  28.89  1605400  28.89
2010-01-19  29.03  29.21  28.97  29.05  1858400  29.05
2010-01-15  29.59  29.64  28.82  28.99  3794500  28.99
2010-01-14  29.68  29.68  29.21  29.57  1976300  29.57
2010-01-13  29.4  29.79  29.29  29.72  2485500  29.72
2010-01-12  28.88  29.51  28.8  29.28  2601600  29.28
2010-01-11  28.85  29.0  28.65  28.94  2827700  28.94
2010-01-08  29.03  29.1  28.72  28.85  2203200  28.85
2010-01-07  29.4  29.4  28.98  29.04  3232600  29.04
2010-01-06  29.74  29.82  29.32  29.49  2829500  29.49
2010-01-05  29.81  30.03  29.53  29.82  2497100  29.82
2010-01-04  29.81  29.87  29.63  29.77  1574200  29.77
