Date  Open  High  Low  Close  Volume  Adj Close
2014-02-28  66.04  67.0  60.97  62.37  18892500  62.37
2014-02-27  63.52  66.35  63.51  66.22  9345800  66.22
2014-02-26  63.78  64.74  62.69  63.74  7285700  63.74
2014-02-25  63.92  64.0  63.29  63.66  4895500  63.66
2014-02-24  62.75  64.33  61.8  63.91  5698600  63.91
2014-02-21  63.35  64.65  63.35  63.59  5516500  63.59
2014-02-20  63.21  63.25  61.99  63.01  5738900  63.01
2014-02-19  63.36  63.96  62.85  63.02  4929600  63.02
2014-02-18  63.33  63.94  62.29  63.73  3780100  63.73
2014-02-14  63.47  63.54  62.4  62.8  3654800  62.8
2014-02-13  61.19  63.32  61.18  63.13  4760400  63.13
2014-02-12  61.55  61.86  61.1  61.48  4786500  61.48
2014-02-11  61.25  61.8  61.15  61.23  6376300  61.23
2014-02-10  61.58  61.7  60.64  61.04  5846400  61.04
2014-02-07  62.06  62.67  61.22  61.55  7537900  61.55
2014-02-06  61.85  62.75  61.1  61.7  5180000  61.7
2014-02-05  60.57  61.88  59.76  61.63  4860800  61.63
2014-02-04  59.42  61.35  59.06  60.96  5948100  60.96
2014-02-03  61.1  61.2  58.07  58.47  5450000  58.47
2014-01-31  60.03  61.26  60.0  60.53  4612200  60.53
2014-01-30  59.04  61.49  58.71  60.97  5946200  60.97
2014-01-29  58.56  59.22  57.79  57.96  4077800  57.96
2014-01-28  57.6  59.43  57.28  59.37  5534700  59.37
2014-01-27  58.51  58.67  56.95  57.08  5136700  57.08
2014-01-24  59.48  59.56  58.25  58.4  4803500  58.4
2014-01-23  60.08  60.15  58.92  60.08  4875700  60.08
2014-01-22  60.99  61.45  60.5  61.14  3515900  61.14
2014-01-21  60.27  61.07  59.65  60.95  6130800  60.95
2014-01-17  59.26  59.91  58.85  59.86  4333300  59.86
2014-01-16  59.49  59.65  58.85  59.21  5644800  59.21
2014-01-15  57.5  59.85  57.47  59.72  8745500  59.72
2014-01-14  56.21  57.68  55.65  57.51  4924600  57.51
2014-01-13  56.97  57.37  55.86  56.21  5306500  56.21
2014-01-10  56.52  57.04  55.81  56.95  3517500  56.95
2014-01-09  57.01  57.01  55.65  56.29  4968100  56.29
2014-01-08  55.19  57.13  54.76  56.94  7036900  56.94
2014-01-07  54.43  55.12  54.29  54.95  2787200  54.95
2014-01-06  55.2  55.24  54.03  54.23  2532700  54.23
2014-01-03  54.93  55.39  54.52  55.12  1968700  55.12
2014-01-02  55.2  55.21  54.41  54.86  2730200  54.86
2013-12-31  55.14  55.55  54.86  55.19  3101700  55.19
2013-12-30  54.27  55.24  53.97  55.17  3743400  55.17
2013-12-27  54.9  54.94  54.33  54.45  1837300  54.45
2013-12-26  54.88  55.17  54.53  54.85  1985400  54.85
2013-12-24  54.48  54.97  54.45  54.8  1327500  54.8
2013-12-23  54.15  54.75  53.85  54.58  4289500  54.58
2013-12-20  53.18  54.21  53.16  53.72  5795000  53.72
2013-12-19  53.29  53.95  52.74  53.07  3597900  53.07
2013-12-18  52.39  53.41  51.72  53.36  5557300  53.36
2013-12-17  51.3  52.45  50.8  52.22  6232700  52.22
2013-12-16  50.72  51.23  50.12  51.16  6554600  51.16
2013-12-13  51.34  51.8  50.76  51.13  4452300  51.13
2013-12-12  51.22  51.62  50.29  50.98  5813800  50.98
2013-12-11  53.3  53.48  51.2  51.43  6996000  51.43
2013-12-10  53.98  54.54  53.66  53.72  3986400  53.72
2013-12-09  53.62  54.01  52.93  53.68  3173600  53.68
2013-12-06  53.68  54.15  53.23  53.88  4570100  53.88
2013-12-05  52.19  53.15  52.01  53.05  4855500  53.05
2013-12-04  51.4  52.62  51.35  52.27  4090700  52.27
2013-12-03  51.19  51.8  51.04  51.63  3832700  51.63
2013-12-02  52.01  52.29  51.3  51.56  4235400  51.56
2013-11-29  51.12  52.6  50.99  52.09  5635300  52.09
2013-11-27  52.63  52.9  51.88  52.71  3770700  52.71
2013-11-26  52.56  53.14  52.0  52.3  5694000  52.3
2013-11-25  53.77  54.14  51.85  52.75  8399600  52.75
2013-11-22  54.65  55.09  54.5  54.69  3344800  54.69
2013-11-21  53.87  54.51  53.75  54.44  5691100  54.44
2013-11-20  53.46  54.8  53.33  53.61  7664600  53.61
2013-11-19  55.37  55.37  52.55  52.74  16325400  52.74
2013-11-18  58.2  58.37  55.21  55.51  15146000  55.51
2013-11-15  57.39  57.89  56.77  57.31  5295000  57.31
2013-11-14  57.09  57.69  56.74  56.99  4850200  56.99
2013-11-13  56.76  57.76  56.65  57.21  4583700  57.21
2013-11-12  56.13  57.5  55.96  56.71  6072000  56.71
2013-11-11  55.68  56.14  55.04  56.12  3391900  56.12
2013-11-08  54.35  55.55  54.35  55.49  4167400  55.49
2013-11-07  55.91  57.24  54.2  54.35  6338600  54.35
2013-11-06  55.91  55.95  54.66  55.23  4634200  55.23
2013-11-05  55.4  55.71  54.85  55.69  4262000  55.69
2013-11-04  54.5  55.67  54.15  55.58  4889200  55.58
2013-11-01  53.54  54.63  53.54  53.96  4330500  53.96
2013-10-31  52.79  53.71  52.51  53.36  3504400  53.36
2013-10-30  53.83  54.11  52.62  52.79  4280300  52.79
2013-10-29  53.75  54.09  52.8  53.7  3553400  53.7
2013-10-28  54.56  54.81  52.2  53.49  4450100  53.49
2013-10-25  54.55  54.89  53.65  54.56  2715100  54.56
2013-10-24  53.75  54.54  53.64  54.38  3193100  54.38
2013-10-23  53.95  54.04  52.98  53.34  2532500  53.34
2013-10-22  55.37  55.5  53.01  54.28  5078500  54.28
2013-10-21  56.15  56.24  54.73  55.1  4200400  55.1
2013-10-18  53.51  54.15  53.31  54.1  4548400  54.1
2013-10-17  52.5  53.1  52.25  53.01  3001700  53.01
2013-10-16  50.98  52.93  50.98  52.58  5546400  52.58
2013-10-15  51.12  51.53  50.6  50.72  3661500  50.72
2013-10-14  50.51  51.21  49.97  51.17  3866500  51.17
2013-10-11  51.54  51.88  50.9  51.07  2614300  51.07
2013-10-10  50.2  51.77  50.11  51.54  4789800  51.54
2013-10-09  50.26  50.5  48.7  49.91  4749700  49.91
2013-10-08  52.55  52.82  49.5  50.14  5746200  50.14
2013-10-07  52.42  53.2  52.02  52.16  2974800  52.16
2013-10-04  52.24  53.37  52.08  52.83  3600800  52.83
2013-10-03  53.02  53.34  51.71  52.0  3089100  52.0
2013-10-02  52.25  53.15  52.04  53.15  3207700  53.15
2013-10-01  52.14  52.82  51.93  52.63  3753300  52.63
2013-09-30  51.14  52.25  50.76  51.91  5051500  51.91
2013-09-27  53.03  53.09  52.31  52.43  3948100  52.43
2013-09-26  52.86  53.94  52.85  53.32  4141300  53.32
2013-09-25  52.05  53.16  52.0  52.47  4045800  52.47
2013-09-24  52.17  52.73  51.71  52.14  2979400  52.14
2013-09-23  52.83  53.65  51.89  52.35  4339300  52.35
2013-09-20  53.5  54.02  52.75  52.76  6106400  52.76
2013-09-19  52.66  54.25  52.66  53.38  6897600  53.38
2013-09-18  49.93  52.57  49.87  52.49  10464300  52.49
2013-09-17  49.85  50.47  49.7  49.9  3167000  49.9
2013-09-16  50.2  50.46  49.49  49.65  3347600  49.65
2013-09-13  49.92  50.09  49.18  49.64  3350800  49.64
2013-09-12  49.83  50.6  49.4  49.96  3839600  49.96
2013-09-11  49.79  50.42  49.49  49.88  4309400  49.88
2013-09-10  49.45  50.08  49.35  50.02  5138200  50.02
2013-09-09  48.6  49.2  48.54  49.2  5220300  49.2
2013-09-06  48.69  49.25  48.02  48.47  5185300  48.47
2013-09-05  48.46  49.12  48.37  48.6  5991900  48.6
2013-09-04  48.81  49.25  48.3  48.77  8027400  48.77
2013-09-03  49.46  50.15  49.13  49.58  10222700  49.58
2013-08-30  47.67  49.94  47.38  49.13  31862700  49.13
2013-08-29  42.36  43.98  42.11  43.65  13186500  43.65
2013-08-28  42.45  43.25  42.38  42.78  5877500  42.78
2013-08-27  42.92  42.98  42.33  42.46  5589800  42.46
2013-08-26  43.16  43.84  43.15  43.4  5731000  43.4
2013-08-23  43.15  43.73  43.0  43.59  4312800  43.59
2013-08-22  43.75  43.96  43.5  43.75  2964900  43.75
2013-08-21  43.43  44.15  43.24  43.5  5379900  43.5
2013-08-20  43.43  43.86  43.02  43.39  3571400  43.39
2013-08-19  43.8  44.17  43.35  43.44  3482000  43.44
2013-08-16  43.53  44.11  43.47  43.83  4073400  43.83
2013-08-15  44.11  44.18  42.86  43.6  5910700  43.6
2013-08-14  45.1  45.25  44.19  44.66  3741400  44.66
2013-08-13  45.36  45.5  44.5  45.07  3644600  45.07
2013-08-12  45.14  45.68  45.06  45.39  2862900  45.39
2013-08-09  45.23  45.58  44.86  45.21  2543800  45.21
2013-08-08  45.2  45.69  44.97  45.24  3400700  45.24
2013-08-07  45.2  45.2  44.19  44.92  3000300  44.92
2013-08-06  45.38  45.65  44.9  45.42  2750300  45.42
2013-08-05  45.31  46.1  45.25  45.69  2620900  45.69
2013-08-02  44.97  45.6  44.93  45.52  3494500  45.52
2013-08-01  44.17  45.6  44.15  45.14  5479000  45.14
2013-07-31  43.96  44.29  43.65  43.75  3263200  43.75
2013-07-30  43.59  44.42  43.52  43.99  4357900  43.99
2013-07-29  43.16  43.43  42.51  43.31  3087200  43.31
2013-07-26  42.97  43.33  42.28  43.22  2733000  43.22
2013-07-25  42.12  43.47  42.06  43.22  5236900  43.22
2013-07-24  43.01  43.53  41.95  42.01  6022200  42.01
2013-07-23  42.13  43.16  42.01  42.54  4638200  42.54
2013-07-22  42.5  42.52  41.84  42.04  3133800  42.04
2013-07-19  41.85  42.75  41.7  42.5  6078500  42.5
2013-07-18  42.55  43.0  41.54  41.9  5920400  41.9
2013-07-17  42.0  42.74  41.73  42.71  4606300  42.71
2013-07-16  41.94  42.05  41.4  41.84  3897400  41.84
2013-07-15  42.27  42.43  41.29  41.98  4151300  41.98
2013-07-12  41.56  42.6  41.33  42.43  5274600  42.43
2013-07-11  40.21  41.7  40.16  41.52  6911700  41.52
2013-07-10  38.77  39.97  38.58  39.74  4668200  39.74
2013-07-09  38.49  38.81  37.94  38.72  3796000  38.72
2013-07-08  39.03  39.36  38.33  38.43  3846100  38.43
2013-07-05  38.96  39.07  38.33  38.94  2824600  38.94
2013-07-03  37.89  38.74  37.78  38.55  2292300  38.55
2013-07-02  37.74  38.4  37.73  38.17  4111000  38.17
2013-07-01  38.56  38.72  37.76  37.8  3799100  37.8
2013-06-28  38.44  38.57  37.81  38.18  5064800  38.18
2013-06-27  38.34  38.95  38.3  38.84  5187200  38.84
2013-06-26  37.75  38.2  37.72  38.0  5046600  38.0
2013-06-25  37.61  38.24  37.34  37.44  5831200  37.44
2013-06-24  37.63  37.63  36.13  36.95  8583200  36.95
2013-06-21  37.0  38.83  36.09  38.3  15540200  38.3
2013-06-20  37.36  37.79  36.58  36.75  5537300  36.75
2013-06-19  38.25  38.5  37.58  37.65  4960400  37.65
2013-06-18  38.25  38.52  38.04  38.25  3207200  38.25
2013-06-17  37.22  38.82  37.08  38.22  6521400  38.22
2013-06-14  37.79  38.72  37.5  37.56  4942800  37.56
2013-06-13  37.46  37.98  36.87  37.8  5839000  37.8
2013-06-12  38.12  38.51  37.29  37.58  7769100  37.58
2013-06-11  38.24  38.32  37.34  37.59  8942900  37.59
2013-06-10  39.95  39.97  38.52  38.68  10800800  38.68
2013-06-07  38.38  39.64  38.27  39.61  10146600  39.61
2013-06-06  37.87  38.4  37.1  38.06  10970900  38.06
2013-06-05  38.68  38.81  37.69  37.95  18556600  37.95
2013-06-04  39.25  40.19  37.57  37.8  29720600  37.8
2013-06-03  42.37  42.44  40.09  41.04  8969800  41.04
2013-05-31  42.52  43.06  42.08  42.33  5758500  42.33
2013-05-30  42.09  42.97  42.0  42.76  5557500  42.76
2013-05-29  41.18  42.36  40.85  41.93  8799500  41.93
2013-05-28  43.53  43.53  41.62  41.8  10067300  41.8
2013-05-24  42.75  43.82  41.8  43.25  21576800  43.25
2013-05-23  43.44  46.05  43.02  45.69  12218700  45.69
2013-05-22  46.43  47.22  45.53  45.78  6717200  45.78
2013-05-21  47.05  47.11  46.3  46.33  6112600  46.33
2013-05-20  47.14  47.58  46.82  47.01  6331700  47.01
2013-05-17  46.18  46.83  45.75  46.79  4787600  46.79
2013-05-16  45.39  47.31  45.29  46.15  7165000  46.15
2013-05-15  45.03  45.07  44.41  44.79  3099500  44.79
2013-05-14  44.05  45.04  44.01  44.98  4117200  44.98
2013-05-13  44.33  44.56  43.83  43.96  2945200  43.96
2013-05-10  43.21  44.25  43.21  44.17  4287000  44.17
2013-05-09  42.35  43.78  42.28  43.15  6062100  43.15
2013-05-08  42.43  42.59  42.2  42.37  3029900  42.37
2013-05-07  42.64  42.85  42.11  42.42  2803000  42.42
2013-05-06  42.33  42.84  42.3  42.44  4305700  42.44
2013-05-03  42.27  42.5  42.06  42.24  2897000  42.24
2013-05-02  41.77  42.1  41.5  41.87  3598400  41.87
2013-05-01  41.21  42.19  41.12  41.56  6423600  41.56
2013-04-30  41.05  41.24  40.71  41.11  3806600  41.11
2013-04-29  40.75  41.28  40.55  41.01  2651800  41.01
2013-04-26  40.84  41.1  40.63  40.71  2646100  40.71
2013-04-25  41.1  41.17  40.62  40.76  5148900  40.76
2013-04-24  41.02  41.53  40.87  40.91  2671100  40.91
2013-04-23  40.71  41.55  40.61  41.08  4115200  41.08
2013-04-22  41.06  41.17  40.13  40.32  4897800  40.32
2013-04-19  41.02  41.25  39.75  40.88  8713600  40.88
2013-04-18  41.17  41.91  40.76  41.03  4476800  41.03
2013-04-17  42.22  42.67  41.42  41.84  22142000  41.84
2013-04-16  41.69  42.6  41.52  42.6  6039200  42.6
2013-04-15  41.99  42.48  41.29  41.29  7120000  41.29
2013-04-12  41.59  42.47  41.13  42.38  7168400  42.38
2013-04-11  41.88  42.09  41.41  41.63  6846000  41.63
2013-04-10  41.48  42.3  41.37  42.19  4476400  42.19
2013-04-09  41.87  41.87  40.89  41.33  5304000  41.33
2013-04-08  41.24  41.8  41.0  41.72  3674400  41.72
2013-04-05  40.41  41.42  40.33  41.35  5285200  41.35
2013-04-04  42.13  42.16  41.13  41.6  5673200  41.6
2013-04-03  43.71  43.97  41.67  42.13  8306000  42.13
2013-04-02  44.24  44.32  43.7  43.83  3875600  43.83
2013-04-01  44.68  44.92  43.68  43.85  4823200  43.85
2013-03-28  43.96  44.81  43.77  44.71  6541200  44.71
2013-03-27  43.23  44.04  43.12  43.97  5028400  43.97
2013-03-26  43.38  43.71  42.8  43.4  4500800  43.4
2013-03-25  43.98  44.07  43.05  43.19  5163200  43.19
2013-03-22  43.85  44.27  43.26  44.01  7256400  44.01
2013-03-21  42.69  43.42  42.53  43.18  6500000  43.18
2013-03-20  43.29  43.43  42.95  43.13  4590400  43.13
2013-03-19  43.63  43.69  42.59  42.81  7280800  42.81
2013-03-18  43.82  44.25  43.45  43.53  6496800  43.53
2013-03-15  44.6  44.95  44.04  44.12  9867600  44.12
2013-03-14  45.41  45.72  44.59  44.62  7147600  44.62
2013-03-13  45.38  45.42  44.74  45.23  6623200  45.23
2013-03-12  45.68  45.83  45.13  45.2  8922000  45.2
2013-03-11  46.38  46.99  46.38  46.49  4032000  46.49
2013-03-08  46.45  46.51  45.77  46.46  4218400  46.46
2013-03-07  46.62  46.64  46.02  46.12  3820000  46.12
2013-03-06  46.41  46.86  46.14  46.59  4816400  46.59
2013-03-05  45.93  46.47  45.76  46.44  9381200  46.44
2013-03-04  45.5  46.65  45.37  46.47  9554000  46.47
2013-03-01  44.38  45.81  42.7  45.5  26723200  45.5
2013-02-28  41.77  42.48  41.77  42.31  14840000  42.31
2013-02-27  40.85  42.06  40.5  41.74  6224400  41.74
2013-02-26  40.95  41.67  40.56  40.84  6919200  40.84
2013-02-25  42.45  42.74  40.82  40.88  10159600  40.88
2013-02-22  42.54  42.64  42.19  42.64  4078400  42.64
2013-02-21  42.73  42.79  41.94  42.14  5466800  42.14
2013-02-20  43.72  43.91  42.77  42.77  5296800  42.77
2013-02-19  43.68  43.94  43.45  43.71  3497200  43.71
2013-02-15  43.69  43.96  43.15  43.76  5413600  43.76
2013-02-14  43.08  43.87  42.89  43.62  6841200  43.62
2013-02-13  43.1  43.35  42.5  43.08  4106800  43.08
2013-02-12  42.68  43.25  42.62  43.09  5906400  43.09
2013-02-11  42.71  42.82  42.27  42.66  5684000  42.66
2013-02-08  42.62  42.86  42.37  42.49  4284000  42.49
2013-02-07  42.94  43.12  42.29  42.51  4346000  42.51
2013-02-06  42.87  43.34  42.67  42.83  4883200  42.83
2013-02-05  43.27  43.44  42.77  43.1  3767200  43.1
2013-02-04  43.45  43.7  42.96  43.19  5354400  43.19
2013-02-01  43.49  43.95  43.3  43.76  5174000  43.76
2013-01-31  43.35  43.69  42.65  43.03  4999600  43.03
2013-01-30  43.77  44.12  42.94  43.08  7241600  43.08
2013-01-29  43.67  43.99  43.08  43.67  6209600  43.67
2013-01-28  44.33  44.73  44.16  44.52  8180000  44.52
2013-01-25  43.3  43.94  43.16  43.47  6508000  43.47
2013-01-24  42.69  43.37  42.62  43.07  5149600  43.07
2013-01-23  41.8  42.92  41.79  42.6  5760000  42.6
2013-01-22  42.5  42.56  41.53  41.72  7501600  41.72
2013-01-18  42.89  43.03  41.91  42.51  6346000  42.51
2013-01-17  42.69  43.33  42.6  42.78  6331600  42.78
2013-01-16  43.5  43.68  41.82  42.41  16573600  42.41
2013-01-15  43.11  43.74  42.79  43.66  4128000  43.66
2013-01-14  43.23  43.69  43.11  43.5  3814000  43.5
2013-01-11  43.12  43.42  42.81  43.34  5296800  43.34
2013-01-10  43.15  43.46  42.46  43.28  4749200  43.28
2013-01-09  42.53  43.1  42.33  42.96  3856000  42.96
2013-01-08  42.34  42.67  41.89  42.49  3953600  42.49
2013-01-07  42.31  42.31  41.69  42.24  4185600  42.24
2013-01-04  42.16  42.59  42.02  42.4  3296400  42.4
2013-01-03  42.52  43.14  42.03  42.18  5707600  42.18
2013-01-02  42.94  43.49  41.72  42.79  8162800  42.79
2012-12-31  40.96  42.09  40.73  42.03  6147200  42.03
2012-12-28  41.1  41.43  40.88  41.04  4128400  41.04
2012-12-27  41.57  41.86  40.66  41.56  5888800  41.56
2012-12-26  42.29  42.41  41.31  41.58  3720400  41.58
2012-12-24  42.09  42.36  42.0  42.34  1648000  42.34
2012-12-21  41.98  42.44  41.87  42.24  10731600  42.24
2012-12-20  42.5  42.56  42.13  42.52  4705200  42.52
2012-12-19  42.83  43.19  42.46  42.47  4176000  42.47
2012-12-18  42.25  42.91  42.18  42.72  4890000  42.72
2012-12-17  41.19  42.64  41.17  42.23  10098400  42.23
2012-12-14  41.32  42.04  41.32  41.7  5086800  41.7
2012-12-13  41.54  41.85  41.39  41.66  6459200  41.66
2012-12-12  41.3  42.03  41.1  41.76  9206000  41.76
2012-12-11  39.59  41.47  39.59  41.25  17480400  41.25
2012-12-10  39.17  39.61  39.09  39.6  3867600  39.6
2012-12-07  39.27  39.61  39.02  39.17  5182000  39.17
2012-12-06  39.12  39.67  39.0  39.35  5110000  39.35
2012-12-05  39.06  39.29  38.31  39.22  5315200  39.22
2012-12-04  39.27  39.42  38.78  39.24  3894000  39.24
2012-12-03  39.67  39.87  39.22  39.26  4642000  39.26
2012-11-30  39.55  39.7  39.24  39.42  3504000  39.42
2012-11-29  39.5  39.95  39.47  39.69  5776800  39.69
2012-11-28  38.78  39.53  38.75  39.47  6702000  39.47
2012-11-27  39.34  39.81  39.03  39.09  11893200  39.09
2012-11-26  39.22  40.13  39.15  40.06  10954400  40.06
2012-11-23  39.09  39.92  38.75  39.86  8430800  39.86
2012-11-21  37.52  39.77  37.45  39.69  27916800  39.69
2012-11-20  36.83  37.38  36.09  36.47  12270000  36.47
2012-11-19  36.33  37.39  36.33  36.83  8460800  36.83
2012-11-16  35.35  36.23  35.04  36.08  6346000  36.08
2012-11-15  35.05  35.25  34.86  35.18  4548400  35.18
2012-11-14  35.68  35.95  34.84  34.92  5552000  34.92
2012-11-13  35.05  35.67  34.77  35.28  4170000  35.28
2012-11-12  35.41  35.71  34.94  35.42  4833200  35.42
2012-11-09  35.6  36.07  35.25  35.28  6524000  35.28
2012-11-08  36.57  36.69  35.63  35.82  8838400  35.82
2012-11-07  36.48  36.94  36.46  36.63  5667600  36.63
2012-11-06  36.38  37.27  36.38  36.93  3989600  36.93
2012-11-05  36.71  36.71  35.84  36.27  6740400  36.27
2012-11-02  36.79  37.1  36.47  36.65  7022400  36.65
2012-11-01  35.82  36.75  34.76  36.56  10004000  36.56
2012-10-31  36.21  36.81  36.0  36.49  6795600  36.49
2012-10-26  36.4  36.83  36.32  36.66  8319200  36.66
2012-10-25  37.25  37.31  35.64  36.33  17436800  36.33
2012-10-24  37.46  37.79  36.87  37.06  5813600  37.06
2012-10-23  36.47  37.38  36.38  37.2  4791600  37.2
2012-10-22  37.32  37.5  36.57  36.91  6422400  36.91
2012-10-19  37.41  37.79  37.1  37.25  8387200  37.25
2012-10-18  37.8  38.03  37.22  37.53  6157600  37.53
2012-10-17  38.74  38.81  37.67  37.91  6300000  37.91
2012-10-16  38.69  38.92  38.4  38.87  4082400  38.87
2012-10-15  38.27  38.74  37.88  38.54  3823600  38.54
2012-10-12  38.31  38.68  38.05  38.32  4350000  38.32
2012-10-11  38.24  38.74  37.91  38.15  5578800  38.15
2012-10-10  38.05  38.15  37.17  37.54  4948000  37.54
2012-10-09  38.26  38.59  37.54  38.03  5986400  38.03
2012-10-08  38.49  39.11  38.18  38.4  4539200  38.4
2012-10-05  39.87  39.96  38.44  38.68  6718400  38.68
2012-10-04  38.89  39.53  38.72  39.46  6671200  39.46
2012-10-03  38.38  39.45  38.33  39.26  8752000  39.26
2012-10-02  37.88  38.48  37.57  38.24  5214800  38.24
2012-10-01  38.29  38.37  37.39  37.78  8091600  37.78
2012-09-28  37.92  38.57  37.77  38.17  6212800  38.17
2012-09-27  37.6  38.54  37.32  38.29  6900000  38.29
2012-09-26  37.77  37.85  36.56  37.24  8626400  37.24
2012-09-25  38.47  38.95  38.03  38.03  6296800  38.03
2012-09-24  38.44  38.77  38.01  38.39  4796000  38.39
2012-09-21  39.15  39.44  38.75  38.8  9854000  38.8
2012-09-20  39.51  39.66  38.51  39.01  7120800  39.01
2012-09-19  38.97  39.73  38.63  39.49  8056000  39.49
2012-09-18  39.37  39.5  38.96  39.07  6022800  39.07
2012-09-17  39.75  39.97  39.41  39.54  5740800  39.54
2012-09-14  39.18  40.48  39.14  39.86  13426800  39.86
2012-09-13  38.38  39.5  38.19  39.25  10942800  39.25
2012-09-12  37.77  38.71  37.75  38.18  10642000  38.18
2012-09-11  37.27  37.81  37.05  37.7  6767600  37.7
2012-09-10  37.46  37.69  37.12  37.33  4713200  37.33
2012-09-07  37.2  37.64  37.01  37.39  6190400  37.39
2012-09-06  36.37  37.47  36.23  37.22  9194000  37.22
2012-09-05  36.16  36.39  35.75  36.18  6233600  36.18
2012-09-04  36.18  36.43  35.73  36.21  7312800  36.21
2012-08-31  36.06  36.61  35.7  36.29  8144400  36.29
2012-08-30  36.08  36.2  35.53  35.67  7556000  35.67
2012-08-29  36.24  36.56  36.01  36.4  8646000  36.4
2012-08-28  36.73  36.94  35.91  36.28  14783200  36.28
2012-08-27  36.79  37.99  36.75  37.26  12876400  37.26
2012-08-24  35.27  37.37  35.19  37.13  28062400  37.13
2012-08-23  37.15  37.31  36.39  36.69  16410800  36.69
2012-08-22  36.98  37.31  36.28  37.15  8528800  37.15
2012-08-21  37.27  37.72  36.69  36.91  8800800  36.91
2012-08-20  36.81  36.97  35.82  36.89  10104400  36.89
2012-08-17  37.11  37.11  36.66  36.81  6748000  36.81
2012-08-16  35.69  36.94  35.67  36.74  9492400  36.74
2012-08-15  35.7  36.1  35.53  36.03  4846400  36.03
2012-08-14  36.32  36.32  35.38  35.64  10455600  35.64
2012-08-13  35.88  36.6  35.63  36.29  17647600  36.29
2012-08-10  34.45  35.31  34.38  34.96  10627600  34.96
2012-08-09  33.87  34.74  33.84  34.44  6166400  34.44
2012-08-08  33.9  34.3  33.7  33.89  8405200  33.89
2012-08-07  33.41  34.75  33.27  34.17  11107600  34.17
2012-08-06  32.26  33.59  31.93  33.18  11321200  33.18
2012-08-03  31.03  32.16  30.38  32.07  10586400  32.07
2012-08-02  30.72  31.31  30.04  30.34  10301200  30.34
2012-08-01  31.84  31.9  30.74  31.14  8856800  31.14
2012-07-31  31.54  32.05  30.91  31.09  9177600  31.09
2012-07-30  32.9  32.9  31.26  31.47  14448400  31.47
2012-07-27  31.34  33.34  31.34  32.87  16979200  32.87
2012-07-26  32.09  32.68  30.72  31.15  18435600  31.15
2012-07-25  32.0  32.28  31.28  31.33  9948400  31.33
2012-07-24  32.7  32.78  31.39  31.68  15500000  31.68
2012-07-23  33.05  33.18  32.22  32.75  10374400  32.75
2012-07-20  34.51  34.51  33.63  33.79  6290000  33.79
2012-07-19  33.94  35.21  33.85  34.78  10063200  34.78
2012-07-18  32.58  34.11  32.35  33.72  12746400  33.72
2012-07-17  32.22  32.47  31.27  31.69  7252400  31.69
2012-07-16  32.49  32.7  31.86  32.0  4522800  32.0
2012-07-13  32.06  32.75  32.0  32.64  6668400  32.64
2012-07-12  32.0  32.25  31.21  31.89  6979200  31.89
2012-07-11  32.5  32.61  31.32  31.73  6042800  31.73
2012-07-10  33.16  33.42  32.0  32.22  8694400  32.22
2012-07-09  33.97  34.18  32.65  32.83  8984000  32.83
2012-07-06  34.91  34.91  33.37  33.94  11248400  33.94
2012-07-05  35.23  35.95  35.0  35.6  4278800  35.6
2012-07-03  34.72  35.64  34.63  35.34  3344400  35.34
2012-07-02  34.23  34.81  33.98  34.77  8538800  34.77
2012-06-29  33.83  34.57  33.78  34.56  10560800  34.56
2012-06-28  33.74  33.85  32.41  32.94  7087600  32.94
2012-06-27  33.74  34.33  33.59  33.93  4570800  33.93
2012-06-26  33.68  34.16  33.5  33.83  4588400  33.83
2012-06-25  33.8  33.86  33.17  33.54  5635200  33.54
2012-06-22  33.29  34.32  33.28  34.28  8194000  34.28
2012-06-21  33.83  34.43  33.17  33.19  8782000  33.19
2012-06-20  34.68  34.81  34.05  34.44  7940400  34.44
2012-06-19  34.58  35.61  34.13  34.5  10668400  34.5
2012-06-18  32.83  34.44  32.53  34.2  11644400  34.2
2012-06-15  32.45  33.77  32.14  33.64  12874000  33.64
2012-06-14  31.82  32.41  31.31  32.34  12167600  32.34
2012-06-13  32.56  32.59  31.64  31.83  10714400  31.83
2012-06-12  32.93  32.93  31.74  32.65  9843600  32.65
2012-06-11  34.34  34.38  32.6  32.62  8252000  32.62
2012-06-08  33.83  34.15  32.85  34.12  8953200  34.12
2012-06-07  34.58  34.65  33.81  33.89  7091200  33.89
2012-06-06  33.58  34.43  33.3  34.24  10435600  34.24
2012-06-05  32.69  33.82  32.45  33.44  10949200  33.44
2012-06-04  32.54  33.05  31.58  32.81  14039200  32.81
2012-06-01  33.56  33.59  32.65  32.75  15065600  32.75
2012-05-31  34.56  35.13  33.78  34.65  12621600  34.65
2012-05-30  35.59  35.75  34.88  35.24  13785200  35.24
2012-05-29  36.74  37.18  35.8  36.42  10981600  36.42
2012-05-25  36.78  37.5  36.55  36.75  9678400  36.75
2012-05-24  37.3  37.56  36.25  36.55  10060400  36.55
2012-05-23  36.76  37.73  36.39  37.65  10400000  37.65
2012-05-22  37.04  37.97  36.75  37.36  12460000  37.36
2012-05-21  36.03  37.38  35.08  37.26  15436400  37.26
2012-05-18  35.86  37.24  35.75  36.4  36138000  36.4
2012-05-17  34.24  34.74  33.03  33.45  21522000  33.45
2012-05-16  34.88  34.94  33.52  34.15  13078400  34.15
2012-05-15  34.58  35.0  34.39  34.53  11282800  34.53
2012-05-14  34.05  34.66  33.8  34.14  7354000  34.14
2012-05-11  33.77  35.06  33.67  34.44  13857600  34.44
2012-05-10  37.34  37.45  33.59  33.86  38547600  33.86
2012-05-09  36.07  37.55  36.01  37.24  9210400  37.24
2012-05-08  37.66  37.73  35.52  36.51  15954400  36.51
2012-05-07  37.95  38.43  37.69  37.96  6163200  37.96
2012-05-04  39.3  39.3  38.07  38.15  10230400  38.15
2012-05-03  40.07  40.88  39.33  39.38  12618800  39.38
2012-05-02  38.99  39.88  38.88  39.74  5876400  39.74
2012-05-01  39.04  39.84  38.74  39.22  5548800  39.22
2012-04-30  39.02  39.28  38.7  38.93  3965200  38.93
2012-04-27  39.12  39.73  38.66  39.17  7682000  39.17
2012-04-26  37.75  39.09  37.75  39.05  7077600  39.05
2012-04-25  37.62  37.99  36.94  37.67  11908400  37.67
2012-04-24  38.64  38.69  36.87  37.49  9383600  37.49
2012-04-23  38.55  38.96  37.66  38.75  9539600  38.75
2012-04-20  40.01  40.27  39.2  39.22  7006400  39.22
2012-04-19  39.78  41.18  39.45  39.89  12405200  39.89
2012-04-18  38.8  39.89  38.7  39.66  5556000  39.66
2012-04-17  38.86  39.2  38.48  39.04  6028800  39.04
2012-04-16  40.19  40.37  38.56  38.73  9880400  38.73
2012-04-13  39.5  40.47  39.29  39.84  9975200  39.84
2012-04-12  39.45  39.68  39.1  39.58  6048000  39.58
2012-04-11  38.09  39.64  38.09  39.52  11344800  39.52
2012-04-10  39.43  39.75  38.24  38.43  10788800  38.43
2012-04-09  38.38  39.48  38.25  39.38  7308000  39.38
2012-04-05  39.0  39.41  38.61  39.26  4948400  39.26
2012-04-04  39.26  39.26  38.24  38.92  6243600  38.92
2012-04-03  39.15  39.75  39.11  39.58  5534800  39.58
2012-04-02  38.22  39.61  38.14  39.29  8230800  39.29
2012-03-30  39.19  39.25  38.23  38.63  6420800  38.63
2012-03-29  38.25  39.35  38.04  39.1  7193200  39.1
2012-03-28  38.48  38.92  37.91  38.51  6222800  38.51
2012-03-27  39.18  39.3  38.35  38.38  7746000  38.38
2012-03-26  38.7  39.38  38.53  39.33  6768400  39.33
2012-03-23  38.22  38.65  38.07  38.47  4654000  38.47
2012-03-22  38.21  38.48  37.95  38.21  5102800  38.21
2012-03-21  38.11  39.01  37.9  38.59  9936800  38.59
2012-03-20  37.31  37.83  36.82  37.75  6388800  37.75
2012-03-19  37.88  37.89  37.17  37.49  6862800  37.49
2012-03-16  38.4  38.47  37.56  37.85  7921200  37.85
2012-03-15  37.99  38.61  37.75  38.11  8651600  38.11
2012-03-14  37.96  38.09  37.4  37.9  6467600  37.9
2012-03-13  36.99  38.21  36.95  38.06  11707600  38.06
2012-03-12  36.78  37.0  36.38  36.79  6205200  36.79
2012-03-09  36.52  37.0  36.41  36.86  7590400  36.86
2012-03-08  36.0  36.88  35.98  36.52  9545200  36.52
2012-03-07  35.34  36.01  35.28  35.87  6978800  35.87
2012-03-06  34.95  35.34  34.58  35.17  9244000  35.17
2012-03-05  35.85  35.85  35.05  35.52  7858400  35.52
2012-03-02  36.0  36.5  35.88  35.95  9123200  35.95
2012-03-01  35.99  36.39  35.5  36.24  9913600  36.24
2012-02-29  35.74  36.25  35.54  35.79  10067200  35.79
2012-02-28  35.25  35.88  35.25  35.87  11445200  35.87
2012-02-27  35.18  36.08  35.0  35.84  15408000  35.84
2012-02-24  36.38  36.57  34.94  35.91  58348400  35.91
2012-02-23  32.0  33.0  31.76  32.94  20930800  32.94
2012-02-22  32.26  32.45  31.94  32.02  7881200  32.02
2012-02-21  32.63  32.73  31.69  31.9  10157600  31.9
2012-02-17  33.11  33.25  32.28  32.29  9880400  32.29
2012-02-16  32.77  33.0  32.22  32.94  10111200  32.94
2012-02-15  33.07  33.38  32.48  32.65  9466000  32.65
2012-02-14  33.04  33.68  32.48  32.9  10091600  32.9
2012-02-13  32.45  33.34  32.35  33.06  17785600  33.06
2012-02-10  32.03  32.52  31.73  32.11  16473600  32.11
2012-02-09  30.85  31.92  30.78  31.4  9218800  31.4
2012-02-08  30.83  30.98  30.22  30.95  5908000  30.95
2012-02-07  30.71  30.98  30.45  30.7  5415600  30.7
2012-02-06  30.8  31.17  30.6  30.81  6050000  30.81
2012-02-03  29.83  31.19  29.83  31.02  11595600  31.02
2012-02-02  29.74  30.11  29.26  29.57  8062800  29.57
2012-02-01  29.34  30.0  28.91  29.83  7516800  29.83
2012-01-31  29.27  29.34  28.66  29.2  5320800  29.2
2012-01-30  28.93  29.33  28.63  28.89  10216800  28.89
2012-01-27  28.81  29.52  28.7  29.15  5397600  29.15
2012-01-26  29.86  30.0  28.89  29.06  6778000  29.06
2012-01-25  29.65  29.65  28.95  29.53  6836000  29.53
2012-01-24  28.72  29.45  28.65  29.38  7864000  29.38
2012-01-23  28.56  29.28  28.27  28.69  9100000  28.69
2012-01-20  28.37  28.83  28.15  28.55  9362800  28.55
2012-01-19  27.84  28.97  27.84  28.63  20426000  28.63
2012-01-18  25.84  27.06  25.56  26.92  11434400  26.92
2012-01-17  26.06  26.5  25.72  25.86  7567600  25.86
2012-01-13  26.16  26.22  25.67  25.98  8543600  25.98
2012-01-12  26.4  26.6  26.13  26.42  6792000  26.42
2012-01-11  26.37  26.92  26.25  26.45  14204000  26.45
2012-01-10  25.7  26.21  25.42  26.2  17688400  26.2
2012-01-09  25.21  25.46  24.88  25.19  13761600  25.19
2012-01-06  24.74  25.31  24.21  25.26  17464400  25.26
2012-01-05  24.23  24.98  23.79  24.69  14988800  24.69
2012-01-04  24.75  24.88  24.07  24.37  19788400  24.37
2012-01-03  26.04  26.51  25.23  25.3  12983600  25.3
2011-12-30  25.51  25.77  25.32  25.36  8144400  25.36
2011-12-29  25.03  25.61  24.88  25.55  8962800  25.55
2011-12-28  25.0  25.23  24.68  25.03  8098000  25.03
2011-12-27  24.49  25.44  24.49  25.07  15964400  25.07
2011-12-23  25.04  25.26  24.34  24.5  9992800  24.5
2011-12-22  24.87  25.23  24.01  25.08  18088800  25.08
2011-12-21  24.92  25.0  23.52  24.76  39458400  24.76
2011-12-20  26.51  26.51  25.59  26.08  14539600  26.08
2011-12-19  26.77  26.92  25.74  25.87  9168400  25.87
2011-12-16  26.94  27.32  26.65  26.76  12270000  26.76
2011-12-15  27.55  27.62  26.23  26.68  13297600  26.68
2011-12-14  28.04  28.04  26.82  27.09  15540800  27.09
2011-12-13  29.43  29.65  28.14  28.33  11335200  28.33
2011-12-12  29.7  30.0  28.56  29.02  15026800  29.02
2011-12-09  30.23  31.05  30.0  30.97  8000000  30.97
2011-12-08  30.38  31.0  30.08  30.16  7983600  30.16
2011-12-07  30.65  30.82  30.17  30.65  7630400  30.65
2011-12-06  31.21  31.5  30.73  30.83  12810000  30.83
2011-12-05  30.73  32.11  30.56  31.25  20778400  31.25
2011-12-02  29.75  30.16  29.51  29.91  9842800  29.91
2011-12-01  29.01  29.83  28.88  29.59  12666800  29.59
2011-11-30  28.74  29.61  28.49  29.6  17102400  29.6
2011-11-29  27.83  28.22  27.53  27.65  12251200  27.65
2011-11-28  27.29  28.36  27.29  27.8  17562400  27.8
2011-11-25  25.87  26.72  25.84  26.23  7435200  26.23
2011-11-23  26.72  26.93  26.0  26.45  16027600  26.45
2011-11-22  27.79  28.15  26.75  27.06  16068800  27.06
2011-11-21  27.99  28.61  26.27  28.0  28432800  28.0
2011-11-18  29.87  30.0  27.77  28.36  48698000  28.36
2011-11-17  33.41  33.41  31.07  31.52  26553600  31.52
2011-11-16  33.86  34.09  32.7  32.94  10648000  32.94
2011-11-15  33.76  34.34  33.25  34.15  10642800  34.15
2011-11-14  33.44  34.05  33.01  33.38  12706800  33.38
2011-11-11  32.51  32.88  32.2  32.47  7108400  32.47
2011-11-10  32.66  32.73  31.26  31.95  7618400  31.95
2011-11-09  32.74  33.34  32.07  32.19  8173200  32.19
2011-11-08  33.72  33.81  33.04  33.53  6369600  33.53
2011-11-07  32.69  33.67  32.52  33.33  7201200  33.33
2011-11-04  33.01  33.23  32.5  32.83  4981600  32.83
2011-11-03  32.94  33.35  32.11  33.26  8057600  33.26
2011-11-02  33.14  33.15  31.93  32.46  10990800  32.46
2011-11-01  32.35  32.95  31.69  32.59  12992400  32.59
2011-10-31  33.73  34.23  33.29  33.29  7856800  33.29
2011-10-28  32.94  34.93  32.76  34.78  15308400  34.78
2011-10-27  32.0  33.73  31.76  33.34  21904800  33.34
2011-10-26  32.46  32.53  30.06  30.89  21834400  30.89
2011-10-25  32.65  32.96  32.15  32.39  8303200  32.39
2011-10-24  31.73  33.23  31.73  33.13  8055200  33.13
2011-10-21  32.27  32.45  31.68  32.32  6832400  32.32
2011-10-20  31.7  32.37  31.14  31.92  6074800  31.92
2011-10-19  32.14  32.9  31.68  31.84  7756000  31.84
2011-10-18  31.53  32.7  30.75  32.38  9135200  32.38
2011-10-17  32.44  32.91  31.57  31.68  7901600  31.68
2011-10-14  32.95  33.12  32.28  32.95  7864000  32.95
2011-10-13  31.63  32.49  31.51  32.39  6344000  32.39
2011-10-12  32.09  32.81  31.78  31.82  8664800  31.82
2011-10-11  30.95  32.5  30.88  31.9  9520800  31.9
2011-10-10  30.73  31.57  30.69  31.43  8018800  31.43
2011-10-07  30.63  30.85  29.99  30.24  8627200  30.24
2011-10-06  29.42  30.67  28.95  30.5  13020400  30.5
2011-10-05  28.73  29.5  28.25  29.31  12980800  29.31
2011-10-04  27.45  29.49  27.32  29.4  13187200  29.4
2011-10-03  28.25  28.88  27.88  27.98  10690400  27.98
2011-09-30  28.99  29.58  28.27  28.57  12290400  28.57
2011-09-29  30.97  31.13  29.01  29.89  9748400  29.89
2011-09-28  31.18  31.46  30.09  30.2  9180400  30.2
2011-09-27  31.16  31.82  31.0  31.19  11302400  31.19
2011-09-26  30.14  30.39  28.63  30.3  13437600  30.3
2011-09-23  29.37  30.21  29.29  30.08  10136000  30.08
2011-09-22  30.12  30.12  28.69  29.33  19255200  29.33
2011-09-21  32.4  33.07  31.38  31.67  13832800  31.67
2011-09-20  33.85  33.97  31.99  32.1  14564000  32.1
2011-09-19  33.42  34.25  33.02  34.02  10086000  34.02
2011-09-16  33.12  34.16  33.1  34.14  22376400  34.14
2011-09-15  32.59  33.45  32.3  33.06  12299200  33.06
2011-09-14  31.73  33.05  31.19  32.59  10766000  32.59
2011-09-13  30.95  31.76  30.6  31.65  8593600  31.65
2011-09-12  30.32  30.99  29.93  30.93  9336800  30.93
2011-09-09  30.84  31.34  30.53  30.81  12544800  30.81
2011-09-08  31.12  31.83  30.97  31.22  8763200  31.22
2011-09-07  31.08  31.53  30.62  31.36  8539600  31.36
2011-09-06  29.89  30.5  29.18  30.23  14421600  30.23
2011-09-02  31.0  31.37  30.4  30.9  11555200  30.9
2011-09-01  32.18  32.51  31.61  31.75  12228000  31.75
2011-08-31  31.45  32.5  31.39  32.19  19376400  32.19
2011-08-30  31.31  31.32  30.08  30.86  14607600  30.86
2011-08-29  29.71  31.8  29.57  31.65  16174800  31.65
2011-08-26  27.87  29.51  27.77  29.38  13376400  29.38
2011-08-25  28.91  29.34  27.91  28.12  12771200  28.12
2011-08-24  29.37  29.62  28.62  29.1  15206800  29.1
2011-08-23  28.12  29.68  27.79  29.67  14463600  29.67
2011-08-22  28.57  29.06  27.31  27.72  20048000  27.72
2011-08-19  29.43  30.96  27.68  27.75  38495200  27.75
2011-08-18  30.71  30.78  28.15  28.51  30688000  28.51
2011-08-17  33.24  33.44  30.97  31.58  18484000  31.58
2011-08-16  34.49  34.58  32.5  33.29  13100800  33.29
2011-08-15  34.1  34.48  33.52  34.34  7332000  34.34
2011-08-12  33.98  34.12  33.24  33.52  8325200  33.52
2011-08-11  32.41  34.18  32.05  33.64  10658000  33.64
2011-08-10  32.4  33.07  31.78  32.06  12761600  32.06
2011-08-09  31.76  33.16  30.81  33.13  13769200  33.13
2011-08-08  33.07  33.48  30.95  31.23  13323600  31.23
2011-08-05  34.82  35.09  32.49  33.92  12984800  33.92
2011-08-04  35.63  35.75  33.8  33.86  10842400  33.86
2011-08-03  36.27  36.58  34.29  35.99  10394000  35.99
2011-08-02  36.14  37.14  35.79  35.81  7222800  35.81
2011-08-01  37.15  37.24  35.63  36.42  7644400  36.42
2011-07-29  36.17  36.5  35.4  36.18  7013600  36.18
2011-07-28  36.58  36.9  36.07  36.53  8042800  36.53
2011-07-27  37.8  37.8  36.26  36.35  9347600  36.35
2011-07-26  37.5  38.16  37.02  37.94  7111600  37.94
2011-07-25  37.18  37.91  37.13  37.41  4981600  37.41
2011-07-22  36.98  37.98  36.81  37.6  8096000  37.6
2011-07-21  38.47  38.61  36.56  36.77  13632000  36.77
2011-07-20  40.02  40.02  38.34  38.71  7633600  38.71
2011-07-19  38.42  40.03  38.38  39.83  8363200  39.83
2011-07-18  38.44  38.5  37.73  38.16  4457200  38.16
2011-07-15  38.08  38.63  37.77  38.6  6164400  38.6
2011-07-14  38.2  38.69  37.51  37.62  6653200  37.62
2011-07-13  38.11  38.65  38.09  38.22  5298400  38.22
2011-07-12  38.27  38.36  37.62  37.72  5363600  37.72
2011-07-11  38.66  39.09  37.92  38.11  8061600  38.11
2011-07-08  38.61  39.24  38.5  39.17  7116400  39.17
2011-07-07  39.37  40.0  39.27  39.53  9954000  39.53
2011-07-06  38.43  39.11  37.99  39.07  10210400  39.07
2011-07-05  37.4  38.57  37.12  38.49  8169200  38.49
2011-07-01  37.33  37.63  36.83  37.35  6382800  37.35
2011-06-30  36.78  37.4  36.72  37.24  7045200  37.24
2011-06-29  36.92  36.92  36.28  36.56  4934000  36.56
2011-06-28  36.34  37.0  36.2  36.84  5732800  36.84
2011-06-27  35.57  36.42  35.26  36.27  5836800  36.27
2011-06-24  36.04  36.4  35.37  35.76  11150400  35.76
2011-06-23  35.0  36.21  35.0  36.12  8477200  36.12
2011-06-22  35.8  36.2  35.28  35.54  7700000  35.54
2011-06-21  35.03  36.08  34.91  35.98  8945200  35.98
2011-06-20  34.84  35.08  34.63  34.86  5276400  34.86
2011-06-17  34.86  35.09  34.56  34.88  13312000  34.88
2011-06-16  34.84  35.11  33.67  34.32  11200800  34.32
2011-06-15  34.75  35.35  34.37  34.87  12715200  34.87
2011-06-14  34.88  35.57  34.53  35.15  9129200  35.15
2011-06-13  35.15  35.23  34.2  34.28  9584400  34.28
2011-06-10  35.5  35.88  34.85  35.08  6952800  35.08
2011-06-09  35.45  35.69  35.01  35.46  7746000  35.46
2011-06-08  35.43  35.62  34.63  35.07  7897600  35.07
2011-06-07  35.83  35.95  35.23  35.51  7660400  35.51
2011-06-06  36.12  36.35  35.49  35.71  7246800  35.71
2011-06-03  36.12  36.75  35.97  36.25  7051200  36.25
2011-06-02  36.4  37.27  36.27  37.06  7535600  37.06
2011-06-01  37.69  38.0  36.3  36.44  12743600  36.44
2011-05-31  38.0  38.06  37.27  38.06  8816000  38.06
2011-05-27  38.25  38.32  37.76  37.83  9974800  37.83
2011-05-26  37.25  38.5  37.25  38.39  11574800  38.39
2011-05-25  37.73  37.96  37.07  37.73  11510400  37.73
2011-05-24  36.95  38.09  36.88  37.65  22720800  37.65
2011-05-23  36.06  36.7  35.81  36.33  15792000  36.33
2011-05-20  36.31  37.43  35.62  36.65  42194400  36.65
2011-05-19  33.97  34.35  33.39  33.95  17094000  33.95
2011-05-18  32.55  33.72  32.52  33.56  10472000  33.56
2011-05-17  32.16  32.7  31.81  32.52  11950400  32.52
2011-05-16  33.23  33.47  32.01  32.24  11210000  32.24
2011-05-13  33.94  34.4  33.68  33.73  5549600  33.73
2011-05-12  33.62  34.0  32.93  33.87  5315200  33.87
2011-05-11  33.9  34.25  33.26  33.6  4794000  33.6
2011-05-10  33.39  33.9  33.19  33.84  5544400  33.84
2011-05-09  33.15  33.35  32.67  33.18  4015600  33.18
2011-05-06  33.4  33.68  32.67  33.08  6811200  33.08
2011-05-05  32.49  33.2  32.46  32.74  7002800  32.74
2011-05-04  33.31  33.38  32.29  32.92  8614800  32.92
2011-05-03  34.01  34.08  32.95  33.42  7590800  33.42
2011-05-02  34.91  34.93  33.89  34.05  7436000  34.05
2011-04-29  34.37  34.88  34.07  34.65  5418400  34.65
2011-04-28  34.52  34.75  33.78  34.46  6931200  34.46
2011-04-27  34.33  34.82  33.45  34.76  7540400  34.76
2011-04-26  34.77  35.13  34.06  34.4  7600000  34.4
2011-04-25  34.97  34.97  34.42  34.7  7109600  34.7
2011-04-21  35.23  35.5  34.74  34.97  9527600  34.97
2011-04-20  33.7  35.62  33.52  35.52  22222400  35.52
2011-04-19  32.93  33.14  32.05  32.63  10565600  32.63
2011-04-18  33.12  33.25  32.64  33.05  8340000  33.05
2011-04-15  33.33  33.57  32.88  33.43  7830000  33.43
2011-04-14  33.29  33.61  33.0  33.26  7064400  33.26
2011-04-13  33.56  33.8  33.21  33.6  8226400  33.6
2011-04-12  33.2  33.36  32.71  33.21  9804400  33.21
2011-04-11  33.64  34.26  33.5  33.65  9428000  33.65
2011-04-08  33.63  33.94  33.37  33.66  9205200  33.66
2011-04-07  33.34  33.67  33.0  33.49  10424800  33.49
2011-04-06  33.55  33.74  32.35  32.86  10189200  32.86
2011-04-05  33.28  33.59  32.86  33.4  9096400  33.4
2011-04-04  33.65  33.71  33.03  33.53  5995600  33.53
2011-04-01  33.74  34.17  33.32  33.53  11558400  33.53
2011-03-31  33.12  33.5  32.93  33.4  10954800  33.4
2011-03-30  31.98  33.69  31.87  33.62  16511600  33.62
2011-03-29  31.77  32.36  31.53  31.85  8300400  31.85
2011-03-28  31.98  32.24  31.41  32.0  6440000  32.0
2011-03-25  32.33  32.56  31.81  31.86  11244000  31.86
2011-03-24  31.42  32.35  31.15  32.31  17210800  32.31
2011-03-23  30.23  30.71  29.75  30.53  10310800  30.53
2011-03-22  30.96  31.05  30.19  30.37  12389200  30.37
2011-03-21  30.19  31.53  29.72  31.1  13904000  31.1
2011-03-18  31.03  31.05  29.41  30.0  18676400  30.0
2011-03-17  31.47  31.56  30.52  30.58  12206000  30.58
2011-03-16  31.35  32.06  30.79  31.04  16580000  31.04
2011-03-15  30.14  31.7  30.06  31.39  11552400  31.39
2011-03-14  31.41  32.08  31.05  31.24  12072400  31.24
2011-03-11  31.25  32.33  31.25  31.97  8255200  31.97
2011-03-10  31.43  31.98  30.94  31.8  12660000  31.8
2011-03-09  31.65  32.02  31.29  31.93  8771600  31.93
2011-03-08  31.86  32.29  31.55  31.83  9297200  31.83
2011-03-07  32.25  32.75  31.31  32.01  14676400  32.01
2011-03-04  32.91  32.98  32.08  32.49  15894000  32.49
2011-03-03  32.49  32.92  32.03  32.52  13414000  32.52
2011-03-02  32.12  33.05  31.75  32.0  15532800  32.0
2011-03-01  33.16  33.22  31.81  32.01  18276400  32.01
2011-02-28  34.22  34.36  32.09  33.07  27566400  33.07
2011-02-25  36.38  37.0  34.32  34.71  31779600  34.71
2011-02-24  33.66  34.04  33.02  33.58  17460000  33.58
2011-02-23  34.16  34.67  32.58  33.34  13047600  33.34
2011-02-22  35.21  35.43  33.82  34.19  10088800  34.19
2011-02-18  35.38  35.86  35.16  35.77  7945200  35.77
2011-02-17  35.52  35.63  35.06  35.24  8726800  35.24
2011-02-16  35.69  35.9  35.39  35.69  6031600  35.69
2011-02-15  36.27  36.62  35.38  35.62  9969600  35.62
2011-02-14  35.21  36.07  35.21  35.56  7187200  35.56
2011-02-11  34.37  35.52  34.03  35.38  8576000  35.38
2011-02-10  33.29  34.59  33.08  34.49  8619600  34.49
2011-02-09  33.88  34.07  33.31  33.61  6094000  33.61
2011-02-08  34.26  34.47  33.69  34.08  8430800  34.08
2011-02-07  34.51  34.67  34.04  34.22  9052800  34.22
2011-02-04  33.82  34.68  33.59  34.49  9096000  34.49
2011-02-03  33.75  34.12  33.22  33.54  7934000  33.54
2011-02-02  32.89  34.24  32.88  33.77  10083600  33.77
2011-02-01  32.51  33.26  32.0  32.91  8712000  32.91
2011-01-31  32.95  33.1  32.1  32.28  9790400  32.28
2011-01-28  32.56  33.5  32.35  32.9  16472400  32.9
2011-01-27  32.44  32.75  31.86  32.06  8052800  32.06
2011-01-26  31.85  32.27  31.61  32.07  10467200  32.07
2011-01-25  31.41  31.85  30.51  30.99  17782400  30.99
2011-01-24  32.06  32.65  31.63  31.96  16000400  31.96
2011-01-21  33.21  33.84  33.0  33.06  9462000  33.06
2011-01-20  33.31  33.93  32.25  32.95  20682000  32.95
2011-01-19  36.16  36.21  34.7  35.21  9199200  35.21
2011-01-18  36.28  36.4  35.68  36.08  8289600  36.08
2011-01-14  35.75  36.66  35.69  36.62  7626800  36.62
2011-01-13  35.5  36.32  35.17  35.96  9465600  35.96
2011-01-12  35.73  35.85  35.06  35.41  6154400  35.41
2011-01-11  35.97  35.97  35.02  35.28  6034800  35.28
2011-01-10  35.25  35.8  35.0  35.66  6548400  35.66
2011-01-07  35.84  35.84  34.63  35.56  8480400  35.56
2011-01-06  36.03  36.17  35.35  35.83  11770400  35.83
2011-01-05  34.09  35.56  33.88  35.55  14439200  35.55
2011-01-04  34.61  34.67  33.35  33.92  9003600  33.92
2011-01-03  33.28  34.53  33.28  34.15  11284400  34.15
2010-12-31  32.92  33.04  32.41  33.0  8038800  33.0
2010-12-30  33.13  33.35  32.91  33.06  4775200  33.06
2010-12-29  33.37  33.6  33.08  33.24  5374800  33.24
2010-12-28  33.69  33.69  33.08  33.33  4158800  33.33
2010-12-27  33.81  33.83  33.13  33.5  6361600  33.5
2010-12-23  33.8  33.97  33.28  33.86  8708400  33.86
2010-12-22  34.56  34.7  33.81  33.88  10308400  33.88
2010-12-21  33.85  35.0  33.8  34.76  11824000  34.76
2010-12-20  34.19  34.25  33.0  33.55  10931200  33.55
2010-12-17  34.49  34.7  34.1  34.12  9222800  34.12
2010-12-16  34.12  34.64  33.81  34.38  8933600  34.38
2010-12-15  33.92  34.46  33.51  33.93  14452800  33.93
2010-12-14  36.0  36.16  34.0  34.08  22624000  34.08
2010-12-13  37.47  37.49  35.95  35.97  11158400  35.97
2010-12-10  37.15  37.5  36.71  37.15  9740800  37.15
2010-12-09  37.81  37.81  36.82  37.12  12301600  37.12
2010-12-08  37.28  37.67  36.5  37.65  16046400  37.65
2010-12-07  37.25  37.42  36.28  36.31  15427200  36.31
2010-12-06  36.0  36.42  35.28  36.31  10564000  36.31
2010-12-03  35.47  36.04  35.47  35.7  8988400  35.7
2010-12-02  36.06  36.38  35.59  35.76  12354800  35.76
2010-12-01  35.52  36.24  35.48  36.01  12007600  36.01
2010-11-30  35.54  36.04  34.78  34.81  23892800  34.81
2010-11-29  36.0  36.5  35.66  35.95  13376000  35.95
2010-11-26  35.58  36.62  35.58  36.46  6282400  36.46
2010-11-24  35.45  36.35  35.16  36.29  17630000  36.29
2010-11-23  34.31  35.73  34.3  35.62  25506800  35.62
2010-11-22  33.83  35.05  33.82  34.96  22693600  34.96
2010-11-19  31.6  34.33  31.6  34.19  63398800  34.19
2010-11-18  28.29  29.13  28.18  28.94  20036800  28.94
2010-11-17  27.81  28.17  27.37  27.54  9602000  27.54
2010-11-16  28.12  28.4  27.3  27.75  9161600  27.75
2010-11-15  28.83  29.0  28.33  28.41  8118000  28.41
2010-11-12  28.89  29.54  28.66  28.75  7510400  28.75
2010-11-11  28.83  29.52  28.39  29.18  9027200  29.18
2010-11-10  28.7  29.52  28.61  29.47  10510800  29.47
2010-11-09  28.54  28.82  28.18  28.69  9503200  28.69
2010-11-08  28.47  29.09  28.12  28.62  9884400  28.62
2010-11-05  28.7  28.78  28.11  28.29  8197600  28.29
2010-11-04  29.5  29.84  28.4  28.51  12630400  28.51
2010-11-03  28.95  29.22  28.41  29.11  8425600  29.11
2010-11-02  28.57  29.0  28.27  28.86  5524000  28.86
2010-11-01  29.09  29.12  28.16  28.44  7495200  28.44
2010-10-29  28.71  29.25  28.58  29.02  6098800  29.02
2010-10-28  28.88  29.03  28.13  28.75  6473600  28.75
2010-10-27  28.6  28.98  28.01  28.76  11044800  28.76
2010-10-26  27.92  28.2  27.59  27.97  8191600  27.97
2010-10-25  27.41  28.42  27.38  28.14  15242000  28.14
2010-10-22  26.37  27.22  26.18  26.99  6678400  26.99
2010-10-21  26.21  26.89  26.03  26.33  7202000  26.33
2010-10-20  26.13  26.45  25.55  26.11  7460800  26.11
2010-10-19  25.27  26.35  25.11  25.91  12371200  25.91
2010-10-18  27.23  27.23  26.0  26.41  13386400  26.41
2010-10-15  27.09  27.19  26.7  27.09  9300400  27.09
2010-10-14  26.88  26.98  26.26  26.84  10725600  26.84
2010-10-13  26.72  27.3  26.51  26.83  18388400  26.83
2010-10-12  24.95  26.6  24.69  26.37  25572000  26.37
2010-10-11  26.46  26.48  24.94  24.98  23921200  24.98
2010-10-08  26.22  26.71  25.73  26.47  14123600  26.47
2010-10-07  26.7  26.75  25.57  26.23  28779200  26.23
2010-10-06  28.53  28.53  24.48  26.24  64562800  26.24
2010-10-05  28.5  28.73  28.11  28.48  10483200  28.48
2010-10-04  27.92  28.25  27.47  28.02  9086400  28.02
2010-10-01  28.27  28.29  27.63  28.0  10276400  28.0
2010-09-30  28.68  29.1  27.94  27.95  13821600  27.95
2010-09-29  28.74  28.95  27.8  28.4  15104000  28.4
2010-09-28  29.47  29.5  28.41  28.69  12415200  28.69
2010-09-27  29.83  29.89  29.21  29.26  6844400  29.26
2010-09-24  29.92  30.26  29.67  29.83  10028000  29.83
2010-09-23  29.47  29.86  29.18  29.37  8086400  29.37
2010-09-22  30.33  30.37  29.5  29.67  10432800  29.67
2010-09-21  30.7  30.74  30.18  30.35  9337600  30.35
2010-09-20  29.45  30.94  29.3  30.78  16048000  30.78
2010-09-17  29.49  29.54  28.93  29.18  10694000  29.18
2010-09-16  29.09  29.43  28.98  29.23  8204000  29.23
2010-09-15  29.37  29.43  28.82  29.2  9294800  29.2
2010-09-14  29.18  29.72  29.12  29.44  11873600  29.44
2010-09-13  29.72  30.0  29.23  29.65  10162800  29.65
2010-09-10  29.62  29.84  29.12  29.35  9489600  29.35
2010-09-09  30.49  30.5  29.31  29.41  10284000  29.41
2010-09-08  30.11  30.33  29.79  29.95  8782000  29.95
2010-09-07  29.75  30.11  29.71  29.91  7971600  29.91
2010-09-03  29.94  30.37  29.59  29.91  16477200  29.91
2010-09-02  28.99  29.9  28.91  29.78  14759600  29.78
2010-09-01  27.97  29.2  27.82  29.1  20854800  29.1
2010-08-31  27.13  27.66  27.08  27.47  12160400  27.47
2010-08-30  27.54  28.07  27.27  27.29  8872800  27.29
2010-08-27  27.63  28.05  26.81  27.87  12054800  27.87
2010-08-26  28.07  28.32  27.45  27.46  13586400  27.46
2010-08-25  27.96  28.36  27.34  28.05  18384000  28.05
2010-08-24  27.11  28.53  27.07  28.32  27593200  28.32
2010-08-23  27.68  28.35  27.19  28.07  27180400  28.07
2010-08-20  26.06  28.25  26.04  28.19  42439200  28.19
2010-08-19  24.86  24.97  24.09  24.1  13326800  24.1
2010-08-18  24.87  24.97  24.49  24.83  7196000  24.83
2010-08-17  24.6  25.16  24.38  24.83  9106400  24.83
2010-08-16  24.23  24.37  23.94  24.16  7285200  24.16
2010-08-13  24.25  24.55  24.12  24.31  7770400  24.31
2010-08-12  23.93  24.45  23.78  24.24  10554000  24.24
2010-08-11  24.78  24.82  24.31  24.48  9782400  24.48
2010-08-10  25.49  25.61  25.22  25.41  7448000  25.41
2010-08-09  25.59  26.1  25.53  26.01  6108400  26.01
2010-08-06  25.35  25.6  24.97  25.58  5499600  25.58
2010-08-05  25.86  25.86  25.47  25.67  4642400  25.67
2010-08-04  25.3  25.94  25.25  25.89  5920000  25.89
2010-08-03  25.44  25.49  25.06  25.25  5140000  25.25
2010-08-02  25.28  25.63  25.02  25.48  6564400  25.48
2010-07-30  24.21  24.86  24.03  24.74  5489200  24.74
2010-07-29  24.87  25.0  24.07  24.45  6449600  24.45
2010-07-28  24.64  24.94  24.37  24.53  4661600  24.53
2010-07-27  25.15  25.24  24.44  24.7  6792000  24.7
2010-07-26  25.0  25.38  24.72  25.02  10813600  25.02
2010-07-23  23.93  25.07  23.67  24.94  12543200  24.94
2010-07-22  23.43  24.1  23.37  23.98  6374400  23.98
2010-07-21  23.42  23.62  22.95  23.04  5971600  23.04
2010-07-20  22.64  23.32  22.36  23.28  6506800  23.28
2010-07-19  23.01  23.39  22.89  23.16  7998400  23.16
2010-07-16  23.82  23.84  22.95  23.01  7004400  23.01
2010-07-15  23.98  24.06  23.61  24.0  6092400  24.0
2010-07-14  23.74  24.1  23.59  23.93  8605200  23.93
2010-07-13  23.22  23.57  23.0  23.41  6200400  23.41
2010-07-12  22.86  23.18  22.63  22.96  4533600  22.96
2010-07-09  22.85  23.09  22.73  22.94  4437200  22.94
2010-07-08  23.22  23.27  22.52  22.89  7910800  22.89
2010-07-07  22.0  22.86  21.94  22.84  11062000  22.84
2010-07-06  22.21  22.55  21.74  22.03  10732400  22.03
2010-07-02  21.83  22.24  21.59  21.78  9820800  21.78
2010-07-01  21.42  21.91  20.9  21.77  13087200  21.77
2010-06-30  21.26  21.89  21.22  21.45  15501600  21.45
2010-06-29  22.42  22.42  21.12  21.35  15199200  21.35
2010-06-28  22.97  23.08  22.72  22.82  6393200  22.82
2010-06-25  22.96  23.0  22.42  22.91  8297200  22.91
2010-06-24  23.38  23.41  22.6  22.76  11480400  22.76
2010-06-23  23.19  23.46  22.69  23.24  11338400  23.24
2010-06-22  23.73  23.96  22.84  22.98  13329600  22.98
2010-06-21  24.35  24.48  23.64  23.85  11048400  23.85
2010-06-18  24.22  24.25  23.84  23.93  10055600  23.93
2010-06-17  23.74  24.39  23.58  24.27  14103200  24.27
2010-06-16  23.55  23.76  23.28  23.58  10197200  23.58
2010-06-15  23.58  23.9  23.36  23.75  13090400  23.75
2010-06-14  24.24  24.28  23.33  23.38  15007600  23.38
2010-06-11  22.62  24.22  22.62  24.16  14185600  24.16
2010-06-10  22.84  23.16  22.58  23.1  9740000  23.1
2010-06-09  22.28  22.98  22.14  22.25  9701200  22.25
2010-06-08  22.27  22.43  21.59  22.0  14485600  22.0
2010-06-07  22.53  22.88  21.91  21.98  10798400  21.98
2010-06-04  23.13  24.09  22.18  22.41  25813600  22.41
2010-06-03  22.35  23.95  22.32  23.8  26548800  23.8
2010-06-02  21.48  22.11  21.19  22.11  7461600  22.11
2010-06-01  21.08  21.74  21.08  21.22  8402400  21.22
2010-05-28  21.57  21.87  21.34  21.63  9415600  21.63
2010-05-27  21.42  21.75  21.34  21.75  10038000  21.75
2010-05-26  20.69  21.45  20.62  20.94  12684800  20.94
2010-05-25  20.0  20.56  19.7  20.53  11385600  20.53
2010-05-24  20.59  21.26  20.53  20.55  9276000  20.55
2010-05-21  18.48  21.02  18.48  20.81  43596800  20.81
2010-05-20  19.72  20.32  19.47  19.76  17455600  19.76
2010-05-19  20.71  20.93  19.94  20.4  10582400  20.4
2010-05-18  21.75  21.92  20.84  21.04  7692800  21.04
2010-05-17  21.38  21.7  20.63  21.31  6710000  21.31
2010-05-14  21.51  21.57  20.82  21.18  7905200  21.18
2010-05-13  22.1  22.46  21.61  21.67  11328400  21.67
2010-05-12  21.71  22.14  21.71  22.1  9828400  22.1
2010-05-11  20.99  21.98  20.96  21.55  10001200  21.55
2010-05-10  20.62  21.39  20.54  21.37  11520800  21.37
2010-05-07  20.24  20.35  19.05  19.38  13885600  19.38
2010-05-06  21.25  21.54  19.0  20.23  16295200  20.23
2010-05-05  21.38  21.62  21.16  21.31  7292400  21.31
2010-05-04  22.25  22.33  21.33  21.65  9104800  21.65
2010-05-03  21.52  22.07  21.44  21.93  4634000  21.93
2010-04-30  22.1  22.1  21.38  21.4  4456800  21.4
2010-04-29  21.7  22.08  21.57  22.03  4074400  22.03
2010-04-28  21.62  21.62  21.2  21.54  5870800  21.54
2010-04-27  22.29  22.29  21.38  21.45  5118400  21.45
2010-04-26  22.16  22.37  22.05  22.12  3881600  22.12
2010-04-23  22.12  22.3  21.63  22.04  6087600  22.04
2010-04-22  21.21  22.35  21.0  22.17  10038800  22.17
2010-04-21  21.21  21.3  20.99  21.27  6288800  21.27
2010-04-20  20.89  21.16  20.76  21.12  4295200  21.12
2010-04-19  20.75  20.96  20.25  20.66  7141600  20.66
2010-04-16  20.91  21.23  20.75  20.87  9941200  20.87
2010-04-15  20.99  21.09  20.78  20.93  5531600  20.93
2010-04-14  20.48  21.0  20.42  20.97  8835600  20.97
2010-04-13  20.09  20.17  19.92  20.11  5231600  20.11
2010-04-12  20.0  20.31  19.87  20.13  9838000  20.13
2010-04-09  19.64  19.97  19.35  19.94  7682400  19.94
2010-04-08  19.18  19.53  19.04  19.49  6352800  19.49
2010-04-07  19.71  19.71  19.17  19.3  7023600  19.3
2010-04-06  19.1  19.86  19.03  19.71  9928800  19.71
2010-04-05  18.98  19.23  18.97  19.21  3449200  19.21
2010-04-01  18.78  19.03  18.67  18.89  4212800  18.89
2010-03-31  18.82  18.88  18.57  18.61  4547200  18.61
2010-03-30  18.8  19.12  18.69  18.85  7784000  18.85
2010-03-29  18.8  18.85  18.61  18.69  4227200  18.69
2010-03-26  19.05  19.08  18.66  18.74  4206400  18.74
2010-03-25  19.17  19.39  18.99  18.99  5840800  18.99
2010-03-24  19.15  19.3  18.99  19.04  4733600  19.04
2010-03-23  19.41  19.44  19.11  19.27  4934800  19.27
2010-03-22  18.68  19.5  18.65  19.38  6491600  19.38
2010-03-19  19.22  19.37  18.91  19.0  6185600  19.0
2010-03-18  19.17  19.37  19.11  19.23  5493600  19.23
2010-03-17  19.22  19.37  19.08  19.18  5502800  19.18
2010-03-16  18.87  19.27  18.85  19.17  7889200  19.17
2010-03-15  18.85  18.94  18.64  18.9  5657200  18.9
2010-03-12  18.94  19.1  18.78  18.93  4140400  18.93
2010-03-11  18.7  18.87  18.64  18.85  6578000  18.85
2010-03-10  18.41  18.85  18.41  18.8  8216000  18.8
2010-03-09  18.02  18.55  17.97  18.42  9360000  18.42
2010-03-08  18.08  18.41  18.03  18.24  5848800  18.24
2010-03-05  17.8  18.25  17.8  18.07  6999200  18.07
2010-03-04  17.67  17.73  17.5  17.72  5519200  17.72
2010-03-03  17.99  18.07  17.62  17.64  5988000  17.64
2010-03-02  17.7  18.09  17.66  17.96  8080800  17.96
2010-03-01  16.94  17.85  16.88  17.73  10422000  17.73
2010-02-26  16.82  17.02  16.63  16.99  10079600  16.99
2010-02-25  17.2  17.21  16.19  17.0  19942400  17.0
2010-02-24  17.08  17.5  17.02  17.36  10460400  17.36
2010-02-23  17.18  17.35  16.98  17.06  5597200  17.06
2010-02-22  17.33  17.38  17.18  17.26  5123600  17.26
2010-02-19  17.03  17.37  17.0  17.23  7196800  17.23
2010-02-18  16.91  17.23  16.86  17.11  8361600  17.11
2010-02-17  16.55  16.82  16.55  16.69  6672400  16.69
2010-02-16  16.37  16.61  16.33  16.55  5511200  16.55
2010-02-12  16.35  16.41  16.05  16.27  8150000  16.27
2010-02-11  16.19  16.53  15.96  16.49  6448800  16.49
2010-02-10  16.19  16.22  16.01  16.18  6855200  16.18
2010-02-09  15.67  16.23  15.67  16.17  9099200  16.17
2010-02-08  15.52  15.76  15.31  15.53  5062400  15.53
2010-02-05  15.62  15.63  15.07  15.52  12440800  15.52
2010-02-04  16.21  16.28  15.46  15.61  11797200  15.61
2010-02-03  16.2  16.56  16.1  16.41  4725600  16.41
2010-02-02  16.31  16.39  16.02  16.26  4664400  16.26
2010-02-01  16.01  16.33  15.92  16.3  5632000  16.3
2010-01-29  16.21  16.29  15.8  15.89  6281200  15.89
2010-01-28  16.31  16.32  15.86  16.04  5684400  16.04
2010-01-27  16.35  16.41  16.1  16.35  5947600  16.35
2010-01-26  16.04  16.54  15.84  16.35  10367200  16.35
2010-01-25  16.37  16.4  15.87  16.03  9866800  16.03
2010-01-22  16.69  16.74  16.09  16.14  8788800  16.14
2010-01-21  17.16  17.38  16.65  16.72  8946000  16.72
2010-01-20  17.2  17.3  16.88  17.14  7260000  17.14
2010-01-19  17.15  17.47  17.04  17.38  6252800  17.38
2010-01-15  17.27  17.39  17.03  17.16  8564800  17.16
2010-01-14  17.12  17.44  17.12  17.3  10400400  17.3
2010-01-13  17.07  17.19  16.74  17.12  20649600  17.12
2010-01-12  17.61  17.62  17.06  17.07  21053200  17.07
2010-01-11  18.65  18.67  18.2  18.41  6399200  18.41
2010-01-08  18.52  18.59  18.32  18.54  5510400  18.54
2010-01-07  18.63  18.74  18.39  18.51  4840000  18.51
2010-01-06  18.68  18.75  18.49  18.59  5122400  18.59
2010-01-05  18.61  18.74  18.2  18.62  7942400  18.62
2010-01-04  18.65  18.88  18.54  18.7  7906000  18.7
