Date  Open  High  Low  Close  Volume  Adj Close
2014-02-28  103.8  104.59  103.21  104.06  1386900  104.06
2014-02-27  103.33  103.62  102.58  103.2  1228500  103.2
2014-02-26  103.79  104.69  103.07  103.3  2053500  103.3
2014-02-25  103.93  104.51  102.53  103.27  2096700  103.27
2014-02-24  103.24  105.3  102.91  104.24  2044800  104.24
2014-02-21  101.68  103.36  101.07  102.73  2281900  102.73
2014-02-20  99.78  101.16  98.94  100.66  1427700  100.66
2014-02-19  100.17  100.59  99.63  99.99  1230500  99.99
2014-02-18  100.17  100.74  99.56  100.07  1326100  100.07
2014-02-14  99.43  100.47  98.87  100.34  1367800  100.34
2014-02-13  97.92  99.96  97.78  99.77  1476600  99.77
2014-02-12  98.14  99.29  97.93  98.45  1711900  98.45
2014-02-11  96.52  98.18  95.61  97.74  1671700  97.74
2014-02-10  96.82  97.23  95.43  96.05  1830300  96.05
2014-02-07  95.7  97.25  95.01  97.0  2082400  97.0
2014-02-06  92.81  95.56  92.81  95.49  3002400  95.49
2014-02-05  93.0  94.48  89.91  92.85  6482300  92.85
2014-02-04  95.3  97.27  94.79  97.01  2016300  97.01
2014-02-03  97.14  98.33  94.67  95.18  2329700  95.18
2014-01-31  96.74  97.76  96.21  96.91  3696100  96.91
2014-01-30  96.5  98.84  96.3  98.6  1770000  98.6
2014-01-29  96.25  97.29  95.43  95.82  1607400  95.82
2014-01-28  96.23  97.28  95.82  96.75  2818400  96.75
2014-01-27  97.23  97.93  95.67  95.86  2543200  95.86
2014-01-24  97.9  97.99  96.73  97.28  1899600  97.28
2014-01-23  99.53  100.28  98.28  98.55  1653100  98.55
2014-01-22  99.06  101.47  98.4  100.54  2015000  100.54
2014-01-21  99.92  101.62  98.1  98.92  2470600  98.92
2014-01-17  99.87  100.47  99.08  99.34  1880200  99.34
2014-01-16  100.69  101.09  100.09  100.3  1710800  100.3
2014-01-15  100.33  101.17  100.02  101.03  1860800  101.03
2014-01-14  98.76  101.05  98.54  100.33  1955600  100.33
2014-01-13  99.8  100.92  97.96  98.21  2238000  98.21
2014-01-10  99.78  100.79  99.61  100.47  1388200  100.47
2014-01-09  100.47  100.47  99.03  99.53  1534600  99.53
2014-01-08  99.16  99.96  98.62  99.95  2806800  99.95
2014-01-07  98.56  99.5  98.56  99.12  1532400  99.12
2014-01-06  98.67  99.16  97.26  97.87  2466900  97.87
2014-01-03  98.87  99.84  98.21  98.32  1630500  98.32
2014-01-02  100.25  100.75  98.43  98.84  2779800  98.84
2013-12-31  100.42  101.13  99.62  100.98  930600  100.98
2013-12-30  99.64  100.25  98.57  100.09  954900  100.09
2013-12-27  99.54  99.6  98.82  99.15  722600  99.15
2013-12-26  98.61  99.64  98.16  99.44  634700  99.44
2013-12-24  98.64  98.91  98.04  98.84  400600  98.84
2013-12-23  98.46  98.66  97.22  98.64  1323300  98.64
2013-12-20  97.33  98.61  96.7  98.16  2866000  98.16
2013-12-19  97.34  97.88  96.41  97.02  1747800  97.02
2013-12-18  94.66  96.61  93.82  96.58  1647700  96.58
2013-12-17  94.09  94.73  93.84  94.21  1114200  94.21
2013-12-16  93.66  94.43  93.23  94.32  1383600  94.32
2013-12-13  94.09  94.35  93.16  93.54  1537000  93.54
2013-12-12  93.06  93.83  92.59  93.24  1326800  93.24
2013-12-11  95.08  95.2  93.16  93.5  1200500  93.5
2013-12-10  94.38  95.3  94.33  94.69  1557700  94.69
2013-12-09  96.34  96.59  94.06  94.8  1631200  94.8
2013-12-06  95.33  96.47  94.28  96.2  3159500  96.2
2013-12-05  93.35  94.36  92.89  93.78  963500  93.78
2013-12-04  93.11  93.94  92.66  93.35  1279500  93.35
2013-12-03  93.44  94.42  93.05  93.85  1606300  93.85
2013-12-02  93.14  94.21  93.14  93.56  1540900  93.56
2013-11-29  94.18  94.39  93.55  93.89  763600  93.89
2013-11-27  93.81  95.25  93.81  94.42  1314500  94.42
2013-11-26  92.6  94.18  92.38  94.03  1647000  94.03
2013-11-25  93.12  93.6  92.43  92.63  1716700  92.63
2013-11-22  95.75  95.75  92.94  93.12  2148400  93.12
2013-11-21  93.4  94.03  93.15  93.74  2207600  93.74
2013-11-20  93.3  94.21  92.49  92.96  1252900  92.96
2013-11-19  93.8  94.2  93.09  93.42  2062600  93.42
2013-11-18  95.65  95.65  93.22  93.54  1772100  93.54
2013-11-15  93.85  94.72  93.27  94.37  2296500  94.37
2013-11-14  92.8  93.58  92.51  93.44  1532700  93.44
2013-11-13  91.17  92.84  91.14  92.83  1890600  92.83
2013-11-12  90.92  91.7  90.42  91.65  1935200  91.65
2013-11-11  90.01  91.0  90.01  90.72  1105700  90.72
2013-11-08  89.7  90.46  89.38  90.23  1399800  90.23
2013-11-07  90.49  91.65  89.27  89.5  1503000  89.5
2013-11-06  90.49  91.0  89.96  90.68  2300300  90.68
2013-11-05  90.67  90.7  87.21  89.59  3911700  89.59
2013-11-04  87.74  87.85  86.14  86.85  1943300  86.85
2013-11-01  87.29  87.6  86.28  87.54  1756400  87.54
2013-10-31  87.47  88.01  86.88  86.93  1732600  86.93
2013-10-30  89.12  89.53  87.29  87.46  1513800  87.46
2013-10-29  88.95  90.01  88.74  89.37  2126100  89.37
2013-10-28  86.87  88.87  86.48  88.84  2350600  88.84
2013-10-25  87.04  87.05  86.13  86.68  1631800  86.68
2013-10-24  86.19  86.85  85.72  86.61  1149300  86.61
2013-10-23  86.09  86.71  85.51  86.08  1217000  86.08
2013-10-22  86.94  87.74  86.25  86.59  1850500  86.59
2013-10-21  86.0  87.04  85.99  86.71  1512800  86.71
2013-10-18  85.95  86.01  85.33  85.77  1667200  85.77
2013-10-17  83.98  86.02  83.78  85.95  2212800  85.95
2013-10-16  86.72  86.91  83.8  84.69  4314500  84.69
2013-10-15  87.43  88.14  85.7  85.91  3493200  85.91
2013-10-14  88.28  88.48  86.99  88.22  2437300  88.22
2013-10-11  85.25  88.89  85.1  88.85  4706000  88.85
2013-10-10  82.34  84.32  82.1  84.2  1683500  84.2
2013-10-09  82.79  83.02  81.24  81.98  2671800  81.98
2013-10-08  84.1  84.3  82.03  82.18  1658900  82.18
2013-10-07  83.95  84.85  83.67  84.1  1432300  84.1
2013-10-04  83.66  84.97  83.21  84.85  2017900  84.85
2013-10-03  83.67  83.85  82.93  83.53  1666300  83.53
2013-10-02  83.16  83.9  82.85  83.76  1294900  83.76
2013-10-01  81.78  83.25  81.64  83.23  1428100  83.23
2013-09-30  81.55  82.48  79.5  82.12  2462200  82.12
2013-09-27  82.16  82.82  81.91  82.7  1218700  82.7
2013-09-26  83.47  83.47  82.39  82.99  1164400  82.99
2013-09-25  82.73  83.39  82.23  83.14  1494300  83.14
2013-09-24  82.63  83.37  82.17  82.89  1811500  82.89
2013-09-23  82.03  82.68  81.62  82.43  1671200  82.43
2013-09-20  82.68  83.35  82.25  82.3  2696000  82.3
2013-09-19  84.03  84.17  82.61  82.64  2605000  82.64
2013-09-18  81.92  83.75  81.8  83.59  3531800  83.59
2013-09-17  81.04  81.83  80.63  81.1  1968600  81.1
2013-09-16  80.43  81.14  80.43  80.85  2128200  80.85
2013-09-13  78.77  79.79  78.75  79.69  1640200  79.69
2013-09-12  79.6  79.7  78.73  78.81  1746700  78.81
2013-09-11  79.03  80.23  79.03  79.86  2894500  79.86
2013-09-10  79.0  79.49  78.69  79.26  1769600  79.26
2013-09-09  77.81  78.5  77.53  78.32  2478100  78.32
2013-09-06  76.56  77.99  76.11  77.5  4085700  77.5
2013-09-05  75.54  76.3  75.42  76.0  2726800  76.0
2013-09-04  74.5  76.29  74.17  75.7  3271400  75.7
2013-09-03  74.0  74.9  73.58  74.49  2064800  74.49
2013-08-30  74.21  74.21  73.15  73.3  1871200  73.3
2013-08-29  73.6  74.25  73.03  74.02  1668800  74.02
2013-08-28  72.41  74.0  72.19  73.78  3046400  73.78
2013-08-27  72.89  73.08  72.01  72.19  1780700  72.19
2013-08-26  73.59  73.8  73.09  73.62  1836200  73.62
2013-08-23  72.76  74.0  71.78  73.75  1672900  73.75
2013-08-22  72.26  72.97  72.26  72.76  1292100  72.76
2013-08-21  70.26  72.93  70.0  72.5  2893900  72.5
2013-08-20  71.07  71.18  70.44  70.65  1183000  70.65
2013-08-19  71.24  72.28  70.79  70.99  1726500  70.99
2013-08-16  70.8  71.81  70.37  71.46  2173700  71.46
2013-08-15  71.65  71.84  70.37  70.86  1893500  70.86
2013-08-14  72.99  73.24  72.37  72.38  1477300  72.38
2013-08-13  73.49  73.84  72.69  73.34  1350400  73.34
2013-08-12  72.78  73.63  72.78  73.39  1589000  73.39
2013-08-09  72.74  73.7  72.74  73.16  1259200  73.16
2013-08-08  73.8  73.97  72.87  72.89  1829200  72.89
2013-08-07  74.38  74.38  72.83  73.81  3250700  73.81
2013-08-06  75.72  76.08  73.81  74.01  7593900  74.01
2013-08-05  74.26  74.26  73.04  73.41  3243800  73.41
2013-08-02  73.9  73.9  73.0  73.51  1897400  73.51
2013-08-01  72.73  74.2  72.73  73.48  2011700  73.48
2013-07-31  72.83  73.51  72.32  72.39  2092500  72.39
2013-07-30  72.9  73.1  72.23  72.37  2585300  72.37
2013-07-29  72.59  73.22  72.3  72.57  1676500  72.57
2013-07-26  72.1  72.76  72.02  72.74  1549000  72.74
2013-07-25  71.7  73.15  71.61  72.62  2197700  72.62
2013-07-24  72.89  73.21  71.69  71.75  2019300  71.75
2013-07-23  73.05  73.05  72.24  72.3  1935900  72.3
2013-07-22  74.91  74.92  72.71  72.87  2370500  72.87
2013-07-19  72.32  72.75  71.64  72.36  3970900  72.36
2013-07-18  71.96  73.32  71.95  72.49  3376300  72.49
2013-07-17  71.11  71.68  70.94  71.21  2988600  71.21
2013-07-16  71.15  71.76  70.63  71.01  2745000  71.01
2013-07-15  71.41  71.7  70.67  70.95  2775200  70.95
2013-07-12  72.52  72.71  71.01  71.43  3795000  71.43
2013-07-11  70.43  71.19  70.01  71.05  5456900  71.05
2013-07-10  66.74  69.78  66.65  69.69  4936700  69.69
2013-07-09  66.31  66.81  65.97  66.55  1834200  66.55
2013-07-08  65.04  66.37  64.95  66.07  2203500  66.07
2013-07-05  65.22  65.5  64.61  65.26  1003600  65.26
2013-07-03  64.0  65.2  63.95  64.76  1053700  64.76
2013-07-02  64.3  64.57  63.68  64.35  2161200  64.35
2013-07-01  63.4  64.83  63.14  64.07  3046400  64.07
2013-06-28  61.54  63.37  61.47  62.64  4732300  62.64
2013-06-27  64.13  64.29  62.86  63.1  3366500  63.1
2013-06-26  63.32  64.15  62.95  63.85  2562000  63.85
2013-06-25  62.12  62.89  61.46  62.8  2413200  62.8
2013-06-24  61.87  62.11  60.92  61.7  2048500  61.7
2013-06-21  62.76  63.25  61.99  62.31  4479200  62.31
2013-06-20  62.58  63.4  62.41  62.71  3428700  62.71
2013-06-19  64.17  64.67  63.39  63.54  3077100  63.54
2013-06-18  63.64  64.45  63.25  64.04  3308800  64.04
2013-06-17  63.6  64.21  63.37  63.46  3332000  63.46
2013-06-14  63.75  64.15  62.49  62.98  3020400  62.98
2013-06-13  63.85  64.27  63.18  63.91  3108700  63.91
2013-06-12  64.73  65.14  63.85  64.0  2717600  64.0
2013-06-11  63.4  64.73  63.25  64.43  2078700  64.43
2013-06-10  66.61  66.64  64.0  64.11  3534600  64.11
2013-06-07  65.79  66.66  65.6  66.58  3592700  66.58
2013-06-06  64.2  65.36  63.44  65.35  4098700  65.35
2013-06-05  64.49  64.76  63.3  63.88  2425700  63.88
2013-06-04  65.3  65.89  64.73  64.82  2934600  64.82
2013-06-03  64.86  65.2  64.2  64.87  2633100  64.87
2013-05-31  64.72  65.17  64.13  64.65  2351300  64.65
2013-05-30  64.37  65.0  63.78  64.8  2535900  64.8
2013-05-29  63.29  64.71  62.86  64.28  3692100  64.28
2013-05-28  64.69  64.69  63.5  63.74  3215000  63.74
2013-05-24  63.77  63.85  62.91  63.77  2930500  63.77
2013-05-23  64.89  65.2  63.68  64.11  4659200  64.11
2013-05-22  63.89  66.4  63.85  65.15  8462600  65.15
2013-05-21  64.74  64.89  64.07  64.61  5989200  64.61
2013-05-20  65.5  66.43  64.05  64.53  4702700  64.53
2013-05-17  63.72  65.57  62.83  65.5  5682700  65.5
2013-05-16  64.23  64.57  63.14  63.22  2878200  63.22
2013-05-15  62.34  64.9  62.01  64.44  8350600  64.44
2013-05-14  63.12  63.63  61.89  62.39  5851600  62.39
2013-05-13  65.05  65.18  62.63  62.88  7742600  62.88
2013-05-10  68.71  68.73  64.21  65.03  5893300  65.03
2013-05-09  68.48  68.67  67.69  68.45  5765200  68.45
2013-05-08  68.0  68.23  65.16  68.15  6502400  68.15
2013-05-07  65.74  66.4  64.16  64.88  4875700  64.88
2013-05-06  66.78  66.78  65.55  65.65  3679000  65.65
2013-05-03  65.1  66.67  64.75  66.61  4881800  66.61
2013-05-02  63.6  64.41  62.94  64.34  3843000  64.34
2013-05-01  64.46  64.85  63.41  63.49  2768400  63.49
2013-04-30  62.9  65.22  62.83  64.8  7185200  64.8
2013-04-29  62.27  63.16  62.15  62.93  5114000  62.93
2013-04-26  61.31  62.36  61.3  61.96  6408000  61.96
2013-04-25  62.79  63.76  61.29  61.35  9065300  61.35
2013-04-24  64.99  65.19  61.77  61.93  15804900  61.93
2013-04-23  67.05  67.18  64.87  64.99  8838200  64.99
2013-04-22  68.16  68.54  66.4  66.7  4954500  66.7
2013-04-19  70.29  70.36  67.71  67.81  5866200  67.81
2013-04-18  71.24  71.28  70.3  70.48  2442700  70.48
2013-04-17  72.19  72.19  70.66  70.95  4991100  70.95
2013-04-16  73.61  74.2  72.59  72.63  4476400  72.63
2013-04-15  75.5  75.5  73.05  73.06  4262900  73.06
2013-04-12  75.58  75.78  74.11  75.56  4586000  75.56
2013-04-11  76.49  77.7  76.25  77.66  2695800  77.66
2013-04-10  74.82  76.95  74.55  76.3  2005400  76.3
2013-04-09  74.62  75.13  73.69  74.42  1075900  74.42
2013-04-08  73.63  74.59  73.22  74.59  1194600  74.59
2013-04-05  73.56  73.78  72.15  73.66  1914600  73.66
2013-04-04  74.89  75.28  74.01  74.48  1612800  74.48
2013-04-03  76.28  76.43  74.85  74.92  1821100  74.92
2013-04-02  76.9  77.89  76.26  76.36  1522700  76.36
2013-04-01  76.54  77.2  76.27  76.74  1770500  76.74
2013-03-28  74.25  76.73  74.07  76.62  2822200  76.62
2013-03-27  74.34  74.94  74.07  74.21  1872000  74.21
2013-03-26  74.99  75.41  74.45  74.62  1426100  74.62
2013-03-25  75.12  75.68  74.03  74.39  2736800  74.39
2013-03-22  76.4  76.66  74.48  74.9  4023800  74.9
2013-03-21  76.87  76.89  76.03  76.14  1820300  76.14
2013-03-20  77.8  78.18  77.26  77.61  1314200  77.61
2013-03-19  77.76  78.29  76.63  77.1  1280300  77.1
2013-03-18  77.84  78.29  77.11  77.61  1362500  77.61
2013-03-15  78.45  79.03  78.24  78.36  3006000  78.36
2013-03-14  79.29  79.44  78.32  78.68  1706200  78.68
2013-03-13  79.25  79.25  78.12  79.19  1886700  79.19
2013-03-12  79.72  79.74  78.54  79.02  1169300  79.02
2013-03-11  79.2  79.79  79.01  79.78  1460700  79.78
2013-03-08  80.65  81.08  79.88  80.51  1400400  80.51
2013-03-07  80.62  80.84  80.03  80.53  1008200  80.53
2013-03-06  80.47  80.75  79.67  80.7  1700200  80.7
2013-03-05  78.84  79.96  78.83  79.84  2021500  79.84
2013-03-04  77.79  78.69  77.2  78.59  1285400  78.59
2013-03-01  76.45  78.07  75.75  77.94  1454500  77.94
2013-02-28  77.16  77.42  76.71  76.77  1218100  76.77
2013-02-27  76.12  77.54  75.7  77.18  1196400  77.18
2013-02-26  75.56  76.25  75.27  75.86  1560600  75.86
2013-02-25  76.87  77.6  75.46  75.48  1800900  75.48
2013-02-22  75.48  76.44  75.4  76.38  1522600  76.38
2013-02-21  76.98  77.0  75.13  75.17  1800900  75.17
2013-02-20  78.19  78.24  77.03  77.05  1524100  77.05
2013-02-19  76.95  78.45  76.59  78.32  1795400  78.32
2013-02-15  76.22  77.23  76.02  76.85  1862800  76.85
2013-02-14  76.21  76.43  75.86  76.18  1647200  76.18
2013-02-13  76.47  76.86  75.9  76.38  1579700  76.38
2013-02-12  77.12  77.15  76.5  76.6  1539200  76.6
2013-02-11  78.54  78.65  76.99  77.12  1595900  77.12
2013-02-08  78.98  79.23  78.1  78.73  2260100  78.73
2013-02-07  76.73  78.63  75.26  78.51  5210800  78.51
2013-02-06  77.74  78.0  75.79  76.27  3715700  76.27
2013-02-05  77.93  78.51  77.21  78.34  2666300  78.34
2013-02-04  78.85  79.02  77.77  77.77  1639200  77.77
2013-02-01  78.96  79.05  78.09  78.98  1558500  78.98
2013-01-31  77.92  78.54  77.5  78.18  1614200  78.18
2013-01-30  77.83  78.37  77.45  78.02  1445500  78.02
2013-01-29  77.58  77.98  77.02  77.9  1482200  77.9
2013-01-28  77.75  78.17  77.64  77.74  1821400  77.74
2013-01-25  77.48  77.89  76.78  77.63  2556500  77.63
2013-01-24  77.51  78.28  76.77  76.93  2854900  76.93
2013-01-23  78.58  78.91  77.36  77.76  2176200  77.76
2013-01-22  79.18  79.43  77.72  78.2  2352800  78.2
2013-01-18  78.23  79.54  78.03  79.32  3114500  79.32
2013-01-17  78.08  78.68  77.9  78.52  1417400  78.52
2013-01-16  77.96  78.21  77.65  78.02  1393300  78.02
2013-01-15  78.02  78.33  77.73  78.16  1299100  78.16
2013-01-14  78.07  78.94  78.03  78.45  2104800  78.45
2013-01-11  77.65  78.57  77.27  78.47  3924000  78.47
2013-01-10  74.72  75.29  74.15  75.05  2237200  75.05
2013-01-09  75.42  75.5  74.11  74.41  2004800  74.41
2013-01-08  75.63  75.65  74.29  74.5  1849900  74.5
2013-01-07  75.06  75.64  74.4  75.51  1760700  75.51
2013-01-04  75.72  75.72  74.86  75.18  1768700  75.18
2013-01-03  76.57  76.57  75.08  75.36  2442400  75.36
2013-01-02  75.46  76.19  74.46  76.14  2439600  76.14
2012-12-31  72.28  74.05  72.15  73.88  2201300  73.88
2012-12-28  72.48  72.78  72.14  72.31  1138800  72.31
2012-12-27  73.12  73.45  71.86  73.0  1577300  73.0
2012-12-26  73.31  73.71  72.79  73.15  966700  73.15
2012-12-24  73.22  73.57  72.71  73.35  802800  73.35
2012-12-21  73.0  74.11  71.86  73.73  4914200  73.73
2012-12-20  72.8  73.78  71.55  73.72  2824100  73.72
2012-12-19  74.72  74.87  73.21  73.27  2194700  73.27
2012-12-18  73.13  74.61  72.91  74.26  2408000  74.26
2012-12-17  72.62  73.0  72.33  72.94  2201600  72.94
2012-12-14  72.05  72.76  71.95  72.53  1842800  72.53
2012-12-13  71.77  72.98  71.61  72.09  2171900  72.09
2012-12-12  72.35  72.54  71.87  72.2  1690500  72.2
2012-12-11  71.0  72.69  70.9  72.27  2986800  72.27
2012-12-10  69.97  71.0  69.97  70.97  2423400  70.97
2012-12-07  70.31  70.37  69.45  70.32  2172800  70.32
2012-12-06  69.73  70.05  69.13  69.97  2825000  69.97
2012-12-05  68.6  70.15  67.67  69.75  3785700  69.75
2012-12-04  67.05  67.3  66.32  67.14  1517800  67.14
2012-12-03  67.53  68.33  66.94  66.98  2785400  66.98
2012-11-30  66.92  67.43  66.4  67.23  2888400  67.23
2012-11-29  66.15  67.36  66.13  67.12  3038700  67.12
2012-11-28  65.1  65.86  64.62  65.68  1785100  65.68
2012-11-27  65.57  66.16  65.21  65.54  1780800  65.54
2012-11-26  66.1  66.47  65.1  65.99  1948200  65.99
2012-11-23  66.04  66.5  65.3  66.48  1087000  66.48
2012-11-21  65.66  65.99  65.28  65.51  1187400  65.51
2012-11-20  65.79  66.1  64.51  65.34  3432800  65.34
2012-11-19  66.42  66.8  65.97  66.15  2289900  66.15
2012-11-16  64.98  65.94  64.96  65.74  2967200  65.74
2012-11-15  64.96  65.22  64.56  65.01  2656500  65.01
2012-11-14  65.3  65.51  64.2  64.29  2921300  64.29
2012-11-13  65.62  65.92  64.72  65.28  1858400  65.28
2012-11-12  66.22  66.54  65.4  65.95  1677200  65.95
2012-11-09  65.25  66.84  65.09  66.0  3384200  66.0
2012-11-08  66.15  67.58  65.24  65.27  2841400  65.27
2012-11-07  68.11  68.81  65.9  66.94  3972300  66.94
2012-11-06  66.6  67.39  66.04  67.35  2736800  67.35
2012-11-05  66.12  66.68  65.51  66.02  2677400  66.02
2012-11-02  67.53  67.99  66.11  66.15  2800000  66.15
2012-11-01  66.88  67.44  66.58  67.21  3390300  67.21
2012-10-31  66.89  67.37  65.94  66.65  3130100  66.65
2012-10-26  68.1  68.44  66.2  66.73  2947100  66.73
2012-10-25  69.4  69.64  67.9  68.17  1747300  68.17
2012-10-24  69.91  70.0  68.57  68.6  2058300  68.6
2012-10-23  69.0  69.76  68.82  69.59  2219800  69.59
2012-10-22  69.03  69.99  68.45  69.81  1785600  69.81
2012-10-19  69.38  69.79  68.52  68.77  3823800  68.77
2012-10-18  69.52  69.59  68.92  69.37  2657600  69.37
2012-10-17  69.85  69.95  68.12  69.54  2973800  69.54
2012-10-16  69.99  70.47  69.56  70.25  1217600  70.25
2012-10-15  70.01  70.04  69.21  69.8  1692600  69.8
2012-10-12  68.93  70.08  68.27  69.54  1935700  69.54
2012-10-11  69.98  70.38  69.5  69.83  2103100  69.83
2012-10-10  69.97  70.16  69.02  69.36  2206400  69.36
2012-10-09  71.07  71.54  69.97  69.97  2390900  69.97
2012-10-08  71.37  71.84  70.79  71.35  1337700  71.35
2012-10-05  72.0  72.73  71.52  71.82  2040700  71.82
2012-10-04  71.56  71.91  71.11  71.83  1190100  71.83
2012-10-03  71.35  71.75  71.09  71.54  1692900  71.54
2012-10-02  71.48  71.5  70.83  71.13  2355600  71.13
2012-10-01  70.31  71.41  69.92  71.25  3521000  71.25
2012-09-28  69.29  71.15  69.16  69.89  3215000  69.89
2012-09-27  67.97  69.04  67.97  68.72  2050200  68.72
2012-09-26  67.84  68.28  67.18  67.88  1786500  67.88
2012-09-25  68.84  68.9  67.8  67.91  2005800  67.91
2012-09-24  68.21  68.86  68.1  68.46  2572900  68.46
2012-09-21  68.92  69.49  68.49  68.61  3894100  68.61
2012-09-20  68.16  68.48  67.9  68.25  2075600  68.25
2012-09-19  69.14  69.19  68.43  68.61  2606400  68.61
2012-09-18  68.97  69.24  68.53  68.7  1668000  68.7
2012-09-17  70.82  70.98  68.92  69.05  3086300  69.05
2012-09-14  69.61  71.45  69.53  71.0  5309100  71.0
2012-09-13  68.1  70.14  67.43  70.04  3223500  70.04
2012-09-12  67.44  68.67  67.11  68.2  2996400  68.2
2012-09-11  66.72  67.36  66.7  67.26  1596200  67.26
2012-09-10  67.82  67.82  66.5  66.82  2571600  66.82
2012-09-07  65.94  67.42  65.64  67.2  3521800  67.2
2012-09-06  64.43  65.98  64.33  65.94  2946700  65.94
2012-09-05  64.26  64.38  63.37  63.87  1955800  63.87
2012-09-04  64.31  64.87  63.67  64.22  2084000  64.22
2012-08-31  64.57  65.0  63.79  64.28  1641700  64.28
2012-08-30  64.5  64.65  63.76  63.83  1338900  63.83
2012-08-29  64.48  64.9  64.26  64.73  1220500  64.73
2012-08-28  64.52  64.75  64.16  64.42  1122200  64.42
2012-08-27  64.95  64.99  64.32  64.55  1296700  64.55
2012-08-24  64.68  65.18  64.36  64.86  1427100  64.86
2012-08-23  64.42  65.65  64.42  64.99  2019400  64.99
2012-08-22  64.3  64.88  63.86  64.83  1312000  64.83
2012-08-21  64.49  65.26  64.03  64.44  2341400  64.44
2012-08-20  64.45  64.5  63.68  64.11  1848200  64.11
2012-08-17  65.19  65.19  64.28  64.48  1904000  64.48
2012-08-16  63.85  65.07  63.63  64.92  2426800  64.92
2012-08-15  64.5  64.66  63.55  63.73  2015900  63.73
2012-08-14  65.0  65.0  63.93  64.31  2009900  64.31
2012-08-13  64.61  64.98  64.52  64.94  2015000  64.94
2012-08-10  64.09  65.14  64.08  64.97  1626300  64.97
2012-08-09  64.05  64.88  64.02  64.44  2350100  64.44
2012-08-08  63.4  64.68  63.22  64.4  2134600  64.4
2012-08-07  64.2  64.76  63.68  63.8  4229100  63.8
2012-08-06  64.0  65.48  63.25  64.21  8856000  64.21
2012-08-03  56.7  58.34  56.47  57.86  5044100  57.86
2012-08-02  55.94  56.77  55.53  56.28  4615200  56.28
2012-08-01  57.11  57.42  56.17  56.26  2193900  56.26
2012-07-31  57.45  57.72  56.7  56.77  2684100  56.77
2012-07-30  58.49  59.08  57.14  57.31  1997100  57.31
2012-07-27  57.62  58.97  57.18  58.53  2783800  58.53
2012-07-26  57.22  57.89  56.56  56.96  2169700  56.96
2012-07-25  55.58  56.65  55.58  56.1  1993800  56.1
2012-07-24  56.57  56.74  55.18  55.65  1903300  55.65
2012-07-23  56.26  56.74  55.5  56.49  1962400  56.49
2012-07-20  58.96  58.96  57.25  57.32  2562900  57.32
2012-07-19  59.76  60.05  58.85  58.96  1728500  58.96
2012-07-18  58.12  59.57  57.9  59.31  1521000  59.31
2012-07-17  58.74  58.82  57.4  58.18  2059300  58.18
2012-07-16  57.28  58.35  56.91  58.26  3137200  58.26
2012-07-13  55.38  57.36  55.27  57.26  2836200  57.26
2012-07-12  54.55  55.55  53.92  55.35  6401100  55.35
2012-07-11  56.39  57.46  55.94  56.52  2072100  56.52
2012-07-10  57.61  58.29  55.98  56.19  2645200  56.19
2012-07-09  57.64  58.04  56.87  57.36  1857000  57.36
2012-07-06  59.5  59.56  56.73  57.66  3005000  57.66
2012-07-05  59.43  60.55  59.34  60.22  1358800  60.22
2012-07-03  59.42  60.22  59.12  59.75  713600  59.75
2012-07-02  60.3  60.54  59.03  59.39  2163200  59.39
2012-06-29  58.18  60.0  58.06  60.0  2643700  60.0
2012-06-28  57.27  57.4  55.25  56.2  3775400  56.2
2012-06-27  57.27  58.47  57.15  57.61  2134900  57.61
2012-06-26  55.83  57.09  55.69  56.94  3715400  56.94
2012-06-25  57.82  58.37  57.49  57.9  2530900  57.9
2012-06-22  58.18  58.6  57.86  58.47  2012600  58.47
2012-06-21  60.45  60.73  57.91  57.97  2531900  57.97
2012-06-20  60.48  60.76  59.54  60.35  1943500  60.35
2012-06-19  60.4  60.88  60.13  60.39  1791800  60.39
2012-06-18  60.26  60.5  59.71  59.93  2316500  59.93
2012-06-15  59.25  60.61  58.91  60.5  3472300  60.5
2012-06-14  58.52  59.35  57.84  59.09  2647600  59.09
2012-06-13  58.31  59.12  58.12  58.61  2897300  58.61
2012-06-12  58.04  58.95  57.87  58.63  2261500  58.63
2012-06-11  59.13  59.59  57.95  58.06  2794400  58.06
2012-06-08  59.0  59.32  58.35  58.85  3262100  58.85
2012-06-07  60.91  60.91  59.16  59.33  2371900  59.33
2012-06-06  59.13  60.74  58.74  60.11  2624100  60.11
2012-06-05  57.56  58.69  57.28  58.36  2313000  58.36
2012-06-04  57.28  58.01  56.96  57.93  2163500  57.93
2012-06-01  56.87  57.25  56.35  56.9  3407800  56.9
2012-05-31  58.91  58.91  57.0  58.25  3499800  58.25
2012-05-30  60.5  60.5  58.11  58.86  4728200  58.86
2012-05-29  60.19  61.58  60.19  61.0  2091600  61.0
2012-05-25  60.12  60.38  59.7  60.0  2207600  60.0
2012-05-24  61.55  61.78  59.32  60.11  4088000  60.11
2012-05-23  60.33  61.58  59.81  61.27  2754100  61.27
2012-05-22  61.1  61.59  60.5  60.93  2457100  60.93
2012-05-21  59.93  61.55  59.41  61.08  3398000  61.08
2012-05-18  59.79  60.36  59.37  59.63  5209900  59.63
2012-05-17  60.36  60.57  59.37  59.45  3745200  59.45
2012-05-16  61.12  61.5  60.31  60.37  3497900  60.37
2012-05-15  60.23  62.04  60.22  61.2  4418500  61.2
2012-05-14  60.49  60.88  59.98  60.04  3321500  60.04
2012-05-11  60.91  61.61  60.5  61.29  4361200  61.29
2012-05-10  60.93  61.18  60.0  61.05  5323100  61.05
2012-05-09  59.07  60.77  58.59  60.59  5227500  60.59
2012-05-08  57.44  60.51  57.17  60.3  14453900  60.3
2012-05-07  61.0  61.25  55.7  56.3  38066600  56.3
2012-05-04  70.5  70.68  69.53  69.66  3318000  69.66
2012-05-03  72.8  72.8  70.96  71.09  2443000  71.09
2012-05-02  72.73  73.16  72.3  72.84  1717300  72.84
2012-05-01  73.31  74.17  72.86  73.38  1347300  73.38
2012-04-30  73.87  74.0  72.88  73.33  1579900  73.33
2012-04-27  73.92  74.61  72.88  73.98  1207400  73.98
2012-04-26  72.06  73.83  71.76  73.4  1970900  73.4
2012-04-25  72.2  72.99  71.67  72.11  2515600  72.11
2012-04-24  72.13  73.25  71.88  72.39  2415400  72.39
2012-04-23  70.9  72.11  69.97  71.77  3548100  71.77
2012-04-20  72.2  72.52  71.58  71.61  2465700  71.61
2012-04-19  72.51  73.13  71.56  71.9  2579900  71.9
2012-04-18  73.72  73.97  72.44  72.67  2182000  72.67
2012-04-17  73.19  74.62  73.03  74.25  1976900  74.25
2012-04-16  74.08  74.42  72.43  72.7  2716900  72.7
2012-04-13  73.88  75.29  73.2  73.8  6078800  73.8
2012-04-12  75.77  76.85  75.6  76.76  1664700  76.76
2012-04-11  75.25  76.43  74.99  75.37  1853500  75.37
2012-04-10  75.73  75.95  74.65  74.82  2387700  74.82
2012-04-09  76.08  76.17  75.34  75.91  1609800  75.91
2012-04-05  76.06  77.32  75.78  77.29  1545800  77.29
2012-04-04  75.54  76.5  75.36  76.28  1673900  76.28
2012-04-03  76.67  76.91  75.78  76.31  1712400  76.31
2012-04-02  76.72  77.85  76.11  77.01  1951000  77.01
2012-03-30  76.95  77.31  75.98  76.95  1812100  76.95
2012-03-29  75.98  76.37  75.41  76.3  1587100  76.3
2012-03-28  77.23  77.23  76.05  76.4  1577000  76.4
2012-03-27  77.94  78.0  77.34  77.41  1429000  77.41
2012-03-26  76.77  77.69  76.28  77.67  1445600  77.67
2012-03-23  76.53  76.98  75.72  76.38  1871000  76.38
2012-03-22  76.41  76.54  75.75  76.37  2004200  76.37
2012-03-21  75.72  77.03  75.5  76.94  1906700  76.94
2012-03-20  75.63  75.85  75.0  75.77  1520100  75.77
2012-03-19  76.66  76.9  75.94  76.19  1239100  76.19
2012-03-16  76.58  77.03  76.5  76.91  3412500  76.91
2012-03-15  75.1  76.35  75.05  76.26  1992800  76.26
2012-03-14  75.5  75.91  74.98  75.31  2259100  75.31
2012-03-13  73.0  75.64  72.96  75.63  3482800  75.63
2012-03-12  72.48  72.98  71.99  72.8  1144700  72.8
2012-03-09  72.84  72.99  72.43  72.7  1732200  72.7
2012-03-08  71.5  73.03  71.44  72.86  1892500  72.86
2012-03-07  70.62  71.28  70.17  71.09  1220200  71.09
2012-03-06  70.78  71.36  70.16  70.39  2064700  70.39
2012-03-05  71.0  71.62  70.95  71.44  1890700  71.44
2012-03-02  71.5  71.64  70.82  71.34  1445500  71.34
2012-03-01  71.45  71.63  71.01  71.37  1586500  71.37
2012-02-29  71.68  71.8  70.93  70.95  1715600  70.95
2012-02-28  72.44  72.46  71.23  71.55  1481700  71.55
2012-02-27  71.59  72.38  71.24  72.0  1434500  72.0
2012-02-24  71.01  72.32  70.98  72.18  2308100  72.18
2012-02-23  71.0  71.08  70.2  70.6  2166900  70.6
2012-02-22  70.46  71.38  70.43  71.14  1458500  71.14
2012-02-21  71.29  71.57  70.5  70.61  1815100  70.61
2012-02-17  71.98  72.32  70.68  71.08  2490600  71.08
2012-02-16  70.59  72.06  70.59  71.96  1751100  71.96
2012-02-15  71.02  71.56  70.1  70.72  2972100  70.72
2012-02-14  70.36  70.78  69.8  70.75  1693600  70.75
2012-02-13  70.38  70.92  70.01  70.65  1786300  70.65
2012-02-10  70.3  70.44  69.6  70.08  2691800  70.08
2012-02-09  70.99  71.7  70.3  70.68  2616900  70.68
2012-02-08  69.76  72.67  69.65  70.75  6498400  70.75
2012-02-07  72.57  73.1  70.97  72.01  3308900  72.01
2012-02-06  72.77  73.1  72.06  72.37  2458200  72.37
2012-02-03  73.59  74.19  73.23  73.35  1661700  73.35
2012-02-02  73.18  73.66  72.43  72.61  1452000  72.61
2012-02-01  72.68  73.39  72.13  72.97  2354900  72.97
2012-01-31  71.3  71.95  70.99  71.75  1398200  71.75
2012-01-30  70.55  71.2  70.35  70.99  987000  70.99
2012-01-27  71.09  71.68  70.77  71.33  1111900  71.33
2012-01-26  71.99  72.48  70.86  71.23  1388700  71.23
2012-01-25  71.35  71.95  70.34  71.77  1662000  71.77
2012-01-24  70.34  71.3  70.02  71.18  1485900  71.18
2012-01-23  70.35  70.91  69.99  70.61  2579900  70.61
2012-01-20  69.83  70.75  69.7  70.17  2348300  70.17
2012-01-19  69.79  70.88  69.6  69.82  2030600  69.82
2012-01-18  68.14  69.36  67.75  69.35  1978300  69.35
2012-01-17  69.63  69.93  68.2  68.43  1986000  68.43
2012-01-13  68.95  69.04  67.61  68.34  2201400  68.34
2012-01-12  67.54  69.3  67.25  69.11  4576700  69.11
2012-01-11  69.71  70.72  69.36  70.28  3058700  70.28
2012-01-10  67.48  70.17  67.41  69.76  4548900  69.76
2012-01-09  66.64  67.0  66.03  66.64  2140200  66.64
2012-01-06  67.25  67.57  66.21  66.41  2047700  66.41
2012-01-05  65.6  67.55  64.95  67.29  3416200  67.29
2012-01-04  65.6  66.12  64.92  65.96  1879800  65.96
2012-01-03  66.64  67.6  65.57  65.72  2685100  65.72
2011-12-30  63.47  64.65  63.47  64.31  1598400  64.31
2011-12-29  63.44  63.7  62.96  63.66  1379800  63.66
2011-12-28  64.07  64.58  62.99  63.17  1552600  63.17
2011-12-27  64.38  64.88  64.02  64.19  1051000  64.19
2011-12-23  64.66  64.77  64.14  64.56  1154600  64.56
2011-12-22  63.73  64.78  63.71  64.2  2044700  64.2
2011-12-21  66.41  66.63  62.5  63.48  5167800  63.48
2011-12-20  65.45  67.8  65.2  67.63  2317000  67.63
2011-12-19  65.92  66.61  63.95  64.15  1840700  64.15
2011-12-16  65.36  67.05  65.21  65.49  4466900  65.49
2011-12-15  65.91  66.67  65.39  65.54  2297100  65.54
2011-12-14  66.25  66.53  64.81  65.08  2100200  65.08
2011-12-13  67.75  68.68  66.42  66.91  1741900  66.91
2011-12-12  68.45  68.5  67.01  67.44  1991400  67.44
2011-12-09  67.76  69.68  67.55  69.38  1975800  69.38
2011-12-08  69.06  69.15  67.13  67.34  2725900  67.34
2011-12-07  69.43  70.1  67.76  69.77  2346600  69.77
2011-12-06  70.38  70.61  69.29  69.89  2103800  69.89
2011-12-05  69.76  70.84  68.64  69.96  3586400  69.96
2011-12-02  68.17  69.34  67.8  68.5  2583500  68.5
2011-12-01  67.08  67.84  66.54  67.59  2266000  67.59
2011-11-30  66.7  67.71  66.59  67.35  3613300  67.35
2011-11-29  65.45  66.43  64.23  64.78  2494600  64.78
2011-11-28  62.98  65.0  62.98  64.69  2520000  64.69
2011-11-25  61.52  63.35  61.52  62.48  1079900  62.48
2011-11-23  64.44  64.5  61.93  61.95  3134800  61.95
2011-11-22  64.22  65.65  64.04  65.17  2458200  65.17
2011-11-21  65.0  65.21  63.7  64.71  2134400  64.71
2011-11-18  66.85  67.26  65.71  66.23  2351300  66.23
2011-11-17  68.18  68.73  66.76  67.14  2749000  67.14
2011-11-16  68.69  70.01  67.91  68.4  5877200  68.4
2011-11-15  67.5  69.85  67.34  69.57  3141100  69.57
2011-11-14  68.79  68.89  67.5  67.6  1797800  67.6
2011-11-11  68.03  69.1  68.03  68.82  2091700  68.82
2011-11-10  68.0  68.69  66.53  67.34  3394300  67.34
2011-11-09  69.24  69.33  67.55  67.58  3328000  67.58
2011-11-08  71.0  71.92  70.53  71.36  2357700  71.36
2011-11-07  70.64  71.07  69.05  70.48  2541700  70.48
2011-11-04  70.66  71.14  69.64  70.84  2015000  70.84
2011-11-03  71.12  71.43  69.08  71.23  4767100  71.23
2011-11-02  68.14  70.93  67.77  69.92  6425900  69.92
2011-11-01  71.72  71.97  70.5  70.92  3003600  70.92
2011-10-31  74.58  74.7  72.33  72.75  3919000  72.75
2011-10-28  76.23  76.86  75.08  75.67  2235600  75.67
2011-10-27  74.29  77.44  73.64  76.57  4122300  76.57
2011-10-26  71.55  71.75  68.84  71.09  2583800  71.09
2011-10-25  71.32  71.53  69.92  70.13  1725400  70.13
2011-10-24  70.41  72.03  70.22  71.44  2200400  71.44
2011-10-21  70.05  70.55  69.54  70.22  2970600  70.22
2011-10-20  68.99  69.95  67.77  69.36  3118100  69.36
2011-10-19  71.19  71.78  69.99  70.31  1920100  70.31
2011-10-18  71.27  72.2  69.65  71.53  2862200  71.53
2011-10-17  72.24  72.4  70.63  71.34  2052700  71.34
2011-10-14  71.91  72.73  71.51  72.22  2165700  72.22
2011-10-13  71.02  71.33  70.08  71.02  2450100  71.02
2011-10-12  69.57  73.45  69.57  71.26  6271400  71.26
2011-10-11  67.39  68.19  66.48  67.48  3223800  67.48
2011-10-10  66.84  68.1  66.47  67.87  2280600  67.87
2011-10-07  66.0  66.62  64.97  65.62  2486500  65.62
2011-10-06  63.55  65.96  62.81  65.96  2523700  65.96
2011-10-05  62.9  64.02  62.17  63.77  2561800  63.77
2011-10-04  60.43  62.98  59.95  62.88  4241300  62.88
2011-10-03  62.3  63.5  60.84  61.35  3974300  61.35
2011-09-30  64.23  65.25  62.67  62.7  3631600  62.7
2011-09-29  66.2  66.88  63.87  65.05  2903600  65.05
2011-09-28  66.75  67.21  64.85  65.05  3269100  65.05
2011-09-27  65.32  68.52  65.01  66.52  4177800  66.52
2011-09-26  62.79  64.15  61.58  64.05  2689600  64.05
2011-09-23  60.46  63.04  60.0  62.54  2883700  62.54
2011-09-22  60.84  61.57  59.83  60.88  3807800  60.88
2011-09-21  64.14  65.29  62.81  62.85  2601100  62.85
2011-09-20  64.49  65.71  63.84  64.01  2674900  64.01
2011-09-19  64.19  64.56  63.41  64.04  2904400  64.04
2011-09-16  65.28  65.78  64.37  65.24  2463500  65.24
2011-09-15  64.61  65.3  64.17  65.11  3410400  65.11
2011-09-14  62.41  64.66  62.25  63.93  5647900  63.93
2011-09-13  61.82  62.12  60.98  61.96  3238900  61.96
2011-09-12  59.83  61.52  59.63  61.5  3829200  61.5
2011-09-09  61.27  62.16  60.36  60.79  4363800  60.79
2011-09-08  63.86  64.48  61.27  62.02  3785000  62.02
2011-09-07  61.5  64.25  61.11  64.23  5305800  64.23
2011-09-06  59.29  60.46  58.15  60.37  3328500  60.37
2011-09-02  61.89  62.48  60.9  61.1  2410200  61.1
2011-09-01  64.47  64.79  62.85  63.11  3735500  63.11
2011-08-31  62.89  63.78  62.85  63.45  2997000  63.45
2011-08-30  62.73  63.23  61.75  62.8  2302500  62.8
2011-08-29  61.65  63.06  61.22  63.06  2544500  63.06
2011-08-26  59.02  61.35  58.11  60.84  4243000  60.84
2011-08-25  60.27  61.19  58.46  59.2  3711800  59.2
2011-08-24  59.42  61.0  58.8  60.42  3925100  60.42
2011-08-23  56.61  59.77  56.38  59.72  3930300  59.72
2011-08-22  56.57  58.57  56.0  56.47  6073800  56.47
2011-08-19  53.6  57.21  53.54  55.01  7924300  55.01
2011-08-18  60.03  60.36  53.93  54.46  10181000  54.46
2011-08-17  62.96  63.28  61.62  62.31  3257000  62.31
2011-08-16  63.23  63.38  61.62  62.73  4438400  62.73
2011-08-15  64.31  64.91  62.68  63.93  3678900  63.93
2011-08-12  63.27  64.93  62.1  64.6  3254400  64.6
2011-08-11  61.07  63.64  61.07  62.99  4995300  62.99
2011-08-10  63.42  63.99  60.56  60.83  5267800  60.83
2011-08-09  62.95  64.87  59.7  64.86  6427000  64.86
2011-08-08  65.57  66.97  61.55  61.58  5875400  61.58
2011-08-05  69.35  70.1  65.9  67.94  5335500  67.94
2011-08-04  71.39  71.89  68.74  68.79  4433300  68.79
2011-08-03  70.77  73.07  70.77  72.71  4362600  72.71
2011-08-02  72.71  74.49  70.29  70.37  6523600  70.37
2011-08-01  70.5  71.65  69.47  70.7  4020700  70.7
2011-07-29  69.01  70.1  68.38  69.87  2926800  69.87
2011-07-28  69.93  70.76  69.5  69.77  2441500  69.77
2011-07-27  73.1  73.18  69.22  69.88  3529100  69.88
2011-07-26  74.32  74.37  73.09  73.72  2123800  73.72
2011-07-25  73.09  74.53  73.01  74.32  1771200  74.32
2011-07-22  73.57  74.16  73.22  73.77  1323200  73.77
2011-07-21  73.33  74.35  72.83  73.45  1920600  73.45
2011-07-20  74.26  74.37  72.96  73.04  1671900  73.04
2011-07-19  73.22  74.62  73.2  74.46  1580900  74.46
2011-07-18  73.7  73.71  71.98  72.36  1589600  72.36
2011-07-15  73.56  74.16  73.11  74.06  2267400  74.06
2011-07-14  74.62  75.57  72.81  72.98  2222000  72.98
2011-07-13  74.12  75.2  73.66  74.02  2155500  74.02
2011-07-12  73.38  74.08  72.69  73.54  3103000  73.54
2011-07-11  75.6  76.21  74.36  74.76  1775000  74.76
2011-07-08  76.87  77.61  75.53  76.38  2173200  76.38
2011-07-07  76.67  77.71  76.66  77.62  2295900  77.62
2011-07-06  75.6  76.11  75.54  76.0  1859800  76.0
2011-07-05  74.54  75.71  74.34  75.67  2016000  75.67
2011-07-01  73.48  74.86  73.12  74.8  2166700  74.8
2011-06-30  73.44  74.13  73.13  73.34  2319200  73.34
2011-06-29  73.63  73.85  72.54  73.08  2026200  73.08
2011-06-28  72.21  73.4  71.96  72.85  3108700  72.85
2011-06-27  71.02  72.26  70.59  71.88  2393300  71.88
2011-06-24  72.19  74.79  70.93  71.14  3618900  71.14
2011-06-23  70.75  72.24  70.13  72.1  2694900  72.1
2011-06-22  71.82  72.84  71.17  71.66  3254500  71.66
2011-06-21  68.07  72.12  68.06  72.06  5690500  72.06
2011-06-20  66.69  68.01  66.65  67.91  2893200  67.91
2011-06-17  66.55  68.95  66.35  67.65  7609900  67.65
2011-06-16  67.6  68.11  64.4  65.54  7389500  65.54
2011-06-15  69.83  70.04  67.56  67.6  5839900  67.6
2011-06-14  71.29  71.44  68.74  70.54  6238300  70.54
2011-06-13  70.71  73.46  70.69  70.71  3935600  70.71
2011-06-10  73.41  73.5  72.65  73.0  1918200  73.0
2011-06-09  72.97  74.09  72.8  73.59  1640800  73.59
2011-06-08  73.91  74.06  72.67  72.83  1951600  72.83
2011-06-07  74.4  75.03  74.18  74.24  1638300  74.24
2011-06-06  73.72  74.84  73.56  74.21  2594400  74.21
2011-06-03  74.32  74.98  73.8  73.81  2105800  73.81
2011-06-02  74.97  75.62  74.38  75.36  2682900  75.36
2011-06-01  75.78  76.36  74.37  74.41  2084900  74.41
2011-05-31  75.4  76.36  75.25  76.04  2232100  76.04
2011-05-27  75.08  75.61  74.5  74.77  1657300  74.77
2011-05-26  74.39  75.63  74.03  75.25  3332700  75.25
2011-05-25  73.75  74.1  72.07  73.75  2255300  73.75
2011-05-24  72.36  72.89  72.17  72.68  1934100  72.68
2011-05-23  72.63  72.87  71.69  72.19  3306000  72.19
2011-05-20  73.52  74.66  73.4  74.05  2145500  74.05
2011-05-19  73.74  73.95  73.03  73.69  2904800  73.69
2011-05-18  73.52  73.8  72.4  73.37  3394400  73.37
2011-05-17  73.13  73.9  72.39  73.72  3323700  73.72
2011-05-16  75.7  76.22  73.6  73.75  3155600  73.75
2011-05-13  77.83  77.88  76.47  76.47  1621700  76.47
2011-05-12  76.49  78.04  76.12  78.01  2000000  78.01
2011-05-11  78.74  78.75  75.94  76.75  2100000  76.75
2011-05-10  77.81  78.53  77.3  78.46  1694900  78.46
2011-05-09  76.76  78.0  76.65  77.42  1416100  77.42
2011-05-06  77.66  78.29  76.31  76.77  3412000  76.77
2011-05-05  77.01  78.04  76.2  76.52  3100000  76.52
2011-05-04  77.47  78.49  76.3  77.27  3739600  77.27
2011-05-03  78.17  78.26  73.57  77.52  14302600  77.52
2011-05-02  83.45  83.48  82.05  82.21  2304200  82.21
2011-04-29  81.09  83.23  80.9  82.9  3038000  82.9
2011-04-28  81.57  82.55  81.04  81.44  1400000  81.44
2011-04-27  82.14  82.14  80.94  81.79  2262500  81.79
2011-04-26  82.11  82.3  81.35  81.95  2500000  81.95
2011-04-25  82.9  82.9  81.13  81.83  1617700  81.83
2011-04-21  82.02  82.93  81.91  82.47  1742300  82.47
2011-04-20  80.97  82.06  80.46  82.04  1968200  82.04
2011-04-19  77.87  79.31  77.86  79.28  1682100  79.28
2011-04-18  77.75  78.02  76.77  77.97  2573400  77.97
2011-04-15  78.97  79.51  78.02  78.72  6104000  78.72
2011-04-14  79.51  81.03  79.32  80.78  1870100  80.78
2011-04-13  80.59  80.76  79.69  80.25  1492400  80.25
2011-04-12  80.09  80.58  79.45  79.92  1667200  79.92
2011-04-11  80.7  81.13  80.04  80.5  1421500  80.5
2011-04-08  81.11  81.16  79.58  80.26  1500200  80.26
2011-04-07  81.18  81.81  80.42  80.81  1436000  80.81
2011-04-06  82.72  82.72  80.61  81.39  1589200  81.39
2011-04-05  82.13  82.59  81.76  82.01  1848400  82.01
2011-04-04  82.56  82.76  81.86  82.35  1361300  82.35
2011-04-01  81.83  82.86  81.3  82.41  1741400  82.41
2011-03-31  81.51  81.85  81.22  81.4  1602600  81.4
2011-03-30  81.53  81.78  81.13  81.65  1508100  81.65
2011-03-29  79.56  80.93  79.15  80.93  1506300  80.93
2011-03-28  80.31  80.45  79.51  79.57  1938800  79.57
2011-03-25  80.45  81.17  80.03  80.03  3236600  80.03
2011-03-24  77.5  79.81  77.18  79.79  2635600  79.79
2011-03-23  76.87  77.17  75.5  76.87  1728900  76.87
2011-03-22  75.6  77.44  75.45  76.87  2644000  76.87
2011-03-21  75.09  75.81  74.78  75.61  1819400  75.61
2011-03-18  75.55  75.64  73.73  74.19  3210900  74.19
2011-03-17  74.17  74.87  73.2  74.7  2089900  74.7
2011-03-16  73.62  74.22  72.38  72.93  2330700  72.93
2011-03-15  72.67  74.48  70.53  74.0  2576500  74.0
2011-03-14  75.64  76.3  74.79  75.37  1245100  75.37
2011-03-11  76.05  76.69  74.9  76.37  2241000  76.37
2011-03-10  77.38  77.76  76.01  76.11  3482800  76.11
2011-03-09  77.34  78.69  77.25  78.41  3665100  78.41
2011-03-08  75.78  77.96  75.66  77.79  2338900  77.79
2011-03-07  76.73  76.81  75.37  75.91  2364100  75.91
2011-03-04  76.93  76.98  75.37  76.32  1582500  76.32
2011-03-03  75.05  77.2  74.9  76.84  2050600  76.84
2011-03-02  74.36  75.57  73.98  74.57  2276300  74.57
2011-03-01  77.05  77.25  74.39  74.49  2758800  74.49
2011-02-28  76.92  77.11  75.65  76.87  2091700  76.87
2011-02-25  75.2  76.6  75.0  76.51  1868300  76.51
2011-02-24  73.92  75.09  73.72  74.93  2899300  74.93
2011-02-23  75.04  75.23  73.25  73.91  3261600  73.91
2011-02-22  76.66  77.04  75.46  75.55  2683300  75.55
2011-02-18  76.91  77.74  76.39  77.73  2636200  77.73
2011-02-17  75.99  77.26  75.97  76.88  1365300  76.88
2011-02-16  76.64  76.88  76.03  76.64  1676000  76.64
2011-02-15  76.04  76.88  75.89  76.5  2012000  76.5
2011-02-14  75.34  76.4  75.32  76.38  1594000  76.38
2011-02-11  75.09  75.54  74.34  75.5  1593300  75.5
2011-02-10  73.75  75.38  73.6  75.35  1965600  75.35
2011-02-09  76.21  76.42  74.02  74.22  2734700  74.22
2011-02-08  75.07  77.08  73.95  76.73  3037200  76.73
2011-02-07  74.02  76.44  73.63  74.72  4131500  74.72
2011-02-04  75.1  75.6  74.01  75.42  3407500  75.42
2011-02-03  76.0  76.49  74.75  74.88  3003700  74.88
2011-02-02  75.05  76.16  74.99  76.16  2550700  76.16
2011-02-01  73.36  75.5  73.31  75.35  2906300  75.35
2011-01-31  71.95  73.64  71.73  72.95  1971700  72.95
2011-01-28  73.33  73.45  70.65  71.63  2226800  71.63
2011-01-27  73.23  73.47  73.0  73.17  1730300  73.17
2011-01-26  73.25  73.67  72.86  73.22  3037900  73.22
2011-01-25  73.76  73.79  72.57  73.35  1470600  73.35
2011-01-24  73.13  74.58  73.13  74.27  2007700  74.27
2011-01-21  73.92  74.54  72.88  73.05  2306500  73.05
2011-01-20  74.11  74.68  73.25  73.61  2095100  73.61
2011-01-19  75.5  75.5  73.78  74.55  2148100  74.55
2011-01-18  75.32  76.45  75.28  75.51  2362700  75.51
2011-01-14  74.5  75.13  74.35  75.01  2384800  75.01
2011-01-13  74.76  75.35  73.54  74.59  3223600  74.59
2011-01-12  76.2  76.3  75.0  75.24  1975200  75.24
2011-01-11  75.49  75.7  75.08  75.51  1926900  75.51
2011-01-10  75.1  75.66  74.62  75.34  1837400  75.34
2011-01-07  74.99  75.52  74.36  75.09  2147500  75.09
2011-01-06  76.24  76.36  75.1  75.51  2205100  75.51
2011-01-05  73.87  76.2  73.87  76.19  2318200  76.19
2011-01-04  75.62  75.62  73.58  74.16  3031100  74.16
2011-01-03  74.14  75.86  74.12  75.36  2904900  75.36
2010-12-31  73.76  73.98  73.2  73.29  1297100  73.29
2010-12-30  74.13  74.79  73.76  73.84  1216100  73.84
2010-12-29  73.1  74.51  73.02  74.16  1415500  74.16
2010-12-28  73.05  73.46  72.86  73.15  965900  73.15
2010-12-27  72.73  73.46  72.11  73.09  692200  73.09
2010-12-23  72.61  72.9  72.44  72.83  915500  72.83
2010-12-22  73.09  73.18  72.68  72.82  1253200  72.82
2010-12-21  72.73  72.99  72.23  72.85  1726000  72.85
2010-12-20  73.15  73.3  71.83  72.3  2619400  72.3
2010-12-17  71.04  72.65  70.75  72.4  5845100  72.4
2010-12-16  69.25  70.56  69.04  70.41  2306100  70.41
2010-12-15  69.66  70.0  68.96  69.24  2462300  69.24
2010-12-14  70.31  70.57  69.45  69.68  2087500  69.68
2010-12-13  70.81  71.0  70.01  70.28  1906500  70.28
2010-12-10  70.63  70.75  70.0  70.31  1636800  70.31
2010-12-09  70.11  70.74  70.05  70.59  1653200  70.59
2010-12-08  69.45  69.99  69.25  69.91  1309200  69.91
2010-12-07  70.71  71.0  69.0  69.18  2005400  69.18
2010-12-06  70.22  71.29  69.57  69.8  3015800  69.8
2010-12-03  69.1  69.7  68.75  69.31  2416500  69.31
2010-12-02  67.0  69.65  66.8  69.32  3700200  69.32
2010-12-01  65.65  66.95  65.65  66.89  2154000  66.89
2010-11-30  64.74  65.31  64.67  64.98  1865900  64.98
2010-11-29  65.79  65.88  64.69  65.63  1985300  65.63
2010-11-26  65.68  66.6  65.39  66.25  830800  66.25
2010-11-24  65.71  66.15  65.45  66.12  1867100  66.12
2010-11-23  65.12  65.53  64.53  65.35  2591600  65.35
2010-11-22  64.72  66.05  64.5  65.98  2210100  65.98
2010-11-19  64.74  65.51  64.36  65.24  3093600  65.24
2010-11-18  63.69  65.37  63.48  64.67  3886700  64.67
2010-11-17  61.63  62.9  61.51  62.78  2990400  62.78
2010-11-16  62.55  63.06  61.26  61.75  3042000  61.75
2010-11-15  63.41  64.05  63.18  63.42  2253900  63.42
2010-11-12  63.19  63.67  62.1  63.23  2144600  63.23
2010-11-11  62.79  63.97  62.44  63.79  2448400  63.79
2010-11-10  63.28  64.05  62.74  63.58  3186700  63.58
2010-11-09  63.25  64.6  63.0  63.45  3051300  63.45
2010-11-08  62.98  63.22  62.6  62.99  2670700  62.99
2010-11-05  64.35  64.5  63.11  63.36  2848200  63.36
2010-11-04  64.68  64.96  63.95  64.28  3427300  64.28
2010-11-03  65.8  65.81  63.7  64.26  3302700  64.26
2010-11-02  65.87  66.09  64.62  65.55  2453400  65.55
2010-11-01  66.89  66.9  61.87  65.04  7228600  65.04
2010-10-29  67.03  67.03  65.18  65.19  3957300  65.19
2010-10-28  67.09  67.38  65.55  67.18  2854300  67.18
2010-10-27  66.42  66.79  65.53  66.01  3517600  66.01
2010-10-26  66.9  67.81  66.31  66.9  1943800  66.9
2010-10-25  68.6  68.87  67.14  67.26  2093200  67.26
2010-10-22  67.1  68.25  66.76  67.96  1712200  67.96
2010-10-21  66.8  68.29  66.41  67.08  3091800  67.08
2010-10-20  65.28  66.42  65.2  66.13  1834900  66.13
2010-10-19  65.72  65.96  64.5  65.03  2081400  65.03
2010-10-18  66.66  66.75  66.07  66.49  2532100  66.49
2010-10-15  65.49  66.78  65.33  66.55  4982600  66.55
2010-10-14  65.29  65.6  64.83  64.99  2188600  64.99
2010-10-13  65.24  66.1  65.14  65.4  2718000  65.4
2010-10-12  63.61  64.94  62.67  64.83  2855700  64.83
2010-10-11  64.62  65.75  63.46  63.62  3299300  63.62
2010-10-08  64.49  64.61  63.47  64.2  2445200  64.2
2010-10-07  64.89  64.97  63.86  64.3  2013700  64.3
2010-10-06  65.72  65.92  64.25  64.69  2460400  64.69
2010-10-05  65.17  66.17  65.1  65.94  3060700  65.94
2010-10-04  65.9  65.94  64.04  64.65  1881100  64.65
2010-10-01  65.27  67.07  65.1  65.8  3376100  65.8
2010-09-30  65.25  65.75  63.93  64.47  2163100  64.47
2010-09-29  64.84  65.36  64.33  64.76  2283300  64.76
2010-09-28  64.25  65.35  63.46  65.17  2989000  65.17
2010-09-27  64.19  64.28  63.62  63.84  1749600  63.84
2010-09-24  64.1  64.55  63.84  64.22  2361200  64.22
2010-09-23  62.06  63.57  62.0  63.13  3536600  63.13
2010-09-22  63.22  63.74  62.04  62.43  3329900  62.43
2010-09-21  64.15  64.25  62.94  63.49  3401000  63.49
2010-09-20  64.48  64.63  63.1  64.19  4386100  64.19
2010-09-17  63.78  64.15  63.53  64.11  3141800  64.11
2010-09-16  63.45  63.56  62.95  63.53  2010000  63.53
2010-09-15  63.8  63.99  61.97  63.42  4511200  63.42
2010-09-14  63.84  64.5  63.68  64.22  2180800  64.22
2010-09-13  63.2  64.43  63.2  63.89  2529300  63.89
2010-09-10  61.98  62.6  61.72  62.56  2165300  62.56
2010-09-09  63.9  63.97  61.27  61.74  4241600  61.74
2010-09-08  62.46  63.88  62.21  63.26  2756500  63.26
2010-09-07  62.15  62.66  62.03  62.23  2751100  62.23
2010-09-03  61.18  62.4  61.18  62.37  3357400  62.37
2010-09-02  59.56  60.95  59.41  60.92  2618000  60.92
2010-09-01  58.64  60.1  58.57  59.76  2660300  59.76
2010-08-31  57.15  58.0  56.58  57.61  2661700  57.61
2010-08-30  58.31  58.8  57.5  57.5  1807600  57.5
2010-08-27  58.02  58.67  56.55  58.59  2695200  58.59
2010-08-26  58.46  58.48  57.45  57.52  2489000  57.52
2010-08-25  57.53  58.43  57.27  58.18  2773800  58.18
2010-08-24  58.46  58.57  57.69  58.21  2941800  58.21
2010-08-23  59.93  60.23  58.92  59.06  2213900  59.06
2010-08-20  58.92  59.71  58.54  59.61  2997400  59.61
2010-08-19  59.58  60.05  58.78  59.07  2501400  59.07
2010-08-18  59.57  60.75  59.47  59.98  2905900  59.98
2010-08-17  58.8  60.33  58.63  59.86  2866200  59.86
2010-08-16  57.98  58.76  57.55  58.49  1646700  58.49
2010-08-13  58.51  58.88  58.12  58.28  2062900  58.28
2010-08-12  58.2  59.22  57.6  58.94  3105800  58.94
2010-08-11  59.81  60.0  58.81  59.29  2758200  59.29
2010-08-10  60.39  61.5  60.13  61.18  2498400  61.18
2010-08-09  61.06  61.49  60.6  61.27  2809400  61.27
2010-08-06  60.06  61.0  59.54  60.93  3328400  60.93
2010-08-05  60.5  61.27  60.32  61.0  3409600  61.0
2010-08-04  60.59  61.75  60.47  61.57  3421300  61.57
2010-08-03  61.86  63.94  59.85  60.62  11096700  60.62
2010-08-02  55.51  55.91  54.69  55.42  4069800  55.42
2010-07-30  53.16  54.94  53.16  54.56  2759000  54.56
2010-07-29  54.73  55.24  53.16  53.94  3118200  53.94
2010-07-28  54.52  54.96  54.1  54.33  1664100  54.33
2010-07-27  55.69  56.08  54.41  54.73  2935900  54.73
2010-07-26  55.44  55.67  54.85  55.31  2571300  55.31
2010-07-23  53.84  55.38  53.57  55.34  4353000  55.34
2010-07-22  53.56  54.29  53.27  54.1  3402100  54.1
2010-07-21  54.77  54.77  52.85  53.07  3379700  53.07
2010-07-20  52.74  54.49  52.5  54.46  3151500  54.46
2010-07-19  52.77  54.0  52.77  53.85  2424400  53.85
2010-07-16  53.78  54.4  52.48  52.63  3840200  52.63
2010-07-15  53.73  54.25  53.25  54.16  3395800  54.16
2010-07-14  54.17  54.22  53.5  53.79  3036600  53.79
2010-07-13  52.45  54.69  52.44  53.83  6108700  53.83
2010-07-12  53.28  53.94  52.94  53.24  2622000  53.24
2010-07-09  52.65  53.51  52.57  53.46  2409300  53.46
2010-07-08  52.21  53.36  52.1  52.74  4417500  52.74
2010-07-07  49.85  51.79  49.55  51.7  4053600  51.7
2010-07-06  49.98  50.35  48.98  49.57  3661400  49.57
2010-07-02  50.9  50.9  49.1  49.38  3579500  49.38
2010-07-01  49.96  50.57  49.26  50.33  5529600  50.33
2010-06-30  50.37  51.31  49.83  50.06  4413600  50.06
2010-06-29  51.56  52.07  50.03  50.55  3540100  50.55
2010-06-28  52.69  53.34  52.35  52.87  4116200  52.87
2010-06-25  52.14  53.65  51.75  52.58  7875600  52.58
2010-06-24  51.88  52.3  51.43  51.7  2785800  51.7
2010-06-23  52.53  52.78  51.77  52.2  2753700  52.2
2010-06-22  53.54  53.73  52.18  52.38  3371100  52.38
2010-06-21  54.31  54.81  53.0  53.34  3169100  53.34
2010-06-18  53.67  54.56  53.36  53.57  3700400  53.57
2010-06-17  54.25  54.25  53.22  53.68  2937600  53.68
2010-06-16  53.35  54.2  53.16  53.99  3419600  53.99
2010-06-15  52.2  53.83  52.18  53.77  3450100  53.77
2010-06-14  52.16  53.39  52.07  52.13  3056900  52.13
2010-06-11  50.67  51.88  50.58  51.79  1482100  51.79
2010-06-10  50.84  51.51  50.35  51.44  3054200  51.44
2010-06-09  49.93  50.93  49.61  49.82  3054100  49.82
2010-06-08  49.48  49.81  48.53  49.78  4070300  49.78
2010-06-07  50.3  50.75  49.51  49.62  3307600  49.62
2010-06-04  51.21  52.03  50.1  50.24  4677700  50.24
2010-06-03  50.99  52.37  50.9  52.24  5250600  52.24
2010-06-02  49.18  50.99  48.64  50.99  3173000  50.99
2010-06-01  48.8  50.43  48.79  49.14  2643900  49.14
2010-05-28  50.46  50.79  49.62  50.04  2899600  50.04
2010-05-27  49.93  50.76  49.67  50.76  2723100  50.76
2010-05-26  49.41  50.5  48.69  48.89  3494800  48.89
2010-05-25  47.12  49.06  46.81  49.05  4583800  49.05
2010-05-24  48.8  49.38  48.47  48.62  5330800  48.62
2010-05-21  46.16  49.51  45.85  49.49  7763000  49.49
2010-05-20  47.23  48.01  46.48  46.98  6050100  46.98
2010-05-19  48.56  49.35  47.75  48.53  3773300  48.53
2010-05-18  50.02  50.36  48.75  48.94  2829600  48.94
2010-05-17  50.05  50.31  48.16  49.43  4556200  49.43
2010-05-14  51.45  51.48  48.94  49.89  5542700  49.89
2010-05-13  52.45  52.89  51.69  51.76  2695800  51.76
2010-05-12  51.43  52.5  51.3  52.49  4287700  52.49
2010-05-11  51.07  52.23  50.25  51.42  4866200  51.42
2010-05-10  48.99  51.8  48.31  51.8  6316400  51.8
2010-05-07  48.0  49.03  46.5  47.52  7414200  47.52
2010-05-06  50.68  51.13  45.95  48.75  5580100  48.75
2010-05-05  51.45  51.49  47.73  50.99  4920500  50.99
2010-05-04  53.3  53.3  50.75  51.8  6858500  51.8
2010-05-03  51.25  52.14  51.02  52.02  3110900  52.02
2010-04-30  51.49  52.54  51.11  51.11  2443200  51.11
2010-04-29  51.2  52.44  51.17  52.05  2593400  52.05
2010-04-28  51.62  51.73  50.47  50.98  3281300  50.98
2010-04-27  52.94  53.17  51.39  51.49  3324300  51.49
2010-04-26  53.54  53.73  53.07  53.2  2344800  53.2
2010-04-23  53.89  53.99  52.9  53.33  3180500  53.33
2010-04-22  52.25  53.78  51.94  53.69  2598500  53.69
2010-04-21  52.84  52.87  52.32  52.77  2279400  52.77
2010-04-20  52.53  53.09  52.15  53.02  2690700  53.02
2010-04-19  52.08  52.21  51.07  52.05  4176000  52.05
2010-04-16  53.61  53.79  52.7  52.77  4316800  52.77
2010-04-15  53.73  53.79  53.26  53.66  2777600  53.66
2010-04-14  54.07  54.23  53.72  53.93  3186600  53.93
2010-04-13  52.29  54.35  52.22  53.67  7214300  53.67
2010-04-12  51.88  52.18  51.5  51.96  2785300  51.96
2010-04-09  50.93  51.72  50.81  51.72  2436100  51.72
2010-04-08  50.71  51.21  50.19  50.89  2359900  50.89
2010-04-07  51.99  52.1  50.93  51.11  3305600  51.11
2010-04-06  51.58  52.61  51.54  52.25  2267000  52.25
2010-04-05  51.13  52.23  50.92  51.98  3533400  51.98
2010-04-01  51.21  51.29  50.25  50.81  2823700  50.81
2010-03-31  51.15  51.43  50.89  50.98  2254500  50.98
2010-03-30  51.16  51.65  51.02  51.46  1909900  51.46
2010-03-29  50.95  51.39  50.87  51.14  1957800  51.14
2010-03-26  51.42  51.75  50.82  51.09  2441700  51.09
2010-03-25  52.16  52.32  51.4  51.46  2949700  51.46
2010-03-24  52.4  52.68  51.89  51.92  2729900  51.92
2010-03-23  52.1  52.63  51.66  52.52  3254700  52.52
2010-03-22  51.02  52.02  51.0  51.87  2120300  51.87
2010-03-19  52.04  52.22  50.98  51.25  5122600  51.25
2010-03-18  51.59  51.92  51.42  51.83  1937200  51.83
2010-03-17  51.35  52.02  51.35  51.62  2070800  51.62
2010-03-16  50.95  51.27  50.8  51.26  2571900  51.26
2010-03-15  50.72  50.92  50.34  50.85  2331300  50.85
2010-03-12  51.1  51.1  50.68  50.8  2067900  50.8
2010-03-11  50.54  51.06  50.42  51.01  2832400  51.01
2010-03-10  50.15  50.88  50.04  50.81  2882500  50.81
2010-03-09  50.0  50.64  49.83  50.29  2790800  50.29
2010-03-08  50.88  50.88  49.96  50.02  3331900  50.02
2010-03-05  50.0  50.78  49.75  50.67  2616300  50.67
2010-03-04  49.78  50.16  49.09  49.63  3661600  49.63
2010-03-03  51.1  51.17  49.68  49.84  4558000  49.84
2010-03-02  50.56  51.31  50.56  51.01  6629300  51.01
2010-03-01  48.48  50.5  48.16  50.48  7197900  50.48
2010-02-26  48.14  48.23  47.74  48.13  3901300  48.13
2010-02-25  47.38  48.17  47.01  48.16  4292800  48.16
2010-02-24  47.51  48.28  47.42  48.17  4276500  48.17
2010-02-23  47.07  47.48  46.95  47.22  3426500  47.22
2010-02-22  47.78  47.78  46.94  47.33  3502200  47.33
2010-02-19  47.21  47.75  47.04  47.51  3859600  47.51
2010-02-18  47.23  47.43  47.01  47.3  3062100  47.3
2010-02-17  47.62  47.62  46.99  47.19  2950100  47.19
2010-02-16  47.35  48.34  46.81  47.43  3703300  47.43
2010-02-12  46.5  47.34  46.09  47.16  5037600  47.16
2010-02-11  46.26  47.24  45.79  47.16  4055400  47.16
2010-02-10  46.47  46.64  46.06  46.34  4138500  46.34
2010-02-09  45.23  46.66  44.89  46.49  8692500  46.49
2010-02-08  43.32  44.3  43.29  43.74  3684100  43.74
2010-02-05  43.0  43.7  42.08  43.66  4478000  43.66
2010-02-04  44.75  44.83  43.12  43.12  4143600  43.12
2010-02-03  44.66  45.3  44.53  45.17  1802600  45.17
2010-02-02  44.64  45.27  44.08  45.17  2994800  45.17
2010-02-01  43.8  44.69  43.67  44.69  3166000  44.69
2010-01-29  44.84  45.59  43.58  43.66  4498100  43.66
2010-01-28  45.83  46.06  44.11  44.56  5160800  44.56
2010-01-27  45.44  46.18  44.96  46.09  3265400  46.09
2010-01-26  45.07  46.14  44.51  45.57  3637200  45.57
2010-01-25  45.4  45.64  44.81  45.28  3807600  45.28
2010-01-22  46.78  47.09  44.92  45.17  5547000  45.17
2010-01-21  47.28  47.6  46.48  46.8  4481500  46.8
2010-01-20  47.93  48.13  46.79  47.16  3302200  47.16
2010-01-19  47.82  48.34  47.66  48.31  2893300  48.31
2010-01-15  47.98  48.55  47.57  47.92  3158900  47.92
2010-01-14  48.54  48.77  47.87  48.11  2737400  48.11
2010-01-13  47.5  48.95  47.34  48.78  4012900  48.78
2010-01-12  47.5  48.49  46.86  47.2  5287900  47.2
2010-01-11  47.15  47.18  45.79  46.48  3551900  46.48
2010-01-08  45.61  46.88  45.07  46.86  4268100  46.86
2010-01-07  47.32  47.48  45.42  45.54  4027300  45.54
2010-01-06  47.53  47.75  47.06  47.33  3135200  47.33
2010-01-05  46.82  47.65  46.27  47.33  4496700  47.33
2010-01-04  45.64  46.8  45.64  46.8  2882600  46.8
