Date  Open  High  Low  Close  Volume  Adj Close
2014-02-28  77.0  77.54  76.24  76.49  3804000  76.49
2014-02-27  76.36  77.13  76.33  77.03  2558100  77.03
2014-02-26  76.85  77.2  76.55  76.82  2674800  76.82
2014-02-25  76.44  77.07  76.21  76.82  2655800  76.82
2014-02-24  76.38  77.09  76.3  76.56  2665200  76.56
2014-02-21  75.99  76.32  75.67  76.15  2675800  76.15
2014-02-20  75.49  76.33  75.04  76.11  2379400  76.11
2014-02-19  75.75  76.49  75.2  75.28  2599800  75.28
2014-02-18  76.15  76.58  75.84  75.94  2353400  75.94
2014-02-14  76.16  76.6  75.83  76.43  2254400  76.43
2014-02-13  74.92  76.32  74.78  76.22  2407100  76.22
2014-02-12  75.7  75.98  75.36  75.55  2094200  75.55
2014-02-11  75.37  75.88  75.13  75.39  2520900  75.39
2014-02-10  75.26  75.26  74.57  75.07  3140100  75.07
2014-02-07  74.29  75.29  73.85  75.12  3152700  75.12
2014-02-06  72.3  73.73  72.14  73.71  2980400  73.71
2014-02-05  72.6  72.91  71.89  72.49  2724400  72.49
2014-02-04  72.82  73.37  72.32  72.93  3430900  72.93
2014-02-03  74.53  75.13  72.5  72.56  4224200  72.56
2014-01-31  74.27  75.01  73.93  74.39  3219900  74.39
2014-01-30  75.44  75.68  74.85  75.3  3309400  75.3
2014-01-29  74.52  75.77  74.51  75.13  3833000  75.13
2014-01-28  74.97  76.57  74.14  75.21  4370400  75.21
2014-01-27  74.39  74.79  73.65  74.1  3594100  74.1
2014-01-24  76.34  76.59  74.12  74.13  4018500  74.13
2014-01-23  77.2  77.36  76.7  77.11  1823700  77.11
2014-01-22  78.05  78.21  77.1  77.94  2602800  77.94
2014-01-21  78.6  78.8  77.67  78.0  4901200  78.0
2014-01-17  78.63  78.63  77.66  77.87  2638300  77.87
2014-01-16  78.21  78.64  78.04  78.53  2517600  78.53
2014-01-15  78.33  78.37  77.69  78.21  2831200  78.21
2014-01-14  77.61  78.3  76.9  78.26  4642100  78.26
2014-01-13  77.32  77.55  76.09  76.15  2572000  76.15
2014-01-10  77.6  77.73  76.87  77.68  2067200  77.68
2014-01-09  77.12  77.57  76.58  77.48  3084600  77.48
2014-01-08  76.39  76.92  76.28  76.56  2276500  76.56
2014-01-07  76.15  76.57  75.94  76.52  2006400  76.52
2014-01-06  76.95  77.21  75.85  75.89  1955800  75.89
2014-01-03  76.45  76.96  76.33  76.56  1190800  76.56
2014-01-02  76.66  77.01  76.1  76.45  2010400  76.45
2013-12-31  77.11  77.33  76.85  77.2  1054100  77.2
2013-12-30  76.99  77.13  76.62  76.82  971400  76.82
2013-12-27  77.17  77.39  76.79  77.05  835600  77.05
2013-12-26  77.0  77.06  76.76  76.92  1912800  76.92
2013-12-24  76.58  77.14  76.58  76.77  1071900  76.77
2013-12-23  76.94  77.3  76.42  76.72  2249300  76.72
2013-12-20  76.31  77.06  76.26  76.52  3428500  76.52
2013-12-19  76.52  76.65  75.96  76.56  2416400  76.56
2013-12-18  74.73  76.98  74.58  76.83  3326100  76.83
2013-12-17  75.48  75.71  74.52  74.74  2247600  74.74
2013-12-16  74.22  75.52  74.09  75.29  3493200  75.29
2013-12-13  74.25  74.37  73.63  73.99  2696800  73.99
2013-12-12  72.87  74.58  72.86  74.23  3969000  74.23
2013-12-11  75.11  75.31  73.64  73.91  3088700  73.91
2013-12-10  75.02  75.31  74.53  75.13  1827100  75.13
2013-12-09  75.6  75.76  75.0  75.36  2028100  75.36
2013-12-06  74.46  75.27  74.27  75.1  1833300  75.1
2013-12-05  73.22  74.03  73.02  73.62  1902400  73.62
2013-12-04  73.37  74.27  72.89  73.64  1867700  73.64
2013-12-03  74.26  74.43  73.52  73.75  2363200  73.75
2013-12-02  74.57  75.24  74.34  74.55  2471700  74.55
2013-11-29  75.31  75.52  74.71  74.78  1343400  74.78
2013-11-27  75.7  75.91  75.16  75.34  1415900  75.34
2013-11-26  75.01  75.87  74.98  75.35  3621700  75.35
2013-11-25  74.98  74.98  74.34  74.5  1392900  74.5
2013-11-22  74.4  74.71  74.22  74.63  1938700  74.63
2013-11-21  74.18  74.38  73.87  74.31  1807000  74.31
2013-11-20  74.07  74.49  73.52  73.77  2213900  73.77
2013-11-19  74.5  74.73  74.0  74.11  1762800  74.11
2013-11-18  74.5  74.97  74.36  74.53  2821000  74.53
2013-11-15  74.15  74.72  74.03  74.47  3261800  74.47
2013-11-14  74.17  74.92  73.99  74.42  2912100  74.42
2013-11-13  73.57  73.82  73.41  73.74  2594300  73.74
2013-11-12  74.21  74.29  73.36  73.88  2271900  73.88
2013-11-11  74.58  74.75  74.04  74.34  1758500  74.34
2013-11-08  72.34  74.62  72.34  74.58  4666400  74.58
2013-11-07  73.04  73.26  71.68  71.79  1772200  71.79
2013-11-06  72.88  73.58  72.69  72.96  1725800  72.96
2013-11-05  72.64  72.75  72.24  72.57  1373000  72.57
2013-11-04  72.62  72.83  72.04  72.73  1917400  72.73
2013-11-01  72.26  72.76  72.02  72.61  2285000  72.61
2013-10-31  72.26  72.55  71.79  72.07  1464700  72.07
2013-10-30  72.52  72.8  71.99  72.02  1560700  72.02
2013-10-29  72.12  72.53  71.84  72.52  2287200  72.52
2013-10-28  72.12  72.41  71.71  72.14  1602700  72.14
2013-10-25  71.86  72.2  71.47  72.09  1722900  72.09
2013-10-24  71.93  72.22  71.5  72.03  1993100  72.03
2013-10-23  72.21  72.48  71.68  71.88  2031000  71.88
2013-10-22  72.0  72.46  71.83  72.22  2295000  72.22
2013-10-21  72.21  72.28  71.75  71.91  2613600  71.91
2013-10-18  72.67  72.67  71.63  71.98  4193900  71.98
2013-10-17  70.99  72.57  70.36  72.29  5891800  72.29
2013-10-16  69.21  69.4  68.78  69.13  4748400  69.13
2013-10-15  69.38  69.68  68.98  69.0  2432400  69.0
2013-10-14  68.95  69.69  68.82  69.53  1537200  69.53
2013-10-11  68.9  69.49  68.56  69.42  1438100  69.42
2013-10-10  67.89  69.02  67.8  68.96  2700500  68.96
2013-10-09  67.26  67.38  66.81  67.12  2927300  67.12
2013-10-08  67.86  68.5  67.24  67.29  2979500  67.29
2013-10-07  68.06  68.27  67.71  67.84  1715100  67.84
2013-10-04  67.99  68.86  67.8  68.5  1965900  68.5
2013-10-03  68.81  68.96  67.47  67.97  2547400  67.97
2013-10-02  69.14  69.14  68.36  69.11  2354600  69.11
2013-10-01  69.43  69.62  69.09  69.45  2442800  69.45
2013-09-30  69.31  69.77  69.08  69.3  2672900  69.3
2013-09-27  69.62  70.03  69.41  69.85  2376200  69.85
2013-09-26  69.6  70.12  69.34  69.75  1718100  69.75
2013-09-25  69.13  69.75  68.79  69.54  2602600  69.54
2013-09-24  69.54  69.6  68.84  68.89  2361300  68.89
2013-09-23  69.24  69.7  69.19  69.5  2158200  69.5
2013-09-20  70.27  70.67  69.52  69.52  5124400  69.52
2013-09-19  70.73  70.89  70.17  70.23  3979000  70.23
2013-09-18  69.95  70.5  69.63  70.44  2698600  70.44
2013-09-17  70.14  70.45  69.8  69.98  2602000  69.98
2013-09-16  70.36  70.59  69.82  70.06  2811000  70.06
2013-09-13  69.57  69.73  68.96  69.71  2467800  69.71
2013-09-12  69.27  69.5  69.0  69.4  2498400  69.4
2013-09-11  68.48  69.26  68.35  69.26  2087200  69.26
2013-09-10  68.13  68.89  68.01  68.41  2329100  68.41
2013-09-09  66.97  67.7  66.97  67.6  1368900  67.6
2013-09-06  67.27  67.54  66.36  66.78  1970800  66.78
2013-09-05  66.89  67.37  66.62  67.17  1384900  67.17
2013-09-04  65.64  67.09  65.64  66.96  2113400  66.96
2013-09-03  66.08  66.55  65.56  65.82  1693800  65.82
2013-08-30  65.69  65.77  65.2  65.47  1532600  65.47
2013-08-29  65.04  66.16  64.73  65.56  1289600  65.56
2013-08-28  65.25  65.67  65.02  65.25  1574500  65.25
2013-08-27  65.72  65.89  65.22  65.36  2410900  65.36
2013-08-26  67.18  67.44  66.57  66.59  1612100  66.59
2013-08-23  67.27  67.49  66.9  67.29  1781900  67.29
2013-08-22  66.35  67.49  66.21  67.24  1675900  67.24
2013-08-21  66.19  66.62  66.0  66.13  1936900  66.13
2013-08-20  66.85  66.85  66.17  66.27  2390400  66.27
2013-08-19  66.45  67.23  66.41  66.81  1952400  66.81
2013-08-16  66.46  66.78  66.26  66.68  2177700  66.68
2013-08-15  66.39  67.04  65.83  66.46  2419200  66.46
2013-08-14  67.35  67.4  66.5  66.62  1734400  66.62
2013-08-13  66.48  67.67  66.42  67.58  1760400  67.58
2013-08-12  66.49  66.83  66.28  66.47  2112000  66.47
2013-08-09  67.22  67.35  66.87  66.94  1557300  66.94
2013-08-08  67.75  67.93  67.18  67.28  2041200  67.28
2013-08-07  66.95  67.51  66.75  67.44  2339900  67.44
2013-08-06  67.07  67.12  66.73  67.0  2010700  67.0
2013-08-05  67.05  67.21  66.84  67.07  1592800  67.07
2013-08-02  67.58  67.58  66.92  67.18  2075200  67.18
2013-08-01  67.77  68.14  67.59  67.59  2788100  67.59
2013-07-31  67.15  67.93  67.12  67.29  2371800  67.29
2013-07-30  67.41  67.81  67.09  67.12  2108300  67.12
2013-07-29  66.42  67.19  66.17  67.14  2145400  67.14
2013-07-26  66.74  66.95  66.48  66.67  2375500  66.67
2013-07-25  67.1  67.38  66.78  67.23  3102100  67.23
2013-07-24  67.95  68.08  67.34  67.58  2671400  67.58
2013-07-23  68.2  68.35  67.79  67.85  2472300  67.85
2013-07-22  68.7  68.83  67.8  68.12  2776100  68.12
2013-07-19  67.95  68.97  67.62  68.64  2941000  68.64
2013-07-18  67.95  68.63  66.78  67.7  5498100  67.7
2013-07-17  68.23  68.58  68.09  68.36  3218000  68.36
2013-07-16  68.35  68.74  67.48  68.02  2521600  68.02
2013-07-15  68.46  68.58  68.08  68.35  3494800  68.35
2013-07-12  68.27  68.38  67.56  68.14  3039600  68.14
2013-07-11  68.53  68.95  67.75  68.3  4258000  68.3
2013-07-10  66.55  67.89  66.55  67.75  4701400  67.75
2013-07-09  65.29  66.62  65.29  66.57  4703900  66.57
2013-07-08  64.91  65.02  64.27  64.4  2789000  64.4
2013-07-05  64.13  64.58  63.98  64.56  1750500  64.56
2013-07-03  63.27  63.87  63.12  63.59  1099100  63.59
2013-07-02  64.55  64.73  63.42  63.64  3248600  63.64
2013-07-01  63.7  65.11  63.56  64.66  3759900  64.66
2013-06-28  63.39  63.68  62.99  63.26  4223500  63.26
2013-06-27  63.73  63.86  63.05  63.6  2530800  63.6
2013-06-26  62.78  63.62  62.67  63.31  3296200  63.31
2013-06-25  62.0  62.37  61.5  62.23  3110700  62.23
2013-06-24  61.57  62.22  61.16  61.59  3110600  61.59
2013-06-21  62.52  62.81  61.6  62.04  5977400  62.04
2013-06-20  62.92  63.16  62.03  62.19  3269300  62.19
2013-06-19  64.29  64.73  63.59  63.61  3497700  63.61
2013-06-18  63.25  64.53  63.01  64.29  2963600  64.29
2013-06-17  62.93  63.62  62.9  63.3  3072600  63.3
2013-06-14  62.35  62.76  62.05  62.45  2118500  62.45
2013-06-13  61.35  62.61  61.1  62.41  2247900  62.41
2013-06-12  62.36  62.36  61.29  61.33  2647600  61.33
2013-06-11  61.59  62.41  61.47  62.14  2290700  62.14
2013-06-10  62.15  62.55  61.9  62.22  2490300  62.22
2013-06-07  60.88  62.1  60.45  62.03  3385600  62.03
2013-06-06  60.43  60.53  59.58  60.36  4639600  60.36
2013-06-05  61.61  61.71  60.18  60.37  3459400  60.37
2013-06-04  62.16  62.7  61.37  61.72  2958900  61.72
2013-06-03  61.79  62.35  61.7  62.3  3148800  62.3
2013-05-31  62.14  62.67  61.75  61.75  2697500  61.75
2013-05-30  62.35  62.83  62.02  62.43  2098300  62.43
2013-05-29  62.03  62.41  61.83  62.14  2103700  62.14
2013-05-28  62.65  63.14  62.4  62.52  1980800  62.52
2013-05-24  61.93  62.32  61.64  62.03  2287500  62.03
2013-05-23  62.24  62.64  62.11  62.32  2822700  62.32
2013-05-22  63.76  63.97  62.41  62.69  2821000  62.69
2013-05-21  63.93  64.32  63.69  63.77  2351600  63.77
2013-05-20  63.11  64.02  63.03  64.0  3576800  64.0
2013-05-17  62.68  63.27  62.67  63.18  3837100  63.18
2013-05-16  61.69  62.78  61.67  62.2  4664100  62.2
2013-05-15  61.68  62.07  61.51  61.99  3952600  61.99
2013-05-14  61.62  62.01  61.55  61.78  3877800  61.78
2013-05-13  61.61  61.89  61.5  61.53  2302100  61.53
2013-05-10  61.65  61.88  61.46  61.83  1461300  61.83
2013-05-09  61.54  62.05  61.38  61.67  2008200  61.67
2013-05-08  61.43  61.65  61.28  61.57  2077700  61.57
2013-05-07  61.44  61.7  61.15  61.46  1767300  61.46
2013-05-06  60.72  61.38  60.47  61.24  2079100  61.24
2013-05-03  61.02  61.22  60.54  60.73  3772000  60.73
2013-05-02  60.26  60.58  60.03  60.39  2493400  60.39
2013-05-01  60.6  61.31  60.03  60.07  2867800  60.07
2013-04-30  60.22  61.46  60.01  60.87  5105000  60.87
2013-04-29  59.93  60.34  59.81  60.16  2103300  60.16
2013-04-26  60.31  60.68  59.86  59.87  2628700  59.87
2013-04-25  59.98  60.85  59.76  60.37  2620000  60.37
2013-04-24  59.19  60.2  58.96  59.89  3794700  59.89
2013-04-23  59.29  59.46  58.43  59.03  4403000  59.03
2013-04-22  59.06  59.36  58.44  58.93  2383800  58.93
2013-04-19  58.3  59.1  58.07  59.04  3531100  59.04
2013-04-18  57.9  58.5  57.55  57.99  9090800  57.99
2013-04-17  60.59  60.65  59.51  59.67  3411200  59.67
2013-04-16  60.17  60.91  60.0  60.89  2223400  60.89
2013-04-15  61.21  61.51  59.84  59.84  2883800  59.84
2013-04-12  61.71  61.91  61.09  61.49  1682200  61.49
2013-04-11  61.68  62.05  61.48  61.87  2368900  61.87
2013-04-10  60.67  61.77  60.4  61.71  2355400  61.71
2013-04-09  60.75  60.78  60.12  60.47  2592500  60.47
2013-04-08  60.46  60.83  60.32  60.7  1709300  60.7
2013-04-05  59.95  60.52  59.71  60.48  2697900  60.48
2013-04-04  61.1  61.4  60.55  60.68  3274700  60.68
2013-04-03  61.77  61.83  60.78  61.02  3527800  61.02
2013-04-02  61.93  61.98  61.49  61.67  2589800  61.67
2013-04-01  61.79  62.03  61.44  61.72  2188400  61.72
2013-03-28  61.77  62.16  61.52  62.08  2546500  62.08
2013-03-27  61.4  61.8  61.22  61.77  1865500  61.77
2013-03-26  61.35  61.79  61.2  61.77  1791000  61.77
2013-03-25  61.71  61.92  60.63  60.95  2857000  60.95
2013-03-22  61.19  61.69  61.02  61.58  2319100  61.58
2013-03-21  60.98  61.61  60.9  61.1  2285800  61.1
2013-03-20  61.38  61.71  61.0  61.22  2893000  61.22
2013-03-19  61.93  62.15  60.87  61.19  3478000  61.19
2013-03-18  61.88  62.11  61.58  61.72  2494100  61.72
2013-03-15  62.14  62.81  62.06  62.56  4215800  62.56
2013-03-14  62.16  62.51  62.13  62.51  1800500  62.51
2013-03-13  62.06  62.14  61.73  62.03  1973100  62.03
2013-03-12  62.21  62.38  61.77  62.07  2834400  62.07
2013-03-11  61.86  62.21  61.85  62.17  1740600  62.17
2013-03-08  61.74  61.98  61.45  61.85  2237100  61.85
2013-03-07  61.81  61.91  61.32  61.33  2049600  61.33
2013-03-06  62.23  62.37  61.58  61.68  2336000  61.68
2013-03-05  61.74  62.34  61.63  62.13  2027700  62.13
2013-03-04  61.43  61.59  60.8  61.57  2018700  61.57
2013-03-01  61.16  61.67  60.86  61.48  2345800  61.48
2013-02-28  61.31  61.9  61.04  61.51  2566400  61.51
2013-02-27  60.26  61.4  60.14  61.15  2298900  61.15
2013-02-26  60.05  60.46  60.03  60.21  2128600  60.21
2013-02-25  61.42  61.61  59.79  59.8  3214400  59.8
2013-02-22  61.02  61.37  60.92  61.37  2155700  61.37
2013-02-21  60.62  61.11  60.5  60.9  2733400  60.9
2013-02-20  61.78  61.91  60.8  60.88  3911600  60.88
2013-02-19  61.66  62.05  61.46  61.71  1996800  61.71
2013-02-15  61.09  61.81  60.75  61.59  3662500  61.59
2013-02-14  60.69  61.27  60.43  61.07  2789200  61.07
2013-02-13  61.11  61.22  60.48  60.93  2389700  60.93
2013-02-12  60.76  61.08  60.59  60.88  2290100  60.88
2013-02-11  60.69  60.74  60.24  60.59  1868000  60.59
2013-02-08  60.06  60.72  60.0  60.72  1532400  60.72
2013-02-07  60.49  60.54  59.77  60.08  2465000  60.08
2013-02-06  59.82  60.44  59.82  60.34  2281600  60.34
2013-02-05  60.25  60.73  60.15  60.59  2297900  60.59
2013-02-04  60.1  60.27  59.8  59.87  2444500  59.87
2013-02-01  60.22  60.45  59.94  60.38  3951900  60.38
2013-01-31  59.74  60.15  59.54  59.84  3450400  59.84
2013-01-30  60.74  60.81  59.76  59.91  3505400  59.91
2013-01-29  59.74  61.4  59.41  60.91  4193400  60.91
2013-01-28  60.74  61.34  60.22  60.62  3570100  60.62
2013-01-25  60.8  60.92  60.37  60.45  3255900  60.45
2013-01-24  60.42  61.05  60.32  60.41  2881200  60.41
2013-01-23  60.18  60.41  59.73  60.37  2978900  60.37
2013-01-22  60.29  60.66  60.11  60.31  4152500  60.31
2013-01-18  60.92  60.92  59.6  60.42  3732100  60.42
2013-01-17  60.3  60.9  59.93  60.62  2759500  60.62
2013-01-16  59.72  60.13  59.48  59.98  2357400  59.98
2013-01-15  59.34  59.94  59.13  59.9  2603500  59.9
2013-01-14  59.67  59.86  59.41  59.5  2426200  59.5
2013-01-11  59.82  59.97  59.44  59.69  3045200  59.69
2013-01-10  59.87  59.9  59.17  59.9  2904400  59.9
2013-01-09  59.91  60.41  59.25  59.71  7324600  59.71
2013-01-08  57.8  58.29  57.46  57.59  2757000  57.59
2013-01-07  59.71  59.78  57.72  58.0  4466100  58.0
2013-01-04  57.95  58.4  57.65  58.0  3576200  58.0
2013-01-03  57.27  58.3  57.27  57.94  5079700  57.94
2013-01-02  56.87  57.39  56.08  57.39  3888200  57.39
2012-12-31  54.75  55.87  54.49  55.82  2421600  55.82
2012-12-28  55.25  55.53  54.86  54.94  1672300  54.94
2012-12-27  55.49  55.91  55.08  55.7  1832200  55.7
2012-12-26  55.87  56.1  55.45  55.58  1545700  55.58
2012-12-24  55.91  56.12  55.64  55.86  637400  55.86
2012-12-21  55.65  56.15  55.45  55.98  3475800  55.98
2012-12-20  55.73  56.5  55.68  56.42  3208200  56.42
2012-12-19  56.22  56.31  55.58  55.59  3442100  55.59
2012-12-18  55.26  56.33  55.17  56.25  3196100  56.25
2012-12-17  54.68  55.34  54.61  55.32  3343100  55.32
2012-12-14  54.7  54.89  54.41  54.44  2410800  54.44
2012-12-13  54.5  55.13  54.25  54.81  4066100  54.81
2012-12-12  53.76  55.11  53.43  54.59  4776200  54.59
2012-12-11  53.47  53.89  53.28  53.42  3098000  53.42
2012-12-10  53.42  53.48  53.14  53.31  2604300  53.31
2012-12-07  53.33  53.54  52.83  53.39  1891700  53.39
2012-12-06  53.03  53.29  52.79  52.97  2746500  52.97
2012-12-05  53.33  53.73  52.72  53.25  3011200  53.25
2012-12-04  53.37  53.52  52.97  53.15  2880400  53.15
2012-12-03  54.3  54.36  53.27  53.32  3826900  53.32
2012-11-30  53.54  53.96  53.32  53.86  3517800  53.86
2012-11-29  53.01  53.66  52.89  53.53  3811100  53.53
2012-11-28  52.18  52.83  51.95  52.7  5014800  52.7
2012-11-27  52.61  52.69  52.02  52.11  4535300  52.11
2012-11-26  52.94  53.05  52.48  52.59  3041000  52.59
2012-11-23  53.03  53.39  52.93  53.38  1031400  53.38
2012-11-21  52.58  53.34  52.41  52.94  2519200  52.94
2012-11-20  52.49  52.54  52.1  52.54  2925900  52.54
2012-11-19  52.33  52.8  52.25  52.8  2881700  52.8
2012-11-16  51.61  52.07  51.36  51.89  4541200  51.89
2012-11-15  51.3  51.61  51.22  51.48  3878500  51.48
2012-11-14  52.19  52.35  51.24  51.31  4747200  51.31
2012-11-13  51.66  52.45  51.59  52.01  2993700  52.01
2012-11-12  51.96  52.29  51.79  51.97  1812400  51.97
2012-11-09  51.61  52.37  51.54  51.92  2844000  51.92
2012-11-08  51.9  52.17  51.75  51.77  3881200  51.77
2012-11-07  52.13  52.23  51.73  51.87  3878600  51.87
2012-11-06  52.25  53.01  52.17  52.7  3231300  52.7
2012-11-05  51.82  52.32  51.7  52.1  5561400  52.1
2012-11-02  52.62  52.92  51.8  51.85  6051400  51.85
2012-11-01  51.9  52.32  51.84  52.2  6509100  52.2
2012-10-31  52.44  53.35  51.56  51.63  4784900  51.63
2012-10-26  52.25  52.28  51.5  51.67  4696100  51.67
2012-10-25  50.6  52.43  50.53  52.15  12596800  52.15
2012-10-24  52.62  53.21  52.04  52.15  3533800  52.15
2012-10-23  52.06  52.5  51.4  52.29  4931600  52.29
2012-10-22  53.22  53.72  52.19  52.72  7358800  52.72
2012-10-19  53.06  53.66  52.77  53.24  7022500  53.24
2012-10-18  53.29  53.89  52.44  53.34  13835900  53.34
2012-10-17  56.81  56.88  55.82  55.99  4706400  55.99
2012-10-16  56.4  56.87  56.36  56.49  2717400  56.49
2012-10-15  55.94  56.3  55.76  56.18  2811700  56.18
2012-10-12  55.99  56.39  55.55  55.82  3032900  55.82
2012-10-11  55.5  56.42  55.33  55.82  2863000  55.82
2012-10-10  55.23  55.73  55.13  55.22  2788800  55.22
2012-10-09  56.7  56.7  55.2  55.32  4051100  55.32
2012-10-08  56.31  56.92  56.09  56.72  1964300  56.72
2012-10-05  56.69  56.93  56.13  56.35  1857700  56.35
2012-10-04  56.56  56.75  56.06  56.44  1996700  56.44
2012-10-03  56.02  56.58  55.8  56.33  2359300  56.33
2012-10-02  56.34  56.45  55.41  55.75  2518900  55.75
2012-10-01  55.04  57.04  55.04  56.14  4908700  56.14
2012-09-28  55.05  55.26  54.54  55.04  4237400  55.04
2012-09-27  54.97  55.63  54.64  55.34  3733000  55.34
2012-09-26  54.27  55.28  54.08  54.92  5421800  54.92
2012-09-25  54.61  54.79  54.3  54.43  4207500  54.43
2012-09-24  54.46  54.74  54.2  54.61  1757100  54.61
2012-09-21  55.36  55.42  54.55  54.77  4716600  54.77
2012-09-20  54.94  55.04  54.47  54.89  2933200  54.89
2012-09-19  55.62  55.98  54.92  55.4  4089300  55.4
2012-09-18  54.52  55.68  54.52  55.53  3497700  55.53
2012-09-17  54.55  54.89  54.42  54.71  3163400  54.71
2012-09-14  55.41  55.81  54.36  54.63  4832700  54.63
2012-09-13  54.41  55.53  54.21  55.28  2508200  55.28
2012-09-12  54.69  54.92  54.33  54.66  2002800  54.66
2012-09-11  54.09  54.47  54.01  54.41  2041600  54.41
2012-09-10  54.58  54.76  53.9  53.96  2833400  53.96
2012-09-07  54.33  55.0  53.86  54.93  2522400  54.93
2012-09-06  53.17  54.37  53.15  54.34  2154500  54.34
2012-09-05  52.89  53.27  52.6  52.71  2018100  52.71
2012-09-04  53.54  53.54  52.44  52.76  3475300  52.76
2012-08-31  53.1  53.58  52.94  53.44  2243000  53.44
2012-08-30  52.8  53.18  52.77  52.86  1843000  52.86
2012-08-29  53.25  53.5  53.09  53.18  1637500  53.18
2012-08-28  53.14  53.48  53.0  53.24  1632600  53.24
2012-08-27  53.39  53.54  53.11  53.27  1651700  53.27
2012-08-24  52.82  53.49  52.74  53.17  2239800  53.17
2012-08-23  53.41  53.75  52.96  53.03  2578500  53.03
2012-08-22  53.19  53.65  53.01  53.57  1635400  53.57
2012-08-21  53.82  54.09  53.28  53.37  2059700  53.37
2012-08-20  53.64  53.85  53.51  53.64  2551900  53.64
2012-08-17  53.44  53.73  53.11  53.66  3569000  53.66
2012-08-16  53.36  53.49  52.97  53.26  3765700  53.26
2012-08-15  53.44  53.65  53.25  53.44  1875200  53.44
2012-08-14  53.87  53.87  53.32  53.45  2242300  53.45
2012-08-13  53.14  53.81  53.07  53.8  3360300  53.8
2012-08-10  52.59  53.36  52.59  53.35  1658800  53.35
2012-08-09  52.99  53.12  52.81  52.85  1701700  52.85
2012-08-08  52.98  53.3  52.88  53.15  1599700  53.15
2012-08-07  52.9  53.62  52.9  53.19  2073600  53.19
2012-08-06  53.51  53.57  52.8  52.83  2038200  52.83
2012-08-03  53.3  53.74  53.11  53.23  2746600  53.23
2012-08-02  52.62  52.98  52.07  52.7  4659400  52.7
2012-08-01  52.98  53.19  52.58  52.97  2775600  52.97
2012-07-31  52.46  53.0  52.45  52.68  3664300  52.68
2012-07-30  52.76  53.28  52.41  52.68  2873500  52.68
2012-07-27  52.18  53.12  52.03  52.71  3650500  52.71
2012-07-26  51.94  52.46  51.43  51.92  3271200  51.92
2012-07-25  50.31  51.27  50.26  50.97  4663900  50.97
2012-07-24  50.68  50.84  49.64  50.0  3615200  50.0
2012-07-23  50.16  50.95  49.89  50.68  3487600  50.68
2012-07-20  50.91  51.5  50.34  51.02  4708600  51.02
2012-07-19  50.86  51.18  49.68  51.0  7569900  51.0
2012-07-18  50.43  52.19  50.33  51.98  3873800  51.98
2012-07-17  50.26  50.9  49.86  50.71  1704000  50.71
2012-07-16  50.47  50.47  49.75  50.17  1860000  50.17
2012-07-13  49.4  50.66  49.4  50.57  2620500  50.57
2012-07-12  49.83  49.86  49.16  49.41  3548200  49.41
2012-07-11  50.69  50.87  49.79  50.18  3108400  50.18
2012-07-10  51.29  51.85  50.32  50.77  3104500  50.77
2012-07-09  50.95  51.27  50.69  50.93  1974300  50.93
2012-07-06  51.6  51.67  50.86  51.25  1614700  51.25
2012-07-05  52.39  52.57  52.06  52.22  1960500  52.22
2012-07-03  51.88  52.54  51.74  52.53  1613400  52.53
2012-07-02  51.95  52.06  51.32  51.96  2654400  51.96
2012-06-29  50.73  51.95  50.69  51.95  3583600  51.95
2012-06-28  50.0  50.17  49.06  49.81  3286100  49.81
2012-06-27  50.02  50.83  50.02  50.52  2115700  50.52
2012-06-26  50.34  50.5  49.67  50.17  2285500  50.17
2012-06-25  50.8  50.91  50.27  50.4  2272900  50.4
2012-06-22  51.38  51.54  51.05  51.37  6174300  51.37
2012-06-21  52.59  52.61  50.98  51.06  3052500  51.06
2012-06-20  52.59  52.81  52.0  52.43  2767900  52.43
2012-06-19  52.0  52.85  51.89  52.67  2199100  52.67
2012-06-18  51.16  51.91  50.89  51.74  2225800  51.74
2012-06-15  51.53  51.82  51.21  51.54  4331500  51.54
2012-06-14  50.8  51.41  50.66  51.26  2454400  51.26
2012-06-13  51.03  51.36  50.56  50.78  3188900  50.78
2012-06-12  50.78  51.37  50.32  51.33  2804800  51.33
2012-06-11  51.64  51.9  50.54  50.61  2864300  50.61
2012-06-08  50.69  51.41  50.62  51.36  2664600  51.36
2012-06-07  51.84  52.16  50.87  50.97  3724400  50.97
2012-06-06  50.42  51.17  50.12  51.17  2630600  51.17
2012-06-05  49.75  50.35  49.41  50.16  3622500  50.16
2012-06-04  49.64  50.02  49.51  49.88  4468500  49.88
2012-06-01  50.77  50.87  49.67  49.67  5234600  49.67
2012-05-31  51.98  52.17  51.17  51.82  3982900  51.82
2012-05-30  52.65  52.76  52.02  52.02  2196900  52.02
2012-05-29  52.99  53.53  52.89  53.3  2377500  53.3
2012-05-25  52.68  53.04  52.44  52.61  2104100  52.61
2012-05-24  52.71  52.94  52.33  52.68  2438700  52.68
2012-05-23  51.59  52.73  51.39  52.6  5241500  52.6
2012-05-22  52.57  52.88  51.63  51.96  3907500  51.96
2012-05-21  51.61  52.61  51.46  52.53  3203100  52.53
2012-05-18  52.08  52.41  51.19  51.42  5033800  51.42
2012-05-17  52.29  52.43  51.73  51.73  3333200  51.73
2012-05-16  53.11  53.22  52.27  52.29  4575400  52.29
2012-05-15  52.99  53.88  52.61  52.76  3821700  52.76
2012-05-14  53.05  53.64  52.8  52.92  2535300  52.92
2012-05-11  53.26  54.2  53.09  53.5  1837200  53.5
2012-05-10  54.18  54.39  53.43  53.57  3119500  53.57
2012-05-09  53.33  54.41  53.15  53.7  4409200  53.7
2012-05-08  53.07  54.16  52.61  54.01  3526800  54.01
2012-05-07  54.07  54.07  53.28  53.47  1798000  53.47
2012-05-04  53.41  53.57  52.95  53.44  2780400  53.44
2012-05-03  54.37  54.43  53.63  53.75  1418600  53.75
2012-05-02  54.04  54.43  53.84  54.3  1793300  54.3
2012-05-01  53.86  54.84  53.55  54.43  2019400  54.43
2012-04-30  54.4  54.44  53.58  54.06  2310300  54.06
2012-04-27  54.23  54.64  54.12  54.53  2603500  54.53
2012-04-26  53.11  54.01  53.07  53.95  2280500  53.95
2012-04-25  53.47  53.74  53.11  53.24  2731900  53.24
2012-04-24  52.79  53.21  52.69  53.04  3171600  53.04
2012-04-23  52.38  52.76  52.01  52.58  3932300  52.58
2012-04-20  53.16  53.43  52.85  52.98  4622900  52.98
2012-04-19  53.12  54.03  52.39  52.85  6176100  52.85
2012-04-18  54.28  54.69  54.25  54.53  2088800  54.53
2012-04-17  54.21  54.92  54.01  54.63  2197000  54.63
2012-04-16  54.03  54.3  53.65  53.88  2013600  53.88
2012-04-13  54.08  54.4  53.68  53.72  2036900  53.72
2012-04-12  53.73  54.56  53.67  54.33  2119700  54.33
2012-04-11  53.43  53.94  53.3  53.74  2930900  53.74
2012-04-10  54.54  54.63  52.41  52.68  4283100  52.68
2012-04-09  54.27  54.73  54.05  54.43  2155300  54.43
2012-04-05  54.78  55.22  54.74  54.96  2389000  54.96
2012-04-04  55.08  55.24  54.89  55.09  2120200  55.09
2012-04-03  55.83  55.98  55.23  55.68  2656100  55.68
2012-04-02  55.84  56.29  55.44  55.91  2651700  55.91
2012-03-30  55.18  55.89  55.0  55.84  3642300  55.84
2012-03-29  54.08  54.98  54.0  54.87  2435200  54.87
2012-03-28  55.07  55.18  54.21  54.61  2536400  54.61
2012-03-27  54.88  55.26  54.79  55.1  2225800  55.1
2012-03-26  54.52  54.84  54.31  54.81  2348900  54.81
2012-03-23  54.4  54.45  53.76  54.19  2331200  54.19
2012-03-22  53.99  54.46  53.44  54.27  3032300  54.27
2012-03-21  54.44  54.69  54.17  54.49  1375300  54.49
2012-03-20  54.35  54.47  54.05  54.4  2079700  54.4
2012-03-19  54.66  54.95  54.53  54.74  1666000  54.74
2012-03-16  54.81  54.98  54.5  54.81  4092900  54.81
2012-03-15  54.32  54.78  54.09  54.76  1788300  54.76
2012-03-14  54.62  54.72  54.11  54.3  1968800  54.3
2012-03-13  53.81  54.62  53.67  54.59  2778200  54.59
2012-03-12  53.32  53.61  53.01  53.47  2001600  53.47
2012-03-09  52.93  53.46  52.77  53.17  1991400  53.17
2012-03-08  52.8  53.06  52.63  52.83  1749800  52.83
2012-03-07  52.31  52.36  51.86  52.33  2545700  52.33
2012-03-06  51.9  52.64  51.9  52.02  3141100  52.02
2012-03-05  52.9  53.04  52.61  52.97  2281300  52.97
2012-03-02  52.65  53.38  52.45  53.17  2710800  53.17
2012-03-01  52.68  53.1  52.39  52.7  2728300  52.7
2012-02-29  53.2  53.53  52.58  52.65  4715700  52.65
2012-02-28  52.98  53.39  52.75  53.19  2536000  53.19
2012-02-27  52.95  53.39  52.62  53.01  2641800  53.01
2012-02-24  53.27  53.32  52.94  53.14  2083000  53.14
2012-02-23  52.97  53.43  52.56  53.3  2889900  53.3
2012-02-22  52.91  53.12  52.64  52.93  2274400  52.93
2012-02-21  52.64  53.08  52.45  53.04  2926700  53.04
2012-02-17  52.37  52.53  52.0  52.25  2387300  52.25
2012-02-16  51.07  52.28  50.88  52.21  3163400  52.21
2012-02-15  51.62  51.72  50.95  51.05  3117400  51.05
2012-02-14  51.52  51.78  51.18  51.56  2872400  51.56
2012-02-13  51.83  51.95  51.43  51.74  3771700  51.74
2012-02-10  51.66  51.81  51.14  51.36  4208600  51.36
2012-02-09  51.94  52.29  51.74  52.13  4872400  52.13
2012-02-08  52.19  52.31  51.72  51.86  3734100  51.86
2012-02-07  52.3  52.59  51.96  52.26  1806100  52.26
2012-02-06  52.34  52.8  52.32  52.64  1474300  52.64
2012-02-03  53.12  53.19  52.56  52.69  3119600  52.69
2012-02-02  52.82  53.18  52.4  52.47  2763700  52.47
2012-02-01  52.62  53.42  52.43  52.78  4958600  52.78
2012-01-31  52.07  53.02  51.72  52.33  4331400  52.33
2012-01-30  51.72  52.25  51.32  52.25  3358100  52.25
2012-01-27  52.04  52.43  51.92  52.08  2964000  52.08
2012-01-26  52.95  53.01  52.24  52.46  3345900  52.46
2012-01-25  52.41  53.02  52.08  52.85  2892900  52.85
2012-01-24  51.35  52.71  51.18  52.62  4332400  52.62
2012-01-23  51.23  51.81  51.2  51.73  3564300  51.73
2012-01-20  51.41  51.58  51.03  51.17  3004500  51.17
2012-01-19  51.61  51.62  51.11  51.35  2056800  51.35
2012-01-18  50.51  51.47  50.45  51.41  2771500  51.41
2012-01-17  50.82  51.27  50.48  50.66  2474300  50.66
2012-01-13  50.12  50.4  49.87  50.32  2532400  50.32
2012-01-12  50.33  50.73  50.07  50.63  2769800  50.63
2012-01-11  49.41  50.23  49.3  50.09  3016700  50.09
2012-01-10  48.84  49.7  48.74  49.57  3502600  49.57
2012-01-09  48.16  48.48  47.74  48.42  2136700  48.42
2012-01-06  48.32  48.53  47.74  48.17  2072100  48.17
2012-01-05  47.83  48.47  47.34  48.43  3456500  48.43
2012-01-04  48.23  48.28  47.69  48.2  2333300  48.2
2012-01-03  47.88  48.74  47.87  48.29  2771500  48.29
2011-12-30  47.15  47.28  46.84  46.88  1654000  46.88
2011-12-29  46.7  47.38  46.67  47.32  1681800  47.32
2011-12-28  47.38  47.75  46.56  46.69  1871000  46.69
2011-12-27  47.59  47.78  47.22  47.47  1594500  47.47
2011-12-23  46.92  47.6  46.73  47.59  2099900  47.59
2011-12-22  47.01  47.36  46.66  46.8  4135000  46.8
2011-12-21  47.91  47.95  46.47  46.96  2895000  46.96
2011-12-20  46.86  47.86  46.48  47.79  2859500  47.79
2011-12-19  46.51  46.69  45.84  46.03  2723400  46.03
2011-12-16  46.43  46.88  45.87  46.19  5087400  46.19
2011-12-15  46.24  46.62  45.87  46.0  4120200  46.0
2011-12-14  45.07  45.97  44.94  45.79  5158700  45.79
2011-12-13  45.56  46.2  44.88  45.18  4743400  45.18
2011-12-12  46.08  46.18  45.17  45.5  3133100  45.5
2011-12-09  45.88  46.87  45.74  46.74  3175100  46.74
2011-12-08  46.77  46.87  45.59  45.73  3398500  45.73
2011-12-07  47.55  47.61  46.49  47.16  3953100  47.16
2011-12-06  47.61  48.1  46.97  47.82  3573000  47.82
2011-12-05  48.26  48.28  47.05  47.44  3551900  47.44
2011-12-02  48.47  48.63  47.27  47.32  4875900  47.32
2011-12-01  48.24  48.81  48.07  48.22  2649000  48.22
2011-11-30  48.07  48.67  47.91  48.19  5237800  48.19
2011-11-29  46.44  46.88  46.12  46.37  2696000  46.37
2011-11-28  45.84  46.4  45.55  46.09  3881200  46.09
2011-11-25  44.27  45.17  44.22  44.39  1134500  44.39
2011-11-23  45.34  45.53  44.49  44.49  3164600  44.49
2011-11-22  45.82  46.32  45.31  45.86  2640900  45.86
2011-11-21  46.31  46.46  45.54  46.04  2324100  46.04
2011-11-18  47.32  47.48  46.69  47.14  2752800  47.14
2011-11-17  47.8  47.95  46.36  46.86  4009300  46.86
2011-11-16  48.64  49.25  47.96  48.04  3598500  48.04
2011-11-15  48.83  49.67  48.44  49.3  2559000  49.3
2011-11-14  49.31  49.54  48.83  49.08  1828000  49.08
2011-11-11  49.1  49.96  48.87  49.52  2207800  49.52
2011-11-10  48.48  48.96  48.11  48.4  4068600  48.4
2011-11-09  48.09  48.78  47.71  47.85  4069400  47.85
2011-11-08  49.04  49.53  48.51  49.43  3060600  49.43
2011-11-07  48.38  48.91  47.82  48.83  3014500  48.83
2011-11-04  48.37  48.75  47.66  48.56  2798300  48.56
2011-11-03  49.01  49.02  48.24  48.85  4886300  48.85
2011-11-02  48.73  48.73  47.72  48.3  3093100  48.3
2011-11-01  46.85  47.83  46.24  47.17  6080100  47.17
2011-10-31  49.93  50.3  48.13  48.16  5433500  48.16
2011-10-28  49.57  50.77  49.36  50.66  5195400  50.66
2011-10-27  48.97  49.98  48.78  49.66  4447600  49.66
2011-10-26  47.82  48.06  46.97  47.62  4645600  47.62
2011-10-25  47.56  47.83  46.91  47.24  4587700  47.24
2011-10-24  46.71  48.2  46.57  48.09  5331600  48.09
2011-10-21  45.5  47.1  45.5  46.73  5085800  46.73
2011-10-20  44.21  45.61  43.95  45.11  4341000  45.11
2011-10-19  44.75  45.23  43.8  43.91  4553900  43.91
2011-10-18  43.66  45.31  43.52  44.92  4545600  44.92
2011-10-17  45.24  45.24  43.68  43.8  2689200  43.8
2011-10-14  45.31  45.72  44.59  45.2  3189000  45.2
2011-10-13  44.55  44.83  43.72  44.68  2995600  44.68
2011-10-12  44.33  45.68  44.18  44.95  4313000  44.95
2011-10-11  43.66  44.18  43.54  43.98  2961300  43.98
2011-10-10  42.86  44.06  42.83  44.02  2462300  44.02
2011-10-07  42.16  42.68  41.72  42.12  6353600  42.12
2011-10-06  41.56  42.52  41.17  42.49  4788600  42.49
2011-10-05  41.32  41.74  40.71  41.56  4641400  41.56
2011-10-04  39.91  41.15  39.19  41.06  7205600  41.06
2011-10-03  41.56  41.87  40.23  40.26  6514300  40.26
2011-09-30  42.54  43.08  41.78  41.78  4941100  41.78
2011-09-29  43.44  43.74  42.46  43.36  4458300  43.36
2011-09-28  43.89  44.28  42.53  42.59  4236200  42.59
2011-09-27  44.05  44.95  43.83  44.05  3922800  44.05
2011-09-26  43.02  43.32  41.76  43.29  4275200  43.29
2011-09-23  42.23  43.11  42.14  42.52  4851400  42.52
2011-09-22  43.16  43.22  41.8  42.53  7156400  42.53
2011-09-21  45.9  46.26  44.54  44.58  3825900  44.58
2011-09-20  45.65  46.57  45.57  46.03  4300700  46.03
2011-09-19  45.06  46.06  44.51  45.81  3591000  45.81
2011-09-16  46.68  46.71  45.44  45.74  9272100  45.74
2011-09-15  45.79  46.34  45.34  46.13  5010400  46.13
2011-09-14  44.24  45.73  43.54  45.06  5744100  45.06
2011-09-13  43.51  44.36  43.23  43.97  5890800  43.97
2011-09-12  41.56  43.42  41.26  43.38  7008600  43.38
2011-09-09  42.8  43.53  42.13  42.4  6428700  42.4
2011-09-08  43.66  44.15  43.11  43.3  4519900  43.3
2011-09-07  43.45  44.05  43.18  44.04  4191300  44.04
2011-09-06  41.78  42.84  41.18  42.74  4625700  42.74
2011-09-02  43.32  43.63  42.63  42.86  3424700  42.86
2011-09-01  45.41  45.76  44.17  44.41  5019500  44.41
2011-08-31  45.23  45.94  45.13  45.61  6455200  45.61
2011-08-30  43.9  45.07  43.47  44.85  5290300  44.85
2011-08-29  43.31  44.08  43.24  44.07  3076700  44.07
2011-08-26  41.55  42.95  40.72  42.7  4455800  42.7
2011-08-25  43.23  43.31  41.66  41.78  4476200  41.78
2011-08-24  41.59  43.13  41.23  43.03  6023700  43.03
2011-08-23  40.24  41.58  39.71  41.56  5197800  41.56
2011-08-22  41.57  41.69  40.22  40.36  3880000  40.36
2011-08-19  40.37  41.58  40.33  40.54  4960600  40.54
2011-08-18  42.12  42.26  40.6  40.94  6145700  40.94
2011-08-17  44.37  44.54  43.08  43.45  2895200  43.45
2011-08-16  43.95  44.49  43.56  43.96  4553500  43.96
2011-08-15  44.33  45.0  43.97  44.52  3465600  44.52
2011-08-12  43.54  44.3  43.11  43.96  4784300  43.96
2011-08-11  41.47  43.73  41.21  43.16  7675300  43.16
2011-08-10  42.04  42.89  40.87  41.26  10629900  41.26
2011-08-09  41.61  42.95  40.1  42.79  9353600  42.79
2011-08-08  42.71  43.37  40.87  41.01  12444800  41.01
2011-08-05  44.48  44.96  43.18  44.3  9320100  44.3
2011-08-04  45.95  45.95  43.94  43.95  7504800  43.95
2011-08-03  46.54  46.8  45.27  46.59  5774300  46.59
2011-08-02  47.71  47.78  44.78  46.36  8113200  46.36
2011-08-01  49.36  49.61  47.67  48.21  4518900  48.21
2011-07-29  48.13  49.27  47.59  48.89  5766900  48.89
2011-07-28  49.02  49.43  48.53  48.63  5131500  48.63
2011-07-27  49.85  49.85  48.83  49.01  5748000  49.01
2011-07-26  51.12  51.22  50.02  50.18  5334100  50.18
2011-07-25  50.92  51.66  50.79  51.3  3174000  51.3
2011-07-22  52.22  52.27  51.13  51.46  3767100  51.46
2011-07-21  51.56  52.33  50.94  52.2  8085200  52.2
2011-07-20  53.14  53.3  52.42  52.87  3411100  52.87
2011-07-19  52.44  53.01  52.31  52.77  2525800  52.77
2011-07-18  52.12  52.42  51.81  52.25  3568800  52.25
2011-07-15  52.26  52.5  51.48  52.39  4725400  52.39
2011-07-14  53.26  53.56  52.13  52.25  3873000  52.25
2011-07-13  53.29  53.83  53.0  53.16  2475800  53.16
2011-07-12  53.04  53.63  52.79  53.05  2850800  53.05
2011-07-11  53.58  54.0  53.11  53.26  2323600  53.26
2011-07-08  54.0  54.37  53.75  54.3  2447200  54.3
2011-07-07  55.01  55.41  54.72  54.8  3347500  54.8
2011-07-06  54.1  54.64  53.82  54.44  3027000  54.44
2011-07-05  54.08  54.35  53.64  54.14  2918900  54.14
2011-07-01  52.73  55.01  52.69  54.28  4463500  54.28
2011-06-30  52.16  53.28  52.11  52.75  3868700  52.75
2011-06-29  52.05  52.31  51.55  51.91  3109200  51.91
2011-06-28  51.06  51.92  50.9  51.91  4171500  51.91
2011-06-27  50.89  51.22  50.52  50.91  3696700  50.91
2011-06-24  51.95  51.97  50.83  51.08  5171400  51.08
2011-06-23  51.65  52.0  51.06  51.95  4899700  51.95
2011-06-22  52.72  53.22  52.46  52.6  3982400  52.6
2011-06-21  52.13  52.87  51.69  52.81  5184600  52.81
2011-06-20  51.46  51.89  51.2  51.74  4387400  51.74
2011-06-17  51.74  52.1  51.4  51.59  5479900  51.59
2011-06-16  51.4  51.73  50.85  51.36  5061000  51.36
2011-06-15  51.54  51.92  51.08  51.47  13602800  51.47
2011-06-14  50.73  52.38  50.59  52.11  6599800  52.11
2011-06-13  51.08  51.5  50.95  51.08  2689100  51.08
2011-06-10  51.92  51.99  51.13  51.22  4069600  51.22
2011-06-09  51.58  52.19  51.42  52.09  2639200  52.09
2011-06-08  51.45  51.83  51.13  51.5  2390400  51.5
2011-06-07  51.57  52.08  51.5  51.69  2751100  51.69
2011-06-06  51.44  51.77  51.22  51.37  2127800  51.37
2011-06-03  51.75  52.08  51.53  51.64  3398600  51.64
2011-06-02  52.13  52.82  51.85  52.63  3442200  52.63
2011-06-01  54.1  54.2  52.13  52.19  3742500  52.19
2011-05-31  54.6  54.77  53.51  54.27  3493700  54.27
2011-05-27  53.72  54.41  53.6  54.18  2287300  54.18
2011-05-26  53.6  53.6  53.01  53.38  2788700  53.38
2011-05-25  53.65  53.89  52.57  53.65  3294900  53.65
2011-05-24  53.54  53.85  52.85  52.99  2559800  52.99
2011-05-23  53.75  53.82  53.18  53.46  2178400  53.46
2011-05-20  54.93  54.93  54.15  54.4  2288400  54.4
2011-05-19  54.9  55.46  54.62  54.95  3547300  54.95
2011-05-18  53.39  54.66  53.24  54.62  3750500  54.62
2011-05-17  53.55  53.62  52.78  53.29  4126600  53.29
2011-05-16  53.45  54.05  53.33  53.73  3453500  53.73
2011-05-13  54.12  54.48  53.54  53.6  2627600  53.6
2011-05-12  53.71  54.15  53.07  54.08  3220100  54.08
2011-05-11  54.63  54.91  53.57  53.75  3195500  53.75
2011-05-10  54.53  54.87  54.27  54.8  2369200  54.8
2011-05-09  53.92  54.54  53.72  54.38  1552500  54.38
2011-05-06  54.39  54.67  53.42  53.96  3375300  53.96
2011-05-05  54.46  54.71  53.62  53.88  3475300  53.88
2011-05-04  55.02  55.31  54.22  54.72  4188700  54.72
2011-05-03  54.88  55.03  54.24  55.0  2589300  55.0
2011-05-02  55.34  55.55  54.65  54.97  2517000  54.97
2011-04-29  55.57  55.82  54.9  54.97  3382500  54.97
2011-04-28  54.8  55.67  54.63  55.5  4946500  55.5
2011-04-27  54.21  55.37  53.91  55.0  6282100  55.0
2011-04-26  52.35  54.26  52.33  54.0  4100000  54.0
2011-04-25  53.02  53.35  52.09  52.19  2909700  52.19
2011-04-21  54.41  54.6  52.31  52.92  4674000  52.92
2011-04-20  53.44  53.44  52.86  53.3  3919800  53.3
2011-04-19  51.73  52.47  51.62  52.39  2473500  52.39
2011-04-18  51.88  52.15  50.94  51.76  3368600  51.76
2011-04-15  51.84  52.66  51.76  52.46  3076100  52.46
2011-04-14  51.55  51.87  51.06  51.67  1820700  51.67
2011-04-13  51.32  52.16  51.32  51.91  3102400  51.91
2011-04-12  51.23  51.44  50.97  51.35  2623800  51.35
2011-04-11  51.23  51.48  51.15  51.48  2723400  51.48
2011-04-08  51.99  52.09  51.04  51.3  1790400  51.3
2011-04-07  51.8  52.06  51.33  51.8  1828700  51.8
2011-04-06  52.16  52.23  51.38  51.92  2166500  51.92
2011-04-05  51.86  52.36  51.67  52.02  2104200  52.02
2011-04-04  52.32  52.45  51.86  52.05  2801200  52.05
2011-04-01  52.02  52.76  51.82  52.32  2553500  52.32
2011-03-31  51.56  51.93  51.34  51.65  2382600  51.65
2011-03-30  51.82  51.99  51.55  51.71  1930300  51.71
2011-03-29  51.11  51.68  50.65  51.68  2251500  51.68
2011-03-28  51.69  52.12  51.24  51.29  1693000  51.29
2011-03-25  51.27  51.75  51.01  51.66  2584900  51.66
2011-03-24  51.4  51.51  50.6  51.32  2411200  51.32
2011-03-23  50.88  51.52  50.63  51.22  2944500  51.22
2011-03-22  51.13  51.32  50.81  51.0  2473500  51.0
2011-03-21  50.56  51.34  50.56  51.02  2577500  51.02
2011-03-18  50.16  50.61  49.92  50.15  4256300  50.15
2011-03-17  49.8  50.22  49.37  49.57  3926500  49.57
2011-03-16  50.16  50.66  48.7  49.17  6029200  49.17
2011-03-15  49.25  50.48  49.16  50.19  4141000  50.19
2011-03-14  50.67  50.79  50.24  50.68  2887500  50.68
2011-03-11  50.17  51.31  50.01  51.13  3239100  51.13
2011-03-10  50.8  50.84  50.01  50.15  3139800  50.15
2011-03-09  51.04  51.72  50.57  51.38  2883200  51.38
2011-03-08  50.16  51.38  49.94  51.22  2979300  51.22
2011-03-07  50.74  50.83  49.6  49.88  2280700  49.88
2011-03-04  50.83  50.86  50.07  50.5  2721200  50.5
2011-03-03  50.43  51.09  50.43  50.82  3362300  50.82
2011-03-02  49.03  50.18  49.03  49.97  3797900  49.97
2011-03-01  50.42  50.56  49.16  49.16  4040000  49.16
2011-02-28  50.12  50.51  49.9  50.34  4566000  50.34
2011-02-25  49.85  50.33  49.66  50.25  2257100  50.25
2011-02-24  49.01  49.69  48.98  49.5  3832800  49.5
2011-02-23  50.09  50.34  48.82  49.33  3887000  49.33
2011-02-22  50.98  51.17  50.1  50.21  3051100  50.21
2011-02-18  50.94  51.56  50.81  51.52  2872300  51.52
2011-02-17  50.71  51.1  50.56  50.88  3465200  50.88
2011-02-16  51.23  51.6  50.92  50.99  2371100  50.99
2011-02-15  50.87  51.25  50.76  51.13  3170900  51.13
2011-02-14  51.25  51.37  50.73  51.12  2542200  51.12
2011-02-11  50.44  51.94  50.44  51.34  7277300  51.34
2011-02-10  49.41  50.76  49.4  50.74  4507300  50.74
2011-02-09  49.23  49.77  49.07  49.58  2491400  49.58
2011-02-08  49.33  50.1  49.2  49.48  4853800  49.48
2011-02-07  49.77  50.02  48.67  48.77  9562200  48.77
2011-02-04  47.37  47.95  47.26  47.73  2808600  47.73
2011-02-03  47.34  47.35  46.83  47.2  2902800  47.2
2011-02-02  47.2  47.61  46.95  47.43  2501000  47.43
2011-02-01  46.2  47.48  46.01  47.34  4713600  47.34
2011-01-31  45.85  46.07  45.39  45.82  4530600  45.82
2011-01-28  46.35  46.61  45.41  45.81  4546000  45.81
2011-01-27  47.37  47.37  46.09  46.41  5104900  46.41
2011-01-26  47.07  47.5  46.68  47.05  3412900  47.05
2011-01-25  47.06  47.11  46.36  46.93  2100500  46.93
2011-01-24  46.17  47.12  46.02  47.12  2779900  47.12
2011-01-21  46.7  46.86  45.99  46.06  3092200  46.06
2011-01-20  46.48  46.69  45.78  46.02  3706900  46.02
2011-01-19  47.04  47.21  46.57  46.78  2226800  46.78
2011-01-18  47.1  47.25  46.9  47.17  2150000  47.17
2011-01-14  46.59  46.99  46.3  46.9  2607200  46.9
2011-01-13  46.88  47.06  46.53  46.65  1820200  46.65
2011-01-12  46.83  47.16  46.71  46.85  2504500  46.85
2011-01-11  46.36  46.63  46.15  46.44  3303200  46.44
2011-01-10  46.27  46.51  45.84  46.04  3054400  46.04
2011-01-07  46.8  47.2  46.32  46.63  2100000  46.63
2011-01-06  46.66  46.88  46.42  46.66  3523700  46.66
2011-01-05  46.58  47.03  46.46  46.63  3273300  46.63
2011-01-04  47.16  47.17  46.1  46.68  2997300  46.68
2011-01-03  47.26  47.71  46.93  46.94  2801900  46.94
2010-12-31  46.89  46.92  46.58  46.92  1086900  46.92
2010-12-30  46.9  47.09  46.81  46.89  886400  46.89
2010-12-29  47.06  47.23  46.91  46.91  1632900  46.91
2010-12-28  47.08  47.11  46.58  46.97  1041300  46.97
2010-12-27  46.72  47.04  46.52  46.93  1157800  46.93
2010-12-23  46.93  47.05  46.73  46.86  1514400  46.86
2010-12-22  47.16  47.32  46.75  46.86  1819000  46.86
2010-12-21  46.23  47.19  46.23  47.1  2968500  47.1
2010-12-20  46.49  46.71  46.14  46.52  2053000  46.52
2010-12-17  46.49  46.72  46.02  46.54  3421100  46.54
2010-12-16  44.93  46.59  44.93  46.53  4256800  46.53
2010-12-15  45.52  46.15  45.46  45.65  5658100  45.65
2010-12-14  45.54  45.64  45.28  45.47  3780300  45.47
2010-12-13  46.07  46.6  45.48  45.53  5392600  45.53
2010-12-10  45.37  45.74  45.24  45.61  1793600  45.61
2010-12-09  45.44  45.49  45.1  45.25  1334200  45.25
2010-12-08  45.19  45.56  44.96  45.21  2362800  45.21
2010-12-07  44.78  45.58  44.72  45.09  4366400  45.09
2010-12-06  44.32  44.72  44.14  44.49  2793500  44.49
2010-12-03  44.0  44.38  43.83  44.33  2664200  44.33
2010-12-02  43.82  44.61  43.8  44.25  2714800  44.25
2010-12-01  43.66  43.99  43.62  43.87  2773600  43.87
2010-11-30  42.57  43.15  42.42  43.01  3729300  43.01
2010-11-29  43.41  43.54  42.68  43.09  2644700  43.09
2010-11-26  43.5  43.84  43.3  43.72  957000  43.72
2010-11-24  43.02  44.03  42.99  43.99  2505300  43.99
2010-11-23  42.87  42.98  42.5  42.81  1902700  42.81
2010-11-22  43.17  43.44  42.91  43.4  2068500  43.4
2010-11-19  42.85  43.47  42.49  43.44  3085700  43.44
2010-11-18  42.79  43.34  42.74  42.99  3332300  42.99
2010-11-17  42.59  42.65  42.19  42.34  2992900  42.34
2010-11-16  43.33  43.33  42.25  42.56  3043100  42.56
2010-11-15  43.51  43.98  43.42  43.53  2441500  43.53
2010-11-12  43.52  43.93  43.09  43.3  2660300  43.3
2010-11-11  42.89  43.88  42.73  43.84  3169300  43.84
2010-11-10  43.19  43.49  43.05  43.43  3906600  43.43
2010-11-09  44.35  44.46  43.05  43.16  6564900  43.16
2010-11-08  44.43  44.43  43.78  44.04  3342700  44.04
2010-11-05  44.3  44.75  44.2  44.75  2599800  44.75
2010-11-04  43.72  44.72  43.72  44.45  3752400  44.45
2010-11-03  43.45  43.61  42.87  43.55  2983100  43.55
2010-11-02  43.36  43.55  43.16  43.43  1997300  43.43
2010-11-01  43.33  43.56  42.64  42.96  2330400  42.96
2010-10-29  42.58  43.13  42.27  43.12  3229600  43.12
2010-10-28  42.89  43.11  42.34  42.83  3234900  42.83
2010-10-27  42.3  42.7  42.16  42.65  2726900  42.65
2010-10-26  42.37  42.85  42.25  42.73  2868500  42.73
2010-10-25  42.96  43.15  42.51  42.62  4913700  42.62
2010-10-22  43.13  43.13  42.61  42.94  2587800  42.94
2010-10-21  42.26  43.23  42.25  43.13  6354000  43.13
2010-10-20  41.12  41.49  41.05  41.36  4064700  41.36
2010-10-19  41.32  41.49  40.76  40.98  3247300  40.98
2010-10-18  41.75  42.11  41.47  41.73  2833200  41.73
2010-10-15  42.1  42.15  41.31  41.68  3076700  41.68
2010-10-14  41.81  41.97  41.33  41.6  4393900  41.6
2010-10-13  41.41  41.95  41.22  41.79  3582600  41.79
2010-10-12  40.86  41.35  40.36  41.13  3097700  41.13
2010-10-11  41.22  41.23  40.82  41.07  1741600  41.07
2010-10-08  40.66  41.28  40.5  41.16  3253000  41.16
2010-10-07  40.73  40.8  40.25  40.49  2457400  40.49
2010-10-06  40.45  40.9  40.45  40.65  2998300  40.65
2010-10-05  39.8  40.66  39.8  40.55  3615200  40.55
2010-10-04  39.99  40.18  39.31  39.5  4103300  39.5
2010-10-01  40.72  40.81  39.81  40.17  4866400  40.17
2010-09-30  40.76  41.15  40.17  40.38  5212400  40.38
2010-09-29  40.98  41.15  40.3  40.34  4613000  40.34
2010-09-28  40.77  41.33  40.28  41.22  4239300  41.22
2010-09-27  40.91  40.93  40.35  40.57  2201900  40.57
2010-09-24  40.21  41.09  40.21  41.0  3154200  41.0
2010-09-23  40.12  40.47  39.76  39.88  2328400  39.88
2010-09-22  40.75  40.86  40.14  40.41  2545400  40.41
2010-09-21  40.88  41.19  40.6  40.79  2740500  40.79
2010-09-20  40.79  41.01  40.36  40.88  2612500  40.88
2010-09-17  40.13  40.64  39.77  40.53  4584900  40.53
2010-09-16  39.6  40.01  39.53  39.92  2542000  39.92
2010-09-15  39.86  40.03  39.61  39.8  2684700  39.8
2010-09-14  39.76  40.25  39.66  39.94  2714500  39.94
2010-09-13  39.65  40.15  39.65  39.95  2695500  39.95
2010-09-10  39.36  39.46  39.12  39.35  1935400  39.35
2010-09-09  39.64  39.75  39.05  39.25  2297000  39.25
2010-09-08  38.79  39.65  38.79  39.18  5275000  39.18
2010-09-07  38.86  39.07  38.67  38.9  3903900  38.9
2010-09-03  38.44  39.26  38.44  38.99  3513600  38.99
2010-09-02  37.76  38.29  37.71  38.22  3363900  38.22
2010-09-01  36.5  37.9  36.5  37.77  5476000  37.77
2010-08-31  36.12  36.37  35.69  36.11  5013400  36.11
2010-08-30  36.5  36.71  36.12  36.12  3140000  36.12
2010-08-27  35.88  36.59  35.39  36.52  3215300  36.52
2010-08-26  36.03  36.46  35.55  35.66  2998300  35.66
2010-08-25  35.31  35.97  35.02  35.81  4258400  35.81
2010-08-24  35.68  35.94  35.14  35.52  4047500  35.52
2010-08-23  36.07  36.47  35.89  36.13  3863200  36.13
2010-08-20  35.82  36.26  35.72  36.11  4011600  36.11
2010-08-19  36.99  36.99  35.94  36.14  3476100  36.14
2010-08-18  37.36  37.4  36.89  37.12  2863200  37.12
2010-08-17  37.2  37.66  36.95  37.37  3336000  37.37
2010-08-16  36.65  36.98  36.16  36.97  2769000  36.97
2010-08-13  36.8  37.07  36.72  36.79  2043500  36.79
2010-08-12  36.85  37.22  36.71  36.98  2527700  36.98
2010-08-11  38.21  38.21  37.09  37.32  4211700  37.32
2010-08-10  38.56  38.85  38.26  38.68  2680000  38.68
2010-08-09  38.91  39.07  38.54  38.95  2466700  38.95
2010-08-06  39.19  39.29  38.44  38.78  4168000  38.78
2010-08-05  38.87  39.46  38.86  39.46  3532000  39.46
2010-08-04  38.5  39.26  38.49  39.15  3750200  39.15
2010-08-03  38.74  38.77  38.3  38.41  2892100  38.41
2010-08-02  38.62  38.84  38.36  38.77  5075000  38.77
2010-07-30  37.45  38.26  37.37  38.17  5382100  38.17
2010-07-29  38.08  38.32  37.72  38.05  4725500  38.05
2010-07-28  37.97  38.2  37.53  37.79  5611500  37.79
2010-07-27  38.47  38.71  38.0  38.08  4414000  38.08
2010-07-26  37.86  38.48  37.76  38.36  5847600  38.36
2010-07-23  37.33  37.99  36.9  37.83  5894600  37.83
2010-07-22  37.75  38.49  36.52  37.23  9966300  37.23
2010-07-21  37.98  38.32  37.4  37.57  4494800  37.57
2010-07-20  37.07  37.94  36.92  37.89  3230300  37.89
2010-07-19  37.28  37.57  36.84  37.46  2551300  37.46
2010-07-16  37.82  38.0  37.09  37.18  4912700  37.18
2010-07-15  37.9  38.18  37.47  38.12  4097800  38.12
2010-07-14  37.67  38.09  37.44  37.86  3715100  37.86
2010-07-13  37.53  38.16  37.46  37.86  3375400  37.86
2010-07-12  37.38  37.64  36.92  37.29  2378600  37.29
2010-07-09  37.36  37.57  37.09  37.5  2969800  37.5
2010-07-08  36.98  37.42  36.85  37.32  3184000  37.32
2010-07-07  35.69  37.04  35.58  36.98  4952800  36.98
2010-07-06  36.62  36.62  35.45  35.68  5668400  35.68
2010-07-02  36.58  36.73  35.88  36.03  4479600  36.03
2010-07-01  37.05  37.17  36.22  36.44  4983200  36.44
2010-06-30  37.22  37.71  36.78  36.89  4188600  36.89
2010-06-29  38.0  38.19  37.07  37.35  3648600  37.35
2010-06-28  38.83  39.12  38.38  38.58  1838400  38.58
2010-06-25  38.55  39.03  38.34  38.86  4395400  38.86
2010-06-24  39.19  39.19  38.41  38.53  3415000  38.53
2010-06-23  39.53  39.68  38.94  39.33  2321700  39.33
2010-06-22  40.2  40.56  39.34  39.39  3636800  39.39
2010-06-21  40.77  41.06  39.97  40.25  2808200  40.25
2010-06-18  40.36  40.6  40.27  40.44  3873000  40.44
2010-06-17  40.56  40.59  39.74  40.29  3400200  40.29
2010-06-16  40.18  40.57  40.02  40.45  2809600  40.45
2010-06-15  39.84  40.43  39.64  40.41  4181200  40.41
2010-06-14  39.53  39.89  39.18  39.4  3108300  39.4
2010-06-11  38.8  39.09  38.58  39.07  7654800  39.07
2010-06-10  38.39  39.1  38.31  39.05  3195600  39.05
2010-06-09  38.23  38.63  37.69  37.84  4275800  37.84
2010-06-08  37.83  38.21  37.39  38.08  3238400  38.08
2010-06-07  38.71  38.71  37.78  37.81  5115400  37.81
2010-06-04  39.74  39.82  38.48  38.63  4666000  38.63
2010-06-03  40.38  40.86  40.31  40.48  3751800  40.48
2010-06-02  39.27  40.36  39.02  40.34  5163800  40.34
2010-06-01  39.02  39.91  38.9  39.13  4021000  39.13
2010-05-28  39.86  40.09  39.29  39.43  4248000  39.43
2010-05-27  39.67  40.0  39.31  39.98  4876800  39.98
2010-05-26  39.51  39.83  39.0  39.09  5418400  39.09
2010-05-25  38.26  39.23  38.06  39.17  5776200  39.17
2010-05-24  39.4  39.63  39.07  39.1  3991800  39.1
2010-05-21  38.49  40.17  38.34  39.69  7886200  39.69
2010-05-20  39.27  39.9  38.49  39.01  6799400  39.01
2010-05-19  40.94  40.97  39.45  40.1  8097200  40.1
2010-05-18  42.29  42.33  41.11  41.2  4622600  41.2
2010-05-17  42.22  42.47  41.31  41.92  4698600  41.92
2010-05-14  42.4  42.61  41.64  42.23  4795400  42.23
2010-05-13  43.41  43.41  42.65  42.79  5007600  42.79
2010-05-12  42.33  43.47  42.22  43.42  6650400  43.42
2010-05-11  41.37  41.95  41.21  41.83  5439200  41.83
2010-05-10  40.85  41.85  40.78  41.8  5298800  41.8
2010-05-07  39.97  40.4  39.35  39.64  10595200  39.64
2010-05-06  40.72  41.3  37.41  39.87  7564000  39.87
2010-05-05  40.9  41.48  40.78  40.95  5700400  40.95
2010-05-04  41.97  41.97  40.82  41.29  6341600  41.29
2010-05-03  41.74  42.69  41.62  42.45  5691000  42.45
2010-04-30  42.39  42.46  41.71  41.86  6036400  41.86
2010-04-29  41.7  42.35  41.7  42.22  3541800  42.22
2010-04-28  41.58  41.84  41.33  41.48  4626800  41.48
2010-04-27  42.11  42.28  41.26  41.35  3538800  41.35
2010-04-26  42.47  42.47  42.05  42.22  4043200  42.22
2010-04-23  42.02  42.43  41.48  42.42  5181800  42.42
2010-04-22  41.42  42.3  40.83  41.92  10256000  41.92
2010-04-21  40.1  40.88  39.96  40.47  5671000  40.47
2010-04-20  40.14  40.42  39.93  40.14  4015400  40.14
2010-04-19  39.46  39.74  39.21  39.7  4186400  39.7
2010-04-16  40.22  40.3  39.51  39.65  5338200  39.65
2010-04-15  40.09  40.52  39.98  40.27  4523400  40.27
2010-04-14  39.34  40.24  39.19  40.18  4627400  40.18
2010-04-13  39.36  39.58  39.21  39.35  5677200  39.35
2010-04-12  39.97  39.99  39.74  39.91  2160400  39.91
2010-04-09  39.64  39.9  39.57  39.89  2421400  39.89
2010-04-08  39.93  39.98  39.53  39.66  3052600  39.66
2010-04-07  39.92  40.05  39.63  39.93  3969800  39.93
2010-04-06  40.05  40.11  39.9  40.02  2473000  40.02
2010-04-05  40.19  40.23  39.92  40.18  2333600  40.18
2010-04-01  39.8  40.22  39.77  40.05  3944400  40.05
2010-03-31  39.99  40.07  39.59  39.69  4504000  39.69
2010-03-30  39.81  40.28  39.53  40.17  9917400  40.17
2010-03-29  38.21  38.5  38.07  38.43  3095400  38.43
2010-03-26  38.02  38.46  37.97  38.06  3777600  38.06
2010-03-25  38.07  38.42  37.87  37.98  4239000  37.98
2010-03-24  38.29  38.34  37.93  37.93  3260800  37.93
2010-03-23  38.42  38.64  38.21  38.5  2824000  38.5
2010-03-22  38.13  38.56  38.03  38.45  2261000  38.45
2010-03-19  38.92  38.92  38.1  38.22  4035600  38.22
2010-03-18  38.38  38.74  38.16  38.72  4010400  38.72
2010-03-17  38.83  38.92  38.33  38.43  5447600  38.43
2010-03-16  38.82  38.84  38.46  38.71  3725000  38.71
2010-03-15  38.62  38.78  38.37  38.73  2318400  38.73
2010-03-12  39.21  39.21  38.51  38.78  2668400  38.78
2010-03-11  38.47  38.86  38.2  38.86  4671800  38.86
2010-03-10  38.43  38.78  38.39  38.68  4337600  38.68
2010-03-09  38.0  38.52  38.0  38.5  4295000  38.5
2010-03-08  38.11  38.2  37.91  38.03  1576600  38.03
2010-03-05  37.86  38.21  37.76  38.2  2052600  38.2
2010-03-04  37.61  37.72  37.31  37.67  2774200  37.67
2010-03-03  37.66  37.78  37.3  37.38  2113200  37.38
2010-03-02  37.47  37.58  37.36  37.49  2102000  37.49
2010-03-01  36.72  37.45  36.61  37.41  4676200  37.41
2010-02-26  36.92  37.14  36.68  36.72  4030400  36.72
2010-02-25  36.7  37.09  36.19  37.01  4375000  37.01
2010-02-24  37.2  37.21  36.69  36.99  4469000  36.99
2010-02-23  37.52  37.63  36.93  37.05  3499600  37.05
2010-02-22  37.87  37.87  37.33  37.6  3206200  37.6
2010-02-19  37.43  37.87  37.39  37.7  3894800  37.7
2010-02-18  37.39  37.59  37.31  37.48  3163200  37.48
2010-02-17  37.09  37.38  36.84  37.35  7439200  37.35
2010-02-16  36.01  36.52  35.83  36.49  3148800  36.49
2010-02-12  35.32  35.76  35.06  35.71  3733400  35.71
2010-02-11  35.11  35.71  34.81  35.69  2874200  35.69
2010-02-10  35.26  35.48  34.84  35.24  3099200  35.24
2010-02-09  35.2  35.39  34.81  35.19  4288000  35.19
2010-02-08  34.88  35.16  34.73  34.82  3966400  34.82
2010-02-05  35.13  35.37  34.65  35.25  6448800  35.25
2010-02-04  35.93  36.04  35.1  35.13  4050400  35.13
2010-02-03  35.99  36.31  35.75  36.18  3227200  36.18
2010-02-02  35.75  36.31  35.54  36.27  4225400  36.27
2010-02-01  35.56  35.72  35.29  35.67  5005200  35.67
2010-01-29  36.21  36.24  35.38  35.42  4537600  35.42
2010-01-28  35.86  36.73  35.63  36.17  5298200  36.17
2010-01-27  36.64  36.88  36.19  36.83  2948000  36.83
2010-01-26  36.96  37.09  36.61  36.77  2743200  36.77
2010-01-25  36.87  37.19  36.65  36.99  3406200  36.99
2010-01-22  36.96  37.05  36.45  36.46  3800400  36.46
2010-01-21  37.66  37.86  37.08  37.09  3289600  37.09
2010-01-20  37.86  37.89  37.45  37.72  2053800  37.72
2010-01-19  37.87  38.22  37.73  38.13  2913800  38.13
2010-01-15  38.35  38.54  37.76  37.83  3510600  37.83
2010-01-14  38.14  38.39  37.98  38.31  1902200  38.31
2010-01-13  38.07  38.33  37.94  38.16  2518400  38.16
2010-01-12  38.32  38.65  37.95  38.06  3854600  38.06
2010-01-11  38.51  38.73  38.23  38.6  3562800  38.6
2010-01-08  37.45  38.22  37.15  38.17  4502400  38.17
2010-01-07  37.36  37.72  37.34  37.64  3327400  37.64
2010-01-06  37.12  37.37  36.83  37.33  3761000  37.33
2010-01-05  37.24  37.28  36.88  37.26  3413400  37.26
2010-01-04  37.47  37.57  36.99  37.31  3944400  37.31
