Date  Open  High  Low  Close  Volume  Adj Close
2014-02-28  68.38  70.0  68.25  68.73  1967800  68.73
2014-02-27  68.22  68.7  67.77  68.02  1085300  68.02
2014-02-26  66.96  68.08  66.71  67.5  1618100  67.5
2014-02-25  67.37  67.46  66.12  66.95  2928300  66.95
2014-02-24  66.05  68.83  66.04  67.5  2738200  67.5
2014-02-21  65.95  66.21  65.11  66.13  1683100  66.13
2014-02-20  65.99  66.17  65.39  65.78  1181300  65.78
2014-02-19  66.73  67.0  65.84  66.07  1551700  66.07
2014-02-18  66.69  67.09  66.15  66.83  1253100  66.83
2014-02-14  66.1  66.71  65.96  66.37  1045000  66.37
2014-02-13  65.88  66.28  65.02  66.25  2441000  66.25
2014-02-12  67.93  68.84  66.3  66.35  4429500  66.35
2014-02-11  63.79  64.38  63.15  64.33  3978400  64.33
2014-02-10  63.73  64.23  63.5  63.84  3039200  63.84
2014-02-07  63.8  64.27  63.5  63.62  1370100  63.62
2014-02-06  63.37  63.88  63.24  63.74  699300  63.74
2014-02-05  62.73  63.46  62.54  63.2  1226500  63.2
2014-02-04  63.4  63.4  62.52  62.74  1593700  62.74
2014-02-03  64.94  64.95  63.05  63.05  1512300  63.05
2014-01-31  64.15  65.35  64.07  64.93  1173300  64.93
2014-01-30  64.46  64.98  64.32  64.91  813500  64.91
2014-01-29  64.0  64.54  63.51  63.9  751400  63.9
2014-01-28  64.0  64.54  64.0  64.32  725400  64.32
2014-01-27  64.11  64.27  63.5  63.97  1042800  63.97
2014-01-24  65.19  65.37  63.96  64.2  1228000  64.2
2014-01-23  66.08  66.23  65.19  65.59  1444700  65.59
2014-01-22  65.21  66.76  65.21  66.49  1813700  66.49
2014-01-21  65.39  65.55  64.78  65.24  1973400  65.24
2014-01-17  64.9  65.24  64.37  64.83  1971500  64.83
2014-01-16  64.58  64.97  64.42  64.65  1526100  64.65
2014-01-15  65.0  65.0  64.28  64.48  1176100  64.48
2014-01-14  65.11  65.2  64.52  64.97  607700  64.97
2014-01-13  64.7  65.13  64.34  64.47  1480100  64.47
2014-01-10  65.85  65.85  64.39  64.74  1895700  64.74
2014-01-09  65.84  66.15  65.28  65.64  1262300  65.64
2014-01-08  65.15  65.56  64.99  65.44  1246800  65.44
2014-01-07  64.88  65.42  64.62  65.2  1168300  65.2
2014-01-06  65.08  65.6  64.67  64.8  2102000  64.8
2014-01-03  64.71  65.0  64.41  64.47  1241000  64.47
2014-01-02  63.36  65.16  63.19  64.78  2901900  64.78
2013-12-31  63.57  63.63  63.2  63.37  789100  63.37
2013-12-30  63.49  63.6  63.05  63.29  589900  63.29
2013-12-27  63.59  63.72  63.15  63.36  568500  63.36
2013-12-26  63.31  63.74  63.13  63.39  774600  63.39
2013-12-24  63.18  63.3  62.99  63.25  493300  63.25
2013-12-23  63.0  63.39  62.97  63.26  1440600  63.26
2013-12-20  61.97  62.76  61.75  62.64  1929700  62.64
2013-12-19  62.01  62.15  61.44  61.69  1440000  61.69
2013-12-18  61.39  62.29  60.75  62.27  2153900  62.27
2013-12-17  59.83  60.23  59.63  60.22  2048300  60.22
2013-12-16  60.83  61.12  59.88  60.02  2869400  60.02
2013-12-13  60.2  60.97  60.16  60.3  2346900  60.3
2013-12-12  60.72  60.89  60.11  60.19  2270100  60.19
2013-12-11  61.25  61.73  60.52  60.63  1430600  60.63
2013-12-10  62.25  62.9  61.42  61.44  2060800  61.44
2013-12-09  58.48  62.78  58.47  62.17  5655400  62.17
2013-12-06  57.22  58.27  57.22  58.26  3246300  58.26
2013-12-05  57.24  57.3  56.85  57.12  2787400  57.12
2013-12-04  58.25  58.31  57.05  57.27  1980300  57.27
2013-12-03  59.2  59.2  58.28  58.5  1727400  58.5
2013-12-02  59.44  59.67  59.09  59.19  2109100  59.19
2013-11-29  59.93  60.2  59.47  59.55  700000  59.55
2013-11-27  60.59  60.78  59.71  59.88  1993900  59.88
2013-11-26  61.42  61.69  60.42  60.58  3473200  60.58
2013-11-25  59.02  62.14  59.0  61.55  9416800  61.55
2013-11-22  56.92  57.28  56.18  56.54  2671500  56.54
2013-11-21  57.85  58.02  56.85  56.89  2157400  56.89
2013-11-20  58.72  58.87  57.81  57.84  1786800  57.84
2013-11-19  59.3  59.4  58.0  58.3  2315000  58.3
2013-11-18  59.15  60.38  59.03  59.27  3393900  59.27
2013-11-15  58.93  59.35  58.71  58.89  4934200  58.89
2013-11-14  58.5  58.89  58.31  58.69  2180600  58.69
2013-11-13  58.42  58.48  57.95  58.3  1632600  58.3
2013-11-12  56.94  58.58  56.85  58.43  1996600  58.43
2013-11-11  56.6  57.48  56.34  56.96  1606500  56.96
2013-11-08  55.86  56.42  55.47  56.3  2465700  56.3
2013-11-07  55.03  56.02  55.02  55.76  2574800  55.76
2013-11-06  54.55  55.23  52.75  55.03  8509100  55.03
2013-11-05  56.71  56.93  56.23  56.53  1867100  56.53
2013-11-04  56.65  56.98  56.43  56.75  1340000  56.75
2013-11-01  56.2  56.63  55.89  56.57  1663300  56.57
2013-10-31  56.09  56.58  56.0  56.21  1032200  56.21
2013-10-30  56.5  56.5  55.45  55.98  1117800  55.98
2013-10-29  56.45  56.78  56.43  56.49  1021000  56.49
2013-10-28  55.47  56.69  55.47  56.23  1547700  56.23
2013-10-25  55.91  55.96  55.23  55.44  1310500  55.44
2013-10-24  56.23  56.38  55.79  55.82  1194600  55.82
2013-10-23  56.77  56.77  56.0  56.07  1673700  56.07
2013-10-22  56.95  57.38  56.76  56.78  1349300  56.78
2013-10-21  57.67  57.67  56.81  57.0  1257600  57.0
2013-10-18  58.19  58.75  57.81  58.06  1399200  58.06
2013-10-17  57.75  57.9  57.38  57.86  925700  57.86
2013-10-16  57.39  58.18  57.36  57.84  940900  57.84
2013-10-15  57.2  57.75  57.13  57.18  992400  57.18
2013-10-14  57.59  57.79  57.21  57.55  1021600  57.55
2013-10-11  57.9  58.41  57.72  57.95  673900  57.95
2013-10-10  57.75  58.16  57.61  58.12  933800  58.12
2013-10-09  57.62  58.16  57.36  57.36  1085000  57.36
2013-10-08  57.9  58.41  57.33  57.51  1151200  57.51
2013-10-07  57.77  58.39  57.44  58.0  1028500  58.0
2013-10-04  57.82  58.95  57.77  58.37  1342800  58.37
2013-10-03  57.76  58.2  57.21  57.67  1228200  57.67
2013-10-02  57.41  57.96  57.3  57.94  804000  57.94
2013-10-01  56.89  57.78  56.87  57.77  996600  57.77
2013-09-30  56.66  56.95  56.26  56.9  935900  56.9
2013-09-27  57.32  57.51  56.94  56.98  700800  56.98
2013-09-26  57.48  57.93  57.31  57.6  610700  57.6
2013-09-25  57.54  57.64  57.31  57.37  1429200  57.37
2013-09-24  57.86  58.29  57.56  57.6  1010000  57.6
2013-09-23  58.03  58.07  57.29  57.95  893800  57.95
2013-09-20  58.8  59.13  58.24  58.47  2823100  58.47
2013-09-19  58.77  59.0  58.18  58.53  1435800  58.53
2013-09-18  59.1  59.18  57.9  58.65  1780000  58.65
2013-09-17  56.77  59.44  56.56  59.1  2932700  59.1
2013-09-16  56.1  56.87  56.01  56.61  1645600  56.61
2013-09-13  55.97  56.14  55.53  55.75  1151900  55.75
2013-09-12  55.7  56.04  55.41  56.0  1071000  56.0
2013-09-11  55.81  56.13  55.55  55.7  1206800  55.7
2013-09-10  56.36  56.46  55.66  55.81  1097100  55.81
2013-09-09  55.24  56.08  55.05  56.04  1007000  56.04
2013-09-06  55.71  55.86  54.8  55.29  2587400  55.29
2013-09-05  54.66  56.08  54.66  55.78  1740600  55.78
2013-09-04  54.41  54.8  54.28  54.72  1268000  54.72
2013-09-03  54.36  54.45  53.9  54.29  1190200  54.29
2013-08-30  54.01  54.34  53.56  53.76  1317000  53.76
2013-08-29  53.92  54.79  53.88  54.01  1661400  54.01
2013-08-28  54.38  54.58  53.9  54.01  1155800  54.01
2013-08-27  54.98  55.13  54.31  54.37  1451000  54.37
2013-08-26  55.18  55.98  55.09  55.42  1012600  55.42
2013-08-23  55.17  55.47  54.9  55.18  1299800  55.18
2013-08-22  55.35  55.51  54.64  54.99  1430000  54.99
2013-08-21  55.76  56.01  55.19  55.24  1679600  55.24
2013-08-20  55.73  56.36  55.62  55.97  2156600  55.97
2013-08-19  56.01  56.19  55.56  55.58  1921400  55.58
2013-08-16  56.53  56.68  55.88  56.05  1188400  56.05
2013-08-15  57.0  57.1  56.11  56.65  1438200  56.65
2013-08-14  57.35  57.83  57.18  57.3  876600  57.3
2013-08-13  57.47  57.6  57.1  57.33  931000  57.33
2013-08-12  57.23  57.56  56.85  57.37  2141800  57.37
2013-08-09  56.9  57.64  56.82  57.17  1950000  57.17
2013-08-08  57.16  57.26  56.48  56.83  1504600  56.83
2013-08-07  57.53  57.53  56.22  56.97  4447400  56.97
2013-08-06  58.69  58.98  58.0  58.17  2851800  58.17
2013-08-05  58.78  59.22  58.63  58.69  1339200  58.69
2013-08-02  58.62  59.08  58.34  58.75  1489400  58.75
2013-08-01  58.5  58.67  58.24  58.59  1293400  58.59
2013-07-31  58.38  58.68  58.13  58.21  1091200  58.21
2013-07-30  58.62  58.72  57.88  58.13  1275400  58.13
2013-07-29  58.61  58.97  58.2  58.44  996000  58.44
2013-07-26  58.69  58.99  58.48  58.86  1067800  58.86
2013-07-25  58.5  59.09  58.35  58.78  1128800  58.78
2013-07-24  59.28  59.48  58.52  58.79  1077600  58.79
2013-07-23  59.66  59.88  58.87  59.21  1550800  59.21
2013-07-22  58.84  59.64  58.75  59.31  1557600  59.31
2013-07-19  58.25  59.41  58.02  58.98  2137800  58.98
2013-07-18  59.41  59.57  58.38  58.66  1979600  58.66
2013-07-17  59.23  59.4  58.65  59.19  1094800  59.19
2013-07-16  58.95  59.39  58.65  58.98  2119000  58.98
2013-07-15  60.83  61.01  60.02  60.13  980200  60.13
2013-07-12  60.2  60.86  60.05  60.62  1858200  60.62
2013-07-11  59.07  60.3  58.57  60.26  3374200  60.26
2013-07-10  58.06  58.22  57.76  58.2  2485000  58.2
2013-07-09  58.5  58.73  57.84  58.0  1972000  58.0
2013-07-08  58.06  58.73  57.54  58.44  3283800  58.44
2013-07-05  57.2  57.3  56.59  57.28  2222200  57.28
2013-07-03  56.59  57.25  56.16  56.95  2724000  56.95
2013-07-02  57.5  58.54  56.71  57.0  10180000  57.0
2013-07-01  60.82  61.24  60.51  60.58  2216200  60.58
2013-06-28  60.83  61.11  60.05  60.4  1948200  60.4
2013-06-27  61.42  61.96  61.06  61.13  1181600  61.13
2013-06-26  61.41  62.04  60.94  60.99  894200  60.99
2013-06-25  61.76  61.81  60.92  60.97  1134600  60.97
2013-06-24  61.48  62.19  60.76  61.52  1433800  61.52
2013-06-21  62.25  62.75  61.28  61.75  2176200  61.75
2013-06-20  62.94  63.08  61.35  61.44  1646000  61.44
2013-06-19  64.61  64.7  63.4  63.41  1223800  63.41
2013-06-18  65.07  65.22  64.38  64.75  617800  64.75
2013-06-17  65.0  65.5  64.57  65.08  1149000  65.08
2013-06-14  64.9  65.22  64.23  64.42  742400  64.42
2013-06-13  64.86  65.08  64.18  64.93  1214400  64.93
2013-06-12  65.01  65.39  64.8  65.0  1586800  65.0
2013-06-11  63.22  64.89  63.11  64.71  1557200  64.71
2013-06-10  63.23  63.86  63.0  63.8  995400  63.8
2013-06-07  62.86  63.52  62.53  63.21  1290800  63.21
2013-06-06  61.6  62.71  61.28  62.62  1508800  62.62
2013-06-05  62.17  62.6  61.55  61.56  1348200  61.56
2013-06-04  62.57  62.88  61.98  62.48  944800  62.48
2013-06-03  62.15  62.81  61.78  62.76  1016000  62.76
2013-05-31  63.04  63.65  61.99  62.03  1502000  62.03
2013-05-30  62.52  63.54  62.35  63.24  793200  63.24
2013-05-29  63.28  63.44  62.09  62.31  1104200  62.31
2013-05-28  62.84  63.92  62.84  63.74  1346400  63.74
2013-05-24  62.54  62.8  62.26  62.56  842400  62.56
2013-05-23  62.7  62.97  62.38  62.78  1037400  62.78
2013-05-22  63.35  64.2  62.83  63.06  1022200  63.06
2013-05-21  63.56  63.75  62.81  63.31  1066600  63.31
2013-05-20  64.07  64.17  63.5  63.53  766000  63.53
2013-05-17  64.03  64.36  63.73  64.07  1131800  64.07
2013-05-16  65.09  65.11  64.02  64.03  1110800  64.03
2013-05-15  65.34  65.34  64.58  65.14  918600  65.14
2013-05-14  65.1  65.6  64.98  65.46  966200  65.46
2013-05-13  64.95  65.44  64.36  64.97  2058800  64.97
2013-05-10  64.35  65.67  64.3  65.6  2148000  65.6
2013-05-09  64.72  64.74  63.58  64.29  2037400  64.29
2013-05-08  60.26  64.75  60.26  64.68  5542200  64.68
2013-05-07  59.38  60.23  58.78  58.78  3362000  58.78
2013-05-06  58.81  59.8  58.66  59.14  2798200  59.14
2013-05-03  59.3  59.3  58.58  58.66  6022800  58.66
2013-05-02  59.51  59.82  58.91  58.95  1521200  58.95
2013-05-01  59.32  60.29  58.97  59.2  2341200  59.2
2013-04-30  59.43  59.46  58.83  59.33  2008200  59.33
2013-04-29  60.02  60.37  58.91  59.51  1657000  59.51
2013-04-26  60.56  60.63  59.8  60.1  1215000  60.1
2013-04-25  61.14  61.51  60.4  60.42  1925400  60.42
2013-04-24  61.6  61.77  60.85  60.97  1222600  60.97
2013-04-23  61.45  61.68  60.79  61.51  1117800  61.51
2013-04-22  61.43  61.7  60.68  61.17  994800  61.17
2013-04-19  60.96  61.67  60.8  61.31  1037400  61.31
2013-04-18  62.13  62.13  60.62  60.74  1439200  60.74
2013-04-17  63.08  63.08  62.2  62.42  798600  62.42
2013-04-16  62.53  63.73  62.19  63.25  1006200  63.25
2013-04-15  63.28  63.68  62.09  62.1  1096600  62.1
2013-04-12  63.4  63.48  63.0  63.46  894600  63.46
2013-04-11  62.69  63.68  62.62  63.53  1558200  63.53
2013-04-10  62.88  62.9  62.34  62.67  855600  62.67
2013-04-09  63.02  63.18  62.64  62.85  1116200  62.85
2013-04-08  62.61  62.88  61.87  62.88  934600  62.88
2013-04-05  62.16  62.89  62.12  62.69  1378800  62.69
2013-04-04  62.59  63.13  62.37  62.67  1539800  62.67
2013-04-03  63.48  63.86  62.51  62.65  2702600  62.65
2013-04-02  61.4  64.37  61.16  63.6  4284400  63.6
2013-04-01  59.32  60.07  59.01  59.96  1735000  59.96
2013-03-28  59.13  59.37  58.92  59.29  1241400  59.29
2013-03-27  58.88  59.29  58.85  59.1  1254400  59.1
2013-03-26  58.98  59.34  58.86  59.16  1568600  59.16
2013-03-25  59.06  59.32  58.85  58.95  1292000  58.95
2013-03-22  58.93  59.24  58.57  58.88  1014400  58.88
2013-03-21  59.35  59.41  58.76  58.87  966600  58.87
2013-03-20  59.1  59.77  59.0  59.52  1246400  59.52
2013-03-19  58.61  59.31  58.55  58.94  1451800  58.94
2013-03-18  58.86  59.0  58.53  58.64  1010400  58.64
2013-03-15  58.94  59.43  58.94  59.1  2296000  59.1
2013-03-14  58.61  59.35  58.58  59.28  1184400  59.28
2013-03-13  58.81  58.84  58.44  58.6  1030800  58.6
2013-03-12  59.1  59.1  58.41  58.68  1695800  58.68
2013-03-11  59.36  59.52  59.06  59.2  1334400  59.2
2013-03-08  59.7  59.84  59.08  59.36  1548600  59.36
2013-03-07  60.37  60.37  59.14  59.46  3182800  59.46
2013-03-06  62.14  62.14  60.91  60.97  2041800  60.97
2013-03-05  61.1  61.97  61.02  61.67  1749200  61.67
2013-03-04  60.0  60.9  59.89  60.9  2036400  60.9
2013-03-01  59.61  60.12  59.29  60.01  2004400  60.01
2013-02-28  59.27  60.05  58.95  59.81  2033000  59.81
2013-02-27  58.03  59.32  58.03  59.13  1620200  59.13
2013-02-26  57.92  58.19  57.3  58.11  1465400  58.11
2013-02-25  58.28  58.74  57.72  57.72  1549000  57.72
2013-02-22  57.93  58.28  57.59  58.03  1348200  58.03
2013-02-21  57.96  58.24  57.42  57.8  1469400  57.8
2013-02-20  58.03  58.55  57.78  58.09  1716800  58.09
2013-02-19  57.24  58.64  56.52  57.95  3144000  57.95
2013-02-15  59.25  59.25  58.01  58.73  2176800  58.73
2013-02-14  59.93  59.99  58.92  59.6  1695400  59.6
2013-02-13  59.24  59.72  59.2  59.37  1042200  59.37
2013-02-12  59.41  59.45  58.79  59.22  913200  59.22
2013-02-11  59.47  59.63  59.1  59.4  620400  59.4
2013-02-08  59.66  59.92  59.36  59.46  1268800  59.46
2013-02-07  59.22  59.55  58.75  59.47  1214800  59.47
2013-02-06  58.2  59.13  57.96  59.1  1836200  59.1
2013-02-05  57.7  58.33  57.39  58.29  1727600  58.29
2013-02-04  58.14  58.33  57.33  57.44  1143800  57.44
2013-02-01  57.81  58.38  57.09  58.36  1662400  58.36
2013-01-31  57.39  57.94  57.04  57.71  1582600  57.71
2013-01-30  57.39  57.65  57.0  57.44  798600  57.44
2013-01-29  56.69  57.56  56.59  57.49  1219400  57.49
2013-01-28  57.4  57.75  56.74  56.83  881200  56.83
2013-01-25  57.21  57.31  56.68  57.26  862800  57.26
2013-01-24  56.99  57.33  56.88  57.17  1263200  57.17
2013-01-23  57.35  57.41  56.77  56.96  806000  56.96
2013-01-22  56.56  57.39  56.3  57.36  1355000  57.36
2013-01-18  56.44  56.63  56.14  56.62  901000  56.62
2013-01-17  56.28  56.61  56.16  56.33  1354000  56.33
2013-01-16  55.19  56.26  55.16  56.06  2235800  56.06
2013-01-15  54.53  55.35  54.41  55.15  1294000  55.15
2013-01-14  54.52  55.03  54.45  54.74  945400  54.74
2013-01-11  55.05  55.34  54.52  54.6  1625600  54.6
2013-01-10  54.94  55.13  54.69  54.84  1159600  54.84
2013-01-09  54.86  55.16  54.35  54.82  1715800  54.82
2013-01-08  54.14  54.84  54.05  54.83  1544800  54.83
2013-01-07  54.77  54.9  54.0  54.15  1727000  54.15
2013-01-04  55.0  55.15  54.72  54.92  1068800  54.92
2013-01-03  54.61  55.2  54.5  54.97  1734400  54.97
2013-01-02  54.77  54.77  54.0  54.6  3435400  54.6
2012-12-31  54.91  55.3  54.29  55.26  1385200  55.26
2012-12-28  54.81  55.3  54.81  54.88  1069400  54.88
2012-12-27  55.09  55.29  54.53  54.97  1445600  54.97
2012-12-26  55.46  55.58  54.3  55.04  925400  55.04
2012-12-24  55.95  55.95  55.21  55.6  666200  55.6
2012-12-21  55.96  56.33  55.48  55.97  2599000  55.97
2012-12-20  55.6  56.4  55.26  56.32  2053600  56.32
2012-12-19  55.47  55.78  55.21  55.44  1875600  55.44
2012-12-18  54.88  55.63  54.51  55.34  2135600  55.34
2012-12-17  54.77  54.97  54.51  54.85  1307600  54.85
2012-12-14  54.14  55.06  53.58  54.53  2345400  54.53
2012-12-13  53.71  53.92  53.33  53.49  1431400  53.49
2012-12-12  53.76  54.36  53.54  53.71  1712400  53.71
2012-12-11  53.44  54.18  53.26  53.77  2184000  53.77
2012-12-10  53.12  53.46  52.77  53.24  2422200  53.24
2012-12-07  53.21  53.49  53.08  53.24  2925200  53.24
2012-12-06  53.16  53.7  52.62  52.99  4275000  52.99
2012-12-05  53.05  53.48  52.23  53.16  4805800  53.16
2012-12-04  53.21  53.5  52.74  53.06  4041800  53.06
2012-12-03  54.07  54.41  53.12  53.28  3396400  53.28
2012-11-30  53.7  54.49  53.22  54.0  5173800  54.0
2012-11-29  53.39  54.27  53.28  53.8  5165600  53.8
2012-11-28  54.48  54.52  53.17  54.2  4920800  54.2
2012-11-27  55.08  55.22  54.39  54.65  4654200  54.65
2012-11-26  55.63  56.31  54.37  55.0  2311600  55.0
2012-11-23  55.1  55.91  54.89  55.72  1866200  55.72
2012-11-21  56.68  56.68  54.63  55.01  4737400  55.01
2012-11-20  57.08  57.12  56.4  56.74  2214600  56.74
2012-11-19  56.88  57.47  56.74  57.0  1976000  57.0
2012-11-16  56.5  57.15  56.3  56.51  2006600  56.51
2012-11-15  56.07  56.54  55.8  56.44  1564000  56.44
2012-11-14  56.36  56.76  55.85  56.03  1499800  56.03
2012-11-13  56.31  56.74  56.27  56.31  1156200  56.31
2012-11-12  56.3  56.67  55.92  56.45  1108800  56.45
2012-11-09  55.96  56.39  55.7  56.22  1832000  56.22
2012-11-08  56.42  56.63  55.69  55.91  2276400  55.91
2012-11-07  57.19  57.49  56.4  56.41  2299000  56.41
2012-11-06  55.81  58.25  55.72  57.49  2511600  57.49
2012-11-05  55.82  56.19  55.52  55.81  1576800  55.81
2012-11-02  56.24  56.46  55.73  55.75  1237400  55.75
2012-11-01  56.5  57.04  55.88  56.18  1794600  56.18
2012-10-31  56.12  57.42  55.77  56.26  2123200  56.26
2012-10-26  55.74  56.42  55.05  55.51  1625400  55.51
2012-10-25  55.62  56.4  55.31  55.71  1505800  55.71
2012-10-24  56.0  56.0  55.34  55.41  1852000  55.41
2012-10-23  55.8  56.23  55.59  55.69  1520800  55.69
2012-10-22  55.44  56.1  55.42  56.0  1194400  56.0
2012-10-19  56.55  56.59  55.16  55.36  2257800  55.36
2012-10-18  55.23  56.73  55.23  56.53  1880200  56.53
2012-10-17  55.08  55.45  54.7  55.27  1282200  55.27
2012-10-16  54.32  55.03  54.32  54.94  1478600  54.94
2012-10-15  55.51  55.6  54.44  54.5  2453400  54.5
2012-10-12  55.67  55.67  54.83  55.21  1492600  55.21
2012-10-11  55.12  55.66  54.58  54.74  1595200  54.74
2012-10-10  53.91  55.19  53.72  54.78  2193600  54.78
2012-10-09  54.04  54.36  53.51  53.91  1411800  53.91
2012-10-08  54.18  54.26  53.71  54.21  1115000  54.21
2012-10-05  54.24  54.5  53.69  54.19  1439400  54.19
2012-10-04  53.88  54.66  53.53  54.2  2127400  54.2
2012-10-03  52.16  53.88  52.02  53.85  2517200  53.85
2012-10-02  52.78  52.78  51.87  52.06  1562600  52.06
2012-10-01  52.11  52.87  51.43  51.72  2002000  51.72
2012-09-28  51.0  51.9  50.8  51.81  1961800  51.81
2012-09-27  50.44  51.29  50.44  51.2  1357000  51.2
2012-09-26  50.21  50.88  50.05  50.48  1329600  50.48
2012-09-25  50.37  50.75  50.1  50.15  1041400  50.15
2012-09-24  50.56  51.04  50.12  50.19  1411800  50.19
2012-09-21  49.63  50.83  49.45  50.75  4827600  50.75
2012-09-20  49.21  49.38  48.8  49.33  1006400  49.33
2012-09-19  49.73  49.87  49.27  49.28  1171200  49.28
2012-09-18  49.84  49.85  49.48  49.76  1022800  49.76
2012-09-17  49.16  50.27  49.01  49.84  1125200  49.84
2012-09-14  49.64  50.1  49.07  49.22  1869600  49.22
2012-09-13  49.32  50.01  48.93  49.79  1245800  49.79
2012-09-12  49.1  49.74  48.81  49.24  1681200  49.24
2012-09-11  49.38  49.51  48.38  48.8  2583200  48.8
2012-09-10  49.91  50.19  49.03  49.23  1633000  49.23
2012-09-07  50.91  50.91  49.79  50.29  1245400  50.29
2012-09-06  50.06  50.8  50.06  50.42  1628800  50.42
2012-09-05  49.0  51.99  48.98  50.15  4018600  50.15
2012-09-04  48.58  48.87  48.12  48.82  1303600  48.82
2012-08-31  48.6  48.86  48.36  48.63  571800  48.63
2012-08-30  48.47  48.69  48.14  48.5  762400  48.5
2012-08-29  48.77  48.9  48.62  48.66  622400  48.66
2012-08-28  48.66  48.94  48.58  48.75  1148800  48.75
2012-08-27  48.55  48.99  48.53  48.73  1091800  48.73
2012-08-24  48.18  48.58  48.04  48.51  808000  48.51
2012-08-23  48.31  48.31  47.99  48.09  881400  48.09
2012-08-22  47.97  48.44  47.59  48.25  1147200  48.25
2012-08-21  49.0  49.01  47.91  48.01  1700400  48.01
2012-08-20  48.9  49.16  48.61  48.99  746400  48.99
2012-08-17  48.71  48.9  48.55  48.81  1162200  48.81
2012-08-16  49.03  49.27  48.89  49.15  800600  49.15
2012-08-15  48.94  49.42  48.78  49.06  1138200  49.06
2012-08-14  48.33  48.95  48.08  48.94  1363800  48.94
2012-08-13  48.26  48.26  48.01  48.19  1112200  48.19
2012-08-10  48.09  48.38  47.63  48.34  1192200  48.34
2012-08-09  48.47  48.91  48.08  48.14  1394400  48.14
2012-08-08  48.4  48.74  48.2  48.62  1172000  48.62
2012-08-07  48.02  48.64  47.87  48.5  1858200  48.5
2012-08-06  49.68  49.76  47.87  47.87  2731400  47.87
2012-08-03  49.2  49.7  48.85  49.65  1041800  49.65
2012-08-02  49.33  49.83  47.98  48.69  1887200  48.69
2012-08-01  49.81  50.11  48.95  49.31  1429800  49.31
2012-07-31  49.81  50.26  49.13  49.21  1933200  49.21
2012-07-30  49.24  49.94  49.2  49.9  871800  49.9
2012-07-27  49.08  49.52  48.84  49.31  1548800  49.31
2012-07-26  48.48  48.91  47.92  48.86  1248400  48.86
2012-07-25  47.4  48.02  47.13  47.85  1145200  47.85
2012-07-24  47.62  47.62  47.1  47.4  1385000  47.4
2012-07-23  48.07  48.13  47.38  47.56  1117600  47.56
2012-07-20  48.99  49.29  48.36  48.6  1389800  48.6
2012-07-19  49.38  49.64  48.91  49.19  1061800  49.19
2012-07-18  49.59  50.1  49.2  49.33  1590600  49.33
2012-07-17  49.71  49.79  49.24  49.78  1109800  49.78
2012-07-16  49.5  49.52  49.22  49.45  949000  49.45
2012-07-13  48.88  49.68  48.88  49.49  1024200  49.49
2012-07-12  48.48  49.03  48.32  48.89  1106600  48.89
2012-07-11  48.45  48.83  48.23  48.7  1517600  48.7
2012-07-10  48.78  48.93  48.23  48.37  708600  48.37
2012-07-09  48.36  48.8  48.34  48.68  1030600  48.68
2012-07-06  48.31  48.52  48.01  48.31  979600  48.31
2012-07-05  48.88  49.18  48.67  48.78  977600  48.78
2012-07-03  48.94  49.54  48.71  48.85  1161000  48.85
2012-07-02  49.32  49.35  48.59  48.81  2103200  48.81
2012-06-29  48.72  49.1  48.45  49.1  1594200  49.1
2012-06-28  47.43  48.36  47.23  48.35  1363200  48.35
2012-06-27  47.08  48.0  47.08  47.65  1485200  47.65
2012-06-26  47.1  47.4  46.74  47.03  1178600  47.03
2012-06-25  46.96  47.45  46.92  47.15  1520400  47.15
2012-06-22  46.22  47.4  46.22  47.3  2892800  47.3
2012-06-21  47.02  47.23  45.84  45.92  2603600  45.92
2012-06-20  46.89  47.21  46.54  46.9  2443800  46.9
2012-06-19  45.9  46.93  45.9  46.77  2601800  46.77
2012-06-18  44.56  45.95  44.41  45.75  1869400  45.75
2012-06-15  44.24  44.74  44.02  44.69  1328000  44.69
2012-06-14  43.63  44.22  43.43  44.06  1638600  44.06
2012-06-13  42.8  43.73  42.6  43.49  2084000  43.49
2012-06-12  42.59  42.99  42.33  42.97  1145000  42.97
2012-06-11  43.02  43.07  42.42  42.47  1864200  42.47
2012-06-08  42.03  42.84  41.9  42.8  2196200  42.8
2012-06-07  42.45  43.01  42.02  42.15  3001000  42.15
2012-06-06  41.39  41.94  41.06  41.92  1738800  41.92
2012-06-05  40.34  41.32  40.18  41.28  1765200  41.28
2012-06-04  40.16  40.55  40.02  40.53  1669200  40.53
2012-06-01  40.02  40.32  40.01  40.12  1793400  40.12
2012-05-31  40.72  40.88  40.24  40.62  1852200  40.62
2012-05-30  41.13  41.17  40.57  40.83  1929600  40.83
2012-05-29  41.19  41.52  41.13  41.35  1775600  41.35
2012-05-25  40.99  41.52  40.72  40.88  1723200  40.88
2012-05-24  40.41  41.03  40.33  41.01  4286000  41.01
2012-05-23  39.99  40.32  39.59  40.19  3851400  40.19
2012-05-22  42.48  42.59  39.96  40.12  7053200  40.12
2012-05-21  40.18  42.97  38.91  42.4  11426200  42.4
2012-05-18  40.83  40.94  40.27  40.4  1338600  40.4
2012-05-17  41.45  41.65  40.66  40.67  1273000  40.67
2012-05-16  41.17  41.7  41.0  41.38  2220800  41.38
2012-05-15  40.93  41.26  40.87  41.12  1876000  41.12
2012-05-14  41.21  41.39  40.46  40.99  2729200  40.99
2012-05-11  41.88  42.05  41.12  41.44  3673000  41.44
2012-05-10  42.96  42.96  41.99  42.08  2167600  42.08
2012-05-09  42.5  42.96  42.2  42.76  2676400  42.76
2012-05-08  42.22  42.82  41.77  42.72  1767800  42.72
2012-05-07  42.28  42.5  42.03  42.33  1683800  42.33
2012-05-04  42.63  42.63  42.17  42.19  1550200  42.19
2012-05-03  42.99  43.34  42.41  42.64  2002400  42.64
2012-05-02  43.53  44.64  42.56  43.21  3499200  43.21
2012-05-01  44.37  45.03  44.09  44.81  1782400  44.81
2012-04-30  44.58  44.63  44.01  44.29  1343600  44.29
2012-04-27  44.09  44.75  44.09  44.58  1257600  44.58
2012-04-26  43.81  44.19  43.7  44.12  870200  44.12
2012-04-25  43.45  44.05  43.44  43.96  1027200  43.96
2012-04-24  43.12  43.24  42.79  43.19  775800  43.19
2012-04-23  43.59  43.59  42.98  43.11  1061000  43.11
2012-04-20  43.66  43.84  43.55  43.81  1360600  43.81
2012-04-19  43.38  43.64  43.17  43.6  939000  43.6
2012-04-18  43.1  43.5  43.06  43.39  904800  43.39
2012-04-17  42.92  43.5  42.84  43.33  1108200  43.33
2012-04-16  42.99  43.03  42.59  42.79  791400  42.79
2012-04-13  43.21  43.36  42.77  42.88  764000  42.88
2012-04-12  42.88  43.5  42.85  43.37  1364800  43.37
2012-04-11  42.68  42.91  42.53  42.83  1286400  42.83
2012-04-10  42.6  43.05  42.17  42.38  2190000  42.38
2012-04-09  43.05  43.06  42.47  42.74  1272600  42.74
2012-04-05  43.34  43.56  43.0  43.49  1625200  43.49
2012-04-04  44.23  44.23  43.03  43.45  3630400  43.45
2012-04-03  44.81  45.02  44.57  44.71  1049800  44.71
2012-04-02  45.0  45.05  44.63  44.86  1041600  44.86
2012-03-30  44.9  45.2  44.68  45.08  1498200  45.08
2012-03-29  43.95  44.9  43.9  44.64  1328000  44.64
2012-03-28  44.4  44.64  43.89  44.12  992800  44.12
2012-03-27  44.35  44.43  43.93  44.28  784200  44.28
2012-03-26  43.5  44.26  43.42  44.23  985800  44.23
2012-03-23  43.68  43.74  43.13  43.3  1095200  43.3
2012-03-22  43.78  43.85  43.41  43.71  833400  43.71
2012-03-21  43.73  44.08  43.58  44.01  939400  44.01
2012-03-20  43.93  43.93  43.6  43.78  581800  43.78
2012-03-19  44.41  44.45  43.81  44.06  862000  44.06
2012-03-16  44.07  44.4  44.01  44.29  1366400  44.29
2012-03-15  44.0  44.01  43.6  43.97  1108400  43.97
2012-03-14  43.65  44.03  43.56  43.96  1049400  43.96
2012-03-13  43.25  43.63  42.99  43.59  1220600  43.59
2012-03-12  43.1  43.18  42.65  43.12  1628600  43.12
2012-03-09  43.98  44.49  43.05  43.11  2956800  43.11
2012-03-08  43.53  44.22  43.38  43.9  1256400  43.9
2012-03-07  43.0  43.44  42.93  43.28  872000  43.28
2012-03-06  43.05  43.27  42.8  42.92  1607200  42.92
2012-03-05  43.22  43.66  43.22  43.3  1308600  43.3
2012-03-02  43.36  43.52  43.2  43.37  1099600  43.37
2012-03-01  43.34  43.49  43.14  43.41  913200  43.41
2012-02-29  43.36  43.53  43.2  43.28  1423000  43.28
2012-02-28  43.18  43.48  42.91  43.38  1111600  43.38
2012-02-27  43.17  43.43  42.97  43.1  1666600  43.1
2012-02-24  42.93  43.5  42.83  43.4  1303200  43.4
2012-02-23  42.97  43.02  42.69  42.99  1459200  42.99
2012-02-22  43.05  43.08  42.65  42.96  1971000  42.96
2012-02-21  42.97  43.31  42.52  43.0  1790400  43.0
2012-02-17  44.22  44.45  42.58  42.86  3054000  42.86
2012-02-16  42.88  43.01  42.57  42.74  1404400  42.74
2012-02-15  43.33  43.73  42.56  42.94  1625400  42.94
2012-02-14  41.9  42.47  41.87  42.38  2200400  42.38
2012-02-13  42.14  42.16  41.66  41.98  1352400  41.98
2012-02-10  41.77  42.01  41.4  41.99  853800  41.99
2012-02-09  41.91  42.05  41.34  42.01  1907800  42.01
2012-02-08  41.98  42.06  41.44  41.85  1144400  41.85
2012-02-07  42.04  42.33  41.52  41.9  1101000  41.9
2012-02-06  41.77  42.15  41.44  42.12  1952400  42.12
2012-02-03  41.79  42.03  41.59  41.96  995000  41.96
2012-02-02  41.95  41.95  41.25  41.44  1142800  41.44
2012-02-01  41.36  42.19  41.17  41.94  1733000  41.94
2012-01-31  40.97  41.33  40.77  40.9  1008200  40.9
2012-01-30  40.29  40.7  40.0  40.7  1013200  40.7
2012-01-27  40.49  40.78  40.33  40.58  1570600  40.58
2012-01-26  41.13  41.56  40.27  40.45  1117000  40.45
2012-01-25  40.27  41.01  40.0  40.93  1020000  40.93
2012-01-24  40.08  40.57  40.08  40.44  676600  40.44
2012-01-23  39.91  40.3  39.89  40.22  1660800  40.22
2012-01-20  39.92  40.63  39.67  39.88  1527200  39.88
2012-01-19  39.36  40.0  39.15  39.88  1382400  39.88
2012-01-18  39.28  39.49  39.1  39.22  1040400  39.22
2012-01-17  39.44  39.75  39.2  39.37  655600  39.37
2012-01-13  39.19  39.38  38.81  39.22  718400  39.22
2012-01-12  39.36  39.52  38.99  39.44  1229200  39.44
2012-01-11  39.3  39.34  38.9  39.28  1078000  39.28
2012-01-10  39.27  39.45  39.11  39.31  1069000  39.31
2012-01-09  39.1  39.13  38.65  38.9  979800  38.9
2012-01-06  38.78  39.27  38.7  38.91  528800  38.91
2012-01-05  38.49  38.83  38.3  38.78  1089600  38.78
2012-01-04  38.53  38.74  38.33  38.67  1018800  38.67
2012-01-03  38.65  38.95  38.33  38.56  781600  38.56
2011-12-30  38.02  38.16  37.9  37.9  525000  37.9
2011-12-29  37.79  38.03  37.55  37.97  550600  37.97
2011-12-28  38.28  38.36  37.6  37.67  457800  37.67
2011-12-27  38.23  38.45  37.99  38.21  482600  38.21
2011-12-23  38.05  38.24  37.76  38.24  636400  38.24
2011-12-22  37.63  38.13  37.43  37.96  1085000  37.96
2011-12-21  37.36  37.73  37.09  37.47  954400  37.47
2011-12-20  37.18  37.41  37.01  37.34  1042600  37.34
2011-12-19  37.1  37.34  36.44  36.56  926800  36.56
2011-12-16  37.26  37.5  36.86  37.08  1412000  37.08
2011-12-15  36.68  37.2  36.59  36.92  1345400  36.92
2011-12-14  36.38  36.53  36.23  36.31  1168600  36.31
2011-12-13  36.88  37.22  36.25  36.38  1524400  36.38
2011-12-12  37.09  37.26  36.49  36.64  890000  36.64
2011-12-09  37.15  37.36  36.93  37.31  1584800  37.31
2011-12-08  37.59  37.85  36.9  36.96  844200  36.96
2011-12-07  37.56  37.91  37.18  37.71  1059000  37.71
2011-12-06  38.03  38.24  37.63  37.83  1128200  37.83
2011-12-05  38.94  39.08  37.68  38.21  2030800  38.21
2011-12-02  38.62  38.86  38.32  38.4  1965400  38.4
2011-12-01  38.19  38.66  37.98  38.31  2093600  38.31
2011-11-30  37.85  38.13  37.47  38.09  2630800  38.09
2011-11-29  37.25  37.77  36.93  37.08  1679800  37.08
2011-11-28  37.04  37.66  36.94  37.23  1855600  37.23
2011-11-25  35.94  36.91  35.89  36.42  907800  36.42
2011-11-23  36.16  36.41  35.9  36.18  1842200  36.18
2011-11-22  36.38  36.69  35.92  36.51  2720000  36.51
2011-11-21  35.99  36.47  35.62  36.34  2348800  36.34
2011-11-18  35.87  36.81  35.76  36.69  2872400  36.69
2011-11-17  36.53  36.57  35.42  35.63  1951400  35.63
2011-11-16  36.2  37.39  35.9  36.67  2168800  36.67
2011-11-15  36.9  37.11  36.4  36.83  1183200  36.83
2011-11-14  36.99  37.19  36.59  36.92  943000  36.92
2011-11-11  37.06  37.38  36.96  37.17  1490200  37.17
2011-11-10  36.63  36.95  36.27  36.69  1372000  36.69
2011-11-09  36.22  36.85  36.16  36.34  1899600  36.34
2011-11-08  37.3  37.53  36.65  37.23  1578000  37.23
2011-11-07  36.9  37.58  36.38  37.05  1462800  37.05
2011-11-04  36.36  37.48  35.39  36.99  2748600  36.99
2011-11-03  35.65  37.43  35.52  36.76  4903400  36.76
2011-11-02  34.6  35.37  34.34  35.07  1807800  35.07
2011-11-01  34.05  34.34  33.45  34.11  2298600  34.11
2011-10-31  36.2  36.2  34.99  35.0  1678000  35.0
2011-10-28  35.77  36.46  35.58  36.35  2282200  36.35
2011-10-27  35.15  36.2  35.01  36.01  2909600  36.01
2011-10-26  34.51  34.68  33.85  34.4  2390400  34.4
2011-10-25  33.59  34.49  33.28  33.99  3037400  33.99
2011-10-24  34.51  34.83  33.96  34.4  2783400  34.4
2011-10-21  33.96  34.72  33.67  34.6  2540800  34.6
2011-10-20  33.23  33.68  33.05  33.49  3376800  33.49
2011-10-19  32.72  34.01  32.72  33.38  4747800  33.38
2011-10-18  32.5  33.26  31.77  32.69  6062000  32.69
2011-10-17  31.2  31.6  30.75  30.82  1602200  30.82
2011-10-14  31.95  32.01  31.32  31.53  1993000  31.53
2011-10-13  31.72  31.98  30.96  31.45  2102800  31.45
2011-10-12  32.13  32.49  31.76  31.78  1843600  31.78
2011-10-11  31.45  32.08  31.38  31.91  1851600  31.91
2011-10-10  31.45  31.75  31.19  31.52  3100400  31.52
2011-10-07  32.22  32.26  30.75  30.84  3367600  30.84
2011-10-06  31.19  32.29  30.66  32.24  2633600  32.24
2011-10-05  30.73  31.48  30.23  31.33  2751200  31.33
2011-10-04  29.87  30.65  29.57  30.49  3200000  30.49
2011-10-03  31.1  31.42  30.25  30.32  4184200  30.32
2011-09-30  30.95  32.6  30.9  31.33  4865000  31.33
2011-09-29  34.0  34.03  29.81  31.47  12025800  31.47
2011-09-28  35.73  35.77  34.45  34.49  2179000  34.49
2011-09-27  35.37  36.42  34.96  35.76  3219000  35.76
2011-09-26  34.14  34.72  33.65  34.67  2273800  34.67
2011-09-23  34.38  34.65  33.78  33.97  3196400  33.97
2011-09-22  35.48  35.65  34.34  34.58  3509800  34.58
2011-09-21  36.78  37.24  36.17  36.19  2592800  36.19
2011-09-20  36.66  37.38  36.42  36.71  1984000  36.71
2011-09-19  36.05  36.74  35.63  36.49  2264000  36.49
2011-09-16  37.16  37.23  36.28  36.47  3160600  36.47
2011-09-15  36.9  37.05  36.1  37.01  2901200  37.01
2011-09-14  36.16  37.09  35.45  36.51  1731200  36.51
2011-09-13  35.9  36.06  35.42  35.94  2107200  35.94
2011-09-12  35.27  35.95  35.09  35.89  1924000  35.89
2011-09-09  36.45  36.49  35.45  35.68  2243800  35.68
2011-09-08  37.1  37.49  36.64  36.68  1724600  36.68
2011-09-07  36.28  37.52  36.27  37.38  2265400  37.38
2011-09-06  34.76  36.2  34.6  36.02  1892400  36.02
2011-09-02  36.12  36.55  35.6  35.68  1981800  35.68
2011-09-01  36.87  37.67  36.6  36.65  1603200  36.65
2011-08-31  37.17  37.53  36.45  36.79  1900800  36.79
2011-08-30  36.84  37.26  36.56  36.99  1259200  36.99
2011-08-29  36.25  37.15  36.16  37.08  1855000  37.08
2011-08-26  34.55  35.98  33.86  35.97  2273200  35.97
2011-08-25  36.0  36.06  34.63  34.77  2822800  34.77
2011-08-24  35.72  35.95  35.12  35.79  1988200  35.79
2011-08-23  34.79  35.87  34.4  35.85  3442000  35.85
2011-08-22  35.45  35.45  34.52  34.65  1848000  34.65
2011-08-19  34.85  35.66  34.63  34.82  3144200  34.82
2011-08-18  36.16  36.17  34.99  35.29  2534400  35.29
2011-08-17  37.19  37.57  36.59  36.72  1436600  36.72
2011-08-16  37.14  37.67  36.81  37.04  2663600  37.04
2011-08-15  36.62  37.49  36.53  37.33  2469000  37.33
2011-08-12  36.36  36.84  36.08  36.38  3338200  36.38
2011-08-11  35.51  36.63  35.37  36.2  4927200  36.2
2011-08-10  36.73  37.09  35.37  35.44  2904600  35.44
2011-08-09  36.12  37.21  35.19  37.19  3708600  37.19
2011-08-08  38.15  39.01  35.4  35.79  6294200  35.79
2011-08-05  39.18  39.7  38.31  39.14  4900800  39.14
2011-08-04  41.38  41.95  38.69  38.9  7629000  38.9
2011-08-03  39.86  40.37  38.91  39.22  3681200  39.22
2011-08-02  39.52  40.56  39.5  39.86  3154000  39.86
2011-08-01  41.93  41.93  39.38  39.83  4685400  39.83
2011-07-29  41.49  42.12  41.09  41.77  2736600  41.77
2011-07-28  41.5  41.73  41.17  41.53  1967600  41.53
2011-07-27  41.91  41.91  41.27  41.33  1186000  41.33
2011-07-26  42.23  42.41  41.94  42.08  1028800  42.08
2011-07-25  42.71  42.86  42.44  42.45  938800  42.45
2011-07-22  43.25  43.42  42.9  42.94  726400  42.94
2011-07-21  43.4  43.89  43.3  43.35  1309600  43.35
2011-07-20  43.19  43.45  42.9  43.17  652200  43.17
2011-07-19  43.53  43.89  43.11  43.31  1252800  43.31
2011-07-18  43.47  43.58  42.67  42.92  1272600  42.92
2011-07-15  43.64  43.78  43.3  43.55  913200  43.55
2011-07-14  43.6  43.9  43.4  43.5  737200  43.5
2011-07-13  43.88  44.14  43.45  43.6  708000  43.6
2011-07-12  43.56  44.06  43.56  43.76  876200  43.76
2011-07-11  43.98  44.09  43.38  43.5  1135400  43.5
2011-07-08  44.49  44.49  43.95  44.33  904600  44.33
2011-07-07  44.47  44.88  44.29  44.68  1064800  44.68
2011-07-06  44.04  44.35  43.81  44.25  919000  44.25
2011-07-05  43.76  44.51  43.76  44.03  1959600  44.03
2011-07-01  43.34  43.73  43.1  43.6  1688400  43.6
2011-06-30  42.86  43.38  42.86  43.31  1034600  43.31
2011-06-29  42.9  42.9  42.51  42.77  1177400  42.77
2011-06-28  42.45  43.06  42.44  42.76  1528200  42.76
2011-06-27  41.89  42.5  41.69  42.44  1773600  42.44
2011-06-24  42.17  43.09  41.45  41.98  3662800  41.98
2011-06-23  42.12  42.35  41.5  42.19  1515800  42.19
2011-06-22  42.19  42.71  42.16  42.51  1831600  42.51
2011-06-21  42.67  42.75  42.27  42.37  1511200  42.37
2011-06-20  42.02  42.55  42.02  42.47  1819800  42.47
2011-06-17  42.34  42.54  41.96  42.03  1729400  42.03
2011-06-16  41.77  42.36  41.68  42.12  1879000  42.12
2011-06-15  41.68  42.02  41.47  41.6  1057800  41.6
2011-06-14  41.85  41.97  41.52  41.92  1128600  41.92
2011-06-13  41.6  41.9  41.57  41.6  937400  41.6
2011-06-10  41.85  41.93  41.41  41.51  1046400  41.51
2011-06-09  41.58  42.23  41.54  42.01  1145800  42.01
2011-06-08  41.4  41.75  41.26  41.63  1540600  41.63
2011-06-07  41.54  41.73  41.35  41.35  1216800  41.35
2011-06-06  41.71  41.72  41.36  41.47  1157400  41.47
2011-06-03  41.84  42.06  41.52  41.85  1776000  41.85
2011-06-02  41.94  42.27  41.74  42.21  1341400  42.21
2011-06-01  41.98  42.16  41.84  41.95  1531200  41.95
2011-05-31  42.15  42.15  41.87  42.03  2275200  42.03
2011-05-27  42.04  42.04  41.66  41.81  1249400  41.81
2011-05-26  41.61  42.13  41.44  41.97  1731800  41.97
2011-05-25  41.72  41.94  41.6  41.72  1686000  41.72
2011-05-24  42.34  42.36  41.83  41.83  1044600  41.83
2011-05-23  42.45  42.47  41.69  42.24  1429200  42.24
2011-05-20  43.44  43.44  42.64  42.81  1357600  42.81
2011-05-19  43.42  43.55  43.15  43.35  879400  43.35
2011-05-18  43.02  43.49  43.0  43.33  1110600  43.33
2011-05-17  42.59  43.07  42.42  43.02  1433800  43.02
2011-05-16  42.69  43.01  42.31  42.69  1002000  42.69
2011-05-13  43.3  43.34  42.66  42.79  1433800  42.79
2011-05-12  42.78  43.41  42.67  43.31  2451400  43.31
2011-05-11  42.73  42.98  42.49  42.88  1381600  42.88
2011-05-10  42.09  42.88  41.98  42.72  2966000  42.72
2011-05-09  42.15  42.28  41.67  41.9  2531000  41.9
2011-05-06  42.3  42.75  41.85  42.18  2186400  42.18
2011-05-05  42.61  42.86  41.94  42.24  2732400  42.24
2011-05-04  42.98  43.13  42.59  42.7  1993400  42.7
2011-05-03  44.49  44.5  42.3  42.95  6721400  42.95
2011-05-02  44.24  44.78  44.11  44.58  3609600  44.58
2011-04-29  44.06  44.17  43.9  44.04  1890000  44.04
2011-04-28  43.92  44.1  43.71  44.09  1974600  44.09
2011-04-27  44.02  44.07  43.64  43.92  2242800  43.92
2011-04-26  44.05  44.5  43.84  43.91  1549800  43.91
2011-04-25  43.84  44.17  43.6  43.99  1052000  43.99
2011-04-21  43.8  44.06  43.66  43.86  3079600  43.86
2011-04-20  43.74  44.08  43.51  43.69  1354600  43.69
2011-04-19  43.07  43.42  42.84  43.38  1500400  43.38
2011-04-18  43.18  43.25  42.66  43.06  1202000  43.06
2011-04-15  43.6  43.88  43.37  43.52  1700600  43.52
2011-04-14  43.17  43.54  42.96  43.47  1388800  43.47
2011-04-13  43.31  43.49  43.08  43.35  1399600  43.35
2011-04-12  43.28  43.74  43.08  43.22  1251600  43.22
2011-04-11  43.24  43.44  42.95  43.31  1339000  43.31
2011-04-08  43.72  43.88  43.17  43.33  1122000  43.33
2011-04-07  43.4  43.77  43.25  43.48  1045000  43.48
2011-04-06  43.25  43.54  43.25  43.47  1266400  43.47
2011-04-05  43.37  43.41  43.1  43.13  1518000  43.13
2011-04-04  43.46  44.03  43.1  43.38  2013400  43.38
2011-04-01  43.03  43.67  42.8  43.26  2269200  43.26
2011-03-31  41.99  42.95  41.99  42.76  2098600  42.76
2011-03-30  41.67  42.15  41.49  42.06  1079800  42.06
2011-03-29  41.35  41.52  41.17  41.51  1244200  41.51
2011-03-28  41.65  41.88  41.49  41.51  878000  41.51
2011-03-25  41.5  41.86  41.42  41.59  834200  41.59
2011-03-24  41.52  41.52  41.07  41.42  1349600  41.42
2011-03-23  40.68  41.69  40.62  41.44  2071600  41.44
2011-03-22  40.15  41.01  39.88  40.81  2016400  40.81
2011-03-21  40.25  40.3  39.59  39.86  1422400  39.86
2011-03-18  40.57  40.64  39.79  39.88  2126400  39.88
2011-03-17  40.27  40.47  39.88  40.28  1850000  40.28
2011-03-16  40.18  40.36  39.5  39.69  2031200  39.69
2011-03-15  40.22  40.5  39.87  40.26  2062000  40.26
2011-03-14  40.72  40.95  40.45  40.78  1177200  40.78
2011-03-11  40.35  41.06  40.18  40.89  1634600  40.89
2011-03-10  40.95  40.95  40.29  40.44  1999600  40.44
2011-03-09  41.5  41.53  41.15  41.16  1421600  41.16
2011-03-08  41.37  41.85  41.37  41.56  1490600  41.56
2011-03-07  41.98  42.23  41.0  41.24  1656400  41.24
2011-03-04  40.46  42.32  40.43  41.88  3768400  41.88
2011-03-03  40.7  40.8  40.29  40.4  1282200  40.4
2011-03-02  39.71  40.52  39.58  40.33  1319000  40.33
2011-03-01  39.75  40.14  39.65  39.76  1485400  39.76
2011-02-28  39.38  39.69  39.2  39.69  1802800  39.69
2011-02-25  38.91  39.3  38.88  39.29  910200  39.29
2011-02-24  38.73  39.03  38.54  38.76  1389400  38.76
2011-02-23  39.19  39.24  38.52  38.81  1724800  38.81
2011-02-22  39.43  39.74  39.1  39.15  1322400  39.15
2011-02-18  40.02  40.2  39.72  39.83  1954400  39.83
2011-02-17  39.83  40.05  39.6  40.02  1512000  40.02
2011-02-16  39.63  40.16  39.59  40.05  1822000  40.05
2011-02-15  39.03  39.61  38.75  39.56  1920600  39.56
2011-02-14  39.23  39.37  38.84  39.28  2300800  39.28
2011-02-11  38.52  39.86  38.44  39.26  3085000  39.26
2011-02-10  37.89  38.09  37.72  38.08  1039400  38.08
2011-02-09  38.24  38.32  37.85  37.99  1203200  37.99
2011-02-08  38.05  38.38  37.99  38.38  1129800  38.38
2011-02-07  38.32  38.62  37.92  37.98  1160400  37.98
2011-02-04  38.11  39.14  38.05  38.28  2122600  38.28
2011-02-03  37.21  37.59  36.98  37.43  922600  37.43
2011-02-02  37.35  37.46  37.24  37.31  791600  37.31
2011-02-01  37.07  37.7  37.03  37.38  1567600  37.38
2011-01-31  37.14  37.41  36.78  36.92  1929200  36.92
2011-01-28  37.66  37.78  36.96  37.14  1454200  37.14
2011-01-27  36.76  38.04  36.66  37.65  2636800  37.65
2011-01-26  36.72  36.89  36.49  36.76  1377800  36.76
2011-01-25  35.41  37.11  35.34  36.72  2752000  36.72
2011-01-24  35.37  35.58  35.17  35.33  743000  35.33
2011-01-21  35.62  35.7  35.13  35.35  2195000  35.35
2011-01-20  35.52  35.73  35.26  35.42  1337000  35.42
2011-01-19  35.47  35.75  35.29  35.56  1295800  35.56
2011-01-18  35.51  35.7  35.16  35.63  2846800  35.63
2011-01-14  35.05  35.65  35.02  35.6  2117600  35.6
2011-01-13  34.85  35.1  34.78  35.1  950200  35.1
2011-01-12  35.06  35.06  34.56  34.85  1180400  34.85
2011-01-11  34.83  35.21  34.75  35.0  951000  35.0
2011-01-10  34.46  34.72  34.42  34.69  1217200  34.69
2011-01-07  34.52  34.72  34.07  34.61  1295400  34.61
2011-01-06  34.71  34.92  34.5  34.53  1847200  34.53
2011-01-05  35.09  35.15  34.69  34.73  1959200  34.73
2011-01-04  34.81  35.21  34.55  35.16  2047200  35.16
2011-01-03  34.93  35.17  34.62  34.65  1857600  34.65
2010-12-31  34.83  34.95  34.67  34.74  809400  34.74
2010-12-30  34.54  35.02  34.53  34.9  1061000  34.9
2010-12-29  34.75  34.76  34.52  34.52  1204200  34.52
2010-12-28  34.77  34.79  34.41  34.74  975800  34.74
2010-12-27  34.71  34.91  34.53  34.76  623000  34.76
2010-12-23  34.92  35.02  34.69  34.71  544200  34.71
2010-12-22  34.64  35.11  34.57  35.03  1317800  35.03
2010-12-21  34.67  35.06  34.63  34.67  1878600  34.67
2010-12-20  35.17  35.23  34.43  34.57  1334200  34.57
2010-12-17  34.77  35.2  34.57  35.01  2463400  35.01
2010-12-16  35.29  35.35  34.57  34.85  3123200  34.85
2010-12-15  35.61  36.13  35.3  35.37  1589800  35.37
2010-12-14  35.25  35.7  35.24  35.65  1265000  35.65
2010-12-13  35.69  35.83  35.18  35.36  2003000  35.36
2010-12-10  36.16  36.55  35.62  35.66  2215400  35.66
2010-12-09  35.87  36.09  35.66  35.8  1712200  35.8
2010-12-08  36.09  36.2  35.73  35.85  1872600  35.85
2010-12-07  36.83  36.93  35.98  36.1  2067600  36.1
2010-12-06  37.05  37.09  36.69  36.7  778600  36.7
2010-12-03  36.96  37.07  36.79  37.04  1486200  37.04
2010-12-02  37.02  37.26  36.96  37.06  1522400  37.06
2010-12-01  36.67  37.3  36.67  37.02  1105800  37.02
2010-11-30  35.98  36.58  35.77  36.35  1589000  36.35
2010-11-29  36.1  36.34  35.76  36.14  943800  36.14
2010-11-26  36.35  36.47  36.19  36.22  427600  36.22
2010-11-24  36.2  36.66  36.2  36.47  1893400  36.47
2010-11-23  36.33  36.33  36.01  36.17  1143400  36.17
2010-11-22  36.51  36.84  36.38  36.64  2512800  36.64
2010-11-19  36.2  36.75  36.11  36.55  1538400  36.55
2010-11-18  35.91  36.33  35.82  36.16  2010600  36.16
2010-11-17  35.59  36.2  35.46  35.68  3177200  35.68
2010-11-16  35.88  36.14  35.45  35.62  2351400  35.62
2010-11-15  36.43  36.43  36.01  36.01  1665600  36.01
2010-11-12  36.7  36.7  36.42  36.44  1600600  36.44
2010-11-11  35.83  36.84  35.82  36.81  1626800  36.81
2010-11-10  36.0  36.05  35.56  36.03  1817400  36.03
2010-11-09  36.01  36.3  35.93  36.05  1718000  36.05
2010-11-08  35.84  36.09  35.75  36.01  1153400  36.01
2010-11-05  35.16  36.35  33.34  35.88  2939000  35.88
2010-11-04  36.18  36.4  35.79  36.17  2388000  36.17
2010-11-03  36.67  36.78  35.84  36.03  1476600  36.03
2010-11-02  36.5  36.9  36.41  36.7  1604200  36.7
2010-11-01  36.03  36.5  36.03  36.33  1557400  36.33
2010-10-29  35.49  36.18  35.44  35.88  1312000  35.88
2010-10-28  35.57  35.66  35.34  35.58  1190400  35.58
2010-10-27  35.44  35.73  35.2  35.41  1608200  35.41
2010-10-26  35.7  35.81  35.43  35.65  1471000  35.65
2010-10-25  36.01  36.17  35.77  35.88  1198200  35.88
2010-10-22  35.95  36.05  35.77  35.83  1598000  35.83
2010-10-21  36.07  36.48  35.47  35.96  2204400  35.96
2010-10-20  35.63  36.23  35.34  36.13  2019200  36.13
2010-10-19  35.9  36.08  35.45  35.62  1815400  35.62
2010-10-18  36.1  36.31  35.47  36.22  2712400  36.22
2010-10-15  36.05  36.25  35.81  36.15  1731000  36.15
2010-10-14  35.52  36.02  35.4  35.82  1737400  35.82
2010-10-13  35.45  35.56  35.33  35.41  2657200  35.41
2010-10-12  35.28  35.73  35.25  35.42  2778400  35.42
2010-10-11  36.07  36.08  35.61  35.97  2069000  35.97
2010-10-08  35.88  36.16  35.79  36.07  2263600  36.07
2010-10-07  34.81  35.97  34.8  35.81  3964800  35.81
2010-10-06  34.56  34.83  34.5  34.76  2315400  34.76
2010-10-05  34.43  34.7  34.19  34.6  2813800  34.6
2010-10-04  34.44  34.44  33.94  34.12  1810800  34.12
2010-10-01  34.59  34.99  34.3  34.44  2566400  34.44
2010-09-30  34.61  34.7  34.28  34.51  2581200  34.51
2010-09-29  34.19  34.69  34.07  34.47  4090400  34.47
2010-09-28  33.77  34.27  33.66  34.24  2274200  34.24
2010-09-27  33.84  33.94  33.68  33.69  1726600  33.69
2010-09-24  33.42  34.22  33.39  33.81  2474600  33.81
2010-09-23  32.8  33.55  32.57  33.15  2198800  33.15
2010-09-22  33.21  33.21  32.88  33.04  1412200  33.04
2010-09-21  33.06  33.72  32.94  33.27  2550200  33.27
2010-09-20  32.61  33.08  32.53  32.99  1048200  32.99
2010-09-17  32.48  32.71  32.3  32.47  1528600  32.47
2010-09-16  32.52  32.65  32.15  32.35  1551000  32.35
2010-09-15  31.68  32.63  31.67  32.63  2555200  32.63
2010-09-14  32.23  32.38  31.53  31.6  3421600  31.6
2010-09-13  32.67  32.8  32.12  32.29  1419600  32.29
2010-09-10  32.45  32.62  32.33  32.52  786200  32.52
2010-09-09  32.59  32.69  32.42  32.45  1305600  32.45
2010-09-08  32.2  32.42  32.09  32.32  1144000  32.32
2010-09-07  32.11  32.62  31.9  32.26  1756800  32.26
2010-09-03  32.1  32.25  32.0  32.15  1935000  32.15
2010-09-02  32.1  32.17  31.72  32.0  2544000  32.0
2010-09-01  32.52  32.73  31.81  31.94  3146200  31.94
2010-08-31  32.5  32.52  32.13  32.31  2495800  32.31
2010-08-30  32.67  32.9  32.6  32.62  1590600  32.62
2010-08-27  32.15  32.77  32.09  32.72  1860000  32.72
2010-08-26  32.51  32.51  31.87  32.05  1708000  32.05
2010-08-25  31.96  32.63  31.93  32.38  2140800  32.38
2010-08-24  31.93  32.26  31.82  32.1  2494800  32.1
2010-08-23  32.06  32.31  31.98  32.08  981400  32.08
2010-08-20  31.61  31.98  31.56  31.91  1027000  31.91
2010-08-19  32.32  32.33  31.6  31.83  1418400  31.83
2010-08-18  32.31  32.44  32.19  32.31  1408600  32.31
2010-08-17  32.23  32.56  32.23  32.38  1610400  32.38
2010-08-16  31.84  32.25  31.75  32.15  1355800  32.15
2010-08-13  31.85  32.14  31.79  32.04  1305800  32.04
2010-08-12  31.2  31.97  31.11  31.9  1636800  31.9
2010-08-11  31.44  31.61  31.27  31.52  2469000  31.52
2010-08-10  31.39  31.98  31.39  31.83  1799400  31.83
2010-08-09  31.85  32.05  31.61  31.81  1645800  31.81
2010-08-06  31.4  31.88  31.27  31.81  2025400  31.81
2010-08-05  30.65  31.96  30.65  31.59  3276200  31.59
2010-08-04  30.67  30.93  30.4  30.81  2297000  30.81
2010-08-03  29.23  31.22  29.23  30.55  7352200  30.55
2010-08-02  29.09  29.38  28.67  28.94  3078200  28.94
2010-07-30  28.99  29.12  28.63  28.66  5186800  28.66
2010-07-29  29.75  30.07  29.27  29.27  2229200  29.27
2010-07-28  30.21  30.32  29.45  29.64  3331800  29.64
2010-07-27  30.58  31.43  30.14  30.26  5370800  30.26
2010-07-26  28.64  30.55  28.5  30.43  4422400  30.43
2010-07-23  28.99  29.04  28.29  28.42  5729000  28.42
2010-07-22  29.45  29.64  28.88  29.0  2987000  29.0
2010-07-21  30.09  30.09  29.04  29.19  2580200  29.19
2010-07-20  29.57  30.02  29.52  30.02  1435000  30.02
2010-07-19  30.14  30.25  29.79  29.9  1306400  29.9
2010-07-16  30.41  30.59  29.95  30.0  2019400  30.0
2010-07-15  30.7  31.02  30.4  30.61  2759200  30.61
2010-07-14  30.65  30.99  30.44  30.67  1793200  30.67
2010-07-13  30.41  30.89  30.26  30.76  2485200  30.76
2010-07-12  30.0  30.32  30.0  30.25  1272000  30.25
2010-07-09  30.01  30.16  29.85  30.07  2002400  30.07
2010-07-08  30.5  30.71  29.84  29.99  3629400  29.99
2010-07-07  30.22  30.39  29.98  30.38  3085600  30.38
2010-07-06  30.89  30.89  29.85  30.19  6207400  30.19
2010-07-02  30.89  30.9  30.34  30.55  1589800  30.55
2010-07-01  31.27  31.27  30.34  30.86  2075400  30.86
2010-06-30  31.36  31.72  31.17  31.22  2106400  31.22
2010-06-29  31.58  31.72  31.25  31.36  1722000  31.36
2010-06-28  31.79  32.0  31.38  31.86  1185000  31.86
2010-06-25  31.42  31.87  31.2  31.66  2309800  31.66
2010-06-24  31.49  31.66  31.31  31.38  1283000  31.38
2010-06-23  31.65  31.77  31.25  31.62  1542400  31.62
2010-06-22  32.47  32.52  31.73  31.81  1315000  31.81
2010-06-21  33.39  33.48  32.3  32.46  2163200  32.46
2010-06-18  33.25  33.52  33.25  33.31  2699000  33.31
2010-06-17  32.94  33.3  32.8  33.29  1727200  33.29
2010-06-16  32.55  32.91  32.42  32.9  2391200  32.9
2010-06-15  32.66  32.87  32.62  32.8  2069600  32.8
2010-06-14  32.5  32.78  32.44  32.6  1886200  32.6
2010-06-11  31.84  32.36  31.75  32.36  1773400  32.36
2010-06-10  31.55  31.98  31.45  31.93  1534800  31.93
2010-06-09  31.5  31.64  31.07  31.17  2274800  31.17
2010-06-08  31.37  31.92  31.07  31.34  2878800  31.34
2010-06-07  31.55  31.91  31.3  31.32  2305800  31.32
2010-06-04  32.3  32.35  31.4  31.48  2599600  31.48
2010-06-03  32.48  32.83  32.42  32.69  3628200  32.69
2010-06-02  31.66  32.41  31.54  32.39  4009000  32.39
2010-06-01  31.4  32.07  31.34  31.5  3508600  31.5
2010-05-28  31.52  31.86  31.45  31.72  3763400  31.72
2010-05-27  30.69  31.6  30.69  31.58  3069800  31.58
2010-05-26  30.65  30.76  30.27  30.28  1927600  30.28
2010-05-25  29.69  30.44  29.47  30.44  3642600  30.44
2010-05-24  30.41  30.57  30.18  30.22  4141000  30.22
2010-05-21  29.9  30.66  29.68  30.64  3342400  30.64
2010-05-20  31.38  31.52  30.62  30.67  2469600  30.67
2010-05-19  31.71  31.96  31.6  31.85  1873000  31.85
2010-05-18  32.08  32.38  31.67  31.73  1520600  31.73
2010-05-17  31.64  31.96  31.37  31.86  1557200  31.86
2010-05-14  31.69  31.69  31.25  31.52  1344400  31.52
2010-05-13  31.86  32.02  31.63  31.77  1045000  31.77
2010-05-12  31.95  32.03  31.75  31.85  1734000  31.85
2010-05-11  31.7  31.93  31.61  31.83  1869800  31.83
2010-05-10  33.26  33.26  31.19  32.01  4442000  32.01
2010-05-07  31.03  31.16  30.46  30.58  3070800  30.58
2010-05-06  31.79  31.92  30.14  31.29  3181200  31.29
2010-05-05  31.51  31.96  31.51  31.81  2228000  31.81
2010-05-04  31.36  31.63  31.06  31.55  1848800  31.55
2010-05-03  31.26  31.66  31.26  31.65  2226600  31.65
2010-04-30  32.06  32.09  31.16  31.22  2984000  31.22
2010-04-29  31.98  32.01  31.73  31.98  2257800  31.98
2010-04-28  30.5  32.01  30.48  31.77  6453800  31.77
2010-04-27  32.26  32.74  32.15  32.19  2221600  32.19
2010-04-26  32.51  32.58  32.23  32.43  1049000  32.43
2010-04-23  32.26  32.44  32.03  32.42  1671400  32.42
2010-04-22  32.59  32.66  32.1  32.33  1740000  32.33
2010-04-21  32.87  32.87  32.54  32.74  1228000  32.74
2010-04-20  32.64  32.82  32.29  32.81  1468800  32.81
2010-04-19  32.23  32.69  32.07  32.49  1706000  32.49
2010-04-16  32.33  32.55  32.03  32.25  1273000  32.25
2010-04-15  32.6  32.61  32.2  32.38  1257600  32.38
2010-04-14  33.05  33.09  32.48  32.6  1982800  32.6
2010-04-13  32.86  33.17  32.65  33.12  1691400  33.12
2010-04-12  32.96  33.4  32.75  32.83  1770400  32.83
2010-04-09  32.23  33.08  32.12  33.03  2613400  33.03
2010-04-08  32.17  32.31  31.95  32.26  1080200  32.26
2010-04-07  32.03  32.44  31.91  32.31  1544800  32.31
2010-04-06  31.8  32.09  31.8  31.99  1199800  31.99
2010-04-05  31.93  32.12  31.82  31.99  1224800  31.99
2010-04-01  31.83  32.06  31.63  31.82  993600  31.82
2010-03-31  31.43  31.8  31.43  31.7  1238000  31.7
2010-03-30  31.59  31.74  31.48  31.71  746000  31.71
2010-03-29  31.4  31.63  31.39  31.55  889000  31.55
2010-03-26  31.5  31.5  31.16  31.31  984600  31.31
2010-03-25  31.75  31.83  31.46  31.48  962400  31.48
2010-03-24  31.91  31.94  31.5  31.6  898600  31.6
2010-03-23  32.18  32.18  31.65  31.91  1307600  31.91
2010-03-22  31.68  32.28  31.62  32.1  1202400  32.1
2010-03-19  31.86  31.92  31.61  31.68  1446600  31.68
2010-03-18  31.75  31.88  31.52  31.84  1151800  31.84
2010-03-17  31.33  31.72  31.2  31.69  1968200  31.69
2010-03-16  31.28  31.37  31.01  31.33  876000  31.33
2010-03-15  31.18  31.32  30.96  31.29  1130200  31.29
2010-03-12  31.37  31.37  31.1  31.18  1238200  31.18
2010-03-11  30.46  31.39  30.46  31.37  2435400  31.37
2010-03-10  31.2  31.32  30.38  30.45  4661800  30.45
2010-03-09  31.21  31.48  31.05  31.25  2356400  31.25
2010-03-08  32.08  32.27  31.27  31.28  3432200  31.28
2010-03-05  31.78  32.09  31.62  32.08  1567400  32.08
2010-03-04  31.61  31.78  31.48  31.76  1528200  31.76
2010-03-03  31.04  31.75  30.83  31.51  1741200  31.51
2010-03-02  31.48  31.91  31.35  31.77  1914200  31.77
2010-03-01  30.93  32.23  30.91  31.55  3258200  31.55
2010-02-26  30.84  31.03  30.67  30.81  1257000  30.81
2010-02-25  30.62  30.84  30.37  30.75  1985000  30.75
2010-02-24  30.67  30.87  30.47  30.83  2432200  30.83
2010-02-23  30.69  30.8  30.5  30.56  1559200  30.56
2010-02-22  30.79  30.99  30.56  30.8  679400  30.8
2010-02-19  30.48  30.95  30.35  30.81  1661000  30.81
2010-02-18  30.19  30.6  30.11  30.59  1570800  30.59
2010-02-17  29.93  30.45  29.85  30.17  2615800  30.17
2010-02-16  29.64  29.89  29.36  29.75  1623000  29.75
2010-02-12  29.88  30.0  29.28  29.49  2302200  29.49
2010-02-11  30.15  30.57  29.4  30.0  3061600  30.0
2010-02-10  30.51  30.68  30.11  30.41  1496200  30.41
2010-02-09  30.23  30.75  30.18  30.6  2043400  30.6
2010-02-08  30.16  30.29  29.98  30.03  1416800  30.03
2010-02-05  29.82  30.29  29.74  30.22  2247200  30.22
2010-02-04  30.11  30.38  29.82  29.88  1679800  29.88
2010-02-03  30.5  30.63  30.32  30.52  1305400  30.52
2010-02-02  30.27  30.86  30.0  30.75  1550000  30.75
2010-02-01  30.04  30.27  29.69  30.22  1267600  30.22
2010-01-29  30.04  30.2  29.82  29.88  1333600  29.88
2010-01-28  30.48  30.61  29.89  30.05  1828600  30.05
2010-01-27  30.22  30.45  30.09  30.33  1336000  30.33
2010-01-26  30.25  30.44  30.23  30.3  1218600  30.3
2010-01-25  30.46  30.66  30.11  30.3  1510200  30.3
2010-01-22  30.9  31.25  30.27  30.36  2142200  30.36
2010-01-21  31.15  31.3  30.68  31.09  1931800  31.09
2010-01-20  31.36  31.71  31.0  31.23  1433200  31.23
2010-01-19  30.84  31.37  30.78  31.35  1059600  31.35
2010-01-15  30.95  31.01  30.66  30.83  924200  30.83
2010-01-14  30.99  31.25  30.92  31.08  840200  31.08
2010-01-13  30.65  31.15  30.62  31.08  782000  31.08
2010-01-12  30.82  31.08  30.41  30.63  1531000  30.63
2010-01-11  30.5  31.06  30.28  30.9  2373800  30.9
2010-01-08  29.89  30.61  29.8  30.5  2442600  30.5
2010-01-07  29.41  29.79  29.25  29.78  1526400  29.78
2010-01-06  29.75  29.76  29.41  29.53  1299600  29.53
2010-01-05  30.04  30.14  29.61  29.7  1541000  29.7
2010-01-04  29.56  30.02  29.55  29.96  1910400  29.96
