Date  Open  High  Low  Close  Volume  Adj Close
2014-02-28  106.61  108.2  106.47  107.75  1331400  107.75
2014-02-27  105.0  106.78  104.87  106.65  953600  106.65
2014-02-26  104.81  106.19  104.58  105.43  1201600  105.43
2014-02-25  102.14  105.04  102.14  104.58  1576100  104.58
2014-02-24  101.89  102.72  101.35  102.39  1339600  102.39
2014-02-21  102.3  105.0  101.35  102.19  1998400  102.19
2014-02-20  102.06  102.18  101.01  101.87  1523700  101.87
2014-02-19  103.03  104.15  101.94  101.97  927100  101.97
2014-02-18  103.39  103.69  103.01  103.08  762100  103.08
2014-02-14  102.3  103.28  102.13  103.15  582700  103.15
2014-02-13  100.68  102.77  100.55  102.3  743700  102.3
2014-02-12  101.35  101.76  101.03  101.14  788700  101.14
2014-02-11  100.62  101.68  100.3  101.41  942000  101.41
2014-02-10  99.95  100.85  99.13  100.62  1040700  100.62
2014-02-07  100.39  100.66  99.81  100.13  1368600  100.13
2014-02-06  99.09  99.94  98.51  99.89  1117200  99.89
2014-02-05  98.38  99.36  97.65  99.16  943800  99.16
2014-02-04  98.95  99.09  97.89  98.7  1280100  98.7
2014-02-03  100.29  101.27  97.87  98.03  1580100  98.03
2014-01-31  99.46  101.02  99.23  100.54  1154000  100.54
2014-01-30  100.71  101.6  100.1  100.83  1238700  100.83
2014-01-29  99.36  100.84  99.25  100.23  2023300  100.23
2014-01-28  99.0  100.07  99.0  99.85  936700  99.85
2014-01-27  99.31  99.44  97.94  98.76  1255800  98.76
2014-01-24  101.13  101.4  99.28  99.35  1971400  99.35
2014-01-23  102.78  103.0  101.46  101.94  1180600  101.94
2014-01-22  104.25  104.25  103.4  103.69  814200  103.69
2014-01-21  104.55  104.68  102.85  103.9  875300  103.9
2014-01-17  104.65  104.69  103.93  104.15  884100  104.15
2014-01-16  103.65  104.65  103.62  104.45  793900  104.45
2014-01-15  104.27  104.47  103.11  103.62  1080000  103.62
2014-01-14  103.31  104.37  102.62  104.33  1146600  104.33
2014-01-13  104.91  105.28  102.9  103.1  979400  103.1
2014-01-10  105.75  106.0  104.94  105.39  859100  105.39
2014-01-09  105.0  105.08  103.89  105.0  1092600  105.0
2014-01-08  103.15  104.51  102.81  104.14  1208200  104.14
2014-01-07  102.48  103.84  102.35  103.33  1001700  103.33
2014-01-06  101.41  102.68  101.22  102.28  1657500  102.28
2014-01-03  104.1  104.28  103.78  103.92  554500  103.92
2014-01-02  103.58  104.42  103.41  103.79  814900  103.79
2013-12-31  104.29  104.44  103.87  104.27  898800  104.27
2013-12-30  104.37  104.54  103.95  104.11  792600  104.11
2013-12-27  105.09  105.3  104.33  104.47  502300  104.47
2013-12-26  105.03  105.07  104.35  104.7  687000  104.7
2013-12-24  104.13  104.97  103.84  104.93  369700  104.93
2013-12-23  105.05  105.05  103.86  104.28  871000  104.28
2013-12-20  102.65  104.56  102.55  104.24  1598300  104.24
2013-12-19  103.68  104.0  102.81  102.95  922900  102.95
2013-12-18  102.39  104.11  101.7  104.08  1090100  104.08
2013-12-17  102.68  102.69  101.38  102.06  1565000  102.06
2013-12-16  102.84  102.97  101.99  102.1  1235500  102.1
2013-12-13  102.89  103.3  102.44  102.58  822400  102.58
2013-12-12  102.94  103.28  102.47  102.56  1143900  102.56
2013-12-11  104.74  104.96  102.95  102.96  1115900  102.96
2013-12-10  104.95  105.77  104.62  104.77  1078500  104.77
2013-12-09  106.05  106.06  104.87  105.48  1247500  105.48
2013-12-06  104.02  105.45  103.64  105.41  1500300  105.41
2013-12-05  102.95  103.4  102.35  102.77  1213400  102.77
2013-12-04  103.06  103.7  102.27  103.13  1217800  103.13
2013-12-03  104.98  105.5  102.93  103.37  1589500  103.37
2013-12-02  106.62  106.7  105.37  105.47  956500  105.47
2013-11-29  106.87  107.48  106.57  106.88  417900  106.88
2013-11-27  107.65  107.65  106.52  106.67  772200  106.67
2013-11-26  106.43  107.85  106.01  107.7  1711100  107.7
2013-11-25  107.21  107.61  105.69  106.2  806900  106.2
2013-11-22  107.18  107.26  106.46  107.17  576200  107.17
2013-11-21  106.83  107.47  106.27  107.13  673700  107.13
2013-11-20  106.44  106.87  105.91  106.3  494700  106.3
2013-11-19  106.42  106.92  105.93  106.3  719900  106.3
2013-11-18  107.53  107.6  106.42  106.78  713100  106.78
2013-11-15  107.04  107.57  106.68  107.32  1195100  107.32
2013-11-14  106.43  106.95  105.86  106.74  707800  106.74
2013-11-13  105.72  106.05  104.41  106.01  754200  106.01
2013-11-12  105.53  106.21  104.78  106.15  689200  106.15
2013-11-11  106.21  106.29  105.5  105.71  491400  105.71
2013-11-08  104.53  106.31  104.26  106.28  723100  106.28
2013-11-07  106.11  106.44  104.25  104.34  642600  104.34
2013-11-06  105.64  106.7  105.3  106.11  550300  106.11
2013-11-05  105.18  105.7  104.56  105.04  758000  105.04
2013-11-04  105.94  106.32  105.37  105.68  602200  105.68
2013-11-01  105.92  106.85  104.87  105.41  1060300  105.41
2013-10-31  106.09  106.93  105.54  105.72  1100000  105.72
2013-10-30  107.2  108.05  105.83  106.08  1302100  106.08
2013-10-29  102.92  107.22  102.92  107.19  1765900  107.19
2013-10-28  104.89  105.33  102.62  102.98  1861700  102.98
2013-10-25  104.72  105.03  104.0  104.9  804400  104.9
2013-10-24  103.08  104.72  103.08  104.64  801700  104.64
2013-10-23  103.89  103.89  102.72  103.0  760900  103.0
2013-10-22  102.32  104.09  102.32  103.98  735900  103.98
2013-10-21  102.8  103.36  102.1  102.35  671800  102.35
2013-10-18  102.14  103.47  101.99  103.23  774600  103.23
2013-10-17  101.23  102.17  100.46  102.03  945600  102.03
2013-10-16  100.09  101.67  99.96  101.57  767500  101.57
2013-10-15  100.13  100.55  99.02  99.35  703100  99.35
2013-10-14  99.21  100.62  98.86  100.44  645900  100.44
2013-10-11  98.58  100.06  98.49  99.75  958500  99.75
2013-10-10  98.43  99.13  98.01  98.57  974600  98.57
2013-10-09  96.75  97.69  96.18  97.37  1232400  97.37
2013-10-08  96.97  97.27  96.32  96.65  1083700  96.65
2013-10-07  98.25  98.25  96.96  97.01  951400  97.01
2013-10-04  97.47  99.14  97.24  99.07  731200  99.07
2013-10-03  98.88  98.96  96.79  97.5  1111900  97.5
2013-10-02  99.01  99.24  98.39  99.24  767500  99.24
2013-10-01  98.6  99.3  98.45  99.21  711000  99.21
2013-09-30  97.49  98.77  96.99  98.5  951400  98.5
2013-09-27  98.51  98.79  97.76  97.85  630700  97.85
2013-09-26  98.64  99.04  97.95  98.85  543700  98.85
2013-09-25  98.32  98.7  98.03  98.37  613100  98.37
2013-09-24  98.26  98.57  97.85  98.1  687700  98.1
2013-09-23  98.04  98.75  97.5  98.11  780000  98.11
2013-09-20  98.65  99.04  97.87  97.87  1803000  97.87
2013-09-19  98.78  99.19  98.07  98.54  749600  98.54
2013-09-18  96.13  99.07  95.75  98.74  1172100  98.74
2013-09-17  96.69  96.73  95.71  96.01  910300  96.01
2013-09-16  96.63  97.07  95.74  96.59  681200  96.59
2013-09-13  95.57  95.62  94.76  95.43  686300  95.43
2013-09-12  95.58  95.68  94.61  95.51  794900  95.51
2013-09-11  94.76  95.88  94.39  95.61  877400  95.61
2013-09-10  93.53  94.94  93.53  94.91  952200  94.91
2013-09-09  92.3  93.34  92.3  93.32  630900  93.32
2013-09-06  92.77  93.03  91.65  92.26  925700  92.26
2013-09-05  92.95  93.4  92.53  92.65  750300  92.65
2013-09-04  92.05  93.45  92.02  93.26  1263100  93.26
2013-09-03  92.07  92.53  91.48  92.11  1137700  92.11
2013-08-30  91.43  91.77  90.66  90.89  970000  90.89
2013-08-29  90.36  91.67  90.04  91.18  814500  91.18
2013-08-28  90.33  90.76  90.01  90.37  665300  90.37
2013-08-27  91.2  91.41  90.1  90.14  710600  90.14
2013-08-26  91.36  92.65  91.31  91.97  911600  91.97
2013-08-23  91.2  91.4  90.38  91.25  531800  91.25
2013-08-22  90.17  91.25  89.73  91.08  553700  91.08
2013-08-21  90.11  91.1  89.79  90.23  713400  90.23
2013-08-20  90.7  90.84  90.05  90.14  991400  90.14
2013-08-19  90.75  91.68  90.68  90.77  712100  90.77
2013-08-16  91.48  91.72  90.86  91.25  939600  91.25
2013-08-15  91.89  92.09  90.78  91.73  1252600  91.73
2013-08-14  92.8  93.15  92.3  92.56  651100  92.56
2013-08-13  92.34  92.96  91.87  92.68  459200  92.68
2013-08-12  92.43  92.92  91.86  92.32  722500  92.32
2013-08-09  92.63  93.53  92.13  92.57  918400  92.57
2013-08-08  93.13  93.45  92.55  92.58  642700  92.58
2013-08-07  92.86  93.12  91.98  92.83  846100  92.83
2013-08-06  92.03  93.19  91.95  93.03  783300  93.03
2013-08-05  93.04  93.04  91.53  91.99  711400  91.99
2013-08-02  93.42  93.42  92.31  93.15  756300  93.15
2013-08-01  92.4  93.68  92.36  93.56  1257600  93.56
2013-07-31  93.51  94.49  91.6  91.67  1494900  91.67
2013-07-30  91.98  94.4  91.97  93.28  1190600  93.28
2013-07-29  92.41  92.63  91.02  91.63  1263400  91.63
2013-07-26  92.63  92.82  91.66  92.52  901900  92.52
2013-07-25  93.03  93.32  92.63  93.07  1274700  93.07
2013-07-24  94.52  94.52  93.08  93.21  1178700  93.21
2013-07-23  94.19  94.71  93.69  94.29  1439400  94.29
2013-07-22  92.56  93.87  92.56  93.8  1269600  93.8
2013-07-19  92.16  93.0  91.81  92.93  1718300  92.93
2013-07-18  91.28  92.04  91.11  92.01  794300  92.01
2013-07-17  91.05  91.35  90.68  91.18  1073000  91.18
2013-07-16  90.37  90.95  90.29  90.86  1294400  90.86
2013-07-15  89.74  90.36  89.49  90.31  757400  90.31
2013-07-12  89.37  89.83  88.98  89.83  826000  89.83
2013-07-11  88.85  89.48  88.85  89.44  1120000  89.44
2013-07-10  87.78  88.48  87.48  88.21  815800  88.21
2013-07-09  86.97  88.02  86.89  88.01  871100  88.01
2013-07-08  86.41  86.96  86.22  86.42  605400  86.42
2013-07-05  85.99  86.2  85.14  86.06  584700  86.06
2013-07-03  85.62  85.88  85.25  85.4  873100  85.4
2013-07-02  85.39  86.25  85.26  85.69  1358400  85.69
2013-07-01  85.1  86.49  85.04  85.9  1314900  85.9
2013-06-28  85.21  85.87  84.75  84.76  1450600  84.76
2013-06-27  86.06  86.19  84.73  85.27  1074400  85.27
2013-06-26  84.56  85.56  84.44  85.49  787700  85.49
2013-06-25  84.27  84.44  83.54  83.98  1416200  83.98
2013-06-24  82.58  84.34  82.17  83.51  1288900  83.51
2013-06-21  83.87  83.93  82.51  83.35  2312100  83.35
2013-06-20  84.77  84.87  83.4  83.56  1205200  83.56
2013-06-19  86.28  86.38  85.17  85.25  851500  85.25
2013-06-18  85.93  86.41  85.65  86.29  1000800  86.29
2013-06-17  84.2  85.9  84.19  85.88  1481200  85.88
2013-06-14  83.94  84.27  83.53  83.6  898600  83.6
2013-06-13  83.39  84.22  82.75  84.1  1292800  84.1
2013-06-12  83.69  84.23  83.2  83.6  1682800  83.6
2013-06-11  83.26  84.2  82.87  83.05  842000  83.05
2013-06-10  84.34  84.78  83.81  83.95  1316200  83.95
2013-06-07  83.65  84.16  83.33  84.09  1388400  84.09
2013-06-06  82.86  83.44  82.51  83.44  1358600  83.44
2013-06-05  83.5  83.97  82.84  82.86  1295200  82.86
2013-06-04  83.09  85.25  83.06  83.86  2138400  83.86
2013-06-03  84.06  84.08  82.6  83.1  2321300  83.1
2013-05-31  84.35  84.92  83.77  83.81  2815000  83.81
2013-05-30  85.47  85.78  84.79  84.8  1301600  84.8
2013-05-29  85.95  86.17  84.79  85.37  1094400  85.37
2013-05-28  87.24  87.31  86.17  86.38  1185200  86.38
2013-05-24  86.07  86.65  85.38  86.46  856100  86.46
2013-05-23  86.06  86.94  86.01  86.51  1209200  86.51
2013-05-22  88.31  88.53  86.34  86.75  1137400  86.75
2013-05-21  87.54  88.78  87.42  88.36  1012600  88.36
2013-05-20  88.19  88.21  87.34  87.4  825600  87.4
2013-05-17  87.54  88.4  87.12  88.4  1127800  88.4
2013-05-16  88.12  88.26  87.4  87.48  835600  87.48
2013-05-15  87.12  88.53  86.98  88.45  713500  88.45
2013-05-14  86.52  87.31  86.3  87.29  1083600  87.29
2013-05-13  86.05  86.9  85.83  86.3  870400  86.3
2013-05-10  86.05  86.67  85.84  86.13  571600  86.13
2013-05-09  86.11  86.51  85.89  86.11  741800  86.11
2013-05-08  86.42  86.42  85.84  86.2  635000  86.2
2013-05-07  85.08  86.49  85.08  86.49  1360500  86.49
2013-05-06  85.07  85.08  84.36  84.69  570100  84.69
2013-05-03  84.4  84.99  84.11  84.92  1178600  84.92
2013-05-02  83.52  83.91  83.32  83.62  1277200  83.62
2013-05-01  84.1  84.5  83.34  83.6  1548300  83.6
2013-04-30  82.4  84.04  82.24  83.96  1893900  83.96
2013-04-29  82.2  82.64  81.71  82.6  1529400  82.6
2013-04-26  83.08  83.22  82.23  82.3  637200  82.3
2013-04-25  82.88  83.63  82.7  83.08  743000  83.08
2013-04-24  83.51  83.55  82.64  82.64  731800  82.64
2013-04-23  82.62  83.47  82.36  83.14  1322100  83.14
2013-04-22  81.52  82.76  81.3  82.38  1214900  82.38
2013-04-19  80.98  82.0  80.95  81.59  1216300  81.59
2013-04-18  81.04  81.25  80.21  80.7  999000  80.7
2013-04-17  80.71  81.25  79.67  80.93  948800  80.93
2013-04-16  80.69  81.48  80.51  81.28  1346100  81.28
2013-04-15  81.36  81.76  79.9  79.9  1309400  79.9
2013-04-12  82.12  82.14  81.1  81.58  644200  81.58
2013-04-11  81.68  82.6  81.51  82.33  1677600  82.33
2013-04-10  80.36  81.69  80.05  81.67  899500  81.67
2013-04-09  79.99  80.58  79.38  79.94  1219300  79.94
2013-04-08  78.63  79.42  78.31  79.42  707500  79.42
2013-04-05  78.37  78.86  78.12  78.72  879600  78.72
2013-04-04  79.16  79.49  78.66  79.23  1131000  79.23
2013-04-03  79.55  79.65  78.33  78.94  1101900  78.94
2013-04-02  79.28  79.71  79.01  79.58  711300  79.58
2013-04-01  79.38  79.64  78.67  78.88  731700  78.88
2013-03-28  78.06  79.73  78.06  79.56  1304400  79.56
2013-03-27  77.58  78.25  77.23  77.73  1513000  77.73
2013-03-26  79.44  79.6  78.02  78.27  1071000  78.27
2013-03-25  79.13  80.06  78.67  79.11  1141700  79.11
2013-03-22  78.37  79.19  78.09  78.85  875200  78.85
2013-03-21  78.15  78.7  77.71  78.24  656200  78.24
2013-03-20  78.99  79.38  78.54  78.76  726600  78.76
2013-03-19  78.32  78.75  77.71  78.58  894400  78.58
2013-03-18  78.36  78.55  78.02  78.17  876700  78.17
2013-03-15  79.07  79.34  78.72  79.02  1695300  79.02
2013-03-14  79.67  79.7  78.88  79.34  1089200  79.34
2013-03-13  78.84  79.52  78.58  79.33  1336400  79.33
2013-03-12  78.12  78.87  78.12  78.83  1016900  78.83
2013-03-11  77.56  78.32  77.43  78.2  837300  78.2
2013-03-08  77.43  77.79  77.09  77.53  700100  77.53
2013-03-07  77.26  77.61  76.88  77.33  1105400  77.33
2013-03-06  77.0  77.44  76.71  77.07  970400  77.07
2013-03-05  77.09  77.39  76.54  76.68  866100  76.68
2013-03-04  75.85  76.72  75.6  76.72  736300  76.72
2013-03-01  75.62  76.47  74.9  76.17  1462300  76.17
2013-02-28  76.47  76.85  75.69  75.73  2251700  75.73
2013-02-27  75.26  76.94  75.16  76.48  1731700  76.48
2013-02-26  71.54  75.17  71.26  75.03  1782400  75.03
2013-02-25  74.2  74.55  72.01  72.02  1443400  72.02
2013-02-22  73.57  74.15  73.47  73.9  1046500  73.9
2013-02-21  73.71  73.71  72.82  73.19  1241900  73.19
2013-02-20  74.87  75.16  73.9  74.01  1235300  74.01
2013-02-19  74.42  74.96  74.0  74.88  973000  74.88
2013-02-15  74.4  75.08  74.15  74.4  1995800  74.4
2013-02-14  73.66  74.34  73.47  74.02  1055200  74.02
2013-02-13  73.89  74.06  73.32  73.87  691300  73.87
2013-02-12  73.16  73.69  73.1  73.66  712900  73.66
2013-02-11  73.4  73.73  72.99  73.26  610100  73.26
2013-02-08  72.67  73.67  72.64  73.6  760600  73.6
2013-02-07  73.03  73.15  72.0  72.65  845400  72.65
2013-02-06  73.22  73.58  72.89  73.26  847600  73.26
2013-02-05  72.89  73.73  72.64  73.51  876600  73.51
2013-02-04  72.71  72.83  72.13  72.49  2018500  72.49
2013-02-01  72.01  73.2  71.68  73.08  995000  73.08
2013-01-31  71.26  72.18  71.21  71.62  1198200  71.62
2013-01-30  72.2  72.21  71.39  71.46  757700  71.46
2013-01-29  71.67  72.24  71.26  72.1  563100  72.1
2013-01-28  72.59  72.91  71.78  71.87  770400  71.87
2013-01-25  72.64  72.73  72.0  72.65  736000  72.65
2013-01-24  72.68  72.92  72.23  72.38  898400  72.38
2013-01-23  73.2  73.22  72.35  72.6  1091100  72.6
2013-01-22  72.84  73.4  72.68  73.36  1100000  73.36
2013-01-18  72.82  73.08  72.24  73.03  941100  73.03
2013-01-17  72.37  72.97  72.13  72.53  658700  72.53
2013-01-16  72.2  72.27  71.88  72.06  789500  72.06
2013-01-15  71.76  72.6  71.68  72.34  722800  72.34
2013-01-14  72.13  72.3  71.77  72.16  777800  72.16
2013-01-11  72.72  72.73  71.79  72.03  829300  72.03
2013-01-10  72.74  72.82  72.03  72.36  1029800  72.36
2013-01-09  72.68  72.91  72.25  72.58  1044700  72.58
2013-01-08  71.52  72.77  71.52  72.46  1137700  72.46
2013-01-07  73.44  73.57  72.69  73.11  798300  73.11
2013-01-04  73.43  73.74  73.2  73.55  621900  73.55
2013-01-03  73.47  73.93  73.05  73.3  1060200  73.3
2013-01-02  72.15  73.53  71.98  73.53  1533100  73.53
2012-12-31  69.9  71.14  69.58  71.13  888000  71.13
2012-12-28  70.47  70.83  69.94  70.02  620700  70.02
2012-12-27  71.15  71.49  70.08  71.03  696200  71.03
2012-12-26  71.4  71.72  70.92  71.05  1060700  71.05
2012-12-24  70.33  71.51  70.26  71.31  595000  71.31
2012-12-21  70.17  71.06  70.17  70.43  1753900  70.43
2012-12-20  71.33  71.46  70.89  71.45  1026400  71.45
2012-12-19  70.97  71.39  70.52  71.03  1425000  71.03
2012-12-18  70.34  71.14  70.07  71.1  993900  71.1
2012-12-17  69.94  70.32  69.52  70.32  1548600  70.32
2012-12-14  69.6  70.1  69.27  69.76  1021700  69.76
2012-12-13  69.63  69.89  69.37  69.69  1413200  69.69
2012-12-12  71.71  71.72  69.31  69.53  2330100  69.53
2012-12-11  71.12  71.73  70.76  71.52  1238800  71.52
2012-12-10  71.47  71.73  70.66  71.03  1262100  71.03
2012-12-07  71.44  71.77  70.92  71.7  1541100  71.7
2012-12-06  70.18  71.41  70.14  71.38  1080000  71.38
2012-12-05  70.78  71.04  70.05  70.17  1743000  70.17
2012-12-04  70.52  71.15  70.4  70.87  1486900  70.87
2012-12-03  70.99  71.13  70.38  70.52  1717800  70.52
2012-11-30  70.69  71.26  70.51  71.07  2105700  71.07
2012-11-29  70.11  71.0  70.09  70.81  1340900  70.81
2012-11-28  68.72  69.99  68.46  69.98  1331100  69.98
2012-11-27  68.85  69.47  68.6  69.06  1364500  69.06
2012-11-26  68.47  69.12  68.3  68.84  1337300  68.84
2012-11-23  68.9  69.46  68.79  69.37  470300  69.37
2012-11-21  69.33  69.34  68.59  68.73  869100  68.73
2012-11-20  69.02  69.39  68.09  69.34  1031100  69.34
2012-11-19  68.72  69.02  68.24  69.02  1182300  69.02
2012-11-16  67.66  68.19  67.02  68.01  1281700  68.01
2012-11-15  67.32  67.98  67.21  67.74  972800  67.74
2012-11-14  68.5  68.5  67.25  67.31  919900  67.31
2012-11-13  68.24  68.91  68.13  68.28  879800  68.28
2012-11-12  69.07  69.32  68.41  68.45  906200  68.45
2012-11-09  69.02  69.31  68.57  68.89  1079000  68.89
2012-11-08  69.4  69.98  69.03  69.06  883400  69.06
2012-11-07  69.83  70.16  69.13  69.5  1130800  69.5
2012-11-06  69.94  70.57  69.65  70.36  1410400  70.36
2012-11-05  69.67  69.89  69.09  69.75  774200  69.75
2012-11-02  70.0  70.29  69.47  69.62  1360300  69.62
2012-11-01  68.58  69.96  67.96  69.83  1987000  69.83
2012-10-31  68.39  68.74  67.55  68.63  1554400  68.63
2012-10-26  68.23  68.6  67.76  68.59  1465700  68.59
2012-10-25  68.28  68.77  67.86  68.23  754100  68.23
2012-10-24  68.39  68.52  67.87  68.03  1033400  68.03
2012-10-23  67.98  68.57  67.55  68.21  1341100  68.21
2012-10-22  68.03  68.8  67.94  68.77  1546700  68.77
2012-10-19  68.71  68.95  67.56  68.11  2164800  68.11
2012-10-18  68.2  68.99  68.2  68.9  1256800  68.9
2012-10-17  67.6  69.76  67.6  68.43  1646100  68.43
2012-10-16  67.21  67.86  67.13  67.82  2015700  67.82
2012-10-15  65.83  67.36  65.81  66.92  3431800  66.92
2012-10-12  64.31  65.52  62.56  65.32  3817100  65.32
2012-10-11  63.43  63.75  62.78  62.78  868600  62.78
2012-10-10  63.17  63.23  62.53  62.74  1097800  62.74
2012-10-09  64.06  64.3  63.23  63.25  988000  63.25
2012-10-08  64.03  64.11  63.66  63.98  768100  63.98
2012-10-05  64.4  64.73  63.79  64.08  1040000  64.08
2012-10-04  63.85  64.29  63.78  63.99  655500  63.99
2012-10-03  63.94  64.1  63.37  63.52  897900  63.52
2012-10-02  64.2  64.23  63.5  63.91  764100  63.91
2012-10-01  64.08  64.79  63.73  64.02  1073800  64.02
2012-09-28  63.93  64.13  63.56  63.91  1475300  63.91
2012-09-27  63.54  64.27  63.09  64.2  1574000  64.2
2012-09-26  63.02  63.69  62.89  63.4  1436700  63.4
2012-09-25  63.8  64.03  62.83  62.88  1490800  62.88
2012-09-24  62.98  63.79  62.91  63.59  1899400  63.59
2012-09-21  62.76  63.29  62.36  63.21  5485300  63.21
2012-09-20  62.41  62.85  62.25  62.68  1325600  62.68
2012-09-19  62.93  63.0  62.66  62.7  1247200  62.7
2012-09-18  62.96  63.17  62.65  62.74  1581000  62.74
2012-09-17  63.3  63.31  62.89  62.96  1814900  62.96
2012-09-14  63.9  64.31  63.21  63.22  2048700  63.22
2012-09-13  63.25  64.38  62.84  63.8  1390100  63.8
2012-09-12  63.23  63.45  62.68  63.05  985700  63.05
2012-09-11  63.55  63.66  63.06  63.11  1030500  63.11
2012-09-10  64.16  64.29  63.46  63.53  955000  63.53
2012-09-07  64.06  64.31  63.76  64.15  1080700  64.15
2012-09-06  63.22  63.94  63.15  63.84  1335000  63.84
2012-09-05  62.39  62.93  61.91  62.81  1466000  62.81
2012-09-04  62.95  63.17  62.15  62.39  1290700  62.39
2012-08-31  63.26  63.39  62.65  62.94  1485500  62.94
2012-08-30  63.68  63.78  62.85  62.92  1233100  62.92
2012-08-29  64.03  64.22  63.55  64.01  959200  64.01
2012-08-28  64.76  64.76  63.66  63.91  1495400  63.91
2012-08-27  65.5  65.5  64.97  65.03  727400  65.03
2012-08-24  65.43  65.68  65.2  65.39  867700  65.39
2012-08-23  65.5  66.26  65.47  65.65  1527800  65.65
2012-08-22  64.57  66.16  64.16  66.15  1718900  66.15
2012-08-21  65.21  65.34  64.59  64.72  657300  64.72
2012-08-20  65.46  65.73  64.86  65.01  648700  65.01
2012-08-17  65.29  65.78  65.19  65.65  918700  65.65
2012-08-16  64.11  65.71  63.97  65.63  1087500  65.63
2012-08-15  63.56  64.06  63.4  63.98  943300  63.98
2012-08-14  64.27  64.27  63.51  63.69  874400  63.69
2012-08-13  64.0  64.09  63.44  64.0  698100  64.0
2012-08-10  63.37  64.31  63.36  64.23  1069500  64.23
2012-08-09  63.09  63.58  62.97  63.43  1078600  63.43
2012-08-08  63.38  63.61  63.03  63.09  936200  63.09
2012-08-07  63.27  63.6  62.78  63.38  1302700  63.38
2012-08-06  63.2  63.67  63.11  63.33  1109700  63.33
2012-08-03  63.1  63.45  62.67  63.31  2489100  63.31
2012-08-02  64.17  64.17  62.25  62.4  3278300  62.4
2012-08-01  64.65  64.9  64.05  64.58  2014300  64.58
2012-07-31  63.82  64.99  60.61  64.34  4793600  64.34
2012-07-30  66.04  67.27  66.0  66.99  1362300  66.99
2012-07-27  65.31  66.19  65.12  66.03  1948000  66.03
2012-07-26  65.13  65.7  64.56  64.88  1097600  64.88
2012-07-25  64.52  64.92  64.19  64.31  1483900  64.31
2012-07-24  65.54  65.54  63.96  64.3  1512200  64.3
2012-07-23  65.34  65.83  65.17  65.48  904800  65.48
2012-07-20  66.36  66.6  65.99  66.09  2351300  66.09
2012-07-19  66.73  66.96  66.22  66.78  1191100  66.78
2012-07-18  66.63  66.8  66.23  66.72  1025600  66.72
2012-07-17  66.51  67.14  66.14  66.98  1048100  66.98
2012-07-16  66.37  66.64  66.01  66.33  821700  66.33
2012-07-13  66.31  66.68  66.1  66.54  1144800  66.54
2012-07-12  65.62  66.48  65.09  66.19  1218300  66.19
2012-07-11  66.33  66.42  65.63  66.02  1133000  66.02
2012-07-10  67.1  67.47  66.13  66.34  1271400  66.34
2012-07-09  66.59  67.03  66.49  66.79  858300  66.79
2012-07-06  66.93  67.08  66.44  66.67  830700  66.67
2012-07-05  67.6  67.66  67.09  67.45  883300  67.45
2012-07-03  67.61  67.79  67.06  67.79  618900  67.79
2012-07-02  67.51  67.7  66.85  67.6  1347700  67.6
2012-06-29  66.17  67.38  66.17  67.36  1484500  67.36
2012-06-28  65.39  65.65  64.82  65.51  983600  65.51
2012-06-27  65.73  66.27  65.56  65.75  994900  65.75
2012-06-26  65.19  65.67  64.57  65.5  1453400  65.5
2012-06-25  64.62  65.23  64.53  65.0  1309000  65.0
2012-06-22  64.48  65.69  64.2  65.4  5964900  65.4
2012-06-21  65.32  65.51  63.86  63.91  1397800  63.91
2012-06-20  66.21  66.48  64.95  65.22  1291800  65.22
2012-06-19  66.11  66.54  65.91  66.2  1266900  66.2
2012-06-18  65.69  66.21  65.46  65.82  1294500  65.82
2012-06-15  66.15  66.35  65.74  65.88  1837800  65.88
2012-06-14  64.94  65.77  64.75  65.53  1471900  65.53
2012-06-13  65.22  65.63  64.75  64.94  1622200  64.94
2012-06-12  64.44  65.33  64.07  65.28  1546300  65.28
2012-06-11  65.56  66.04  64.21  64.26  2298300  64.26
2012-06-08  64.14  65.3  63.83  65.21  1449200  65.21
2012-06-07  63.99  64.78  63.86  64.36  2349100  64.36
2012-06-06  61.65  63.62  61.65  63.62  1834300  63.62
2012-06-05  60.78  61.54  60.61  61.38  1111200  61.38
2012-06-04  60.77  61.18  60.23  61.03  1959800  61.03
2012-06-01  61.02  61.51  60.48  60.69  2016900  60.69
2012-05-31  62.47  62.58  61.75  61.95  1977500  61.95
2012-05-30  62.73  63.02  62.56  62.56  1684700  62.56
2012-05-29  63.51  63.71  62.98  63.14  2114300  63.14
2012-05-25  63.77  63.96  62.92  63.07  1503400  63.07
2012-05-24  63.73  64.29  63.49  63.79  2052800  63.79
2012-05-23  63.23  63.71  62.18  63.5  1400000  63.5
2012-05-22  63.26  64.23  63.21  63.53  1905500  63.53
2012-05-21  61.64  63.21  61.61  63.08  1322600  63.08
2012-05-18  61.81  62.48  61.37  61.63  1855800  61.63
2012-05-17  63.45  63.67  61.48  61.48  1697400  61.48
2012-05-16  63.27  63.84  62.98  63.34  1513700  63.34
2012-05-15  63.0  63.31  62.65  62.98  983000  62.98
2012-05-14  62.96  63.29  62.62  62.98  881200  62.98
2012-05-11  63.23  63.77  63.23  63.42  744500  63.42
2012-05-10  63.78  63.91  63.34  63.52  935300  63.52
2012-05-09  62.97  63.96  62.84  63.36  1856300  63.36
2012-05-08  63.34  63.65  62.76  63.59  1405300  63.59
2012-05-07  62.15  64.03  61.75  63.66  2723800  63.66
2012-05-04  62.46  62.71  62.07  62.24  1127400  62.24
2012-05-03  62.72  63.02  62.42  62.83  1597300  62.83
2012-05-02  62.7  62.82  61.93  62.73  1623600  62.73
2012-05-01  62.24  63.22  61.75  63.06  1741600  63.06
2012-04-30  62.49  62.53  61.81  62.42  1612200  62.42
2012-04-27  61.94  62.86  61.78  62.54  1422600  62.54
2012-04-26  61.27  61.94  61.13  61.71  984300  61.71
2012-04-25  61.22  61.44  61.05  61.44  1477300  61.44
2012-04-24  60.68  60.92  60.34  60.87  1109900  60.87
2012-04-23  60.48  60.81  59.99  60.8  1363200  60.8
2012-04-20  61.08  61.28  60.86  60.98  1548300  60.98
2012-04-19  61.26  61.49  60.75  61.02  1423400  61.02
2012-04-18  61.18  61.4  60.87  61.2  1687000  61.2
2012-04-17  60.82  61.62  60.69  61.32  2083100  61.32
2012-04-16  60.62  60.84  60.3  60.56  1188200  60.56
2012-04-13  60.52  60.73  60.28  60.38  1379700  60.38
2012-04-12  59.2  60.69  59.19  60.59  1422300  60.59
2012-04-11  59.43  59.63  58.97  59.09  1242400  59.09
2012-04-10  59.82  59.96  58.62  58.73  1379400  58.73
2012-04-09  59.53  60.14  59.26  60.01  1423400  60.01
2012-04-05  60.11  60.51  60.03  60.27  1104100  60.27
2012-04-04  60.57  60.58  60.1  60.25  878300  60.25
2012-04-03  61.09  61.09  60.51  60.94  1138800  60.94
2012-04-02  60.36  61.18  60.24  61.08  1285600  61.08
2012-03-30  60.76  60.83  60.38  60.49  1333800  60.49
2012-03-29  59.93  60.56  59.75  60.48  1119300  60.48
2012-03-28  60.27  60.31  59.69  60.21  1496700  60.21
2012-03-27  60.38  60.53  60.0  60.21  1608200  60.21
2012-03-26  59.32  60.49  59.29  60.46  1653000  60.46
2012-03-23  58.9  59.25  58.44  59.07  1307100  59.07
2012-03-22  58.54  58.97  58.05  58.82  1843700  58.82
2012-03-21  59.23  59.38  58.9  58.96  1574900  58.96
2012-03-20  58.83  59.37  58.72  59.28  1627300  59.28
2012-03-19  58.65  59.26  58.65  59.01  961200  59.01
2012-03-16  59.0  59.09  58.64  58.87  3225000  58.87
2012-03-15  58.57  58.7  58.27  58.63  1343900  58.63
2012-03-14  58.56  59.12  58.31  58.63  2048600  58.63
2012-03-13  58.29  58.92  58.18  58.83  1821500  58.83
2012-03-12  58.39  58.69  58.03  58.05  1091200  58.05
2012-03-09  58.31  58.68  57.97  58.52  1663600  58.52
2012-03-08  58.93  59.02  58.04  58.15  1734200  58.15
2012-03-07  58.34  58.43  57.91  58.18  2064300  58.18
2012-03-06  57.68  58.3  57.58  58.16  2605000  58.16
2012-03-05  58.29  58.56  57.81  58.22  2507800  58.22
2012-03-02  58.82  59.02  58.16  58.36  2558000  58.36
2012-03-01  58.33  58.97  58.33  58.72  2730000  58.72
2012-02-29  59.55  59.8  58.49  58.61  4465800  58.61
2012-02-28  59.35  60.5  59.16  60.32  2661900  60.32
2012-02-27  60.87  61.4  60.47  61.17  1443200  61.17
2012-02-24  60.83  61.28  60.69  61.24  1274600  61.24
2012-02-23  60.53  60.8  60.36  60.73  1508900  60.73
2012-02-22  60.29  60.61  59.97  60.5  1696500  60.5
2012-02-21  60.27  60.8  59.93  60.22  1428200  60.22
2012-02-17  60.64  60.79  60.32  60.41  1119800  60.41
2012-02-16  60.19  60.72  60.04  60.54  1266600  60.54
2012-02-15  60.21  60.51  59.86  60.28  1772000  60.28
2012-02-14  60.02  60.35  59.63  59.89  1618800  59.89
2012-02-13  60.16  60.28  59.39  60.02  1383000  60.02
2012-02-10  59.44  59.92  59.16  59.78  1717700  59.78
2012-02-09  60.47  60.47  59.76  60.22  1178500  60.22
2012-02-08  60.16  60.65  60.03  60.42  1622300  60.42
2012-02-07  59.65  60.39  59.65  60.25  1193400  60.25
2012-02-06  59.87  60.15  59.78  59.87  1424200  59.87
2012-02-03  59.65  60.22  59.45  60.1  1427000  60.1
2012-02-02  59.34  59.47  59.09  59.1  1575100  59.1
2012-02-01  59.43  59.76  59.04  59.2  1906400  59.2
2012-01-31  59.2  59.38  58.67  59.04  1462700  59.04
2012-01-30  58.51  58.96  58.17  58.87  2026100  58.87
2012-01-27  59.27  59.47  58.99  59.11  1761000  59.11
2012-01-26  59.83  59.99  59.13  59.35  2040800  59.35
2012-01-25  59.14  59.71  59.06  59.53  2133600  59.53
2012-01-24  58.88  59.96  58.88  59.57  2330800  59.57
2012-01-23  59.06  59.41  58.83  59.01  1208900  59.01
2012-01-20  58.81  59.38  58.77  58.98  1884100  58.98
2012-01-19  59.08  59.19  58.66  58.75  2798600  58.75
2012-01-18  58.27  59.22  58.12  59.14  1600100  59.14
2012-01-17  58.7  58.79  58.08  58.26  1559600  58.26
2012-01-13  58.18  58.41  58.0  58.3  1573000  58.3
2012-01-12  58.09  58.49  57.85  58.42  1556000  58.42
2012-01-11  57.44  58.15  57.08  57.95  1580200  57.95
2012-01-10  57.54  58.0  57.34  57.51  1903700  57.51
2012-01-09  57.12  57.2  56.63  57.19  1489700  57.19
2012-01-06  56.89  57.17  56.52  56.94  1134600  56.94
2012-01-05  56.57  56.95  56.11  56.86  1699000  56.86
2012-01-04  56.48  57.0  56.43  56.72  1691300  56.72
2012-01-03  56.95  57.22  56.37  56.67  2135600  56.67
2011-12-30  56.22  56.78  56.13  56.47  1223500  56.47
2011-12-29  55.3  56.36  55.26  56.29  2221500  56.29
2011-12-28  55.92  55.92  55.1  55.23  1473700  55.23
2011-12-27  55.63  56.08  55.5  55.92  1251200  55.92
2011-12-23  55.26  55.63  54.87  55.59  1070700  55.59
2011-12-22  54.92  55.16  54.49  55.02  1969100  55.02
2011-12-21  54.51  54.97  54.37  54.85  2605800  54.85
2011-12-20  53.35  54.31  53.04  54.19  2716500  54.19
2011-12-19  53.67  53.76  52.77  52.85  2198800  52.85
2011-12-16  53.31  53.99  53.24  53.45  3674600  53.45
2011-12-15  53.14  53.18  52.61  52.89  1997200  52.89
2011-12-14  52.89  53.39  52.55  52.63  2749600  52.63
2011-12-13  53.84  54.09  52.95  53.2  2725600  53.2
2011-12-12  54.11  54.13  53.65  53.83  2570600  53.83
2011-12-09  53.79  54.87  53.52  54.4  4775700  54.4
2011-12-08  53.91  54.4  53.86  53.93  8047100  53.93
2011-12-07  54.01  54.07  53.77  53.91  4031800  53.91
2011-12-06  53.91  54.26  53.57  54.09  2553800  54.09
2011-12-05  54.94  55.12  53.52  53.75  3060100  53.75
2011-12-02  55.42  55.71  54.24  54.34  3515500  54.34
2011-12-01  54.44  55.0  53.22  54.13  10766600  54.13
2011-11-30  55.47  56.05  55.23  55.49  15668200  55.49
2011-11-29  53.9  54.21  53.58  53.98  3617300  53.98
2011-11-28  53.22  53.92  53.12  53.88  3722500  53.88
2011-11-25  51.01  52.13  50.95  52.08  2003800  52.08
2011-11-23  51.13  51.73  50.87  51.27  3557100  51.27
2011-11-22  51.74  52.12  51.3  51.59  2945100  51.59
2011-11-21  51.98  52.31  51.59  51.69  3016800  51.69
2011-11-18  52.95  53.12  52.5  52.77  3207500  52.77
2011-11-17  53.1  53.58  52.39  52.72  1767500  52.72
2011-11-16  53.55  54.33  53.37  53.43  1431000  53.43
2011-11-15  54.03  54.51  53.76  54.15  1935000  54.15
2011-11-14  54.8  54.8  54.04  54.14  1733400  54.14
2011-11-11  53.63  54.7  53.56  54.67  1823300  54.67
2011-11-10  52.85  53.43  52.4  53.25  2471400  53.25
2011-11-09  53.4  53.52  52.21  52.37  2670100  52.37
2011-11-08  54.3  54.74  53.71  54.65  1598500  54.65
2011-11-07  53.68  54.22  53.28  54.19  2026200  54.19
2011-11-04  53.72  53.83  52.65  53.56  2488900  53.56
2011-11-03  53.15  54.2  52.85  54.12  2723900  54.12
2011-11-02  52.24  53.1  52.07  52.71  3369900  52.71
2011-11-01  51.24  51.88  50.81  51.06  2510300  51.06
2011-10-31  52.95  53.1  52.39  52.4  2109800  52.4
2011-10-28  53.58  54.11  53.29  53.53  1890900  53.53
2011-10-27  53.01  54.08  52.52  53.72  3539400  53.72
2011-10-26  51.72  52.28  50.98  52.11  2595800  52.11
2011-10-25  52.93  53.17  51.21  51.25  2452000  51.25
2011-10-24  52.53  53.13  52.17  52.87  2208700  52.87
2011-10-21  52.35  52.52  51.79  52.48  2258900  52.48
2011-10-20  51.61  52.03  50.97  51.77  1974200  51.77
2011-10-19  51.95  52.33  51.39  51.75  2181400  51.75
2011-10-18  50.95  52.15  50.35  51.86  3383600  51.86
2011-10-17  51.37  51.4  50.56  50.95  2652500  50.95
2011-10-14  50.98  51.41  50.77  51.38  2660500  51.38
2011-10-13  51.07  51.49  50.03  51.23  2576300  51.23
2011-10-12  51.23  51.95  50.85  51.37  3753700  51.37
2011-10-11  50.18  51.29  50.13  50.85  1871700  50.85
2011-10-10  49.66  50.52  49.43  50.48  2316300  50.48
2011-10-07  49.14  49.61  48.16  48.9  3941200  48.9
2011-10-06  49.35  50.01  48.27  48.75  3653100  48.75
2011-10-05  48.33  49.45  47.93  49.26  2723800  49.26
2011-10-04  46.23  48.43  46.0  48.36  5000000  48.36
2011-10-03  46.67  48.19  46.67  46.78  3220100  46.78
2011-09-30  47.14  48.43  47.1  47.58  2934200  47.58
2011-09-29  48.8  49.04  47.37  48.01  2528100  48.01
2011-09-28  49.88  49.98  47.79  47.96  3094200  47.96
2011-09-27  50.02  50.53  49.18  49.72  2630200  49.72
2011-09-26  48.2  48.96  47.52  48.92  2455700  48.92
2011-09-23  47.73  48.37  47.35  47.73  2517400  47.73
2011-09-22  48.13  48.3  47.19  47.87  6058000  47.87
2011-09-21  49.57  50.1  48.84  48.88  2543900  48.88
2011-09-20  50.04  50.72  49.49  50.03  1458600  50.03
2011-09-19  49.51  50.13  49.12  49.94  1713200  49.94
2011-09-16  51.03  51.09  50.11  50.5  2386000  50.5
2011-09-15  50.16  50.3  49.46  50.02  2092400  50.02
2011-09-14  49.02  50.19  48.43  49.77  2453400  49.77
2011-09-13  48.29  48.97  48.1  48.81  2641700  48.81
2011-09-12  48.4  48.76  47.39  48.27  3788200  48.27
2011-09-09  50.41  50.41  48.28  48.69  3945700  48.69
2011-09-08  51.01  51.36  50.67  50.74  2418200  50.74
2011-09-07  50.93  51.53  50.57  51.53  2211600  51.53
2011-09-06  49.5  50.35  48.59  50.27  3007400  50.27
2011-09-02  50.21  50.77  49.52  50.1  2200300  50.1
2011-09-01  52.09  52.15  50.77  50.83  2440800  50.83
2011-08-31  51.69  52.1  51.54  51.99  4160800  51.99
2011-08-30  50.04  51.48  49.94  51.23  2745900  51.23
2011-08-29  49.92  50.83  49.56  50.83  2583400  50.83
2011-08-26  48.28  49.31  47.97  49.27  4727800  49.27
2011-08-25  48.35  48.49  47.87  48.28  4228000  48.28
2011-08-24  47.36  48.28  47.25  48.25  5272400  48.25
2011-08-23  44.66  47.58  44.48  47.58  8586900  47.58
2011-08-22  44.26  44.68  43.89  44.53  4510800  44.53
2011-08-19  43.03  43.95  42.83  43.19  3754500  43.19
2011-08-18  44.15  44.4  42.67  43.34  3953800  43.34
2011-08-17  45.56  45.77  44.96  45.13  3532100  45.13
2011-08-16  45.52  45.85  45.03  45.19  3136800  45.19
2011-08-15  46.21  46.25  45.3  45.84  3344300  45.84
2011-08-12  45.2  46.17  44.78  45.64  4308800  45.64
2011-08-11  43.67  45.6  43.55  45.1  5325800  45.1
2011-08-10  45.21  45.21  43.22  43.4  6639100  43.4
2011-08-09  44.03  44.92  42.49  44.87  7080700  44.87
2011-08-08  45.71  45.79  43.57  43.61  6511100  43.61
2011-08-05  47.11  47.19  45.55  46.34  8090300  46.34
2011-08-04  47.47  47.78  46.63  46.71  7511100  46.71
2011-08-03  47.37  48.07  46.56  48.04  6077000  48.04
2011-08-02  47.93  48.35  47.06  47.07  4996600  47.07
2011-08-01  48.89  49.07  48.19  48.27  7238200  48.27
2011-07-29  48.33  49.14  48.0  48.49  3705900  48.49
2011-07-28  48.68  49.15  48.56  48.56  3224800  48.56
2011-07-27  49.46  49.61  48.58  48.64  4783500  48.64
2011-07-26  50.58  50.6  49.28  49.35  4526500  49.35
2011-07-25  50.94  51.51  50.42  50.42  4061500  50.42
2011-07-22  51.52  51.6  50.98  51.45  11746900  51.45
2011-07-21  49.87  51.61  49.57  51.6  12080400  51.6
2011-07-20  51.59  51.89  48.53  49.77  23185200  49.77
2011-07-19  53.58  53.79  53.45  53.72  1225700  53.72
2011-07-18  53.91  54.06  53.15  53.35  1364700  53.35
2011-07-15  53.88  54.07  53.51  54.04  1338600  54.04
2011-07-14  54.35  54.47  53.65  53.81  1420600  53.81
2011-07-13  54.43  54.9  54.24  54.39  938300  54.39
2011-07-12  54.24  54.51  53.95  54.12  1483300  54.12
2011-07-11  54.33  54.63  54.11  54.31  1062200  54.31
2011-07-08  54.38  54.87  54.25  54.8  970900  54.8
2011-07-07  55.26  55.47  54.8  54.94  1433000  54.94
2011-07-06  54.75  55.13  54.67  54.92  1531400  54.92
2011-07-05  55.06  55.26  54.53  54.69  1509100  54.69
2011-07-01  54.73  55.11  54.45  55.05  1001300  55.05
2011-06-30  53.82  54.75  53.63  54.68  1640400  54.68
2011-06-29  53.51  53.81  53.19  53.65  908800  53.65
2011-06-28  53.07  53.41  52.97  53.4  911500  53.4
2011-06-27  52.66  53.11  52.13  52.91  892500  52.91
2011-06-24  52.87  52.99  52.64  52.78  997400  52.78
2011-06-23  52.33  52.88  51.79  52.88  1675600  52.88
2011-06-22  52.95  53.3  52.83  52.87  927300  52.87
2011-06-21  52.81  53.29  52.74  53.22  1142100  53.22
2011-06-20  52.33  52.7  52.13  52.59  1757800  52.59
2011-06-17  53.04  53.14  52.21  52.33  2326500  52.33
2011-06-16  53.2  53.2  52.02  52.68  2382200  52.68
2011-06-15  53.02  53.35  52.76  53.08  1809300  53.08
2011-06-14  52.62  53.69  52.6  53.31  2128000  53.31
2011-06-13  52.25  52.48  51.93  52.25  1345700  52.25
2011-06-10  52.42  52.65  51.92  52.01  2027200  52.01
2011-06-09  51.94  52.99  51.91  52.58  1923700  52.58
2011-06-08  52.21  52.21  51.76  51.8  1868200  51.8
2011-06-07  52.3  52.42  52.09  52.3  1826200  52.3
2011-06-06  52.17  52.59  51.91  52.09  1499700  52.09
2011-06-03  52.05  52.48  51.91  52.3  1918100  52.3
2011-06-02  52.48  52.8  52.23  52.53  2116500  52.53
2011-06-01  52.69  53.18  52.43  52.48  2833500  52.48
2011-05-31  52.36  53.06  52.21  53.06  2292100  53.06
2011-05-27  51.4  52.21  51.39  52.2  1259000  52.2
2011-05-26  51.18  51.65  50.81  51.53  1256500  51.53
2011-05-25  51.34  51.48  50.68  51.34  1261000  51.34
2011-05-24  51.01  51.5  50.83  50.94  1277100  50.94
2011-05-23  50.32  51.04  50.16  50.92  1479800  50.92
2011-05-20  50.93  50.94  50.19  50.64  1088200  50.64
2011-05-19  51.1  51.47  50.78  50.93  2136300  50.93
2011-05-18  49.85  51.18  49.57  51.1  1490500  51.1
2011-05-17  50.25  50.32  49.53  49.65  1508200  49.65
2011-05-16  50.24  50.95  49.98  50.44  916200  50.44
2011-05-13  50.86  51.21  50.13  50.34  959200  50.34
2011-05-12  50.27  51.02  49.87  50.94  1628300  50.94
2011-05-11  50.84  50.92  50.02  50.34  779800  50.34
2011-05-10  50.96  51.13  50.77  50.98  654400  50.98
2011-05-09  50.29  50.86  50.12  50.73  797800  50.73
2011-05-06  50.35  50.95  50.03  50.16  1003900  50.16
2011-05-05  50.24  50.48  49.54  49.95  1531000  49.95
2011-05-04  50.56  50.61  50.02  50.45  1388800  50.45
2011-05-03  50.75  50.87  50.19  50.51  995400  50.51
2011-05-02  51.16  51.24  50.74  50.83  870500  50.83
2011-04-29  51.11  51.17  50.71  51.01  887000  51.01
2011-04-28  50.84  51.24  50.7  51.14  1126000  51.14
2011-04-27  50.17  51.03  49.84  51.0  1730000  51.0
2011-04-26  50.26  50.6  49.55  50.01  1500000  50.01
2011-04-25  49.92  50.37  49.79  50.28  1272400  50.28
2011-04-21  49.78  50.05  49.67  50.03  674500  50.03
2011-04-20  50.12  50.17  49.47  49.65  1098500  49.65
2011-04-19  49.12  49.74  49.08  49.66  1787600  49.66
2011-04-18  48.77  49.91  48.63  49.05  2056800  49.05
2011-04-15  48.87  49.29  48.7  49.25  1300800  49.25
2011-04-14  48.6  48.97  48.46  48.78  1094700  48.78
2011-04-13  49.15  49.36  48.31  48.78  1346600  48.78
2011-04-12  49.42  49.53  48.87  49.09  1123000  49.09
2011-04-11  49.79  49.94  49.34  49.6  998000  49.6
2011-04-08  50.08  50.17  49.43  49.81  849800  49.81
2011-04-07  50.08  50.27  49.56  49.76  1294100  49.76
2011-04-06  50.38  50.58  49.79  50.03  1113100  50.03
2011-04-05  49.9  50.51  49.76  50.28  1044500  50.28
2011-04-04  49.97  50.17  49.69  49.94  898800  49.94
2011-04-01  49.49  50.01  49.36  49.86  1691600  49.86
2011-03-31  48.64  49.39  48.59  49.33  1638200  49.33
2011-03-30  48.42  48.81  48.26  48.63  1298000  48.63
2011-03-29  48.21  48.34  47.82  48.33  2021500  48.33
2011-03-28  47.98  48.31  47.9  48.31  1569300  48.31
2011-03-25  48.04  48.29  47.84  47.96  1218500  47.96
2011-03-24  47.85  48.11  47.37  48.0  1616000  48.0
2011-03-23  47.1  47.78  46.75  47.74  1370000  47.74
2011-03-22  47.07  47.34  46.98  47.15  1513800  47.15
2011-03-21  46.6  47.37  46.53  47.08  1724700  47.08
2011-03-18  46.86  46.91  45.99  46.15  2599000  46.15
2011-03-17  47.1  47.26  46.19  46.23  1894400  46.23
2011-03-16  47.11  47.31  46.26  46.54  1726100  46.54
2011-03-15  46.28  47.46  46.23  47.29  2120400  47.29
2011-03-14  46.85  47.35  46.69  47.2  1585500  47.2
2011-03-11  46.01  47.32  46.01  47.04  1693600  47.04
2011-03-10  45.67  46.6  45.25  46.4  2776500  46.4
2011-03-09  46.36  46.42  45.72  46.06  1936100  46.06
2011-03-08  46.01  46.52  45.75  46.36  1430500  46.36
2011-03-07  46.89  47.04  45.81  45.84  1681900  45.84
2011-03-04  47.06  47.13  46.4  46.74  1109100  46.74
2011-03-03  46.94  47.21  46.69  47.21  1779700  47.21
2011-03-02  46.56  46.8  46.29  46.53  1427200  46.53
2011-03-01  46.89  47.92  46.65  46.7  2356300  46.7
2011-02-28  46.4  46.93  45.98  46.86  2589500  46.86
2011-02-25  45.86  46.63  45.5  46.46  2168900  46.46
2011-02-24  46.18  46.33  45.43  45.75  2359700  45.75
2011-02-23  46.31  46.76  45.9  46.23  2413700  46.23
2011-02-22  47.0  47.14  46.26  46.38  2263400  46.38
2011-02-18  45.67  47.64  45.6  47.54  4259100  47.54
2011-02-17  46.41  46.73  45.27  45.39  7283300  45.39
2011-02-16  47.54  48.02  47.41  47.92  1506600  47.92
2011-02-15  47.47  47.93  47.37  47.48  1347400  47.48
2011-02-14  47.8  48.12  47.57  47.64  1198600  47.64
2011-02-11  48.24  48.25  47.6  47.73  1249500  47.73
2011-02-10  47.89  48.79  47.78  48.43  1070900  48.43
2011-02-09  48.54  48.54  47.77  47.96  713200  47.96
2011-02-08  48.55  48.62  48.14  48.57  937200  48.57
2011-02-07  48.48  48.73  48.39  48.61  823500  48.61
2011-02-04  48.31  48.6  48.13  48.44  974500  48.44
2011-02-03  48.14  48.49  47.95  48.36  929500  48.36
2011-02-02  48.62  48.79  48.11  48.21  770800  48.21
2011-02-01  48.07  48.82  47.91  48.76  1182200  48.76
2011-01-31  47.65  48.01  47.55  47.87  1056500  47.87
2011-01-28  48.23  48.32  47.43  47.45  895900  47.45
2011-01-27  48.51  48.74  48.09  48.12  997700  48.12
2011-01-26  48.31  48.64  48.18  48.6  770500  48.6
2011-01-25  48.49  48.53  47.79  48.15  981000  48.15
2011-01-24  48.32  48.74  48.01  48.52  1322100  48.52
2011-01-21  48.31  48.72  48.05  48.3  1752200  48.3
2011-01-20  47.85  48.0  47.58  47.78  1389900  47.78
2011-01-19  47.2  47.92  47.2  47.9  1963800  47.9
2011-01-18  47.17  47.36  46.71  47.3  1185800  47.3
2011-01-14  47.21  47.41  46.74  47.04  1900100  47.04
2011-01-13  47.76  47.76  47.08  47.24  1821900  47.24
2011-01-12  47.37  47.87  47.17  47.7  1830500  47.7
2011-01-11  47.78  47.95  47.12  47.2  1151400  47.2
2011-01-10  47.35  47.82  47.01  47.68  1163700  47.68
2011-01-07  47.93  47.96  47.27  47.44  1255200  47.44
2011-01-06  48.07  48.21  47.59  47.79  1493700  47.79
2011-01-05  47.84  48.29  47.65  48.03  1738700  48.03
2011-01-04  48.71  48.71  47.47  47.94  1430800  47.94
2011-01-03  48.78  48.88  48.62  48.67  1456800  48.67
2010-12-31  48.6  49.03  48.52  48.57  690800  48.57
2010-12-30  48.41  48.75  48.37  48.63  571900  48.63
2010-12-29  48.57  48.78  48.35  48.48  658800  48.48
2010-12-28  48.43  48.69  48.07  48.56  831700  48.56
2010-12-27  48.22  48.5  48.07  48.42  606300  48.42
2010-12-23  48.39  48.54  48.3  48.41  740300  48.41
2010-12-22  48.47  48.47  48.17  48.42  705700  48.42
2010-12-21  48.7  48.93  48.38  48.4  1005500  48.4
2010-12-20  48.27  48.73  48.26  48.48  1465200  48.48
2010-12-17  47.92  48.29  47.57  48.23  2015000  48.23
2010-12-16  47.22  47.78  47.18  47.78  1891500  47.78
2010-12-15  47.46  47.68  47.05  47.08  1936700  47.08
2010-12-14  47.08  47.61  47.08  47.57  2527300  47.57
2010-12-13  46.46  47.23  46.17  46.98  2486200  46.98
2010-12-10  46.1  46.6  46.01  46.07  3449400  46.07
2010-12-09  45.78  46.22  45.65  45.89  2511900  45.89
2010-12-08  45.77  45.9  45.53  45.65  3181200  45.65
2010-12-07  45.4  45.55  44.93  45.33  2676000  45.33
2010-12-06  45.54  45.68  44.78  45.16  3185200  45.16
2010-12-03  45.59  46.25  45.52  45.68  1931200  45.68
2010-12-02  45.97  46.3  45.85  46.04  1416600  46.04
2010-12-01  46.48  46.61  45.64  45.96  2105200  45.96
2010-11-30  46.06  46.38  45.86  45.89  1994400  45.89
2010-11-29  46.52  46.75  46.1  46.61  1090200  46.61
2010-11-26  46.81  47.05  46.51  46.83  326000  46.83
2010-11-24  46.72  47.17  46.71  47.15  843900  47.15
2010-11-23  46.71  46.73  46.15  46.48  1104400  46.48
2010-11-22  46.86  47.22  46.26  47.1  767900  47.1
2010-11-19  46.92  47.27  46.71  47.1  1164300  47.1
2010-11-18  46.15  47.42  46.09  46.93  2275400  46.93
2010-11-17  45.77  46.05  45.6  45.83  1558100  45.83
2010-11-16  45.93  46.01  45.36  45.7  2097600  45.7
2010-11-15  47.01  47.25  46.28  46.31  1822500  46.31
2010-11-12  47.3  47.32  46.75  46.92  1250800  46.92
2010-11-11  46.9  47.55  46.86  47.51  1390700  47.51
2010-11-10  46.87  47.4  46.65  47.13  1431100  47.13
2010-11-09  47.62  47.79  46.65  46.86  1737400  46.86
2010-11-08  47.41  47.97  47.36  47.68  1652600  47.68
2010-11-05  47.53  48.0  47.33  47.66  1644900  47.66
2010-11-04  47.95  47.99  47.18  47.56  2039200  47.56
2010-11-03  47.55  47.62  46.95  47.51  1252600  47.51
2010-11-02  47.78  48.05  47.4  47.44  1151700  47.44
2010-11-01  47.46  47.85  47.13  47.34  1441700  47.34
2010-10-29  47.15  47.53  46.9  47.34  1150400  47.34
2010-10-28  47.88  48.03  46.98  47.24  1884400  47.24
2010-10-27  47.13  47.81  46.7  47.58  2759700  47.58
2010-10-26  49.79  49.79  46.71  47.32  4541900  47.32
2010-10-25  49.65  50.29  49.54  50.03  1847500  50.03
2010-10-22  49.49  49.62  49.23  49.49  1149000  49.49
2010-10-21  49.33  49.64  49.23  49.49  1789500  49.49
2010-10-20  48.87  49.6  48.71  49.11  1605100  49.11
2010-10-19  49.19  49.47  48.6  48.73  1756600  48.73
2010-10-18  49.93  49.93  49.58  49.66  961200  49.66
2010-10-15  50.21  50.35  49.6  49.97  1066800  49.97
2010-10-14  50.23  50.34  49.52  49.87  865000  49.87
2010-10-13  49.94  50.3  49.67  50.21  1148900  50.21
2010-10-12  49.48  49.85  49.06  49.78  839900  49.78
2010-10-11  49.75  49.78  49.42  49.59  539400  49.59
2010-10-08  49.83  49.83  49.44  49.57  962100  49.57
2010-10-07  50.29  50.29  49.33  49.67  980000  49.67
2010-10-06  49.88  50.07  49.75  50.07  907100  50.07
2010-10-05  49.19  50.07  49.12  50.01  1131800  50.01
2010-10-04  49.25  49.25  48.52  48.74  744400  48.74
2010-10-01  48.91  49.38  48.87  49.26  1345000  49.26
2010-09-30  48.78  49.18  48.47  48.71  1146400  48.71
2010-09-29  48.48  48.77  48.22  48.54  916600  48.54
2010-09-28  48.64  48.67  47.9  48.59  1282700  48.59
2010-09-27  48.98  48.98  48.51  48.65  977300  48.65
2010-09-24  48.46  48.91  48.42  48.91  1104300  48.91
2010-09-23  48.16  48.57  47.98  48.03  805600  48.03
2010-09-22  48.74  48.92  48.36  48.49  947900  48.49
2010-09-21  48.59  48.95  48.33  48.69  1347800  48.69
2010-09-20  48.3  48.62  48.1  48.59  1472800  48.59
2010-09-17  47.97  48.3  47.7  48.15  1566800  48.15
2010-09-16  47.53  48.15  47.37  47.99  1482300  47.99
2010-09-15  47.27  47.78  47.13  47.74  1533400  47.74
2010-09-14  46.93  47.61  46.92  47.41  1285400  47.41
2010-09-13  47.02  47.19  46.84  46.99  1423100  46.99
2010-09-10  47.18  47.37  46.62  46.69  1558000  46.69
2010-09-09  47.37  47.37  46.93  47.07  920900  47.07
2010-09-08  46.73  47.17  46.61  46.95  1215500  46.95
2010-09-07  46.83  47.08  46.57  46.6  1115500  46.6
2010-09-03  47.17  47.35  46.9  47.28  1305300  47.28
2010-09-02  46.7  47.04  46.43  47.04  941600  47.04
2010-09-01  45.96  46.68  45.74  46.52  1786400  46.52
2010-08-31  45.0  45.52  44.62  45.36  1470300  45.36
2010-08-30  45.4  45.52  45.02  45.13  951600  45.13
2010-08-27  44.75  45.58  44.36  45.57  1318700  45.57
2010-08-26  44.67  44.86  44.39  44.5  1311900  44.5
2010-08-25  44.42  44.74  44.19  44.56  2035000  44.56
2010-08-24  44.3  44.77  44.09  44.44  1443200  44.44
2010-08-23  45.61  45.62  44.7  44.71  1439000  44.71
2010-08-20  44.69  45.44  44.69  45.41  1357800  45.41
2010-08-19  45.78  45.78  44.96  45.06  1362900  45.06
2010-08-18  46.15  46.15  45.83  45.98  1225200  45.98
2010-08-17  46.07  46.5  45.82  46.3  1557400  46.3
2010-08-16  45.44  45.86  45.29  45.68  971700  45.68
2010-08-13  45.78  45.97  45.54  45.65  938600  45.65
2010-08-12  45.57  46.2  45.41  45.97  1625900  45.97
2010-08-11  46.44  46.48  45.8  45.81  1330700  45.81
2010-08-10  46.63  47.07  46.43  46.85  1206300  46.85
2010-08-09  47.14  47.31  47.02  47.23  959300  47.23
2010-08-06  46.95  47.18  46.54  47.05  1221600  47.05
2010-08-05  47.17  47.29  46.99  47.23  1309900  47.23
2010-08-04  46.81  47.4  46.7  47.37  1619600  47.37
2010-08-03  46.9  47.02  46.65  46.69  1538200  46.69
2010-08-02  47.21  47.27  46.79  47.02  1920600  47.02
2010-07-30  46.53  46.98  46.44  46.81  2569200  46.81
2010-07-29  47.11  47.17  46.42  46.78  3441200  46.78
2010-07-28  46.25  46.85  45.98  46.76  2218000  46.76
2010-07-27  44.28  46.4  44.07  46.27  4552200  46.27
2010-07-26  47.27  47.63  47.2  47.63  1710100  47.63
2010-07-23  46.33  47.15  46.26  47.15  1882900  47.15
2010-07-22  46.38  46.77  46.14  46.32  2703100  46.32
2010-07-21  47.13  47.13  45.72  46.09  2035800  46.09
2010-07-20  45.69  46.98  45.64  46.98  2247000  46.98
2010-07-19  45.71  46.06  45.35  45.99  1674600  45.99
2010-07-16  46.08  46.24  45.42  45.52  1534200  45.52
2010-07-15  46.16  46.47  45.79  46.37  1425100  46.37
2010-07-14  46.12  46.31  45.76  46.12  2029600  46.12
2010-07-13  45.79  46.55  45.4  46.43  1582900  46.43
2010-07-12  45.67  45.77  45.19  45.34  1470300  45.34
2010-07-09  45.45  45.92  45.41  45.8  1339800  45.8
2010-07-08  45.36  45.62  44.92  45.58  1710600  45.58
2010-07-07  43.39  45.05  43.37  45.04  2400400  45.04
2010-07-06  43.56  43.65  42.94  43.3  2032300  43.3
2010-07-02  43.15  43.4  42.74  42.99  2532800  42.99
2010-07-01  42.87  43.31  42.77  43.15  3459700  43.15
2010-06-30  42.99  43.87  42.94  42.98  2831500  42.98
2010-06-29  42.97  43.38  42.6  43.12  2763000  43.12
2010-06-28  43.86  43.99  43.24  43.62  1714400  43.62
2010-06-25  43.73  44.07  43.42  43.71  2713100  43.71
2010-06-24  44.39  44.71  43.65  43.7  1676800  43.7
2010-06-23  44.57  44.9  44.28  44.61  1942700  44.61
2010-06-22  44.83  45.54  44.59  44.61  2468400  44.61
2010-06-21  45.36  45.6  44.51  44.96  1976900  44.96
2010-06-18  45.37  45.37  44.9  44.98  2090800  44.98
2010-06-17  45.26  45.37  44.63  45.22  1577100  45.22
2010-06-16  44.98  45.3  44.91  45.03  1167100  45.03
2010-06-15  44.15  45.22  44.02  45.18  2485100  45.18
2010-06-14  44.81  44.85  43.94  44.0  2548100  44.0
2010-06-11  44.02  44.46  43.16  44.44  2739400  44.44
2010-06-10  43.96  44.55  43.8  44.32  3500600  44.32
2010-06-09  43.94  44.34  43.27  43.42  2556000  43.42
2010-06-08  43.47  43.78  43.1  43.77  3603300  43.77
2010-06-07  43.91  44.29  43.3  43.33  3184600  43.33
2010-06-04  44.64  44.94  43.98  44.06  2297600  44.06
2010-06-03  45.48  45.66  45.02  45.44  1645300  45.44
2010-06-02  44.77  45.39  44.45  45.39  1546300  45.39
2010-06-01  44.8  45.46  44.49  44.49  1768600  44.49
2010-05-28  45.16  45.44  44.82  45.05  1608500  45.05
2010-05-27  44.66  45.33  44.47  45.32  1499600  45.32
2010-05-26  44.54  44.93  43.95  44.05  2154500  44.05
2010-05-25  43.03  44.45  42.87  44.45  3692600  44.45
2010-05-24  44.35  44.54  43.92  43.92  2196500  43.92
2010-05-21  42.93  44.49  42.92  44.49  3845000  44.49
2010-05-20  44.42  44.59  43.44  43.44  3814800  43.44
2010-05-19  45.39  45.58  44.83  45.3  2431700  45.3
2010-05-18  45.93  46.37  45.44  45.46  2032200  45.46
2010-05-17  45.42  45.8  44.93  45.68  2385400  45.68
2010-05-14  45.52  45.81  45.06  45.29  2394700  45.29
2010-05-13  46.27  46.35  45.82  45.88  1978700  45.88
2010-05-12  46.65  46.74  46.05  46.27  3392400  46.27
2010-05-11  46.3  46.98  46.01  46.59  2361400  46.59
2010-05-10  46.9  47.18  46.18  46.76  3235900  46.76
2010-05-07  45.35  46.05  44.94  45.53  4689300  45.53
2010-05-06  46.14  46.39  44.17  45.3  4210100  45.3
2010-05-05  45.83  46.5  45.72  46.34  3204100  46.34
2010-05-04  46.73  46.82  46.0  46.34  2608200  46.34
2010-05-03  47.06  47.4  46.71  47.06  2467300  47.06
2010-04-30  46.83  46.89  46.54  46.58  2460600  46.58
2010-04-29  45.6  46.74  45.49  46.74  2986600  46.74
2010-04-28  45.04  45.47  44.89  45.27  2135600  45.27
2010-04-27  45.4  45.62  44.66  44.76  2444600  44.76
2010-04-26  45.49  45.78  45.33  45.51  2989100  45.51
2010-04-23  44.68  45.5  44.48  45.42  2610300  45.42
2010-04-22  44.16  44.73  44.14  44.73  2635600  44.73
2010-04-21  43.76  44.35  43.69  44.24  2426300  44.24
2010-04-20  43.59  43.87  43.42  43.83  1388700  43.83
2010-04-19  43.04  43.47  42.8  43.41  1453600  43.41
2010-04-16  43.16  43.37  42.76  43.19  2246100  43.19
2010-04-15  43.11  43.35  42.94  43.31  1666300  43.31
2010-04-14  43.07  43.32  42.92  43.22  2087600  43.22
2010-04-13  42.93  43.11  42.92  43.03  1295900  43.03
2010-04-12  42.92  43.12  42.75  42.92  1683800  42.92
2010-04-09  42.49  42.94  42.39  42.94  1507400  42.94
2010-04-08  42.48  42.74  42.28  42.35  3262800  42.35
2010-04-07  42.49  42.75  42.31  42.63  2616600  42.63
2010-04-06  42.18  42.54  42.12  42.5  1586000  42.5
2010-04-05  42.38  42.64  42.24  42.5  1336200  42.5
2010-04-01  42.07  42.48  42.07  42.38  1440400  42.38
2010-03-31  41.6  42.23  41.6  41.92  1765200  41.92
2010-03-30  41.69  42.01  41.63  41.87  1422400  41.87
2010-03-29  41.52  41.81  41.36  41.61  1407600  41.61
2010-03-26  41.15  41.61  41.09  41.48  1609700  41.48
2010-03-25  41.59  41.59  41.09  41.11  1931100  41.11
2010-03-24  41.34  41.57  41.15  41.29  1830000  41.29
2010-03-23  41.39  41.5  41.03  41.41  2014300  41.41
2010-03-22  41.07  41.48  41.04  41.38  1306400  41.38
2010-03-19  41.19  41.46  41.01  41.19  2327500  41.19
2010-03-18  41.62  41.65  41.15  41.15  2571000  41.15
2010-03-17  41.82  41.88  41.4  41.59  2013100  41.59
2010-03-16  41.29  41.72  41.29  41.69  1230800  41.69
2010-03-15  41.47  41.71  41.18  41.52  1324500  41.52
2010-03-12  40.8  41.86  40.8  41.6  3008400  41.6
2010-03-11  40.42  40.73  40.17  40.73  1216800  40.73
2010-03-10  40.48  40.74  40.11  40.61  1939900  40.61
2010-03-09  40.66  40.86  40.4  40.58  1616800  40.58
2010-03-08  41.1  41.12  40.63  40.73  1970100  40.73
2010-03-05  40.8  41.23  40.6  41.11  1607900  41.11
2010-03-04  40.55  40.77  40.41  40.56  2002200  40.56
2010-03-03  40.11  40.73  40.11  40.55  2211100  40.55
2010-03-02  40.25  40.52  39.97  40.1  2603000  40.1
2010-03-01  40.34  40.41  39.79  40.26  2512300  40.26
2010-02-26  39.9  40.4  39.9  40.05  2149800  40.05
2010-02-25  39.4  40.07  38.99  40.07  3252300  40.07
2010-02-24  39.79  40.02  39.5  39.92  1778800  39.92
2010-02-23  39.92  40.05  39.42  39.51  2221900  39.51
2010-02-22  40.48  40.63  39.96  40.03  1852500  40.03
2010-02-19  40.39  40.7  40.24  40.46  1704600  40.46
2010-02-18  40.2  40.71  40.19  40.6  1416300  40.6
2010-02-17  40.16  40.51  40.0  40.26  2671200  40.26
2010-02-16  40.01  40.29  39.59  40.27  2233800  40.27
2010-02-12  39.1  39.8  38.64  39.71  3400100  39.71
2010-02-11  40.29  40.73  39.1  39.28  6666000  39.28
2010-02-10  41.81  42.08  41.41  41.61  2042000  41.61
2010-02-09  41.84  42.35  41.51  41.97  1574900  41.97
2010-02-08  41.29  42.15  40.88  41.36  1898500  41.36
2010-02-05  41.04  41.49  40.06  41.22  2798900  41.22
2010-02-04  41.95  42.11  41.0  41.02  1961400  41.02
2010-02-03  42.24  42.64  42.02  42.31  1188800  42.31
2010-02-02  42.19  42.54  41.89  42.46  1308200  42.46
2010-02-01  41.88  42.19  41.67  42.17  1285900  42.17
2010-01-29  42.1  42.64  41.68  41.72  1957100  41.72
2010-01-28  42.61  42.62  41.71  41.72  1738200  41.72
2010-01-27  42.5  42.68  41.96  42.43  1212800  42.43
2010-01-26  42.68  43.02  42.2  42.3  1151400  42.3
2010-01-25  42.93  43.23  42.77  42.83  869200  42.83
2010-01-22  43.41  43.62  42.61  42.64  1573200  42.64
2010-01-21  44.77  44.9  43.5  43.53  2186200  43.53
2010-01-20  44.22  45.05  44.15  44.76  1933200  44.76
2010-01-19  43.87  44.61  43.85  44.59  1042300  44.59
2010-01-15  44.04  44.38  43.59  43.85  983000  43.85
2010-01-14  44.52  44.64  43.9  44.09  1137600  44.09
2010-01-13  44.01  44.75  44.01  44.72  1468700  44.72
2010-01-12  43.74  44.18  43.51  44.12  1786000  44.12
2010-01-11  43.23  44.07  43.17  43.98  1588600  43.98
2010-01-08  42.51  43.1  42.4  43.04  1694600  43.04
2010-01-07  42.31  42.78  41.84  42.68  1350100  42.68
2010-01-06  42.32  42.62  41.95  42.22  1479700  42.22
2010-01-05  42.88  42.9  42.11  42.35  1098400  42.35
2010-01-04  42.79  43.09  42.63  43.0  1009500  43.0
