Date  Open  High  Low  Close  Volume  Adj Close
2014-02-28  87.05  88.14  86.68  87.43  1746600  87.43
2014-02-27  85.6  86.83  85.6  86.81  1816500  86.81
2014-02-26  85.76  86.5  85.31  85.9  1775400  85.9
2014-02-25  84.03  86.14  83.97  85.78  2156600  85.78
2014-02-24  84.22  85.11  83.86  84.09  1708200  84.09
2014-02-21  83.9  84.69  83.38  84.34  1984800  84.34
2014-02-20  82.09  82.86  81.0  82.81  1280300  82.81
2014-02-19  82.83  83.38  81.95  82.05  1583800  82.05
2014-02-18  83.15  83.16  82.31  82.82  1170300  82.82
2014-02-14  82.24  83.0  81.49  82.84  859300  82.84
2014-02-13  81.32  83.1  81.0  82.48  1845900  82.48
2014-02-12  79.9  81.87  79.85  81.65  1730600  81.65
2014-02-11  80.0  80.49  79.51  79.81  1718700  79.81
2014-02-10  79.07  80.33  78.96  80.16  1599300  80.16
2014-02-07  78.55  79.3  78.21  79.16  1470300  79.16
2014-02-06  77.86  78.69  77.58  78.12  1609200  78.12
2014-02-05  76.81  78.09  76.04  77.82  2165200  77.82
2014-02-04  76.58  77.37  75.63  77.0  1762900  77.0
2014-02-03  78.11  78.55  76.03  76.11  2073400  76.11
2014-01-31  77.2  79.76  76.25  77.96  3489200  77.96
2014-01-30  75.07  76.22  74.62  75.97  2259200  75.97
2014-01-29  74.91  76.07  74.49  74.69  1933300  74.69
2014-01-28  74.5  75.63  74.3  75.22  1986500  75.22
2014-01-27  74.7  75.17  73.0  74.38  2386800  74.38
2014-01-24  75.34  75.82  74.52  74.63  2957500  74.63
2014-01-23  77.02  77.02  74.83  76.2  3160100  76.2
2014-01-22  79.65  79.75  77.18  77.85  3149400  77.85
2014-01-21  80.65  81.25  79.48  79.64  2314800  79.64
2014-01-17  79.65  80.39  79.2  79.88  1024000  79.88
2014-01-16  79.73  80.29  79.46  79.83  813800  79.83
2014-01-15  79.36  80.18  79.32  79.81  1381900  79.81
2014-01-14  78.32  79.53  78.32  79.29  1080800  79.29
2014-01-13  79.11  79.57  77.99  78.17  1070500  78.17
2014-01-10  79.91  80.43  79.27  79.43  973100  79.43
2014-01-09  79.49  79.99  78.95  79.3  1045300  79.3
2014-01-08  79.13  79.48  78.16  79.2  1776600  79.2
2014-01-07  79.74  79.97  79.22  79.45  1442700  79.45
2014-01-06  80.76  80.94  79.22  79.76  1291200  79.76
2014-01-03  80.46  80.94  80.12  80.17  941700  80.17
2014-01-02  80.31  80.53  79.88  80.28  1612900  80.28
2013-12-31  79.88  80.84  79.84  80.7  2192500  80.7
2013-12-30  78.99  79.93  78.88  79.9  1547900  79.9
2013-12-27  79.0  79.44  78.87  79.06  839200  79.06
2013-12-26  78.3  79.03  78.3  78.97  1650100  78.97
2013-12-24  77.01  78.24  77.01  78.22  1063600  78.22
2013-12-23  76.5  77.15  76.11  77.05  1611800  77.05
2013-12-20  75.4  76.63  75.24  75.93  3920200  75.93
2013-12-19  74.57  75.43  74.37  75.01  2837400  75.01
2013-12-18  74.07  74.83  73.25  74.64  2012100  74.64
2013-12-17  73.75  74.27  73.3  74.03  3408600  74.03
2013-12-16  73.26  74.02  73.21  73.43  1784300  73.43
2013-12-13  74.54  74.54  72.62  72.67  2751300  72.67
2013-12-12  74.1  74.54  73.8  73.86  1930900  73.86
2013-12-11  75.15  75.15  74.09  74.2  1659800  74.2
2013-12-10  74.89  75.41  74.67  74.96  1476400  74.96
2013-12-09  75.87  75.89  74.79  75.01  1455300  75.01
2013-12-06  75.14  76.2  74.76  75.85  1321100  75.85
2013-12-05  73.95  74.83  73.78  73.96  1351000  73.96
2013-12-04  74.44  75.06  73.78  74.23  1384600  74.23
2013-12-03  75.69  76.29  74.7  75.08  1103400  75.08
2013-12-02  76.85  77.46  76.01  76.1  1228500  76.1
2013-11-29  76.48  77.15  76.47  76.67  471900  76.67
2013-11-27  75.47  76.48  75.22  76.28  891600  76.28
2013-11-26  75.13  76.12  75.02  75.1  1278500  75.1
2013-11-25  76.15  76.29  75.4  75.53  1056100  75.53
2013-11-22  76.29  76.51  75.87  76.07  1269300  76.07
2013-11-21  75.83  76.34  75.35  76.09  909000  76.09
2013-11-20  76.5  76.51  75.34  75.51  1270100  75.51
2013-11-19  77.45  77.58  75.86  76.31  1766700  76.31
2013-11-18  78.39  78.6  77.27  77.49  1328000  77.49
2013-11-15  78.8  79.39  78.16  78.34  1251900  78.34
2013-11-14  79.49  79.73  78.51  78.87  1590900  78.87
2013-11-13  78.39  79.56  78.31  79.35  901000  79.35
2013-11-12  78.41  79.31  78.17  78.7  885200  78.7
2013-11-11  78.57  78.82  78.1  78.64  744100  78.64
2013-11-08  76.87  78.78  76.75  78.74  2174200  78.74
2013-11-07  77.92  78.32  76.35  76.45  1936800  76.45
2013-11-06  77.59  78.49  77.08  77.55  1169000  77.55
2013-11-05  77.18  77.75  76.83  77.37  754700  77.37
2013-11-04  78.0  78.15  76.77  77.33  1147700  77.33
2013-11-01  78.63  78.71  77.13  77.85  1112800  77.85
2013-10-31  77.91  79.03  77.74  78.42  1609900  78.42
2013-10-30  78.3  79.19  77.36  78.02  1548300  78.02
2013-10-29  76.4  78.15  76.04  78.07  2570000  78.07
2013-10-28  77.51  77.52  75.35  75.9  3926700  75.9
2013-10-25  76.94  78.66  75.76  77.57  7580000  77.57
2013-10-24  82.11  82.21  81.18  81.79  1644300  81.79
2013-10-23  81.56  82.57  81.37  82.21  1272200  82.21
2013-10-22  81.21  82.38  80.81  82.16  1223100  82.16
2013-10-21  81.55  82.08  80.4  80.84  1033700  80.84
2013-10-18  81.29  81.63  80.49  81.23  1011300  81.23
2013-10-17  79.83  81.17  79.79  81.08  828800  81.08
2013-10-16  79.5  80.43  79.15  79.9  1448000  79.9
2013-10-15  77.76  79.78  77.68  78.96  3033600  78.96
2013-10-14  76.9  77.99  76.53  77.94  896700  77.94
2013-10-11  77.29  77.65  77.04  77.61  1039800  77.61
2013-10-10  76.98  77.88  76.37  77.51  1048600  77.51
2013-10-09  75.85  76.91  74.81  76.04  1789500  76.04
2013-10-08  77.2  77.2  75.51  75.61  2175500  75.61
2013-10-07  78.67  78.85  77.32  77.38  1484700  77.38
2013-10-04  77.58  79.72  77.12  79.63  1504800  79.63
2013-10-03  78.09  78.3  76.18  77.67  1323600  77.67
2013-10-02  78.28  78.48  76.89  78.46  1937100  78.46
2013-10-01  77.49  79.08  77.44  79.06  1846800  79.06
2013-09-30  76.43  77.91  76.26  77.53  984300  77.53
2013-09-27  77.65  77.93  77.22  77.34  1110900  77.34
2013-09-26  76.39  78.05  76.32  77.85  1286600  77.85
2013-09-25  76.7  77.11  75.66  76.38  992500  76.38
2013-09-24  76.99  77.51  76.05  76.8  1239900  76.8
2013-09-23  78.14  78.18  76.95  77.19  1125500  77.19
2013-09-20  78.82  79.39  78.13  78.16  1560600  78.16
2013-09-19  78.84  79.71  78.56  78.83  1342800  78.83
2013-09-18  76.82  78.66  76.28  78.41  1519000  78.41
2013-09-17  76.0  77.03  75.85  77.01  1970400  77.01
2013-09-16  77.45  77.61  75.64  75.94  4698400  75.94
2013-09-13  77.41  77.5  75.9  76.14  1606100  76.14
2013-09-12  78.17  78.27  76.76  77.3  1030400  77.3
2013-09-11  77.33  78.18  77.2  78.05  1365900  78.05
2013-09-10  77.39  77.73  76.46  77.09  1591500  77.09
2013-09-09  76.53  77.22  76.09  76.63  1118900  76.63
2013-09-06  76.31  76.71  75.11  76.22  1376500  76.22
2013-09-05  76.34  76.47  75.99  76.13  623300  76.13
2013-09-04  76.09  76.49  75.09  76.22  1160800  76.22
2013-09-03  76.54  77.68  75.38  76.19  1555700  76.19
2013-08-30  75.89  76.12  75.12  75.35  1183000  75.35
2013-08-29  74.54  76.39  74.11  75.8  1309200  75.8
2013-08-28  75.33  75.43  74.26  74.61  2298100  74.61
2013-08-27  76.35  76.77  75.12  75.23  1860500  75.23
2013-08-26  79.03  79.4  77.57  77.6  1438800  77.6
2013-08-23  78.86  79.12  78.08  78.99  479100  78.99
2013-08-22  77.83  79.04  77.67  78.77  500200  78.77
2013-08-21  77.57  78.62  77.42  77.67  826000  77.67
2013-08-20  77.37  78.41  77.13  77.81  602600  77.81
2013-08-19  77.2  78.65  76.94  77.31  1104900  77.31
2013-08-16  77.01  77.81  76.21  77.19  1635200  77.19
2013-08-15  78.85  78.86  76.47  77.64  1542500  77.64
2013-08-14  79.74  80.23  79.19  79.38  863300  79.38
2013-08-13  78.82  80.19  78.51  79.94  1260000  79.94
2013-08-12  78.84  79.38  78.45  78.61  1146700  78.61
2013-08-09  80.01  81.24  79.27  79.39  1344100  79.39
2013-08-08  80.64  81.3  79.73  79.78  1379300  79.78
2013-08-07  80.04  80.48  79.27  80.25  1249300  80.25
2013-08-06  81.78  81.97  79.9  80.23  1564800  80.23
2013-08-05  82.13  82.21  81.29  81.79  1061800  81.79
2013-08-02  81.46  81.76  80.23  81.71  1560200  81.71
2013-08-01  80.08  82.05  80.08  81.6  1541200  81.6
2013-07-31  78.98  80.73  78.47  79.74  1791200  79.74
2013-07-30  78.89  80.61  76.84  79.07  3514200  79.07
2013-07-29  73.66  74.72  73.57  74.39  1188500  74.39
2013-07-26  74.49  74.52  72.89  73.53  883500  73.53
2013-07-25  74.11  75.31  74.08  74.83  1062800  74.83
2013-07-24  75.19  75.35  73.57  74.4  852100  74.4
2013-07-23  75.23  75.49  74.6  75.16  738900  75.16
2013-07-22  75.05  75.7  74.75  74.96  778400  74.96
2013-07-19  74.33  75.22  73.78  75.06  970300  75.06
2013-07-18  74.7  75.55  74.09  74.23  1232100  74.23
2013-07-17  73.37  74.85  73.37  74.64  1545500  74.64
2013-07-16  73.87  74.04  72.63  72.96  1038400  72.96
2013-07-15  73.21  74.11  73.19  73.57  940800  73.57
2013-07-12  73.26  73.34  72.62  73.33  749900  73.33
2013-07-11  73.69  73.92  72.89  73.34  1075600  73.34
2013-07-10  72.8  73.14  71.77  72.38  1125500  72.38
2013-07-09  72.41  73.46  72.41  72.8  1518600  72.8
2013-07-08  71.8  72.21  71.32  72.09  1160400  72.09
2013-07-05  71.23  71.79  70.49  71.4  722800  71.4
2013-07-03  69.92  70.58  69.56  70.42  566700  70.42
2013-07-02  70.75  71.66  69.39  70.11  1407300  70.11
2013-07-01  69.76  71.52  69.15  70.77  1627300  70.77
2013-06-28  71.19  71.71  69.36  69.41  2440200  69.41
2013-06-27  71.97  72.21  71.31  71.41  853300  71.41
2013-06-26  70.12  71.72  70.02  71.46  1515100  71.46
2013-06-25  70.22  70.57  69.21  69.73  1043000  69.73
2013-06-24  68.58  69.81  67.45  69.4  1849100  69.4
2013-06-21  70.4  70.57  68.86  70.19  1594500  70.19
2013-06-20  70.8  71.36  69.5  69.86  1541700  69.86
2013-06-19  72.52  72.85  71.69  71.71  904200  71.71
2013-06-18  71.85  73.21  71.66  72.62  1529700  72.62
2013-06-17  72.36  72.36  71.19  71.64  1543400  71.64
2013-06-14  70.4  71.01  70.25  70.41  1170100  70.41
2013-06-13  67.88  70.95  67.74  70.75  1234900  70.75
2013-06-12  69.36  69.38  67.97  68.13  948100  68.13
2013-06-11  68.54  69.02  68.24  68.51  1216000  68.51
2013-06-10  69.79  70.16  69.27  69.65  839900  69.65
2013-06-07  69.07  70.11  68.36  69.52  1171900  69.52
2013-06-06  67.75  68.75  67.24  68.74  1546500  68.74
2013-06-05  69.88  69.96  67.82  68.05  1856000  68.05
2013-06-04  71.23  72.62  69.88  70.2  1733600  70.2
2013-06-03  70.99  71.71  70.06  71.41  1086200  71.41
2013-05-31  70.8  72.53  70.52  70.8  1278400  70.8
2013-05-30  71.08  71.51  70.53  71.0  919000  71.0
2013-05-29  70.47  71.22  70.21  70.97  952600  70.97
2013-05-28  72.05  72.41  70.73  70.96  1093500  70.96
2013-05-24  70.47  71.27  69.98  70.98  824100  70.98
2013-05-23  70.65  71.88  69.8  71.19  1044800  71.19
2013-05-22  71.9  73.66  70.94  71.51  1496300  71.51
2013-05-21  72.42  72.75  72.07  72.21  1247700  72.21
2013-05-20  72.7  73.04  72.18  72.43  1645100  72.43
2013-05-17  71.12  73.01  70.89  73.0  2786100  73.0
2013-05-16  69.66  71.22  69.66  70.48  3176000  70.48
2013-05-15  66.47  69.93  66.33  69.92  3457500  69.92
2013-05-14  65.66  66.67  65.65  66.58  1151000  66.58
2013-05-13  66.07  66.47  65.26  65.71  1248200  65.71
2013-05-10  66.03  66.53  65.76  66.38  1488500  66.38
2013-05-09  67.77  67.81  65.9  65.98  2168300  65.98
2013-05-08  68.27  68.53  67.23  67.72  1174500  67.72
2013-05-07  68.08  68.64  67.54  68.35  1111600  68.35
2013-05-06  67.14  67.79  66.59  67.64  1065000  67.64
2013-05-03  66.43  68.01  66.36  67.02  1967600  67.02
2013-05-02  63.29  65.44  63.29  65.18  2723300  65.18
2013-05-01  65.37  65.41  62.67  63.24  4598100  63.24
2013-04-30  67.24  67.39  65.78  65.8  2372600  65.8
2013-04-29  67.63  67.63  65.93  67.39  2263400  67.39
2013-04-26  71.25  72.07  67.74  68.09  2655100  68.09
2013-04-25  71.67  72.71  71.33  71.72  2635000  71.72
2013-04-24  69.97  71.04  69.7  70.93  1849300  70.93
2013-04-23  68.58  69.76  68.4  69.69  1267600  69.69
2013-04-22  68.98  69.11  67.39  68.43  1571900  68.43
2013-04-19  66.5  69.95  66.5  68.91  3426600  68.91
2013-04-18  66.28  66.66  64.72  65.5  1926000  65.5
2013-04-17  66.11  66.28  65.48  66.11  1320900  66.11
2013-04-16  65.66  67.13  65.4  67.0  1541800  67.0
2013-04-15  67.13  67.28  64.6  64.75  2059500  64.75
2013-04-12  66.93  67.16  65.89  67.13  881600  67.13
2013-04-11  67.22  68.35  66.77  67.41  1031500  67.41
2013-04-10  67.79  67.87  66.53  67.03  1669600  67.03
2013-04-09  67.1  67.96  66.74  67.67  1421400  67.67
2013-04-08  67.31  67.35  66.26  66.99  1520600  66.99
2013-04-05  65.42  67.38  64.87  67.27  1905100  67.27
2013-04-04  65.78  66.98  65.7  66.65  1688600  66.65
2013-04-03  67.42  67.61  65.26  65.62  2513200  65.62
2013-04-02  68.51  68.53  67.16  67.33  1570100  67.33
2013-04-01  68.83  69.01  68.08  68.25  1164800  68.25
2013-03-28  68.34  69.57  68.23  68.97  1325100  68.97
2013-03-27  67.96  68.44  66.9  68.18  1962500  68.18
2013-03-26  68.58  69.04  68.04  68.34  1466900  68.34
2013-03-25  69.65  69.77  68.0  68.11  1423800  68.11
2013-03-22  70.0  70.24  68.71  69.21  1772000  69.21
2013-03-21  71.17  71.32  69.56  69.58  2770900  69.58
2013-03-20  72.27  72.88  72.02  72.24  661700  72.24
2013-03-19  72.03  72.62  70.88  71.84  903600  71.84
2013-03-18  70.63  72.07  70.63  71.9  1134800  71.9
2013-03-15  71.88  72.47  71.6  71.67  1230900  71.67
2013-03-14  72.28  72.64  71.98  72.31  739000  72.31
2013-03-13  72.11  72.12  71.26  71.79  804300  71.79
2013-03-12  71.37  72.19  71.13  71.93  1033900  71.93
2013-03-11  70.97  71.57  70.38  71.55  818700  71.55
2013-03-08  71.36  71.89  70.56  71.01  1240900  71.01
2013-03-07  70.66  71.05  70.1  70.81  1200100  70.81
2013-03-06  70.45  71.09  70.17  70.79  1177200  70.79
2013-03-05  69.09  70.27  68.84  69.92  1333900  69.92
2013-03-04  68.13  68.85  67.39  68.6  1537100  68.6
2013-03-01  67.92  68.83  67.13  68.53  2630000  68.53
2013-02-28  69.58  70.01  68.54  68.55  1730400  68.55
2013-02-27  67.74  70.14  67.64  69.6  2044500  69.6
2013-02-26  67.31  67.76  66.27  67.41  1954700  67.41
2013-02-25  70.57  70.57  66.79  66.85  2332400  66.85
2013-02-22  68.09  70.52  68.08  70.48  2124700  70.48
2013-02-21  68.96  69.02  66.13  67.56  3844400  67.56
2013-02-20  72.08  72.18  69.02  69.04  1976600  69.04
2013-02-19  72.55  72.72  72.05  72.19  1105700  72.19
2013-02-15  72.89  73.45  71.82  72.22  2525800  72.22
2013-02-14  73.17  73.29  72.52  72.83  1904100  72.83
2013-02-13  73.01  73.91  72.88  73.52  1411700  73.52
2013-02-12  72.85  73.1  72.13  72.68  991200  72.68
2013-02-11  72.1  73.02  71.94  72.88  1033900  72.88
2013-02-08  71.28  72.08  71.22  72.07  911100  72.07
2013-02-07  71.7  71.8  70.37  71.25  965800  71.25
2013-02-06  71.34  71.77  70.93  71.54  1086600  71.54
2013-02-05  71.79  72.06  71.34  71.65  1423200  71.65
2013-02-04  71.69  71.86  70.57  71.26  1676700  71.26
2013-02-01  70.91  73.06  69.9  72.26  2824700  72.26
2013-01-31  69.9  71.21  69.6  69.95  2130700  69.95
2013-01-30  71.03  71.49  70.11  70.3  1507900  70.3
2013-01-29  70.29  71.31  70.09  71.25  1006300  71.25
2013-01-28  70.67  70.71  69.77  70.42  1183600  70.42
2013-01-25  70.27  70.72  69.65  70.69  979300  70.69
2013-01-24  69.97  70.81  69.7  70.04  920300  70.04
2013-01-23  70.09  70.38  69.28  69.75  1413000  69.75
2013-01-22  70.14  70.61  69.91  70.25  894500  70.25
2013-01-18  70.9  70.9  69.63  70.02  1200800  70.02
2013-01-17  69.3  70.79  69.26  70.31  1501400  70.31
2013-01-16  68.71  68.91  68.4  68.82  712600  68.82
2013-01-15  68.87  69.24  68.62  69.0  1230600  69.0
2013-01-14  69.21  69.55  68.86  69.31  877700  69.31
2013-01-11  70.05  70.27  69.18  69.33  1021300  69.33
2013-01-10  69.92  70.0  68.76  69.97  1547100  69.97
2013-01-09  68.69  69.44  68.34  69.39  1211600  69.39
2013-01-08  68.83  69.22  68.22  68.34  1590800  68.34
2013-01-07  68.7  69.24  68.57  68.96  1179900  68.96
2013-01-04  67.67  69.1  67.64  68.98  2678500  68.98
2013-01-03  68.73  68.79  67.54  67.72  1308200  67.72
2013-01-02  68.71  69.24  68.27  68.6  2208200  68.6
2012-12-31  64.94  67.07  64.92  66.9  1511100  66.9
2012-12-28  65.04  65.67  64.71  64.94  742800  64.94
2012-12-27  65.76  66.16  64.56  65.59  1072500  65.59
2012-12-26  65.86  66.15  65.43  65.57  950700  65.57
2012-12-24  64.57  65.91  64.39  65.59  481600  65.59
2012-12-21  64.1  65.23  64.1  64.89  6545900  64.89
2012-12-20  64.59  66.04  64.03  65.53  2389500  65.53
2012-12-19  65.52  65.52  64.54  64.62  1396100  64.62
2012-12-18  64.78  65.35  64.44  65.27  1767900  65.27
2012-12-17  64.06  64.66  63.61  64.65  2498600  64.65
2012-12-14  62.6  63.97  62.6  63.59  2007200  63.59
2012-12-13  62.83  63.55  61.81  62.68  3187400  62.68
2012-12-12  61.2  62.71  60.37  62.28  3646600  62.28
2012-12-11  62.13  62.74  60.4  60.82  2203300  60.82
2012-12-10  60.36  61.69  60.17  61.36  2358500  61.36
2012-12-07  59.73  60.62  59.65  60.52  1506300  60.52
2012-12-06  58.71  59.57  58.34  59.54  1282500  59.54
2012-12-05  58.3  59.18  58.04  58.97  1375900  58.97
2012-12-04  58.7  59.43  58.18  58.38  951100  58.38
2012-12-03  60.03  60.44  58.65  58.7  1815900  58.7
2012-11-30  59.23  59.65  59.02  59.54  1496600  59.54
2012-11-29  59.13  59.57  58.67  59.32  1786900  59.32
2012-11-28  57.44  58.74  56.77  58.65  2215400  58.65
2012-11-27  58.44  58.89  57.72  57.76  1644800  57.76
2012-11-26  58.14  58.33  57.36  57.98  1515800  57.98
2012-11-23  58.32  58.8  57.72  58.76  478900  58.76
2012-11-21  57.44  57.87  57.12  57.85  1540200  57.85
2012-11-20  56.92  57.98  56.66  57.39  1578200  57.39
2012-11-19  55.49  57.19  55.39  57.11  2178400  57.11
2012-11-16  54.4  54.83  53.5  54.49  1208000  54.49
2012-11-15  54.38  54.82  53.48  53.87  1437400  53.87
2012-11-14  56.11  56.17  54.13  54.31  1790600  54.31
2012-11-13  55.62  56.71  55.62  55.95  1467300  55.95
2012-11-12  56.53  56.67  55.54  55.99  912200  55.99
2012-11-09  56.64  57.59  56.23  56.29  1151000  56.29
2012-11-08  58.55  58.78  56.79  56.8  1127200  56.8
2012-11-07  58.19  59.09  57.68  58.75  1721500  58.75
2012-11-06  58.17  59.41  58.17  59.18  1279400  59.18
2012-11-05  57.55  58.83  57.5  58.77  1108000  58.77
2012-11-02  59.68  59.68  57.82  58.02  1445400  58.02
2012-11-01  57.75  59.37  57.25  59.34  1432100  59.34
2012-10-31  59.22  60.16  57.69  57.97  2354900  57.97
2012-10-26  56.45  59.91  56.18  58.9  7007300  58.9
2012-10-25  53.78  53.91  51.8  52.5  2685300  52.5
2012-10-24  53.63  54.21  53.13  53.29  1031800  53.29
2012-10-23  54.02  54.02  52.99  53.1  1602300  53.1
2012-10-22  54.7  54.99  54.23  54.99  1570200  54.99
2012-10-19  56.36  56.49  54.51  54.87  1462800  54.87
2012-10-18  56.34  56.96  55.81  56.8  1126800  56.8
2012-10-17  56.15  56.63  55.83  56.43  1138600  56.43
2012-10-16  54.73  56.33  54.39  55.99  2151700  55.99
2012-10-15  53.17  54.55  52.98  54.46  1172400  54.46
2012-10-12  53.43  54.07  52.77  53.08  1233800  53.08
2012-10-11  54.81  55.14  53.46  53.54  1638100  53.54
2012-10-10  55.16  55.26  54.16  54.35  1051200  54.35
2012-10-09  55.75  56.24  54.94  55.1  1705000  55.1
2012-10-08  57.22  57.28  55.3  55.77  2949800  55.77
2012-10-05  56.72  58.17  56.6  57.86  2173100  57.86
2012-10-04  55.77  56.31  55.41  56.26  1037100  56.26
2012-10-03  55.53  55.69  55.11  55.29  1463100  55.29
2012-10-02  56.05  56.18  55.0  55.47  1147300  55.47
2012-10-01  55.94  56.88  55.68  55.93  1531100  55.93
2012-09-28  54.85  56.01  54.47  55.78  1554200  55.78
2012-09-27  54.55  55.31  54.1  55.16  995400  55.16
2012-09-26  54.87  55.28  53.73  54.14  1245200  54.14
2012-09-25  55.83  55.85  54.8  54.8  1472900  54.8
2012-09-24  55.5  55.77  55.16  55.44  1052500  55.44
2012-09-21  56.59  56.75  55.75  55.95  2192500  55.95
2012-09-20  56.36  56.36  55.23  56.13  1431600  56.13
2012-09-19  56.67  57.19  55.88  56.91  1574500  56.91
2012-09-18  56.47  56.54  55.96  56.31  1638400  56.31
2012-09-17  57.3  57.3  56.27  56.53  696900  56.53
2012-09-14  57.13  58.28  56.91  57.38  1834700  57.38
2012-09-13  55.16  57.41  54.82  56.92  1375600  56.92
2012-09-12  55.11  55.6  54.84  55.14  1156300  55.14
2012-09-11  55.55  55.87  55.0  55.07  1201400  55.07
2012-09-10  55.59  56.58  55.46  55.68  1464200  55.68
2012-09-07  55.17  56.0  54.84  55.88  1362500  55.88
2012-09-06  54.1  55.23  54.01  55.21  1286800  55.21
2012-09-05  53.08  53.82  52.76  53.63  1320100  53.63
2012-09-04  53.84  53.88  52.78  53.12  1354800  53.12
2012-08-31  53.81  53.97  53.14  53.82  1785700  53.82
2012-08-30  53.32  53.73  53.12  53.13  1814000  53.13
2012-08-29  54.27  54.32  53.35  53.65  1324400  53.65
2012-08-28  53.8  54.54  53.79  54.23  1444700  54.23
2012-08-27  54.09  54.38  53.53  53.94  1238800  53.94
2012-08-24  54.0  54.01  53.15  53.83  1341700  53.83
2012-08-23  54.37  54.72  54.08  54.13  1527400  54.13
2012-08-22  53.98  54.52  53.81  54.48  1436800  54.48
2012-08-21  54.39  54.54  54.02  54.29  1884400  54.29
2012-08-20  53.96  54.55  53.73  54.09  1377100  54.09
2012-08-17  53.39  54.76  53.3  54.26  1786900  54.26
2012-08-16  52.53  53.47  52.26  53.38  980900  53.38
2012-08-15  52.11  52.75  51.83  52.53  1068900  52.53
2012-08-14  53.28  53.31  51.96  52.12  1189500  52.12
2012-08-13  52.86  53.06  52.35  52.98  887000  52.98
2012-08-10  52.69  53.17  52.4  53.12  764400  53.12
2012-08-09  52.81  53.34  52.49  53.26  1064100  53.26
2012-08-08  53.13  53.56  52.66  52.98  1233400  52.98
2012-08-07  53.15  53.76  52.88  53.44  1714900  53.44
2012-08-06  52.22  53.17  52.09  52.88  1410100  52.88
2012-08-03  52.39  52.5  51.59  51.79  1565400  51.79
2012-08-02  49.96  51.62  49.89  51.35  2921000  51.35
2012-08-01  51.23  52.08  50.5  50.63  1902700  50.63
2012-07-31  49.67  51.52  49.04  50.92  3441900  50.92
2012-07-30  49.99  50.41  49.29  49.67  2657300  49.67
2012-07-27  48.79  50.69  48.72  50.39  3050000  50.39
2012-07-26  48.44  48.83  47.73  48.3  1866200  48.3
2012-07-25  47.03  47.22  46.26  47.22  1341900  47.22
2012-07-24  46.92  47.69  46.11  46.68  1670000  46.68
2012-07-23  46.65  47.09  46.46  46.95  1207700  46.95
2012-07-20  48.05  48.05  47.56  47.91  1413000  47.91
2012-07-19  48.86  49.18  48.36  48.54  1370600  48.54
2012-07-18  47.34  48.89  46.91  48.66  1656500  48.66
2012-07-17  47.54  47.86  46.61  47.67  1282300  47.67
2012-07-16  47.24  47.36  46.51  47.33  1006600  47.33
2012-07-13  46.9  47.72  46.89  47.52  1471000  47.52
2012-07-12  45.63  46.61  44.97  46.27  2435300  46.27
2012-07-11  47.69  47.7  45.85  46.24  2046700  46.24
2012-07-10  48.41  49.11  47.15  47.57  1603300  47.57
2012-07-09  49.04  49.06  47.91  48.11  1563500  48.11
2012-07-06  48.29  48.99  47.98  48.85  2192200  48.85
2012-07-05  49.51  49.66  48.79  48.95  1837000  48.95
2012-07-03  49.92  49.92  48.81  49.57  1283600  49.57
2012-07-02  49.39  49.55  48.28  48.43  4389000  48.43
2012-06-29  48.28  49.33  47.96  49.06  2532800  49.06
2012-06-28  46.32  47.02  45.94  46.88  3033200  46.88
2012-06-27  46.33  47.08  46.02  46.98  2931300  46.98
2012-06-26  45.05  46.38  44.91  45.93  2597900  45.93
2012-06-25  45.06  45.06  44.25  44.65  2145800  44.65
2012-06-22  45.78  45.95  45.19  45.77  2434000  45.77
2012-06-21  47.72  48.03  45.22  45.39  1590100  45.39
2012-06-20  47.93  48.4  47.17  47.73  1544100  47.73
2012-06-19  47.12  48.28  46.99  48.05  1668200  48.05
2012-06-18  45.92  46.72  45.62  46.54  892400  46.54
2012-06-15  45.78  46.32  45.33  46.13  1497000  46.13
2012-06-14  44.74  45.78  44.72  45.52  1758000  45.52
2012-06-13  45.75  45.75  44.47  44.73  1593200  44.73
2012-06-12  44.78  45.93  44.3  45.88  2080600  45.88
2012-06-11  46.95  46.95  44.33  44.42  1697800  44.42
2012-06-08  45.5  46.25  44.85  46.22  1456100  46.22
2012-06-07  45.56  46.42  45.53  45.83  3323700  45.83
2012-06-06  44.08  45.03  44.02  45.03  2563900  45.03
2012-06-05  41.6  43.47  41.56  43.36  2823700  43.36
2012-06-04  42.24  42.55  40.23  41.9  4179400  41.9
2012-06-01  43.84  43.84  41.71  42.24  3918400  42.24
2012-05-31  46.05  46.05  44.03  45.1  3433000  45.1
2012-05-30  46.93  47.26  45.89  45.94  3060900  45.94
2012-05-29  46.77  48.24  46.62  47.94  3372600  47.94
2012-05-25  46.38  46.6  45.77  46.13  3063900  46.13
2012-05-24  44.65  45.54  44.45  45.53  3226600  45.53
2012-05-23  43.39  44.79  42.62  44.55  2137600  44.55
2012-05-22  44.68  44.97  43.75  44.04  1741400  44.04
2012-05-21  42.89  44.55  42.73  44.43  2234300  44.43
2012-05-18  43.16  43.59  42.62  42.85  1985400  42.85
2012-05-17  44.96  44.99  43.03  43.04  2295600  43.04
2012-05-16  45.9  46.64  44.85  44.88  1813800  44.88
2012-05-15  46.78  47.02  45.62  45.77  1646500  45.77
2012-05-14  47.32  47.35  46.69  46.74  1724200  46.74
2012-05-11  47.97  48.58  47.87  48.12  1165700  48.12
2012-05-10  49.27  49.44  48.3  48.43  1376600  48.43
2012-05-09  48.24  49.26  47.82  48.57  2284900  48.57
2012-05-08  49.19  49.23  48.02  49.04  2687700  49.04
2012-05-07  48.87  49.97  48.8  49.62  2103900  49.62
2012-05-04  50.91  50.95  49.07  49.12  2107900  49.12
2012-05-03  52.38  52.64  51.01  51.24  2116000  51.24
2012-05-02  52.3  52.5  51.68  52.41  2387100  52.41
2012-05-01  52.29  53.57  51.8  52.68  2415800  52.68
2012-04-30  52.37  52.43  51.5  52.28  1475800  52.28
2012-04-27  51.38  53.79  51.31  52.36  3064300  52.36
2012-04-26  51.66  52.67  51.12  52.51  1854700  52.51
2012-04-25  50.9  52.31  50.84  52.23  2257400  52.23
2012-04-24  50.36  50.85  49.55  50.16  1710300  50.16
2012-04-23  50.37  50.65  49.69  50.58  1379700  50.58
2012-04-20  51.32  51.61  51.07  51.11  1099600  51.11
2012-04-19  51.32  51.71  50.66  51.1  1086600  51.1
2012-04-18  51.4  51.65  51.0  51.25  1146800  51.25
2012-04-17  51.4  52.26  51.32  51.87  1513500  51.87
2012-04-16  50.93  51.12  50.14  50.81  1325100  50.81
2012-04-13  50.8  51.26  50.37  50.51  1514800  50.51
2012-04-12  49.35  51.43  49.35  51.12  1998500  51.12
2012-04-11  49.11  49.56  48.73  49.32  2306700  49.32
2012-04-10  50.05  50.25  48.15  48.35  2609800  48.35
2012-04-09  50.04  50.19  49.43  50.04  2670100  50.04
2012-04-05  50.89  52.11  50.37  50.45  2350900  50.45
2012-04-04  51.03  51.27  50.71  51.15  1942100  51.15
2012-04-03  51.07  51.71  51.04  51.67  2979900  51.67
2012-04-02  50.02  51.23  49.68  51.15  3314100  51.15
2012-03-30  50.02  50.22  49.47  50.07  2303600  50.07
2012-03-29  48.97  49.69  48.62  49.61  1781800  49.61
2012-03-28  50.23  50.29  48.82  49.52  2096300  49.52
2012-03-27  50.45  50.77  50.26  50.34  1922200  50.34
2012-03-26  50.24  50.77  50.05  50.3  1473700  50.3
2012-03-23  49.43  50.0  48.72  49.61  1102200  49.61
2012-03-22  49.49  49.81  48.9  49.23  1086600  49.23
2012-03-21  49.9  50.18  49.72  49.86  1372500  49.86
2012-03-20  49.76  50.13  49.54  49.88  1417600  49.88
2012-03-19  50.27  50.48  49.81  50.23  1342800  50.23
2012-03-16  50.53  50.8  50.05  50.4  1765000  50.4
2012-03-15  50.13  50.37  49.59  50.32  1873500  50.32
2012-03-14  50.46  50.87  49.74  49.9  2021300  49.9
2012-03-13  50.19  50.53  49.73  50.49  1933800  50.49
2012-03-12  50.32  50.32  49.74  49.82  1113400  49.82
2012-03-09  50.59  50.65  49.87  50.19  2176500  50.19
2012-03-08  49.88  50.67  49.77  50.57  1554700  50.57
2012-03-07  48.42  49.49  48.38  49.32  1641700  49.32
2012-03-06  49.14  49.53  47.91  48.3  2653700  48.3
2012-03-05  51.44  51.5  50.22  50.35  1432700  50.35
2012-03-02  51.77  52.19  51.26  51.61  1109500  51.61
2012-03-01  52.37  52.64  51.5  51.84  1854400  51.84
2012-02-29  53.01  53.14  51.87  52.17  2109000  52.17
2012-02-28  52.23  53.01  51.84  52.97  2070200  52.97
2012-02-27  51.54  52.45  50.95  52.17  1603500  52.17
2012-02-24  52.24  52.55  51.74  51.85  1073600  51.85
2012-02-23  51.91  52.22  51.56  52.09  1596800  52.09
2012-02-22  52.22  52.41  51.51  51.98  1560700  51.98
2012-02-21  52.72  52.95  52.19  52.42  1421200  52.42
2012-02-17  52.91  52.97  52.27  52.63  1188500  52.63
2012-02-16  51.74  52.63  51.51  52.52  2072900  52.52
2012-02-15  52.64  52.64  51.48  51.66  1557500  51.66
2012-02-14  52.0  52.34  51.49  52.18  1355000  52.18
2012-02-13  52.45  52.66  52.14  52.26  1622100  52.26
2012-02-10  51.73  52.2  51.28  51.81  1604500  51.81
2012-02-09  52.48  52.84  52.05  52.55  1997600  52.55
2012-02-08  52.38  52.71  51.92  52.5  1748100  52.5
2012-02-07  52.15  52.47  51.64  52.22  1541300  52.22
2012-02-06  51.4  52.52  51.22  52.33  1969200  52.33
2012-02-03  52.34  52.56  51.6  51.73  2784600  51.73
2012-02-02  50.52  50.67  49.91  50.31  1952700  50.31
2012-02-01  49.06  50.83  49.02  50.54  3196600  50.54
2012-01-31  48.47  49.0  48.02  48.5  3436300  48.5
2012-01-30  48.01  49.14  47.49  48.46  3422600  48.46
2012-01-27  49.21  50.47  47.38  48.58  15500500  48.58
2012-01-26  45.53  45.91  44.84  45.41  1949300  45.41
2012-01-25  44.43  45.48  44.21  45.24  1294600  45.24
2012-01-24  44.08  44.57  43.96  44.57  995300  44.57
2012-01-23  44.38  45.01  44.23  44.61  711300  44.61
2012-01-20  44.71  44.8  43.97  44.32  1220100  44.32
2012-01-19  44.42  44.91  44.24  44.82  1008300  44.82
2012-01-18  43.47  44.4  43.29  44.4  1249300  44.4
2012-01-17  44.37  44.39  43.29  43.48  1297300  43.48
2012-01-13  44.08  44.26  43.03  43.56  3011300  43.56
2012-01-12  43.39  44.51  42.57  44.42  3375200  44.42
2012-01-11  41.49  43.46  41.3  43.09  3457200  43.09
2012-01-10  40.65  41.85  40.61  41.69  2523400  41.69
2012-01-09  40.12  40.31  39.73  39.95  1568300  39.95
2012-01-06  38.7  40.22  38.41  39.82  2769300  39.82
2012-01-05  38.35  38.78  37.74  38.65  1846800  38.65
2012-01-04  38.58  38.97  38.45  38.64  1514100  38.64
2012-01-03  38.76  39.14  38.55  38.74  1466300  38.74
2011-12-30  37.85  38.1  37.65  37.65  1090700  37.65
2011-12-29  37.26  37.99  37.16  37.92  929100  37.92
2011-12-28  37.96  38.07  37.0  37.14  932500  37.14
2011-12-27  37.92  38.24  37.73  37.95  839000  37.95
2011-12-23  38.01  38.15  37.63  38.01  959500  38.01
2011-12-22  37.28  38.06  37.2  37.7  1217700  37.7
2011-12-21  37.25  37.34  36.48  37.19  1559800  37.19
2011-12-20  35.38  37.61  35.38  37.3  2394900  37.3
2011-12-19  35.37  35.63  34.38  34.5  1114000  34.5
2011-12-16  35.34  36.2  34.74  35.41  3924500  35.41
2011-12-15  35.52  35.61  34.59  34.9  1418900  34.9
2011-12-14  34.83  35.38  34.6  34.84  1340600  34.84
2011-12-13  35.76  36.37  34.89  35.15  1996300  35.15
2011-12-12  36.21  36.26  35.04  35.5  1884700  35.5
2011-12-09  35.91  37.0  35.57  36.85  1679300  36.85
2011-12-08  37.0  37.63  36.36  36.44  1731600  36.44
2011-12-07  37.29  37.73  36.75  37.48  1190500  37.48
2011-12-06  37.35  37.74  36.85  37.35  991100  37.35
2011-12-05  37.58  38.02  36.97  37.25  1570600  37.25
2011-12-02  37.79  37.98  36.66  36.77  1363700  36.77
2011-12-01  37.9  38.2  37.07  37.24  1508400  37.24
2011-11-30  36.93  37.97  36.92  37.92  1861600  37.92
2011-11-29  35.27  35.86  34.86  35.44  1314000  35.44
2011-11-28  35.33  35.59  34.56  34.99  1479000  34.99
2011-11-25  34.02  34.43  33.88  33.95  463000  33.95
2011-11-23  34.88  35.11  34.12  34.14  1031000  34.14
2011-11-22  35.41  35.82  35.09  35.4  1493000  35.4
2011-11-21  35.47  35.57  34.8  35.36  1622600  35.36
2011-11-18  36.72  36.78  35.99  36.18  1498100  36.18
2011-11-17  37.93  37.96  36.04  36.37  1547900  36.37
2011-11-16  38.65  39.19  38.05  38.16  1531600  38.16
2011-11-15  38.42  39.44  38.24  39.11  1295000  39.11
2011-11-14  38.6  38.99  38.26  38.71  1043200  38.71
2011-11-11  38.87  39.39  38.62  38.85  1403600  38.85
2011-11-10  38.09  38.52  37.71  38.17  1613700  38.17
2011-11-09  38.35  38.4  37.13  37.35  1900900  37.35
2011-11-08  38.4  39.92  38.31  39.7  2450300  39.7
2011-11-07  38.05  38.4  37.17  38.01  1300700  38.01
2011-11-04  38.09  38.48  37.38  38.11  1237800  38.11
2011-11-03  37.99  38.64  37.08  38.52  1463600  38.52
2011-11-02  37.43  37.75  36.58  37.28  1712800  37.28
2011-11-01  35.88  37.77  35.88  36.65  2983300  36.65
2011-10-31  39.44  39.5  37.59  37.6  1997600  37.6
2011-10-28  37.63  40.79  37.63  40.12  3419300  40.12
2011-10-27  37.93  39.15  37.15  38.33  2811000  38.33
2011-10-26  35.99  36.44  35.11  36.0  1525300  36.0
2011-10-25  37.07  37.22  35.28  35.37  1694100  35.37
2011-10-24  35.98  37.15  35.84  37.15  1229900  37.15
2011-10-21  35.26  35.93  34.96  35.85  1214700  35.85
2011-10-20  34.01  34.9  33.57  34.63  2456700  34.63
2011-10-19  36.34  36.34  34.48  34.59  1756400  34.59
2011-10-18  35.51  36.52  34.74  36.24  2240100  36.24
2011-10-17  36.37  36.58  35.57  35.64  1898400  35.64
2011-10-14  36.28  36.66  35.7  36.55  1407000  36.55
2011-10-13  35.48  35.74  35.06  35.55  1566500  35.55
2011-10-12  35.74  36.34  35.5  35.75  1559800  35.75
2011-10-11  35.05  35.78  34.83  35.45  1491400  35.45
2011-10-10  34.79  35.29  34.62  35.29  1360700  35.29
2011-10-07  34.77  34.88  33.6  33.96  2856500  33.96
2011-10-06  33.97  34.72  33.34  34.37  3359800  34.37
2011-10-05  34.34  34.59  33.4  34.04  3731500  34.04
2011-10-04  32.12  34.41  31.78  34.26  3700000  34.26
2011-10-03  32.49  33.42  32.31  32.76  3589400  32.76
2011-09-30  33.33  33.63  32.64  32.79  2852400  32.79
2011-09-29  34.15  34.88  33.07  33.85  2680800  33.85
2011-09-28  34.42  34.56  32.94  33.29  2867600  33.29
2011-09-27  34.73  35.28  34.1  34.32  2449000  34.32
2011-09-26  32.5  33.86  32.13  33.85  3063600  33.85
2011-09-23  31.67  32.95  31.67  32.04  2399200  32.04
2011-09-22  32.96  32.96  31.05  31.87  3267200  31.87
2011-09-21  35.09  35.29  33.95  33.98  2593400  33.98
2011-09-20  36.07  36.15  34.97  35.02  2039000  35.02
2011-09-19  35.63  36.19  35.09  35.97  1576800  35.97
2011-09-16  36.63  36.89  35.93  36.48  1798200  36.48
2011-09-15  35.95  36.48  35.55  36.47  2068200  36.47
2011-09-14  35.26  36.21  34.38  35.58  2269600  35.58
2011-09-13  34.22  35.39  34.14  35.16  2339400  35.16
2011-09-12  33.84  34.41  33.5  34.22  2238200  34.22
2011-09-09  35.39  35.42  33.92  34.44  3376000  34.44
2011-09-08  36.37  36.87  35.69  35.88  2468000  35.88
2011-09-07  36.12  37.42  36.12  36.48  4427600  36.48
2011-09-06  35.78  36.36  35.06  35.54  4025200  35.54
2011-09-02  37.42  37.92  37.01  37.16  1210000  37.16
2011-09-01  39.33  39.43  38.4  38.47  1614800  38.47
2011-08-31  39.67  40.16  38.9  39.3  1644600  39.3
2011-08-30  38.78  39.84  38.73  39.42  1468800  39.42
2011-08-29  38.2  39.11  38.12  39.07  1499800  39.07
2011-08-26  36.34  37.93  35.69  37.55  1885200  37.55
2011-08-25  37.22  37.47  36.43  36.69  1969400  36.69
2011-08-24  36.82  37.16  36.26  37.08  2887600  37.08
2011-08-23  35.77  36.83  35.43  36.83  2170800  36.83
2011-08-22  37.07  37.17  35.41  35.56  1873000  35.56
2011-08-19  36.13  37.34  36.03  36.1  1814400  36.1
2011-08-18  38.16  38.18  36.42  36.77  3280600  36.77
2011-08-17  40.48  40.95  39.48  39.63  1576600  39.63
2011-08-16  40.24  40.76  39.67  39.99  1947200  39.99
2011-08-15  40.8  41.03  40.29  40.92  1285400  40.92
2011-08-12  39.11  40.98  39.11  40.36  3294000  40.36
2011-08-11  38.58  40.61  38.29  39.91  2297400  39.91
2011-08-10  37.99  39.73  37.79  38.37  3553600  38.37
2011-08-09  38.09  39.84  37.21  39.8  2240400  39.8
2011-08-08  39.74  39.74  36.52  37.09  3851800  37.09
2011-08-05  41.42  42.27  39.19  40.85  3735600  40.85
2011-08-04  43.31  43.35  40.72  40.76  2910200  40.76
2011-08-03  44.18  44.52  42.69  43.8  2893600  43.8
2011-08-02  45.35  46.15  44.12  44.17  2132200  44.17
2011-08-01  46.63  46.84  45.54  45.98  1953400  45.98
2011-07-29  44.87  46.59  44.42  45.89  4030800  45.89
2011-07-28  48.23  49.01  47.53  47.58  2652400  47.58
2011-07-27  49.37  49.5  47.97  48.13  1305600  48.13
2011-07-26  49.68  49.71  48.86  49.48  1079600  49.48
2011-07-25  48.98  49.93  48.69  49.55  821400  49.55
2011-07-22  49.47  49.7  49.07  49.61  1226000  49.61
2011-07-21  49.06  49.91  48.77  49.63  1256600  49.63
2011-07-20  48.58  48.86  48.33  48.76  1074600  48.76
2011-07-19  47.88  48.5  47.7  48.47  1006200  48.47
2011-07-18  47.69  47.82  46.69  47.32  1157800  47.32
2011-07-15  47.95  48.02  47.44  47.9  1073400  47.9
2011-07-14  48.33  48.84  47.5  47.7  1131000  47.7
2011-07-13  48.74  49.12  48.09  48.19  1157200  48.19
2011-07-12  48.51  48.94  48.36  48.41  1082400  48.41
2011-07-11  48.88  49.17  48.57  48.68  1428200  48.68
2011-07-08  49.42  49.75  48.91  49.72  1264600  49.72
2011-07-07  49.96  50.65  49.96  50.2  1493600  50.2
2011-07-06  49.09  49.53  48.66  49.34  1384200  49.34
2011-07-05  49.43  49.54  49.02  49.13  1149400  49.13
2011-07-01  48.67  49.53  48.44  49.4  1249600  49.4
2011-06-30  48.21  48.75  47.72  48.49  1481400  48.49
2011-06-29  47.48  48.14  46.91  48.02  1582800  48.02
2011-06-28  47.19  47.25  46.89  47.23  1740200  47.23
2011-06-27  46.63  47.17  46.08  46.96  1248400  46.96
2011-06-24  47.08  47.25  46.37  46.83  3160400  46.83
2011-06-23  46.59  47.13  45.85  47.02  1769600  47.02
2011-06-22  47.38  48.06  47.1  47.38  1770600  47.38
2011-06-21  46.27  47.87  46.23  47.55  1823600  47.55
2011-06-20  44.86  46.01  44.77  45.83  1314600  45.83
2011-06-17  45.69  45.81  44.72  45.14  2096400  45.14
2011-06-16  45.9  46.11  44.48  45.25  2182200  45.25
2011-06-15  47.33  47.52  45.65  45.94  3120000  45.94
2011-06-14  47.56  48.09  47.2  47.87  1729600  47.87
2011-06-13  46.91  47.7  46.52  46.91  1717000  46.91
2011-06-10  47.65  47.93  46.97  47.15  2003800  47.15
2011-06-09  47.82  48.68  47.51  47.82  1840000  47.82
2011-06-08  47.83  47.99  47.1  47.57  1968000  47.57
2011-06-07  47.69  48.36  47.22  48.01  1981000  48.01
2011-06-06  47.61  48.05  47.3  47.34  1589400  47.34
2011-06-03  47.92  48.17  47.04  47.6  2031600  47.6
2011-06-02  48.49  48.97  47.88  48.7  2315200  48.7
2011-06-01  49.95  50.0  48.14  48.33  2546200  48.33
2011-05-31  50.04  50.23  49.32  50.05  1664000  50.05
2011-05-27  48.96  49.71  48.96  49.39  1177000  49.39
2011-05-26  48.53  49.07  48.18  48.8  1426400  48.8
2011-05-25  47.15  48.97  47.04  48.61  1750000  48.61
2011-05-24  47.64  48.08  47.19  47.37  1793200  47.37
2011-05-23  48.05  48.07  46.68  47.29  2799400  47.29
2011-05-20  49.57  49.67  48.57  48.87  1653000  48.87
2011-05-19  49.67  50.21  49.3  49.73  1314800  49.73
2011-05-18  48.31  49.66  48.12  49.51  1401400  49.51
2011-05-17  48.53  48.78  47.76  48.14  1929200  48.14
2011-05-16  49.14  49.8  48.68  48.84  1654400  48.84
2011-05-13  49.71  50.21  49.26  49.43  2564200  49.43
2011-05-12  49.88  50.23  49.14  49.6  2156400  49.6
2011-05-11  51.03  51.1  49.98  50.12  2546600  50.12
2011-05-10  50.21  51.33  50.17  51.14  3703400  51.14
2011-05-09  48.98  50.14  48.85  50.08  2256200  50.08
2011-05-06  48.71  49.49  48.67  48.92  2566400  48.92
2011-05-05  47.97  48.91  47.74  47.97  3547600  47.97
2011-05-04  48.99  49.2  48.04  48.22  3003200  48.22
2011-05-03  49.64  49.81  48.3  48.8  2893800  48.8
2011-05-02  50.97  51.51  49.79  49.88  3445400  49.88
2011-04-29  51.63  52.35  50.61  50.71  6246200  50.71
2011-04-28  48.39  49.13  48.04  48.67  2656800  48.67
2011-04-27  48.03  48.53  47.2  48.36  2640400  48.36
2011-04-26  48.08  48.59  47.77  47.99  2800000  47.99
2011-04-25  47.64  47.99  47.35  47.76  2233800  47.76
2011-04-21  47.47  47.65  47.13  47.64  2204400  47.64
2011-04-20  47.59  47.76  47.15  47.28  2324800  47.28
2011-04-19  46.35  46.98  46.25  46.87  2445800  46.87
2011-04-18  46.22  46.47  45.29  46.27  2535000  46.27
2011-04-15  46.02  46.82  45.95  46.65  2165800  46.65
2011-04-14  45.22  46.1  45.19  45.87  1772600  45.87
2011-04-13  45.79  45.89  45.16  45.51  2364000  45.51
2011-04-12  46.01  46.51  45.1  45.57  3613200  45.57
2011-04-11  47.27  47.36  45.88  46.2  2241600  46.2
2011-04-08  47.91  47.91  46.89  47.28  1557400  47.28
2011-04-07  47.18  47.79  46.92  47.41  2479400  47.41
2011-04-06  47.92  48.22  46.94  47.26  1937000  47.26
2011-04-05  47.43  48.2  47.13  47.69  1245200  47.69
2011-04-04  47.73  47.85  47.33  47.59  1348800  47.59
2011-04-01  47.35  47.75  47.17  47.47  1624800  47.47
2011-03-31  46.75  47.19  46.71  46.96  816800  46.96
2011-03-30  47.23  47.35  46.35  46.75  1066000  46.75
2011-03-29  45.98  46.83  45.65  46.7  887000  46.7
2011-03-28  46.55  46.67  45.97  45.98  979600  45.98
2011-03-25  46.29  47.14  46.11  46.39  2176200  46.39
2011-03-24  46.06  46.27  45.52  46.06  1543200  46.06
2011-03-23  45.0  46.03  45.0  45.77  1788200  45.77
2011-03-22  45.18  45.46  44.86  45.18  2294000  45.18
2011-03-21  45.11  45.4  44.69  45.35  1932600  45.35
2011-03-18  45.33  45.33  44.33  44.35  1773400  44.35
2011-03-17  44.45  45.23  44.37  44.61  1704400  44.61
2011-03-16  43.67  44.36  43.12  43.58  2003200  43.58
2011-03-15  42.82  44.06  42.6  43.73  1701000  43.73
2011-03-14  44.35  45.1  43.92  44.37  1166200  44.37
2011-03-11  43.64  44.79  43.55  44.51  1666800  44.51
2011-03-10  44.4  44.61  43.52  43.86  1931400  43.86
2011-03-09  45.61  45.67  44.65  44.92  1827800  44.92
2011-03-08  45.0  45.99  44.49  45.83  1629800  45.83
2011-03-07  45.53  45.93  44.44  44.8  1917800  44.8
2011-03-04  45.61  45.64  44.63  45.33  1633600  45.33
2011-03-03  44.89  46.02  44.89  45.77  2688000  45.77
2011-03-02  42.99  44.64  42.98  44.47  2472000  44.47
2011-03-01  44.25  44.57  42.76  42.87  2938200  42.87
2011-02-28  43.17  43.98  42.87  43.94  2472200  43.94
2011-02-25  42.57  43.13  42.48  42.97  1805200  42.97
2011-02-24  42.43  42.82  41.6  42.33  2231600  42.33
2011-02-23  42.58  42.91  41.17  42.16  3275200  42.16
2011-02-22  44.1  44.51  42.49  42.58  2620000  42.58
2011-02-18  45.52  45.63  44.66  44.88  2298800  44.88
2011-02-17  44.12  45.78  43.9  45.29  3507400  45.29
2011-02-16  43.37  44.19  43.33  44.13  1507000  44.13
2011-02-15  43.9  43.97  43.04  43.12  1749800  43.12
2011-02-14  43.95  44.18  43.83  44.07  1171800  44.07
2011-02-11  43.16  44.24  43.16  43.9  1078200  43.9
2011-02-10  42.97  43.68  42.83  43.44  1271000  43.44
2011-02-09  43.55  43.69  43.07  43.19  1285000  43.19
2011-02-08  43.49  43.96  43.09  43.82  1987000  43.82
2011-02-07  43.29  43.71  43.15  43.42  1904000  43.42
2011-02-04  43.03  43.29  42.72  43.14  1401800  43.14
2011-02-03  43.01  43.26  42.46  42.91  1750600  42.91
2011-02-02  43.1  43.47  42.87  43.09  1906200  43.09
2011-02-01  43.31  43.66  42.05  43.03  5777600  43.03
2011-01-31  43.5  43.9  43.23  43.68  1958200  43.68
2011-01-28  43.81  44.14  42.86  43.21  1876400  43.21
2011-01-27  44.08  44.16  43.28  43.69  1320800  43.69
2011-01-26  42.73  44.22  42.73  44.17  2538600  44.17
2011-01-25  43.0  43.07  41.92  42.49  2738400  42.49
2011-01-24  42.55  43.3  42.54  43.21  1563800  43.21
2011-01-21  43.05  43.35  42.53  42.61  1371800  42.61
2011-01-20  43.21  43.37  42.34  42.61  1537400  42.61
2011-01-19  43.99  44.23  43.12  43.34  1451000  43.34
2011-01-18  43.72  44.42  43.65  44.29  1234400  44.29
2011-01-14  43.41  43.72  42.95  43.64  1669600  43.64
2011-01-13  43.92  43.97  43.33  43.41  2361800  43.41
2011-01-12  42.63  43.91  42.43  43.7  4259200  43.7
2011-01-11  41.65  41.82  41.22  41.66  2081000  41.66
2011-01-10  40.92  41.64  40.54  41.53  1455800  41.53
2011-01-07  41.08  41.29  40.53  41.04  1583000  41.04
2011-01-06  41.16  41.35  40.89  41.05  1397800  41.05
2011-01-05  40.73  41.24  40.16  41.16  2926800  41.16
2011-01-04  40.25  41.27  39.98  40.86  5847800  40.86
2011-01-03  39.93  40.44  39.88  40.15  1562600  40.15
2010-12-31  39.45  39.78  39.34  39.55  836200  39.55
2010-12-30  39.47  39.6  39.33  39.49  615800  39.49
2010-12-29  39.28  39.64  39.27  39.51  1033000  39.51
2010-12-28  38.95  39.19  38.86  39.16  736000  39.16
2010-12-27  38.65  39.06  38.54  38.95  837600  38.95
2010-12-23  38.51  39.03  38.45  38.76  816200  38.76
2010-12-22  38.59  38.8  38.37  38.62  803600  38.62
2010-12-21  38.16  38.74  38.16  38.53  1211400  38.53
2010-12-20  37.72  38.08  37.52  38.0  1533200  38.0
2010-12-17  37.74  37.84  37.54  37.75  2868200  37.75
2010-12-16  37.82  38.06  37.5  37.82  1026000  37.82
2010-12-15  38.23  38.23  37.73  37.78  1608400  37.78
2010-12-14  38.3  38.61  38.11  38.32  913800  38.32
2010-12-13  38.29  38.52  38.13  38.13  1356400  38.13
2010-12-10  38.44  38.59  38.09  38.19  1830000  38.19
2010-12-09  38.62  38.75  38.15  38.3  1428000  38.3
2010-12-08  38.67  38.79  38.16  38.41  1272200  38.41
2010-12-07  38.64  38.83  38.26  38.57  1942400  38.57
2010-12-06  38.18  38.55  38.07  38.42  1627400  38.42
2010-12-03  37.64  38.51  37.64  38.38  1908800  38.38
2010-12-02  38.03  38.33  37.74  37.87  2041400  37.87
2010-12-01  37.13  38.02  37.13  37.99  2555200  37.99
2010-11-30  36.7  36.78  36.19  36.39  2734400  36.39
2010-11-29  36.86  37.15  36.31  37.08  2172800  37.08
2010-11-26  36.76  37.32  36.71  37.19  820600  37.19
2010-11-24  36.66  37.22  36.65  37.18  1457400  37.18
2010-11-23  36.57  36.63  36.12  36.37  1691800  36.37
2010-11-22  36.92  37.31  36.47  37.13  1854600  37.13
2010-11-19  36.55  37.03  36.33  37.0  2109600  37.0
2010-11-18  36.57  36.98  36.5  36.93  2187000  36.93
2010-11-17  35.85  36.33  35.55  36.05  1501000  36.05
2010-11-16  35.97  35.99  35.34  35.74  2081800  35.74
2010-11-15  36.31  36.49  35.92  36.22  1910800  36.22
2010-11-12  36.71  36.79  35.92  36.2  2182600  36.2
2010-11-11  36.31  37.35  36.26  37.09  1646800  37.09
2010-11-10  36.86  37.09  36.33  36.67  1385400  36.67
2010-11-09  37.45  37.74  36.57  36.85  1699200  36.85
2010-11-08  37.03  37.42  36.84  37.3  1248600  37.3
2010-11-05  37.8  37.84  37.05  37.29  2530200  37.29
2010-11-04  37.6  37.77  37.04  37.75  2511600  37.75
2010-11-03  37.29  37.39  36.53  37.21  1150800  37.21
2010-11-02  37.31  37.77  37.13  37.27  2035600  37.27
2010-11-01  37.1  37.54  36.86  37.03  1676000  37.03
2010-10-29  36.66  37.1  36.41  36.75  2833600  36.75
2010-10-28  37.89  38.06  36.89  36.97  2283600  36.97
2010-10-27  37.71  38.09  37.32  37.56  2093800  37.56
2010-10-26  38.4  38.53  38.0  38.12  2655600  38.12
2010-10-25  37.96  39.02  37.89  38.63  4336200  38.63
2010-10-22  37.13  37.27  36.64  36.76  1320000  36.76
2010-10-21  37.04  37.52  36.77  37.12  1236400  37.12
2010-10-20  36.14  37.31  36.09  36.98  1776800  36.98
2010-10-19  36.34  36.74  35.85  36.1  1776600  36.1
2010-10-18  36.68  37.05  36.56  36.89  1144400  36.89
2010-10-15  36.79  36.97  36.26  36.72  1345800  36.72
2010-10-14  36.79  36.88  36.29  36.52  1361200  36.52
2010-10-13  36.81  37.07  36.56  36.8  1428000  36.8
2010-10-12  36.64  36.64  36.13  36.42  2137400  36.42
2010-10-11  36.45  36.79  36.33  36.65  1678200  36.65
2010-10-08  35.95  36.54  35.9  36.44  1763200  36.44
2010-10-07  35.69  36.01  35.4  35.91  2548800  35.91
2010-10-06  35.61  35.73  35.44  35.56  1447800  35.56
2010-10-05  35.02  35.69  34.88  35.63  2113800  35.63
2010-10-04  34.84  34.98  34.44  34.65  1820000  34.65
2010-10-01  34.97  35.03  34.59  34.88  1563200  34.88
2010-09-30  34.62  35.01  34.23  34.61  2505600  34.61
2010-09-29  34.2  34.77  34.08  34.39  2996400  34.39
2010-09-28  33.95  34.44  33.53  34.36  1518800  34.36
2010-09-27  34.12  34.14  33.56  33.89  1460600  33.89
2010-09-24  33.91  34.02  33.55  34.02  1532600  34.02
2010-09-23  33.14  33.54  32.72  33.24  1730400  33.24
2010-09-22  33.21  33.59  33.1  33.37  1446600  33.37
2010-09-21  33.5  33.62  33.13  33.28  1509400  33.28
2010-09-20  32.91  33.5  32.8  33.37  2341600  33.37
2010-09-17  32.65  32.87  32.29  32.77  2697200  32.77
2010-09-16  32.41  33.1  31.99  32.46  3255400  32.46
2010-09-15  31.23  31.43  30.94  31.31  1566400  31.31
2010-09-14  31.38  31.48  30.99  31.37  2168600  31.37
2010-09-13  30.84  31.64  30.84  31.57  2081400  31.57
2010-09-10  30.69  30.81  30.4  30.47  1406200  30.47
2010-09-09  30.83  30.85  30.3  30.65  2427000  30.65
2010-09-08  30.04  30.47  30.04  30.23  1470600  30.23
2010-09-07  30.57  30.57  29.95  30.02  1467600  30.02
2010-09-03  30.01  30.79  30.01  30.62  2297200  30.62
2010-09-02  29.97  30.04  29.69  29.8  1998800  29.8
2010-09-01  29.05  29.91  29.02  29.85  2217800  29.85
2010-08-31  27.84  28.82  27.77  28.59  2810400  28.59
2010-08-30  28.29  28.53  27.9  27.95  2037800  27.95
2010-08-27  27.98  28.49  27.47  28.4  1458400  28.4
2010-08-26  27.61  28.19  27.56  27.72  1562400  27.72
2010-08-25  27.2  27.51  26.7  27.44  1607000  27.44
2010-08-24  27.65  27.81  27.18  27.39  2048400  27.39
2010-08-23  28.43  28.7  28.0  28.04  1157600  28.04
2010-08-20  27.89  28.36  27.73  28.31  1961800  28.31
2010-08-19  28.71  28.8  27.87  28.17  1260000  28.17
2010-08-18  29.01  29.05  28.62  28.92  1188800  28.92
2010-08-17  28.5  29.22  28.49  28.97  1937000  28.97
2010-08-16  27.75  28.27  27.53  28.14  1429800  28.14
2010-08-13  28.01  28.23  27.92  27.94  1174400  27.94
2010-08-12  27.88  28.42  27.78  28.18  1761600  28.18
2010-08-11  28.8  28.8  28.17  28.3  1953200  28.3
2010-08-10  29.38  29.51  28.89  29.35  2044600  29.35
2010-08-09  29.77  29.89  29.52  29.77  1044400  29.77
2010-08-06  29.25  29.74  29.06  29.58  1847800  29.58
2010-08-05  29.38  29.65  29.12  29.58  2568600  29.58
2010-08-04  29.51  29.78  29.25  29.71  2454600  29.71
2010-08-03  29.4  29.63  29.12  29.53  2747400  29.53
2010-08-02  29.58  29.68  28.95  29.64  3926600  29.64
2010-07-30  28.61  29.34  28.34  29.1  5773000  29.1
2010-07-29  27.83  28.24  27.25  27.76  2696800  27.76
2010-07-28  27.67  27.9  27.5  27.7  1801400  27.7
2010-07-27  28.16  28.17  27.41  27.69  2585200  27.69
2010-07-26  27.45  27.86  27.16  27.81  3301000  27.81
2010-07-23  26.68  27.46  26.6  27.4  2904200  27.4
2010-07-22  26.28  26.94  26.17  26.73  3006800  26.73
2010-07-21  25.33  26.03  25.33  25.87  5309200  25.87
2010-07-20  24.5  25.1  24.36  25.08  4124400  25.08
2010-07-19  25.21  25.32  24.64  24.85  2602200  24.85
2010-07-16  25.86  25.88  25.14  25.18  1765400  25.18
2010-07-15  26.12  26.17  25.57  26.03  1611600  26.03
2010-07-14  26.33  26.38  25.89  26.17  1964000  26.17
2010-07-13  26.07  26.67  26.03  26.48  2078600  26.48
2010-07-12  26.08  26.2  25.65  25.77  1509200  25.77
2010-07-09  26.1  26.47  26.01  26.17  1613600  26.17
2010-07-08  25.44  26.18  25.26  26.13  3643200  26.13
2010-07-07  24.13  25.22  24.12  25.17  2099000  25.17
2010-07-06  24.71  24.81  23.74  23.99  2203400  23.99
2010-07-02  24.71  24.81  23.93  24.19  2337200  24.19
2010-07-01  25.0  25.0  24.06  24.65  2816200  24.65
2010-06-30  25.41  25.83  24.74  24.79  3518200  24.79
2010-06-29  26.02  26.13  25.41  25.54  4184800  25.54
2010-06-28  26.98  27.07  26.46  26.51  2554400  26.51
2010-06-25  27.03  27.25  26.68  26.94  2896000  26.94
2010-06-24  27.74  27.77  26.93  26.98  2101000  26.98
2010-06-23  28.25  28.26  27.51  27.87  3725200  27.87
2010-06-22  28.97  29.23  28.27  28.3  1404200  28.3
2010-06-21  29.5  29.68  28.77  28.97  2197000  28.97
2010-06-18  28.91  29.38  28.69  29.12  2148600  29.12
2010-06-17  29.06  29.06  28.21  28.55  1808000  28.55
2010-06-16  28.66  29.12  28.43  28.83  1505200  28.83
2010-06-15  28.3  28.81  28.16  28.79  2434800  28.79
2010-06-14  28.56  28.85  27.99  28.06  1702800  28.06
2010-06-11  27.38  28.24  27.36  28.2  2019800  28.2
2010-06-10  27.25  27.79  27.25  27.7  1909600  27.7
2010-06-09  26.98  27.62  26.66  26.8  2392600  26.8
2010-06-08  26.2  26.82  26.13  26.78  3042800  26.78
2010-06-07  26.43  26.81  26.14  26.19  2179600  26.19
2010-06-04  27.18  27.35  26.26  26.36  2074800  26.36
2010-06-03  28.1  28.15  27.39  27.8  1524800  27.8
2010-06-02  27.47  27.96  26.98  27.96  2690600  27.96
2010-06-01  27.51  27.93  26.84  26.88  1986800  26.88
2010-05-28  28.35  28.47  27.69  27.84  1911200  27.84
2010-05-27  27.73  28.46  27.38  28.45  1726000  28.45
2010-05-26  27.63  27.77  26.91  27.04  2348400  27.04
2010-05-25  26.28  27.28  26.08  27.25  2441800  27.25
2010-05-24  27.21  27.68  27.12  27.13  2233600  27.13
2010-05-21  26.47  27.69  25.61  27.46  3321800  27.46
2010-05-20  27.41  27.64  26.63  26.81  3905800  26.81
2010-05-19  28.68  28.69  27.76  28.27  2480000  28.27
2010-05-18  29.4  30.11  28.79  28.82  2267600  28.82
2010-05-17  29.04  29.39  28.29  29.17  1761800  29.17
2010-05-14  29.74  29.74  28.65  28.95  2184000  28.95
2010-05-13  30.62  30.65  29.79  29.9  1668000  29.9
2010-05-12  29.95  30.73  29.93  30.66  1775400  30.66
2010-05-11  29.69  30.3  29.6  29.78  2009000  29.78
2010-05-10  29.53  30.23  29.53  30.17  3272800  30.17
2010-05-07  29.12  29.32  28.28  28.42  4812800  28.42
2010-05-06  29.94  30.22  27.32  28.93  4747600  28.93
2010-05-05  29.81  30.41  29.48  30.08  2924400  30.08
2010-05-04  30.67  30.71  29.92  30.16  2200400  30.16
2010-05-03  31.09  31.5  30.75  31.11  2222800  31.11
2010-04-30  31.63  31.7  30.71  30.85  3231000  30.85
2010-04-29  31.55  31.93  31.47  31.63  2019400  31.63
2010-04-28  31.35  31.61  31.0  31.4  2274200  31.4
2010-04-27  31.76  32.23  30.98  31.08  3184800  31.08
2010-04-26  32.32  32.69  31.67  31.77  3116400  31.77
2010-04-23  33.03  33.17  32.11  32.79  4821000  32.79
2010-04-22  30.37  31.02  30.19  30.95  1725800  30.95
2010-04-21  30.65  30.86  30.49  30.75  981400  30.75
2010-04-20  30.46  30.78  30.27  30.67  1102600  30.67
2010-04-19  30.07  30.26  29.51  30.23  1795400  30.23
2010-04-16  30.68  30.8  29.8  30.11  2155200  30.11
2010-04-15  30.5  30.78  30.43  30.76  1233600  30.76
2010-04-14  30.3  30.66  30.3  30.61  1170000  30.61
2010-04-13  30.44  30.57  30.25  30.36  1031000  30.36
2010-04-12  30.79  30.89  30.38  30.44  1081000  30.44
2010-04-09  30.43  30.85  30.33  30.85  1034200  30.85
2010-04-08  30.23  30.43  30.08  30.35  1039200  30.35
2010-04-07  30.18  30.67  30.13  30.36  1336600  30.36
2010-04-06  30.34  30.46  30.24  30.32  1520400  30.32
2010-04-05  29.97  30.67  29.89  30.53  1996200  30.53
2010-04-01  29.52  29.96  29.48  29.96  1360600  29.96
2010-03-31  29.56  29.82  29.31  29.36  1810400  29.36
2010-03-30  29.54  29.76  29.42  29.67  1309400  29.67
2010-03-29  29.32  29.62  29.32  29.5  1682200  29.5
2010-03-26  29.12  29.75  29.11  29.22  1624200  29.22
2010-03-25  29.43  29.67  29.0  29.02  2379200  29.02
2010-03-24  28.75  29.38  28.63  29.22  2461400  29.22
2010-03-23  28.8  29.06  28.6  28.98  1320000  28.98
2010-03-22  28.03  28.9  27.85  28.85  1505600  28.85
2010-03-19  28.76  28.98  28.16  28.22  1687000  28.22
2010-03-18  29.05  29.24  28.64  28.75  2143600  28.75
2010-03-17  28.75  29.23  28.66  29.1  1807000  29.1
2010-03-16  28.48  28.7  28.33  28.69  1453800  28.69
2010-03-15  28.37  28.68  28.21  28.38  1410600  28.38
2010-03-12  28.44  28.85  28.38  28.55  1660600  28.55
2010-03-11  28.03  28.5  27.81  28.5  1814200  28.5
2010-03-10  28.1  28.32  27.83  28.19  2838800  28.19
2010-03-09  28.15  28.36  27.97  28.12  1749400  28.12
2010-03-08  28.26  28.43  28.14  28.27  1415800  28.27
2010-03-05  28.18  28.32  28.05  28.27  1407200  28.27
2010-03-04  27.87  28.15  27.79  28.04  1281000  28.04
2010-03-03  27.83  28.42  27.62  27.95  2360200  27.95
2010-03-02  27.67  27.86  27.49  27.71  2700600  27.71
2010-03-01  27.44  27.51  27.08  27.49  3508200  27.49
2010-02-26  27.16  27.32  26.88  27.26  1540400  27.26
2010-02-25  26.78  27.25  26.56  27.19  1705200  27.19
2010-02-24  27.16  27.38  26.91  27.27  1538800  27.27
2010-02-23  27.49  27.55  26.8  27.01  1441400  27.01
2010-02-22  27.64  27.77  27.35  27.59  1694400  27.59
2010-02-19  27.33  27.64  27.21  27.48  1243400  27.48
2010-02-18  26.97  27.45  26.97  27.4  976000  27.4
2010-02-17  27.37  27.46  26.94  27.15  1233200  27.15
2010-02-16  26.84  27.19  26.71  27.16  1596200  27.16
2010-02-12  26.03  26.65  25.77  26.55  1527600  26.55
2010-02-11  26.25  26.61  25.99  26.48  1721400  26.48
2010-02-10  26.49  26.62  25.9  26.25  1581400  26.25
2010-02-09  26.29  26.68  25.95  26.49  1675000  26.49
2010-02-08  26.35  26.59  25.85  25.91  1930000  25.91
2010-02-05  26.39  26.59  25.58  26.39  3121800  26.39
2010-02-04  26.8  26.8  26.09  26.31  2007400  26.31
2010-02-03  27.07  27.44  26.84  27.14  1598400  27.14
2010-02-02  27.42  27.63  27.0  27.29  3370400  27.29
2010-02-01  26.59  27.46  26.59  27.45  2468000  27.45
2010-01-29  27.02  27.42  25.83  25.88  3985400  25.88
2010-01-28  26.55  26.72  25.77  26.08  1694800  26.08
2010-01-27  26.41  26.65  25.95  26.58  1321400  26.58
2010-01-26  26.46  26.91  26.32  26.41  1085800  26.41
2010-01-25  26.71  26.87  26.58  26.6  837200  26.6
2010-01-22  26.82  27.08  26.25  26.28  1504000  26.28
2010-01-21  27.98  28.1  26.89  26.89  1619800  26.89
2010-01-20  27.93  27.93  27.4  27.89  1132600  27.89
2010-01-19  27.67  28.29  27.5  28.29  948800  28.29
2010-01-15  27.76  27.88  27.4  27.66  1300200  27.66
2010-01-14  28.09  28.31  27.7  27.79  1237200  27.79
2010-01-13  27.62  28.33  27.46  28.19  1486000  28.19
2010-01-12  27.49  27.64  27.2  27.58  2073600  27.58
2010-01-11  28.07  28.14  27.72  27.87  855600  27.87
2010-01-08  27.67  27.9  27.54  27.86  853400  27.86
2010-01-07  27.62  28.02  27.53  27.79  1076200  27.79
2010-01-06  27.88  28.37  27.45  27.72  3099000  27.72
2010-01-05  28.32  28.43  27.64  27.91  2269800  27.91
2010-01-04  28.16  28.35  27.86  28.27  1446400  28.27
