Date  Open  High  Low  Close  Volume  Adj Close
2014-02-28  58.37  58.71  58.14  58.47  2544900  58.47
2014-02-27  58.55  58.81  58.0  58.36  1184200  58.36
2014-02-26  59.06  59.06  58.43  58.57  1551100  58.57
2014-02-25  58.69  59.09  58.42  58.79  1594800  58.79
2014-02-24  58.81  59.15  58.55  58.55  2066800  58.55
2014-02-21  58.69  59.01  58.34  58.71  1424300  58.71
2014-02-20  58.52  58.83  58.0  58.73  2025000  58.73
2014-02-19  58.85  59.34  58.36  58.49  2621600  58.49
2014-02-18  58.5  59.02  58.47  59.0  2255500  59.0
2014-02-14  58.32  58.74  58.2  58.58  1835700  58.58
2014-02-13  57.96  58.86  57.86  58.3  3557200  58.3
2014-02-12  58.04  58.21  57.82  58.21  2510700  58.21
2014-02-11  57.46  58.29  57.38  58.03  1986000  58.03
2014-02-10  56.9  57.68  56.77  57.6  2247100  57.6
2014-02-07  56.8  57.14  56.56  56.87  2175700  56.87
2014-02-06  55.67  56.52  55.65  56.48  3199000  56.48
2014-02-05  54.99  55.95  54.56  55.78  3253900  55.78
2014-02-04  55.02  55.5  54.75  55.38  3303500  55.38
2014-02-03  55.23  55.25  54.61  54.8  3092100  54.8
2014-01-31  54.68  55.61  54.52  55.38  3483600  55.38
2014-01-30  54.2  55.25  54.0  55.14  2690400  55.14
2014-01-29  53.61  54.15  53.46  53.95  3138300  53.95
2014-01-28  53.32  53.95  53.3  53.86  2243300  53.86
2014-01-27  53.57  54.07  53.2  53.36  4027300  53.36
2014-01-24  54.74  54.74  53.49  53.7  2667000  53.7
2014-01-23  53.71  53.83  53.48  53.77  2306300  53.77
2014-01-22  54.44  54.86  53.95  53.98  2342800  53.98
2014-01-21  54.13  54.56  53.94  54.42  2155800  54.42
2014-01-17  53.94  54.07  53.62  53.84  1794100  53.84
2014-01-16  53.88  54.09  53.69  53.89  1680100  53.89
2014-01-15  53.76  53.94  53.6  53.78  1926000  53.78
2014-01-14  53.33  53.81  53.25  53.49  1816200  53.49
2014-01-13  53.32  53.63  53.11  53.22  1917400  53.22
2014-01-10  53.71  53.89  53.31  53.57  2115300  53.57
2014-01-09  53.61  53.69  53.02  53.44  2154100  53.44
2014-01-08  52.8  53.41  52.71  53.41  2038800  53.41
2014-01-07  52.96  53.17  52.77  52.93  1180200  52.93
2014-01-06  52.54  53.19  52.43  52.84  1562000  52.84
2014-01-03  52.07  52.61  51.91  52.43  1300200  52.43
2014-01-02  51.74  52.31  51.55  51.99  1520600  51.99
2013-12-31  52.02  52.31  51.72  51.87  1676400  51.87
2013-12-30  51.82  52.24  51.76  52.06  1265600  52.06
2013-12-27  51.78  51.97  51.47  51.84  1290300  51.84
2013-12-26  51.79  52.02  51.57  51.76  1750700  51.76
2013-12-24  51.25  51.66  51.2  51.51  869200  51.51
2013-12-23  51.4  51.65  50.98  51.2  1706100  51.2
2013-12-20  51.14  51.47  50.99  51.31  2570600  51.31
2013-12-19  51.81  51.98  50.97  51.39  1641600  51.39
2013-12-18  51.05  51.85  50.25  51.84  2711500  51.84
2013-12-17  51.1  51.24  50.69  50.97  1949100  50.97
2013-12-16  51.63  51.73  51.24  51.26  1785000  51.26
2013-12-13  51.85  52.06  51.23  51.56  2020800  51.56
2013-12-12  52.32  52.83  51.78  51.79  2765200  51.79
2013-12-11  53.21  53.3  52.38  52.47  3287200  52.47
2013-12-10  52.8  53.37  52.6  53.32  3630700  53.32
2013-12-09  52.33  52.84  52.33  52.81  1856200  52.81
2013-12-06  52.29  52.65  51.91  52.49  1860800  52.49
2013-12-05  52.27  52.42  51.59  51.96  1904900  51.96
2013-12-04  50.93  53.16  50.8  52.27  6087300  52.27
2013-12-03  50.8  51.55  50.71  51.36  2433500  51.36
2013-12-02  50.65  51.19  50.58  51.01  3862500  51.01
2013-11-29  51.51  51.51  50.58  50.89  1665800  50.89
2013-11-27  50.34  51.45  50.27  51.36  3602800  51.36
2013-11-26  49.99  50.3  49.45  50.25  2490300  50.25
2013-11-25  50.56  50.56  49.67  49.97  1440600  49.97
2013-11-22  50.35  50.37  50.0  50.19  2070100  50.19
2013-11-21  50.02  50.35  49.83  50.19  1097000  50.19
2013-11-20  50.4  50.91  49.8  50.01  1005700  50.01
2013-11-19  50.45  50.57  50.11  50.41  1316000  50.41
2013-11-18  50.95  51.08  50.17  50.58  1691300  50.58
2013-11-15  51.32  51.52  50.53  50.74  1609600  50.74
2013-11-14  51.33  51.79  51.09  51.42  1442100  51.42
2013-11-13  50.54  50.91  50.29  50.9  1895700  50.9
2013-11-12  50.8  50.97  50.25  50.65  1265200  50.65
2013-11-11  51.04  51.36  50.9  51.0  1252800  51.0
2013-11-08  51.54  51.71  50.34  51.05  1694400  51.05
2013-11-07  52.06  52.15  51.66  51.79  1687500  51.79
2013-11-06  51.97  52.35  51.92  52.0  1190100  52.0
2013-11-05  52.56  52.72  51.81  51.9  1300700  51.9
2013-11-04  52.26  52.72  52.15  52.7  1733800  52.7
2013-11-01  51.8  52.3  51.68  52.24  2133700  52.24
2013-10-31  52.92  53.19  51.11  51.7  2930200  51.7
2013-10-30  53.17  53.43  52.27  52.48  2162000  52.48
2013-10-29  53.68  53.76  52.79  53.17  1538400  53.17
2013-10-28  54.31  54.38  53.08  53.69  1684000  53.69
2013-10-25  53.13  54.37  52.94  54.22  2405700  54.22
2013-10-24  54.72  54.72  52.94  53.15  3471400  53.15
2013-10-23  54.71  54.97  54.26  54.85  1517900  54.85
2013-10-22  54.53  55.22  54.39  54.77  2067800  54.77
2013-10-21  54.43  54.59  54.02  54.36  1442300  54.36
2013-10-18  55.32  55.36  54.35  54.52  1483900  54.52
2013-10-17  54.25  55.01  53.82  54.9  1473600  54.9
2013-10-16  53.24  54.13  53.06  54.08  1554500  54.08
2013-10-15  52.67  53.32  52.55  52.95  1256700  52.95
2013-10-14  52.72  53.11  52.56  52.96  1259000  52.96
2013-10-11  52.87  53.07  52.35  53.05  1265500  53.05
2013-10-10  51.89  52.89  51.69  52.87  1802400  52.87
2013-10-09  51.54  52.12  51.49  51.57  1095700  51.57
2013-10-08  52.25  52.31  51.48  51.53  1333200  51.53
2013-10-07  51.57  52.52  51.54  52.34  1346200  52.34
2013-10-04  52.14  52.45  51.53  51.97  1448800  51.97
2013-10-03  53.3  53.5  51.97  52.2  2069200  52.2
2013-10-02  53.42  53.91  52.76  53.4  1810200  53.4
2013-10-01  52.94  53.94  52.73  53.63  2152600  53.63
2013-09-30  53.55  54.27  52.68  52.9  1728400  52.9
2013-09-27  53.61  54.15  53.37  53.87  1003100  53.87
2013-09-26  53.84  54.2  53.63  53.98  1218000  53.98
2013-09-25  53.64  54.28  53.33  53.88  1290700  53.88
2013-09-24  54.56  54.71  53.54  53.61  1786200  53.61
2013-09-23  55.07  55.69  54.42  54.49  1155600  54.49
2013-09-20  55.8  55.92  55.06  55.4  5784600  55.4
2013-09-19  55.74  56.23  55.29  55.6  2451900  55.6
2013-09-18  53.61  55.86  53.26  55.39  3149900  55.39
2013-09-17  53.71  54.29  53.47  53.48  1619000  53.48
2013-09-16  54.13  54.56  53.41  53.74  1735600  53.74
2013-09-13  53.43  53.78  53.23  53.52  1381400  53.52
2013-09-12  53.82  54.15  53.48  53.65  1384500  53.65
2013-09-11  53.32  53.84  53.11  53.84  1709200  53.84
2013-09-10  53.16  53.42  52.92  53.34  1410800  53.34
2013-09-09  52.0  53.14  51.94  53.13  2168100  53.13
2013-09-06  51.13  52.21  51.13  52.0  2166900  52.0
2013-09-05  50.96  50.99  50.3  50.73  1233900  50.73
2013-09-04  50.4  51.28  50.0  50.98  1579100  50.98
2013-09-03  51.24  51.33  49.78  50.26  1634900  50.26
2013-08-30  51.23  51.53  50.77  50.88  1818400  50.88
2013-08-29  50.92  51.14  50.39  51.08  1070800  51.08
2013-08-28  51.78  51.78  50.84  51.08  1488000  51.08
2013-08-27  51.42  52.07  51.15  51.89  1640300  51.89
2013-08-26  51.55  52.29  51.5  51.88  1824400  51.88
2013-08-23  50.8  51.54  50.37  51.48  1869200  51.48
2013-08-22  50.38  50.98  49.83  50.84  1597100  50.84
2013-08-21  50.03  50.97  49.26  50.28  2208600  50.28
2013-08-20  49.64  50.61  49.6  50.32  1947200  50.32
2013-08-19  49.45  49.92  49.29  49.46  1936100  49.46
2013-08-16  50.7  50.82  49.58  49.68  3952000  49.68
2013-08-15  51.12  51.19  50.21  50.78  1811800  50.78
2013-08-14  51.53  51.86  51.31  51.54  1073900  51.54
2013-08-13  52.42  52.48  51.45  51.63  1462000  51.63
2013-08-12  52.95  53.05  51.98  52.43  1431300  52.43
2013-08-09  52.95  53.51  52.64  53.15  1628200  53.15
2013-08-08  53.44  53.44  52.86  53.2  1776200  53.2
2013-08-07  53.5  53.73  53.12  53.19  1646400  53.19
2013-08-06  53.68  54.11  53.41  53.67  1688500  53.67
2013-08-05  54.07  54.07  53.49  53.82  1660800  53.82
2013-08-02  54.34  54.91  53.81  53.88  1993300  53.88
2013-08-01  55.16  55.43  54.38  54.57  2309900  54.57
2013-07-31  56.17  56.48  54.01  54.91  3363400  54.91
2013-07-30  56.98  57.44  56.38  56.53  1487200  56.53
2013-07-29  56.96  57.14  56.51  56.65  1427800  56.65
2013-07-26  56.51  56.98  56.17  56.96  733300  56.96
2013-07-25  56.22  56.93  56.03  56.6  1583000  56.6
2013-07-24  57.62  57.7  56.01  56.32  1886100  56.32
2013-07-23  57.84  58.03  57.35  57.6  904400  57.6
2013-07-22  57.58  57.91  57.34  57.7  807900  57.7
2013-07-19  57.92  58.06  57.34  57.59  1471100  57.59
2013-07-18  57.52  58.24  57.43  57.94  1014100  57.94
2013-07-17  57.6  57.83  57.22  57.6  1131500  57.6
2013-07-16  57.46  58.12  57.31  57.59  1917200  57.59
2013-07-15  57.04  57.65  56.85  57.47  847500  57.47
2013-07-12  57.95  58.12  57.27  57.49  1287700  57.49
2013-07-11  57.41  58.13  57.32  57.93  1946200  57.93
2013-07-10  56.72  56.84  56.08  56.78  1890400  56.78
2013-07-09  56.44  57.3  56.2  56.84  1550400  56.84
2013-07-08  56.4  56.85  56.09  56.23  1447700  56.23
2013-07-05  56.4  56.64  55.03  56.24  1536800  56.24
2013-07-03  56.44  56.74  55.65  56.32  1273400  56.32
2013-07-02  56.31  57.04  56.29  56.71  2738000  56.71
2013-07-01  57.2  57.56  56.27  56.36  2431300  56.36
2013-06-28  57.15  57.59  56.82  56.93  3592400  56.93
2013-06-27  56.52  57.65  56.38  57.28  3055200  57.28
2013-06-26  55.51  56.26  55.47  56.13  2661400  56.13
2013-06-25  54.73  55.52  54.31  55.3  2971900  55.3
2013-06-24  52.96  55.51  52.42  54.5  3679900  54.5
2013-06-21  52.38  54.26  52.32  53.66  3829400  53.66
2013-06-20  53.28  53.28  51.68  51.88  2242900  51.88
2013-06-19  55.05  55.3  53.26  53.53  1871700  53.53
2013-06-18  54.95  55.52  54.6  55.1  1612200  55.1
2013-06-17  55.19  55.4  54.48  54.91  1804300  54.91
2013-06-14  55.0  55.53  54.48  54.84  1400600  54.84
2013-06-13  53.18  55.07  53.15  54.94  1692900  54.94
2013-06-12  53.94  53.94  53.14  53.29  2008900  53.29
2013-06-11  54.15  54.33  53.55  53.65  1830100  53.65
2013-06-10  55.18  55.38  54.41  54.55  2159600  54.55
2013-06-07  55.36  55.44  54.24  55.18  2320400  55.18
2013-06-06  55.09  55.52  54.51  55.16  1871100  55.16
2013-06-05  55.63  55.96  55.13  55.22  2159800  55.22
2013-06-04  55.81  56.05  55.25  55.62  3006900  55.62
2013-06-03  55.07  56.03  54.6  55.71  3625200  55.71
2013-05-31  55.69  56.38  54.91  55.04  4255000  55.04
2013-05-30  56.97  57.02  55.73  55.89  2825400  55.89
2013-05-29  57.46  57.53  55.94  56.98  4289300  56.98
2013-05-28  59.19  59.28  57.58  57.83  3572300  57.83
2013-05-24  58.37  58.77  57.8  58.69  2630000  58.69
2013-05-23  56.86  58.72  56.51  58.58  10784300  58.58
2013-05-22  59.08  59.32  57.17  57.55  2960800  57.55
2013-05-21  58.6  59.34  58.5  59.13  2838400  59.13
2013-05-20  57.99  58.66  57.83  58.58  2198300  58.58
2013-05-17  58.0  58.23  57.57  58.0  2497600  58.0
2013-05-16  57.41  58.4  57.38  58.02  1739600  58.02
2013-05-15  57.69  57.85  57.42  57.58  3136600  57.58
2013-05-14  57.05  57.94  57.05  57.64  4237400  57.64
2013-05-13  56.04  57.2  55.87  57.16  2736700  57.16
2013-05-10  55.84  56.17  55.49  56.17  1241100  56.17
2013-05-09  56.09  56.1  55.51  55.71  1926100  55.71
2013-05-08  55.58  56.24  55.54  56.0  1574400  56.0
2013-05-07  54.93  55.82  54.65  55.69  1631000  55.69
2013-05-06  54.44  54.88  54.42  54.79  1630400  54.79
2013-05-03  55.29  55.35  54.41  54.53  2222000  54.53
2013-05-02  55.54  55.86  54.93  55.12  1557200  55.12
2013-05-01  56.14  56.95  55.05  55.38  2343400  55.38
2013-04-30  55.64  56.51  55.47  56.51  2161900  56.51
2013-04-29  55.31  55.76  54.87  55.68  1172500  55.68
2013-04-26  55.75  55.84  54.92  55.1  2142100  55.1
2013-04-25  56.1  56.23  55.55  55.68  1802700  55.68
2013-04-24  56.26  56.64  55.96  56.15  1411200  56.15
2013-04-23  56.32  56.51  55.78  56.19  1481400  56.19
2013-04-22  56.48  56.61  55.98  56.06  1191100  56.06
2013-04-19  56.53  56.71  55.9  56.42  1665400  56.42
2013-04-18  56.09  56.77  55.93  56.3  1804300  56.3
2013-04-17  56.48  56.59  55.73  56.13  1762000  56.13
2013-04-16  56.56  57.1  56.23  56.97  1597500  56.97
2013-04-15  57.12  57.52  56.33  56.36  1579700  56.36
2013-04-12  57.55  57.56  57.01  57.51  1500400  57.51
2013-04-11  56.88  57.84  56.75  57.45  2348200  57.45
2013-04-10  56.74  56.93  56.49  56.79  1203300  56.79
2013-04-09  56.53  57.02  56.12  56.76  1456100  56.76
2013-04-08  56.26  56.73  56.06  56.46  1807800  56.46
2013-04-05  55.65  56.64  55.49  56.34  2109900  56.34
2013-04-04  54.65  56.07  54.56  55.99  1870300  55.99
2013-04-03  54.33  54.54  54.06  54.44  1180500  54.44
2013-04-02  54.33  54.61  53.99  54.05  2049700  54.05
2013-04-01  53.51  54.07  53.24  54.07  1319000  54.07
2013-03-28  53.62  53.84  53.28  53.59  2042300  53.59
2013-03-27  53.88  53.88  53.5  53.59  1281900  53.59
2013-03-26  53.61  54.1  53.6  53.91  2124600  53.91
2013-03-25  53.35  53.68  53.03  53.49  1961000  53.49
2013-03-22  52.96  53.31  52.76  53.2  1768200  53.2
2013-03-21  53.15  53.72  52.92  52.94  1453100  52.94
2013-03-20  53.18  53.58  53.03  53.45  1400600  53.45
2013-03-19  53.74  53.83  52.76  53.19  1733000  53.19
2013-03-18  53.91  54.44  53.43  53.71  2076000  53.71
2013-03-15  54.21  54.47  54.04  54.2  2493800  54.2
2013-03-14  53.73  54.63  53.48  54.49  2479600  54.49
2013-03-13  53.25  53.72  52.92  53.59  2428500  53.59
2013-03-12  52.94  53.26  52.62  53.14  2489400  53.14
2013-03-11  53.07  53.11  52.67  52.97  1464600  52.97
2013-03-08  53.44  53.44  52.67  53.08  2239300  53.08
2013-03-07  54.35  54.63  53.24  53.38  2669400  53.38
2013-03-06  54.46  54.58  53.92  54.46  1452300  54.46
2013-03-05  53.81  54.43  53.64  54.25  1641300  54.25
2013-03-04  53.31  53.95  53.28  53.77  1665000  53.77
2013-03-01  53.17  53.65  52.94  53.47  2273400  53.47
2013-02-28  54.11  54.28  53.16  53.18  4089700  53.18
2013-02-27  53.98  54.36  53.89  54.1  1255600  54.1
2013-02-26  54.32  54.65  53.75  54.11  1550100  54.11
2013-02-25  55.45  55.47  54.08  54.11  2088200  54.11
2013-02-22  55.34  55.54  55.17  55.28  1456700  55.28
2013-02-21  55.36  55.53  54.82  55.18  1680700  55.18
2013-02-20  55.64  56.14  55.44  55.5  1627100  55.5
2013-02-19  55.66  56.05  55.36  55.64  1534600  55.64
2013-02-15  55.66  55.73  55.29  55.57  3554800  55.57
2013-02-14  55.48  55.97  55.48  55.62  1985200  55.62
2013-02-13  55.51  55.8  55.29  55.71  2078500  55.71
2013-02-12  54.62  55.58  54.45  55.55  2872500  55.55
2013-02-11  53.57  54.77  53.55  54.56  3843700  54.56
2013-02-08  53.2  54.09  53.2  53.57  3280200  53.57
2013-02-07  53.3  53.37  52.47  52.97  2570200  52.97
2013-02-06  52.35  54.07  52.35  53.37  3649400  53.37
2013-02-05  52.62  52.8  51.83  52.33  3834900  52.33
2013-02-04  52.94  53.19  52.36  52.62  2516500  52.62
2013-02-01  53.82  54.12  52.52  52.88  4389700  52.88
2013-01-31  55.09  55.13  53.47  53.52  3774600  53.52
2013-01-30  55.81  55.98  55.11  55.14  1833900  55.14
2013-01-29  56.09  56.48  55.73  55.8  2161400  55.8
2013-01-28  56.53  56.53  55.97  56.19  1554900  56.19
2013-01-25  56.18  56.51  55.93  56.13  1285200  56.13
2013-01-24  56.51  56.62  55.78  56.01  1730100  56.01
2013-01-23  56.39  56.67  56.26  56.42  1028400  56.42
2013-01-22  56.38  56.54  56.32  56.54  1457300  56.54
2013-01-18  56.49  56.73  56.25  56.44  2114900  56.44
2013-01-17  56.74  56.83  56.46  56.5  1122900  56.5
2013-01-16  56.65  56.79  56.28  56.6  1133100  56.6
2013-01-15  56.35  56.82  56.16  56.76  1122200  56.76
2013-01-14  56.19  56.63  56.12  56.45  849400  56.45
2013-01-11  56.48  56.48  55.76  56.19  945200  56.19
2013-01-10  56.25  56.4  55.95  56.4  1040300  56.4
2013-01-09  56.06  56.23  55.78  56.04  1179000  56.04
2013-01-08  55.96  56.24  55.69  55.92  1303700  55.92
2013-01-07  55.34  55.81  54.96  55.72  1170200  55.72
2013-01-04  55.35  56.21  55.04  55.3  1585300  55.3
2013-01-03  55.16  55.54  54.87  55.32  1358600  55.32
2013-01-02  55.6  55.69  54.76  55.09  1322300  55.09
2012-12-31  53.98  54.76  53.87  54.76  1297200  54.76
2012-12-28  54.29  54.79  53.99  54.01  984500  54.01
2012-12-27  54.22  54.63  53.97  54.53  1217500  54.53
2012-12-26  54.87  54.89  53.96  54.16  1868300  54.16
2012-12-24  54.68  54.98  54.36  54.77  725700  54.77
2012-12-21  53.76  55.05  53.76  54.7  4466600  54.7
2012-12-20  53.49  54.59  53.32  54.59  1978800  54.59
2012-12-19  53.67  53.86  53.49  53.52  1806300  53.52
2012-12-18  53.15  53.6  53.08  53.59  1923500  53.59
2012-12-17  53.1  53.29  52.58  53.12  1811200  53.12
2012-12-14  52.58  52.98  52.55  52.89  1410600  52.89
2012-12-13  52.66  53.08  52.32  52.54  1580100  52.54
2012-12-12  52.53  53.02  52.22  52.77  2015100  52.77
2012-12-11  52.66  52.74  52.2  52.42  1764700  52.42
2012-12-10  52.34  52.88  52.33  52.51  1708800  52.51
2012-12-07  52.87  53.11  52.33  52.52  2157000  52.52
2012-12-06  52.1  52.95  51.87  52.95  3445200  52.95
2012-12-05  52.72  52.72  51.79  51.88  2750600  51.88
2012-12-04  52.74  52.9  52.39  52.4  2519400  52.4
2012-12-03  53.14  53.25  52.47  52.62  2507200  52.62
2012-11-30  53.32  53.36  52.49  52.91  4000900  52.91
2012-11-29  53.17  53.46  52.53  53.13  18146200  53.13
2012-11-28  52.19  52.71  51.66  52.59  3209500  52.59
2012-11-27  50.99  54.02  50.75  52.66  5447800  52.66
2012-11-26  51.57  52.41  51.32  51.88  1496100  51.88
2012-11-23  51.89  51.97  51.48  51.91  449800  51.91
2012-11-21  51.8  52.15  51.4  51.52  1064100  51.52
2012-11-20  52.12  52.12  51.53  52.04  1707300  52.04
2012-11-19  52.21  52.64  51.96  52.13  1253900  52.13
2012-11-16  51.89  52.13  51.18  51.76  2094200  51.76
2012-11-15  51.8  52.13  51.45  51.73  1913200  51.73
2012-11-14  53.5  53.5  51.76  51.95  1872100  51.95
2012-11-13  53.38  53.7  53.25  53.33  1143600  53.33
2012-11-12  54.15  54.17  53.42  53.66  1312300  53.66
2012-11-09  54.27  54.64  53.96  54.0  1672800  54.0
2012-11-08  55.11  55.42  54.45  54.45  1151800  54.45
2012-11-07  55.72  55.85  55.22  55.28  1821500  55.28
2012-11-06  55.81  56.09  55.23  55.84  1811700  55.84
2012-11-05  56.06  56.09  55.41  55.81  1676600  55.81
2012-11-02  55.74  56.82  55.49  56.33  2600000  56.33
2012-11-01  54.55  55.42  54.39  55.42  2537000  55.42
2012-10-31  54.14  54.83  53.53  54.72  1837100  54.72
2012-10-26  53.77  53.84  52.96  53.43  1299500  53.43
2012-10-25  54.26  54.37  53.19  53.77  1492200  53.77
2012-10-24  53.83  53.99  53.18  53.49  1243400  53.49
2012-10-23  53.23  53.87  53.03  53.65  1189800  53.65
2012-10-22  53.65  54.13  53.32  53.67  1543300  53.67
2012-10-19  54.8  55.39  54.28  54.45  1717900  54.45
2012-10-18  53.73  54.82  53.66  54.78  957400  54.78
2012-10-17  54.4  54.4  53.49  53.74  1987700  53.74
2012-10-16  53.73  53.99  53.58  53.73  1239200  53.73
2012-10-15  53.49  53.66  53.14  53.57  1358300  53.57
2012-10-12  53.62  54.26  53.26  53.39  1559500  53.39
2012-10-11  53.96  54.13  53.48  53.55  1999200  53.55
2012-10-10  53.31  53.75  53.05  53.7  1463600  53.7
2012-10-09  53.8  54.0  53.21  53.22  1699300  53.22
2012-10-08  54.17  54.22  53.58  53.75  1169000  53.75
2012-10-05  54.07  54.58  53.86  54.21  1584600  54.21
2012-10-04  54.68  54.8  53.73  53.83  2029000  53.83
2012-10-03  54.81  55.25  54.31  54.45  1173300  54.45
2012-10-02  54.73  54.85  54.03  54.83  1604000  54.83
2012-10-01  54.93  55.09  53.85  54.53  1593000  54.53
2012-09-28  54.75  55.08  54.58  54.83  1648600  54.83
2012-09-27  54.78  55.86  54.58  55.03  2558900  55.03
2012-09-26  54.2  55.12  54.2  54.69  1661800  54.69
2012-09-25  55.1  55.22  54.29  54.32  1763300  54.32
2012-09-24  54.27  55.39  54.1  55.03  1793700  55.03
2012-09-21  54.99  54.99  54.57  54.74  2945800  54.74
2012-09-20  56.1  56.12  54.76  54.85  2490100  54.85
2012-09-19  56.5  56.98  56.11  56.34  1478200  56.34
2012-09-18  56.89  57.38  56.33  56.64  1349900  56.64
2012-09-17  56.98  57.43  56.98  57.09  1093400  57.09
2012-09-14  57.33  57.83  56.91  57.08  2231500  57.08
2012-09-13  56.19  57.2  56.0  57.03  2149400  57.03
2012-09-12  56.39  56.42  55.91  56.15  1765000  56.15
2012-09-11  56.56  56.86  55.99  56.26  1792800  56.26
2012-09-10  57.45  57.45  56.35  56.35  2216000  56.35
2012-09-07  57.95  58.25  57.39  57.39  1850700  57.39
2012-09-06  57.51  57.71  57.24  57.54  1465900  57.54
2012-09-05  57.54  57.6  56.81  57.17  1119900  57.17
2012-09-04  57.33  57.51  56.9  57.43  1217100  57.43
2012-08-31  57.64  57.64  56.9  57.24  2111400  57.24
2012-08-30  57.48  57.72  57.3  57.45  1054400  57.45
2012-08-29  57.85  58.03  57.7  57.73  761100  57.73
2012-08-28  57.71  58.16  57.42  57.92  1106500  57.92
2012-08-27  57.71  58.12  57.39  57.84  1797400  57.84
2012-08-24  57.78  57.85  56.9  57.64  1825000  57.64
2012-08-23  57.59  58.39  57.36  58.07  2026100  58.07
2012-08-22  56.98  57.79  56.43  57.74  1977100  57.74
2012-08-21  57.02  57.26  56.71  57.17  1139400  57.17
2012-08-20  56.88  57.17  56.55  56.97  1422100  56.97
2012-08-17  56.91  57.08  56.7  57.02  1844700  57.02
2012-08-16  56.36  56.62  55.92  56.62  2120000  56.62
2012-08-15  56.13  56.57  56.06  56.44  1193000  56.44
2012-08-14  56.72  56.9  56.08  56.22  1530700  56.22
2012-08-13  56.98  57.25  56.56  56.63  1665500  56.63
2012-08-10  57.07  57.19  56.78  57.05  2034200  57.05
2012-08-09  57.52  57.82  57.03  57.1  1685100  57.1
2012-08-08  57.83  58.03  57.38  57.65  1394900  57.65
2012-08-07  59.21  59.26  58.17  58.2  1157000  58.2
2012-08-06  59.67  59.72  59.03  59.09  806600  59.09
2012-08-03  59.96  60.11  59.31  59.43  995600  59.43
2012-08-02  58.87  59.57  58.69  59.51  1423100  59.51
2012-08-01  60.05  60.49  59.23  59.23  1484200  59.23
2012-07-31  59.98  60.24  59.91  60.0  1954300  60.0
2012-07-30  59.73  60.2  59.58  60.02  1569700  60.02
2012-07-27  59.96  60.09  59.33  59.69  1858300  59.69
2012-07-26  60.89  61.07  58.87  59.63  2475500  59.63
2012-07-25  60.44  60.63  59.66  60.17  1207600  60.17
2012-07-24  60.57  60.75  59.56  60.14  1434500  60.14
2012-07-23  60.17  60.82  59.95  60.61  1504900  60.61
2012-07-20  60.67  61.27  60.45  60.74  2115300  60.74
2012-07-19  61.57  62.0  60.48  61.16  1944200  61.16
2012-07-18  61.75  62.01  61.26  61.55  1660500  61.55
2012-07-17  61.68  62.29  61.14  62.05  1722600  62.05
2012-07-16  61.4  61.58  61.0  61.43  1048500  61.43
2012-07-13  60.42  61.48  60.38  61.37  1534500  61.37
2012-07-12  59.41  60.64  59.17  60.31  1647600  60.31
2012-07-11  59.23  59.87  59.02  59.73  1881400  59.73
2012-07-10  60.13  61.01  58.97  59.28  1372100  59.28
2012-07-09  59.87  60.13  59.61  60.13  1162900  60.13
2012-07-06  59.09  60.04  58.97  59.9  1053000  59.9
2012-07-05  59.94  60.18  59.45  59.68  970200  59.68
2012-07-03  59.41  60.19  59.33  60.14  1080400  60.14
2012-07-02  59.56  59.67  58.74  59.65  1870100  59.65
2012-06-29  58.33  59.14  57.99  59.1  2398000  59.1
2012-06-28  56.11  57.39  55.87  57.36  1572200  57.36
2012-06-27  56.57  56.57  56.01  56.39  1689100  56.39
2012-06-26  56.32  56.67  56.06  56.41  2414400  56.41
2012-06-25  55.81  56.47  55.6  56.39  2150300  56.39
2012-06-22  56.69  56.77  55.87  56.24  4891400  56.24
2012-06-21  58.11  58.18  56.26  56.36  2432900  56.36
2012-06-20  58.44  58.54  57.3  57.7  2108100  57.7
2012-06-19  58.58  58.72  57.98  58.27  1883200  58.27
2012-06-18  58.12  58.92  57.96  58.37  1591200  58.37
2012-06-15  58.63  58.69  57.91  58.37  1921200  58.37
2012-06-14  57.31  58.53  57.22  58.36  1593000  58.36
2012-06-13  56.9  57.81  56.9  57.27  1951500  57.27
2012-06-12  57.42  57.53  56.68  57.47  1763100  57.47
2012-06-11  58.76  58.79  57.12  57.21  1944600  57.21
2012-06-08  57.31  58.35  57.31  58.34  1333800  58.34
2012-06-07  58.5  58.91  57.41  57.58  1823200  57.58
2012-06-06  57.54  58.26  56.97  58.18  2393200  58.18
2012-06-05  55.37  57.29  55.3  56.95  2127900  56.95
2012-06-04  56.35  56.36  55.31  55.66  2185200  55.66
2012-06-01  56.47  56.99  56.11  56.17  2867500  56.17
2012-05-31  57.22  58.0  56.72  57.59  4318000  57.59
2012-05-30  58.19  58.33  57.07  57.09  2980100  57.09
2012-05-29  58.4  59.11  58.4  58.94  1994100  58.94
2012-05-25  58.8  59.0  58.05  58.1  2872300  58.1
2012-05-24  58.45  58.99  57.86  58.51  983300  58.51
2012-05-23  58.14  58.49  57.59  58.41  1600000  58.41
2012-05-22  58.32  58.76  58.1  58.4  1482000  58.4
2012-05-21  56.98  58.27  56.95  58.18  1931700  58.18
2012-05-18  57.22  57.74  56.68  56.88  2330800  56.88
2012-05-17  58.07  58.23  56.96  56.96  2479300  56.96
2012-05-16  58.86  59.02  57.93  58.18  1672600  58.18
2012-05-15  59.13  59.33  58.53  58.76  1700100  58.76
2012-05-14  59.14  59.77  58.97  59.12  2159800  59.12
2012-05-11  59.13  59.86  58.99  59.72  1615300  59.72
2012-05-10  59.9  60.01  59.15  59.46  1510300  59.46
2012-05-09  59.18  59.99  59.18  59.5  1871500  59.5
2012-05-08  59.51  59.83  59.35  59.77  1915900  59.77
2012-05-07  58.96  60.17  58.74  60.01  1912600  60.01
2012-05-04  58.78  59.21  58.57  59.09  2486000  59.09
2012-05-03  59.0  59.28  58.84  58.9  1923700  58.9
2012-05-02  58.64  59.12  58.32  58.98  1125900  58.98
2012-05-01  57.97  59.27  57.83  58.98  1501800  58.98
2012-04-30  57.95  58.06  57.42  57.91  1848600  57.91
2012-04-27  57.85  58.21  57.62  58.03  2064800  58.03
2012-04-26  58.74  58.76  57.2  58.11  2940500  58.11
2012-04-25  59.15  59.17  58.7  59.09  1924300  59.09
2012-04-24  58.04  58.91  57.96  58.86  1900300  58.86
2012-04-23  58.19  58.47  57.8  57.86  2428000  57.86
2012-04-20  58.19  58.76  58.12  58.54  1998400  58.54
2012-04-19  58.03  58.31  57.8  58.05  2369900  58.05
2012-04-18  58.04  58.37  57.88  58.03  1121800  58.03
2012-04-17  58.74  58.74  58.03  58.4  1489600  58.4
2012-04-16  57.71  58.83  57.67  58.45  1821200  58.45
2012-04-13  56.96  57.85  56.74  57.35  1553800  57.35
2012-04-12  56.57  57.05  56.39  57.04  1942400  57.04
2012-04-11  56.36  56.56  56.07  56.38  1778200  56.38
2012-04-10  57.27  57.35  55.6  55.87  2402500  55.87
2012-04-09  57.22  57.5  56.68  57.12  1581800  57.12
2012-04-05  58.17  58.22  57.8  57.86  1458000  57.86
2012-04-04  58.48  58.58  57.97  58.16  1558600  58.16
2012-04-03  59.01  59.19  58.51  58.75  1501600  58.75
2012-04-02  58.88  59.13  58.64  58.97  1957300  58.97
2012-03-30  58.25  59.18  58.09  59.02  3133900  59.02
2012-03-29  56.98  57.9  56.64  57.8  1994600  57.8
2012-03-28  57.2  57.44  56.8  57.3  2109700  57.3
2012-03-27  57.58  57.75  57.27  57.31  1709700  57.31
2012-03-26  57.27  57.45  57.02  57.45  1694900  57.45
2012-03-23  56.17  57.08  56.12  56.69  1671600  56.69
2012-03-22  56.65  56.65  55.66  56.08  1713400  56.08
2012-03-21  57.2  57.2  56.74  56.89  1553000  56.89
2012-03-20  56.71  57.2  56.66  56.98  1446800  56.98
2012-03-19  56.24  57.56  55.97  57.2  2394800  57.2
2012-03-16  55.77  56.38  55.67  56.21  2721100  56.21
2012-03-15  56.63  56.63  55.58  55.81  2645000  55.81
2012-03-14  57.05  57.11  56.26  56.65  1733700  56.65
2012-03-13  55.91  57.06  55.91  57.01  2376800  57.01
2012-03-12  55.69  56.16  55.56  55.79  1813500  55.79
2012-03-09  54.74  55.68  54.56  55.59  2357900  55.59
2012-03-08  55.09  55.16  54.21  54.57  1721400  54.57
2012-03-07  54.76  54.83  54.13  54.68  1895300  54.68
2012-03-06  54.58  55.05  54.46  54.62  1872400  54.62
2012-03-05  54.06  54.97  53.81  54.95  1266400  54.95
2012-03-02  53.81  54.24  53.72  54.04  953000  54.04
2012-03-01  53.28  53.89  53.23  53.81  1356200  53.81
2012-02-29  53.65  53.98  53.16  53.32  1688600  53.32
2012-02-28  54.24  54.43  53.31  53.45  1368400  53.45
2012-02-27  53.96  54.38  53.48  54.09  1262200  54.09
2012-02-24  54.15  54.53  53.8  54.42  1397700  54.42
2012-02-23  53.43  54.02  53.42  53.99  1558700  53.99
2012-02-22  53.87  54.21  53.34  53.34  1595500  53.34
2012-02-21  54.84  54.96  53.74  53.93  1653100  53.93
2012-02-17  55.05  55.05  54.2  54.84  1602900  54.84
2012-02-16  54.03  54.57  54.01  54.57  1600900  54.57
2012-02-15  54.32  54.37  53.71  54.1  2171900  54.1
2012-02-14  55.07  55.08  53.93  54.15  1736500  54.15
2012-02-13  55.31  55.44  54.97  55.21  897900  55.21
2012-02-10  54.54  55.13  54.4  54.92  1412100  54.92
2012-02-09  55.75  55.77  54.86  54.98  1150600  54.98
2012-02-08  55.76  56.01  55.27  55.77  3077400  55.77
2012-02-07  55.68  56.11  55.61  55.88  2110200  55.88
2012-02-06  56.16  56.46  55.84  56.02  1569600  56.02
2012-02-03  56.3  56.77  56.13  56.47  2379400  56.47
2012-02-02  54.71  56.03  53.93  55.96  2702900  55.96
2012-02-01  56.24  56.69  55.73  56.26  2062300  56.26
2012-01-31  55.92  56.09  55.45  55.81  3124400  55.81
2012-01-30  55.27  55.6  54.99  55.58  2159000  55.58
2012-01-27  55.42  55.97  55.12  55.89  2139000  55.89
2012-01-26  55.01  55.94  54.84  55.53  3578700  55.53
2012-01-25  52.91  54.54  52.76  54.48  2195900  54.48
2012-01-24  52.57  53.12  52.42  53.05  2627400  53.05
2012-01-23  52.04  53.03  51.92  52.92  2154400  52.92
2012-01-20  51.99  52.43  51.59  52.27  2559400  52.27
2012-01-19  52.47  52.56  51.99  52.03  3114900  52.03
2012-01-18  52.17  52.64  52.05  52.38  2929500  52.38
2012-01-17  52.3  52.53  51.9  52.09  3225300  52.09
2012-01-13  50.2  51.67  50.2  51.55  3742300  51.55
2012-01-12  51.5  51.6  50.62  50.68  2217500  50.68
2012-01-11  51.66  51.82  51.4  51.6  2570900  51.6
2012-01-10  52.18  52.2  51.65  51.73  2377400  51.73
2012-01-09  52.11  52.32  51.45  51.55  1767900  51.55
2012-01-06  52.88  53.02  52.15  52.2  2283400  52.2
2012-01-05  52.54  53.07  52.34  52.82  1884600  52.82
2012-01-04  52.79  52.89  52.41  52.63  2405500  52.63
2012-01-03  54.15  54.71  52.87  53.05  2780000  53.05
2011-12-30  53.65  54.09  53.42  53.45  1272900  53.45
2011-12-29  53.22  53.68  53.09  53.55  1282200  53.55
2011-12-28  53.8  53.93  53.04  53.15  1380900  53.15
2011-12-27  53.66  54.29  53.34  54.03  928500  54.03
2011-12-23  54.24  54.25  53.56  53.87  1126600  53.87
2011-12-22  53.21  54.35  53.08  53.94  2369000  53.94
2011-12-21  53.65  53.67  52.66  52.99  1817300  52.99
2011-12-20  52.82  53.68  52.57  53.51  1984600  53.51
2011-12-19  52.61  52.74  51.89  51.96  2057400  51.96
2011-12-16  52.3  53.35  52.16  52.35  3022500  52.35
2011-12-15  51.34  52.06  51.13  51.89  2263900  51.89
2011-12-14  49.67  51.27  49.48  50.76  3041300  50.76
2011-12-13  50.04  50.83  49.53  49.82  2527600  49.82
2011-12-12  49.9  49.98  49.1  49.8  2312400  49.8
2011-12-09  49.64  50.75  49.61  50.46  2183000  50.46
2011-12-08  50.32  50.35  49.48  49.66  3003700  49.66
2011-12-07  49.5  50.65  49.17  50.47  2566000  50.47
2011-12-06  49.85  50.02  49.36  49.68  1742100  49.68
2011-12-05  51.13  51.17  49.37  49.82  2625700  49.82
2011-12-02  50.69  51.39  50.25  50.32  1550300  50.32
2011-12-01  50.93  50.94  49.81  50.21  2779100  50.21
2011-11-30  50.59  51.4  49.99  51.19  4215900  51.19
2011-11-29  49.39  49.56  48.6  49.07  2327000  49.07
2011-11-28  50.45  50.56  48.79  49.24  2360800  49.24
2011-11-25  48.54  49.92  48.33  48.82  867700  48.82
2011-11-23  49.47  49.47  48.51  48.75  1888900  48.75
2011-11-22  49.92  50.44  49.79  49.91  1352300  49.91
2011-11-21  49.98  50.36  49.6  50.1  2765500  50.1
2011-11-18  50.76  50.96  50.01  50.74  2837600  50.74
2011-11-17  52.3  52.44  50.1  50.42  3311800  50.42
2011-11-16  53.93  53.93  52.49  52.55  2914700  52.55
2011-11-15  53.32  54.71  53.19  54.49  1697900  54.49
2011-11-14  54.31  54.66  53.37  53.58  1904200  53.58
2011-11-11  53.86  54.83  53.46  54.75  1881100  54.75
2011-11-10  53.19  53.58  52.69  53.14  2362000  53.14
2011-11-09  54.26  54.39  52.53  52.67  2173800  52.67
2011-11-08  54.88  55.14  53.46  55.06  1465500  55.06
2011-11-07  54.42  55.11  53.76  54.61  1467300  54.61
2011-11-04  54.21  54.37  53.46  54.23  2308500  54.23
2011-11-03  54.27  54.83  52.89  54.67  2615800  54.67
2011-11-02  52.98  54.04  52.81  53.97  2788600  53.97
2011-11-01  52.44  53.33  51.93  52.05  3608900  52.05
2011-10-31  53.72  54.95  53.29  54.43  2533400  54.43
2011-10-28  55.61  55.61  53.99  54.49  2788000  54.49
2011-10-27  55.01  55.95  53.59  55.62  2855300  55.62
2011-10-26  52.95  53.1  51.8  52.88  2361800  52.88
2011-10-25  52.54  52.78  51.74  52.3  2892600  52.3
2011-10-24  52.59  53.59  52.37  53.01  3145200  53.01
2011-10-21  51.28  52.73  51.24  52.59  2279800  52.59
2011-10-20  50.53  50.91  49.61  50.64  2041700  50.64
2011-10-19  51.19  51.8  50.43  50.6  2002100  50.6
2011-10-18  49.62  51.41  49.3  51.2  2239100  51.2
2011-10-17  49.57  50.69  49.25  49.48  3697800  49.48
2011-10-14  50.48  51.37  50.11  51.31  2092100  51.31
2011-10-13  49.46  50.16  48.69  49.73  1860000  49.73
2011-10-12  49.41  50.62  49.1  50.04  2339800  50.04
2011-10-11  50.74  50.95  48.88  49.08  1762900  49.08
2011-10-10  49.09  50.71  48.97  50.66  2334100  50.66
2011-10-07  49.65  49.88  48.16  48.22  2918200  48.22
2011-10-06  47.53  49.66  47.43  49.6  3081400  49.6
2011-10-05  48.38  48.43  45.25  47.95  3088900  47.95
2011-10-04  45.81  48.57  44.95  48.44  3300000  48.44
2011-10-03  47.79  48.5  46.02  46.06  3107000  46.06
2011-09-30  49.04  49.63  48.1  48.11  2715700  48.11
2011-09-29  49.98  50.05  48.88  49.71  2750300  49.71
2011-09-28  49.55  50.16  48.75  48.9  3581900  48.9
2011-09-27  50.44  50.51  49.26  49.55  2745300  49.55
2011-09-26  49.86  49.93  48.37  49.48  2845200  49.48
2011-09-23  47.51  49.42  47.37  49.28  4408500  49.28
2011-09-22  47.11  48.12  46.73  47.61  4637000  47.61
2011-09-21  51.65  51.93  48.32  48.54  4771700  48.54
2011-09-20  52.85  52.95  51.62  51.64  2939500  51.64
2011-09-19  52.69  53.19  52.22  52.61  2508900  52.61
2011-09-16  53.93  54.54  53.21  53.61  4319800  53.61
2011-09-15  54.84  54.96  53.64  54.09  3109800  54.09
2011-09-14  55.34  55.41  53.71  54.22  3195800  54.22
2011-09-13  55.56  55.69  54.8  55.16  2504300  55.16
2011-09-12  54.24  55.41  54.08  55.39  2174000  55.39
2011-09-09  56.18  56.65  54.87  55.16  2522900  55.16
2011-09-08  56.38  57.25  55.98  56.87  2101600  56.87
2011-09-07  55.71  56.65  54.63  56.61  1849000  56.61
2011-09-06  53.9  55.25  53.36  54.81  2106500  54.81
2011-09-02  54.88  55.9  54.53  55.06  2186100  55.06
2011-09-01  56.28  56.71  55.6  55.82  2221100  55.82
2011-08-31  56.14  56.66  55.62  56.42  2538100  56.42
2011-08-30  55.75  56.09  54.5  55.78  2228000  55.78
2011-08-29  54.84  55.54  54.53  55.48  1640100  55.48
2011-08-26  52.94  54.23  51.76  54.09  2204500  54.09
2011-08-25  54.78  55.33  52.79  53.42  2709800  53.42
2011-08-24  53.26  54.45  52.98  54.44  2063300  54.44
2011-08-23  52.16  53.42  51.78  53.4  2293200  53.4
2011-08-22  53.16  53.18  51.47  52.14  2796700  52.14
2011-08-19  52.18  53.71  51.95  52.1  3297500  52.1
2011-08-18  54.58  54.58  52.46  53.06  5385100  53.06
2011-08-17  56.59  56.86  55.46  55.85  2274200  55.85
2011-08-16  55.62  56.54  55.35  56.33  4345900  56.33
2011-08-15  54.86  56.25  54.64  56.05  4113000  56.05
2011-08-12  54.64  55.7  53.97  54.46  3341200  54.46
2011-08-11  51.76  55.24  51.45  54.22  4551300  54.22
2011-08-10  51.68  54.11  50.99  51.65  6145700  51.65
2011-08-09  48.64  52.84  47.95  52.81  6122200  52.81
2011-08-08  50.15  50.61  47.89  47.91  4841600  47.91
2011-08-05  53.45  53.51  50.86  51.33  6278700  51.33
2011-08-04  54.37  54.87  52.69  52.75  5079300  52.75
2011-08-03  55.27  55.4  54.05  55.08  4879000  55.08
2011-08-02  56.23  56.52  55.34  55.34  3766900  55.34
2011-08-01  57.59  57.66  56.27  56.63  2429800  56.63
2011-07-29  56.41  57.22  56.17  57.01  2611000  57.01
2011-07-28  57.48  57.53  56.34  56.92  3320400  56.92
2011-07-27  58.21  58.49  57.6  57.63  3180200  57.63
2011-07-26  58.19  58.75  57.87  58.57  1975700  58.57
2011-07-25  58.15  58.78  57.92  58.15  1869400  58.15
2011-07-22  58.31  58.9  58.02  58.73  1648600  58.73
2011-07-21  58.47  58.57  57.9  58.16  2428900  58.16
2011-07-20  57.35  57.89  57.08  57.77  2150800  57.77
2011-07-19  57.08  57.39  56.55  57.32  2344900  57.32
2011-07-18  56.79  56.93  56.3  56.72  1830400  56.72
2011-07-15  56.52  57.04  56.27  56.95  2248300  56.95
2011-07-14  56.82  56.94  55.92  56.26  2072900  56.26
2011-07-13  57.75  57.76  56.63  56.73  2307500  56.73
2011-07-12  56.91  58.45  56.91  57.47  2135000  57.47
2011-07-11  57.18  57.54  56.67  57.2  2409100  57.2
2011-07-08  57.22  57.99  57.01  57.94  1990000  57.94
2011-07-07  57.75  58.01  57.53  57.93  1935400  57.93
2011-07-06  56.71  57.35  56.42  57.34  1763300  57.34
2011-07-05  56.78  57.16  56.18  56.83  2184600  56.83
2011-07-01  55.45  56.75  55.36  56.58  2265900  56.58
2011-06-30  55.54  55.69  55.29  55.33  1651700  55.33
2011-06-29  55.06  55.59  54.66  55.33  1886500  55.33
2011-06-28  54.3  54.83  53.93  54.83  1612000  54.83
2011-06-27  53.8  54.35  53.8  54.14  1229800  54.14
2011-06-24  53.92  54.28  53.55  53.82  2123000  53.82
2011-06-23  54.19  54.32  53.41  53.91  3071700  53.91
2011-06-22  55.15  55.77  54.91  54.95  1652700  54.95
2011-06-21  55.21  55.31  54.95  55.25  1747100  55.25
2011-06-20  54.25  55.35  54.25  55.0  1651000  55.0
2011-06-17  54.76  54.97  54.16  54.48  2619800  54.48
2011-06-16  54.43  54.64  53.22  54.31  3018800  54.31
2011-06-15  54.28  54.59  53.6  54.17  2581900  54.17
2011-06-14  54.91  55.01  54.4  54.62  1964600  54.62
2011-06-13  54.35  54.9  54.09  54.35  2086000  54.35
2011-06-10  55.26  55.41  54.12  54.29  2807700  54.29
2011-06-09  55.95  56.06  55.09  55.51  2193000  55.51
2011-06-08  55.53  56.36  55.44  55.91  1850400  55.91
2011-06-07  55.16  56.22  54.98  55.72  2070300  55.72
2011-06-06  55.08  55.52  54.73  54.84  1771600  54.84
2011-06-03  53.71  55.65  53.71  55.2  2379700  55.2
2011-06-02  54.93  55.23  54.27  54.36  1937300  54.36
2011-06-01  56.51  56.56  54.73  54.8  2617600  54.8
2011-05-31  56.0  56.72  55.66  56.69  3284300  56.69
2011-05-27  55.76  55.76  55.16  55.57  1265300  55.57
2011-05-26  54.62  55.54  54.4  55.46  1822700  55.46
2011-05-25  54.25  55.03  54.11  54.75  1511200  54.75
2011-05-24  54.25  54.54  54.11  54.31  1166400  54.31
2011-05-23  54.18  54.76  54.09  54.15  1644000  54.15
2011-05-20  55.29  55.37  54.6  54.94  1968600  54.94
2011-05-19  54.86  55.34  54.73  55.34  1278700  55.34
2011-05-18  54.76  54.96  54.23  54.8  1444100  54.8
2011-05-17  54.27  54.6  54.12  54.51  1472600  54.51
2011-05-16  54.15  54.92  54.11  54.46  1177200  54.46
2011-05-13  54.59  54.63  53.99  54.25  1322500  54.25
2011-05-12  54.31  54.59  53.84  54.49  1128200  54.49
2011-05-11  54.85  55.03  54.25  54.39  1426400  54.39
2011-05-10  54.21  55.04  54.21  55.02  1362500  55.02
2011-05-09  53.83  54.22  53.49  54.16  1193300  54.16
2011-05-06  54.95  54.95  53.68  53.75  1889400  53.75
2011-05-05  54.04  54.82  53.92  54.32  1605200  54.32
2011-05-04  54.51  54.84  54.09  54.34  1302800  54.34
2011-05-03  54.91  55.06  54.0  54.58  2165800  54.58
2011-05-02  54.93  55.07  54.57  54.91  1743300  54.91
2011-04-29  54.65  54.85  53.65  54.78  2030000  54.78
2011-04-28  53.74  54.64  53.62  54.49  2187600  54.49
2011-04-27  54.29  54.5  53.8  54.34  1263800  54.34
2011-04-26  53.63  54.23  53.39  54.22  1703000  54.22
2011-04-25  52.87  53.58  52.63  53.47  1156600  53.47
2011-04-21  52.77  53.04  52.26  52.87  1708300  52.87
2011-04-20  52.24  52.76  51.75  52.63  1652200  52.63
2011-04-19  51.36  51.66  51.21  51.62  1765200  51.62
2011-04-18  51.38  51.7  51.2  51.34  1930800  51.34
2011-04-15  51.75  52.14  51.51  52.08  1833600  52.08
2011-04-14  50.99  51.79  50.97  51.55  2132700  51.55
2011-04-13  51.21  51.36  51.11  51.2  1643100  51.2
2011-04-12  50.76  51.26  50.71  51.05  1667100  51.05
2011-04-11  50.99  51.26  50.79  50.94  1359700  50.94
2011-04-08  51.52  51.52  50.76  50.95  1355600  50.95
2011-04-07  51.57  51.58  50.89  51.17  1721800  51.17
2011-04-06  51.83  51.83  51.48  51.62  1490700  51.62
2011-04-05  51.5  51.8  51.46  51.65  1129200  51.65
2011-04-04  52.0  52.14  51.41  51.63  1190200  51.63
2011-04-01  52.06  52.2  51.66  51.96  1731000  51.96
2011-03-31  50.79  51.74  50.79  51.72  1659600  51.72
2011-03-30  50.42  51.13  50.04  50.97  1545000  50.97
2011-03-29  49.97  50.29  49.46  50.17  1266200  50.17
2011-03-28  50.08  50.29  49.74  50.09  1227500  50.09
2011-03-25  49.78  50.3  49.61  49.93  1162100  49.93
2011-03-24  49.76  49.85  49.09  49.68  1832800  49.68
2011-03-23  49.61  49.84  48.91  49.52  1857400  49.52
2011-03-22  50.34  50.51  49.76  50.01  1427200  50.01
2011-03-21  50.85  50.85  50.21  50.35  1726700  50.35
2011-03-18  50.5  50.54  49.87  50.15  3335500  50.15
2011-03-17  50.14  50.14  49.1  49.79  1971500  49.79
2011-03-16  49.53  50.05  48.77  49.18  2837800  49.18
2011-03-15  48.02  50.11  48.02  49.71  2715100  49.71
2011-03-14  49.42  49.67  49.19  49.37  1619600  49.37
2011-03-11  48.69  49.78  48.54  49.71  1723500  49.71
2011-03-10  48.9  48.99  48.49  48.68  1675900  48.68
2011-03-09  48.97  49.67  48.67  49.26  1508000  49.26
2011-03-08  48.12  49.2  48.02  49.09  2051900  49.09
2011-03-07  48.72  48.86  47.79  47.95  1736100  47.95
2011-03-04  49.24  49.6  48.28  48.58  2558400  48.58
2011-03-03  48.91  49.45  48.91  49.4  1833800  49.4
2011-03-02  48.78  48.9  48.17  48.42  1853600  48.42
2011-03-01  50.18  50.18  48.74  48.81  2191400  48.81
2011-02-28  48.89  50.52  48.67  50.22  3259000  50.22
2011-02-25  48.26  48.66  48.16  48.62  4568900  48.62
2011-02-24  48.51  48.77  47.54  47.88  3093100  47.88
2011-02-23  49.19  49.55  48.22  48.58  2179200  48.58
2011-02-22  48.73  49.72  48.58  49.16  1621800  49.16
2011-02-18  48.82  49.48  48.74  49.23  1402200  49.23
2011-02-17  48.77  49.11  48.64  48.89  1114300  48.89
2011-02-16  49.67  49.81  48.55  48.84  1950800  48.84
2011-02-15  49.45  49.88  49.26  49.38  1506600  49.38
2011-02-14  49.74  49.83  49.24  49.74  1032400  49.74
2011-02-11  49.04  49.77  48.88  49.71  1538200  49.71
2011-02-10  48.74  49.48  48.69  49.35  1854800  49.35
2011-02-09  48.56  49.09  48.56  49.02  1275300  49.02
2011-02-08  48.86  49.15  48.74  48.76  1236200  48.76
2011-02-07  48.6  49.15  48.43  48.94  1154700  48.94
2011-02-04  49.59  49.6  48.29  48.37  2507700  48.37
2011-02-03  49.8  50.38  48.83  49.58  2404900  49.58
2011-02-02  49.39  50.09  49.39  49.93  1766800  49.93
2011-02-01  49.68  49.87  48.95  49.75  2258100  49.75
2011-01-31  48.47  49.52  48.43  49.38  2283100  49.38
2011-01-28  49.07  49.18  47.95  48.19  2122800  48.19
2011-01-27  48.42  49.06  48.11  49.03  2145800  49.03
2011-01-26  47.99  48.55  47.76  48.25  1694100  48.25
2011-01-25  46.95  48.01  46.76  47.93  2218300  47.93
2011-01-24  46.94  47.27  46.59  47.14  1278100  47.14
2011-01-21  46.96  46.98  46.49  46.91  1411700  46.91
2011-01-20  46.54  46.87  46.37  46.63  1729500  46.63
2011-01-19  46.91  47.03  46.18  46.38  1714700  46.38
2011-01-18  46.39  47.05  46.34  47.03  1713200  47.03
2011-01-14  46.03  46.48  45.79  46.39  1738500  46.39
2011-01-13  45.61  45.92  45.41  45.77  1810300  45.77
2011-01-12  45.68  45.93  45.36  45.61  2445800  45.61
2011-01-11  46.04  46.1  45.19  45.5  1263900  45.5
2011-01-10  45.56  46.19  45.24  45.8  2132500  45.8
2011-01-07  46.23  46.46  45.55  45.91  2196100  45.91
2011-01-06  46.73  46.73  45.88  46.06  1854000  46.06
2011-01-05  46.48  46.88  46.39  46.63  2101200  46.63
2011-01-04  47.87  47.92  46.32  46.65  3108100  46.65
2011-01-03  47.63  48.11  47.39  47.86  2901800  47.86
2010-12-31  47.65  47.82  47.26  47.34  1298100  47.34
2010-12-30  47.68  47.91  47.44  47.65  1029900  47.65
2010-12-29  47.46  47.73  47.08  47.61  1159900  47.61
2010-12-28  47.54  47.64  46.89  47.35  1124600  47.35
2010-12-27  46.66  47.52  46.59  47.5  1226500  47.5
2010-12-23  46.8  47.18  46.73  46.78  1277300  46.78
2010-12-22  46.67  47.18  46.55  46.91  1795300  46.91
2010-12-21  46.38  46.57  46.14  46.54  1420700  46.54
2010-12-20  45.67  46.36  45.67  46.19  1417900  46.19
2010-12-17  45.14  45.57  45.03  45.4  2966200  45.4
2010-12-16  45.45  45.57  44.78  45.1  1970200  45.1
2010-12-15  45.49  45.9  45.08  45.11  2039100  45.11
2010-12-14  46.26  46.64  45.31  45.58  1664700  45.58
2010-12-13  46.66  46.69  46.1  46.24  1933500  46.24
2010-12-10  46.29  46.87  46.14  46.55  1713400  46.55
2010-12-09  46.44  47.16  46.05  46.22  2531000  46.22
2010-12-08  47.05  47.11  45.95  46.3  2169200  46.3
2010-12-07  47.33  47.52  46.87  47.0  2330700  47.0
2010-12-06  46.68  47.04  46.26  46.81  1854300  46.81
2010-12-03  46.47  47.03  46.24  46.95  2440200  46.95
2010-12-02  45.87  46.69  45.79  46.64  3005600  46.64
2010-12-01  45.61  45.91  45.28  45.75  2570400  45.75
2010-11-30  44.48  45.51  44.48  45.12  3801700  45.12
2010-11-29  44.86  45.25  44.36  45.14  2589400  45.14
2010-11-26  45.1  45.51  44.99  45.15  949400  45.15
2010-11-24  45.17  45.5  44.98  45.42  2784500  45.42
2010-11-23  44.47  44.93  44.47  44.81  2296000  44.81
2010-11-22  44.82  45.2  44.78  45.14  1809600  45.14
2010-11-19  44.35  45.13  44.08  45.06  2380900  45.06
2010-11-18  44.21  44.54  43.84  44.44  4965800  44.44
2010-11-17  42.91  43.69  42.48  43.62  2669300  43.62
2010-11-16  43.83  44.09  42.44  42.76  3032700  42.76
2010-11-15  44.68  45.06  44.35  44.42  1701000  44.42
2010-11-12  44.37  44.79  44.23  44.52  2242100  44.52
2010-11-11  44.68  45.22  44.55  44.7  1668300  44.7
2010-11-10  44.07  45.22  43.97  45.11  2863700  45.11
2010-11-09  45.54  45.54  43.44  43.72  3671200  43.72
2010-11-08  45.71  45.86  44.82  45.3  1520600  45.3
2010-11-05  45.58  46.13  45.09  45.9  3049100  45.9
2010-11-04  44.65  45.68  44.23  45.51  3222100  45.51
2010-11-03  44.19  44.55  43.89  44.09  2052900  44.09
2010-11-02  44.42  44.79  43.9  44.15  1915600  44.15
2010-11-01  44.19  44.68  43.85  44.18  1542200  44.18
2010-10-29  43.76  44.13  43.6  43.9  1568000  43.9
2010-10-28  45.14  45.36  43.56  44.01  3036500  44.01
2010-10-27  44.92  45.27  44.54  44.95  2911900  44.95
2010-10-26  45.34  45.66  45.11  45.28  2507100  45.28
2010-10-25  46.21  46.3  45.52  45.58  4056500  45.58
2010-10-22  46.67  46.84  45.83  45.89  2598300  45.89
2010-10-21  46.66  47.12  46.23  46.5  1792800  46.5
2010-10-20  45.56  46.96  45.56  46.5  3179400  46.5
2010-10-19  45.3  46.0  45.06  45.36  2741800  45.36
2010-10-18  45.1  45.77  45.01  45.75  2231600  45.75
2010-10-15  45.43  45.59  44.99  45.1  2142400  45.1
2010-10-14  44.94  45.3  44.54  44.92  2005000  44.92
2010-10-13  44.93  45.47  44.59  45.1  1946900  45.1
2010-10-12  43.75  44.84  43.6  44.67  2485000  44.67
2010-10-11  43.87  44.18  43.66  43.83  973000  43.83
2010-10-08  43.91  44.1  43.51  43.9  1504800  43.9
2010-10-07  44.07  44.39  43.59  43.8  1362900  43.8
2010-10-06  44.1  44.26  43.44  43.86  1785100  43.86
2010-10-05  44.05  44.28  43.53  44.14  2612800  44.14
2010-10-04  43.08  43.68  43.06  43.54  2653600  43.54
2010-10-01  43.13  43.31  42.64  43.17  2905400  43.17
2010-09-30  43.1  43.57  42.65  42.95  3515900  42.95
2010-09-29  43.08  43.13  42.6  42.79  2003400  42.79
2010-09-28  43.53  43.53  42.58  43.39  3046000  43.39
2010-09-27  44.45  44.47  43.41  43.44  2905600  43.44
2010-09-24  43.82  44.52  43.76  44.47  2899200  44.47
2010-09-23  43.77  44.31  43.09  43.16  3172400  43.16
2010-09-22  44.15  44.68  44.04  44.27  2899800  44.27
2010-09-21  44.69  45.45  44.28  44.37  4086500  44.37
2010-09-20  44.39  45.86  44.22  45.57  3573800  45.57
2010-09-17  44.08  44.37  43.78  44.12  3088700  44.12
2010-09-16  43.96  44.27  43.67  44.01  1993400  44.01
2010-09-15  43.23  44.07  42.88  43.9  2773700  43.9
2010-09-14  42.82  43.25  42.44  43.02  2776300  43.02
2010-09-13  43.43  43.43  42.47  42.95  3360500  42.95
2010-09-10  42.52  43.04  42.35  42.7  2373300  42.7
2010-09-09  44.0  44.0  42.45  42.53  2760700  42.53
2010-09-08  43.33  43.75  43.0  43.27  2052200  43.27
2010-09-07  43.41  43.92  43.15  43.22  2536000  43.22
2010-09-03  43.59  43.95  43.1  43.81  2411800  43.81
2010-09-02  42.89  43.41  42.81  43.13  2722800  43.13
2010-09-01  41.68  43.16  41.5  42.89  4911200  42.89
2010-08-31  40.5  41.3  40.26  41.09  2266300  41.09
2010-08-30  41.03  41.31  40.5  40.53  1832700  40.53
2010-08-27  40.53  41.17  39.62  41.14  2299200  41.14
2010-08-26  40.85  41.24  40.29  40.33  2369100  40.33
2010-08-25  39.81  40.88  39.61  40.69  2432000  40.69
2010-08-24  39.66  40.4  39.34  40.0  2406600  40.0
2010-08-23  40.4  40.73  40.25  40.28  1503500  40.28
2010-08-20  39.68  40.35  39.57  40.21  1690700  40.21
2010-08-19  41.08  41.12  39.73  40.04  2887000  40.04
2010-08-18  41.16  41.35  40.81  41.2  1947400  41.2
2010-08-17  40.66  41.39  40.3  41.15  2771500  41.15
2010-08-16  39.97  40.65  39.8  40.24  1493100  40.24
2010-08-13  40.01  40.53  40.01  40.24  1660900  40.24
2010-08-12  39.86  40.42  39.66  40.05  2459100  40.05
2010-08-11  40.63  41.44  40.48  40.73  3202000  40.73
2010-08-10  41.76  42.6  41.58  42.21  2864800  42.21
2010-08-09  41.5  42.18  41.21  42.13  2614000  42.13
2010-08-06  40.54  41.29  40.29  41.11  1940900  41.11
2010-08-05  41.64  41.93  41.13  41.16  2940600  41.16
2010-08-04  42.12  42.32  41.74  41.98  2270800  41.98
2010-08-03  42.25  42.39  41.66  42.09  2514900  42.09
2010-08-02  41.9  42.66  41.53  42.44  3711900  42.44
2010-07-30  39.95  41.31  39.92  41.11  2621700  41.11
2010-07-29  42.1  42.59  39.98  40.54  4020200  40.54
2010-07-28  41.54  42.17  41.19  41.75  2404700  41.75
2010-07-27  42.28  42.28  40.94  41.64  2295600  41.64
2010-07-26  40.48  41.93  40.37  41.89  2520800  41.89
2010-07-23  40.07  40.57  39.26  40.48  3281800  40.48
2010-07-22  39.02  40.58  39.02  40.28  4437400  40.28
2010-07-21  40.05  40.05  38.29  38.42  3680600  38.42
2010-07-20  38.42  39.64  38.09  39.56  3978200  39.56
2010-07-19  38.3  39.33  37.92  39.13  2747500  39.13
2010-07-16  39.69  40.06  38.01  38.28  3822700  38.28
2010-07-15  40.14  40.29  39.03  40.17  2241000  40.17
2010-07-14  40.02  40.44  39.36  40.07  2382400  40.07
2010-07-13  40.29  40.76  40.14  40.55  3037200  40.55
2010-07-12  39.58  39.91  39.12  39.73  2235600  39.73
2010-07-09  38.78  39.56  38.74  39.5  2367100  39.5
2010-07-08  38.62  39.29  37.99  38.83  4442700  38.83
2010-07-07  36.25  38.17  36.1  38.13  4950300  38.13
2010-07-06  37.56  37.58  35.58  36.06  5215800  36.06
2010-07-02  36.83  37.28  35.84  36.46  5050700  36.46
2010-07-01  37.52  37.74  36.34  37.34  4304700  37.34
2010-06-30  37.81  38.5  37.29  37.33  4034400  37.33
2010-06-29  38.77  38.92  37.56  37.78  4887400  37.78
2010-06-28  40.17  40.19  39.13  39.35  1673200  39.35
2010-06-25  38.94  40.21  38.62  39.95  3500400  39.95
2010-06-24  39.42  39.56  38.42  38.51  3188300  38.51
2010-06-23  39.31  40.24  38.63  39.76  2969800  39.76
2010-06-22  41.01  41.06  39.28  39.32  3535100  39.32
2010-06-21  41.68  42.07  40.67  40.85  2183200  40.85
2010-06-18  41.72  41.85  40.95  41.03  3650500  41.03
2010-06-17  41.23  41.9  41.19  41.54  3299500  41.54
2010-06-16  40.94  41.44  40.86  41.11  2532600  41.11
2010-06-15  40.52  41.37  40.15  41.33  2938400  41.33
2010-06-14  40.03  40.47  39.8  40.25  3884900  40.25
2010-06-11  38.8  39.7  38.61  39.65  2146600  39.65
2010-06-10  37.8  39.39  37.64  39.34  3536300  39.34
2010-06-09  37.6  38.61  37.01  37.21  4334500  37.21
2010-06-08  36.53  37.35  35.41  37.22  4228500  37.22
2010-06-07  36.98  37.42  36.29  36.37  4264800  36.37
2010-06-04  38.25  39.01  36.5  36.7  5332000  36.7
2010-06-03  39.64  40.09  39.11  39.44  3332300  39.44
2010-06-02  39.83  39.86  38.9  39.62  5248800  39.62
2010-06-01  39.73  40.4  39.34  39.46  3497500  39.46
2010-05-28  40.6  40.98  40.05  40.17  3608300  40.17
2010-05-27  39.42  40.79  39.03  40.72  3851800  40.72
2010-05-26  39.23  39.73  38.38  38.6  4133800  38.6
2010-05-25  36.89  38.67  36.4  38.63  4319600  38.63
2010-05-24  39.2  39.23  37.87  37.93  3220200  37.93
2010-05-21  36.84  39.17  36.74  39.13  5660700  39.13
2010-05-20  38.45  39.07  37.56  37.63  5757100  37.63
2010-05-19  39.42  40.44  38.44  39.61  3753800  39.61
2010-05-18  41.67  41.72  39.55  39.69  3734800  39.69
2010-05-17  40.68  41.41  39.59  40.86  3228200  40.86
2010-05-14  41.33  41.61  40.06  40.61  3804700  40.61
2010-05-13  42.73  43.01  41.76  41.84  2891200  41.84
2010-05-12  42.24  43.13  42.07  42.81  3339900  42.81
2010-05-11  41.2  42.66  40.9  42.13  3829600  42.13
2010-05-10  40.83  41.94  40.37  41.83  4667400  41.83
2010-05-07  39.46  40.52  38.1  38.66  4620900  38.66
2010-05-06  40.94  42.24  36.94  39.46  6124000  39.46
2010-05-05  41.56  42.14  40.87  41.18  3228800  41.18
2010-05-04  41.81  42.33  41.39  41.84  3873100  41.84
2010-05-03  40.63  42.73  40.63  42.3  4182200  42.3
2010-04-30  40.61  41.9  40.17  40.29  4705600  40.29
2010-04-29  39.62  42.18  39.4  41.98  5231700  41.98
2010-04-28  39.31  39.54  38.95  39.09  3128700  39.09
2010-04-27  40.0  40.4  38.88  38.9  3517000  38.9
2010-04-26  40.16  40.64  39.92  40.28  3190400  40.28
2010-04-23  39.03  39.74  38.69  39.7  3670100  39.7
2010-04-22  37.83  39.03  37.6  38.94  3168900  38.94
2010-04-21  37.36  38.75  37.25  38.22  3602600  38.22
2010-04-20  36.81  37.39  36.49  37.39  1986600  37.39
2010-04-19  36.29  36.96  36.09  36.63  2764300  36.63
2010-04-16  37.16  37.53  36.46  36.59  4141400  36.59
2010-04-15  38.26  38.43  37.32  37.42  3183500  37.42
2010-04-14  38.61  38.61  38.09  38.35  2726700  38.35
2010-04-13  37.35  38.42  37.29  38.3  3347100  38.3
2010-04-12  37.31  37.53  37.13  37.36  2788600  37.36
2010-04-09  36.24  37.35  36.22  37.34  3562500  37.34
2010-04-08  35.9  36.15  35.76  36.1  3425600  36.1
2010-04-07  36.85  37.03  36.01  36.16  3551700  36.16
2010-04-06  35.66  37.03  35.57  36.99  3894800  36.99
2010-04-05  34.95  35.84  34.9  35.81  3486200  35.81
2010-04-01  35.13  35.13  34.57  34.83  2455000  34.83
2010-03-31  34.84  35.24  34.72  34.85  2559400  34.85
2010-03-30  35.05  35.39  34.81  35.15  2619600  35.15
2010-03-29  35.19  35.21  34.81  35.03  2162900  35.03
2010-03-26  35.31  35.46  34.78  35.02  2853700  35.02
2010-03-25  35.22  35.77  35.12  35.16  4088900  35.16
2010-03-24  34.81  35.33  34.76  35.04  4154300  35.04
2010-03-23  35.15  35.26  34.73  35.19  2193000  35.19
2010-03-22  34.79  35.39  34.67  35.29  2609300  35.29
2010-03-19  35.28  35.45  34.79  34.99  4076800  34.99
2010-03-18  35.52  35.98  35.25  35.28  3333700  35.28
2010-03-17  35.22  35.58  34.97  35.52  2725600  35.52
2010-03-16  34.16  35.14  34.0  35.04  3139400  35.04
2010-03-15  33.8  34.06  33.37  33.92  2118100  33.92
2010-03-12  34.08  34.26  33.64  33.88  2517800  33.88
2010-03-11  33.83  33.96  33.48  33.95  2073600  33.95
2010-03-10  33.89  33.96  33.44  33.89  3577600  33.89
2010-03-09  32.95  34.08  32.92  33.79  5593900  33.79
2010-03-08  32.86  33.27  32.78  33.19  2450200  33.19
2010-03-05  32.0  32.92  31.79  32.88  3557400  32.88
2010-03-04  31.71  31.93  31.57  31.83  2356300  31.83
2010-03-03  31.94  31.94  31.53  31.62  2456600  31.62
2010-03-02  31.96  32.08  31.7  31.87  2009000  31.87
2010-03-01  32.16  32.16  31.74  31.85  2461500  31.85
2010-02-26  31.94  32.2  31.77  31.83  3645800  31.83
2010-02-25  31.47  31.98  31.18  31.97  2843400  31.97
2010-02-24  31.62  31.86  31.3  31.86  3003000  31.86
2010-02-23  31.74  31.74  31.31  31.5  4729700  31.5
2010-02-22  31.32  31.96  31.06  31.69  4216900  31.69
2010-02-19  30.77  31.39  30.61  31.28  3696200  31.28
2010-02-18  30.34  31.11  30.32  30.94  3128900  30.94
2010-02-17  30.39  30.59  30.27  30.53  2615100  30.53
2010-02-16  29.82  30.39  29.61  30.34  3112600  30.34
2010-02-12  28.63  29.34  28.4  29.29  3192800  29.29
2010-02-11  28.32  28.92  28.12  28.9  2615300  28.9
2010-02-10  28.55  28.97  28.07  28.46  3014900  28.46
2010-02-09  28.97  29.07  28.33  28.58  3456700  28.58
2010-02-08  29.06  29.32  28.56  28.62  3303800  28.62
2010-02-05  29.03  29.4  28.28  29.09  4661000  29.09
2010-02-04  29.99  30.63  28.84  28.87  7454100  28.87
2010-02-03  29.24  29.24  28.48  28.56  2429000  28.56
2010-02-02  28.9  29.42  28.61  29.42  3170800  29.42
2010-02-01  28.51  28.98  28.45  28.91  2502800  28.91
2010-01-29  28.58  28.86  28.04  28.28  3315200  28.28
2010-01-28  28.8  28.82  28.14  28.48  2204700  28.48
2010-01-27  28.04  28.66  27.7  28.62  3021100  28.62
2010-01-26  28.05  28.56  27.78  28.11  2341200  28.11
2010-01-25  28.47  28.57  27.77  28.16  3559400  28.16
2010-01-22  29.08  29.46  28.06  28.17  4798300  28.17
2010-01-21  29.81  30.2  29.01  29.05  4540500  29.05
2010-01-20  30.1  30.1  29.68  29.79  2941000  29.79
2010-01-19  29.82  30.41  29.52  30.37  2517000  30.37
2010-01-15  29.62  29.7  29.34  29.44  2485600  29.44
2010-01-14  29.58  29.88  29.43  29.78  1810800  29.78
2010-01-13  29.05  29.9  29.01  29.83  3128000  29.83
2010-01-12  29.1  29.37  28.69  28.91  2684400  28.91
2010-01-11  29.61  29.86  29.23  29.33  2320600  29.33
2010-01-08  29.68  29.88  29.19  29.42  2325900  29.42
2010-01-07  29.37  30.15  29.27  29.8  3637300  29.8
2010-01-06  29.35  29.69  29.35  29.52  3409700  29.52
2010-01-05  29.39  29.54  29.03  29.35  4545400  29.35
2010-01-04  30.05  30.47  29.32  29.47  3299500  29.47
