Date  Open  High  Low  Close  Volume  Adj Close
2014-02-28  39.29  39.7  39.02  39.51  2184800  39.51
2014-02-27  38.97  39.4  38.82  39.18  2542100  39.18
2014-02-26  38.82  39.38  38.72  39.02  4614500  39.02
2014-02-25  41.91  41.91  38.7  39.06  4909500  39.06
2014-02-24  42.5  42.77  42.0  42.01  2156500  42.01
2014-02-21  41.71  41.94  41.43  41.58  994300  41.58
2014-02-20  41.37  41.88  41.02  41.7  922200  41.7
2014-02-19  41.69  41.83  41.06  41.15  1160400  41.15
2014-02-18  41.88  42.11  41.68  41.87  824900  41.87
2014-02-14  41.57  42.01  41.47  41.86  759100  41.86
2014-02-13  41.38  41.9  41.33  41.77  816300  41.77
2014-02-12  41.73  41.96  41.41  41.61  922000  41.61
2014-02-11  40.91  41.91  40.8  41.6  1480300  41.6
2014-02-10  40.57  40.94  40.4  40.92  1061600  40.92
2014-02-07  40.39  40.69  40.2  40.66  1337200  40.66
2014-02-06  40.4  40.48  40.02  40.12  1467500  40.12
2014-02-05  40.15  40.49  39.91  40.4  1638400  40.4
2014-02-04  40.55  40.83  39.88  40.54  1944100  40.54
2014-02-03  40.84  41.26  40.27  40.29  1881000  40.29
2014-01-31  40.56  41.36  40.54  40.86  1356100  40.86
2014-01-30  41.24  41.65  41.0  41.22  1022900  41.22
2014-01-29  41.32  41.68  40.97  41.0  991600  41.0
2014-01-28  41.5  41.96  41.38  41.52  760000  41.52
2014-01-27  42.1  42.2  41.09  41.49  1576000  41.49
2014-01-24  43.31  43.31  42.0  42.0  1191300  42.0
2014-01-23  43.82  44.09  43.34  43.59  544700  43.59
2014-01-22  44.0  44.25  43.81  44.15  537600  44.15
2014-01-21  44.07  44.27  43.56  44.0  843600  44.0
2014-01-17  43.79  44.05  43.64  43.77  1403400  43.77
2014-01-16  43.93  44.03  43.53  44.0  889600  44.0
2014-01-15  43.8  44.16  43.45  43.94  1272500  43.94
2014-01-14  43.4  43.98  43.03  43.79  1919200  43.79
2014-01-13  44.19  45.69  43.98  44.22  2833500  44.22
2014-01-10  43.13  43.82  42.86  43.61  1093000  43.61
2014-01-09  43.21  43.21  42.41  43.01  981300  43.01
2014-01-08  43.24  43.29  42.82  42.99  882400  42.99
2014-01-07  43.0  43.57  42.96  43.28  1065600  43.28
2014-01-06  43.47  43.64  42.81  42.82  1004500  42.82
2014-01-03  43.39  43.65  43.12  43.25  753200  43.25
2014-01-02  44.31  44.48  43.34  43.49  782900  43.49
2013-12-31  44.37  44.48  44.03  44.25  561900  44.25
2013-12-30  44.16  44.26  44.03  44.15  427300  44.15
2013-12-27  43.7  44.2  43.57  44.16  817300  44.16
2013-12-26  43.55  43.71  43.42  43.63  478600  43.63
2013-12-24  43.72  43.85  43.35  43.47  303300  43.47
2013-12-23  43.02  43.87  43.02  43.58  915900  43.58
2013-12-20  43.07  43.58  42.86  43.55  1660200  43.55
2013-12-19  43.03  43.2  42.81  42.96  899700  42.96
2013-12-18  42.65  43.11  42.28  43.1  873300  43.1
2013-12-17  42.69  42.8  42.29  42.7  1175000  42.7
2013-12-16  43.16  43.4  42.78  42.8  793700  42.8
2013-12-13  42.78  43.12  42.59  43.02  919500  43.02
2013-12-12  42.49  42.82  42.41  42.63  930400  42.63
2013-12-11  42.74  42.85  42.32  42.5  1899100  42.5
2013-12-10  43.29  43.48  42.64  42.81  1198600  42.81
2013-12-09  43.52  43.69  43.37  43.41  855500  43.41
2013-12-06  43.82  43.82  43.37  43.44  929800  43.44
2013-12-05  43.21  43.52  43.05  43.18  1282700  43.18
2013-12-04  42.97  43.57  42.88  43.31  1003900  43.31
2013-12-03  43.26  43.4  42.97  43.27  803300  43.27
2013-12-02  43.91  43.91  43.31  43.43  993300  43.43
2013-11-29  43.31  43.86  43.3  43.44  490300  43.44
2013-11-27  43.32  43.61  43.17  43.52  701300  43.52
2013-11-26  43.47  43.58  43.06  43.15  988600  43.15
2013-11-25  43.5  43.6  43.15  43.47  869200  43.47
2013-11-22  43.58  43.58  43.14  43.32  957300  43.32
2013-11-21  43.21  43.56  43.17  43.49  794300  43.49
2013-11-20  43.07  43.26  42.88  43.13  1129900  43.13
2013-11-19  42.87  43.2  42.74  43.05  1694200  43.05
2013-11-18  43.09  43.23  42.87  43.01  665300  43.01
2013-11-15  43.02  43.1  42.56  43.03  795500  43.03
2013-11-14  42.75  43.13  42.55  42.93  837000  42.93
2013-11-13  42.17  42.8  42.0  42.8  935600  42.8
2013-11-12  42.21  42.54  41.92  42.32  939400  42.32
2013-11-11  41.99  42.38  41.85  42.23  861300  42.23
2013-11-08  41.86  42.3  41.79  42.13  1412700  42.13
2013-11-07  42.65  42.67  41.78  41.88  1857800  41.88
2013-11-06  42.55  42.75  42.05  42.32  2258800  42.32
2013-11-05  44.19  44.69  42.27  43.11  3390600  43.11
2013-11-04  45.14  45.99  45.14  45.97  1161800  45.97
2013-11-01  45.2  45.48  44.87  45.09  1277900  45.09
2013-10-31  46.14  46.16  44.7  44.98  1760500  44.98
2013-10-30  46.19  46.58  45.81  46.02  888800  46.02
2013-10-29  46.32  46.55  45.97  46.32  715100  46.32
2013-10-28  45.69  46.58  45.58  46.31  1625800  46.31
2013-10-25  45.98  46.17  45.27  45.56  1081300  45.56
2013-10-24  44.34  46.35  44.23  45.98  2930100  45.98
2013-10-23  43.95  44.35  43.65  43.84  936100  43.84
2013-10-22  44.22  44.52  43.83  44.23  1071700  44.23
2013-10-21  43.53  44.14  43.45  44.04  841200  44.04
2013-10-18  42.92  43.62  42.84  43.61  974500  43.61
2013-10-17  42.77  43.0  42.62  42.84  1000600  42.84
2013-10-16  43.03  43.42  42.76  43.11  1074600  43.11
2013-10-15  43.12  43.26  42.81  42.86  1394100  42.86
2013-10-14  42.77  43.38  42.72  43.28  660100  43.28
2013-10-11  42.45  43.15  42.45  43.15  547400  43.15
2013-10-10  41.69  42.9  41.5  42.82  932700  42.82
2013-10-09  41.77  42.19  41.55  42.12  1359200  42.12
2013-10-08  42.51  42.7  41.71  41.77  1279000  41.77
2013-10-07  42.38  42.82  42.08  42.6  925400  42.6
2013-10-04  42.77  42.81  42.21  42.73  1391700  42.73
2013-10-03  43.46  43.54  42.46  42.72  1279700  42.72
2013-10-02  43.72  43.95  43.4  43.76  697700  43.76
2013-10-01  43.59  44.3  43.59  44.2  765500  44.2
2013-09-30  43.46  43.86  43.15  43.76  868200  43.76
2013-09-27  43.82  44.09  43.65  43.84  646900  43.84
2013-09-26  44.1  44.36  43.82  44.01  757400  44.01
2013-09-25  44.33  44.58  43.75  43.87  1145400  43.87
2013-09-24  44.34  44.69  44.27  44.39  994200  44.39
2013-09-23  44.45  44.56  44.03  44.26  1216300  44.26
2013-09-20  44.7  45.09  44.49  44.5  2902200  44.5
2013-09-19  44.91  45.17  44.57  44.62  1840900  44.62
2013-09-18  43.76  45.08  43.74  44.92  2534400  44.92
2013-09-17  44.37  44.46  43.38  43.59  1907200  43.59
2013-09-16  44.43  44.69  44.2  44.33  1466200  44.33
2013-09-13  44.13  44.16  43.86  43.97  1499400  43.97
2013-09-12  44.24  44.38  43.92  44.03  1587100  44.03
2013-09-11  43.79  44.44  43.79  44.43  1607300  44.43
2013-09-10  43.5  44.19  43.34  43.98  1992800  43.98
2013-09-09  42.63  43.39  42.61  43.32  2034500  43.32
2013-09-06  42.02  42.74  41.46  42.6  2739600  42.6
2013-09-05  41.73  42.01  41.29  41.85  1932900  41.85
2013-09-04  40.21  41.8  40.21  41.69  1716300  41.69
2013-09-03  40.62  41.27  40.62  41.17  2169200  41.17
2013-08-30  40.15  40.37  39.95  40.28  1165300  40.28
2013-08-29  40.22  40.67  40.1  40.17  778300  40.17
2013-08-28  40.51  40.59  40.24  40.37  718100  40.37
2013-08-27  40.77  40.94  40.13  40.39  1669300  40.39
2013-08-26  40.94  41.71  40.77  41.33  1428600  41.33
2013-08-23  40.97  41.15  40.69  40.97  1397800  40.97
2013-08-22  40.32  41.07  40.23  40.98  714300  40.98
2013-08-21  40.04  40.52  39.64  40.23  1067700  40.23
2013-08-20  39.84  40.47  39.55  40.27  987100  40.27
2013-08-19  39.72  40.05  39.63  39.64  1068900  39.64
2013-08-16  39.47  39.94  39.45  39.75  1047800  39.75
2013-08-15  39.83  40.06  39.4  39.56  901200  39.56
2013-08-14  40.45  40.47  39.97  40.23  724800  40.23
2013-08-13  40.5  40.69  40.19  40.43  757200  40.43
2013-08-12  40.31  40.72  40.22  40.52  699800  40.52
2013-08-09  40.82  40.82  40.32  40.51  1026900  40.51
2013-08-08  41.07  41.27  40.7  40.83  1589400  40.83
2013-08-07  40.32  40.99  39.87  40.93  2782900  40.93
2013-08-06  41.64  42.66  40.63  40.93  3283500  40.93
2013-08-05  40.81  40.87  39.7  40.06  1839600  40.06
2013-08-02  41.23  41.3  40.71  40.91  1073900  40.91
2013-08-01  40.29  41.51  40.28  41.39  1469200  41.39
2013-07-31  40.15  40.51  39.92  40.04  850500  40.04
2013-07-30  39.97  40.16  39.77  39.99  966100  39.99
2013-07-29  40.26  40.49  39.83  39.88  959400  39.88
2013-07-26  39.51  40.52  39.39  40.52  1322400  40.52
2013-07-25  39.77  40.05  39.38  39.74  970800  39.74
2013-07-24  40.19  40.46  39.71  39.78  898800  39.78
2013-07-23  40.95  41.1  40.09  40.11  1327200  40.11
2013-07-22  41.28  41.32  40.92  40.99  928500  40.99
2013-07-19  41.03  41.3  40.72  40.92  1201900  40.92
2013-07-18  40.19  41.06  40.14  41.02  1169500  41.02
2013-07-17  40.47  40.56  40.04  40.19  885800  40.19
2013-07-16  40.52  40.71  40.19  40.34  1159200  40.34
2013-07-15  39.7  40.45  39.61  40.39  943400  40.39
2013-07-12  39.6  39.86  39.4  39.72  1772800  39.72
2013-07-11  39.7  40.11  39.7  40.02  1222500  40.02
2013-07-10  39.2  39.48  39.13  39.33  1300100  39.33
2013-07-09  38.49  39.7  38.41  39.39  1953700  39.39
2013-07-08  38.35  38.54  38.18  38.38  849700  38.38
2013-07-05  37.86  38.25  37.63  38.25  619100  38.25
2013-07-03  37.74  37.92  37.53  37.72  416400  37.72
2013-07-02  38.31  38.52  37.79  37.92  1028100  37.92
2013-07-01  38.31  38.92  38.15  38.39  1867500  38.39
2013-06-28  37.36  38.01  37.36  37.78  2155700  37.78
2013-06-27  37.34  37.62  37.15  37.56  1222400  37.56
2013-06-26  37.24  37.46  37.02  37.06  1000100  37.06
2013-06-25  37.17  37.27  36.67  36.92  1703100  36.92
2013-06-24  36.68  37.05  36.2  36.46  1322200  36.46
2013-06-21  37.11  37.33  36.7  36.79  2145900  36.79
2013-06-20  37.79  37.79  37.02  37.03  1591300  37.03
2013-06-19  38.8  39.09  38.19  38.21  790500  38.21
2013-06-18  38.48  38.94  38.32  38.72  1000800  38.72
2013-06-17  38.38  38.99  38.05  38.38  1890700  38.38
2013-06-14  38.35  38.69  37.9  38.02  631700  38.02
2013-06-13  37.41  38.39  37.21  38.3  889800  38.3
2013-06-12  37.89  38.0  37.22  37.35  1072400  37.35
2013-06-11  37.93  38.1  37.49  37.58  912100  37.58
2013-06-10  38.36  38.5  38.09  38.21  1310900  38.21
2013-06-07  38.15  38.62  37.99  38.35  1406100  38.35
2013-06-06  37.63  38.24  37.54  38.03  1411700  38.03
2013-06-05  38.35  38.35  37.4  37.52  1253900  37.52
2013-06-04  38.7  38.91  38.04  38.22  1390000  38.22
2013-06-03  38.75  38.94  38.21  38.73  1822600  38.73
2013-05-31  38.59  39.11  38.57  38.76  1609000  38.76
2013-05-30  38.91  39.08  38.59  38.76  1130300  38.76
2013-05-29  38.68  39.07  38.53  38.79  1114500  38.79
2013-05-28  39.58  40.12  38.68  39.02  1756200  39.02
2013-05-24  39.26  39.38  38.45  38.76  1837000  38.76
2013-05-23  37.7  39.61  37.45  39.56  3499100  39.56
2013-05-22  38.11  38.64  37.52  37.75  1821300  37.75
2013-05-21  37.94  38.33  37.9  38.15  1757600  38.15
2013-05-20  37.92  38.12  37.73  38.01  1837400  38.01
2013-05-17  37.8  37.97  37.56  37.97  1649400  37.97
2013-05-16  37.93  38.25  37.53  37.65  1240200  37.65
2013-05-15  38.15  38.22  37.9  38.07  1246300  38.07
2013-05-14  37.85  38.27  37.74  38.15  1444000  38.15
2013-05-13  37.72  37.91  37.58  37.77  1538100  37.77
2013-05-10  37.94  38.31  37.72  37.87  1262200  37.87
2013-05-09  38.43  38.51  37.84  37.89  1728800  37.89
2013-05-08  37.89  38.53  37.71  38.51  1720900  38.51
2013-05-07  37.28  38.32  37.2  38.17  2269800  38.17
2013-05-06  36.7  37.62  36.47  37.35  2121700  37.35
2013-05-03  36.45  37.21  36.36  36.57  2763600  36.57
2013-05-02  36.46  37.89  36.4  36.49  5317200  36.49
2013-05-01  35.5  35.64  34.52  34.81  1716600  34.81
2013-04-30  35.05  35.42  34.93  35.41  1663600  35.41
2013-04-29  34.92  35.27  34.8  35.14  725100  35.14
2013-04-26  35.08  35.09  34.66  34.91  1358900  34.91
2013-04-25  35.15  35.2  34.87  34.93  2297100  34.93
2013-04-24  35.04  35.47  34.89  35.03  1842100  35.03
2013-04-23  35.21  35.26  34.75  34.91  1229500  34.91
2013-04-22  35.0  35.1  34.33  35.02  1457200  35.02
2013-04-19  34.56  35.16  34.45  34.83  1980500  34.83
2013-04-18  34.38  34.96  34.37  34.62  3031200  34.62
2013-04-17  35.19  35.31  34.49  34.71  2279900  34.71
2013-04-16  35.54  35.77  35.15  35.55  1876900  35.55
2013-04-15  36.09  36.28  35.2  35.34  1928000  35.34
2013-04-12  36.44  36.48  35.8  36.17  1771500  36.17
2013-04-11  36.63  36.71  36.36  36.49  1552600  36.49
2013-04-10  36.13  36.57  35.81  36.51  2730900  36.51
2013-04-09  36.04  36.5  35.93  36.47  1979900  36.47
2013-04-08  35.63  35.96  35.14  35.94  1880900  35.94
2013-04-05  35.07  35.76  34.66  35.69  2191900  35.69
2013-04-04  35.2  35.76  35.04  35.56  2610400  35.56
2013-04-03  34.7  35.35  34.7  35.1  2807600  35.1
2013-04-02  34.91  35.36  34.68  34.79  2162400  34.79
2013-04-01  35.27  35.6  34.73  34.86  1872000  34.86
2013-03-28  35.06  35.23  34.88  35.21  2269800  35.21
2013-03-27  35.11  35.33  34.82  35.21  2262900  35.21
2013-03-26  35.08  35.45  34.94  35.28  3118600  35.28
2013-03-25  36.16  36.24  34.93  35.15  3626800  35.15
2013-03-22  36.25  36.42  35.79  36.01  2491100  36.01
2013-03-21  36.51  36.6  35.93  36.06  2395500  36.06
2013-03-20  37.0  37.11  35.98  36.65  3526700  36.65
2013-03-19  37.63  37.8  36.49  36.89  2790600  36.89
2013-03-18  37.57  38.14  37.3  37.63  1756700  37.63
2013-03-15  37.71  37.94  37.64  37.88  2182900  37.88
2013-03-14  37.88  37.97  37.63  37.81  1774000  37.81
2013-03-13  37.93  37.99  37.58  37.74  2099800  37.74
2013-03-12  38.05  38.38  37.54  37.69  1746700  37.69
2013-03-11  38.2  38.31  38.0  38.08  1236900  38.08
2013-03-08  38.68  38.72  38.07  38.13  1621400  38.13
2013-03-07  38.5  38.68  38.18  38.22  1818000  38.22
2013-03-06  39.15  39.2  38.41  38.52  1807600  38.52
2013-03-05  38.46  39.19  38.43  38.98  1846200  38.98
2013-03-04  38.09  38.39  37.71  38.38  2431500  38.38
2013-03-01  37.95  38.35  37.64  38.26  2858900  38.26
2013-02-28  37.62  38.54  37.6  38.29  4339500  38.29
2013-02-27  36.65  37.97  36.62  37.67  4708400  37.67
2013-02-26  38.59  39.38  35.55  36.52  9355800  36.52
2013-02-25  40.48  40.96  39.35  39.41  2763600  39.41
2013-02-22  40.27  40.73  40.01  40.22  2289700  40.22
2013-02-21  41.07  41.07  40.07  40.16  2490100  40.16
2013-02-20  41.98  42.05  41.11  41.2  1535400  41.2
2013-02-19  41.77  42.12  41.53  41.98  1858000  41.98
2013-02-15  41.79  42.23  41.6  41.65  1628800  41.65
2013-02-14  41.95  42.16  41.62  41.79  1920600  41.79
2013-02-13  42.3  42.48  41.82  42.05  1361500  42.05
2013-02-12  42.33  42.56  42.1  42.13  1519700  42.13
2013-02-11  42.67  42.83  42.18  42.38  913300  42.38
2013-02-08  42.56  42.9  42.34  42.71  1448200  42.71
2013-02-07  42.63  42.63  42.01  42.46  1737600  42.46
2013-02-06  42.24  42.86  42.03  42.56  2003700  42.56
2013-02-05  42.38  42.98  42.11  42.8  1395600  42.8
2013-02-04  42.18  42.54  42.08  42.16  2066600  42.16
2013-02-01  42.68  42.7  42.33  42.41  1891000  42.41
2013-01-31  42.39  42.57  41.81  42.28  3358100  42.28
2013-01-30  42.88  42.91  42.35  42.5  1822000  42.5
2013-01-29  42.66  42.95  42.32  42.89  1489500  42.89
2013-01-28  43.06  43.16  42.56  42.75  1647800  42.75
2013-01-25  42.81  42.93  42.46  42.91  1504000  42.91
2013-01-24  42.48  43.1  42.34  42.56  1977700  42.56
2013-01-23  42.51  42.7  42.19  42.36  1294000  42.36
2013-01-22  42.2  42.49  42.08  42.46  1300400  42.46
2013-01-18  42.84  42.84  42.12  42.25  3014700  42.25
2013-01-17  42.16  42.42  42.07  42.41  1340500  42.41
2013-01-16  42.02  42.29  42.02  42.1  1258700  42.1
2013-01-15  41.84  42.22  41.81  42.12  1053400  42.12
2013-01-14  42.03  42.18  41.81  42.08  1139100  42.08
2013-01-11  41.78  42.3  41.78  42.08  2067900  42.08
2013-01-10  41.83  41.97  41.69  41.92  1920600  41.92
2013-01-09  40.69  41.74  40.53  41.55  2393800  41.55
2013-01-08  40.64  40.68  40.26  40.49  1473600  40.49
2013-01-07  40.93  41.09  40.62  40.77  1381700  40.77
2013-01-04  40.52  41.31  40.37  41.21  1592300  41.21
2013-01-03  40.3  40.49  40.18  40.44  2124900  40.44
2013-01-02  39.69  40.65  39.58  40.31  2293100  40.31
2012-12-31  38.52  38.99  38.27  38.98  1030900  38.98
2012-12-28  38.47  39.15  38.44  38.47  1074600  38.47
2012-12-27  38.92  38.99  38.32  38.7  926800  38.7
2012-12-26  39.19  39.39  38.88  38.92  932500  38.92
2012-12-24  39.24  39.35  38.98  39.19  505100  39.19
2012-12-21  38.88  39.23  38.43  39.15  2192300  39.15
2012-12-20  39.12  39.34  38.8  39.32  1843700  39.32
2012-12-19  38.78  39.31  38.7  39.04  2254300  39.04
2012-12-18  38.03  38.86  37.85  38.8  2152600  38.8
2012-12-17  37.81  38.05  37.43  38.04  2686300  38.04
2012-12-14  37.37  37.79  37.29  37.67  1671100  37.67
2012-12-13  37.19  37.94  37.18  37.56  1181500  37.56
2012-12-12  38.09  38.28  37.36  37.49  1581700  37.49
2012-12-11  37.73  38.28  37.55  38.07  1613100  38.07
2012-12-10  36.78  37.7  36.72  37.67  1456100  37.67
2012-12-07  36.52  36.82  36.34  36.8  1028500  36.8
2012-12-06  37.02  37.02  36.13  36.45  1764900  36.45
2012-12-05  36.54  37.2  36.52  37.1  1327200  37.1
2012-12-04  36.64  36.64  36.35  36.52  1014000  36.52
2012-12-03  37.11  37.27  36.37  36.5  1324200  36.5
2012-11-30  36.91  37.05  36.66  36.88  1809200  36.88
2012-11-29  36.96  37.41  36.64  36.81  2610300  36.81
2012-11-28  35.98  36.29  35.89  36.22  1654900  36.22
2012-11-27  36.38  36.48  36.12  36.17  1231300  36.17
2012-11-26  36.15  36.49  36.03  36.42  1206200  36.42
2012-11-23  36.12  36.38  35.92  36.36  521200  36.36
2012-11-21  35.61  36.13  35.52  35.99  1397800  35.99
2012-11-20  35.42  35.67  35.09  35.67  1242700  35.67
2012-11-19  35.35  35.59  35.07  35.41  892000  35.41
2012-11-16  35.41  35.5  34.63  34.98  1700300  34.98
2012-11-15  35.52  35.74  35.25  35.43  1182400  35.43
2012-11-14  36.14  36.22  35.5  35.57  2388400  35.57
2012-11-13  35.9  36.52  35.87  36.05  1972300  36.05
2012-11-12  36.08  36.38  35.93  36.16  1006900  36.16
2012-11-09  35.95  36.3  35.86  35.92  1526500  35.92
2012-11-08  36.3  36.49  35.93  35.93  2105500  35.93
2012-11-07  36.59  36.92  35.97  36.34  1860300  36.34
2012-11-06  36.41  37.66  36.09  37.05  2138200  37.05
2012-11-05  36.07  36.48  36.03  36.31  1179800  36.31
2012-11-02  36.56  36.58  36.01  36.1  1143300  36.1
2012-11-01  35.72  36.51  35.59  36.4  1407600  36.4
2012-10-31  35.59  36.1  35.58  35.81  1549000  35.81
2012-10-26  35.98  36.54  35.49  35.63  2864600  35.63
2012-10-25  35.22  35.36  34.72  35.0  1539300  35.0
2012-10-24  35.44  35.6  34.99  35.03  2080200  35.03
2012-10-23  34.21  35.56  34.14  35.48  2410700  35.48
2012-10-22  34.48  34.69  34.25  34.56  1269600  34.56
2012-10-19  34.84  34.97  34.37  34.55  2698100  34.55
2012-10-18  34.83  35.06  34.69  34.76  2705200  34.76
2012-10-17  34.54  34.97  34.54  34.77  3303700  34.77
2012-10-16  34.3  34.74  34.08  34.48  2119700  34.48
2012-10-15  34.15  34.41  33.79  34.23  2211600  34.23
2012-10-12  33.72  34.14  33.65  34.02  3306500  34.02
2012-10-11  33.83  33.94  33.46  33.66  3414100  33.66
2012-10-10  34.18  34.25  33.45  33.61  2443700  33.61
2012-10-09  34.45  34.51  33.92  34.04  2125400  34.04
2012-10-08  34.6  34.78  34.38  34.45  1446600  34.45
2012-10-05  34.98  35.22  34.74  34.77  1799400  34.77
2012-10-04  34.66  34.78  34.36  34.65  1725600  34.65
2012-10-03  34.56  34.87  34.25  34.39  2775500  34.39
2012-10-02  35.57  35.57  34.33  34.4  3105500  34.4
2012-10-01  35.63  35.72  35.12  35.35  1995100  35.35
2012-09-28  35.78  35.86  35.41  35.55  1484100  35.55
2012-09-27  35.45  36.06  35.25  36.0  1459500  36.0
2012-09-26  35.26  35.59  35.22  35.23  926000  35.23
2012-09-25  36.05  36.29  35.22  35.26  1575700  35.26
2012-09-24  35.92  36.37  35.77  36.05  997200  36.05
2012-09-21  36.79  36.89  35.91  35.97  1916600  35.97
2012-09-20  37.21  37.3  36.51  36.71  1574700  36.71
2012-09-19  37.54  37.7  37.02  37.42  950300  37.42
2012-09-18  37.45  37.67  37.16  37.36  1488300  37.36
2012-09-17  38.22  38.36  37.55  37.64  1331200  37.64
2012-09-14  38.22  38.49  38.03  38.3  1492500  38.3
2012-09-13  38.03  38.58  37.87  38.25  1331600  38.25
2012-09-12  38.02  38.24  37.86  38.14  776300  38.14
2012-09-11  37.42  38.06  37.36  37.96  1064800  37.96
2012-09-10  37.23  37.64  37.08  37.5  1101200  37.5
2012-09-07  36.46  37.13  36.38  36.95  1327700  36.95
2012-09-06  35.82  36.5  35.67  36.3  1104900  36.3
2012-09-05  35.5  35.77  35.12  35.44  1466900  35.44
2012-09-04  35.7  36.0  35.41  35.67  1625800  35.67
2012-08-31  35.73  35.92  35.4  35.81  1232100  35.81
2012-08-30  35.77  35.88  35.27  35.4  1206100  35.4
2012-08-29  36.03  36.25  35.9  35.99  700600  35.99
2012-08-28  36.05  36.3  36.04  36.06  1190100  36.06
2012-08-27  36.91  36.92  36.17  36.22  780200  36.22
2012-08-24  36.7  37.1  36.46  36.88  850100  36.88
2012-08-23  37.22  37.22  36.41  36.7  939100  36.7
2012-08-22  37.56  37.68  37.12  37.17  1136000  37.17
2012-08-21  37.6  38.05  37.55  37.66  1121900  37.66
2012-08-20  37.31  37.73  37.26  37.65  1622900  37.65
2012-08-17  37.61  37.61  37.07  37.45  1477700  37.45
2012-08-16  36.7  37.61  36.55  37.47  1556000  37.47
2012-08-15  36.11  36.61  36.11  36.58  957900  36.58
2012-08-14  36.2  36.33  36.09  36.22  1413700  36.22
2012-08-13  35.71  36.14  35.58  36.12  1439300  36.12
2012-08-10  35.37  36.0  35.16  35.88  1646200  35.88
2012-08-09  35.44  35.7  35.03  35.6  2696000  35.6
2012-08-08  34.62  35.84  34.52  35.62  2358400  35.62
2012-08-07  35.25  35.66  34.39  34.89  3467900  34.89
2012-08-06  35.48  35.79  35.2  35.25  1104200  35.25
2012-08-03  35.2  35.59  34.8  35.31  1491400  35.31
2012-08-02  34.28  34.49  34.07  34.42  1757500  34.42
2012-08-01  35.11  35.11  34.29  34.47  2139300  34.47
2012-07-31  35.1  35.3  34.77  34.79  2042200  34.79
2012-07-30  35.21  35.57  35.09  35.23  2211000  35.23
2012-07-27  35.19  35.58  35.19  35.27  3275500  35.27
2012-07-26  35.59  36.14  34.71  35.03  1736000  35.03
2012-07-25  36.03  36.04  34.75  34.82  2435400  34.82
2012-07-24  36.29  36.32  35.65  35.91  2663800  35.91
2012-07-23  35.55  36.55  35.18  36.47  1550200  36.47
2012-07-20  37.61  37.61  36.17  36.24  1327500  36.24
2012-07-19  37.63  37.82  37.41  37.63  1115700  37.63
2012-07-18  36.33  37.9  36.33  37.61  1531700  37.61
2012-07-17  36.42  36.68  35.63  36.51  1462100  36.51
2012-07-16  36.75  36.79  35.79  36.36  1331500  36.36
2012-07-13  35.83  36.97  35.83  36.84  955700  36.84
2012-07-12  35.62  36.14  35.38  35.88  1455100  35.88
2012-07-11  36.28  36.55  35.82  36.1  1854100  36.1
2012-07-10  37.38  37.56  36.17  36.36  1172000  36.36
2012-07-09  37.31  37.57  36.85  36.94  862600  36.94
2012-07-06  38.16  38.35  37.22  37.44  875600  37.44
2012-07-05  38.21  38.74  38.07  38.43  944300  38.43
2012-07-03  38.12  38.41  37.69  38.4  727000  38.4
2012-07-02  38.1  38.1  37.23  37.93  1206400  37.93
2012-06-29  37.26  37.9  37.09  37.9  1614700  37.9
2012-06-28  36.37  36.6  35.91  36.4  1768600  36.4
2012-06-27  36.79  36.92  36.37  36.6  1040100  36.6
2012-06-26  37.04  37.13  36.01  36.6  2334100  36.6
2012-06-25  37.58  37.58  36.98  37.16  1110100  37.16
2012-06-22  37.89  38.04  37.34  37.88  1319000  37.88
2012-06-21  39.13  39.3  37.76  37.82  1045100  37.82
2012-06-20  39.44  39.46  38.74  39.03  1210600  39.03
2012-06-19  38.85  39.61  38.74  39.39  1107400  39.39
2012-06-18  38.38  38.97  38.09  38.75  1119200  38.75
2012-06-15  38.78  38.88  38.14  38.61  2045800  38.61
2012-06-14  38.08  39.0  37.98  38.65  1310000  38.65
2012-06-13  38.15  38.56  37.79  38.01  878700  38.01
2012-06-12  38.19  38.37  37.79  38.22  1414000  38.22
2012-06-11  38.77  38.87  37.97  38.03  993500  38.03
2012-06-08  37.85  38.6  37.82  38.5  1106200  38.5
2012-06-07  38.8  39.07  38.0  38.12  1607500  38.12
2012-06-06  37.39  38.32  37.34  38.27  1436200  38.27
2012-06-05  36.78  37.22  36.62  37.06  1790700  37.06
2012-06-04  36.63  36.93  36.36  36.81  1986800  36.81
2012-06-01  36.63  36.78  36.15  36.63  3322000  36.63
2012-05-31  37.0  37.58  36.52  37.41  3295700  37.41
2012-05-30  37.52  37.52  36.91  37.2  1959900  37.2
2012-05-29  37.71  38.18  37.59  37.94  1830300  37.94
2012-05-25  37.71  37.73  37.3  37.36  1683500  37.36
2012-05-24  37.78  37.94  37.34  37.62  2553900  37.62
2012-05-23  36.98  37.95  36.76  37.83  2957500  37.83
2012-05-22  37.22  37.54  36.2  37.23  3492700  37.23
2012-05-21  36.26  37.3  36.18  37.22  1792100  37.22
2012-05-18  36.59  36.65  36.1  36.24  4163300  36.24
2012-05-17  36.71  36.97  36.32  36.46  3602600  36.46
2012-05-16  37.06  37.06  36.63  36.76  5373400  36.76
2012-05-15  37.38  37.46  36.65  36.82  4679900  36.82
2012-05-14  37.24  37.7  37.08  37.38  2751800  37.38
2012-05-11  37.57  38.04  37.46  37.6  2551800  37.6
2012-05-10  37.79  38.24  37.45  37.68  1538200  37.68
2012-05-09  37.82  37.86  37.12  37.49  2940300  37.49
2012-05-08  38.41  38.48  37.98  38.17  2927800  38.17
2012-05-07  37.96  38.93  37.77  38.76  2065100  38.76
2012-05-04  38.6  38.66  38.07  38.36  2481700  38.36
2012-05-03  39.43  39.74  38.68  38.85  2747800  38.85
2012-05-02  39.94  39.94  39.02  39.56  2006500  39.56
2012-05-01  38.91  39.85  38.79  39.44  2728800  39.44
2012-04-30  38.84  39.14  38.75  38.84  3566400  38.84
2012-04-27  39.41  39.5  38.62  38.75  3174900  38.75
2012-04-26  39.41  39.47  38.84  39.16  2942600  39.16
2012-04-25  40.28  40.35  39.63  39.71  2652200  39.71
2012-04-24  39.96  40.44  39.88  40.06  1983500  40.06
2012-04-23  40.32  40.48  39.56  39.77  3292100  39.77
2012-04-20  40.94  41.74  40.69  40.75  8189000  40.75
2012-04-19  45.03  45.36  44.22  44.42  1174200  44.42
2012-04-18  44.96  45.49  44.84  45.14  1382600  45.14
2012-04-17  44.99  45.5  44.81  45.26  1368300  45.26
2012-04-16  45.09  45.09  44.33  44.69  1450300  44.69
2012-04-13  45.37  45.48  44.94  44.99  1063100  44.99
2012-04-12  44.82  46.11  44.72  45.63  1702800  45.63
2012-04-11  44.29  44.79  44.08  44.71  1240000  44.71
2012-04-10  44.34  44.37  43.66  43.76  1641300  43.76
2012-04-09  44.6  44.8  44.25  44.52  1126900  44.52
2012-04-05  44.84  45.55  44.83  45.38  1415100  45.38
2012-04-04  44.55  45.17  44.4  45.09  1035200  45.09
2012-04-03  45.04  45.22  44.5  44.9  990500  44.9
2012-04-02  45.02  45.68  44.9  45.23  1252100  45.23
2012-03-30  45.24  45.45  44.8  45.16  1168000  45.16
2012-03-29  44.77  44.98  44.2  44.95  1180900  44.95
2012-03-28  45.22  45.32  44.48  45.01  847200  45.01
2012-03-27  45.51  45.54  45.12  45.23  926300  45.23
2012-03-26  45.23  45.54  45.05  45.54  1218100  45.54
2012-03-23  45.17  45.17  44.43  44.92  1129000  44.92
2012-03-22  45.14  45.41  44.75  45.05  1685900  45.05
2012-03-21  43.87  45.83  43.69  45.62  2673900  45.62
2012-03-20  44.42  44.48  43.8  43.98  1197800  43.98
2012-03-19  44.19  44.94  44.19  44.77  2422800  44.77
2012-03-16  43.19  44.82  43.19  44.48  3496700  44.48
2012-03-15  42.81  43.43  42.72  43.26  1552200  43.26
2012-03-14  43.66  43.69  42.61  42.89  1557700  42.89
2012-03-13  43.05  43.68  42.98  43.67  1886800  43.67
2012-03-12  42.95  43.07  42.43  42.78  996300  42.78
2012-03-09  42.59  43.11  42.1  43.05  1147100  43.05
2012-03-08  42.59  42.72  42.11  42.56  1194300  42.56
2012-03-07  42.35  42.4  42.04  42.21  1644500  42.21
2012-03-06  42.55  42.77  42.12  42.25  1795100  42.25
2012-03-05  42.84  43.32  42.78  42.94  1949500  42.94
2012-03-02  42.85  43.2  42.73  43.04  2005100  43.04
2012-03-01  42.55  43.18  42.17  42.99  2143300  42.99
2012-02-29  41.33  42.43  41.26  42.42  2956000  42.42
2012-02-28  41.91  41.97  41.07  41.27  2138900  41.27
2012-02-27  41.74  42.23  41.58  41.88  1377000  41.88
2012-02-24  42.77  42.77  41.97  42.09  1250300  42.09
2012-02-23  42.25  42.79  42.21  42.56  1274500  42.56
2012-02-22  42.73  42.8  42.24  42.32  1563000  42.32
2012-02-21  42.63  43.0  41.76  42.76  2106700  42.76
2012-02-17  43.39  43.59  42.74  43.04  1671600  43.04
2012-02-16  42.64  43.7  42.39  43.39  2455200  43.39
2012-02-15  42.54  42.54  41.19  41.25  2437900  41.25
2012-02-14  42.44  42.66  42.24  42.45  1500000  42.45
2012-02-13  42.05  42.5  41.72  42.48  1195200  42.48
2012-02-10  41.36  41.86  41.3  41.78  1251800  41.78
2012-02-09  41.5  42.01  41.5  41.82  1027200  41.82
2012-02-08  41.62  41.84  41.2  41.42  1414100  41.42
2012-02-07  42.1  42.1  41.52  41.75  1820300  41.75
2012-02-06  42.94  43.07  42.12  42.21  1269800  42.21
2012-02-03  42.75  43.3  42.42  43.27  1851700  43.27
2012-02-02  42.97  43.25  42.01  42.2  1538300  42.2
2012-02-01  43.21  43.21  42.58  42.86  1683900  42.86
2012-01-31  43.31  43.62  42.49  43.36  3694300  43.36
2012-01-30  42.6  43.4  42.44  43.22  1352300  43.22
2012-01-27  43.22  43.41  42.9  43.21  937800  43.21
2012-01-26  43.32  43.7  43.06  43.43  1063000  43.43
2012-01-25  42.73  43.07  42.39  42.96  1719700  42.96
2012-01-24  42.69  42.89  42.35  42.59  1017400  42.59
2012-01-23  42.93  43.44  42.65  42.95  1176400  42.95
2012-01-20  43.21  43.29  42.87  43.12  1523700  43.12
2012-01-19  42.18  43.31  42.18  43.13  1507800  43.13
2012-01-18  41.45  42.11  41.4  42.05  1198400  42.05
2012-01-17  41.87  41.96  41.23  41.36  1040700  41.36
2012-01-13  41.13  41.58  40.62  41.45  1495800  41.45
2012-01-12  41.42  41.96  41.29  41.37  1634400  41.37
2012-01-11  41.11  41.4  40.89  41.27  1892000  41.27
2012-01-10  41.08  42.09  41.0  41.28  1478500  41.28
2012-01-09  40.34  40.64  40.22  40.51  1156300  40.51
2012-01-06  39.81  40.62  39.81  40.45  1421200  40.45
2012-01-05  40.09  40.12  39.62  39.83  1295700  39.83
2012-01-04  40.02  40.3  39.62  40.19  994500  40.19
2012-01-03  40.62  40.86  40.1  40.12  1574000  40.12
2011-12-30  39.91  40.06  39.7  39.77  766800  39.77
2011-12-29  39.32  39.99  39.32  39.96  813000  39.96
2011-12-28  40.19  40.45  39.1  39.35  899200  39.35
2011-12-27  39.83  40.61  39.57  40.36  930500  40.36
2011-12-23  39.51  39.88  39.23  39.88  873900  39.88
2011-12-22  39.1  39.64  38.85  39.55  1293100  39.55
2011-12-21  39.43  39.48  38.61  38.95  2046100  38.95
2011-12-20  38.87  39.74  38.69  39.31  2666500  39.31
2011-12-19  39.4  39.65  37.99  38.14  1539400  38.14
2011-12-16  39.45  40.09  39.04  39.2  1943500  39.2
2011-12-15  39.61  39.75  39.03  39.19  1639800  39.19
2011-12-14  39.04  39.29  38.63  38.88  1977800  38.88
2011-12-13  40.11  40.4  38.99  39.26  1804500  39.26
2011-12-12  40.14  40.14  39.38  39.92  1550200  39.92
2011-12-09  40.02  40.84  39.76  40.52  1960700  40.52
2011-12-08  40.35  40.89  39.57  39.69  2293100  39.69
2011-12-07  41.03  41.28  40.56  40.78  1820400  40.78
2011-12-06  41.71  41.79  41.12  41.29  1519700  41.29
2011-12-05  41.66  42.03  41.24  41.56  1323900  41.56
2011-12-02  41.54  41.99  40.82  40.89  1035600  40.89
2011-12-01  42.03  42.07  40.84  40.98  1742200  40.98
2011-11-30  41.09  42.3  41.05  42.25  2041500  42.25
2011-11-29  39.81  40.45  39.55  39.83  1335400  39.83
2011-11-28  39.97  40.51  39.29  39.68  1453400  39.68
2011-11-25  38.61  39.19  38.49  38.61  588300  38.61
2011-11-23  39.42  39.46  38.6  38.71  1534900  38.71
2011-11-22  40.44  40.55  39.57  39.75  1682500  39.75
2011-11-21  40.86  40.86  39.91  40.56  1075200  40.56
2011-11-18  41.27  41.73  40.96  41.33  1365100  41.33
2011-11-17  42.45  42.56  40.94  41.26  1840200  41.26
2011-11-16  43.16  44.08  42.57  42.65  1117700  42.65
2011-11-15  43.43  44.02  43.17  43.71  1309100  43.71
2011-11-14  43.69  44.17  43.32  43.52  874100  43.52
2011-11-11  43.55  44.21  43.55  43.94  1039300  43.94
2011-11-10  43.08  43.32  42.59  43.01  1429100  43.01
2011-11-09  43.33  43.56  42.16  42.48  2056400  42.48
2011-11-08  42.99  44.35  42.84  44.27  1827600  44.27
2011-11-07  42.52  42.87  41.77  42.85  1520300  42.85
2011-11-04  42.04  42.85  41.82  42.67  1628700  42.67
2011-11-03  41.8  43.11  41.51  42.89  2660400  42.89
2011-11-02  42.27  42.71  41.03  41.84  3124700  41.84
2011-11-01  42.78  43.28  41.95  42.27  3060600  42.27
2011-10-31  45.06  45.19  43.91  44.01  2463000  44.01
2011-10-28  45.35  45.83  44.83  45.57  1503000  45.57
2011-10-27  44.28  46.07  44.28  45.57  2301600  45.57
2011-10-26  43.37  44.01  42.37  43.17  2635700  43.17
2011-10-25  44.56  44.68  43.62  43.8  2036000  43.8
2011-10-24  44.12  45.4  44.01  45.1  1905500  45.1
2011-10-21  43.37  44.25  43.26  44.05  1549300  44.05
2011-10-20  42.61  43.09  41.93  42.85  1535100  42.85
2011-10-19  42.9  43.32  42.28  42.43  1867200  42.43
2011-10-18  41.9  43.32  41.44  42.98  1650100  42.98
2011-10-17  42.66  42.82  41.45  41.84  1656500  41.84
2011-10-14  43.1  43.1  42.21  42.9  1235600  42.9
2011-10-13  42.42  42.58  41.89  42.43  1514600  42.43
2011-10-12  43.22  43.32  42.52  42.66  2398500  42.66
2011-10-11  42.44  43.28  42.22  43.13  1754000  43.13
2011-10-10  41.8  42.58  41.8  42.58  1446200  42.58
2011-10-07  41.38  41.65  40.76  41.15  2380300  41.15
2011-10-06  40.04  41.29  39.62  41.25  1683400  41.25
2011-10-05  38.65  40.17  38.22  39.96  1579400  39.96
2011-10-04  37.36  38.76  36.92  38.63  3758400  38.63
2011-10-03  38.79  39.56  37.86  37.91  2598400  37.91
2011-09-30  39.59  39.86  38.99  39.14  2396900  39.14
2011-09-29  40.32  41.2  39.32  40.33  2598100  40.33
2011-09-28  40.76  41.03  39.47  39.52  1973300  39.52
2011-09-27  40.67  41.37  40.14  40.49  1485800  40.49
2011-09-26  39.34  39.96  38.73  39.88  2041100  39.88
2011-09-23  38.39  39.69  38.32  39.04  2559300  39.04
2011-09-22  39.85  40.09  37.91  38.52  3493600  38.52
2011-09-21  41.99  42.38  40.44  40.71  2770400  40.71
2011-09-20  42.93  42.97  41.86  41.98  1549800  41.98
2011-09-19  42.23  43.04  41.84  42.81  1559700  42.81
2011-09-16  43.46  43.73  42.41  42.79  2769200  42.79
2011-09-15  43.14  43.5  42.44  43.42  1312700  43.42
2011-09-14  42.21  43.28  41.1  42.62  2097700  42.62
2011-09-13  40.52  42.06  40.36  41.89  2648600  41.89
2011-09-12  39.95  40.54  39.29  40.31  2269100  40.31
2011-09-09  41.08  41.36  40.11  40.59  2116100  40.59
2011-09-08  41.75  42.13  41.22  41.62  1662900  41.62
2011-09-07  41.05  42.06  40.75  42.02  1461400  42.02
2011-09-06  40.34  40.52  39.62  40.38  2342600  40.38
2011-09-02  42.56  42.66  41.34  41.58  1527000  41.58
2011-09-01  43.82  44.81  43.23  43.29  1548500  43.29
2011-08-31  44.63  45.29  43.52  43.91  2099300  43.91
2011-08-30  43.86  44.69  43.66  44.38  1383000  44.38
2011-08-29  42.97  44.09  42.78  44.01  1359900  44.01
2011-08-26  40.84  42.41  40.07  42.32  1752100  42.32
2011-08-25  42.49  42.6  41.11  41.24  2310600  41.24
2011-08-24  41.11  42.33  41.06  42.22  2153800  42.22
2011-08-23  39.31  41.23  38.97  41.23  2539900  41.23
2011-08-22  39.86  40.24  38.85  39.16  1595600  39.16
2011-08-19  39.13  40.34  38.74  38.92  2699600  38.92
2011-08-18  41.01  41.01  39.3  39.76  3087900  39.76
2011-08-17  42.67  43.02  41.43  41.92  1798100  41.92
2011-08-16  42.73  43.12  41.92  42.54  1737000  42.54
2011-08-15  43.01  43.09  42.12  42.95  2574000  42.95
2011-08-12  42.47  43.52  41.36  42.8  2783500  42.8
2011-08-11  40.01  43.27  39.61  42.53  3291100  42.53
2011-08-10  40.43  41.29  39.26  39.77  5302600  39.77
2011-08-09  41.18  42.61  39.27  41.36  6312300  41.36
2011-08-08  41.31  42.48  39.92  40.29  4284800  40.29
2011-08-05  43.09  43.35  41.05  42.33  4676900  42.33
2011-08-04  44.25  44.44  42.37  42.37  4588400  42.37
2011-08-03  43.61  46.01  43.06  44.78  3959600  44.78
2011-08-02  43.38  44.75  41.63  43.43  5981300  43.43
2011-08-01  46.45  46.46  44.88  45.45  1746500  45.45
2011-07-29  45.91  46.82  45.4  46.06  1319800  46.06
2011-07-28  45.92  46.81  45.9  46.35  1515800  46.35
2011-07-27  47.53  47.54  45.6  45.94  2055100  45.94
2011-07-26  48.61  48.69  47.49  47.97  821500  47.97
2011-07-25  48.48  49.04  48.1  48.78  871000  48.78
2011-07-22  48.42  49.01  48.1  48.76  953900  48.76
2011-07-21  47.79  48.74  47.57  48.54  1154300  48.54
2011-07-20  47.73  47.87  47.27  47.52  1117000  47.52
2011-07-19  47.53  47.99  47.37  47.95  1052300  47.95
2011-07-18  47.44  47.7  46.68  47.07  1265200  47.07
2011-07-15  48.25  48.31  47.2  47.73  1539000  47.73
2011-07-14  48.99  49.18  48.02  48.15  1394500  48.15
2011-07-13  49.24  49.51  48.68  48.82  1515300  48.82
2011-07-12  49.71  49.93  48.7  48.83  1328200  48.83
2011-07-11  50.13  50.23  49.39  49.78  1036100  49.78
2011-07-08  50.41  50.88  50.15  50.52  1438600  50.52
2011-07-07  51.07  51.37  50.73  51.04  1115600  51.04
2011-07-06  50.47  51.01  50.22  50.63  1112900  50.63
2011-07-05  50.59  50.68  50.05  50.45  1200300  50.45
2011-07-01  49.42  50.66  49.4  50.6  1136600  50.6
2011-06-30  48.85  49.78  48.69  49.41  1325900  49.41
2011-06-29  49.01  49.13  48.33  48.57  1577000  48.57
2011-06-28  47.63  49.37  47.57  48.86  2632900  48.86
2011-06-27  46.75  47.57  46.35  47.54  2394000  47.54
2011-06-24  46.72  46.8  45.89  45.92  1908200  45.92
2011-06-23  46.11  46.89  45.8  46.81  2017600  46.81
2011-06-22  46.42  47.24  46.41  46.77  2323600  46.77
2011-06-21  46.09  46.73  45.7  46.6  1554600  46.6
2011-06-20  45.75  46.13  45.52  45.89  2112400  45.89
2011-06-17  46.35  46.35  45.71  45.88  2178500  45.88
2011-06-16  45.28  45.99  45.09  45.7  4489100  45.7
2011-06-15  45.23  45.37  45.0  45.23  2586500  45.23
2011-06-14  45.41  45.86  45.34  45.63  1927300  45.63
2011-06-13  45.08  45.52  44.91  45.08  1885000  45.08
2011-06-10  46.39  46.6  45.25  45.39  2492100  45.39
2011-06-09  46.33  46.61  46.12  46.47  1090000  46.47
2011-06-08  46.99  47.22  46.2  46.32  1545100  46.32
2011-06-07  47.58  47.72  47.15  47.16  1607800  47.16
2011-06-06  48.5  48.5  47.48  47.56  1307300  47.56
2011-06-03  48.99  49.32  48.53  48.63  1208700  48.63
2011-06-02  49.54  50.14  49.19  49.72  1011200  49.72
2011-06-01  50.9  51.26  49.47  49.48  1275700  49.48
2011-05-31  50.69  50.98  50.39  50.98  1089500  50.98
2011-05-27  50.41  50.96  50.05  50.15  808400  50.15
2011-05-26  49.77  50.67  49.66  50.52  1028500  50.52
2011-05-25  50.08  50.33  49.16  50.08  936200  50.08
2011-05-24  50.46  50.46  49.22  49.37  1084500  49.37
2011-05-23  50.12  50.17  49.37  50.01  970900  50.01
2011-05-20  51.22  51.29  50.76  50.91  978400  50.91
2011-05-19  50.98  51.42  50.65  51.31  1182400  51.31
2011-05-18  49.79  50.72  49.51  50.63  827600  50.63
2011-05-17  50.3  50.31  49.53  50.04  1291300  50.04
2011-05-16  50.88  51.0  50.19  50.55  1016100  50.55
2011-05-13  52.04  52.27  50.73  50.98  1227200  50.98
2011-05-12  51.66  52.26  51.23  52.07  1200000  52.07
2011-05-11  52.68  52.72  51.64  51.79  1200000  51.79
2011-05-10  52.48  52.97  52.48  52.74  966800  52.74
2011-05-09  51.26  52.44  51.26  52.33  1567800  52.33
2011-05-06  51.36  51.76  51.11  51.42  1664300  51.42
2011-05-05  50.71  52.82  50.37  50.98  2900000  50.98
2011-05-04  51.53  51.85  50.66  50.72  1683000  50.72
2011-05-03  52.21  52.44  51.37  51.6  966100  51.6
2011-05-02  52.6  52.83  51.67  52.3  1005500  52.3
2011-04-29  52.45  53.12  52.04  52.13  1854500  52.13
2011-04-28  52.27  52.66  52.03  52.41  796800  52.41
2011-04-27  51.86  52.31  51.49  52.19  796200  52.19
2011-04-26  51.41  51.98  51.37  51.65  1200000  51.65
2011-04-25  51.38  51.51  50.76  51.13  952700  51.13
2011-04-21  50.51  51.41  50.44  51.29  1277700  51.29
2011-04-20  49.61  50.58  49.61  50.33  1207800  50.33
2011-04-19  49.11  49.29  48.74  49.13  802100  49.13
2011-04-18  48.68  49.23  48.36  49.05  1563100  49.05
2011-04-15  48.56  49.4  48.19  49.4  1736700  49.4
2011-04-14  48.23  48.97  48.11  48.36  1183600  48.36
2011-04-13  48.73  48.98  48.31  48.52  1373000  48.52
2011-04-12  48.06  48.67  48.04  48.5  1390500  48.5
2011-04-11  48.65  48.66  47.97  48.34  958600  48.34
2011-04-08  49.06  49.18  48.06  48.45  1262100  48.45
2011-04-07  48.54  49.23  48.54  48.95  1197100  48.95
2011-04-06  48.77  49.08  48.42  48.75  1284200  48.75
2011-04-05  48.35  48.95  48.03  48.58  1145500  48.58
2011-04-04  48.79  49.13  48.28  48.35  1277300  48.35
2011-04-01  48.38  49.31  48.37  48.81  1366500  48.81
2011-03-31  47.69  48.29  47.6  48.17  1280700  48.17
2011-03-30  47.32  47.94  47.21  47.83  1386400  47.83
2011-03-29  46.59  47.06  46.39  46.93  1218500  46.93
2011-03-28  46.36  46.87  46.06  46.56  1381800  46.56
2011-03-25  46.14  46.7  45.92  46.35  1749200  46.35
2011-03-24  45.78  46.08  45.45  46.06  1011400  46.06
2011-03-23  45.07  45.68  44.83  45.59  1450700  45.59
2011-03-22  45.24  45.53  44.62  45.24  2922000  45.24
2011-03-21  46.46  47.1  46.16  46.42  963400  46.42
2011-03-18  45.93  46.39  45.6  45.69  1953300  45.69
2011-03-17  45.7  46.01  44.92  45.25  962000  45.25
2011-03-16  44.92  45.4  44.42  44.7  2045200  44.7
2011-03-15  44.47  45.59  44.1  45.12  1518100  45.12
2011-03-14  46.05  46.27  45.19  45.68  1086500  45.68
2011-03-11  46.11  46.84  45.77  46.45  1368600  46.45
2011-03-10  46.48  46.91  45.7  46.42  1687700  46.42
2011-03-09  46.99  47.42  46.46  47.14  961700  47.14
2011-03-08  45.92  47.32  45.44  47.2  1420000  47.2
2011-03-07  46.9  46.9  45.08  45.79  1784100  45.79
2011-03-04  47.22  47.39  45.99  46.59  1014100  46.59
2011-03-03  46.48  47.4  46.4  47.28  1707400  47.28
2011-03-02  45.02  46.38  44.99  46.07  1749100  46.07
2011-03-01  46.87  46.95  44.46  45.11  2770300  45.11
2011-02-28  46.04  46.6  45.89  45.92  1467300  45.92
2011-02-25  46.19  46.41  45.69  45.79  1568200  45.79
2011-02-24  46.25  46.85  45.45  46.04  2722900  46.04
2011-02-23  46.6  47.52  44.93  46.5  4897000  46.5
2011-02-22  51.72  51.72  47.07  47.11  2871100  47.11
2011-02-18  52.22  52.94  51.73  52.67  1222600  52.67
2011-02-17  52.09  52.46  51.87  52.3  893600  52.3
2011-02-16  51.87  52.56  51.49  52.41  792900  52.41
2011-02-15  51.28  51.96  51.21  51.71  1476000  51.71
2011-02-14  51.84  51.87  51.13  51.58  1052700  51.58
2011-02-11  50.6  51.69  50.37  51.57  969000  51.57
2011-02-10  49.16  50.78  49.01  50.66  1096500  50.66
2011-02-09  49.42  49.5  48.95  49.38  978400  49.38
2011-02-08  49.38  49.57  49.04  49.46  588700  49.46
2011-02-07  49.13  49.68  48.77  49.3  1176500  49.3
2011-02-04  48.49  49.21  48.23  49.15  979100  49.15
2011-02-03  48.46  49.01  48.18  48.36  1069900  48.36
2011-02-02  50.04  50.16  48.54  48.62  1159500  48.62
2011-02-01  48.93  50.94  48.91  50.33  1371100  50.33
2011-01-31  48.6  48.99  48.35  48.67  3753800  48.67
2011-01-28  51.09  51.22  48.59  48.62  2053100  48.62
2011-01-27  51.26  51.59  50.93  51.35  822500  51.35
2011-01-26  50.65  51.62  50.65  51.47  1143200  51.47
2011-01-25  51.24  51.35  50.1  50.65  1285900  50.65
2011-01-24  51.42  51.87  50.97  51.56  1020100  51.56
2011-01-21  52.35  52.35  51.17  51.33  1268800  51.33
2011-01-20  52.31  52.59  51.87  52.14  1038400  52.14
2011-01-19  52.88  53.06  52.2  52.57  1006700  52.57
2011-01-18  52.45  53.58  52.32  53.12  1114600  53.12
2011-01-14  51.84  52.44  51.77  52.27  790600  52.27
2011-01-13  52.1  52.29  51.71  51.9  688300  51.9
2011-01-12  52.11  52.42  51.67  52.1  810900  52.1
2011-01-11  52.2  52.24  51.26  51.61  874600  51.61
2011-01-10  51.78  52.0  51.24  51.95  1184000  51.95
2011-01-07  52.37  52.69  51.56  52.04  1070800  52.04
2011-01-06  52.39  52.71  52.15  52.25  655800  52.25
2011-01-05  52.27  52.65  51.95  52.36  1125700  52.36
2011-01-04  53.15  53.53  52.23  52.56  961600  52.56
2011-01-03  52.91  53.98  52.88  53.18  1445600  53.18
2010-12-31  52.53  52.73  51.98  52.45  663900  52.45
2010-12-30  52.82  52.87  52.41  52.63  600400  52.63
2010-12-29  52.81  53.16  52.65  52.94  892600  52.94
2010-12-28  53.11  53.26  52.55  52.66  556200  52.66
2010-12-27  52.65  53.18  52.42  53.0  548600  53.0
2010-12-23  53.21  53.49  52.76  52.91  665800  52.91
2010-12-22  53.69  53.93  53.08  53.34  923800  53.34
2010-12-21  53.55  53.91  53.28  53.75  770700  53.75
2010-12-20  53.35  53.71  52.84  53.41  1138000  53.41
2010-12-17  54.65  54.71  53.11  53.17  3050800  53.17
2010-12-16  53.71  54.78  53.62  54.71  1037200  54.71
2010-12-15  53.64  54.03  53.32  53.72  1592500  53.72
2010-12-14  53.83  54.04  53.56  53.84  1061000  53.84
2010-12-13  53.98  54.13  53.7  53.83  1130700  53.83
2010-12-10  53.95  54.12  53.42  53.91  1021000  53.91
2010-12-09  54.74  54.89  53.73  53.79  1652600  53.79
2010-12-08  54.06  54.51  53.96  54.46  1863500  54.46
2010-12-07  53.37  54.41  53.26  54.06  1452400  54.06
2010-12-06  53.2  53.31  52.8  53.01  919900  53.01
2010-12-03  53.26  53.47  52.99  53.41  1127500  53.41
2010-12-02  52.65  53.41  52.36  53.36  1272000  53.36
2010-12-01  51.71  53.19  51.47  52.78  1917500  52.78
2010-11-30  49.85  51.14  49.85  50.81  1860500  50.81
2010-11-29  50.15  50.88  49.4  50.64  1350900  50.64
2010-11-26  50.33  50.81  50.1  50.57  263300  50.57
2010-11-24  49.22  51.13  49.22  50.67  1453600  50.67
2010-11-23  48.8  48.96  48.19  48.85  1319800  48.85
2010-11-22  49.37  49.82  48.8  49.49  821200  49.49
2010-11-19  49.06  49.62  48.91  49.62  1311400  49.62
2010-11-18  48.64  49.71  48.43  49.03  1391500  49.03
2010-11-17  48.27  48.28  47.77  48.18  1302800  48.18
2010-11-16  48.8  49.05  48.16  48.34  1894100  48.34
2010-11-15  49.22  49.73  49.02  49.3  1461700  49.3
2010-11-12  49.34  49.52  48.53  48.89  1583400  48.89
2010-11-11  48.26  49.32  48.01  49.12  864700  49.12
2010-11-10  48.23  48.76  48.12  48.67  1110600  48.67
2010-11-09  49.1  49.19  48.05  48.28  1299700  48.28
2010-11-08  49.25  49.57  48.69  49.05  1033100  49.05
2010-11-05  49.66  50.04  49.38  49.55  1519600  49.55
2010-11-04  48.42  49.52  48.12  49.48  1830800  49.48
2010-11-03  47.34  48.16  46.69  48.13  1637200  48.13
2010-11-02  48.17  48.6  46.53  47.31  1771700  47.31
2010-11-01  47.37  48.35  47.26  47.59  1282700  47.59
2010-10-29  46.93  47.46  46.79  47.23  927100  47.23
2010-10-28  47.2  47.35  46.54  47.09  949800  47.09
2010-10-27  47.21  47.5  46.7  47.0  1442500  47.0
2010-10-26  46.71  48.01  46.52  47.71  1005800  47.71
2010-10-25  47.78  48.39  47.65  47.84  1165100  47.84
2010-10-22  47.05  47.44  46.82  47.44  723100  47.44
2010-10-21  47.3  47.65  46.58  47.11  1415700  47.11
2010-10-20  46.19  47.31  46.19  47.2  1347000  47.2
2010-10-19  46.63  46.84  45.61  46.02  1917400  46.02
2010-10-18  46.83  46.94  46.13  46.91  2509000  46.91
2010-10-15  47.41  47.54  46.84  47.35  1724500  47.35
2010-10-14  46.39  47.05  46.37  46.94  1404300  46.94
2010-10-13  45.99  46.92  45.83  46.55  1304900  46.55
2010-10-12  45.56  45.97  44.83  45.76  1307500  45.76
2010-10-11  45.47  45.66  45.25  45.54  740900  45.54
2010-10-08  44.89  45.66  44.43  45.56  1194100  45.56
2010-10-07  45.28  45.37  44.42  44.8  1118400  44.8
2010-10-06  45.43  45.54  44.91  45.21  1197200  45.21
2010-10-05  44.02  46.27  43.95  45.44  2733700  45.44
2010-10-04  43.98  44.24  43.29  43.64  1360200  43.64
2010-10-01  44.66  44.89  43.96  44.14  1243500  44.14
2010-09-30  44.77  45.53  44.03  44.24  1709600  44.24
2010-09-29  44.14  44.57  43.9  44.53  1094600  44.53
2010-09-28  43.81  44.9  43.3  44.29  1489500  44.29
2010-09-27  43.74  43.92  43.49  43.6  1122300  43.6
2010-09-24  42.76  43.83  42.54  43.64  1735600  43.64
2010-09-23  42.61  43.03  41.96  42.16  1349800  42.16
2010-09-22  43.39  43.94  42.86  43.0  1225200  43.0
2010-09-21  43.02  43.43  42.88  43.33  1530100  43.33
2010-09-20  42.44  43.1  42.38  43.03  1305100  43.03
2010-09-17  42.33  42.8  42.09  42.3  1663900  42.3
2010-09-16  42.46  42.53  41.73  42.1  1287700  42.1
2010-09-15  42.28  42.67  41.93  42.63  885200  42.63
2010-09-14  42.69  42.74  42.26  42.38  1032600  42.38
2010-09-13  42.09  42.75  41.92  42.63  1852100  42.63
2010-09-10  41.25  41.9  41.18  41.77  1434800  41.77
2010-09-09  41.8  41.85  40.88  41.13  1558100  41.13
2010-09-08  41.17  41.72  41.11  41.36  1105400  41.36
2010-09-07  41.0  41.29  40.73  41.07  1900300  41.07
2010-09-03  40.56  41.27  40.55  41.26  2113500  41.26
2010-09-02  39.19  40.22  39.11  40.22  1460000  40.22
2010-09-01  38.49  39.3  38.2  39.2  1925200  39.2
2010-08-31  37.92  38.42  37.52  37.89  1713200  37.89
2010-08-30  38.64  38.96  38.11  38.11  1074900  38.11
2010-08-27  38.55  39.05  38.09  38.88  1734600  38.88
2010-08-26  38.49  39.01  38.27  38.38  1665900  38.38
2010-08-25  38.17  38.6  37.68  38.42  1664400  38.42
2010-08-24  38.87  38.99  37.87  38.45  1728100  38.45
2010-08-23  40.1  40.49  39.11  39.17  1126000  39.17
2010-08-20  39.68  39.94  39.25  39.86  1217900  39.86
2010-08-19  40.08  40.14  38.82  39.75  1954100  39.75
2010-08-18  40.34  40.76  39.81  40.43  1091500  40.43
2010-08-17  39.63  40.68  39.58  40.52  1719200  40.52
2010-08-16  38.69  39.6  38.4  39.32  1341400  39.32
2010-08-13  38.89  39.27  38.67  38.96  1273000  38.96
2010-08-12  38.51  39.31  38.51  39.16  1397000  39.16
2010-08-11  40.25  40.34  39.12  39.26  2760400  39.26
2010-08-10  41.71  41.91  40.67  40.91  3421800  40.91
2010-08-09  42.14  42.3  41.92  42.12  1138300  42.12
2010-08-06  41.8  42.38  41.47  42.0  2044400  42.0
2010-08-05  42.09  42.46  41.79  42.46  2222300  42.46
2010-08-04  40.86  42.42  40.78  42.35  2375700  42.35
2010-08-03  40.9  41.05  40.06  40.86  1599600  40.86
2010-08-02  41.15  41.34  40.43  41.11  1941600  41.11
2010-07-30  40.19  40.91  40.08  40.8  1765400  40.8
2010-07-29  40.48  40.79  39.99  40.18  1522000  40.18
2010-07-28  40.15  40.65  40.05  40.39  1415400  40.39
2010-07-27  40.6  40.94  39.76  39.93  1202000  39.93
2010-07-26  39.63  40.58  39.63  40.54  1555800  40.54
2010-07-23  38.81  39.71  38.64  39.6  1303400  39.6
2010-07-22  38.07  39.24  37.81  38.91  1883000  38.91
2010-07-21  38.03  38.12  36.98  37.54  1900200  37.54
2010-07-20  36.97  38.23  36.88  38.21  1570600  38.21
2010-07-19  37.08  37.61  36.83  37.59  1235200  37.59
2010-07-16  37.87  37.87  36.93  37.0  2411700  37.0
2010-07-15  37.98  38.04  36.98  37.75  1710300  37.75
2010-07-14  38.12  38.7  37.05  37.93  4547600  37.93
2010-07-13  34.84  35.75  34.84  35.56  1703800  35.56
2010-07-12  34.36  34.59  34.18  34.55  1280300  34.55
2010-07-09  33.89  34.41  33.79  34.36  1340200  34.36
2010-07-08  33.18  33.85  33.18  33.85  1344100  33.85
2010-07-07  32.56  33.32  32.51  33.26  1605700  33.26
2010-07-06  32.78  33.11  32.2  32.56  1461700  32.56
2010-07-02  32.89  33.15  32.27  32.51  1486200  32.51
2010-07-01  32.98  33.38  32.37  33.04  2023400  33.04
2010-06-30  33.44  33.9  32.97  33.02  1382500  33.02
2010-06-29  34.2  34.38  33.16  33.42  1528800  33.42
2010-06-28  35.16  35.25  34.46  34.68  1208200  34.68
2010-06-25  34.9  35.17  34.48  35.03  1558800  35.03
2010-06-24  35.22  35.47  34.63  34.89  1598700  34.89
2010-06-23  35.61  36.01  35.22  35.44  1766400  35.44
2010-06-22  36.91  37.21  35.53  35.63  1224200  35.63
2010-06-21  37.28  37.66  36.62  36.86  885500  36.86
2010-06-18  37.12  37.29  36.77  36.96  1537900  36.96
2010-06-17  37.31  37.4  36.49  37.02  965700  37.02
2010-06-16  37.1  37.59  36.98  37.22  875400  37.22
2010-06-15  36.5  37.35  36.33  37.32  1142700  37.32
2010-06-14  36.66  37.16  36.14  36.18  1033200  36.18
2010-06-11  35.38  36.32  35.36  36.28  1041400  36.28
2010-06-10  35.12  35.9  34.73  35.89  1102700  35.89
2010-06-09  35.11  35.63  34.34  34.53  2027700  34.53
2010-06-08  34.47  34.93  33.97  34.8  1558200  34.8
2010-06-07  35.48  35.58  34.38  34.4  1503100  34.4
2010-06-04  36.54  36.54  35.42  35.54  1790800  35.54
2010-06-03  36.94  37.32  36.65  37.18  1415600  37.18
2010-06-02  35.85  37.0  35.56  37.0  1915100  37.0
2010-06-01  36.4  36.87  35.78  35.79  1679300  35.79
2010-05-28  36.71  36.85  36.03  36.59  2369200  36.59
2010-05-27  36.54  36.85  36.09  36.85  2417200  36.85
2010-05-26  35.64  36.36  35.46  35.51  1845800  35.51
2010-05-25  35.08  35.48  34.46  35.47  3046400  35.47
2010-05-24  36.24  36.57  35.61  35.66  2512400  35.66
2010-05-21  35.44  36.59  35.43  36.45  3032600  36.45
2010-05-20  36.92  37.49  35.79  36.18  3080700  36.18
2010-05-19  38.23  38.67  37.27  37.83  2478100  37.83
2010-05-18  39.02  39.51  38.11  38.33  1649100  38.33
2010-05-17  39.05  39.68  38.18  38.96  1777900  38.96
2010-05-14  39.62  39.71  38.71  39.01  1963000  39.01
2010-05-13  40.08  40.27  39.6  39.8  1655100  39.8
2010-05-12  39.34  40.35  39.26  40.35  1651400  40.35
2010-05-11  38.87  39.98  38.79  39.31  1808600  39.31
2010-05-10  37.7  39.2  37.5  39.18  2938100  39.18
2010-05-07  37.15  37.77  36.65  36.77  4366000  36.77
2010-05-06  38.77  39.12  35.8  37.15  4375600  37.15
2010-05-05  39.77  39.77  38.58  38.68  2492300  38.68
2010-05-04  39.83  39.91  38.68  39.04  2002100  39.04
2010-05-03  38.56  40.32  38.56  40.13  3486000  40.13
2010-04-30  38.91  39.58  38.44  38.75  2516700  38.75
2010-04-29  38.07  39.23  37.96  38.72  1997200  38.72
2010-04-28  37.76  38.08  37.5  37.85  1344000  37.85
2010-04-27  38.37  38.73  37.55  37.66  2109500  37.66
2010-04-26  38.69  38.86  38.49  38.54  1034100  38.54
2010-04-23  38.67  38.85  38.26  38.7  2095100  38.7
2010-04-22  38.3  38.92  37.72  38.82  1765300  38.82
2010-04-21  37.16  38.52  37.12  38.41  2996300  38.41
2010-04-20  37.58  37.67  37.05  37.41  2004100  37.41
2010-04-19  37.49  37.84  37.17  37.43  2935800  37.43
2010-04-16  37.9  38.07  37.23  37.5  3394800  37.5
2010-04-15  36.58  38.02  36.49  37.93  4850400  37.93
2010-04-14  35.32  36.52  35.17  36.44  2417300  36.44
2010-04-13  35.2  35.42  34.87  35.36  994800  35.36
2010-04-12  35.39  35.51  35.17  35.2  774100  35.2
2010-04-09  34.85  35.43  34.74  35.41  1507500  35.41
2010-04-08  34.75  34.99  34.27  34.94  2538600  34.94
2010-04-07  34.86  34.93  34.49  34.77  1777700  34.77
2010-04-06  35.04  35.19  34.83  34.87  1627100  34.87
2010-04-05  35.02  35.39  34.66  35.18  1633500  35.18
2010-04-01  35.24  35.34  34.51  34.88  1355300  34.88
2010-03-31  35.14  35.31  34.82  35.14  1151500  35.14
2010-03-30  35.34  35.4  34.95  35.24  911800  35.24
2010-03-29  35.14  35.5  35.02  35.24  1227600  35.24
2010-03-26  35.25  35.37  34.67  34.9  2779400  34.9
2010-03-25  36.07  36.08  35.33  35.41  1963600  35.41
2010-03-24  36.55  36.55  35.88  36.01  1642300  36.01
2010-03-23  36.5  36.63  36.0  36.57  1583700  36.57
2010-03-22  36.35  36.73  36.31  36.52  2101200  36.52
2010-03-19  36.32  37.05  35.82  36.75  3963400  36.75
2010-03-18  35.64  36.24  35.54  36.2  959300  36.2
2010-03-17  35.57  36.04  35.48  35.77  1093500  35.77
2010-03-16  35.3  35.81  35.2  35.68  1173000  35.68
2010-03-15  35.49  35.64  35.09  35.25  1081000  35.25
2010-03-12  35.62  35.62  34.8  35.42  1586500  35.42
2010-03-11  35.21  35.48  35.18  35.46  2365800  35.46
2010-03-10  34.75  35.52  34.75  35.26  2034300  35.26
2010-03-09  34.74  34.96  34.65  34.86  1332400  34.86
2010-03-08  34.74  35.03  34.65  34.72  2261500  34.72
2010-03-05  34.6  34.93  34.53  34.82  1852600  34.82
2010-03-04  34.37  34.72  34.23  34.56  1266500  34.56
2010-03-03  34.74  34.82  34.29  34.39  1118400  34.39
2010-03-02  34.54  34.79  34.53  34.58  1514300  34.58
2010-03-01  34.74  34.89  34.46  34.59  1551300  34.59
2010-02-26  34.82  34.86  34.26  34.71  2952300  34.71
2010-02-25  34.34  34.88  33.7  34.85  3295100  34.85
2010-02-24  35.1  35.27  34.65  34.83  3461400  34.83
2010-02-23  34.72  36.27  34.51  35.13  9134000  35.13
2010-02-22  32.58  33.04  32.58  32.88  2047700  32.88
2010-02-19  32.14  32.73  32.14  32.67  2177600  32.67
2010-02-18  32.57  32.61  32.11  32.3  1473600  32.3
2010-02-17  32.49  32.64  32.26  32.54  1172800  32.54
2010-02-16  32.14  32.48  31.71  32.29  2557400  32.29
2010-02-12  30.94  31.33  30.8  31.29  2626400  31.29
2010-02-11  31.39  31.76  31.24  31.36  2463700  31.36
2010-02-10  31.75  31.8  31.21  31.5  1503900  31.5
2010-02-09  31.64  32.34  31.61  31.85  2847900  31.85
2010-02-08  31.37  31.7  31.12  31.37  1499000  31.37
2010-02-05  31.89  32.24  30.88  31.44  3252900  31.44
2010-02-04  32.16  32.34  31.81  31.81  2623400  31.81
2010-02-03  32.39  32.51  31.74  32.33  5831300  32.33
2010-02-02  32.77  33.23  32.42  33.12  2531700  33.12
2010-02-01  32.46  32.98  32.33  32.8  2564600  32.8
2010-01-29  32.84  33.25  32.41  32.46  2097000  32.46
2010-01-28  33.08  33.08  32.49  32.65  2253200  32.65
2010-01-27  32.72  33.09  32.47  33.04  1558100  33.04
2010-01-26  32.77  33.16  32.58  32.88  2050900  32.88
2010-01-25  33.05  33.07  32.43  33.0  2309700  33.0
2010-01-22  33.7  33.7  32.86  32.91  3292700  32.91
2010-01-21  33.73  34.7  32.81  33.66  5102700  33.66
2010-01-20  32.66  32.78  32.14  32.7  2029900  32.7
2010-01-19  32.75  33.03  32.63  32.8  1681200  32.8
2010-01-15  33.16  33.21  32.48  32.81  2866500  32.81
2010-01-14  32.99  33.2  32.84  33.04  1332100  33.04
2010-01-13  32.93  33.21  32.59  33.13  1905700  33.13
2010-01-12  32.84  33.05  32.71  32.83  2665100  32.83
2010-01-11  32.94  33.42  32.78  33.11  2296600  33.11
2010-01-08  32.64  33.39  32.64  32.98  3329500  32.98
2010-01-07  32.74  32.87  32.37  32.64  1186400  32.64
2010-01-06  33.48  33.65  32.77  32.84  2028700  32.84
2010-01-05  33.31  33.64  33.19  33.62  1393500  33.62
2010-01-04  33.4  33.49  33.16  33.39  1062400  33.39
