Date  Open  High  Low  Close  Volume  Adj Close
2014-02-28  33.1  33.2  32.41  32.62  12450400  32.62
2014-02-27  33.38  33.51  33.15  33.47  5621200  33.47
2014-02-26  32.86  33.58  32.84  33.41  9190600  33.41
2014-02-25  33.09  33.13  32.67  32.77  14869100  32.77
2014-02-24  33.34  33.62  32.94  33.21  9155900  33.21
2014-02-21  33.84  33.99  33.34  33.36  9380100  33.36
2014-02-20  33.03  33.81  32.83  33.75  12031000  33.75
2014-02-19  33.58  34.1  33.08  33.17  11165700  33.17
2014-02-18  33.81  33.95  33.42  33.74  7050700  33.74
2014-02-14  33.32  33.95  33.18  33.75  8758800  33.75
2014-02-13  32.5  33.29  32.35  33.16  7463000  33.16
2014-02-12  33.32  33.64  32.69  32.78  10381700  32.78
2014-02-11  32.3  33.38  32.29  33.19  11299300  33.19
2014-02-10  32.4  32.48  32.13  32.23  9735500  32.23
2014-02-07  31.77  32.37  31.31  32.35  12529500  32.35
2014-02-06  31.36  31.9  31.29  31.54  10852800  31.54
2014-02-05  31.17  31.31  30.51  31.09  12729300  31.09
2014-02-04  31.3  31.48  30.91  30.94  12028500  30.94
2014-02-03  32.42  32.45  31.04  31.08  18931500  31.08
2014-01-31  32.08  32.56  31.93  32.41  12451400  32.41
2014-01-30  32.52  32.55  31.95  32.41  10607900  32.41
2014-01-29  32.51  33.06  32.26  32.34  14616900  32.34
2014-01-28  32.65  32.74  32.33  32.56  9953900  32.56
2014-01-27  32.87  32.95  31.97  32.39  11211500  32.39
2014-01-24  33.18  33.39  32.5  32.77  16303700  32.77
2014-01-23  34.37  34.37  33.16  33.68  17892100  33.68
2014-01-22  34.94  35.12  34.27  34.52  19037500  34.52
2014-01-21  35.92  36.03  35.22  35.26  23325400  35.26
2014-01-17  37.21  37.26  36.06  36.19  19267800  36.19
2014-01-16  36.79  36.92  36.44  36.91  10995200  36.91
2014-01-15  36.13  36.66  36.08  36.61  11160400  36.61
2014-01-14  35.45  36.17  35.18  36.12  12020000  36.12
2014-01-13  35.72  35.91  35.48  35.63  13955500  35.63
2014-01-10  35.68  35.92  35.37  35.86  9789500  35.86
2014-01-09  35.92  36.02  35.14  35.4  10916100  35.4
2014-01-08  36.29  36.35  35.82  35.89  11582800  35.89
2014-01-07  36.77  36.91  36.24  36.34  8727600  36.34
2014-01-06  36.75  36.9  36.49  36.7  9708000  36.7
2014-01-03  37.18  37.45  36.92  37.0  7291400  37.0
2014-01-02  37.36  37.76  37.11  37.3  9039700  37.3
2013-12-31  37.23  37.65  37.07  37.41  7097500  37.41
2013-12-30  37.23  37.67  37.06  37.34  9711200  37.34
2013-12-27  36.65  37.31  36.62  37.18  9025500  37.18
2013-12-26  36.04  36.72  36.04  36.64  10345300  36.64
2013-12-24  35.53  36.16  35.45  35.99  5220600  35.99
2013-12-23  35.57  35.73  35.28  35.42  7822200  35.42
2013-12-20  34.92  35.44  34.9  35.38  11194100  35.38
2013-12-19  34.59  35.04  34.51  34.89  6625300  34.89
2013-12-18  34.8  35.03  34.28  34.88  9817300  34.88
2013-12-17  34.23  34.72  34.14  34.6  7631900  34.6
2013-12-16  34.1  34.59  34.05  34.3  10320100  34.3
2013-12-13  34.1  34.45  33.8  34.04  8882900  34.04
2013-12-12  34.2  34.37  33.64  33.99  9235100  33.99
2013-12-11  34.72  34.85  34.05  34.15  11167300  34.15
2013-12-10  34.63  34.95  34.52  34.59  8519800  34.59
2013-12-09  34.04  34.44  33.97  34.33  6652300  34.33
2013-12-06  34.31  34.52  33.82  33.95  7764200  33.95
2013-12-05  33.98  34.23  33.76  33.98  7583300  33.98
2013-12-04  33.93  34.62  33.93  34.24  9095500  34.24
2013-12-03  33.72  34.28  33.51  33.92  8736800  33.92
2013-12-02  34.38  34.38  33.77  33.96  9770100  33.96
2013-11-29  34.6  34.89  34.24  34.39  5404200  34.39
2013-11-27  35.0  35.16  34.1  34.38  12287000  34.38
2013-11-26  34.8  35.14  34.74  35.01  10917100  35.01
2013-11-25  35.72  35.73  35.27  35.48  10194800  35.48
2013-11-22  35.89  35.89  35.41  35.79  9325400  35.79
2013-11-21  36.09  36.09  35.39  35.86  7835700  35.86
2013-11-20  36.15  36.45  35.73  35.87  8325100  35.87
2013-11-19  36.11  36.43  35.81  36.09  7578600  36.09
2013-11-18  36.68  36.7  36.08  36.17  8348700  36.17
2013-11-15  36.18  36.68  36.07  36.51  11872100  36.51
2013-11-14  36.03  36.25  35.62  36.03  7370500  36.03
2013-11-13  34.89  36.04  34.74  36.02  11278700  36.02
2013-11-12  35.94  36.12  35.26  35.59  9000700  35.59
2013-11-11  36.11  36.25  35.75  36.14  8353000  36.14
2013-11-08  35.34  36.27  35.29  36.26  9522600  36.26
2013-11-07  36.72  36.77  35.48  35.62  17185000  35.62
2013-11-06  36.92  37.19  36.6  36.76  8210800  36.76
2013-11-05  36.96  37.18  36.59  36.87  8581700  36.87
2013-11-04  36.57  37.1  36.55  37.08  10318200  37.08
2013-11-01  36.55  36.74  36.09  36.46  10319200  36.46
2013-10-31  36.79  37.31  36.4  36.44  12084600  36.44
2013-10-30  37.42  37.67  36.44  36.96  12543500  36.96
2013-10-29  37.36  37.55  37.13  37.35  10793000  37.35
2013-10-28  37.18  37.3  36.57  36.95  10693100  36.95
2013-10-25  36.93  37.18  36.6  37.12  10731600  37.12
2013-10-24  36.29  37.32  36.22  37.09  19444400  37.09
2013-10-23  35.65  36.42  35.59  36.31  17167000  36.31
2013-10-22  35.99  36.47  35.69  36.05  28641100  36.05
2013-10-21  34.62  34.95  34.48  34.74  9665900  34.74
2013-10-18  34.68  34.88  34.41  34.59  15429400  34.59
2013-10-17  33.88  34.53  33.87  34.41  14631000  34.41
2013-10-16  33.84  34.03  33.47  33.83  9633500  33.83
2013-10-15  33.55  34.05  33.51  33.75  10693000  33.75
2013-10-14  33.11  33.85  33.04  33.58  9174900  33.58
2013-10-11  32.5  33.29  32.49  33.15  9036800  33.15
2013-10-10  32.72  33.2  32.39  32.94  10163400  32.94
2013-10-09  32.21  32.56  31.76  32.29  10921500  32.29
2013-10-08  32.96  33.01  32.22  32.3  10023600  32.3
2013-10-07  32.81  33.22  32.75  32.84  11092900  32.84
2013-10-04  32.63  33.44  32.52  33.17  19967500  33.17
2013-10-03  32.74  32.99  32.16  32.41  8921700  32.41
2013-10-02  32.29  32.9  32.18  32.9  9197200  32.9
2013-10-01  31.89  32.52  31.8  32.32  8634200  32.32
2013-09-30  32.39  32.65  31.74  32.48  11518400  32.48
2013-09-27  32.96  33.2  32.72  32.82  7682600  32.82
2013-09-26  33.39  33.61  33.07  33.26  5762300  33.26
2013-09-25  33.42  33.71  32.97  33.22  10087000  33.22
2013-09-24  32.89  33.39  32.72  33.13  9879000  33.13
2013-09-23  33.39  33.74  33.08  33.15  13712100  33.15
2013-09-20  34.08  34.16  33.23  33.26  20262300  33.26
2013-09-19  34.23  34.35  33.57  33.97  15129300  33.97
2013-09-18  32.98  34.13  32.91  33.92  21077900  33.92
2013-09-17  32.66  32.99  32.62  32.92  11004100  32.92
2013-09-16  32.84  32.88  32.51  32.65  11885600  32.65
2013-09-13  32.65  32.66  32.23  32.44  15728800  32.44
2013-09-12  31.86  32.6  31.79  32.55  19501500  32.55
2013-09-11  31.33  32.45  31.33  32.24  17428200  32.24
2013-09-10  31.53  31.57  31.15  31.35  12393700  31.35
2013-09-09  30.8  31.38  30.76  31.26  9349900  31.26
2013-09-06  30.59  30.88  30.5  30.62  8692200  30.62
2013-09-05  30.67  30.67  30.2  30.2  9924000  30.2
2013-09-04  30.18  30.59  30.08  30.54  9288800  30.54
2013-09-03  30.51  30.69  30.38  30.56  13446600  30.56
2013-08-30  29.85  29.94  29.55  29.67  7379000  29.67
2013-08-29  29.89  30.18  29.7  29.87  8325900  29.87
2013-08-28  30.02  30.37  29.91  29.93  8945800  29.93
2013-08-27  30.66  30.97  29.88  30.05  14275000  30.05
2013-08-26  31.29  31.34  30.84  30.94  10218700  30.94
2013-08-23  31.02  31.38  30.84  31.21  10774600  31.21
2013-08-22  30.36  31.0  30.31  30.78  12356300  30.78
2013-08-21  30.27  30.27  29.66  29.81  12524800  29.81
2013-08-20  30.33  30.69  30.22  30.42  9139600  30.42
2013-08-19  30.78  30.85  30.27  30.37  11365300  30.37
2013-08-16  31.41  31.62  30.81  30.97  15290300  30.97
2013-08-15  30.64  31.48  30.54  31.34  15278300  31.34
2013-08-14  30.74  31.27  30.68  31.02  12594600  31.02
2013-08-13  31.37  31.38  30.51  30.6  14641800  30.6
2013-08-12  31.19  31.4  31.03  31.27  13936800  31.27
2013-08-09  30.55  31.41  30.44  31.04  27434900  31.04
2013-08-08  29.54  30.57  29.52  30.24  27944600  30.24
2013-08-07  28.49  29.39  28.44  28.9  18533600  28.9
2013-08-06  28.8  28.95  28.59  28.63  13932600  28.63
2013-08-05  28.65  28.73  28.39  28.5  8386600  28.5
2013-08-02  28.59  28.89  28.55  28.67  10542100  28.67
2013-08-01  28.41  28.7  28.23  28.57  14409200  28.57
2013-07-31  27.71  28.05  27.42  27.77  13703900  27.77
2013-07-30  28.12  28.13  27.51  27.7  13022200  27.7
2013-07-29  28.31  28.37  27.94  28.04  8984900  28.04
2013-07-26  28.05  28.42  27.75  28.41  13222900  28.41
2013-07-25  28.24  28.61  28.14  28.32  9719000  28.32
2013-07-24  29.47  29.53  28.2  28.36  23491900  28.36
2013-07-23  29.12  29.6  28.88  29.45  22782900  29.45
2013-07-22  28.66  28.84  28.3  28.62  17113500  28.62
2013-07-19  27.8  28.11  27.63  28.04  11489600  28.04
2013-07-18  27.74  27.92  27.57  27.66  10587500  27.66
2013-07-17  27.88  28.12  27.55  27.6  11972200  27.6
2013-07-16  27.87  27.97  27.63  27.75  8447300  27.75
2013-07-15  27.41  27.67  27.38  27.62  7406100  27.62
2013-07-12  27.98  27.98  27.4  27.54  12043800  27.54
2013-07-11  27.94  28.14  27.66  28.01  21355500  28.01
2013-07-10  27.27  27.27  26.7  26.79  11672000  26.79
2013-07-09  26.95  27.07  26.56  26.83  11324900  26.83
2013-07-08  26.7  26.75  26.35  26.66  9132000  26.66
2013-07-05  26.82  26.89  26.16  26.54  11420500  26.54
2013-07-03  26.98  27.16  26.7  26.87  6373700  26.87
2013-07-02  27.48  27.51  26.68  26.93  15605800  26.93
2013-07-01  27.78  27.91  27.09  27.44  16032800  27.44
2013-06-28  26.38  26.97  26.23  26.8  16305500  26.8
2013-06-27  26.39  26.74  26.23  26.5  12327200  26.5
2013-06-26  26.36  26.46  25.76  26.07  16369400  26.07
2013-06-25  26.46  26.61  26.13  26.46  28282000  26.46
2013-06-24  26.93  26.93  25.6  26.04  40725200  26.04
2013-06-21  27.2  27.51  26.72  27.34  33272600  27.34
2013-06-20  27.71  27.72  26.72  26.91  30751200  26.91
2013-06-19  28.53  29.1  28.34  28.34  14907300  28.34
2013-06-18  28.78  28.8  28.48  28.66  9177800  28.66
2013-06-17  28.87  29.06  28.55  28.79  11306500  28.79
2013-06-14  29.06  29.35  28.62  28.71  12986700  28.71
2013-06-13  28.72  28.89  28.38  28.84  15225000  28.84
2013-06-12  28.89  29.24  28.7  28.73  15059400  28.73
2013-06-11  28.14  28.47  28.02  28.16  30029400  28.16
2013-06-10  28.58  28.79  28.22  28.68  25711000  28.68
2013-06-07  29.07  29.07  28.3  28.72  25197500  28.72
2013-06-06  28.3  28.86  28.1  28.82  16621600  28.82
2013-06-05  28.61  28.66  28.01  28.16  15589300  28.16
2013-06-04  29.24  29.24  28.36  28.65  18514000  28.65
2013-06-03  28.83  29.25  28.72  29.23  18676900  29.23
2013-05-31  29.37  29.47  28.75  28.84  16162200  28.84
2013-05-30  28.96  29.59  28.88  29.58  35562300  29.58
2013-05-29  28.79  28.93  28.12  28.85  13449000  28.85
2013-05-28  28.53  28.87  28.36  28.69  15759500  28.69
2013-05-24  28.43  28.74  27.99  28.23  12674600  28.23
2013-05-23  28.52  28.91  28.4  28.73  19152100  28.73
2013-05-22  29.88  30.55  29.25  29.4  21351000  29.4
2013-05-21  30.63  30.72  29.66  29.7  21243900  29.7
2013-05-20  30.4  30.65  29.88  30.54  26038500  30.54
2013-05-17  30.02  30.47  29.82  30.35  16151000  30.35
2013-05-16  29.43  30.17  29.12  29.76  18827600  29.76
2013-05-15  29.02  29.81  28.94  29.5  20995100  29.5
2013-05-14  29.34  29.59  29.08  29.32  17590400  29.32
2013-05-13  30.09  30.09  29.42  29.68  14133500  29.68
2013-05-10  29.95  30.27  29.72  30.23  15378100  30.23
2013-05-09  30.45  30.89  30.11  30.3  28125300  30.3
2013-05-08  29.68  30.31  29.57  30.08  23735900  30.08
2013-05-07  29.11  29.69  29.02  29.3  17262200  29.3
2013-05-06  29.12  29.36  28.74  29.19  13712100  29.19
2013-05-03  29.24  29.49  28.91  28.91  17575300  28.91
2013-05-02  28.48  28.48  27.77  28.18  12105600  28.18
2013-05-01  28.09  28.35  27.65  28.2  18418100  28.2
2013-04-30  27.64  28.29  27.15  28.26  12610400  28.26
2013-04-29  27.63  28.04  27.34  27.77  11437200  27.77
2013-04-26  27.7  27.7  26.99  27.32  13586000  27.32
2013-04-25  28.6  28.63  27.53  27.73  32724700  27.73
2013-04-24  26.92  27.73  26.85  27.66  17907000  27.66
2013-04-23  26.55  26.74  25.92  26.49  19281500  26.49
2013-04-22  26.32  26.57  25.63  26.52  16068000  26.52
2013-04-19  26.38  26.48  25.47  26.23  20148000  26.23
2013-04-18  25.61  26.65  25.3  26.05  26305300  26.05
2013-04-17  26.91  26.96  25.55  26.0  37983400  26.0
2013-04-16  27.62  27.95  27.09  27.17  22101300  27.17
2013-04-15  27.91  28.12  26.96  27.18  44719200  27.18
2013-04-12  30.23  30.58  29.56  29.65  19570800  29.65
2013-04-11  30.93  31.03  30.35  30.45  13453700  30.45
2013-04-10  31.23  31.26  30.66  31.0  17715500  31.0
2013-04-09  30.03  31.28  30.03  31.06  22103700  31.06
2013-04-08  29.58  29.93  29.26  29.83  26989500  29.83
2013-04-05  28.97  29.61  28.68  29.54  26990400  29.54
2013-04-04  29.05  29.61  28.76  29.17  25733400  29.17
2013-04-03  29.27  29.6  28.66  29.03  17632500  29.03
2013-04-02  29.79  30.04  29.24  29.37  15543900  29.37
2013-04-01  30.35  30.38  29.54  29.79  12127100  29.79
2013-03-28  30.59  30.67  30.28  30.46  12297900  30.46
2013-03-27  29.88  30.79  29.78  30.69  14497700  30.69
2013-03-26  30.12  30.2  29.86  30.18  9953000  30.18
2013-03-25  30.5  30.51  29.83  29.99  11551000  29.99
2013-03-22  30.49  30.64  30.23  30.36  8171500  30.36
2013-03-21  30.41  30.62  30.27  30.35  10981100  30.35
2013-03-20  30.54  30.75  30.36  30.58  10973200  30.58
2013-03-19  30.82  30.86  30.05  30.35  19428000  30.35
2013-03-18  30.45  30.96  30.45  30.85  12663600  30.85
2013-03-15  30.87  31.36  30.85  31.1  15165000  31.1
2013-03-14  30.33  30.68  30.15  30.51  10956400  30.51
2013-03-13  30.74  30.85  30.28  30.44  11160400  30.44
2013-03-12  30.89  31.4  30.74  30.77  13246400  30.77
2013-03-11  30.61  30.86  30.24  30.64  9578000  30.64
2013-03-08  30.81  30.81  30.36  30.62  13861700  30.62
2013-03-07  30.29  30.61  30.11  30.44  14528400  30.44
2013-03-06  29.7  30.52  29.48  30.22  23477100  30.22
2013-03-05  29.16  29.63  28.98  29.02  15877700  29.02
2013-03-04  28.79  28.95  28.26  28.89  15432500  28.89
2013-03-01  29.14  29.2  28.81  28.97  14303700  28.97
2013-02-28  29.66  29.7  29.2  29.37  11965200  29.37
2013-02-27  29.39  29.82  29.35  29.69  10862300  29.69
2013-02-26  29.39  29.44  28.85  29.38  15395100  29.38
2013-02-25  29.98  30.02  28.94  28.99  16252600  28.99
2013-02-22  30.0  30.06  29.12  29.86  18166000  29.86
2013-02-21  29.48  30.3  29.16  29.76  20612700  29.76
2013-02-20  31.34  31.37  29.46  29.65  34355300  29.65
2013-02-19  32.18  32.36  31.4  31.52  17644800  31.52
2013-02-15  32.75  32.79  32.08  32.24  13721600  32.24
2013-02-14  32.75  32.99  32.57  32.69  7877400  32.69
2013-02-13  32.92  33.06  32.65  32.79  8276900  32.79
2013-02-12  32.5  33.02  32.31  32.82  8929000  32.82
2013-02-11  32.67  32.71  32.3  32.51  8358500  32.51
2013-02-08  32.89  33.03  32.7  32.79  11768300  32.79
2013-02-07  33.07  33.17  32.67  32.84  11635800  32.84
2013-02-06  32.63  33.37  32.62  33.21  16939500  33.21
2013-02-05  32.67  33.08  32.52  32.85  11464800  32.85
2013-02-04  32.65  32.96  32.45  32.52  9299600  32.52
2013-02-01  32.98  33.02  32.51  32.88  12494200  32.88
2013-01-31  32.27  32.55  32.13  32.43  9909900  32.43
2013-01-30  32.54  32.88  32.23  32.35  16230600  32.35
2013-01-29  31.74  32.38  31.74  32.21  12531500  32.21
2013-01-28  32.14  32.2  31.65  31.81  9991200  31.81
2013-01-25  32.14  32.28  31.6  32.08  13130400  32.08
2013-01-24  32.08  32.4  31.76  31.88  13212000  31.88
2013-01-23  32.36  32.41  32.02  32.22  12277800  32.22
2013-01-22  31.31  32.67  31.29  32.38  28594800  32.38
2013-01-18  31.6  31.68  30.89  30.95  16631200  30.95
2013-01-17  31.8  31.87  31.21  31.36  13449600  31.36
2013-01-16  31.63  31.73  31.41  31.51  11273700  31.51
2013-01-15  31.78  32.07  31.63  31.84  9283100  31.84
2013-01-14  32.21  32.46  31.78  31.95  11452900  31.95
2013-01-11  32.36  32.58  32.02  32.2  19070700  32.2
2013-01-10  32.52  32.6  32.12  32.47  18755400  32.47
2013-01-09  32.01  32.17  31.81  32.12  10595200  32.12
2013-01-08  32.12  32.36  31.68  31.89  15176300  31.89
2013-01-07  32.2  32.38  31.93  32.25  13719700  32.25
2013-01-04  31.8  32.42  31.67  32.37  12812400  32.37
2013-01-03  32.0  32.45  31.58  31.78  14675800  31.78
2013-01-02  32.24  32.29  31.7  32.08  19780600  32.08
2012-12-31  30.23  31.31  30.11  31.19  16225200  31.19
2012-12-28  30.49  30.64  30.09  30.22  12388700  30.22
2012-12-27  31.05  31.06  30.35  30.72  13342400  30.72
2012-12-26  30.66  31.15  30.66  30.94  11011100  30.94
2012-12-24  30.47  30.59  30.26  30.55  5948700  30.55
2012-12-21  30.61  30.67  30.28  30.63  19393600  30.63
2012-12-20  31.16  31.23  30.5  30.99  18647800  30.99
2012-12-19  30.93  31.19  30.83  30.96  20787200  30.96
2012-12-18  30.84  31.23  30.62  31.0  27611800  31.0
2012-12-17  30.9  30.91  30.33  30.68  18613500  30.68
2012-12-14  29.88  30.97  29.72  30.81  33485900  30.81
2012-12-13  29.53  29.86  29.36  29.62  19035700  29.62
2012-12-12  29.36  29.86  29.1  29.66  32419000  29.66
2012-12-11  29.53  29.56  28.96  29.18  23952900  29.18
2012-12-10  29.26  29.4  28.62  29.22  32373500  29.22
2012-12-07  28.43  29.73  28.36  28.91  63939000  28.91
2012-12-06  28.52  28.57  27.85  28.1  84815000  28.1
2012-12-05  29.28  30.74  28.93  29.33  153828000  29.33
2012-12-04  34.8  35.38  34.71  34.91  10069700  34.91
2012-12-03  35.8  35.84  34.98  35.02  10310300  35.02
2012-11-30  35.64  35.94  35.34  35.58  8290800  35.58
2012-11-29  35.83  36.07  35.49  35.81  12437900  35.81
2012-11-28  34.45  35.17  34.28  35.17  11767000  35.17
2012-11-27  35.32  35.65  35.03  35.1  8231600  35.1
2012-11-26  35.23  35.47  34.86  35.42  12725800  35.42
2012-11-23  35.31  35.57  35.03  35.46  4973600  35.46
2012-11-21  34.88  34.99  34.67  34.9  8835200  34.9
2012-11-20  34.63  35.47  34.44  34.89  13896200  34.89
2012-11-19  34.47  34.96  34.25  34.91  15859600  34.91
2012-11-16  33.81  34.0  33.16  33.55  21354900  33.55
2012-11-15  34.1  34.35  33.6  34.0  10944000  34.0
2012-11-14  35.11  35.26  33.93  34.12  15099700  34.12
2012-11-13  34.82  35.66  34.72  34.99  9910100  34.99
2012-11-12  35.15  35.41  35.02  35.24  8374200  35.24
2012-11-09  34.93  35.68  34.72  34.98  13043900  34.98
2012-11-08  35.8  35.98  35.03  35.27  13015000  35.27
2012-11-07  36.19  36.34  35.06  35.83  17036800  35.83
2012-11-06  36.14  37.11  36.03  36.8  11706900  36.8
2012-11-05  35.65  36.38  35.64  35.99  8491300  35.99
2012-11-02  37.1  37.25  35.77  35.81  14428900  35.81
2012-11-01  35.78  36.99  35.62  36.94  16604200  36.94
2012-10-31  35.99  36.1  35.42  35.46  8207000  35.46
2012-10-26  35.84  36.11  35.33  35.63  10745100  35.63
2012-10-25  35.85  36.13  35.42  35.74  16107700  35.74
2012-10-24  35.77  36.08  35.32  35.38  12183100  35.38
2012-10-23  36.12  36.21  35.26  35.55  18250900  35.55
2012-10-22  36.58  37.58  36.41  37.01  20965800  37.01
2012-10-19  38.45  38.75  37.5  37.56  15144400  37.56
2012-10-18  38.57  39.12  38.45  38.7  16643400  38.7
2012-10-17  38.16  39.04  37.83  38.59  16280700  38.59
2012-10-16  36.98  37.98  36.9  37.82  13318800  37.82
2012-10-15  36.49  36.81  36.03  36.75  11265300  36.75
2012-10-12  37.17  37.39  36.45  36.61  11989200  36.61
2012-10-11  36.73  37.69  36.67  37.16  15433000  37.16
2012-10-10  36.73  36.79  36.04  36.4  15809500  36.4
2012-10-09  36.84  37.61  36.76  36.8  14075900  36.8
2012-10-08  36.2  37.11  36.16  36.88  11299700  36.88
2012-10-05  36.91  37.42  36.49  36.66  14359700  36.66
2012-10-04  36.0  36.96  35.89  36.6  17487100  36.6
2012-10-03  36.09  36.1  35.33  35.66  12414100  35.66
2012-10-02  36.15  36.51  35.39  35.91  14302500  35.91
2012-10-01  36.39  36.73  35.94  36.06  11764300  36.06
2012-09-28  36.09  36.28  35.43  35.82  13282100  35.82
2012-09-27  36.01  36.42  35.43  36.3  12040800  36.3
2012-09-26  35.33  36.1  34.26  35.55  22612000  35.55
2012-09-25  36.76  36.96  35.49  35.57  17964700  35.57
2012-09-24  36.3  36.74  36.24  36.45  11815400  36.45
2012-09-21  37.82  37.82  36.69  36.78  17261900  36.78
2012-09-20  36.52  37.14  36.22  37.04  18160100  37.04
2012-09-19  37.8  37.99  37.35  37.59  12857400  37.59
2012-09-18  37.21  37.79  36.91  37.54  14863100  37.54
2012-09-17  38.08  38.47  37.29  37.47  17891200  37.47
2012-09-14  38.92  39.5  38.52  38.59  33359300  38.59
2012-09-13  36.13  38.17  35.88  37.82  28796400  37.82
2012-09-12  36.53  36.6  35.85  36.29  16876000  36.29
2012-09-11  36.01  36.5  35.57  36.13  17526200  36.13
2012-09-10  35.62  36.46  35.61  35.93  23345900  35.93
2012-09-07  33.87  35.89  33.85  35.68  39537600  35.68
2012-09-06  32.23  33.23  32.2  32.88  16990400  32.88
2012-09-05  32.42  32.42  31.69  31.9  14331300  31.9
2012-09-04  32.85  32.85  31.9  32.23  14422100  32.23
2012-08-31  31.82  32.78  31.55  32.68  15413600  32.68
2012-08-30  32.01  32.02  31.35  31.39  11325400  31.39
2012-08-29  32.26  32.3  31.8  32.2  11300800  32.2
2012-08-28  32.12  32.66  32.05  32.28  8492800  32.28
2012-08-27  32.64  32.7  32.17  32.26  9021500  32.26
2012-08-24  32.92  32.94  32.43  32.69  13438100  32.69
2012-08-23  33.71  33.9  33.07  33.27  16570400  33.27
2012-08-22  32.82  33.48  32.56  33.48  14509400  33.48
2012-08-21  32.6  33.71  32.57  33.02  25316700  33.02
2012-08-20  31.75  32.11  31.49  32.0  11224500  32.0
2012-08-17  32.1  32.22  31.91  31.98  10833700  31.98
2012-08-16  31.63  32.13  31.43  31.95  12259100  31.95
2012-08-15  31.51  31.56  30.94  31.45  12688700  31.45
2012-08-14  32.2  32.3  31.59  31.68  9707000  31.68
2012-08-13  32.7  33.08  31.96  32.11  15196800  32.11
2012-08-10  32.39  33.1  32.17  32.86  12973200  32.86
2012-08-09  32.06  32.85  32.05  32.58  13838600  32.58
2012-08-08  31.71  32.51  31.71  32.23  13751900  32.23
2012-08-07  31.49  32.25  31.36  31.92  16070800  31.92
2012-08-06  30.45  31.58  30.42  31.07  17916900  31.07
2012-08-03  30.15  30.64  29.87  30.31  12759600  30.31
2012-08-02  29.78  30.2  29.25  29.58  14297100  29.58
2012-08-01  30.39  30.73  30.07  30.31  11980500  30.31
2012-07-31  30.8  31.04  30.37  30.47  10288900  30.47
2012-07-30  30.3  30.84  30.3  30.76  11874000  30.76
2012-07-27  29.5  30.62  29.32  30.29  25644800  30.29
2012-07-26  29.18  29.41  28.67  29.24  16613200  29.24
2012-07-25  29.09  29.17  28.12  28.44  22861500  28.44
2012-07-24  29.57  29.75  28.46  28.67  18352000  28.67
2012-07-23  29.66  30.14  29.15  29.52  19317000  29.52
2012-07-20  30.73  30.76  29.95  30.56  17342400  30.56
2012-07-19  30.21  31.46  30.02  31.15  25234300  31.15
2012-07-18  29.59  30.25  29.45  29.88  16508000  29.88
2012-07-17  29.87  29.87  29.1  29.77  13358400  29.77
2012-07-16  29.92  29.93  29.36  29.65  10958200  29.65
2012-07-13  29.51  30.22  29.45  30.07  14025500  30.07
2012-07-12  28.89  29.64  28.68  29.28  17779100  29.28
2012-07-11  29.79  29.91  29.01  29.28  23798800  29.28
2012-07-10  31.13  31.28  29.36  29.66  19769400  29.66
2012-07-09  31.26  31.34  30.72  30.95  23960900  30.95
2012-07-06  31.25  31.43  30.97  31.38  26093000  31.38
2012-07-05  31.37  32.27  31.31  31.79  28246700  31.79
2012-07-03  30.97  31.99  30.88  31.56  15699200  31.56
2012-07-02  30.5  30.69  29.85  30.37  12286900  30.37
2012-06-29  30.07  30.59  29.64  30.54  23311200  30.54
2012-06-28  28.51  28.94  28.21  28.92  13381700  28.92
2012-06-27  28.51  28.97  28.38  28.81  12080200  28.81
2012-06-26  28.56  28.81  28.15  28.33  14677700  28.33
2012-06-25  28.72  29.05  28.25  28.32  17011800  28.32
2012-06-22  29.8  29.89  28.92  28.95  32258900  28.95
2012-06-21  31.08  31.28  29.47  29.57  22284200  29.57
2012-06-20  31.37  31.95  31.09  31.65  19734000  31.65
2012-06-19  31.04  31.95  30.82  31.78  19197200  31.78
2012-06-18  30.55  30.85  30.11  30.71  12389500  30.71
2012-06-15  30.63  30.79  30.29  30.78  14798400  30.78
2012-06-14  29.92  30.44  29.49  30.39  13004000  30.39
2012-06-13  29.96  30.36  29.7  29.89  16314500  29.89
2012-06-12  29.8  30.1  29.52  30.08  13054700  30.08
2012-06-11  30.71  30.82  29.51  29.54  12862200  29.54
2012-06-08  29.73  30.43  29.4  30.32  14398300  30.32
2012-06-07  31.02  31.2  30.01  30.12  23891600  30.12
2012-06-06  29.74  30.54  29.66  30.17  18349600  30.17
2012-06-05  28.71  29.36  28.55  29.21  15798900  29.21
2012-06-04  28.81  29.02  28.04  28.98  14951500  28.98
2012-06-01  28.29  29.29  28.27  28.75  21895100  28.75
2012-05-31  28.98  29.05  28.01  28.72  15637300  28.72
2012-05-30  29.23  29.37  28.9  29.05  12429400  29.05
2012-05-29  29.67  30.17  29.43  29.79  15111600  29.79
2012-05-25  29.07  29.4  28.8  29.05  9947700  29.05
2012-05-24  29.45  29.7  28.64  29.19  15348300  29.19
2012-05-23  28.3  29.41  27.93  29.34  21846500  29.34
2012-05-22  29.14  29.73  28.63  28.8  16160000  28.8
2012-05-21  28.51  29.27  28.51  29.19  16782900  29.19
2012-05-18  29.16  29.41  28.25  28.51  18688200  28.51
2012-05-17  29.59  29.92  28.78  28.84  19188400  28.84
2012-05-16  29.53  30.4  29.08  29.19  22090700  29.19
2012-05-15  30.77  30.95  29.14  29.27  23465800  29.27
2012-05-14  30.64  31.49  30.49  30.75  17070600  30.75
2012-05-11  31.25  31.67  31.11  31.14  13334500  31.14
2012-05-10  32.33  32.53  31.54  31.65  14163300  31.65
2012-05-09  31.3  32.39  31.12  31.85  16071300  31.85
2012-05-08  32.08  32.17  31.21  31.93  18501400  31.93
2012-05-07  32.37  32.83  31.98  32.63  13297900  32.63
2012-05-04  32.72  32.88  32.28  32.63  14300500  32.63
2012-05-03  33.98  34.0  32.88  33.05  19401400  33.05
2012-05-02  34.03  34.27  33.72  34.17  15331300  34.17
2012-05-01  34.43  34.68  33.93  34.47  17754100  34.47
2012-04-30  34.09  34.6  33.5  34.33  12576200  34.33
2012-04-27  34.06  34.47  33.97  34.18  13054000  34.18
2012-04-26  33.46  34.1  33.19  33.84  13682700  33.84
2012-04-25  33.61  33.74  32.86  33.45  14880200  33.45
2012-04-24  33.39  33.57  32.91  33.16  12659800  33.16
2012-04-23  32.92  33.48  32.3  33.31  19442800  33.31
2012-04-20  34.47  34.6  33.64  33.68  16411600  33.68
2012-04-19  34.74  35.08  33.79  34.09  26128000  34.09
2012-04-18  33.72  34.63  33.51  34.32  20503700  34.32
2012-04-17  33.66  34.24  33.24  33.85  17765600  33.85
2012-04-16  33.73  33.83  33.01  33.09  14652000  33.09
2012-04-13  33.42  33.55  32.89  33.11  15366600  33.11
2012-04-12  32.4  34.07  32.28  33.96  21390400  33.96
2012-04-11  33.15  33.2  32.03  32.07  20890200  32.07
2012-04-10  33.26  33.56  32.21  32.55  18894700  32.55
2012-04-09  32.95  33.78  32.89  33.34  12470100  33.34
2012-04-05  33.79  34.27  33.46  33.59  14104000  33.59
2012-04-04  33.36  33.92  33.09  33.8  13707300  33.8
2012-04-03  34.8  34.87  34.01  34.29  17645700  34.29
2012-04-02  34.0  35.04  33.86  34.76  19636600  34.76
2012-03-30  33.75  33.91  33.09  33.81  14766000  33.81
2012-03-29  32.94  33.51  32.66  33.42  17773600  33.42
2012-03-28  34.12  34.16  32.75  33.2  30542800  33.2
2012-03-27  34.75  35.24  34.42  34.44  13853100  34.44
2012-03-26  34.67  34.87  34.16  34.55  15395600  34.55
2012-03-23  34.07  34.57  33.7  34.2  17399600  34.2
2012-03-22  34.73  35.1  33.72  34.06  24719400  34.06
2012-03-21  35.25  35.72  34.73  35.37  23932800  35.37
2012-03-20  34.11  34.83  33.68  34.79  20492100  34.79
2012-03-19  34.1  35.49  34.04  34.78  16500800  34.78
2012-03-16  34.39  34.66  34.0  34.27  22687300  34.27
2012-03-15  34.25  34.49  33.96  34.08  19077300  34.08
2012-03-14  34.65  34.74  33.55  33.88  21397800  33.88
2012-03-13  34.19  34.99  34.17  34.74  22633400  34.74
2012-03-12  34.46  35.0  33.61  34.0  19575400  34.0
2012-03-09  35.4  35.64  34.34  34.46  27650700  34.46
2012-03-08  35.24  35.3  34.71  35.1  16682900  35.1
2012-03-07  35.17  35.23  34.24  34.65  22605800  34.65
2012-03-06  34.76  35.32  34.35  35.05  26602700  35.05
2012-03-05  36.53  36.67  35.51  35.95  29393200  35.95
2012-03-02  38.0  38.11  36.5  37.35  18133000  37.35
2012-03-01  38.24  38.63  37.77  38.13  15082400  38.13
2012-02-29  38.97  39.3  37.55  37.82  20212500  37.82
2012-02-28  38.6  39.1  38.49  38.8  14070800  38.8
2012-02-27  38.62  38.8  38.31  38.49  14341600  38.49
2012-02-24  39.06  39.76  38.92  39.02  13327300  39.02
2012-02-23  39.32  39.35  38.59  38.91  13372500  38.91
2012-02-22  38.92  39.57  38.85  39.21  13348600  39.21
2012-02-21  38.97  39.61  38.69  39.08  18395100  39.08
2012-02-17  39.2  39.23  37.91  38.25  17327200  38.25
2012-02-16  37.48  39.54  37.24  38.96  23704500  38.96
2012-02-15  38.48  38.48  37.28  37.68  25396700  37.68
2012-02-14  39.3  39.54  37.8  38.18  28728500  38.18
2012-02-13  40.47  40.48  39.5  39.69  12298700  39.69
2012-02-10  40.28  40.34  39.46  39.94  16386800  39.94
2012-02-09  41.83  41.99  40.89  41.25  14819700  41.25
2012-02-08  41.18  42.02  41.12  41.35  16542700  41.35
2012-02-07  41.28  41.33  40.39  40.66  15473200  40.66
2012-02-06  40.8  41.59  40.61  41.53  12693800  41.53
2012-02-03  41.12  41.51  40.71  41.31  16979100  41.31
2012-02-02  41.27  41.59  40.35  40.44  17256300  40.44
2012-02-01  41.58  41.73  40.96  41.02  17131100  41.02
2012-01-31  41.51  41.74  40.35  41.07  18633800  41.07
2012-01-30  40.23  41.11  40.06  40.97  14736400  40.97
2012-01-27  41.09  42.16  40.95  41.0  15510200  41.0
2012-01-26  41.39  43.51  41.03  41.32  30462300  41.32
2012-01-25  38.75  41.19  38.48  40.95  23757700  40.95
2012-01-24  38.62  39.16  38.24  39.08  14899900  39.08
2012-01-23  38.63  39.24  38.4  39.0  19142400  39.0
2012-01-20  39.25  39.4  38.11  38.3  20546600  38.3
2012-01-19  39.63  39.96  38.49  39.43  30009000  39.43
2012-01-18  38.14  39.72  38.05  39.52  25674300  39.52
2012-01-17  38.27  38.48  37.7  38.28  20403000  38.28
2012-01-13  37.21  37.63  36.89  37.33  14081900  37.33
2012-01-12  37.66  37.94  37.09  37.73  17618100  37.73
2012-01-11  35.86  37.24  35.58  37.01  17221000  37.01
2012-01-10  35.81  36.38  35.55  35.86  15895700  35.86
2012-01-09  34.43  34.74  34.26  34.48  8245500  34.48
2012-01-06  34.9  35.03  34.27  34.33  9554700  34.33
2012-01-05  34.79  35.11  34.39  34.71  13023200  34.71
2012-01-04  34.59  35.33  34.45  35.18  13634100  35.18
2012-01-03  33.8  35.1  33.67  34.89  18651200  34.89
2011-12-30  32.39  32.83  32.32  32.49  8831500  32.49
2011-12-29  32.02  32.31  31.84  32.27  9552100  32.27
2011-12-28  33.41  33.55  32.04  32.07  13155000  32.07
2011-12-27  33.79  33.95  33.26  33.44  7644500  33.44
2011-12-23  34.15  34.15  33.58  33.85  7191100  33.85
2011-12-22  33.54  34.1  33.21  33.92  12252600  33.92
2011-12-21  33.2  33.53  32.64  33.34  12045100  33.34
2011-12-20  32.41  33.31  32.41  33.19  12508700  33.19
2011-12-19  32.44  32.73  31.49  31.57  13550000  31.57
2011-12-16  33.0  33.46  32.3  32.67  18731100  32.67
2011-12-15  33.57  33.84  32.39  32.56  18749700  32.56
2011-12-14  32.67  33.6  32.26  33.07  19755500  33.07
2011-12-13  34.54  34.94  33.07  33.37  18335400  33.37
2011-12-12  34.27  34.36  33.56  34.04  13056000  34.04
2011-12-09  33.85  35.54  33.69  35.09  15371200  35.09
2011-12-08  35.21  35.4  33.62  33.86  16668700  33.86
2011-12-07  35.45  36.04  35.16  35.7  13453700  35.7
2011-12-06  35.08  36.41  35.04  35.81  14803600  35.81
2011-12-05  35.51  35.93  35.26  35.53  16201600  35.53
2011-12-02  35.37  35.66  34.62  34.71  15037000  34.71
2011-12-01  34.74  35.42  34.31  34.69  13726500  34.69
2011-11-30  34.38  35.02  34.02  34.98  24146600  34.98
2011-11-29  32.04  32.53  31.59  32.22  14935400  32.22
2011-11-28  31.76  31.93  31.25  31.74  14910000  31.74
2011-11-25  30.18  30.58  29.83  29.87  7460900  29.87
2011-11-23  30.99  31.17  30.33  30.37  15463100  30.37
2011-11-22  31.7  32.14  31.22  31.48  16244800  31.48
2011-11-21  31.61  32.18  31.13  31.92  18503900  31.92
2011-11-18  33.11  33.25  32.32  32.63  17322900  32.63
2011-11-17  33.44  33.67  32.23  32.53  22554200  32.53
2011-11-16  34.4  34.63  33.61  33.76  21109300  33.76
2011-11-15  34.63  35.26  34.41  34.97  16244200  34.97
2011-11-14  35.1  35.52  34.6  35.06  18134100  35.06
2011-11-11  35.23  35.33  34.67  35.21  16291700  35.21
2011-11-10  34.88  35.17  33.89  34.62  18069300  34.62
2011-11-09  35.71  36.15  33.9  34.27  28791800  34.27
2011-11-08  36.95  37.19  36.12  37.0  19276500  37.0
2011-11-07  35.4  36.55  35.33  36.44  18874300  36.44
2011-11-04  35.22  35.77  34.81  35.61  18405800  35.61
2011-11-03  35.64  35.79  34.69  35.43  20225100  35.43
2011-11-02  35.41  35.52  34.32  35.13  20147300  35.13
2011-11-01  33.12  35.02  32.25  34.23  33847800  34.23
2011-10-31  36.21  36.77  35.54  35.56  21920800  35.56
2011-10-28  36.92  38.4  36.65  37.8  23505700  37.8
2011-10-27  37.65  38.42  36.77  37.76  41707000  37.76
2011-10-26  34.89  35.0  33.56  34.71  23479100  34.71
2011-10-25  34.72  34.84  33.56  33.75  22847500  33.75
2011-10-24  34.07  35.21  33.74  34.89  30743100  34.89
2011-10-21  31.73  32.35  31.29  32.31  27919800  32.31
2011-10-20  30.61  31.53  29.68  30.73  31054500  30.73
2011-10-19  31.07  32.11  30.22  30.37  28010000  30.37
2011-10-18  30.54  31.51  29.33  31.25  27239400  31.25
2011-10-17  31.94  31.97  30.83  31.01  23547900  31.01
2011-10-14  32.46  32.86  31.86  32.48  21090500  32.48
2011-10-13  31.35  31.35  30.17  31.12  25340500  31.12
2011-10-12  32.24  32.99  31.44  31.7  29871600  31.7
2011-10-11  30.63  31.58  30.36  31.09  22555600  31.09
2011-10-10  30.85  31.71  30.83  31.6  31158900  31.6
2011-10-07  31.18  31.33  29.44  29.83  49848900  29.83
2011-10-06  30.63  31.05  29.9  30.59  52406400  30.59
2011-10-05  27.88  30.22  27.58  30.19  38252000  30.19
2011-10-04  25.72  28.35  25.3  28.18  39400000  28.18
2011-10-03  26.5  27.69  26.18  26.2  32596700  26.2
2011-09-30  27.02  27.87  26.63  26.7  24953500  26.7
2011-09-29  29.23  29.25  26.88  27.49  39708200  27.49
2011-09-28  30.28  30.64  28.14  28.33  30046200  28.33
2011-09-27  31.47  31.79  30.3  30.54  28418600  30.54
2011-09-26  28.29  29.73  27.32  29.62  29015600  29.62
2011-09-23  27.54  29.01  27.54  28.39  23085700  28.39
2011-09-22  29.35  29.38  27.16  28.19  49671000  28.19
2011-09-21  33.39  33.41  31.18  31.21  40981800  31.21
2011-09-20  35.05  35.76  33.44  33.81  25602000  33.81
2011-09-19  35.51  35.55  34.47  35.27  18525900  35.27
2011-09-16  37.72  37.79  36.21  36.47  15299600  36.47
2011-09-15  37.26  37.47  36.4  37.31  12122800  37.31
2011-09-14  36.98  37.08  35.56  36.58  16767100  36.58
2011-09-13  36.36  37.07  35.8  36.83  12886000  36.83
2011-09-12  35.98  36.86  35.29  36.23  19422600  36.23
2011-09-09  38.16  38.29  36.41  36.83  25657400  36.83
2011-09-08  39.25  39.94  38.59  38.82  13767900  38.82
2011-09-07  39.79  39.95  39.35  39.61  15874900  39.61
2011-09-06  38.11  38.97  37.71  38.9  14869200  38.9
2011-09-02  39.59  39.94  39.06  39.41  15232900  39.41
2011-09-01  41.13  41.99  40.57  40.75  14527800  40.75
2011-08-31  41.45  42.63  40.87  41.32  21414300  41.32
2011-08-30  40.0  41.15  39.56  40.88  14128600  40.88
2011-08-29  39.57  40.25  39.22  40.18  10591500  40.18
2011-08-26  37.85  39.23  37.16  39.05  14704700  39.05
2011-08-25  38.63  39.06  37.81  38.15  14756000  38.15
2011-08-24  37.66  38.18  36.93  38.12  15995400  38.12
2011-08-23  36.79  37.75  36.43  37.61  15530600  37.61
2011-08-22  37.97  38.04  36.36  36.48  16110700  36.48
2011-08-19  36.78  38.75  36.62  36.78  20168700  36.78
2011-08-18  39.59  39.61  37.0  37.58  29773900  37.58
2011-08-17  40.52  41.74  40.48  40.88  14401800  40.88
2011-08-16  40.34  40.86  39.89  40.35  17513500  40.35
2011-08-15  40.08  40.96  39.99  40.94  13993300  40.94
2011-08-12  40.99  41.0  39.56  39.82  15401100  39.82
2011-08-11  38.85  40.76  38.29  40.18  19401400  40.18
2011-08-10  38.65  39.95  37.8  38.19  25770300  38.19
2011-08-09  37.99  39.62  36.35  39.51  33417800  39.51
2011-08-08  38.7  39.49  36.13  36.74  33127600  36.74
2011-08-05  41.81  42.5  38.61  40.33  31096600  40.33
2011-08-04  43.26  43.33  41.02  41.04  27257000  41.04
2011-08-03  45.08  45.48  43.41  44.42  19387000  44.42
2011-08-02  46.21  47.09  45.09  45.11  14370800  45.11
2011-08-01  47.69  47.84  45.97  46.63  12944100  46.63
2011-07-29  46.63  47.21  45.77  46.45  15667400  46.45
2011-07-28  47.66  48.18  47.35  47.39  11699500  47.39
2011-07-27  48.79  49.39  47.58  47.75  13723100  47.75
2011-07-26  49.17  49.79  48.61  49.18  15921600  49.18
2011-07-25  48.39  49.08  48.11  48.64  9494300  48.64
2011-07-22  48.61  48.94  48.15  48.82  11615200  48.82
2011-07-21  49.06  49.71  48.03  48.53  18476900  48.53
2011-07-20  49.51  49.55  48.65  49.04  14056600  49.04
2011-07-19  49.12  49.45  48.81  49.38  12827500  49.38
2011-07-18  48.4  49.07  47.91  48.28  14714300  48.28
2011-07-15  48.02  48.58  47.85  48.53  13696700  48.53
2011-07-14  48.5  48.68  47.36  47.58  16542800  47.58
2011-07-13  47.89  49.02  47.69  48.14  17646900  48.14
2011-07-12  46.35  48.08  46.31  47.21  18354100  47.21
2011-07-11  47.04  47.32  46.29  46.53  19934500  46.53
2011-07-08  47.68  48.22  47.28  48.12  17860500  48.12
2011-07-07  47.82  48.99  47.54  48.44  23570400  48.44
2011-07-06  46.27  46.97  46.06  46.72  13638200  46.72
2011-07-05  46.72  47.12  46.4  46.81  15679500  46.81
2011-07-01  46.13  46.7  45.36  46.7  17077900  46.7
2011-06-30  45.34  46.63  45.29  46.18  24250800  46.18
2011-06-29  44.59  45.93  44.39  45.06  24492700  45.06
2011-06-28  42.69  44.05  42.51  44.03  19061200  44.03
2011-06-27  42.01  42.62  41.37  42.5  14089500  42.5
2011-06-24  43.17  43.35  42.07  42.28  17760800  42.28
2011-06-23  41.76  42.82  41.12  42.72  21665900  42.72
2011-06-22  42.95  43.56  42.62  42.65  15309500  42.65
2011-06-21  41.94  43.1  41.88  42.98  17224300  42.98
2011-06-20  41.51  42.15  41.36  41.39  18374600  41.39
2011-06-17  42.44  42.6  41.46  41.84  17351400  41.84
2011-06-16  41.87  42.48  41.08  41.77  22437600  41.77
2011-06-15  43.3  43.5  41.98  42.36  23592600  42.36
2011-06-14  42.96  43.98  42.74  43.54  19834300  43.54
2011-06-13  42.19  43.04  41.51  42.19  17505500  42.19
2011-06-10  43.12  43.5  42.5  42.71  17504100  42.71
2011-06-09  42.53  44.0  42.35  43.52  16477400  43.52
2011-06-08  43.0  43.41  42.36  42.62  18163900  42.62
2011-06-07  44.03  44.17  43.42  43.44  15027100  43.44
2011-06-06  43.95  44.58  43.22  43.46  20563500  43.46
2011-06-03  42.69  44.09  42.25  43.59  18868400  43.59
2011-06-02  43.56  44.06  42.69  43.46  20878700  43.46
2011-06-01  45.08  45.28  42.94  43.11  25250800  43.11
2011-05-31  45.74  46.01  44.32  45.08  24328400  45.08
2011-05-27  44.85  45.31  44.61  45.16  17435100  45.16
2011-05-26  43.91  44.52  43.48  43.99  20937000  43.99
2011-05-25  43.63  44.08  42.77  43.63  24763800  43.63
2011-05-24  42.19  42.94  41.99  42.62  22216700  42.62
2011-05-23  40.98  41.82  40.75  41.4  20245700  41.4
2011-05-20  42.02  42.92  41.2  42.23  24753600  42.23
2011-05-19  42.53  42.59  41.61  41.88  20672800  41.88
2011-05-18  41.27  42.7  41.2  42.44  28788700  42.44
2011-05-17  41.1  41.51  40.21  40.88  34615200  40.88
2011-05-16  42.22  43.03  41.14  41.33  24495400  41.33
2011-05-13  42.97  43.21  41.62  42.14  20209000  42.14
2011-05-12  42.03  43.11  41.55  42.53  26876600  42.53
2011-05-11  44.22  44.24  41.92  42.14  30283700  42.14
2011-05-10  45.17  45.22  44.34  44.62  15408500  44.62
2011-05-09  44.12  45.04  43.54  44.85  16249100  44.85
2011-05-06  44.45  44.75  43.08  43.37  18842200  43.37
2011-05-05  43.31  44.17  42.71  43.09  26306100  43.09
2011-05-04  45.83  45.86  43.69  44.21  29908900  44.21
2011-05-03  47.04  47.28  45.25  45.99  24202400  45.99
2011-05-02  47.65  48.04  46.69  46.98  16638800  46.98
2011-04-29  47.56  48.1  46.97  47.56  12927300  47.56
2011-04-28  48.24  48.84  47.0  47.48  18222200  47.48
2011-04-27  47.7  48.56  46.8  48.56  21256000  48.56
2011-04-26  47.73  48.53  46.87  48.32  16700000  48.32
2011-04-25  47.5  48.23  46.82  47.37  15220200  47.37
2011-04-21  46.65  47.55  46.49  47.41  16066800  47.41
2011-04-20  47.28  47.46  45.86  46.08  29024600  46.08
2011-04-19  44.45  44.91  43.68  44.71  21864200  44.71
2011-04-18  43.69  44.53  42.97  43.75  22052000  43.75
2011-04-15  44.72  45.05  43.97  44.24  23185800  44.24
2011-04-14  45.06  45.88  44.79  44.89  19114100  44.89
2011-04-13  46.54  46.66  44.92  45.22  21403700  45.22
2011-04-12  46.68  46.88  45.62  46.21  20264600  46.21
2011-04-11  49.24  49.56  47.37  47.7  18339800  47.7
2011-04-08  50.39  50.55  49.03  49.24  16917200  49.24
2011-04-07  48.78  49.64  48.45  49.43  17407900  49.43
2011-04-06  49.79  50.1  48.31  48.4  18797700  48.4
2011-04-05  47.57  49.34  47.42  48.71  17431100  48.71
2011-04-04  48.15  48.53  47.58  47.99  13291600  47.99
2011-04-01  47.72  47.91  46.81  47.39  15255100  47.39
2011-03-31  47.34  48.42  47.33  47.8  15964400  47.8
2011-03-30  47.44  47.59  46.26  47.53  18449500  47.53
2011-03-29  46.42  46.93  45.99  46.72  17503100  46.72
2011-03-28  47.3  47.88  46.31  46.53  17715700  46.53
2011-03-25  46.82  47.48  46.51  46.94  14653400  46.94
2011-03-24  47.54  47.54  45.99  46.76  21327900  46.76
2011-03-23  45.6  47.49  45.24  47.22  27179400  47.22
2011-03-22  45.09  45.31  44.07  44.99  15952500  44.99
2011-03-21  45.14  45.39  44.48  45.11  16321100  45.11
2011-03-18  45.69  45.85  44.4  44.55  20574100  44.55
2011-03-17  44.68  45.3  43.94  44.74  22456500  44.74
2011-03-16  45.08  45.15  42.22  43.27  31736900  43.27
2011-03-15  40.44  44.63  40.03  44.25  44575400  44.25
2011-03-14  42.21  42.58  41.45  42.1  20545700  42.1
2011-03-11  40.82  42.91  40.69  42.58  22207900  42.58
2011-03-10  40.55  42.23  39.75  41.12  35904500  41.12
2011-03-09  43.44  43.46  41.44  41.69  29047600  41.69
2011-03-08  43.2  43.84  41.83  43.12  21294000  43.12
2011-03-07  44.72  45.02  42.68  43.14  18786200  43.14
2011-03-04  45.38  45.57  43.93  44.49  16102200  44.49
2011-03-03  45.53  45.7  44.6  45.09  14694400  45.09
2011-03-02  44.14  45.12  43.9  44.73  11864600  44.73
2011-03-01  45.72  45.91  44.37  44.42  15307100  44.42
2011-02-28  45.69  46.03  44.7  45.56  12966500  45.56
2011-02-25  45.53  45.65  44.74  45.13  15065500  45.13
2011-02-24  44.07  45.23  43.62  44.62  21900800  44.62
2011-02-23  43.21  44.35  42.68  43.89  23349800  43.89
2011-02-22  44.21  44.94  43.05  43.35  27564100  43.35
2011-02-18  47.38  47.44  45.42  45.56  19540100  45.56
2011-02-17  47.87  47.87  46.88  47.53  12767100  47.53
2011-02-16  47.28  47.75  46.63  47.7  14346600  47.7
2011-02-15  48.17  48.55  46.84  47.02  14092300  47.02
2011-02-14  46.78  48.4  46.77  48.31  18232700  48.31
2011-02-11  45.84  46.44  45.6  46.05  12345900  46.05
2011-02-10  45.6  46.77  45.4  46.14  14835700  46.14
2011-02-09  47.41  47.87  45.99  46.37  18149200  46.37
2011-02-08  48.27  48.34  47.37  47.88  15319500  47.88
2011-02-07  49.36  49.6  47.8  47.86  17369600  47.86
2011-02-04  49.36  49.4  48.37  48.84  12884800  48.84
2011-02-03  48.33  49.07  47.32  48.95  14760500  48.95
2011-02-02  48.93  49.55  48.13  48.41  16916600  48.41
2011-02-01  47.57  49.14  47.44  49.08  48860200  49.08
2011-01-31  46.25  46.9  45.99  46.79  21833200  46.79
2011-01-28  46.13  46.71  45.46  45.68  21895800  45.68
2011-01-27  48.02  48.02  45.83  46.32  27221200  46.32
2011-01-26  45.74  47.67  45.69  47.46  26181200  47.46
2011-01-25  45.66  46.23  45.01  45.79  31685400  45.79
2011-01-24  46.55  47.89  46.36  46.67  20703600  46.67
2011-01-21  47.51  47.92  46.52  46.64  25499400  46.64
2011-01-20  47.74  47.94  46.96  47.71  35536200  47.71
2011-01-19  51.47  51.49  49.35  49.55  18815600  49.55
2011-01-18  51.14  51.41  50.59  51.03  12330200  51.03
2011-01-14  50.79  51.13  50.23  50.92  18427800  50.92
2011-01-13  52.48  52.48  50.72  50.8  17084400  50.8
2011-01-12  52.53  52.79  52.19  52.42  17112200  52.42
2011-01-11  51.74  52.27  51.23  52.19  17182600  52.19
2011-01-10  50.34  51.13  49.51  50.97  16834000  50.97
2011-01-07  49.91  50.54  49.41  50.33  20664600  50.33
2011-01-06  50.7  50.73  49.33  49.74  19211200  49.74
2011-01-05  50.3  50.92  49.66  50.71  20456600  50.71
2011-01-04  51.16  51.52  49.29  50.88  29234800  50.88
2011-01-03  52.14  52.49  51.06  51.24  16915200  51.24
2010-12-31  51.06  51.6  50.8  51.45  6976800  51.45
2010-12-30  51.35  51.75  50.96  50.97  8232600  50.97
2010-12-29  51.0  51.17  50.68  51.05  7734600  51.05
2010-12-28  51.26  51.3  50.42  50.68  8346000  50.68
2010-12-27  50.2  51.18  50.16  50.82  11185200  50.82
2010-12-23  49.56  50.63  49.48  50.63  11411200  50.63
2010-12-22  50.22  50.28  49.61  49.87  11500400  49.87
2010-12-21  49.56  49.87  49.01  49.79  11555200  49.79
2010-12-20  49.4  49.64  48.81  48.86  13788800  48.86
2010-12-17  48.09  48.8  48.0  48.72  20282000  48.72
2010-12-16  48.17  48.18  47.03  47.75  16599600  47.75
2010-12-15  47.8  48.27  47.05  47.15  19755000  47.15
2010-12-14  48.8  48.84  47.98  48.32  17135600  48.32
2010-12-13  48.46  49.41  48.14  48.62  20016200  48.62
2010-12-10  47.04  47.57  46.42  47.5  17366200  47.5
2010-12-09  47.1  47.13  46.14  46.57  19798800  46.57
2010-12-08  46.74  46.94  44.9  45.7  27089800  45.7
2010-12-07  47.59  48.08  46.44  46.56  25401200  46.56
2010-12-06  45.86  47.09  45.85  46.25  22987200  46.25
2010-12-03  44.97  46.05  44.97  45.85  17262600  45.85
2010-12-02  44.4  45.56  44.4  45.3  22373400  45.3
2010-12-01  43.82  44.42  43.36  44.39  21414000  44.39
2010-11-30  42.13  43.42  41.96  42.64  25585800  42.64
2010-11-29  41.06  42.76  40.55  42.63  26020600  42.63
2010-11-26  41.78  41.79  41.16  41.21  9738200  41.21
2010-11-24  41.94  42.6  41.74  42.38  15920400  42.38
2010-11-23  42.08  42.11  41.21  41.53  22066000  41.53
2010-11-22  42.27  43.14  42.08  42.93  19816600  42.93
2010-11-19  41.54  42.89  41.16  42.84  22304200  42.84
2010-11-18  41.95  42.71  41.89  42.02  22936800  42.02
2010-11-17  40.84  41.79  40.64  40.75  22587200  40.75
2010-11-16  41.86  42.0  40.41  41.08  44192400  41.08
2010-11-15  43.72  43.96  42.84  42.92  19377200  42.92
2010-11-12  44.41  44.9  43.01  43.73  32590800  43.73
2010-11-11  44.44  45.49  44.04  45.45  27264200  45.45
2010-11-10  43.21  43.96  42.34  43.9  28535800  43.9
2010-11-09  45.38  45.67  42.89  43.2  39251600  43.2
2010-11-08  43.88  44.48  43.43  44.3  14835600  44.3
2010-11-05  43.35  45.06  43.33  44.12  27409800  44.12
2010-11-04  42.1  43.75  42.02  43.72  34467000  43.72
2010-11-03  41.07  41.18  40.0  40.86  23248600  40.86
2010-11-02  40.99  41.35  40.66  41.1  21242600  41.1
2010-11-01  40.63  40.65  39.98  40.5  17677200  40.5
2010-10-29  39.89  40.13  39.56  39.89  16744400  39.89
2010-10-28  40.81  41.03  40.12  40.18  19997200  40.18
2010-10-27  40.38  40.57  39.58  40.19  23445600  40.19
2010-10-26  39.97  41.42  39.77  41.36  21036200  41.36
2010-10-25  40.82  41.17  40.21  40.43  20121200  40.43
2010-10-22  40.59  40.63  39.15  39.58  21000800  39.58
2010-10-21  41.68  41.94  39.73  40.58  35780400  40.58
2010-10-20  39.54  40.49  39.3  40.12  21106000  40.12
2010-10-19  39.07  39.81  38.72  39.02  29124200  39.02
2010-10-18  40.66  40.97  40.27  40.52  19346600  40.52
2010-10-15  41.69  41.81  40.7  41.26  25348200  41.26
2010-10-14  41.73  42.23  41.31  41.66  30962600  41.66
2010-10-13  40.63  42.04  40.58  41.69  30389200  41.69
2010-10-12  39.77  40.1  38.97  40.03  21155000  40.03
2010-10-11  40.13  40.51  39.7  40.01  15010200  40.01
2010-10-08  38.73  40.24  38.6  40.07  27166200  40.07
2010-10-07  39.28  39.38  37.69  38.34  26884000  38.34
2010-10-06  38.38  39.58  38.36  39.27  27311600  39.27
2010-10-05  37.21  38.51  37.17  38.25  26483600  38.25
2010-10-04  37.1  37.16  36.36  36.59  23296000  36.59
2010-10-01  36.48  37.46  36.23  37.39  31267400  37.39
2010-09-30  36.49  36.6  35.34  35.82  21657400  35.82
2010-09-29  36.47  36.88  35.93  36.16  19218400  36.16
2010-09-28  36.36  36.64  35.58  36.51  21403200  36.51
2010-09-27  36.28  36.62  35.98  36.31  13933000  36.31
2010-09-24  36.08  36.69  35.98  36.33  19509600  36.33
2010-09-23  34.88  35.75  34.37  35.33  23050400  35.33
2010-09-22  35.07  35.8  35.03  35.45  21400000  35.45
2010-09-21  35.0  35.02  33.96  34.81  22772400  34.81
2010-09-20  34.45  35.14  34.34  34.96  21590800  34.96
2010-09-17  34.54  34.54  34.03  34.28  14111200  34.28
2010-09-16  34.06  34.64  34.05  34.29  15415800  34.29
2010-09-15  33.96  34.18  33.57  34.15  19964400  34.15
2010-09-14  34.08  34.6  33.85  34.16  18028000  34.16
2010-09-13  33.81  34.58  33.76  34.31  20102000  34.31
2010-09-10  32.78  33.36  32.64  33.27  14899800  33.27
2010-09-09  33.37  33.47  32.51  32.79  19120800  32.79
2010-09-08  32.89  33.56  32.74  33.2  20212200  33.2
2010-09-07  32.45  33.05  32.05  32.66  19601200  32.66
2010-09-03  32.85  33.12  32.63  32.95  21550800  32.95
2010-09-02  31.84  32.34  31.54  32.28  19169800  32.28
2010-09-01  31.03  32.02  30.93  31.96  30597000  31.96
2010-08-31  29.31  30.62  29.31  30.2  24595000  30.2
2010-08-30  29.83  30.18  29.52  29.52  16481200  29.52
2010-08-27  28.72  29.9  28.32  29.87  27349200  29.87
2010-08-26  28.65  28.94  28.15  28.15  24091800  28.15
2010-08-25  27.83  28.05  27.56  27.96  26784400  27.96
2010-08-24  28.66  28.68  27.91  28.13  30520800  28.13
2010-08-23  30.25  30.27  29.46  29.52  12743000  29.52
2010-08-20  29.89  30.1  29.47  29.94  19826800  29.94
2010-08-19  30.68  31.17  30.03  30.24  19734200  30.24
2010-08-18  30.51  30.98  30.22  30.72  13784800  30.72
2010-08-17  30.42  31.04  30.33  30.55  19482600  30.55
2010-08-16  29.73  30.07  29.5  29.63  12696200  29.63
2010-08-13  29.32  29.57  29.12  29.39  12844600  29.39
2010-08-12  29.13  29.92  29.01  29.53  18910400  29.53
2010-08-11  29.7  29.85  29.15  29.38  23780200  29.38
2010-08-10  30.62  30.96  30.29  30.71  20412600  30.71
2010-08-09  31.59  31.71  31.06  31.35  10716400  31.35
2010-08-06  30.8  31.99  30.79  31.3  23549600  31.3
2010-08-05  31.4  31.4  30.66  31.07  19302000  31.07
2010-08-04  31.19  31.57  30.69  31.46  20303400  31.46
2010-08-03  31.11  31.25  30.65  31.06  18131600  31.06
2010-08-02  30.71  31.52  30.66  31.38  26051200  31.38
2010-07-30  29.1  30.11  29.09  30.01  22311200  30.01
2010-07-29  29.91  30.41  29.38  29.68  23594600  29.68
2010-07-28  29.13  30.02  29.12  29.52  23496600  29.52
2010-07-27  30.03  30.2  28.78  29.29  26535800  29.29
2010-07-26  29.71  30.11  29.38  29.88  19800400  29.88
2010-07-23  29.0  29.95  28.84  29.82  29995800  29.82
2010-07-22  28.51  29.35  28.42  28.85  37867600  28.85
2010-07-21  28.35  28.67  27.45  27.71  45624000  27.71
2010-07-20  25.44  27.32  25.36  26.98  33648000  26.98
2010-07-19  25.37  25.77  25.17  25.53  17759200  25.53
2010-07-16  26.27  26.4  25.13  25.2  27888200  25.2
2010-07-15  26.74  26.75  25.94  26.5  22153800  26.5
2010-07-14  26.74  27.15  26.43  26.71  21064200  26.71
2010-07-13  27.16  27.25  26.52  26.9  23331800  26.9
2010-07-12  27.24  27.32  26.11  26.39  33955800  26.39
2010-07-09  26.36  27.62  26.26  27.55  23761000  27.55
2010-07-08  26.62  26.88  25.95  26.37  25789000  26.37
2010-07-07  25.0  26.29  24.74  26.29  28123000  26.29
2010-07-06  25.3  25.75  24.37  24.71  25534000  24.71
2010-07-02  24.74  24.91  24.16  24.44  20193400  24.44
2010-07-01  24.71  25.15  23.68  24.29  36089600  24.29
2010-06-30  25.56  25.76  24.6  24.69  27159400  24.69
2010-06-29  26.21  26.48  25.26  25.5  28802400  25.5
2010-06-28  27.62  27.7  26.83  27.0  28057000  27.0
2010-06-25  26.62  27.9  26.37  27.79  34024600  27.79
2010-06-24  27.07  27.17  26.45  26.49  24658000  26.49
2010-06-23  27.11  27.35  26.26  27.16  29363800  27.16
2010-06-22  28.5  28.52  27.14  27.22  26925800  27.22
2010-06-21  28.89  29.22  28.29  28.42  39983800  28.42
2010-06-18  27.5  27.67  27.21  27.51  19768000  27.51
2010-06-17  27.87  27.96  26.98  27.48  22525800  27.48
2010-06-16  27.63  28.29  27.46  27.99  18941600  27.99
2010-06-15  27.56  28.03  27.08  27.99  19932400  27.99
2010-06-14  27.92  28.01  27.24  27.25  23427000  27.25
2010-06-11  26.76  27.36  26.6  27.11  22096800  27.11
2010-06-10  26.15  26.91  26.12  26.87  27765600  26.87
2010-06-09  26.26  26.67  25.15  25.36  32151400  25.36
2010-06-08  24.67  25.7  24.57  25.67  44871000  25.67
2010-06-07  26.22  26.3  24.31  24.49  44684800  24.49
2010-06-04  26.8  27.32  26.1  26.22  29964200  26.22
2010-06-03  29.1  29.11  27.15  27.63  33401800  27.63
2010-06-02  28.0  28.83  27.58  28.82  23713600  28.82
2010-06-01  28.86  29.01  27.74  27.76  26207000  27.76
2010-05-28  29.71  29.79  28.92  29.25  23558000  29.25
2010-05-27  28.96  29.68  28.61  29.67  30256600  29.67
2010-05-26  29.2  29.22  27.76  27.8  36043200  27.8
2010-05-25  26.48  28.29  26.21  28.23  44195200  28.23
2010-05-24  28.1  28.42  27.34  27.37  31852000  27.37
2010-05-21  26.21  28.33  26.18  27.98  53901000  27.98
2010-05-20  27.41  27.51  26.38  26.56  56704000  26.56
2010-05-19  27.62  28.51  27.23  28.26  41645800  28.26
2010-05-18  28.99  29.63  28.05  28.12  38001600  28.12
2010-05-17  28.95  29.14  27.58  28.38  39625600  28.38
2010-05-14  29.26  29.49  28.35  29.11  30749800  29.11
2010-05-13  30.54  30.75  29.8  29.94  29487600  29.94
2010-05-12  29.88  30.52  29.7  30.48  55750800  30.48
2010-05-11  29.7  30.26  29.31  29.33  37039400  29.33
2010-05-10  29.63  30.68  29.39  30.27  39485200  30.27
2010-05-07  29.19  29.28  27.23  28.22  63805800  28.22
2010-05-06  29.43  30.35  27.14  28.82  54964800  28.82
2010-05-05  28.38  30.24  28.35  29.41  45503000  29.41
2010-05-04  30.01  30.01  28.97  29.43  43716600  29.43
2010-05-03  31.57  31.85  30.07  30.79  35163400  30.79
2010-04-30  32.75  32.84  31.35  31.53  24533200  31.53
2010-04-29  32.15  32.64  32.05  32.45  27931600  32.45
2010-04-28  32.18  32.41  31.45  31.93  26550800  31.93
2010-04-27  33.06  33.06  31.6  31.79  38098800  31.79
2010-04-26  33.52  34.1  33.48  33.57  19466800  33.57
2010-04-23  33.75  33.79  32.95  33.22  26852400  33.22
2010-04-22  32.45  33.64  32.23  33.61  32155400  33.61
2010-04-21  33.82  33.84  31.96  32.74  50810200  32.74
2010-04-20  34.11  34.31  33.72  33.73  19248400  33.73
2010-04-19  33.53  33.93  32.85  33.73  27287000  33.73
2010-04-16  34.89  35.12  33.68  33.89  29730000  33.89
2010-04-15  35.49  35.63  35.08  35.16  13877400  35.16
2010-04-14  35.77  35.95  35.45  35.64  16482800  35.64
2010-04-13  35.16  35.48  34.83  35.39  20826000  35.39
2010-04-12  35.42  35.82  35.01  35.17  20818600  35.17
2010-04-09  36.12  36.23  35.21  35.7  19509600  35.7
2010-04-08  35.46  35.89  35.12  35.86  21001000  35.86
2010-04-07  36.49  36.55  35.38  35.81  26689400  35.81
2010-04-06  36.27  36.8  36.13  36.4  21875400  36.4
2010-04-05  36.2  36.63  35.82  36.4  21963200  36.4
2010-04-01  35.38  35.96  35.33  35.96  27572000  35.96
2010-03-31  34.77  35.12  34.65  34.82  16508200  34.82
2010-03-30  34.66  35.39  34.6  34.87  27978800  34.87
2010-03-29  33.73  34.59  33.55  34.54  34633000  34.54
2010-03-26  32.76  33.32  32.6  33.0  23495000  33.0
2010-03-25  33.63  33.72  32.4  32.47  26994800  32.47
2010-03-24  33.21  33.71  33.16  33.25  21712000  33.25
2010-03-23  33.18  33.82  33.02  33.8  25375600  33.8
2010-03-22  32.2  33.31  32.0  33.26  28113600  33.26
2010-03-19  33.72  33.74  32.55  32.72  31214400  32.72
2010-03-18  33.83  34.35  33.35  33.45  23412200  33.45
2010-03-17  34.39  34.59  33.75  33.85  23936800  33.85
2010-03-16  33.97  34.35  33.93  34.25  25932800  34.25
2010-03-15  33.19  33.69  32.93  33.62  23122600  33.62
2010-03-12  33.84  33.96  33.46  33.56  20679000  33.56
2010-03-11  33.11  33.57  32.78  33.55  25444800  33.55
2010-03-10  33.43  33.88  33.05  33.37  30947800  33.37
2010-03-09  33.23  33.65  33.03  33.24  25750000  33.24
2010-03-08  33.8  34.03  33.42  33.6  22415600  33.6
2010-03-05  33.29  33.76  33.06  33.64  30796000  33.64
2010-03-04  33.05  33.2  32.47  32.86  26113400  32.86
2010-03-03  33.11  33.5  32.85  33.02  34036600  33.02
2010-03-02  32.08  32.79  31.78  32.5  36969600  32.5
2010-03-01  32.16  32.21  31.41  31.86  30067200  31.86
2010-02-26  31.01  31.36  30.39  31.32  26165600  31.32
2010-02-25  29.44  30.94  29.33  30.87  42673600  30.87
2010-02-24  30.67  31.02  29.97  30.29  34098200  30.29
2010-02-23  31.53  31.74  30.45  30.69  35785800  30.69
2010-02-22  32.3  32.38  31.74  31.77  24424000  31.77
2010-02-19  31.68  32.46  31.61  32.16  30220200  32.16
2010-02-18  31.09  32.0  31.07  31.92  37814200  31.92
2010-02-17  31.81  31.94  30.8  31.31  32796400  31.31
2010-02-16  31.52  31.7  31.2  31.65  34512000  31.65
2010-02-12  30.18  30.78  29.81  30.71  43061200  30.71
2010-02-11  29.87  31.14  29.56  30.91  45849600  30.91
2010-02-10  29.68  29.92  28.82  29.6  38632600  29.6
2010-02-09  29.64  30.4  29.5  29.83  50452200  29.83
2010-02-08  29.49  30.0  28.72  28.84  47861200  28.84
2010-02-05  27.82  29.3  27.52  29.27  74929200  29.27
2010-02-04  28.55  28.75  27.71  27.81  53760000  27.81
2010-02-03  29.9  30.51  29.03  29.37  46245000  29.37
2010-02-02  30.53  30.7  29.67  30.22  51272800  30.22
2010-02-01  28.4  29.86  28.36  29.84  48838400  29.84
2010-01-29  29.11  29.7  27.59  27.79  51175800  27.79
2010-01-28  30.25  30.32  28.25  28.68  63485400  28.68
2010-01-27  29.7  30.15  28.67  29.69  48933000  29.69
2010-01-26  30.62  30.83  29.82  30.0  43102200  30.0
2010-01-25  31.35  31.71  30.97  31.09  32659400  31.09
2010-01-22  30.78  32.28  30.24  30.94  60624000  30.94
2010-01-21  34.51  34.55  31.67  31.79  68719000  31.79
2010-01-20  34.65  35.04  33.84  34.81  34635200  34.81
2010-01-19  35.31  35.34  34.76  35.26  22939000  35.26
2010-01-15  35.42  35.69  34.99  35.13  25934600  35.13
2010-01-14  36.01  36.14  35.22  35.46  18682000  35.46
2010-01-13  35.55  36.01  34.61  35.9  24544200  35.9
2010-01-12  35.96  36.04  34.73  35.27  34166200  35.27
2010-01-11  37.43  37.67  36.23  36.65  30931200  36.65
2010-01-08  35.75  36.69  35.28  36.65  21313200  36.65
2010-01-07  36.0  36.11  35.37  35.63  19499200  35.63
2010-01-06  35.3  36.6  35.26  36.32  30691200  36.32
2010-01-05  34.74  35.15  34.58  34.93  17313000  34.93
2010-01-04  34.37  34.78  34.34  34.72  18082400  34.72
