Date  Open  High  Low  Close  Volume  Adj Close
2014-02-28  9.4  9.56  9.38  9.5  2821000  9.5
2014-02-27  9.35  9.39  9.25  9.38  1760700  9.38
2014-02-26  9.32  9.44  9.27  9.37  2218100  9.37
2014-02-25  9.35  9.35  9.24  9.29  2003300  9.29
2014-02-24  9.21  9.39  9.18  9.34  2602800  9.34
2014-02-21  9.11  9.22  9.08  9.22  3665300  9.22
2014-02-20  9.11  9.17  9.03  9.13  3403000  9.13
2014-02-19  9.18  9.22  9.08  9.1  2396300  9.1
2014-02-18  9.29  9.33  9.21  9.22  1443800  9.22
2014-02-14  9.23  9.27  9.19  9.27  1166200  9.27
2014-02-13  9.17  9.21  9.03  9.21  3335000  9.21
2014-02-12  9.25  9.32  9.15  9.2  5889800  9.2
2014-02-11  9.14  9.27  9.12  9.26  1778500  9.26
2014-02-10  9.17  9.23  9.1  9.16  1968000  9.16
2014-02-07  9.13  9.23  9.1  9.14  2856200  9.14
2014-02-06  8.99  9.11  8.95  9.1  1901000  9.1
2014-02-05  8.96  9.05  8.93  9.01  3070900  9.01
2014-02-04  8.8  8.99  8.78  8.98  4014500  8.98
2014-02-03  8.98  9.03  8.77  8.77  7475300  8.77
2014-01-31  9.0  9.08  8.98  9.0  2538300  9.0
2014-01-30  9.08  9.17  8.99  9.11  3314800  9.11
2014-01-29  8.91  9.11  8.9  9.04  3224500  9.04
2014-01-28  8.95  9.01  8.91  9.0  2498800  9.0
2014-01-27  8.99  9.09  8.95  8.96  2848200  8.96
2014-01-24  8.99  9.06  8.97  9.01  4317700  9.01
2014-01-23  9.05  9.09  8.99  9.08  4993200  9.08
2014-01-22  9.05  9.11  9.01  9.1  3628000  9.1
2014-01-21  9.06  9.06  8.83  9.03  7494200  9.03
2014-01-17  9.13  9.23  8.86  9.04  9747800  9.04
2014-01-16  9.26  9.27  9.18  9.24  1556200  9.24
2014-01-15  9.26  9.34  9.24  9.27  3585200  9.27
2014-01-14  9.25  9.29  9.18  9.26  2762900  9.26
2014-01-13  9.34  9.36  9.18  9.21  1293700  9.21
2014-01-10  9.43  9.43  9.33  9.36  2364700  9.36
2014-01-09  9.34  9.43  9.34  9.43  3385300  9.43
2014-01-08  9.33  9.38  9.31  9.35  3095900  9.35
2014-01-07  9.26  9.35  9.23  9.32  6799800  9.32
2014-01-06  9.31  9.38  9.24  9.25  3802400  9.25
2014-01-03  9.31  9.34  9.28  9.32  3129000  9.32
2014-01-02  9.4  9.4  9.27  9.27  4596000  9.27
2013-12-31  9.39  9.43  9.34  9.39  1862800  9.39
2013-12-30  9.32  9.36  9.29  9.35  1735800  9.35
2013-12-27  9.34  9.35  9.27  9.34  1687900  9.34
2013-12-26  9.29  9.35  9.08  9.32  1823900  9.32
2013-12-24  9.21  9.31  9.21  9.3  1141200  9.3
2013-12-23  9.18  9.27  9.16  9.22  6712400  9.22
2013-12-20  9.22  9.22  9.08  9.16  11510800  9.16
2013-12-19  9.15  9.15  9.06  9.1  6637700  9.1
2013-12-18  9.11  9.17  8.91  9.17  11319300  9.17
2013-12-17  9.21  9.21  8.95  9.12  21638800  9.12
2013-12-16  9.11  9.25  9.1  9.19  5652500  9.19
2013-12-13  9.13  9.21  9.09  9.12  2806000  9.12
2013-12-12  9.1  9.17  9.07  9.12  4385600  9.12
2013-12-11  9.17  9.2  9.11  9.12  2739400  9.12
2013-12-10  9.23  9.25  9.15  9.18  2889000  9.18
2013-12-09  9.21  9.28  9.18  9.25  3464700  9.25
2013-12-06  9.12  9.23  9.07  9.19  5182200  9.19
2013-12-05  9.09  9.11  8.99  9.04  3684200  9.04
2013-12-04  9.12  9.2  9.02  9.09  2641700  9.09
2013-12-03  9.15  9.27  9.01  9.15  3465400  9.15
2013-12-02  9.29  9.38  9.17  9.19  3827500  9.19
2013-11-29  9.35  9.36  9.28  9.3  844900  9.3
2013-11-27  9.32  9.35  9.28  9.32  3849400  9.32
2013-11-26  9.31  9.37  9.28  9.3  2777200  9.3
2013-11-25  9.28  9.36  9.25  9.32  3996000  9.32
2013-11-22  9.28  9.3  9.22  9.26  3736100  9.26
2013-11-21  9.14  9.35  9.12  9.25  4667400  9.25
2013-11-20  9.18  9.24  9.1  9.13  3127000  9.13
2013-11-19  9.07  9.17  9.06  9.13  1169500  9.13
2013-11-18  9.11  9.22  9.08  9.11  3811800  9.11
2013-11-15  9.04  9.14  8.99  9.1  2108700  9.1
2013-11-14  9.01  9.08  8.93  9.05  1950300  9.05
2013-11-13  8.84  9.02  8.81  9.0  2135300  9.0
2013-11-12  9.07  9.17  8.84  8.87  6867600  8.87
2013-11-11  9.13  9.16  9.05  9.06  2206300  9.06
2013-11-08  8.87  9.14  8.85  9.14  7871900  9.14
2013-11-07  8.97  9.01  8.86  8.87  3051400  8.87
2013-11-06  8.86  8.96  8.85  8.95  7863200  8.95
2013-11-05  8.82  8.89  8.81  8.82  6617800  8.82
2013-11-04  8.88  8.91  8.79  8.85  7079700  8.85
2013-11-01  8.9  8.97  8.81  8.88  8834300  8.88
2013-10-31  9.07  9.08  8.89  8.9  3991200  8.9
2013-10-30  8.98  9.13  8.92  9.06  6954500  9.06
2013-10-29  8.91  8.98  8.86  8.95  6596600  8.95
2013-10-28  8.91  8.95  8.87  8.88  6353400  8.88
2013-10-25  8.94  8.99  8.86  8.91  7870800  8.91
2013-10-24  9.03  9.12  8.92  8.95  7519000  8.95
2013-10-23  8.98  9.03  8.93  8.99  10150000  8.99
2013-10-22  9.13  9.14  9.01  9.04  3893100  9.04
2013-10-21  9.21  9.25  9.1  9.11  3943600  9.11
2013-10-18  8.92  9.24  8.88  9.22  8181900  9.22
2013-10-17  9.35  9.36  9.0  9.07  9964500  9.07
2013-10-16  9.28  9.42  9.24  9.41  2430800  9.41
2013-10-15  9.27  9.32  9.2  9.21  3026400  9.21
2013-10-14  9.2  9.33  9.2  9.32  2613100  9.32
2013-10-11  9.14  9.31  9.08  9.26  5883100  9.26
2013-10-10  9.04  9.19  8.99  9.19  3858200  9.19
2013-10-09  8.92  8.97  8.83  8.96  3677600  8.96
2013-10-08  8.94  8.98  8.86  8.89  3547500  8.89
2013-10-07  9.08  9.08  8.91  8.91  2748400  8.91
2013-10-04  8.95  9.18  8.95  9.17  3152200  9.17
2013-10-03  9.03  9.04  8.92  8.98  4625600  8.98
2013-10-02  9.03  9.06  8.98  9.06  3061700  9.06
2013-10-01  8.98  9.09  8.94  9.09  3236800  9.09
2013-09-30  8.93  9.05  8.89  8.96  2496100  8.96
2013-09-27  8.93  9.06  8.93  9.04  4226300  9.04
2013-09-26  8.95  9.04  8.93  9.02  3884900  9.02
2013-09-25  8.89  8.97  8.85  8.95  3942500  8.95
2013-09-24  8.93  8.97  8.87  8.9  3147200  8.9
2013-09-23  8.96  8.96  8.81  8.9  3221600  8.9
2013-09-20  9.09  9.1  8.97  8.97  4381200  8.97
2013-09-19  9.17  9.18  8.94  9.07  2964300  9.07
2013-09-18  9.06  9.25  9.02  9.17  3982800  9.17
2013-09-17  8.96  9.11  8.96  9.1  1117100  9.1
2013-09-16  9.06  9.06  8.94  8.98  2612400  8.98
2013-09-13  8.96  9.02  8.92  8.95  3114500  8.95
2013-09-12  9.07  9.07  8.94  8.95  2506400  8.95
2013-09-11  9.05  9.08  8.95  9.04  3266000  9.04
2013-09-10  9.16  9.16  9.03  9.07  3021000  9.07
2013-09-09  9.16  9.19  9.05  9.07  2629000  9.07
2013-09-06  9.27  9.31  9.03  9.17  4141600  9.17
2013-09-05  9.23  9.31  9.22  9.27  2817200  9.27
2013-09-04  9.17  9.28  9.16  9.26  4714000  9.26
2013-09-03  9.22  9.28  9.07  9.16  5998600  9.16
2013-08-30  9.15  9.2  9.02  9.11  3587400  9.11
2013-08-29  9.16  9.22  9.08  9.11  3533400  9.11
2013-08-28  9.13  9.25  9.1  9.21  3501600  9.21
2013-08-27  9.47  9.47  9.15  9.15  6743000  9.15
2013-08-26  9.54  9.57  9.47  9.54  4303800  9.54
2013-08-23  9.54  9.57  9.46  9.54  3247900  9.54
2013-08-22  9.33  9.6  9.33  9.55  2389600  9.55
2013-08-21  9.34  9.41  9.27  9.34  3502000  9.34
2013-08-20  9.31  9.45  9.31  9.38  1925700  9.38
2013-08-19  9.43  9.44  9.32  9.33  2931800  9.33
2013-08-16  9.37  9.47  9.36  9.47  3308100  9.47
2013-08-15  9.42  9.45  9.38  9.42  2759500  9.42
2013-08-14  9.47  9.53  9.43  9.46  1828900  9.46
2013-08-13  9.5  9.52  9.42  9.48  1932400  9.48
2013-08-12  9.46  9.55  9.44  9.5  2867100  9.5
2013-08-09  9.5  9.54  9.43  9.52  1503300  9.52
2013-08-08  9.53  9.6  9.46  9.54  1843000  9.54
2013-08-07  9.51  9.52  9.42  9.46  4374500  9.46
2013-08-06  9.55  9.59  9.49  9.54  4112900  9.54
2013-08-05  9.58  9.64  9.54  9.59  3803200  9.59
2013-08-02  9.57  9.64  9.53  9.64  4146700  9.64
2013-08-01  9.48  9.63  9.45  9.61  2588800  9.61
2013-07-31  9.43  9.58  9.41  9.44  3350500  9.44
2013-07-30  9.4  9.46  9.39  9.43  2022400  9.43
2013-07-29  9.44  9.46  9.33  9.35  1569200  9.35
2013-07-26  9.44  9.48  9.37  9.46  1789700  9.46
2013-07-25  9.54  9.57  9.44  9.49  3258000  9.49
2013-07-24  9.57  9.63  9.51  9.55  3537500  9.55
2013-07-23  9.64  9.64  9.54  9.57  2552000  9.57
2013-07-22  9.6  9.64  9.53  9.61  5255900  9.61
2013-07-19  9.66  9.66  9.48  9.53  7031800  9.53
2013-07-18  9.41  9.66  9.41  9.64  10318900  9.64
2013-07-17  9.61  9.66  9.46  9.49  5578000  9.49
2013-07-16  9.61  9.63  9.44  9.54  2601800  9.54
2013-07-15  9.63  9.65  9.56  9.63  1716600  9.63
2013-07-12  9.53  9.6  9.47  9.6  2398200  9.6
2013-07-11  9.63  9.65  9.45  9.52  1398300  9.52
2013-07-10  9.61  9.62  9.47  9.57  2150800  9.57
2013-07-09  9.61  9.64  9.48  9.59  1753200  9.59
2013-07-08  9.42  9.54  9.42  9.53  3051900  9.53
2013-07-05  9.31  9.45  9.27  9.45  2505700  9.45
2013-07-03  9.19  9.25  9.15  9.23  714700  9.23
2013-07-02  9.14  9.26  9.14  9.24  2955800  9.24
2013-07-01  9.03  9.26  9.02  9.17  2241200  9.17
2013-06-28  9.03  9.08  8.98  9.06  2427300  9.06
2013-06-27  8.96  9.08  8.93  9.04  2278200  9.04
2013-06-26  8.82  8.92  8.73  8.88  2620400  8.88
2013-06-25  8.6  8.71  8.5  8.7  2733400  8.7
2013-06-24  8.48  8.54  8.38  8.51  3619300  8.51
2013-06-21  8.43  8.6  8.39  8.53  6630800  8.53
2013-06-20  8.27  8.46  8.2  8.39  3481200  8.39
2013-06-19  8.48  8.48  8.36  8.37  2496500  8.37
2013-06-18  8.28  8.51  8.2  8.46  13247000  8.46
2013-06-17  8.21  8.31  8.19  8.26  2600900  8.26
2013-06-14  8.31  8.36  8.17  8.18  3252800  8.18
2013-06-13  8.15  8.29  8.12  8.29  4430100  8.29
2013-06-12  8.27  8.3  8.16  8.16  8600600  8.16
2013-06-11  8.23  8.31  8.18  8.22  8200700  8.22
2013-06-10  8.3  8.36  8.27  8.31  7286000  8.31
2013-06-07  8.3  8.35  8.21  8.3  4139200  8.3
2013-06-06  8.18  8.23  8.07  8.23  8367400  8.23
2013-06-05  8.36  8.36  8.22  8.22  3452800  8.22
2013-06-04  8.51  8.51  8.35  8.4  2066000  8.4
2013-06-03  8.41  8.51  8.34  8.5  2780500  8.5
2013-05-31  8.51  8.54  8.38  8.39  4458900  8.39
2013-05-30  8.47  8.59  8.4  8.53  2000600  8.53
2013-05-29  8.51  8.59  8.44  8.47  4726100  8.47
2013-05-28  8.53  8.59  8.48  8.55  2033300  8.55
2013-05-24  8.35  8.43  8.32  8.41  4738700  8.41
2013-05-23  8.36  8.44  8.35  8.38  5091300  8.38
2013-05-22  8.54  8.64  8.39  8.4  2503300  8.4
2013-05-21  8.53  8.58  8.51  8.55  3011100  8.55
2013-05-20  8.48  8.53  8.45  8.53  2828900  8.53
2013-05-17  8.47  8.57  8.46  8.54  1354600  8.54
2013-05-16  8.45  8.53  8.44  8.47  2629300  8.47
2013-05-15  8.44  8.58  8.39  8.51  1621100  8.51
2013-05-14  8.41  8.45  8.24  8.45  2343500  8.45
2013-05-13  8.37  8.45  8.35  8.42  2049100  8.42
2013-05-10  8.4  8.43  8.36  8.42  4700600  8.42
2013-05-09  8.38  8.41  8.31  8.37  3972900  8.37
2013-05-08  8.26  8.39  8.26  8.38  5817100  8.38
2013-05-07  8.24  8.31  8.2  8.28  2399500  8.28
2013-05-06  8.16  8.2  8.11  8.2  1350600  8.2
2013-05-03  8.19  8.19  8.05  8.14  1457300  8.14
2013-05-02  8.0  8.13  7.85  8.11  2492800  8.11
2013-05-01  8.08  8.15  7.99  8.02  4316000  8.02
2013-04-30  8.03  8.17  8.02  8.14  2760600  8.14
2013-04-29  8.13  8.14  8.06  8.06  1766800  8.06
2013-04-26  8.14  8.16  8.08  8.08  1676600  8.08
2013-04-25  8.17  8.17  8.05  8.13  1583600  8.13
2013-04-24  8.09  8.13  8.02  8.12  1450300  8.12
2013-04-23  8.05  8.08  7.98  8.08  1597000  8.08
2013-04-22  7.96  8.0  7.9  8.0  1197000  8.0
2013-04-19  7.94  8.03  7.76  7.94  2978200  7.94
2013-04-18  7.83  7.94  7.75  7.9  2517000  7.9
2013-04-17  7.98  7.99  7.81  7.83  2431900  7.83
2013-04-16  8.03  8.06  7.94  8.04  4543700  8.04
2013-04-15  8.13  8.18  7.98  7.98  4444700  7.98
2013-04-12  8.19  8.4  8.05  8.14  15711800  8.14
2013-04-11  8.61  8.67  8.59  8.62  1893700  8.62
2013-04-10  8.5  8.62  8.45  8.62  2571600  8.62
2013-04-09  8.31  8.46  8.29  8.46  1862500  8.46
2013-04-08  8.31  8.33  8.25  8.32  1559400  8.32
2013-04-05  8.29  8.34  8.21  8.32  3024700  8.32
2013-04-04  8.34  8.38  8.27  8.36  1869200  8.36
2013-04-03  8.37  8.39  8.25  8.28  2527300  8.28
2013-04-02  8.47  8.47  8.36  8.38  1683000  8.38
2013-04-01  8.45  8.49  8.38  8.42  2232100  8.42
2013-03-28  8.5  8.5  8.43  8.49  2392100  8.49
2013-03-27  8.37  8.48  8.36  8.47  2063300  8.47
2013-03-26  8.49  8.49  8.4  8.43  1894400  8.43
2013-03-25  8.49  8.5  8.41  8.42  2706800  8.42
2013-03-22  8.48  8.49  8.41  8.48  1488700  8.48
2013-03-21  8.42  8.49  8.42  8.43  2125500  8.43
2013-03-20  8.5  8.51  8.43  8.49  1904600  8.49
2013-03-19  8.47  8.54  8.43  8.45  1907500  8.45
2013-03-18  8.51  8.55  8.43  8.47  1912600  8.47
2013-03-15  8.55  8.62  8.54  8.58  2665400  8.58
2013-03-14  8.57  8.6  8.56  8.6  1233400  8.6
2013-03-13  8.55  8.57  8.52  8.56  2242300  8.56
2013-03-12  8.56  8.57  8.51  8.55  5753700  8.55
2013-03-11  8.53  8.57  8.52  8.57  1456100  8.57
2013-03-08  8.59  8.59  8.5  8.55  1450800  8.55
2013-03-07  8.52  8.56  8.49  8.54  1479000  8.54
2013-03-06  8.51  8.56  8.47  8.52  2100700  8.52
2013-03-05  8.43  8.61  8.43  8.5  3130400  8.5
2013-03-04  8.42  8.48  8.38  8.48  1553500  8.48
2013-03-01  8.4  8.44  8.26  8.43  3486900  8.43
2013-02-28  8.36  8.43  8.3  8.38  3940500  8.38
2013-02-27  8.27  8.38  7.53  8.35  1634400  8.35
2013-02-26  8.26  8.35  8.18  8.29  2233100  8.29
2013-02-25  8.59  8.6  8.26  8.26  6310100  8.26
2013-02-22  8.41  8.53  8.4  8.53  1717300  8.53
2013-02-21  8.34  8.54  8.14  8.4  3441900  8.4
2013-02-20  8.6  8.61  8.51  8.53  2742600  8.53
2013-02-19  8.56  8.64  8.54  8.62  7122200  8.62
2013-02-15  8.5  8.57  8.48  8.55  2718100  8.55
2013-02-14  8.51  8.57  8.48  8.53  2418600  8.53
2013-02-13  8.63  8.64  8.5  8.54  1721600  8.54
2013-02-12  8.5  8.61  8.45  8.59  2173800  8.59
2013-02-11  8.45  8.49  8.44  8.48  1639000  8.48
2013-02-08  8.46  8.5  8.44  8.47  1367000  8.47
2013-02-07  8.47  8.53  8.37  8.45  1666500  8.45
2013-02-06  8.45  8.48  8.36  8.46  8173600  8.46
2013-02-05  8.36  8.51  8.34  8.49  2120600  8.49
2013-02-04  8.38  8.4  8.32  8.35  1693700  8.35
2013-02-01  8.36  8.46  8.32  8.45  3749700  8.45
2013-01-31  8.39  8.39  8.27  8.32  2722100  8.32
2013-01-30  8.29  8.39  8.29  8.39  4289400  8.39
2013-01-29  8.29  8.38  8.29  8.37  2497300  8.37
2013-01-28  8.43  8.43  8.33  8.34  3576100  8.34
2013-01-25  8.46  8.47  8.34  8.41  2352300  8.41
2013-01-24  8.4  8.48  8.37  8.42  2445600  8.42
2013-01-23  8.48  8.48  8.39  8.42  2267200  8.42
2013-01-22  8.32  8.47  8.32  8.47  4151000  8.47
2013-01-18  8.35  8.39  8.3  8.36  3649800  8.36
2013-01-17  8.32  8.38  8.29  8.35  4327500  8.35
2013-01-16  8.37  8.41  8.27  8.32  2269600  8.32
2013-01-15  8.26  8.37  8.22  8.34  4194200  8.34
2013-01-14  8.36  8.36  8.22  8.31  2804000  8.31
2013-01-11  8.35  8.39  8.27  8.35  5652100  8.35
2013-01-10  8.31  8.4  8.3  8.38  4169300  8.38
2013-01-09  8.3  8.32  8.25  8.3  3575200  8.3
2013-01-08  8.23  8.28  8.16  8.27  5618900  8.27
2013-01-07  8.25  8.28  8.18  8.27  3792400  8.27
2013-01-04  8.19  8.32  8.12  8.3  5763500  8.3
2013-01-03  8.09  8.18  8.04  8.17  4838900  8.17
2013-01-02  8.04  8.13  7.99  8.13  5703000  8.13
2012-12-31  7.76  7.91  7.76  7.91  5203600  7.91
2012-12-28  7.82  7.89  7.8  7.83  3751000  7.83
2012-12-27  7.87  7.91  7.75  7.85  4025200  7.85
2012-12-26  7.88  7.94  7.84  7.88  1944800  7.88
2012-12-24  7.92  7.94  7.83  7.87  1124200  7.87
2012-12-21  7.97  7.99  7.87  7.94  10858100  7.94
2012-12-20  7.98  8.06  7.97  8.05  5947800  8.05
2012-12-19  8.0  8.08  7.96  8.0  4885000  8.0
2012-12-18  7.92  8.02  7.92  8.02  20490300  8.02
2012-12-17  7.79  7.96  7.77  7.93  8754100  7.93
2012-12-14  7.83  7.83  7.76  7.78  5961800  7.78
2012-12-13  7.79  7.89  7.79  7.83  3045100  7.83
2012-12-12  7.82  7.89  7.79  7.81  3439400  7.81
2012-12-11  7.89  7.93  7.75  7.83  3668400  7.83
2012-12-10  7.76  7.93  7.75  7.85  2534500  7.85
2012-12-07  7.77  7.88  7.76  7.78  3606100  7.78
2012-12-06  7.77  7.84  7.73  7.78  3761800  7.78
2012-12-05  7.74  7.79  7.7  7.77  2152200  7.77
2012-12-04  7.8  7.85  7.7  7.7  4027700  7.7
2012-12-03  7.89  7.91  7.78  7.8  3698300  7.8
2012-11-30  7.77  7.87  7.67  7.85  4601000  7.85
2012-11-29  7.85  7.88  7.73  7.74  3222800  7.74
2012-11-28  7.82  7.89  7.72  7.83  4082100  7.83
2012-11-27  7.84  7.91  7.78  7.85  2505800  7.85
2012-11-26  7.87  7.93  7.83  7.85  2444300  7.85
2012-11-23  7.83  7.94  7.79  7.94  597900  7.94
2012-11-21  7.84  7.85  7.76  7.82  2134500  7.82
2012-11-20  7.82  7.89  7.74  7.84  2691200  7.84
2012-11-19  7.82  7.9  7.75  7.82  4286000  7.82
2012-11-16  7.66  7.75  7.6  7.74  5554900  7.74
2012-11-15  7.68  7.71  7.58  7.65  8170300  7.65
2012-11-14  7.75  7.82  7.62  7.64  9580800  7.64
2012-11-13  7.86  7.91  7.73  7.73  5749500  7.73
2012-11-12  7.87  7.95  7.81  7.89  4428000  7.89
2012-11-09  7.99  8.0  7.79  7.82  10692500  7.82
2012-11-08  8.03  8.12  7.99  7.99  4859000  7.99
2012-11-07  8.24  8.26  7.97  8.03  4805500  8.03
2012-11-06  8.22  8.36  8.2  8.33  3180500  8.33
2012-11-05  8.18  8.24  8.08  8.21  2791500  8.21
2012-11-02  8.35  8.39  8.2  8.26  11226100  8.26
2012-11-01  8.11  8.35  8.11  8.31  7109100  8.31
2012-10-31  8.34  8.38  8.0  8.19  19985600  8.19
2012-10-26  8.4  8.4  8.25  8.31  3589800  8.31
2012-10-25  8.32  8.43  8.3  8.38  2873600  8.38
2012-10-24  8.23  8.43  8.06  8.35  3905800  8.35
2012-10-23  8.24  8.34  8.24  8.31  8835900  8.31
2012-10-22  8.38  8.4  8.26  8.39  3143400  8.39
2012-10-19  8.42  8.44  8.26  8.33  4186300  8.33
2012-10-18  8.25  8.48  8.21  8.44  8549600  8.44
2012-10-17  7.87  8.31  7.87  8.25  9171000  8.25
2012-10-16  7.84  7.87  7.76  7.8  9213100  7.8
2012-10-15  7.7  7.88  7.7  7.8  3364800  7.8
2012-10-12  7.89  7.89  7.64  7.71  9168700  7.71
2012-10-11  7.95  7.95  7.88  7.89  1988400  7.89
2012-10-10  7.81  7.93  7.79  7.9  2974400  7.9
2012-10-09  7.85  7.86  7.75  7.77  3554500  7.77
2012-10-08  7.88  7.89  7.81  7.84  1750400  7.84
2012-10-05  7.87  7.94  7.85  7.9  2852700  7.9
2012-10-04  7.76  7.89  7.74  7.87  5217200  7.87
2012-10-03  7.68  7.79  7.64  7.76  13302400  7.76
2012-10-02  7.67  7.72  7.61  7.68  3119500  7.68
2012-10-01  7.67  7.8  7.65  7.68  4029400  7.68
2012-09-28  7.53  7.72  7.52  7.67  8431500  7.67
2012-09-27  7.58  7.62  7.51  7.58  4449200  7.58
2012-09-26  7.65  7.65  7.5  7.54  3609200  7.54
2012-09-25  7.72  7.72  7.61  7.64  7616700  7.64
2012-09-24  7.59  7.7  7.55  7.69  4790900  7.69
2012-09-21  7.62  7.67  7.58  7.63  10615400  7.63
2012-09-20  7.48  7.57  7.43  7.57  3757400  7.57
2012-09-19  7.56  7.61  7.54  7.57  3202600  7.57
2012-09-18  7.58  7.62  7.55  7.58  3874400  7.58
2012-09-17  7.63  7.66  7.56  7.6  13524800  7.6
2012-09-14  7.52  7.67  7.51  7.66  9595700  7.66
2012-09-13  7.39  7.58  7.35  7.54  7564800  7.54
2012-09-12  7.38  7.45  7.33  7.4  4382200  7.4
2012-09-11  7.25  7.42  7.23  7.41  8003300  7.41
2012-09-10  7.28  7.29  7.21  7.27  7927500  7.27
2012-09-07  7.21  7.28  7.18  7.28  9912100  7.28
2012-09-06  7.16  7.21  7.1  7.19  10705100  7.19
2012-09-05  6.98  7.14  6.98  7.13  14980700  7.13
2012-09-04  6.93  7.0  6.9  6.99  9707000  6.99
2012-08-31  6.97  7.03  6.9  6.93  12316900  6.93
2012-08-30  7.02  7.02  6.9  6.97  26365800  6.97
2012-08-29  7.0  7.04  7.0  7.03  24985800  7.03
2012-08-28  7.11  7.17  6.99  7.0  64759300  7.0
2012-08-27  7.09  7.27  7.08  7.18  84799800  7.18
2012-08-24  6.2  6.29  6.19  6.21  2799200  6.21
2012-08-23  6.32  6.33  6.2  6.2  2115900  6.2
2012-08-22  6.28  6.4  6.24  6.34  3464900  6.34
2012-08-21  6.43  6.48  6.3  6.34  3221600  6.34
2012-08-20  6.38  6.47  6.35  6.42  2491500  6.42
2012-08-17  6.44  6.45  6.36  6.41  2222600  6.41
2012-08-16  6.41  6.5  6.36  6.44  4946400  6.44
2012-08-15  6.31  6.43  6.3  6.4  3404400  6.4
2012-08-14  6.37  6.44  6.29  6.32  2694900  6.32
2012-08-13  6.37  6.4  6.26  6.35  3137700  6.35
2012-08-10  6.32  6.42  6.26  6.37  3201600  6.37
2012-08-09  6.32  6.41  6.26  6.34  3746800  6.34
2012-08-08  6.2  6.38  6.16  6.31  3310900  6.31
2012-08-07  6.13  6.33  6.06  6.25  5914900  6.25
2012-08-06  6.05  6.13  5.99  6.09  2904500  6.09
2012-08-03  6.33  6.33  5.94  6.04  4565400  6.04
2012-08-02  5.92  5.96  5.78  5.85  3931400  5.85
2012-08-01  6.09  6.12  5.95  5.98  8775900  5.98
2012-07-31  5.88  6.08  5.82  6.05  8440600  6.05
2012-07-30  5.74  5.78  5.68  5.76  2000000  5.76
2012-07-27  5.67  5.79  5.61  5.73  3235400  5.73
2012-07-26  5.67  5.69  5.53  5.62  3713000  5.62
2012-07-25  5.53  5.68  5.43  5.57  9905600  5.57
2012-07-24  5.5  5.53  5.42  5.47  3485500  5.47
2012-07-23  5.5  5.54  5.47  5.49  2492300  5.49
2012-07-20  5.69  5.69  5.53  5.59  4621000  5.59
2012-07-19  5.87  5.95  5.65  5.73  4577800  5.73
2012-07-18  5.83  5.92  5.8  5.85  2426200  5.85
2012-07-17  5.82  5.89  5.73  5.87  1727100  5.87
2012-07-16  5.83  5.85  5.78  5.81  2183000  5.81
2012-07-13  5.66  5.87  5.65  5.86  4010800  5.86
2012-07-12  5.76  5.77  5.65  5.65  3327400  5.65
2012-07-11  5.76  5.87  5.69  5.83  3695700  5.83
2012-07-10  5.84  5.85  5.71  5.76  2776100  5.76
2012-07-09  5.95  5.97  5.77  5.78  2997000  5.78
2012-07-06  5.95  5.99  5.91  5.94  2276100  5.94
2012-07-05  6.08  6.08  5.95  6.01  2673900  6.01
2012-07-03  6.04  6.09  5.99  6.08  1199000  6.08
2012-07-02  6.13  6.14  5.98  6.03  3094400  6.03
2012-06-29  6.11  6.12  6.01  6.07  3621700  6.07
2012-06-28  6.01  6.06  5.79  5.94  6051600  5.94
2012-06-27  5.89  6.09  5.82  6.06  4049900  6.06
2012-06-26  5.76  5.94  5.73  5.86  3944300  5.86
2012-06-25  5.95  5.95  5.73  5.73  4633000  5.73
2012-06-22  5.97  6.06  5.93  6.04  6210900  6.04
2012-06-21  6.07  6.12  5.89  5.95  4541300  5.95
2012-06-20  5.96  6.08  5.88  6.07  6655400  6.07
2012-06-19  5.87  5.97  5.85  5.95  3194100  5.95
2012-06-18  5.89  5.89  5.77  5.84  3614100  5.84
2012-06-15  5.77  5.89  5.71  5.87  8534000  5.87
2012-06-14  5.67  5.81  5.65  5.81  5346000  5.81
2012-06-13  5.61  5.79  5.61  5.66  8633500  5.66
2012-06-12  5.54  5.67  5.5  5.65  4441500  5.65
2012-06-11  5.82  5.82  5.51  5.53  5143200  5.53
2012-06-08  5.72  5.85  5.66  5.75  5758400  5.75
2012-06-07  5.8  5.83  5.7  5.73  4519000  5.73
2012-06-06  5.73  5.79  5.65  5.72  9026600  5.72
2012-06-05  5.57  5.69  5.57  5.66  3832800  5.66
2012-06-04  5.6  5.68  5.48  5.6  3458000  5.6
2012-06-01  5.78  5.82  5.59  5.6  4346200  5.6
2012-05-31  5.84  5.97  5.78  5.9  3679700  5.9
2012-05-30  5.98  6.02  5.83  5.86  2929800  5.86
2012-05-29  6.12  6.12  5.97  6.06  1769000  6.06
2012-05-25  6.0  6.13  5.98  6.03  2987100  6.03
2012-05-24  6.02  6.05  5.88  5.97  2737800  5.97
2012-05-23  5.9  6.05  5.81  6.01  4456100  6.01
2012-05-22  5.84  6.01  5.84  5.94  5229600  5.94
2012-05-21  5.77  5.87  5.73  5.83  2373700  5.83
2012-05-18  5.85  5.88  5.75  5.79  3015100  5.79
2012-05-17  5.84  5.95  5.77  5.83  3939200  5.83
2012-05-16  5.95  6.05  5.84  5.84  3139900  5.84
2012-05-15  5.92  6.02  5.89  5.93  4306600  5.93
2012-05-14  6.03  6.14  5.96  5.96  5301800  5.96
2012-05-11  6.31  6.31  6.08  6.16  6306000  6.16
2012-05-10  6.4  6.44  6.32  6.35  3140300  6.35
2012-05-09  6.38  6.41  6.23  6.32  4586500  6.32
2012-05-08  6.48  6.54  6.4  6.47  5288800  6.47
2012-05-07  6.35  6.59  6.34  6.51  4956100  6.51
2012-05-04  6.39  6.44  6.3  6.37  3193500  6.37
2012-05-03  6.48  6.56  6.45  6.47  3228500  6.47
2012-05-02  6.56  6.58  6.46  6.48  5134400  6.48
2012-05-01  6.6  6.69  6.58  6.59  3663700  6.59
2012-04-30  6.71  6.76  6.56  6.64  4976300  6.64
2012-04-27  6.69  6.76  6.6  6.74  5257900  6.74
2012-04-26  6.51  6.66  6.48  6.65  5607700  6.65
2012-04-25  6.47  6.72  6.47  6.56  6532500  6.56
2012-04-24  6.28  6.5  6.27  6.47  5847400  6.47
2012-04-23  6.19  6.36  6.18  6.28  3724800  6.28
2012-04-20  6.25  6.36  6.22  6.27  2928900  6.27
2012-04-19  6.31  6.35  6.22  6.26  2348200  6.26
2012-04-18  6.37  6.39  6.26  6.31  2339400  6.31
2012-04-17  6.33  6.41  6.29  6.41  3127700  6.41
2012-04-16  6.32  6.36  6.22  6.28  5721600  6.28
2012-04-13  6.45  6.48  6.25  6.25  2636900  6.25
2012-04-12  6.38  6.49  6.33  6.48  4029400  6.48
2012-04-11  6.35  6.38  6.29  6.35  5783400  6.35
2012-04-10  6.53  6.58  6.27  6.3  6634200  6.3
2012-04-09  6.58  6.62  6.53  6.54  2386900  6.54
2012-04-05  6.67  6.75  6.63  6.69  2535300  6.69
2012-04-04  6.8  6.84  6.69  6.69  3545500  6.69
2012-04-03  6.89  6.94  6.75  6.86  5060900  6.86
2012-04-02  6.85  6.98  6.81  6.92  2764900  6.92
2012-03-30  6.98  7.0  6.87  6.89  3186300  6.89
2012-03-29  7.03  7.04  6.84  6.95  4094900  6.95
2012-03-28  6.84  7.02  6.83  7.02  5560800  7.02
2012-03-27  6.91  6.92  6.83  6.84  2609300  6.84
2012-03-26  6.96  6.96  6.8  6.91  3908100  6.91
2012-03-23  6.78  6.9  6.76  6.87  3560600  6.87
2012-03-22  6.91  6.98  6.75  6.79  5530600  6.79
2012-03-21  7.16  7.17  6.92  6.96  3691200  6.96
2012-03-20  6.97  7.16  6.94  7.1  4955500  7.1
2012-03-19  7.01  7.16  6.94  7.0  6425300  7.0
2012-03-16  6.98  7.15  6.93  7.05  6147400  7.05
2012-03-15  6.71  7.0  6.65  6.98  7181900  6.98
2012-03-14  6.78  6.78  6.56  6.7  5506800  6.7
2012-03-13  6.36  6.85  6.36  6.76  9962400  6.76
2012-03-12  6.38  6.4  6.24  6.33  2800500  6.33
2012-03-09  6.24  6.39  6.22  6.39  3120700  6.39
2012-03-08  6.26  6.3  6.14  6.22  2676300  6.22
2012-03-07  6.15  6.31  6.14  6.23  3640200  6.23
2012-03-06  6.23  6.24  6.11  6.12  5637700  6.12
2012-03-05  6.39  6.42  6.26  6.3  3084700  6.3
2012-03-02  6.43  6.5  6.32  6.42  4660300  6.42
2012-03-01  6.51  6.51  6.4  6.43  3424000  6.43
2012-02-29  6.65  6.69  6.42  6.45  5231300  6.45
2012-02-28  6.64  6.67  6.54  6.62  2738100  6.62
2012-02-27  6.47  6.68  6.39  6.6  5016400  6.6
2012-02-24  6.53  6.56  6.45  6.48  6229000  6.48
2012-02-23  6.41  6.54  6.34  6.52  3213700  6.52
2012-02-22  6.51  6.55  6.38  6.38  4249800  6.38
2012-02-21  6.61  6.61  6.5  6.53  3319400  6.53
2012-02-17  6.65  6.66  6.58  6.6  3098000  6.6
2012-02-16  6.47  6.64  6.42  6.61  4185800  6.61
2012-02-15  6.49  6.55  6.42  6.48  4393700  6.48
2012-02-14  6.54  6.55  6.4  6.48  3669600  6.48
2012-02-13  6.67  6.68  6.52  6.56  4811900  6.56
2012-02-10  6.52  6.75  6.51  6.61  6988100  6.61
2012-02-09  6.63  6.67  6.52  6.55  3814500  6.55
2012-02-08  6.55  6.65  6.46  6.6  4975000  6.6
2012-02-07  6.57  6.65  6.47  6.54  6486200  6.54
2012-02-06  6.62  6.67  6.53  6.6  3421600  6.6
2012-02-03  6.55  6.7  6.49  6.69  5691100  6.69
2012-02-02  6.38  6.48  6.35  6.43  4185600  6.43
2012-02-01  6.36  6.46  6.3  6.41  6446700  6.41
2012-01-31  6.43  6.47  6.24  6.26  9023800  6.26
2012-01-30  6.28  6.43  6.22  6.38  12849900  6.38
2012-01-27  6.49  6.5  6.3  6.35  13817500  6.35
2012-01-26  6.75  6.79  6.42  6.53  14026000  6.53
2012-01-25  6.38  6.94  6.38  6.74  11340800  6.74
2012-01-24  6.47  6.64  6.41  6.61  5714400  6.61
2012-01-23  6.56  6.66  6.44  6.49  4428000  6.49
2012-01-20  6.38  6.71  6.28  6.61  10267700  6.61
2012-01-19  6.43  6.49  6.34  6.35  4296300  6.35
2012-01-18  6.28  6.44  6.18  6.4  7128800  6.4
2012-01-17  6.59  6.6  6.28  6.39  8640300  6.39
2012-01-13  6.54  6.59  6.44  6.52  4789600  6.52
2012-01-12  6.69  6.69  6.29  6.62  11269700  6.62
2012-01-11  6.7  6.76  6.51  6.76  8122600  6.76
2012-01-10  6.62  6.79  6.49  6.74  17051100  6.74
2012-01-09  6.39  6.5  6.37  6.49  9022700  6.49
2012-01-06  6.24  6.39  6.07  6.35  5972300  6.35
2012-01-05  6.2  6.31  6.14  6.21  6973400  6.21
2012-01-04  5.97  6.23  5.96  6.23  6145700  6.23
2012-01-03  5.92  6.03  5.9  6.0  3445300  6.0
2011-12-30  5.83  5.85  5.8  5.82  2577800  5.82
2011-12-29  5.81  5.86  5.76  5.83  3068800  5.83
2011-12-28  5.89  5.89  5.73  5.81  3124100  5.81
2011-12-27  5.81  5.9  5.78  5.89  3111400  5.89
2011-12-23  5.91  5.92  5.79  5.85  1969900  5.85
2011-12-22  5.75  5.89  5.75  5.86  5506100  5.86
2011-12-21  5.68  5.76  5.62  5.76  4091700  5.76
2011-12-20  5.66  5.73  5.61  5.68  3609200  5.68
2011-12-19  5.65  5.69  5.48  5.55  5883300  5.55
2011-12-16  5.51  5.79  5.51  5.58  13304800  5.58
2011-12-15  5.45  5.5  5.37  5.38  4201700  5.38
2011-12-14  5.31  5.53  5.3  5.38  4983800  5.38
2011-12-13  5.43  5.54  5.27  5.34  5133800  5.34
2011-12-12  5.44  5.49  5.3  5.42  4189800  5.42
2011-12-09  5.39  5.58  5.37  5.52  3669300  5.52
2011-12-08  5.58  5.61  5.32  5.34  4993800  5.34
2011-12-07  5.48  5.62  5.43  5.61  3272800  5.61
2011-12-06  5.51  5.58  5.46  5.51  4303500  5.51
2011-12-05  5.56  5.66  5.47  5.52  7738400  5.52
2011-12-02  5.29  5.5  5.27  5.43  5927100  5.43
2011-12-01  5.2  5.3  5.06  5.22  6162800  5.22
2011-11-30  4.99  5.21  4.93  5.2  6291800  5.2
2011-11-29  4.85  4.86  4.76  4.79  3545200  4.79
2011-11-28  4.93  4.97  4.81  4.84  4866700  4.84
2011-11-25  4.74  4.88  4.73  4.77  1498000  4.77
2011-11-23  4.87  4.9  4.74  4.74  3834400  4.74
2011-11-22  4.97  4.99  4.82  4.91  3460600  4.91
2011-11-21  5.05  5.06  4.9  4.98  3803400  4.98
2011-11-18  5.17  5.22  5.08  5.1  3295500  5.1
2011-11-17  5.22  5.31  5.09  5.13  3697400  5.13
2011-11-16  5.22  5.37  5.21  5.24  3846900  5.24
2011-11-15  5.2  5.34  5.17  5.28  3685100  5.28
2011-11-14  5.32  5.37  5.17  5.23  6024900  5.23
2011-11-11  5.35  5.41  5.33  5.35  3889500  5.35
2011-11-10  5.33  5.4  5.27  5.32  4197000  5.32
2011-11-09  5.34  5.41  5.21  5.21  6064900  5.21
2011-11-08  5.42  5.53  5.32  5.5  3912100  5.5
2011-11-07  5.35  5.4  5.22  5.37  4446400  5.37
2011-11-04  5.43  5.45  5.22  5.35  6817500  5.35
2011-11-03  5.43  5.52  5.28  5.5  5405600  5.5
2011-11-02  5.28  5.39  5.19  5.33  6193700  5.33
2011-11-01  5.51  5.67  5.17  5.2  10880500  5.2
2011-10-31  5.68  5.79  5.62  5.73  7969300  5.73
2011-10-28  5.68  5.81  5.61  5.77  5152500  5.77
2011-10-27  5.53  5.74  5.37  5.69  9111900  5.69
2011-10-26  5.67  5.67  5.22  5.32  9115000  5.32
2011-10-25  5.64  5.65  5.5  5.53  5302500  5.53
2011-10-24  5.69  5.71  5.57  5.65  12873000  5.65
2011-10-21  5.63  5.73  5.53  5.67  26828800  5.67
2011-10-20  5.51  5.57  5.27  5.55  6934900  5.55
2011-10-19  5.47  5.57  5.4  5.47  6123400  5.47
2011-10-18  5.15  5.5  5.15  5.47  5170400  5.47
2011-10-17  5.34  5.38  5.11  5.14  2855500  5.14
2011-10-14  5.43  5.49  5.26  5.37  3640400  5.37
2011-10-13  5.5  5.51  5.28  5.33  5030400  5.33
2011-10-12  5.5  5.64  5.43  5.55  4995000  5.55
2011-10-11  5.26  5.47  5.23  5.44  3714500  5.44
2011-10-10  5.09  5.29  5.05  5.29  4979800  5.29
2011-10-07  5.4  5.42  4.97  4.99  6345500  4.99
2011-10-06  5.13  5.37  5.06  5.37  4258200  5.37
2011-10-05  5.12  5.19  4.99  5.15  4163800  5.15
2011-10-04  4.82  5.14  4.73  5.13  6910400  5.13
2011-10-03  5.19  5.25  4.86  4.87  5987500  4.87
2011-09-30  5.3  5.36  5.19  5.19  6120700  5.19
2011-09-29  5.18  5.38  5.16  5.38  8668500  5.38
2011-09-28  5.32  5.34  5.04  5.05  6103300  5.05
2011-09-27  5.45  5.53  5.22  5.28  5713600  5.28
2011-09-26  5.21  5.33  5.13  5.33  5155800  5.33
2011-09-23  5.03  5.2  4.97  5.16  5186800  5.16
2011-09-22  4.95  5.13  4.89  5.05  9324700  5.05
2011-09-21  5.37  5.48  5.01  5.01  7760400  5.01
2011-09-20  5.38  5.51  5.33  5.45  5750900  5.45
2011-09-19  5.43  5.47  5.28  5.34  4065700  5.34
2011-09-16  5.66  5.66  5.37  5.53  6717500  5.53
2011-09-15  5.57  5.66  5.45  5.65  4952000  5.65
2011-09-14  5.42  5.56  5.31  5.5  5560500  5.5
2011-09-13  5.3  5.39  5.28  5.36  4567900  5.36
2011-09-12  5.01  5.29  5.01  5.28  6281400  5.28
2011-09-09  5.17  5.2  5.01  5.07  6107600  5.07
2011-09-08  5.38  5.4  5.18  5.21  7058900  5.21
2011-09-07  5.25  5.51  5.25  5.44  5780200  5.44
2011-09-06  5.13  5.24  5.06  5.16  4215400  5.16
2011-09-02  5.4  5.42  5.23  5.29  4858700  5.29
2011-09-01  5.7  5.71  5.5  5.51  4588300  5.51
2011-08-31  5.7  5.77  5.63  5.7  5186000  5.7
2011-08-30  5.68  5.72  5.57  5.67  4533500  5.67
2011-08-29  5.45  5.7  5.42  5.7  3687600  5.7
2011-08-26  5.31  5.46  5.18  5.43  5580600  5.43
2011-08-25  5.73  5.96  5.27  5.34  11842400  5.34
2011-08-24  5.18  5.54  5.11  5.52  7451300  5.52
2011-08-23  5.05  5.19  4.93  5.19  5466600  5.19
2011-08-22  5.26  5.3  5.0  5.05  4986700  5.05
2011-08-19  5.31  5.44  5.18  5.18  7232200  5.18
2011-08-18  5.44  5.48  5.32  5.38  7704900  5.38
2011-08-17  5.71  5.75  5.51  5.58  11536200  5.58
2011-08-16  5.79  5.84  5.6  5.66  7615900  5.66
2011-08-15  5.73  5.9  5.73  5.88  5161300  5.88
2011-08-12  5.93  6.0  5.68  5.71  4575100  5.71
2011-08-11  5.6  5.93  5.56  5.87  7008100  5.87
2011-08-10  6.12  6.16  5.6  5.6  10905900  5.6
2011-08-09  6.13  6.27  5.84  6.27  8245000  6.27
2011-08-08  6.56  6.63  6.04  6.06  14595400  6.06
2011-08-05  7.0  7.07  6.7  6.75  7190200  6.75
2011-08-04  6.96  7.11  6.92  6.92  8335200  6.92
2011-08-03  7.1  7.19  6.97  7.02  6862400  7.02
2011-08-02  7.31  7.36  7.11  7.11  7034800  7.11
2011-08-01  7.52  7.56  7.33  7.37  3763500  7.37
2011-07-29  7.45  7.54  7.36  7.49  7487500  7.49
2011-07-28  7.46  7.56  7.45  7.51  5933800  7.51
2011-07-27  7.55  7.61  7.43  7.45  6974100  7.45
2011-07-26  7.52  7.59  7.44  7.54  4240500  7.54
2011-07-25  7.48  7.56  7.36  7.54  5959000  7.54
2011-07-22  7.58  7.58  7.42  7.56  3124800  7.56
2011-07-21  7.51  7.61  7.5  7.56  3735800  7.56
2011-07-20  7.5  7.76  7.44  7.44  8680800  7.44
2011-07-19  7.33  7.47  7.29  7.45  3876300  7.45
2011-07-18  7.43  7.53  7.27  7.28  3104500  7.28
2011-07-15  7.53  7.58  7.39  7.49  3998400  7.49
2011-07-14  7.68  7.68  7.46  7.5  5352600  7.5
2011-07-13  7.49  7.69  7.47  7.64  5521200  7.64
2011-07-12  7.37  7.52  7.36  7.45  3150000  7.45
2011-07-11  7.45  7.5  7.35  7.36  3342400  7.36
2011-07-08  7.61  7.66  7.48  7.52  4954100  7.52
2011-07-07  7.7  7.84  7.67  7.74  7440200  7.74
2011-07-06  7.43  7.7  7.4  7.64  7472300  7.64
2011-07-05  7.48  7.5  7.4  7.45  3186100  7.45
2011-07-01  7.44  7.54  7.39  7.49  2606400  7.49
2011-06-30  7.4  7.45  7.31  7.44  2929400  7.44
2011-06-29  7.3  7.4  7.25  7.39  5234500  7.39
2011-06-28  7.35  7.36  7.22  7.28  3907000  7.28
2011-06-27  7.35  7.45  7.3  7.35  5864500  7.35
2011-06-24  7.26  7.28  7.16  7.21  3754300  7.21
2011-06-23  7.32  7.35  7.17  7.26  4283400  7.26
2011-06-22  7.43  7.46  7.39  7.41  3674700  7.41
2011-06-21  7.48  7.5  7.42  7.45  7638300  7.45
2011-06-20  7.38  7.52  7.38  7.43  4227200  7.43
2011-06-17  7.41  7.44  7.33  7.42  5610000  7.42
2011-06-16  7.29  7.4  7.19  7.34  5978700  7.34
2011-06-15  7.36  7.42  7.29  7.3  5045100  7.3
2011-06-14  7.54  7.54  7.38  7.4  5337500  7.4
2011-06-13  7.47  7.5  7.38  7.47  5377200  7.47
2011-06-10  7.54  7.57  7.37  7.42  5334200  7.42
2011-06-09  7.63  7.72  7.55  7.57  4878000  7.57
2011-06-08  7.63  7.79  7.56  7.64  3805500  7.64
2011-06-07  7.69  7.77  7.64  7.64  4353300  7.64
2011-06-06  7.76  7.8  7.66  7.66  3922600  7.66
2011-06-03  7.87  7.99  7.8  7.81  4483200  7.81
2011-06-02  7.91  8.03  7.9  7.96  4140400  7.96
2011-06-01  8.23  8.29  7.91  7.91  5019900  7.91
2011-05-31  8.26  8.32  8.17  8.29  4645600  8.29
2011-05-27  8.17  8.26  8.09  8.23  3230300  8.23
2011-05-26  8.16  8.21  8.08  8.14  2585200  8.14
2011-05-25  8.19  8.24  8.17  8.19  2358600  8.19
2011-05-24  8.23  8.27  8.12  8.24  3637700  8.24
2011-05-23  8.31  8.41  8.21  8.21  3400000  8.21
2011-05-20  8.44  8.53  8.35  8.35  1946700  8.35
2011-05-19  8.52  8.52  8.42  8.47  2424000  8.47
2011-05-18  8.48  8.51  8.42  8.48  3293100  8.48
2011-05-17  8.36  8.51  8.35  8.5  2446500  8.5
2011-05-16  8.4  8.47  8.34  8.4  2838600  8.4
2011-05-13  8.56  8.62  8.36  8.41  3666800  8.41
2011-05-12  8.49  8.63  8.43  8.58  3200000  8.58
2011-05-11  8.57  8.64  8.49  8.51  4493100  8.51
2011-05-10  8.56  8.64  8.52  8.57  3242400  8.57
2011-05-09  8.58  8.61  8.49  8.54  2702500  8.54
2011-05-06  8.69  8.7  8.48  8.57  3883900  8.57
2011-05-05  8.68  8.73  8.6  8.63  4100000  8.63
2011-05-04  8.68  8.77  8.64  8.73  4471500  8.73
2011-05-03  8.61  8.75  8.58  8.73  4600000  8.73
2011-05-02  8.64  8.65  8.54  8.59  2620600  8.59
2011-04-29  8.82  8.82  8.58  8.58  4242400  8.58
2011-04-28  8.62  8.85  8.55  8.84  7800000  8.84
2011-04-27  8.6  8.73  8.53  8.64  8229300  8.64
2011-04-26  8.61  8.67  8.52  8.62  4700000  8.62
2011-04-25  8.44  8.63  8.34  8.55  6256300  8.55
2011-04-21  8.59  8.63  8.36  8.52  5912900  8.52
2011-04-20  8.63  8.77  8.51  8.58  7156000  8.58
2011-04-19  8.59  8.64  8.52  8.61  4016600  8.61
2011-04-18  8.64  8.69  8.55  8.58  4328900  8.58
2011-04-15  8.74  8.81  8.67  8.72  4176600  8.72
2011-04-14  8.73  8.73  8.57  8.72  5472500  8.72
2011-04-13  8.87  8.89  8.73  8.73  3411600  8.73
2011-04-12  8.83  8.87  8.8  8.82  2666300  8.82
2011-04-11  8.89  8.98  8.84  8.89  2887700  8.89
2011-04-08  9.04  9.04  8.88  8.89  2051600  8.89
2011-04-07  9.04  9.05  8.9  8.97  4890700  8.97
2011-04-06  8.67  9.04  8.64  9.02  7837100  9.02
2011-04-05  8.76  8.8  8.64  8.65  8197900  8.65
2011-04-04  8.81  8.83  8.66  8.78  4140600  8.78
2011-04-01  8.75  8.81  8.68  8.75  4049800  8.75
2011-03-31  8.74  8.83  8.66  8.72  6156000  8.72
2011-03-30  8.83  8.85  8.65  8.75  6777500  8.75
2011-03-29  9.1  9.14  8.7  8.75  12142400  8.75
2011-03-28  8.92  8.93  8.83  8.88  4241600  8.88
2011-03-25  8.9  8.99  8.85  8.89  2934600  8.89
2011-03-24  8.91  8.91  8.77  8.89  3723100  8.89
2011-03-23  8.95  8.99  8.79  8.89  4030200  8.89
2011-03-22  8.95  9.04  8.92  8.97  10101300  8.97
2011-03-21  9.0  9.04  8.91  8.94  3776700  8.94
2011-03-18  8.83  8.94  8.79  8.9  6849600  8.9
2011-03-17  8.76  8.8  8.66  8.72  5031500  8.72
2011-03-16  8.77  8.86  8.64  8.65  5566000  8.65
2011-03-15  8.64  8.87  8.57  8.8  4282700  8.8
2011-03-14  8.87  8.9  8.79  8.86  8764400  8.86
2011-03-11  8.98  9.02  8.84  8.93  4562300  8.93
2011-03-10  8.95  9.06  8.93  8.98  5818000  8.98
2011-03-09  8.99  9.12  8.87  9.05  6148700  9.05
2011-03-08  8.9  9.1  8.87  9.02  9101400  9.02
2011-03-07  8.92  9.03  8.8  8.86  9252500  8.86
2011-03-04  9.12  9.13  8.81  8.9  13846300  8.9
2011-03-03  9.06  9.23  9.06  9.13  9853200  9.13
2011-03-02  9.65  9.65  8.85  8.93  41121200  8.93
2011-03-01  10.35  10.35  9.81  9.81  11889600  9.81
2011-02-28  10.29  10.35  10.21  10.35  13631100  10.35
2011-02-25  10.14  10.31  10.05  10.25  6397800  10.25
2011-02-24  10.12  10.13  10.0  10.07  4288200  10.07
2011-02-23  10.13  10.23  10.05  10.08  5552400  10.08
2011-02-22  10.17  10.24  10.09  10.1  4381800  10.1
2011-02-18  10.31  10.31  10.22  10.27  5259800  10.27
2011-02-17  10.21  10.3  10.21  10.26  4778100  10.26
2011-02-16  10.27  10.3  10.21  10.26  7199100  10.26
2011-02-15  10.21  10.29  10.18  10.23  4811800  10.23
2011-02-14  10.33  10.37  10.22  10.23  13763500  10.23
2011-02-11  10.13  10.38  10.12  10.34  16772400  10.34
2011-02-10  10.06  10.08  10.02  10.07  5853800  10.07
2011-02-09  10.1  10.12  10.03  10.08  3405200  10.08
2011-02-08  10.07  10.13  9.94  10.12  7304600  10.12
2011-02-07  10.1  10.26  10.03  10.07  8041900  10.07
2011-02-04  9.88  10.18  9.83  10.03  11208900  10.03
2011-02-03  9.83  9.88  9.72  9.85  4800700  9.85
2011-02-02  9.8  9.9  9.76  9.8  7068500  9.8
2011-02-01  9.85  9.85  9.68  9.76  8724400  9.76
2011-01-31  9.72  9.78  9.69  9.75  5149000  9.75
2011-01-28  9.85  9.86  9.67  9.72  8505400  9.72
2011-01-27  9.8  9.89  9.72  9.84  8287800  9.84
2011-01-26  9.88  9.89  9.66  9.76  8362300  9.76
2011-01-25  9.78  9.87  9.69  9.82  14762900  9.82
2011-01-24  10.04  10.07  9.76  9.8  19927300  9.8
2011-01-21  10.17  10.27  9.89  9.99  16897000  9.99
2011-01-20  10.43  10.61  9.99  10.12  22525600  10.12
2011-01-19  10.97  11.12  10.66  10.69  17964500  10.69
2011-01-18  11.7  11.73  11.56  11.69  2788700  11.69
2011-01-14  11.51  11.72  11.49  11.71  3014300  11.71
2011-01-13  11.48  11.57  11.47  11.52  3814700  11.52
2011-01-12  11.55  11.58  11.47  11.52  3389100  11.52
2011-01-11  11.58  11.63  11.44  11.53  3859600  11.53
2011-01-10  11.7  11.7  11.44  11.54  10918100  11.54
2011-01-07  11.72  11.76  11.63  11.68  13181500  11.68
2011-01-06  11.73  11.77  11.68  11.7  15445000  11.7
2011-01-05  11.35  11.78  11.34  11.77  8041200  11.77
2011-01-04  11.49  11.53  11.32  11.33  3561400  11.33
2011-01-03  11.39  11.51  11.38  11.47  2770200  11.47
2010-12-31  11.34  11.37  11.3  11.31  1479800  11.31
2010-12-30  11.21  11.39  11.18  11.34  1985400  11.34
2010-12-29  11.46  11.47  11.36  11.36  1888600  11.36
2010-12-28  11.47  11.48  11.4  11.45  1243700  11.45
2010-12-27  11.33  11.49  11.31  11.43  1632500  11.43
2010-12-23  11.46  11.52  11.33  11.34  2602000  11.34
2010-12-22  11.32  11.52  11.3  11.48  3831700  11.48
2010-12-21  11.22  11.32  11.12  11.28  3416200  11.28
2010-12-20  11.18  11.26  11.12  11.13  3409500  11.13
2010-12-17  11.09  11.2  11.06  11.11  11097200  11.11
2010-12-16  11.0  11.1  10.97  11.09  4170200  11.09
2010-12-15  10.91  11.06  10.9  10.95  5014700  10.95
2010-12-14  10.99  11.1  10.87  10.92  5740100  10.92
2010-12-13  11.06  11.08  10.93  10.99  4855800  10.99
2010-12-10  11.03  11.03  10.89  11.02  3166600  11.02
2010-12-09  10.95  11.08  10.93  10.98  4502800  10.98
2010-12-08  10.66  10.99  10.65  10.92  6557300  10.92
2010-12-07  10.76  10.78  10.55  10.64  3605000  10.64
2010-12-06  10.65  10.73  10.59  10.69  3214700  10.69
2010-12-03  10.45  10.75  10.42  10.74  11968000  10.74
2010-12-02  10.25  10.46  10.25  10.45  5255800  10.45
2010-12-01  10.22  10.27  10.15  10.27  4607700  10.27
2010-11-30  10.2  10.26  10.07  10.08  4533100  10.08
2010-11-29  10.1  10.26  10.08  10.25  3187300  10.25
2010-11-26  10.15  10.22  10.1  10.12  1009600  10.12
2010-11-24  10.29  10.3  10.14  10.23  3801400  10.23
2010-11-23  10.19  10.27  10.17  10.22  4060500  10.22
2010-11-22  10.26  10.31  10.16  10.27  3639200  10.27
2010-11-19  10.29  10.3  10.18  10.28  2962100  10.28
2010-11-18  10.32  10.37  10.24  10.28  2712000  10.28
2010-11-17  10.28  10.32  10.21  10.27  3392000  10.27
2010-11-16  10.39  10.4  10.24  10.27  4235000  10.27
2010-11-15  10.25  10.53  10.25  10.43  4507600  10.43
2010-11-12  10.33  10.35  10.23  10.24  3208500  10.24
2010-11-11  10.37  10.41  10.29  10.35  3270400  10.35
2010-11-10  10.38  10.46  10.3  10.42  5099600  10.42
2010-11-09  10.43  10.49  10.3  10.33  5705800  10.33
2010-11-08  10.58  10.59  10.39  10.44  5252200  10.44
2010-11-05  10.6  10.74  10.52  10.64  5120900  10.64
2010-11-04  10.44  10.61  10.33  10.6  6878800  10.6
2010-11-03  10.22  10.39  10.17  10.38  6624300  10.38
2010-11-02  10.23  10.23  10.13  10.19  4595900  10.19
2010-11-01  10.24  10.24  10.08  10.12  3211200  10.12
2010-10-29  10.09  10.27  10.09  10.2  4579900  10.2
2010-10-28  10.17  10.21  10.03  10.13  4789900  10.13
2010-10-27  10.02  10.08  10.01  10.07  6088700  10.07
2010-10-26  10.06  10.09  10.01  10.05  4945600  10.05
2010-10-25  10.15  10.17  10.05  10.06  10211900  10.06
2010-10-22  10.1  10.17  10.06  10.11  12255900  10.11
2010-10-21  10.3  10.3  10.08  10.09  12046500  10.09
2010-10-20  10.42  10.42  10.21  10.27  6940000  10.27
2010-10-19  10.39  10.56  10.35  10.46  6247300  10.46
2010-10-18  10.3  10.46  10.3  10.45  9213700  10.45
2010-10-15  10.39  10.39  10.25  10.26  4987500  10.26
2010-10-14  10.45  10.46  10.27  10.33  4495100  10.33
2010-10-13  10.53  10.56  10.34  10.5  5142200  10.5
2010-10-12  10.56  10.59  10.48  10.53  4730200  10.53
2010-10-11  10.56  10.62  10.52  10.55  2030500  10.55
2010-10-08  10.6  10.62  10.46  10.52  5244700  10.52
2010-10-07  10.64  10.68  10.54  10.57  4318300  10.57
2010-10-06  10.68  10.7  10.53  10.62  5017700  10.62
2010-10-05  10.67  10.71  10.57  10.66  5820300  10.66
2010-10-04  10.64  10.72  10.61  10.64  3627900  10.64
2010-10-01  10.83  10.86  10.65  10.69  3069100  10.69
2010-09-30  10.73  10.87  10.66  10.75  5474600  10.75
2010-09-29  10.7  10.81  10.65  10.74  3552500  10.74
2010-09-28  10.58  10.75  10.52  10.74  3974900  10.74
2010-09-27  10.72  10.77  10.55  10.58  4661000  10.58
2010-09-24  10.66  10.75  10.63  10.74  4464800  10.74
2010-09-23  10.59  10.72  10.53  10.56  3772000  10.56
2010-09-22  10.72  10.79  10.61  10.61  4425900  10.61
2010-09-21  10.8  10.87  10.67  10.7  5124800  10.7
2010-09-20  10.58  10.79  10.57  10.76  4474600  10.76
2010-09-17  10.73  10.74  10.55  10.55  18011800  10.55
2010-09-16  10.76  10.78  10.59  10.67  4168000  10.67
2010-09-15  10.74  10.78  10.63  10.77  3945400  10.77
2010-09-14  10.82  10.94  10.7  10.75  5625300  10.75
2010-09-13  10.85  10.94  10.81  10.9  5266100  10.9
2010-09-10  10.58  10.77  10.55  10.74  4382700  10.74
2010-09-09  10.58  10.65  10.5  10.54  3700600  10.54
2010-09-08  10.42  10.55  10.41  10.45  4572100  10.45
2010-09-07  10.43  10.59  10.38  10.41  4899600  10.41
2010-09-03  10.46  10.55  10.41  10.47  5064400  10.47
2010-09-02  10.16  10.45  10.15  10.36  6211200  10.36
2010-09-01  10.16  10.18  9.96  10.12  5696300  10.12
2010-08-31  9.98  10.11  9.95  10.11  4554700  10.11
2010-08-30  10.19  10.21  10.01  10.01  2335200  10.01
2010-08-27  10.16  10.24  10.07  10.19  4604600  10.19
2010-08-26  10.23  10.23  9.94  10.05  6802300  10.05
2010-08-25  10.34  10.35  10.13  10.17  6624700  10.17
2010-08-24  10.53  10.57  10.34  10.34  5655100  10.34
2010-08-23  10.49  10.64  10.45  10.6  13610100  10.6
2010-08-20  10.22  10.49  10.17  10.48  5377400  10.48
2010-08-19  10.3  10.37  10.16  10.26  3485900  10.26
2010-08-18  10.31  10.43  10.28  10.32  4025800  10.32
2010-08-17  10.29  10.38  10.23  10.31  3118400  10.31
2010-08-16  10.1  10.18  10.08  10.17  2830100  10.17
2010-08-13  10.14  10.24  10.12  10.13  3592700  10.13
2010-08-12  10.09  10.2  10.08  10.16  4585900  10.16
2010-08-11  10.45  10.47  10.17  10.19  6094000  10.19
2010-08-10  10.61  10.63  10.52  10.52  5448500  10.52
2010-08-09  10.71  10.71  10.59  10.62  2871300  10.62
2010-08-06  10.74  10.83  10.6  10.64  3400400  10.64
2010-08-05  10.74  10.86  10.7  10.81  3689000  10.81
2010-08-04  10.77  10.88  10.73  10.77  3537300  10.77
2010-08-03  10.87  10.95  10.74  10.76  5389800  10.76
2010-08-02  10.88  10.94  10.82  10.94  5246400  10.94
2010-07-30  10.73  10.83  10.7  10.76  5795700  10.76
2010-07-29  10.84  10.89  10.77  10.83  7355800  10.83
2010-07-28  10.57  10.85  10.56  10.77  6073800  10.77
2010-07-27  10.68  10.69  10.57  10.57  5822600  10.57
2010-07-26  10.49  10.6  10.43  10.59  3860600  10.59
2010-07-23  10.51  10.53  10.41  10.48  5877700  10.48
2010-07-22  10.52  10.63  10.47  10.53  6075900  10.53
2010-07-21  10.96  10.98  10.41  10.44  11244500  10.44
2010-07-20  10.61  11.01  10.59  11.0  5947400  11.0
2010-07-19  10.78  10.84  10.67  10.77  3965200  10.77
2010-07-16  11.05  11.07  10.75  10.78  6844600  10.78
2010-07-15  10.91  11.08  10.81  11.05  6724600  11.05
2010-07-14  11.04  11.06  10.83  10.91  5578200  10.91
2010-07-13  10.99  11.12  10.99  11.02  4857900  11.02
2010-07-12  10.76  11.0  10.75  10.9  3776800  10.9
2010-07-09  10.69  10.83  10.67  10.81  4042800  10.81
2010-07-08  10.71  10.8  10.62  10.76  4726100  10.76
2010-07-07  10.53  10.72  10.44  10.71  5744100  10.71
2010-07-06  10.49  10.61  10.39  10.47  12059900  10.47
2010-07-02  10.68  10.74  10.44  10.47  3867200  10.47
2010-07-01  10.59  10.74  10.41  10.68  7680100  10.68
2010-06-30  10.82  10.9  10.59  10.61  12589600  10.61
2010-06-29  11.04  11.07  10.85  10.91  8896500  10.91
2010-06-28  11.0  11.14  11.0  11.1  4901200  11.1
2010-06-25  11.07  11.1  10.89  11.0  12932900  11.0
2010-06-24  11.17  11.21  10.97  10.98  7488200  10.98
2010-06-23  11.31  11.39  11.18  11.21  6000700  11.21
2010-06-22  11.48  11.5  11.28  11.32  8946900  11.32
2010-06-21  11.48  11.68  11.33  11.47  7691800  11.47
2010-06-18  11.43  11.59  11.35  11.59  5338000  11.59
2010-06-17  11.39  11.43  11.28  11.39  5538200  11.39
2010-06-16  11.3  11.44  11.27  11.44  5729500  11.44
2010-06-15  11.27  11.38  11.17  11.38  5114300  11.38
2010-06-14  11.38  11.39  11.16  11.18  6539400  11.18
2010-06-11  11.22  11.31  11.02  11.31  6386000  11.31
2010-06-10  11.17  11.31  11.13  11.31  5539300  11.31
2010-06-09  11.19  11.25  11.07  11.09  7128200  11.09
2010-06-08  11.04  11.18  10.86  11.17  6823300  11.17
2010-06-07  10.94  11.15  10.92  11.04  6895400  11.04
2010-06-04  11.1  11.16  10.89  10.91  5785700  10.91
2010-06-03  11.19  11.28  11.15  11.24  6333200  11.24
2010-06-02  10.8  11.16  10.76  11.16  6595000  11.16
2010-06-01  10.88  10.96  10.72  10.73  4780700  10.73
2010-05-28  11.08  11.12  10.85  10.92  6107800  10.92
2010-05-27  10.94  11.08  10.84  11.07  6361300  11.07
2010-05-26  10.94  10.97  10.74  10.8  8315300  10.8
2010-05-25  10.65  10.86  10.59  10.84  8606200  10.84
2010-05-24  11.0  11.06  10.82  10.83  6848200  10.83
2010-05-21  10.74  11.07  10.62  10.98  12797100  10.98
2010-05-20  11.16  11.34  10.94  10.95  12026100  10.95
2010-05-19  11.34  11.42  11.15  11.35  7948300  11.35
2010-05-18  11.46  11.47  11.24  11.31  11591300  11.31
2010-05-17  11.28  11.41  11.19  11.38  8904300  11.38
2010-05-14  11.43  11.43  11.19  11.27  5820400  11.27
2010-05-13  11.46  11.57  11.41  11.43  6551000  11.43
2010-05-12  11.38  11.5  11.26  11.48  9017500  11.48
2010-05-11  11.27  11.47  11.23  11.32  8218600  11.32
2010-05-10  11.29  11.43  11.18  11.36  7730500  11.36
2010-05-07  11.07  11.26  10.76  11.03  14343500  11.03
2010-05-06  11.21  11.38  10.7  11.03  14114900  11.03
2010-05-05  11.15  11.58  11.14  11.29  8641300  11.29
2010-05-04  11.33  11.41  11.19  11.27  8765600  11.27
2010-05-03  11.43  11.51  11.31  11.38  7336000  11.38
2010-04-30  11.49  11.49  11.32  11.41  8812800  11.41
2010-04-29  11.46  11.56  11.36  11.43  5829500  11.43
2010-04-28  11.42  11.51  11.34  11.39  7226200  11.39
2010-04-27  11.45  11.61  11.32  11.38  10011700  11.38
2010-04-26  11.78  11.78  11.46  11.54  7707000  11.54
2010-04-23  11.84  11.94  11.56  11.66  13218600  11.66
2010-04-22  12.16  12.2  11.85  12.0  11396700  12.0
2010-04-21  12.44  12.55  12.29  12.43  9022200  12.43
2010-04-20  12.42  12.46  12.34  12.43  4827300  12.43
2010-04-19  12.28  12.44  12.17  12.37  6476800  12.37
2010-04-16  12.42  12.54  12.15  12.33  7688600  12.33
2010-04-15  12.57  12.6  12.44  12.5  5898400  12.5
2010-04-14  12.31  12.64  12.31  12.61  5862200  12.61
2010-04-13  12.47  12.48  12.23  12.32  4822400  12.32
2010-04-12  12.37  12.46  12.27  12.46  6200300  12.46
2010-04-09  12.29  12.39  12.27  12.36  3737500  12.36
2010-04-08  12.24  12.36  12.16  12.31  5129900  12.31
2010-04-07  12.15  12.3  12.1  12.16  6450000  12.16
2010-04-06  12.06  12.16  12.0  12.13  5797200  12.13
2010-04-05  12.27  12.29  12.06  12.1  4631000  12.1
2010-04-01  12.25  12.35  12.11  12.2  3722900  12.2
2010-03-31  12.09  12.21  12.05  12.14  3608500  12.14
2010-03-30  12.11  12.13  12.01  12.08  3676600  12.08
2010-03-29  12.07  12.13  11.93  12.1  5093300  12.1
2010-03-26  12.16  12.17  11.9  11.98  6749900  11.98
2010-03-25  12.22  12.28  12.1  12.1  6766500  12.1
2010-03-24  12.02  12.17  11.99  12.14  7791500  12.14
2010-03-23  11.99  12.05  11.8  12.02  8219400  12.02
2010-03-22  11.82  11.97  11.74  11.95  4007000  11.95
2010-03-19  12.05  12.12  11.76  11.85  8831400  11.85
2010-03-18  12.05  12.08  11.96  12.05  4878100  12.05
2010-03-17  11.86  12.03  11.84  12.03  6937900  12.03
2010-03-16  11.6  11.83  11.6  11.82  3938900  11.82
2010-03-15  11.73  11.78  11.5  11.58  5377500  11.58
2010-03-12  11.76  11.81  11.65  11.7  4744700  11.7
2010-03-11  11.64  11.75  11.59  11.74  4162300  11.74
2010-03-10  11.61  11.71  11.56  11.68  4266800  11.68
2010-03-09  11.42  11.67  11.42  11.64  5010900  11.64
2010-03-08  11.52  11.53  11.43  11.48  3152500  11.48
2010-03-05  11.39  11.49  11.33  11.47  4186500  11.47
2010-03-04  11.33  11.38  11.27  11.35  4926100  11.35
2010-03-03  11.46  11.51  11.29  11.33  4758700  11.33
2010-03-02  11.42  11.5  11.33  11.42  5188400  11.42
2010-03-01  11.54  11.6  11.28  11.33  6184400  11.33
2010-02-26  11.48  11.63  11.38  11.58  6630600  11.58
2010-02-25  11.34  11.44  11.27  11.42  4246800  11.42
2010-02-24  11.4  11.51  11.29  11.4  5003400  11.4
2010-02-23  11.3  11.43  11.19  11.33  5941500  11.33
2010-02-22  11.3  11.37  11.22  11.32  5264500  11.32
2010-02-19  11.38  11.42  11.17  11.27  7126000  11.27
2010-02-18  11.32  11.48  11.24  11.45  5935200  11.45
2010-02-17  11.51  11.54  11.28  11.34  5286600  11.34
2010-02-16  11.34  11.5  11.24  11.48  7749600  11.48
2010-02-12  11.09  11.32  11.09  11.3  6873600  11.3
2010-02-11  11.03  11.26  10.99  11.24  5591000  11.24
2010-02-10  10.98  11.15  10.92  11.06  4917000  11.06
2010-02-09  11.02  11.1  10.85  11.01  6884500  11.01
2010-02-08  10.96  11.18  10.79  10.91  7118300  10.91
2010-02-05  10.76  11.21  10.74  11.18  10665700  11.18
2010-02-04  11.01  11.09  10.7  10.79  9178200  10.79
2010-02-03  11.19  11.21  11.02  11.04  7943300  11.04
2010-02-02  11.23  11.24  11.08  11.18  6016900  11.18
2010-02-01  11.29  11.3  11.16  11.22  4516800  11.22
2010-01-29  11.22  11.31  11.18  11.24  5947500  11.24
2010-01-28  11.26  11.31  11.1  11.13  6089500  11.13
2010-01-27  11.03  11.29  11.03  11.24  6600400  11.24
2010-01-26  11.05  11.24  11.05  11.06  5273600  11.06
2010-01-25  11.23  11.23  11.03  11.09  5905400  11.09
2010-01-22  11.29  11.31  11.09  11.11  7693800  11.11
2010-01-21  11.54  11.57  11.09  11.23  14205400  11.23
2010-01-20  11.62  11.62  11.4  11.51  8061100  11.51
2010-01-19  11.71  11.8  11.61  11.63  6000000  11.63
2010-01-15  11.75  11.85  11.62  11.72  5895700  11.72
2010-01-14  11.85  11.91  11.7  11.84  7523700  11.84
2010-01-13  11.85  12.02  11.71  11.9  7924800  11.9
2010-01-12  12.02  12.06  11.75  11.81  5845900  11.81
2010-01-11  12.25  12.45  12.0  12.08  4365300  12.08
2010-01-08  11.86  12.14  11.76  12.13  6870500  12.13
2010-01-07  11.67  11.96  11.63  11.86  9819300  11.86
2010-01-06  11.33  11.6  11.33  11.52  4071200  11.52
2010-01-05  11.52  11.55  11.33  11.41  4932500  11.41
2010-01-04  11.66  11.77  11.51  11.52  4999000  11.52
