Date  Open  High  Low  Close  Volume  Adj Close
2014-02-28  65.26  66.72  65.02  66.06  1613400  66.06
2014-02-27  64.33  65.41  64.33  65.4  1047300  65.4
2014-02-26  64.19  64.5  63.82  64.35  1547500  64.35
2014-02-25  64.42  64.51  63.4  63.99  1496900  63.99
2014-02-24  64.35  65.07  64.28  64.78  1139000  64.78
2014-02-21  64.15  64.78  64.07  64.32  1137100  64.32
2014-02-20  63.19  64.37  62.74  64.31  1544500  64.31
2014-02-19  63.65  64.14  63.05  63.1  954200  63.1
2014-02-18  64.61  64.7  63.35  63.76  1415900  63.76
2014-02-14  64.64  65.0  64.21  64.98  1011800  64.98
2014-02-13  64.54  64.7  64.06  64.49  1115300  64.49
2014-02-12  64.39  65.34  64.34  64.89  1910600  64.89
2014-02-11  64.44  64.66  63.86  64.42  1037900  64.42
2014-02-10  64.72  65.04  63.88  64.32  993400  64.32
2014-02-07  64.44  64.86  63.94  64.7  1238700  64.7
2014-02-06  62.44  64.53  62.44  64.25  2247700  64.25
2014-02-05  61.61  62.23  61.01  61.89  1473200  61.89
2014-02-04  61.18  62.21  60.91  62.07  2030000  62.07
2014-02-03  61.55  61.76  60.29  60.97  2374000  60.97
2014-01-31  62.08  62.39  61.31  61.43  2548400  61.43
2014-01-30  66.03  66.41  61.94  62.92  2822000  62.92
2014-01-29  63.83  64.78  63.47  63.77  2142200  63.77
2014-01-28  64.15  64.95  63.93  64.63  1022100  64.63
2014-01-27  64.0  64.75  63.0  63.95  1637100  63.95
2014-01-24  65.01  65.38  63.61  63.75  1488700  63.75
2014-01-23  66.32  66.32  65.42  65.61  1657800  65.61
2014-01-22  67.15  67.36  66.2  66.59  1809900  66.59
2014-01-21  67.57  68.13  67.03  67.22  1034700  67.22
2014-01-17  67.89  68.15  67.23  67.29  989500  67.29
2014-01-16  68.31  68.45  67.7  67.81  849500  67.81
2014-01-15  67.9  68.44  67.64  68.36  1015300  68.36
2014-01-14  67.21  67.76  67.03  67.71  1969900  67.71
2014-01-13  68.77  68.77  66.72  66.9  1548900  66.9
2014-01-10  69.08  69.33  68.81  69.32  611800  69.32
2014-01-09  69.56  69.75  68.52  68.9  842900  68.9
2014-01-08  68.72  69.56  68.67  69.55  758700  69.55
2014-01-07  68.49  68.94  68.41  68.73  482100  68.73
2014-01-06  68.99  69.46  68.16  68.34  650600  68.34
2014-01-03  68.34  68.95  68.2  68.62  656400  68.62
2014-01-02  68.9  68.96  68.13  68.27  1022500  68.27
2013-12-31  68.88  69.31  68.64  68.95  451000  68.95
2013-12-30  68.68  68.94  68.39  68.7  530400  68.7
2013-12-27  69.02  69.32  68.48  68.76  461300  68.76
2013-12-26  69.17  69.46  68.83  68.97  463100  68.97
2013-12-24  68.39  69.01  68.23  68.93  360800  68.93
2013-12-23  68.11  68.67  67.86  68.44  921500  68.44
2013-12-20  68.19  68.26  66.95  67.76  2637100  67.76
2013-12-19  67.36  68.27  67.14  67.91  930600  67.91
2013-12-18  66.68  67.47  66.23  67.4  1923900  67.4
2013-12-17  67.22  67.39  66.5  66.85  1085700  66.85
2013-12-16  67.77  67.9  67.18  67.42  1051100  67.42
2013-12-13  67.76  68.13  67.02  67.22  1049600  67.22
2013-12-12  67.55  67.87  66.97  67.73  919500  67.73
2013-12-11  68.72  69.05  67.57  67.71  855100  67.71
2013-12-10  68.13  69.14  68.13  68.85  830000  68.85
2013-12-09  67.96  68.56  67.89  68.45  1255500  68.45
2013-12-06  67.63  68.06  67.52  68.03  1111400  68.03
2013-12-05  66.22  67.35  65.78  67.12  1171800  67.12
2013-12-04  65.45  66.19  65.12  65.99  1000600  65.99
2013-12-03  65.86  66.54  65.27  65.75  1323800  65.75
2013-12-02  66.44  66.76  65.95  66.06  644600  66.06
2013-11-29  67.06  67.14  66.47  66.53  340100  66.53
2013-11-27  66.97  67.04  66.64  66.91  358600  66.91
2013-11-26  66.84  67.19  66.7  66.82  862200  66.82
2013-11-25  67.02  67.26  66.6  66.95  711900  66.95
2013-11-22  66.76  66.93  66.14  66.73  1043000  66.73
2013-11-21  66.49  67.01  66.36  66.8  1241600  66.8
2013-11-20  66.07  67.18  66.03  66.1  1784600  66.1
2013-11-19  65.99  66.29  65.78  66.05  1159100  66.05
2013-11-18  66.25  66.41  65.58  66.01  1397200  66.01
2013-11-15  65.44  66.37  65.34  66.23  1222400  66.23
2013-11-14  64.95  65.61  64.64  65.44  1762700  65.44
2013-11-13  64.02  65.16  63.89  64.9  1829900  64.9
2013-11-12  63.63  64.03  63.23  63.53  1042400  63.53
2013-11-11  63.76  64.23  63.6  63.88  476500  63.88
2013-11-08  63.19  63.79  62.66  63.79  932900  63.79
2013-11-07  63.89  64.13  62.94  63.08  1146300  63.08
2013-11-06  64.08  64.33  63.38  63.85  837700  63.85
2013-11-05  64.46  64.46  63.88  64.0  1281200  64.0
2013-11-04  64.3  64.72  64.16  64.52  783900  64.52
2013-11-01  63.84  64.49  63.47  64.29  1064300  64.29
2013-10-31  63.72  64.34  63.44  63.57  975500  63.57
2013-10-30  64.2  64.38  63.38  63.72  997400  63.72
2013-10-29  64.09  64.44  63.82  64.38  921100  64.38
2013-10-28  64.37  64.69  63.57  64.07  1082900  64.07
2013-10-25  64.42  64.93  64.0  64.5  1010200  64.5
2013-10-24  63.82  64.64  63.51  64.43  1238100  64.43
2013-10-23  63.65  63.81  63.03  63.53  1283800  63.53
2013-10-22  65.59  66.01  63.3  64.24  2475000  64.24
2013-10-21  65.52  65.56  64.6  65.09  1921200  65.09
2013-10-18  65.5  65.72  65.09  65.27  1452400  65.27
2013-10-17  65.27  65.43  64.47  65.0  1888300  65.0
2013-10-16  65.21  66.1  64.83  66.03  975800  66.03
2013-10-15  65.17  65.23  64.37  64.75  1072900  64.75
2013-10-14  64.62  65.41  64.29  65.21  885100  65.21
2013-10-11  64.0  65.28  63.93  65.27  943100  65.27
2013-10-10  64.46  64.64  63.97  64.22  1173200  64.22
2013-10-09  62.7  63.63  62.34  63.46  1354300  63.46
2013-10-08  63.59  63.83  62.3  62.48  1211400  62.48
2013-10-07  64.07  64.27  63.53  63.54  1200800  63.54
2013-10-04  64.26  65.29  64.2  64.82  994500  64.82
2013-10-03  64.59  65.33  63.68  64.0  1130600  64.0
2013-10-02  64.54  64.88  63.85  64.88  925900  64.88
2013-10-01  64.04  65.38  63.94  64.97  1827300  64.97
2013-09-30  63.46  64.23  62.91  63.77  1100600  63.77
2013-09-27  63.78  64.5  63.66  64.18  978900  64.18
2013-09-26  63.7  64.21  63.55  64.16  668300  64.16
2013-09-25  64.06  64.3  63.21  63.52  993000  63.52
2013-09-24  63.68  64.36  63.32  63.88  769700  63.88
2013-09-23  63.63  63.93  62.91  63.54  821200  63.54
2013-09-20  64.08  64.52  63.73  63.8  1370900  63.8
2013-09-19  64.68  64.68  63.68  64.03  808300  64.03
2013-09-18  63.87  64.63  63.08  64.32  882700  64.32
2013-09-17  63.13  63.89  63.05  63.87  787200  63.87
2013-09-16  63.61  63.97  62.79  62.92  734100  62.92
2013-09-13  62.43  62.91  62.32  62.84  893100  62.84
2013-09-12  62.75  62.82  62.24  62.35  695800  62.35
2013-09-11  63.07  63.07  62.35  62.68  868800  62.68
2013-09-10  62.26  63.06  62.23  62.85  1253800  62.85
2013-09-09  61.66  62.49  61.66  62.03  1372500  62.03
2013-09-06  61.67  62.02  60.4  61.31  1218700  61.31
2013-09-05  61.49  61.9  61.25  61.62  967500  61.62
2013-09-04  60.36  62.07  59.88  61.49  1980400  61.49
2013-09-03  60.01  60.64  60.01  60.42  1656000  60.42
2013-08-30  59.33  59.68  59.13  59.34  1399900  59.34
2013-08-29  58.48  59.6  58.37  59.36  1228500  59.36
2013-08-28  58.17  58.74  57.93  58.57  1050700  58.57
2013-08-27  58.36  58.68  58.05  58.23  1371600  58.23
2013-08-26  59.23  59.68  58.89  59.07  1364500  59.07
2013-08-23  58.7  59.31  58.32  59.2  1269100  59.2
2013-08-22  57.6  58.53  57.6  58.35  690100  58.35
2013-08-21  57.68  58.15  57.52  57.55  907800  57.55
2013-08-20  57.41  58.62  57.36  58.0  1434500  58.0
2013-08-19  57.94  58.36  57.39  57.43  1283600  57.43
2013-08-16  56.78  58.0  56.69  57.82  1601000  57.82
2013-08-15  57.49  57.7  56.73  56.89  1277800  56.89
2013-08-14  58.07  58.6  58.07  58.21  977300  58.21
2013-08-13  57.41  58.34  57.41  58.23  1391700  58.23
2013-08-12  57.84  58.16  57.11  57.36  955300  57.36
2013-08-09  58.38  58.59  57.69  58.15  868400  58.15
2013-08-08  58.06  58.84  57.87  58.56  1310400  58.56
2013-08-07  57.91  57.99  57.37  57.6  1004700  57.6
2013-08-06  58.25  58.69  57.9  58.09  1336800  58.09
2013-08-05  57.9  58.82  57.82  58.26  964600  58.26
2013-08-02  57.63  58.22  57.51  57.98  1373800  57.98
2013-08-01  56.72  58.09  56.71  57.82  1722500  57.82
2013-07-31  56.79  57.06  56.09  56.17  1344300  56.17
2013-07-30  56.17  56.82  55.92  56.59  1314500  56.59
2013-07-29  54.61  56.5  54.42  55.82  1502400  55.82
2013-07-26  54.8  55.19  54.25  54.78  1483700  54.78
2013-07-25  56.86  58.89  54.98  55.15  3183600  55.15
2013-07-24  55.52  55.8  54.81  55.27  1506700  55.27
2013-07-23  55.22  56.01  55.22  55.37  1058100  55.37
2013-07-22  55.38  55.66  54.9  55.04  753300  55.04
2013-07-19  55.66  55.77  54.84  55.28  888000  55.28
2013-07-18  55.09  55.84  54.97  55.65  829700  55.65
2013-07-17  54.69  55.45  54.67  54.98  886600  54.98
2013-07-16  54.73  54.92  54.18  54.49  988900  54.49
2013-07-15  54.43  55.2  54.3  54.85  1651300  54.85
2013-07-12  54.32  55.44  54.19  55.37  1403500  55.37
2013-07-11  54.01  54.6  53.99  54.51  1260400  54.51
2013-07-10  53.64  53.78  52.79  53.42  1870100  53.42
2013-07-09  54.96  55.04  53.58  53.62  1948900  53.62
2013-07-08  55.17  55.21  54.41  54.58  797800  54.58
2013-07-05  54.61  54.98  54.37  54.66  692800  54.66
2013-07-03  53.99  54.47  53.73  54.09  418600  54.09
2013-07-02  55.07  55.54  54.1  54.29  1776200  54.29
2013-07-01  54.49  55.54  54.49  54.95  1842500  54.95
2013-06-28  53.04  54.91  52.99  54.24  4002800  54.24
2013-06-27  52.11  53.48  52.11  53.01  2116300  53.01
2013-06-26  51.61  51.98  51.01  51.83  1496400  51.83
2013-06-25  50.18  51.2  50.0  50.99  1573800  50.99
2013-06-24  49.5  50.14  48.63  49.62  1528600  49.62
2013-06-21  51.69  51.83  49.68  50.0  3062600  50.0
2013-06-20  52.34  52.43  51.15  51.49  1615000  51.49
2013-06-19  53.63  54.06  53.0  53.0  903000  53.0
2013-06-18  53.06  53.97  52.81  53.61  1079900  53.61
2013-06-17  52.95  53.6  52.49  52.95  1375900  52.95
2013-06-14  52.94  53.06  52.43  52.57  950400  52.57
2013-06-13  51.94  52.99  51.63  52.9  905400  52.9
2013-06-12  53.03  53.13  51.75  51.89  1102700  51.89
2013-06-11  52.8  53.15  52.19  52.49  1568800  52.49
2013-06-10  53.68  53.97  53.16  53.44  1174200  53.44
2013-06-07  53.69  53.82  52.41  53.35  1916600  53.35
2013-06-06  53.28  53.86  52.77  53.77  975500  53.77
2013-06-05  53.11  53.64  52.8  53.33  1476100  53.33
2013-06-04  54.14  54.45  53.11  53.5  1089600  53.5
2013-06-03  54.13  54.65  53.44  54.01  1671000  54.01
2013-05-31  54.07  55.3  53.87  53.96  1473800  53.96
2013-05-30  54.56  55.38  54.51  54.82  1224800  54.82
2013-05-29  55.28  55.28  54.41  54.88  1103300  54.88
2013-05-28  55.9  56.38  55.23  55.75  1046600  55.75
2013-05-24  55.44  55.6  54.09  54.64  1997700  54.64
2013-05-23  55.99  56.69  55.55  56.21  1148400  56.21
2013-05-22  58.27  58.7  56.48  56.78  1285300  56.78
2013-05-21  58.66  58.89  57.96  58.34  800900  58.34
2013-05-20  58.53  58.98  58.2  58.61  1057200  58.61
2013-05-17  57.36  58.63  57.27  58.63  1029700  58.63
2013-05-16  57.71  57.99  57.08  57.14  905800  57.14
2013-05-15  57.52  58.13  57.43  58.03  915200  58.03
2013-05-14  56.58  57.82  56.58  57.63  1367800  57.63
2013-05-13  56.27  56.71  55.77  56.6  846800  56.6
2013-05-10  56.46  57.14  56.06  56.55  1196200  56.55
2013-05-09  56.66  56.76  55.94  56.35  964100  56.35
2013-05-08  56.64  57.01  56.09  56.58  2074000  56.58
2013-05-07  54.58  56.71  54.51  56.71  2425400  56.71
2013-05-06  54.18  54.5  53.69  54.37  1698800  54.37
2013-05-03  53.84  54.19  53.34  53.57  1896100  53.57
2013-05-02  53.43  53.72  53.02  53.38  1327200  53.38
2013-05-01  53.81  53.81  53.02  53.23  1318000  53.23
2013-04-30  53.83  53.97  53.33  53.86  1665300  53.86
2013-04-29  53.36  54.12  53.25  53.97  1360400  53.97
2013-04-26  53.43  53.72  52.84  53.26  1573200  53.26
2013-04-25  52.49  54.88  52.49  53.53  4062400  53.53
2013-04-24  52.24  52.72  51.62  52.44  1770700  52.44
2013-04-23  51.13  52.14  50.9  52.1  1505100  52.1
2013-04-22  51.09  51.24  50.39  50.75  1669700  50.75
2013-04-19  50.52  51.31  50.5  51.09  2032700  51.09
2013-04-18  50.35  50.78  49.9  50.32  1547500  50.32
2013-04-17  50.55  50.74  49.87  50.42  1692300  50.42
2013-04-16  49.71  50.95  49.71  50.89  1454300  50.89
2013-04-15  50.81  51.29  49.2  49.23  2281300  49.23
2013-04-12  51.34  51.4  50.82  51.25  984600  51.25
2013-04-11  51.38  52.12  51.24  51.46  1764900  51.46
2013-04-10  50.64  51.77  50.55  51.46  1167800  51.46
2013-04-09  50.7  50.85  50.15  50.42  1496100  50.42
2013-04-08  49.93  50.68  49.93  50.65  1653500  50.65
2013-04-05  49.32  50.08  49.03  49.98  1608400  49.98
2013-04-04  49.84  50.33  49.69  50.11  1777400  50.11
2013-04-03  51.01  51.01  49.67  49.8  1704200  49.8
2013-04-02  51.16  51.35  50.49  50.86  1582900  50.86
2013-04-01  52.6  52.6  50.68  50.82  1754600  50.82
2013-03-28  52.06  52.71  51.81  52.53  1050100  52.53
2013-03-27  51.89  52.34  51.62  52.06  1186800  52.06
2013-03-26  52.08  52.39  51.79  52.32  839900  52.32
2013-03-25  52.21  52.57  51.33  51.74  1194500  51.74
2013-03-22  52.23  52.29  51.76  52.03  983600  52.03
2013-03-21  52.91  52.91  51.83  51.97  1061200  51.97
2013-03-20  52.25  53.38  52.22  53.2  1207400  53.2
2013-03-19  52.98  53.06  51.84  52.03  2684700  52.03
2013-03-18  53.85  54.13  53.41  53.71  1610800  53.71
2013-03-15  53.91  54.71  53.71  54.61  1693200  54.61
2013-03-14  54.2  54.23  53.45  54.13  863200  54.13
2013-03-13  53.68  54.23  53.22  54.0  870400  54.0
2013-03-12  54.04  54.11  53.44  53.77  689000  53.77
2013-03-11  53.9  54.14  53.6  53.98  779700  53.98
2013-03-08  53.74  54.19  53.05  54.03  1045000  54.03
2013-03-07  53.52  53.67  53.1  53.65  1501800  53.65
2013-03-06  52.77  53.35  52.63  52.94  1365100  52.94
2013-03-05  52.47  53.12  52.31  52.62  1313700  52.62
2013-03-04  51.25  52.12  50.94  52.11  2077800  52.11
2013-03-01  51.55  51.98  51.08  51.27  1859100  51.27
2013-02-28  51.62  52.45  51.5  51.87  1622300  51.87
2013-02-27  50.48  51.71  50.46  51.48  1744900  51.48
2013-02-26  50.18  50.62  49.33  50.59  1967100  50.59
2013-02-25  50.84  51.6  49.84  49.92  2977500  49.92
2013-02-22  50.43  50.77  50.16  50.47  1443500  50.47
2013-02-21  50.75  50.76  50.07  50.32  1301400  50.32
2013-02-20  51.66  51.83  50.79  50.83  1718800  50.83
2013-02-19  51.91  52.08  51.48  51.65  2056800  51.65
2013-02-15  52.68  52.79  51.67  51.9  2198700  51.9
2013-02-14  52.42  53.01  52.15  52.68  1269900  52.68
2013-02-13  52.47  52.99  52.01  52.65  1203100  52.65
2013-02-12  52.33  52.65  51.98  52.31  1180900  52.31
2013-02-11  52.54  53.13  52.13  52.52  1671300  52.52
2013-02-08  51.73  52.28  51.7  51.9  749900  51.9
2013-02-07  51.8  51.99  50.64  51.58  1439300  51.58
2013-02-06  51.55  52.12  50.91  51.93  1295000  51.93
2013-02-05  51.28  51.83  50.86  51.58  1772100  51.58
2013-02-04  51.31  51.57  50.55  50.84  2017900  50.84
2013-02-01  52.01  52.02  51.43  51.8  2656800  51.8
2013-01-31  51.87  51.91  51.3  51.46  2449600  51.46
2013-01-30  52.74  53.5  51.92  52.03  2435700  52.03
2013-01-29  51.7  53.63  51.7  53.53  3597700  53.53
2013-01-28  52.47  53.11  51.9  52.23  2266400  52.23
2013-01-25  52.04  52.96  51.89  52.96  2100400  52.96
2013-01-24  50.98  52.04  50.78  51.9  1131600  51.9
2013-01-23  50.33  50.94  49.93  50.82  1100300  50.82
2013-01-22  51.04  51.3  50.65  50.77  1146500  50.77
2013-01-18  51.14  51.18  50.67  51.16  914500  51.16
2013-01-17  50.05  51.13  49.82  51.07  1480200  51.07
2013-01-16  50.08  50.12  49.34  49.83  923800  49.83
2013-01-15  49.08  50.45  49.0  50.39  1195600  50.39
2013-01-14  49.25  49.63  49.1  49.37  949100  49.37
2013-01-11  49.72  49.72  48.69  49.23  1285500  49.23
2013-01-10  50.07  50.07  49.06  49.44  1971900  49.44
2013-01-09  48.39  49.95  48.35  49.88  3099300  49.88
2013-01-08  48.11  48.4  47.66  47.99  1852700  47.99
2013-01-07  47.52  48.29  47.52  48.14  2099100  48.14
2013-01-04  48.24  48.27  47.64  47.8  1233600  47.8
2013-01-03  49.0  49.11  47.78  48.07  2010600  48.07
2013-01-02  49.03  50.07  48.47  49.08  1798200  49.08
2012-12-31  46.21  47.98  46.1  47.94  1128200  47.94
2012-12-28  46.74  46.92  46.35  46.41  690600  46.41
2012-12-27  47.11  47.38  46.03  47.01  992800  47.01
2012-12-26  47.71  47.82  46.78  47.03  582800  47.03
2012-12-24  47.65  47.92  47.4  47.68  339900  47.68
2012-12-21  47.81  47.86  46.83  47.8  1750300  47.8
2012-12-20  47.96  48.1  47.65  48.04  1094300  48.04
2012-12-19  48.62  48.85  47.84  47.84  1255000  47.84
2012-12-18  48.28  48.83  48.24  48.49  1670600  48.49
2012-12-17  47.07  48.33  46.88  48.32  1441000  48.32
2012-12-14  46.85  47.52  46.85  46.96  1847700  46.96
2012-12-13  48.11  48.19  46.93  46.97  1596900  46.97
2012-12-12  46.98  48.2  46.91  48.15  3863200  48.15
2012-12-11  45.8  47.29  45.73  46.6  2612200  46.6
2012-12-10  45.37  45.71  45.26  45.66  834800  45.66
2012-12-07  45.46  45.65  45.12  45.47  1502900  45.47
2012-12-06  45.19  45.3  44.71  45.19  2610000  45.19
2012-12-05  45.63  45.72  44.92  45.29  1360800  45.29
2012-12-04  45.01  45.74  44.97  45.51  1929700  45.51
2012-12-03  46.3  46.39  44.95  45.02  1328500  45.02
2012-11-30  46.29  46.36  45.59  45.96  1629000  45.96
2012-11-29  46.82  47.17  46.22  46.36  956400  46.36
2012-11-28  45.69  46.56  45.54  46.52  958100  46.52
2012-11-27  46.74  46.96  45.93  45.98  1563600  45.98
2012-11-26  47.04  47.25  46.5  46.96  1039600  46.96
2012-11-23  46.94  47.42  46.77  47.23  563700  47.23
2012-11-21  46.8  47.13  46.64  46.74  975300  46.74
2012-11-20  46.84  47.45  46.55  46.76  2579600  46.76
2012-11-19  45.85  47.42  45.8  46.94  2683200  46.94
2012-11-16  45.55  45.68  43.53  45.23  3342700  45.23
2012-11-15  44.7  46.03  44.63  45.59  2678000  45.59
2012-11-14  45.01  45.96  44.49  44.69  3856900  44.69
2012-11-13  44.58  45.13  44.24  44.56  1833900  44.56
2012-11-12  44.45  44.96  44.12  44.86  1717600  44.86
2012-11-09  43.87  44.7  43.79  44.32  1941800  44.32
2012-11-08  45.46  45.69  43.97  44.01  2601400  44.01
2012-11-07  46.2  46.44  44.75  45.51  2741400  45.51
2012-11-06  46.39  46.91  46.39  46.59  1368000  46.59
2012-11-05  46.09  46.59  46.07  46.33  1365200  46.33
2012-11-02  47.0  47.45  46.27  46.28  1934900  46.28
2012-11-01  45.74  46.97  45.51  46.59  2089900  46.59
2012-10-31  45.44  45.88  45.27  45.76  2032600  45.76
2012-10-26  45.56  45.7  44.68  45.13  1445500  45.13
2012-10-25  45.65  46.15  45.28  45.52  1875800  45.52
2012-10-24  46.0  46.29  44.8  45.35  2922800  45.35
2012-10-23  42.33  46.35  42.24  45.89  6995600  45.89
2012-10-22  42.85  43.13  42.22  42.6  2409700  42.6
2012-10-19  43.6  43.66  42.67  42.94  2569100  42.94
2012-10-18  43.72  43.82  42.95  43.58  2392700  43.58
2012-10-17  42.26  43.13  42.15  43.06  2042800  43.06
2012-10-16  41.25  42.33  41.15  42.28  1947500  42.28
2012-10-15  40.57  41.0  40.32  40.96  1710900  40.96
2012-10-12  40.95  41.18  40.37  40.53  1435500  40.53
2012-10-11  41.42  41.93  40.73  40.9  2352700  40.9
2012-10-10  41.01  41.29  40.85  41.0  1977500  41.0
2012-10-09  41.41  41.78  40.94  41.0  2149100  41.0
2012-10-08  42.33  42.85  41.51  41.57  2244700  41.57
2012-10-05  41.05  41.44  40.94  41.09  2242300  41.09
2012-10-04  40.23  40.93  39.79  40.73  2308400  40.73
2012-10-03  40.97  41.09  39.72  39.92  4039500  39.92
2012-10-02  41.48  41.7  40.98  41.21  992300  41.21
2012-10-01  41.62  42.19  41.17  41.38  1551900  41.38
2012-09-28  41.24  41.73  41.08  41.46  2470500  41.46
2012-09-27  41.36  41.71  40.84  41.57  1798900  41.57
2012-09-26  41.35  41.37  40.8  41.03  2929100  41.03
2012-09-25  42.37  42.65  41.32  41.34  2061600  41.34
2012-09-24  42.61  43.04  41.8  42.26  2670400  42.26
2012-09-21  43.2  43.34  42.48  42.99  2240400  42.99
2012-09-20  44.43  44.55  43.06  43.15  2290200  43.15
2012-09-19  44.13  44.75  43.78  44.5  1763100  44.5
2012-09-18  45.19  45.39  44.04  44.43  1631000  44.43
2012-09-17  45.17  45.36  44.77  45.18  1655000  45.18
2012-09-14  44.74  45.38  44.63  45.17  2245800  45.17
2012-09-13  44.51  44.8  43.6  44.59  2273600  44.59
2012-09-12  44.07  44.68  44.07  44.51  1502300  44.51
2012-09-11  43.88  44.56  43.62  43.91  2200400  43.91
2012-09-10  42.68  43.94  42.57  43.6  2347800  43.6
2012-09-07  42.5  43.14  42.34  42.87  1689200  42.87
2012-09-06  40.96  42.65  40.88  42.45  2109000  42.45
2012-09-05  40.72  40.8  40.19  40.57  1410700  40.57
2012-09-04  40.81  40.87  40.14  40.64  1736400  40.64
2012-08-31  41.58  41.58  40.66  40.91  1702400  40.91
2012-08-30  41.69  41.91  41.23  41.36  1758000  41.36
2012-08-29  42.18  42.41  41.74  41.98  1569200  41.98
2012-08-28  41.7  42.46  41.53  42.14  1623100  42.14
2012-08-27  41.44  42.43  41.41  42.02  1637800  42.02
2012-08-24  41.37  41.69  41.17  41.49  2646100  41.49
2012-08-23  41.82  42.01  41.11  41.37  1567900  41.37
2012-08-22  41.63  42.12  41.43  41.97  2896100  41.97
2012-08-21  41.44  42.32  41.44  41.83  2064100  41.83
2012-08-20  41.25  41.52  40.76  41.35  1948800  41.35
2012-08-17  41.41  41.68  41.15  41.22  1785500  41.22
2012-08-16  40.38  41.44  40.29  41.35  2717100  41.35
2012-08-15  40.18  40.59  40.1  40.4  1765400  40.4
2012-08-14  40.51  40.78  40.02  40.15  2641200  40.15
2012-08-13  40.1  40.46  39.95  40.37  2086700  40.37
2012-08-10  40.16  40.4  39.85  40.33  2648600  40.33
2012-08-09  40.54  40.86  40.46  40.64  1703200  40.64
2012-08-08  40.98  41.14  40.53  40.65  1859600  40.65
2012-08-07  41.11  41.55  41.05  41.31  4319200  41.31
2012-08-06  41.48  41.52  40.87  40.89  1901200  40.89
2012-08-03  40.64  41.57  40.48  41.33  3096800  41.33
2012-08-02  40.07  41.32  39.66  40.17  3457000  40.17
2012-08-01  42.26  42.3  36.9  40.63  14151800  40.63
2012-07-31  43.19  43.32  42.15  42.15  2907600  42.15
2012-07-30  43.61  44.07  43.2  43.38  1200900  43.38
2012-07-27  42.5  43.75  42.42  43.53  1912300  43.53
2012-07-26  41.7  42.38  41.29  42.12  1811000  42.12
2012-07-25  41.46  41.63  40.79  41.02  1425900  41.02
2012-07-24  42.18  42.26  40.94  41.33  2170200  41.33
2012-07-23  41.95  42.44  41.52  42.16  1983100  42.16
2012-07-20  43.31  43.44  42.69  42.81  1308100  42.81
2012-07-19  43.11  44.05  42.99  43.66  1800300  43.66
2012-07-18  42.42  43.24  41.89  42.92  2581700  42.92
2012-07-17  42.87  43.11  42.54  42.75  1538700  42.75
2012-07-16  42.77  42.93  42.04  42.71  1539600  42.71
2012-07-13  42.42  43.17  41.84  42.85  2483200  42.85
2012-07-12  43.32  43.34  42.11  42.44  3085100  42.44
2012-07-11  45.51  45.51  43.35  43.7  3685000  43.7
2012-07-10  44.94  46.43  44.94  45.91  3320100  45.91
2012-07-09  44.77  44.92  44.34  44.55  1129900  44.55
2012-07-06  45.08  45.48  44.55  44.97  1044300  44.97
2012-07-05  44.95  46.14  44.86  45.7  1509900  45.7
2012-07-03  44.5  45.38  44.45  45.31  1044500  45.31
2012-07-02  44.97  45.5  44.23  44.67  2853400  44.67
2012-06-29  44.52  44.78  43.84  44.59  2568900  44.59
2012-06-28  43.58  43.75  42.69  43.57  2847500  43.57
2012-06-27  45.11  45.12  43.69  43.81  3403000  43.81
2012-06-26  46.35  47.06  44.31  45.03  4520000  45.03
2012-06-25  47.34  47.34  46.51  46.72  1255200  46.72
2012-06-22  47.83  48.04  47.12  47.85  1681600  47.85
2012-06-21  49.24  49.61  47.33  47.47  2169900  47.47
2012-06-20  49.19  49.26  48.46  48.99  1173600  48.99
2012-06-19  48.63  49.56  48.57  49.13  1693300  49.13
2012-06-18  47.57  48.4  47.34  48.31  1457600  48.31
2012-06-15  48.23  48.5  47.05  47.79  2755100  47.79
2012-06-14  47.18  48.41  46.61  48.2  1950500  48.2
2012-06-13  47.92  48.09  46.87  47.06  2693300  47.06
2012-06-12  46.85  48.2  46.38  48.16  2334600  48.16
2012-06-11  48.31  48.5  46.47  46.58  1869500  46.58
2012-06-08  46.49  47.51  45.84  47.44  2047400  47.44
2012-06-07  47.68  48.49  46.63  46.8  2001000  46.8
2012-06-06  46.34  46.96  46.16  46.96  2241500  46.96
2012-06-05  44.63  45.84  44.49  45.64  1484900  45.64
2012-06-04  45.11  45.44  44.03  44.85  1834700  44.85
2012-06-01  45.83  46.54  44.69  45.11  3331000  45.11
2012-05-31  46.26  47.4  45.88  46.98  2375400  46.98
2012-05-30  46.79  46.79  45.71  46.14  1735900  46.14
2012-05-29  46.78  47.37  46.2  47.28  1831400  47.28
2012-05-25  45.96  46.42  45.75  46.18  1561100  46.18
2012-05-24  46.17  46.31  45.56  46.06  2200600  46.06
2012-05-23  45.8  46.23  45.09  46.09  2263500  46.09
2012-05-22  45.97  47.05  45.78  46.25  2180600  46.25
2012-05-21  44.02  45.95  43.74  45.88  2326500  45.88
2012-05-18  44.84  44.87  43.74  44.0  1996900  44.0
2012-05-17  45.25  45.31  44.21  44.45  3111500  44.45
2012-05-16  45.87  46.22  45.07  45.32  2406400  45.32
2012-05-15  46.28  46.48  45.52  45.74  3041000  45.74
2012-05-14  46.85  47.07  46.03  46.42  2444400  46.42
2012-05-11  48.01  48.07  46.69  47.42  5220200  47.42
2012-05-10  49.5  49.84  48.85  49.24  1762900  49.24
2012-05-09  48.62  49.47  48.32  49.06  2789600  49.06
2012-05-08  49.78  49.8  48.55  49.26  2389700  49.26
2012-05-07  50.38  50.53  49.79  50.09  2317500  50.09
2012-05-04  51.26  51.8  50.31  50.43  1653800  50.43
2012-05-03  51.73  52.36  51.49  51.52  3043200  51.52
2012-05-02  51.48  52.36  51.41  51.95  2349400  51.95
2012-05-01  50.86  52.79  50.69  51.81  2895800  51.81
2012-04-30  51.27  51.46  50.67  50.86  2162400  50.86
2012-04-27  51.32  52.26  51.14  51.4  3288600  51.4
2012-04-26  51.8  52.43  51.2  51.39  3912700  51.39
2012-04-25  51.21  52.46  50.04  51.98  5757500  51.98
2012-04-24  49.17  49.66  48.46  48.94  2535500  48.94
2012-04-23  49.11  49.34  48.34  49.16  3128900  49.16
2012-04-20  48.35  50.56  48.07  50.24  4728900  50.24
2012-04-19  48.34  48.63  47.77  48.17  2340400  48.17
2012-04-18  47.8  48.45  47.69  48.26  1566300  48.26
2012-04-17  47.12  48.28  47.02  47.98  2511500  47.98
2012-04-16  46.92  47.45  46.39  46.66  1364700  46.66
2012-04-13  46.9  47.26  46.56  46.8  1414300  46.8
2012-04-12  46.34  47.22  46.26  47.15  1501900  47.15
2012-04-11  46.26  46.41  45.87  46.26  1717000  46.26
2012-04-10  46.71  46.75  45.34  45.54  2911800  45.54
2012-04-09  46.21  46.39  45.29  45.6  2261000  45.6
2012-04-05  47.02  47.48  46.87  47.03  1347400  47.03
2012-04-04  47.08  47.38  46.71  47.27  1213100  47.27
2012-04-03  48.02  48.31  47.27  47.69  1920400  47.69
2012-04-02  47.77  48.68  47.73  48.21  1942700  48.21
2012-03-30  47.73  48.34  47.44  47.7  1978300  47.7
2012-03-29  47.23  47.4  46.81  47.12  1995200  47.12
2012-03-28  48.41  48.42  47.21  47.62  1582800  47.62
2012-03-27  49.19  49.53  48.39  48.39  1733300  48.39
2012-03-26  48.24  49.28  48.07  49.06  3071800  49.06
2012-03-23  47.55  47.84  46.55  47.68  1226500  47.68
2012-03-22  47.67  48.06  47.14  47.53  984600  47.53
2012-03-21  48.03  48.42  47.74  48.28  1829500  48.28
2012-03-20  48.52  48.6  47.9  48.03  1825500  48.03
2012-03-19  47.73  48.22  47.08  48.11  1127500  48.11
2012-03-16  48.01  48.26  47.65  48.0  2024900  48.0
2012-03-15  48.4  48.48  47.62  47.94  1613500  47.94
2012-03-14  48.21  48.9  47.74  48.36  2674300  48.36
2012-03-13  47.0  48.0  46.7  47.97  1801000  47.97
2012-03-12  45.77  47.03  45.61  46.76  2899000  46.76
2012-03-09  44.87  45.64  44.74  45.56  1554700  45.56
2012-03-08  44.58  45.22  44.49  44.68  1177100  44.68
2012-03-07  43.98  44.48  43.97  44.32  1402400  44.32
2012-03-06  44.56  44.71  43.64  43.85  1425700  43.85
2012-03-05  45.29  45.37  44.6  45.17  864300  45.17
2012-03-02  45.92  46.06  45.22  45.54  965500  45.54
2012-03-01  45.29  46.25  45.29  45.93  1022600  45.93
2012-02-29  45.47  45.84  45.12  45.27  1392200  45.27
2012-02-28  45.72  45.84  45.04  45.46  1124900  45.46
2012-02-27  45.23  45.86  44.78  45.74  1320600  45.74
2012-02-24  45.93  46.52  45.49  45.72  1473400  45.72
2012-02-23  45.45  45.95  44.86  45.89  1560000  45.89
2012-02-22  44.58  45.79  44.58  45.48  3015600  45.48
2012-02-21  44.82  45.07  44.28  44.48  1239200  44.48
2012-02-17  44.46  44.8  43.95  44.75  1828600  44.75
2012-02-16  44.08  44.67  43.99  44.16  1771200  44.16
2012-02-15  45.18  45.22  43.92  44.18  1257800  44.18
2012-02-14  44.74  45.18  44.4  45.04  1276100  45.04
2012-02-13  45.0  45.16  44.62  45.01  1393000  45.01
2012-02-10  44.53  44.94  44.49  44.64  1319400  44.64
2012-02-09  44.9  45.2  44.48  45.1  1499700  45.1
2012-02-08  44.75  45.7  44.4  44.9  2553900  44.9
2012-02-07  43.91  44.6  43.61  44.47  1466700  44.47
2012-02-06  44.31  44.53  43.84  43.89  1634800  43.89
2012-02-03  43.55  44.73  43.46  44.66  2480900  44.66
2012-02-02  43.43  43.58  43.05  43.26  1827400  43.26
2012-02-01  43.3  43.32  42.74  43.04  1784000  43.04
2012-01-31  42.7  42.88  42.51  42.8  1849300  42.8
2012-01-30  42.51  42.98  42.08  42.53  1576000  42.53
2012-01-27  42.91  43.24  42.55  42.95  1888100  42.95
2012-01-26  43.43  44.2  42.87  43.15  3003200  43.15
2012-01-25  41.35  43.53  41.35  43.38  3440400  43.38
2012-01-24  40.53  42.04  40.11  41.96  4882900  41.96
2012-01-23  40.59  40.73  39.68  40.55  2649300  40.55
2012-01-20  40.68  41.06  40.45  40.64  1570200  40.64
2012-01-19  40.58  41.01  40.14  40.73  1236400  40.73
2012-01-18  40.23  40.72  40.2  40.57  1595300  40.57
2012-01-17  41.22  41.48  40.08  40.12  2765500  40.12
2012-01-13  39.08  40.75  39.01  40.71  3937900  40.71
2012-01-12  38.74  39.5  38.21  39.47  1648500  39.47
2012-01-11  38.76  38.92  38.4  38.64  1317200  38.64
2012-01-10  38.64  39.09  38.35  39.06  1997600  39.06
2012-01-09  38.49  38.64  38.0  38.11  2042300  38.11
2012-01-06  38.65  38.8  38.16  38.33  1380100  38.33
2012-01-05  38.05  38.73  37.71  38.64  1477700  38.64
2012-01-04  37.85  38.61  37.76  38.41  1664900  38.41
2012-01-03  38.49  38.62  38.0  38.09  2024700  38.09
2011-12-30  37.76  37.97  37.61  37.65  1001000  37.65
2011-12-29  37.25  37.61  37.12  37.53  650500  37.53
2011-12-28  37.39  37.48  36.91  37.0  813400  37.0
2011-12-27  37.76  37.87  37.37  37.49  1022100  37.49
2011-12-23  37.33  37.99  37.24  37.96  1219400  37.96
2011-12-22  36.88  37.33  36.84  37.2  1305300  37.2
2011-12-21  36.41  36.69  35.99  36.69  1905000  36.69
2011-12-20  35.9  36.6  35.73  36.39  1467900  36.39
2011-12-19  35.85  36.21  35.08  35.23  1509500  35.23
2011-12-16  36.42  36.55  35.46  35.54  2651300  35.54
2011-12-15  35.73  36.32  35.39  35.96  2178700  35.96
2011-12-14  35.2  35.53  34.81  35.26  2051900  35.26
2011-12-13  36.95  37.16  35.16  35.35  1952000  35.35
2011-12-12  36.67  36.89  36.1  36.76  1443700  36.76
2011-12-09  36.47  37.85  36.36  37.3  1472900  37.3
2011-12-08  36.7  37.07  36.21  36.35  1740200  36.35
2011-12-07  36.89  37.4  36.64  37.17  2928200  37.17
2011-12-06  37.23  37.29  36.51  36.88  1658400  36.88
2011-12-05  37.16  37.98  37.02  37.27  2518300  37.27
2011-12-02  36.1  36.91  36.1  36.49  2044200  36.49
2011-12-01  35.5  36.07  35.3  35.85  1732000  35.85
2011-11-30  34.8  35.51  34.42  35.49  2374700  35.49
2011-11-29  34.42  34.54  33.55  33.63  2155500  33.63
2011-11-28  34.67  35.01  33.98  34.27  1865000  34.27
2011-11-25  33.28  33.99  33.19  33.59  574800  33.59
2011-11-23  33.53  33.81  33.3  33.39  1353400  33.39
2011-11-22  34.31  34.61  33.78  33.94  1379500  33.94
2011-11-21  34.43  34.71  33.7  34.31  1756300  34.31
2011-11-18  35.45  35.49  34.56  35.08  2452700  35.08
2011-11-17  37.32  37.45  34.9  35.1  4642400  35.1
2011-11-16  38.08  38.89  37.49  37.52  1636400  37.52
2011-11-15  37.79  38.83  37.68  38.68  1559900  38.68
2011-11-14  37.96  38.55  37.84  38.0  1336500  38.0
2011-11-11  36.88  38.13  36.72  38.11  1579300  38.11
2011-11-10  36.98  37.19  36.12  36.33  1571100  36.33
2011-11-09  36.96  37.19  36.13  36.32  2051800  36.32
2011-11-08  37.83  38.15  37.45  38.11  1450300  38.11
2011-11-07  37.48  37.85  36.9  37.58  1051600  37.58
2011-11-04  37.33  37.79  37.0  37.64  1218000  37.64
2011-11-03  38.05  38.07  37.1  37.96  1984900  37.96
2011-11-02  37.56  37.93  36.91  37.51  2607900  37.51
2011-11-01  36.17  37.3  35.77  36.69  2981000  36.69
2011-10-31  37.66  37.99  37.04  37.55  2957400  37.55
2011-10-28  38.49  39.5  38.18  38.28  2575600  38.28
2011-10-27  38.18  39.02  38.06  38.54  3003600  38.54
2011-10-26  37.05  37.43  36.09  37.06  2424000  37.06
2011-10-25  37.31  37.47  36.48  36.57  2130300  36.57
2011-10-24  36.6  37.76  36.37  37.74  2920900  37.74
2011-10-21  34.55  36.32  34.55  36.3  3807600  36.3
2011-10-20  33.05  34.16  32.53  34.04  2336200  34.04
2011-10-19  33.32  33.63  32.95  33.18  3598100  33.18
2011-10-18  33.06  33.69  32.56  33.39  10767000  33.39
2011-10-17  36.48  36.5  35.75  35.92  2792200  35.92
2011-10-14  35.84  36.61  35.43  36.56  2336400  36.56
2011-10-13  35.11  35.43  34.68  35.17  2074200  35.17
2011-10-12  34.74  35.7  34.61  35.42  3921600  35.42
2011-10-11  33.39  34.55  33.01  34.36  2979400  34.36
2011-10-10  33.15  33.57  32.86  33.57  3158200  33.57
2011-10-07  34.03  34.03  31.91  32.32  4338500  32.32
2011-10-06  33.47  34.12  33.27  33.98  2198400  33.98
2011-10-05  33.27  33.65  32.66  33.53  2860000  33.53
2011-10-04  31.97  33.34  30.82  33.26  3700000  33.26
2011-10-03  32.71  34.09  32.54  32.6  3116400  32.6
2011-09-30  34.35  34.62  33.1  33.14  2176000  33.14
2011-09-29  35.32  35.33  33.72  34.87  2301400  34.87
2011-09-28  34.85  35.66  34.4  34.47  2072000  34.47
2011-09-27  34.46  35.45  34.24  34.8  3013700  34.8
2011-09-26  32.98  33.72  31.85  33.67  1642300  33.67
2011-09-23  32.37  32.66  31.76  32.6  1613600  32.6
2011-09-22  32.59  33.49  31.8  32.48  2532000  32.48
2011-09-21  35.16  35.59  33.9  33.94  1747100  33.94
2011-09-20  35.77  36.3  35.16  35.29  1474200  35.29
2011-09-19  35.3  35.95  34.98  35.68  1248900  35.68
2011-09-16  36.34  36.69  35.65  36.07  1888400  36.07
2011-09-15  35.52  36.25  35.22  36.2  2005500  36.2
2011-09-14  34.63  35.54  33.63  35.08  1629300  35.08
2011-09-13  33.72  34.56  33.42  34.38  1422300  34.38
2011-09-12  32.71  33.54  32.37  33.53  2241500  33.53
2011-09-09  34.36  34.63  32.94  33.31  2704900  33.31
2011-09-08  34.98  35.44  34.51  34.88  1849900  34.88
2011-09-07  34.51  35.29  34.19  35.22  1585500  35.22
2011-09-06  33.22  33.86  31.74  33.81  3651700  33.81
2011-09-02  35.28  35.38  34.43  34.63  1731500  34.63
2011-09-01  37.08  37.41  36.1  36.18  1611100  36.18
2011-08-31  36.48  37.58  36.48  37.19  3090700  37.19
2011-08-30  35.81  36.71  35.5  36.17  2221500  36.17
2011-08-29  34.52  36.06  34.51  36.03  2484800  36.03
2011-08-26  32.51  34.14  32.07  33.9  2217900  33.9
2011-08-25  33.71  34.05  32.68  32.85  2763300  32.85
2011-08-24  32.63  33.54  32.22  33.46  2892300  33.46
2011-08-23  31.03  33.01  30.72  32.9  3292300  32.9
2011-08-22  31.74  32.09  30.3  30.88  3740000  30.88
2011-08-19  31.95  32.69  30.77  30.89  3745200  30.89
2011-08-18  34.63  34.83  32.02  32.43  4466300  32.43
2011-08-17  36.11  36.29  35.2  35.65  2599100  35.65
2011-08-16  36.33  36.63  35.55  35.99  2361800  35.99
2011-08-15  36.55  37.09  36.01  36.75  2274100  36.75
2011-08-12  36.24  36.63  35.75  36.16  3481100  36.16
2011-08-11  34.29  36.47  33.87  35.92  4746100  35.92
2011-08-10  34.91  35.74  34.15  34.25  5346100  34.25
2011-08-09  34.3  36.03  33.4  35.9  6691300  35.9
2011-08-08  35.92  36.43  33.31  34.01  6768700  34.01
2011-08-05  38.55  38.78  36.46  37.6  5880500  37.6
2011-08-04  39.66  39.69  37.55  37.66  5800900  37.66
2011-08-03  40.03  40.45  38.43  40.41  4144000  40.41
2011-08-02  40.47  41.04  40.13  40.14  5079300  40.14
2011-08-01  42.33  42.4  40.36  40.95  2819800  40.95
2011-07-29  41.26  41.9  40.7  41.74  2782300  41.74
2011-07-28  42.36  42.71  41.61  41.81  3810800  41.81
2011-07-27  43.49  43.66  41.93  42.26  2759200  42.26
2011-07-26  43.81  44.15  43.6  43.78  2119900  43.78
2011-07-25  43.53  44.22  43.4  43.97  2361000  43.97
2011-07-22  43.87  44.48  43.75  44.16  1408000  44.16
2011-07-21  43.61  44.25  43.37  43.92  2395500  43.92
2011-07-20  43.49  43.65  42.95  43.28  3187400  43.28
2011-07-19  43.26  45.09  43.06  43.39  10552800  43.39
2011-07-18  40.04  40.09  39.01  39.83  2666300  39.83
2011-07-15  40.41  40.52  39.82  40.25  2158000  40.25
2011-07-14  40.61  41.07  39.87  40.21  2242500  40.21
2011-07-13  40.38  41.11  40.38  40.54  3060800  40.54
2011-07-12  40.14  40.33  39.85  40.06  3015900  40.06
2011-07-11  40.64  41.17  40.02  40.37  1985900  40.37
2011-07-08  40.76  41.55  40.35  41.31  2741400  41.31
2011-07-07  41.17  42.36  41.16  41.45  3466100  41.45
2011-07-06  41.01  41.22  40.5  40.73  2803200  40.73
2011-07-05  40.6  41.4  40.35  41.22  3287100  41.22
2011-07-01  39.52  40.58  39.41  40.49  3496900  40.49
2011-06-30  38.15  39.57  38.02  39.41  5710000  39.41
2011-06-29  37.86  38.51  37.78  37.91  3717400  37.91
2011-06-28  37.04  37.66  36.89  37.61  1735700  37.61
2011-06-27  36.86  37.03  36.32  36.88  1944500  36.88
2011-06-24  36.72  36.91  36.22  36.62  1939900  36.62
2011-06-23  35.63  36.73  35.34  36.73  2302000  36.73
2011-06-22  36.41  36.87  36.1  36.14  1660700  36.14
2011-06-21  35.92  36.66  35.72  36.48  2011100  36.48
2011-06-20  35.19  35.66  35.02  35.57  1794500  35.57
2011-06-17  35.14  35.55  34.99  35.34  2471800  35.34
2011-06-16  34.43  35.16  34.38  34.74  2218100  34.74
2011-06-15  34.52  34.89  34.14  34.46  2074100  34.46
2011-06-14  33.94  35.12  33.76  34.91  2469400  34.91
2011-06-13  33.5  34.22  33.38  33.5  2428400  33.5
2011-06-10  34.8  34.8  33.84  34.05  2908100  34.05
2011-06-09  34.62  35.15  34.46  34.99  1705300  34.99
2011-06-08  35.12  35.12  34.44  34.54  2314500  34.54
2011-06-07  35.55  35.83  35.17  35.18  2499100  35.18
2011-06-06  35.48  36.79  35.33  35.46  5167900  35.46
2011-06-03  34.53  35.12  34.44  34.51  2267300  34.51
2011-06-02  34.83  35.56  34.64  35.05  2776800  35.05
2011-06-01  35.6  35.83  34.61  34.61  1471700  34.61
2011-05-31  35.76  35.94  35.43  35.75  2131600  35.75
2011-05-27  35.19  35.42  35.03  35.34  1019400  35.34
2011-05-26  34.53  35.32  34.44  35.08  2449100  35.08
2011-05-25  34.74  34.99  34.44  34.74  2278200  34.74
2011-05-24  34.94  35.05  34.48  34.71  1561700  34.71
2011-05-23  34.76  35.17  34.42  34.86  3181300  34.86
2011-05-20  35.63  35.63  34.87  35.05  2103000  35.05
2011-05-19  35.91  36.07  35.4  35.63  1874400  35.63
2011-05-18  35.27  35.8  35.1  35.66  2170700  35.66
2011-05-17  35.56  35.78  35.07  35.31  1920200  35.31
2011-05-16  36.34  36.38  35.53  35.68  2678400  35.68
2011-05-13  36.63  36.66  36.19  36.55  2051200  36.55
2011-05-12  36.17  36.73  35.94  36.56  2030300  36.56
2011-05-11  36.91  36.91  36.02  36.22  2228500  36.22
2011-05-10  36.05  37.15  35.74  36.91  2257700  36.91
2011-05-09  36.16  36.5  35.95  36.03  1540900  36.03
2011-05-06  35.95  36.87  35.8  36.22  4382600  36.22
2011-05-05  35.04  35.82  34.64  35.46  2896600  35.46
2011-05-04  35.49  35.75  34.93  35.25  2025400  35.25
2011-05-03  35.88  36.2  35.34  35.5  1836800  35.5
2011-05-02  36.06  36.53  35.73  36.14  2250700  36.14
2011-04-29  35.81  36.04  35.53  35.72  1931400  35.72
2011-04-28  36.1  36.19  35.57  35.72  3034900  35.72
2011-04-27  36.34  36.42  35.96  36.25  2576400  36.25
2011-04-26  36.07  36.51  35.8  36.2  2303200  36.2
2011-04-25  36.57  36.58  35.77  36.0  2166800  36.0
2011-04-21  36.39  36.61  35.99  36.58  2144200  36.58
2011-04-20  36.5  36.81  35.91  36.31  4335900  36.31
2011-04-19  37.27  37.67  35.91  36.06  9998700  36.06
2011-04-18  38.43  38.62  37.42  38.07  3282100  38.07
2011-04-15  39.43  39.46  38.14  38.88  3220600  38.88
2011-04-14  38.88  40.07  38.34  38.8  4073900  38.8
2011-04-13  38.18  38.94  38.1  38.49  2737900  38.49
2011-04-12  37.5  38.64  37.48  37.84  2081200  37.84
2011-04-11  37.83  38.18  37.49  37.71  1834500  37.71
2011-04-08  38.59  38.79  37.55  37.93  2325000  37.93
2011-04-07  38.76  39.12  38.27  38.53  2442100  38.53
2011-04-06  39.79  39.8  38.53  38.75  3000400  38.75
2011-04-05  40.1  40.27  39.9  40.03  1372600  40.03
2011-04-04  40.44  40.66  39.95  40.19  1379200  40.19
2011-04-01  40.94  41.37  40.17  40.41  2597000  40.41
2011-03-31  40.39  40.76  40.07  40.74  1554100  40.74
2011-03-30  39.96  40.68  39.86  40.55  1856100  40.55
2011-03-29  38.76  39.75  38.54  39.66  1764400  39.66
2011-03-28  39.24  39.5  38.86  38.87  939000  38.87
2011-03-25  38.63  39.79  38.37  39.27  1445000  39.27
2011-03-24  38.52  38.7  38.07  38.48  1272300  38.48
2011-03-23  38.13  38.57  37.5  38.44  1377000  38.44
2011-03-22  39.29  39.33  38.2  38.25  1629200  38.25
2011-03-21  39.28  39.59  39.05  39.28  1244700  39.28
2011-03-18  39.02  39.38  38.5  38.63  1890400  38.63
2011-03-17  39.19  39.29  38.24  38.56  1767500  38.56
2011-03-16  38.99  39.38  38.09  38.47  3052300  38.47
2011-03-15  37.71  39.38  37.4  39.16  2764300  39.16
2011-03-14  38.71  39.29  38.36  39.14  1613200  39.14
2011-03-11  38.11  39.41  37.82  39.27  2270700  39.27
2011-03-10  38.64  39.07  38.23  38.42  1828500  38.42
2011-03-09  39.84  40.18  39.24  39.33  2144900  39.33
2011-03-08  39.43  40.13  39.06  39.9  2075600  39.9
2011-03-07  38.22  39.95  38.22  39.07  3943100  39.07
2011-03-04  38.72  38.72  37.58  38.11  1938300  38.11
2011-03-03  38.68  39.19  38.58  38.71  2486800  38.71
2011-03-02  37.47  38.35  37.42  38.25  2984000  38.25
2011-03-01  39.21  39.32  37.6  37.66  3014200  37.66
2011-02-28  39.38  39.78  38.88  39.13  2142900  39.13
2011-02-25  39.23  39.29  38.68  39.18  2074000  39.18
2011-02-24  39.16  39.26  38.28  39.02  3650900  39.02
2011-02-23  39.25  39.68  38.63  39.11  3212800  39.11
2011-02-22  39.55  39.97  38.92  39.27  2179100  39.27
2011-02-18  40.63  40.73  39.99  40.38  1473900  40.38
2011-02-17  40.53  40.93  40.48  40.66  1178400  40.66
2011-02-16  40.89  41.26  40.63  40.76  1332000  40.76
2011-02-15  40.7  40.87  40.44  40.67  1432800  40.67
2011-02-14  41.02  41.13  40.56  40.82  1446200  40.82
2011-02-11  39.81  41.26  39.81  41.23  1608900  41.23
2011-02-10  39.19  40.21  39.19  40.12  2724000  40.12
2011-02-09  39.21  39.64  38.95  39.53  2093900  39.53
2011-02-08  39.54  39.55  38.94  39.33  2114700  39.33
2011-02-07  39.26  39.64  39.2  39.47  2063400  39.47
2011-02-04  38.68  39.39  38.63  39.32  1788900  39.32
2011-02-03  38.45  38.86  38.38  38.71  1887300  38.71
2011-02-02  38.55  38.63  38.0  38.42  2373600  38.42
2011-02-01  38.26  38.93  38.03  38.75  2764100  38.75
2011-01-31  37.5  38.23  37.4  37.92  2904400  37.92
2011-01-28  38.49  38.83  37.48  37.66  2691600  37.66
2011-01-27  37.62  38.67  37.45  38.53  3067100  38.53
2011-01-26  37.4  38.05  37.26  37.65  3689700  37.65
2011-01-25  35.7  38.22  35.43  37.71  8115100  37.71
2011-01-24  35.55  35.69  34.6  34.9  2876400  34.9
2011-01-21  34.76  34.85  34.31  34.42  1336300  34.42
2011-01-20  34.35  34.86  34.3  34.38  1584700  34.38
2011-01-19  34.92  35.19  34.28  34.41  2058300  34.41
2011-01-18  35.42  35.51  34.85  35.12  1491500  35.12
2011-01-14  35.12  35.51  35.1  35.38  1648600  35.38
2011-01-13  35.19  35.31  34.91  35.3  1638500  35.3
2011-01-12  35.14  35.6  34.7  35.18  2156000  35.18
2011-01-11  35.05  35.24  34.54  34.72  1712000  34.72
2011-01-10  34.71  35.08  34.39  34.9  1317900  34.9
2011-01-07  34.65  35.54  34.58  34.91  1955600  34.91
2011-01-06  34.72  35.06  34.52  34.7  2548100  34.7
2011-01-05  33.08  34.7  33.05  34.68  2851200  34.68
2011-01-04  33.48  33.87  33.07  33.34  2302300  33.34
2011-01-03  33.51  33.86  33.29  33.42  2121100  33.42
2010-12-31  33.09  33.34  32.95  33.16  877500  33.16
2010-12-30  33.26  33.45  33.05  33.1  1064000  33.1
2010-12-29  33.19  33.7  33.18  33.37  1149600  33.37
2010-12-28  33.19  33.22  32.56  33.11  1240400  33.11
2010-12-27  32.94  33.16  32.69  33.05  750600  33.05
2010-12-23  33.5  33.66  32.85  33.11  1183300  33.11
2010-12-22  33.8  34.04  33.37  33.49  1192200  33.49
2010-12-21  33.15  33.91  32.99  33.65  1727500  33.65
2010-12-20  33.06  33.09  32.64  32.88  1403500  32.88
2010-12-17  32.73  33.05  32.5  33.0  2072500  33.0
2010-12-16  32.42  32.67  32.23  32.64  1514000  32.64
2010-12-15  32.01  32.52  32.01  32.36  1425400  32.36
2010-12-14  32.04  32.34  31.84  32.1  1112900  32.1
2010-12-13  32.27  32.37  31.85  31.86  1498900  31.86
2010-12-10  32.08  32.35  31.71  32.13  1171300  32.13
2010-12-09  32.49  32.49  31.86  31.96  1721300  31.96
2010-12-08  32.03  32.54  31.86  32.16  1468400  32.16
2010-12-07  32.44  32.55  31.96  32.03  1889200  32.03
2010-12-06  31.65  32.02  31.43  31.87  1394200  31.87
2010-12-03  31.38  31.77  31.17  31.71  1229500  31.71
2010-12-02  30.75  31.73  30.59  31.52  1625200  31.52
2010-12-01  30.45  31.3  30.42  30.76  2454500  30.76
2010-11-30  29.53  30.15  29.46  29.83  1992100  29.83
2010-11-29  29.51  30.17  29.47  30.0  1752300  30.0
2010-11-26  29.46  30.1  29.25  29.88  719400  29.88
2010-11-24  30.03  30.42  29.93  30.33  1330200  30.33
2010-11-23  29.51  29.99  29.35  29.7  2096500  29.7
2010-11-22  30.28  30.28  29.75  30.12  2063500  30.12
2010-11-19  30.17  30.45  30.01  30.42  2923200  30.42
2010-11-18  30.14  30.72  30.02  30.27  1959600  30.27
2010-11-17  29.37  29.92  29.24  29.68  1395900  29.68
2010-11-16  29.63  29.84  29.07  29.33  1878300  29.33
2010-11-15  29.82  30.58  29.82  30.01  1574400  30.01
2010-11-12  30.5  30.86  29.99  30.23  1537400  30.23
2010-11-11  30.44  30.98  30.16  30.83  1541200  30.83
2010-11-10  30.27  30.8  30.07  30.78  1624100  30.78
2010-11-09  30.98  31.09  30.12  30.28  1880100  30.28
2010-11-08  31.58  31.58  30.63  30.92  3796400  30.92
2010-11-05  31.97  32.17  31.7  32.07  1754000  32.07
2010-11-04  30.89  31.95  30.77  31.85  2813500  31.85
2010-11-03  30.11  30.51  29.84  30.43  2531600  30.43
2010-11-02  29.61  30.13  29.31  29.94  1751500  29.94
2010-11-01  29.49  29.73  28.9  29.19  1646200  29.19
2010-10-29  29.0  29.41  28.92  29.24  2092200  29.24
2010-10-28  29.67  29.74  28.88  29.01  2420900  29.01
2010-10-27  29.63  29.94  29.32  29.51  3099700  29.51
2010-10-26  29.73  30.3  29.57  30.01  1285900  30.01
2010-10-25  30.16  30.43  29.86  30.01  1763300  30.01
2010-10-22  29.97  30.17  29.57  29.87  1573400  29.87
2010-10-21  29.7  30.41  29.66  29.89  3482300  29.89
2010-10-20  29.16  29.62  28.58  29.52  3246300  29.52
2010-10-19  30.2  30.25  28.48  28.9  6315600  28.9
2010-10-18  30.93  31.11  30.67  30.98  3330100  30.98
2010-10-15  30.85  31.13  30.21  30.8  2340500  30.8
2010-10-14  30.82  31.0  30.36  30.5  2204500  30.5
2010-10-13  30.42  31.16  30.28  30.85  3419000  30.85
2010-10-12  29.98  30.45  29.39  30.28  2544400  30.28
2010-10-11  30.25  30.4  29.85  30.15  1581400  30.15
2010-10-08  29.58  30.36  29.53  30.22  2005200  30.22
2010-10-07  29.73  29.74  29.21  29.67  2101600  29.67
2010-10-06  29.89  30.21  29.09  29.55  5262700  29.55
2010-10-05  28.61  30.72  28.55  30.6  7372800  30.6
2010-10-04  27.18  28.13  27.07  28.06  3902200  28.06
2010-10-01  27.38  27.64  26.96  27.25  1598000  27.25
2010-09-30  27.25  27.88  26.83  27.12  1803900  27.12
2010-09-29  26.99  27.24  26.82  27.03  1409700  27.03
2010-09-28  26.8  27.28  26.41  27.21  1410100  27.21
2010-09-27  27.11  27.26  26.66  26.82  1203500  26.82
2010-09-24  26.44  27.12  26.4  27.08  1395500  27.08
2010-09-23  26.05  26.49  25.7  25.96  1366800  25.96
2010-09-22  26.76  27.02  26.18  26.35  1796200  26.35
2010-09-21  27.06  27.23  26.6  26.94  1966300  26.94
2010-09-20  26.88  27.33  26.68  27.08  2319800  27.08
2010-09-17  27.21  27.3  26.65  26.88  2337700  26.88
2010-09-16  27.22  27.28  26.67  27.02  2897000  27.02
2010-09-15  25.9  27.56  25.59  27.41  6319300  27.41
2010-09-14  25.94  26.39  25.85  26.11  4040700  26.11
2010-09-13  25.65  26.17  25.57  25.93  2778600  25.93
2010-09-10  25.25  25.52  25.13  25.29  725300  25.29
2010-09-09  25.35  25.51  24.99  25.19  1181000  25.19
2010-09-08  25.19  25.42  24.84  24.98  2463100  24.98
2010-09-07  25.5  25.56  25.01  25.18  2545600  25.18
2010-09-03  25.24  25.82  25.02  25.78  2370700  25.78
2010-09-02  24.48  24.94  24.4  24.84  1567800  24.84
2010-09-01  23.56  24.47  23.44  24.35  2434500  24.35
2010-08-31  23.01  23.49  22.74  23.12  1829300  23.12
2010-08-30  23.64  23.87  23.2  23.23  2512000  23.23
2010-08-27  22.94  23.79  22.49  23.76  2590000  23.76
2010-08-26  23.07  23.44  22.76  22.82  1619100  22.82
2010-08-25  22.59  23.09  22.55  22.98  3723900  22.98
2010-08-24  23.13  23.27  22.74  22.88  2782700  22.88
2010-08-23  24.18  24.24  23.63  23.65  1848500  23.65
2010-08-20  23.86  24.09  23.48  23.96  2325600  23.96
2010-08-19  25.0  25.1  24.0  24.15  2479700  24.15
2010-08-18  25.17  25.58  24.78  25.25  1791200  25.25
2010-08-17  24.95  25.5  24.7  25.17  1945700  25.17
2010-08-16  24.03  24.81  23.99  24.63  2604600  24.63
2010-08-13  24.21  24.56  24.13  24.3  1826400  24.3
2010-08-12  24.38  24.59  24.16  24.4  2930800  24.4
2010-08-11  25.66  25.7  24.73  24.8  3348900  24.8
2010-08-10  26.38  26.56  26.04  26.2  3317800  26.2
2010-08-09  26.8  27.11  26.45  26.84  2246000  26.84
2010-08-06  26.66  26.87  26.12  26.61  3721500  26.61
2010-08-05  26.14  27.29  25.95  27.19  3257900  27.19
2010-08-04  25.99  26.47  25.99  26.46  1703600  26.46
2010-08-03  26.48  26.73  25.9  26.03  1579200  26.03
2010-08-02  26.37  26.88  26.19  26.81  1987800  26.81
2010-07-30  25.19  25.96  25.02  25.88  3009700  25.88
2010-07-29  26.36  26.56  25.25  25.67  3487300  25.67
2010-07-28  26.62  26.83  25.76  26.01  3337300  26.01
2010-07-27  27.6  27.72  26.58  26.73  2296100  26.73
2010-07-26  26.84  27.45  26.66  27.45  3137700  27.45
2010-07-23  26.51  27.09  26.15  26.95  3420500  26.95
2010-07-22  25.78  26.64  25.7  26.51  4327600  26.51
2010-07-21  26.28  26.65  25.2  25.35  6311500  25.35
2010-07-20  24.07  25.8  23.89  25.5  13471700  25.5
2010-07-19  22.46  22.83  22.12  22.44  4187800  22.44
2010-07-16  23.51  23.56  22.31  22.38  4464600  22.38
2010-07-15  23.98  23.98  23.16  23.77  3946500  23.77
2010-07-14  23.67  24.01  23.4  24.0  4686500  24.0
2010-07-13  22.98  24.04  22.87  23.85  4464400  23.85
2010-07-12  22.58  22.77  22.33  22.67  3541200  22.67
2010-07-09  21.52  22.7  21.45  22.61  4722500  22.61
2010-07-08  21.42  21.85  21.26  21.53  3792100  21.53
2010-07-07  20.41  21.23  20.4  21.19  5490300  21.19
2010-07-06  21.37  21.37  20.2  20.44  5755900  20.44
2010-07-02  21.09  21.56  20.54  20.77  3627000  20.77
2010-07-01  21.05  21.25  20.29  21.11  5891300  21.11
2010-06-30  21.98  22.61  20.91  21.13  6216000  21.13
2010-06-29  22.21  22.28  21.62  21.99  5611700  21.99
2010-06-28  23.32  23.32  22.68  22.7  4778500  22.7
2010-06-25  22.71  23.27  22.49  23.27  10347400  23.27
2010-06-24  23.57  23.61  22.43  22.52  6172500  22.52
2010-06-23  23.85  24.02  23.22  23.7  4481600  23.7
2010-06-22  25.17  25.19  23.68  23.82  4559600  23.82
2010-06-21  25.82  25.95  24.83  25.02  2720500  25.02
2010-06-18  25.96  26.1  25.39  25.48  3379100  25.48
2010-06-17  25.86  26.03  25.27  25.89  2307400  25.89
2010-06-16  26.43  26.43  25.61  25.75  3163400  25.75
2010-06-15  26.31  26.6  26.23  26.48  2790100  26.48
2010-06-14  25.96  26.46  25.9  26.13  4467400  26.13
2010-06-11  25.51  25.73  25.32  25.71  3447000  25.71
2010-06-10  25.33  26.33  24.95  25.96  10462400  25.96
2010-06-09  25.32  25.8  24.74  24.88  3153800  24.88
2010-06-08  24.74  25.48  24.29  25.0  4730400  25.0
2010-06-07  26.13  26.13  24.62  24.69  6740900  24.69
2010-06-04  26.92  26.94  25.81  25.99  5819600  25.99
2010-06-03  28.09  28.58  27.54  27.78  4029200  27.78
2010-06-02  27.91  28.06  27.46  27.95  4539100  27.95
2010-06-01  28.1  28.97  27.67  27.73  2988100  27.73
2010-05-28  29.31  29.61  28.24  28.61  3680200  28.61
2010-05-27  29.18  29.5  28.69  29.45  4272100  29.45
2010-05-26  28.77  29.14  28.12  28.42  4487200  28.42
2010-05-25  27.73  28.36  27.42  28.36  6107200  28.36
2010-05-24  28.87  29.6  28.76  28.82  3609600  28.82
2010-05-21  28.04  29.51  27.73  29.24  6228600  29.24
2010-05-20  29.26  29.63  28.28  28.61  5822500  28.61
2010-05-19  30.58  31.13  29.54  30.49  3522400  30.49
2010-05-18  31.37  32.01  30.82  30.88  4711900  30.88
2010-05-17  30.84  31.4  30.27  31.24  4623100  31.24
2010-05-14  30.69  30.86  30.16  30.63  2829300  30.63
2010-05-13  32.19  32.25  31.01  31.17  2799700  31.17
2010-05-12  31.96  32.49  31.71  32.41  2476100  32.41
2010-05-11  30.8  32.31  30.8  31.62  4913400  31.62
2010-05-10  29.93  31.47  29.93  31.24  6693500  31.24
2010-05-07  29.46  30.03  28.13  28.59  5342300  28.59
2010-05-06  29.59  30.54  26.61  29.36  7614400  29.36
2010-05-05  30.73  30.9  29.16  29.87  6665700  29.87
2010-05-04  32.57  32.64  30.99  31.18  6048800  31.18
2010-05-03  32.44  33.22  32.14  33.07  2995400  33.07
2010-04-30  33.09  33.58  31.9  32.04  2988700  32.04
2010-04-29  32.63  33.2  32.58  33.15  2128400  33.15
2010-04-28  32.4  32.79  31.84  32.37  2674200  32.37
2010-04-27  33.05  33.26  32.14  32.19  4101700  32.19
2010-04-26  33.86  34.01  33.34  33.41  2663700  33.41
2010-04-23  33.54  33.97  33.21  33.62  4495200  33.62
2010-04-22  31.98  33.44  31.91  33.36  4395900  33.36
2010-04-21  33.43  33.59  32.16  32.42  7664700  32.42
2010-04-20  32.68  34.22  32.65  33.31  14242600  33.31
2010-04-19  31.16  31.56  30.51  31.04  4795100  31.04
2010-04-16  31.27  31.5  30.45  31.33  5008200  31.33
2010-04-15  30.88  32.19  30.81  31.51  4827300  31.51
2010-04-14  30.92  31.12  30.58  31.11  3537900  31.11
2010-04-13  30.14  31.04  30.08  30.95  4629700  30.95
2010-04-12  31.25  31.25  30.77  31.02  3221100  31.02
2010-04-09  30.16  31.27  30.1  31.18  6994600  31.18
2010-04-08  29.39  30.17  29.08  30.15  3663600  30.15
2010-04-07  29.59  29.76  29.22  29.58  3444400  29.58
2010-04-06  29.37  29.95  29.19  29.66  5589200  29.66
2010-04-05  27.29  29.98  27.12  29.71  10394600  29.71
2010-04-01  26.75  27.02  26.47  26.88  3273100  26.88
2010-03-31  26.82  27.0  26.46  26.59  2525800  26.59
2010-03-30  26.85  27.09  26.39  27.02  2853400  27.02
2010-03-29  26.62  26.85  26.39  26.82  3030700  26.82
2010-03-26  26.3  26.85  26.15  26.45  2108100  26.45
2010-03-25  26.59  26.9  26.18  26.27  3604600  26.27
2010-03-24  26.89  26.92  26.17  26.33  3653100  26.33
2010-03-23  27.25  27.38  26.82  26.98  3234500  26.98
2010-03-22  26.52  27.32  26.38  27.25  2899600  27.25
2010-03-19  26.84  27.13  26.52  26.81  3920500  26.81
2010-03-18  26.62  26.98  26.51  26.75  3487900  26.75
2010-03-17  26.91  26.99  26.45  26.69  4558600  26.69
2010-03-16  25.1  27.45  25.0  26.85  18410500  26.85
2010-03-15  25.31  25.4  24.79  25.1  2496800  25.1
2010-03-12  25.48  25.51  25.15  25.43  2011000  25.43
2010-03-11  25.4  25.64  25.15  25.36  2905300  25.36
2010-03-10  25.25  26.18  25.19  25.54  3288700  25.54
2010-03-09  25.13  25.52  24.88  25.27  2005800  25.27
2010-03-08  25.3  25.97  25.07  25.22  2529400  25.22
2010-03-05  24.3  25.48  24.16  25.4  4126000  25.4
2010-03-04  23.87  24.17  23.72  24.09  1870600  24.09
2010-03-03  23.72  23.99  23.54  23.78  2154200  23.78
2010-03-02  23.65  23.79  23.4  23.6  1798400  23.6
2010-03-01  23.39  23.74  23.19  23.54  2557600  23.54
2010-02-26  23.4  23.54  23.15  23.31  1545800  23.31
2010-02-25  22.89  23.35  22.77  23.31  2017500  23.31
2010-02-24  22.85  23.28  22.75  23.23  2179400  23.23
2010-02-23  22.82  22.97  22.45  22.78  2375800  22.78
2010-02-22  23.31  23.38  22.8  22.87  2000700  22.87
2010-02-19  23.27  23.44  22.98  23.14  2811100  23.14
2010-02-18  23.02  23.29  22.87  23.27  3112800  23.27
2010-02-17  22.89  23.1  22.65  23.06  3504100  23.06
2010-02-16  22.35  22.72  22.09  22.72  2807800  22.72
2010-02-12  21.64  22.28  21.62  22.16  3997300  22.16
2010-02-11  21.23  21.93  20.96  21.91  2842600  21.91
2010-02-10  21.44  21.55  20.82  21.35  2848600  21.35
2010-02-09  21.33  21.71  21.06  21.44  2634000  21.44
2010-02-08  21.23  21.53  20.95  20.97  2528000  20.97
2010-02-05  21.23  21.54  20.57  21.29  6446300  21.29
2010-02-04  21.59  21.94  21.27  21.4  4723700  21.4
2010-02-03  22.02  22.21  21.81  21.94  2032300  21.94
2010-02-02  22.09  22.36  21.75  22.17  3439100  22.17
2010-02-01  21.65  21.99  21.42  21.95  2646800  21.95
2010-01-29  22.15  22.38  21.31  21.45  4514000  21.45
2010-01-28  22.4  22.47  21.49  22.03  4247700  22.03
2010-01-27  21.84  22.27  21.55  22.19  3875200  22.19
2010-01-26  21.95  22.35  21.78  21.87  3957800  21.87
2010-01-25  22.48  22.84  21.9  22.09  5006800  22.09
2010-01-22  23.54  23.57  21.84  22.25  14178200  22.25
2010-01-21  24.47  24.61  23.68  24.13  5328500  24.13
2010-01-20  24.01  24.7  23.91  24.38  5478400  24.38
2010-01-19  23.66  24.27  23.02  24.25  4374500  24.25
2010-01-15  24.2  24.53  23.42  23.66  4748000  23.66
2010-01-14  24.45  24.45  24.13  24.27  2537200  24.27
2010-01-13  23.4  24.51  23.23  24.41  4288400  24.41
2010-01-12  23.66  23.66  23.11  23.4  3491800  23.4
2010-01-11  24.27  24.3  23.67  23.74  2664400  23.74
2010-01-08  24.32  24.38  23.88  24.08  3523100  24.08
2010-01-07  24.02  24.42  23.89  24.34  2522200  24.34
2010-01-06  24.28  24.52  24.01  24.14  3283200  24.14
2010-01-05  23.94  24.45  23.81  24.2  2805400  24.2
2010-01-04  24.05  24.25  23.85  24.02  2904000  24.02
