Date  Open  High  Low  Close  Volume  Adj Close
2014-02-28  31.73  31.85  31.25  31.64  3284400  31.64
2014-02-27  31.7  31.91  31.36  31.69  1934700  31.69
2014-02-26  32.27  32.42  31.66  31.71  2221900  31.71
2014-02-25  31.5  32.2  31.5  32.19  4664400  32.19
2014-02-24  31.53  31.75  31.35  31.55  2911200  31.55
2014-02-21  31.7  31.83  31.08  31.08  3621700  31.08
2014-02-20  31.58  31.67  31.42  31.53  2227300  31.53
2014-02-19  30.94  31.63  30.89  31.41  3342600  31.41
2014-02-18  31.08  31.19  30.74  30.97  1672300  30.97
2014-02-14  30.69  31.28  30.5  31.07  1955100  31.07
2014-02-13  30.3  30.91  30.27  30.73  2099600  30.73
2014-02-12  30.74  30.75  30.07  30.49  3588100  30.49
2014-02-11  29.79  30.91  29.77  30.75  3972200  30.75
2014-02-10  29.64  29.74  29.4  29.72  1781100  29.72
2014-02-07  29.62  30.19  29.48  29.66  2855600  29.66
2014-02-06  29.39  29.75  29.25  29.36  2130300  29.36
2014-02-05  29.34  29.47  29.1  29.25  2362100  29.25
2014-02-04  29.48  30.08  29.08  29.62  3818900  29.62
2014-02-03  30.35  30.41  29.1  29.32  4276900  29.32
2014-01-31  29.72  30.53  29.54  30.4  4464100  30.4
2014-01-30  29.31  30.22  29.02  30.12  3219400  30.12
2014-01-29  29.09  29.43  28.96  29.13  2813900  29.13
2014-01-28  29.27  29.44  29.01  29.31  2703100  29.31
2014-01-27  28.19  29.5  28.19  29.27  4683600  29.27
2014-01-24  28.87  28.94  27.93  28.08  2884800  28.08
2014-01-23  29.15  29.3  28.78  29.0  2850300  29.0
2014-01-22  28.83  29.34  28.65  29.34  1971700  29.34
2014-01-21  29.36  29.36  28.6  28.78  1844500  28.78
2014-01-17  28.82  29.26  28.66  29.03  2988700  29.03
2014-01-16  29.25  29.31  28.52  28.81  3619700  28.81
2014-01-15  29.65  29.74  29.2  29.32  2079800  29.32
2014-01-14  29.51  29.75  29.3  29.61  2291000  29.61
2014-01-13  30.15  30.17  29.37  29.41  3118600  29.41
2014-01-10  30.28  30.47  29.94  30.3  2382100  30.3
2014-01-09  30.23  30.5  29.79  30.03  5053300  30.03
2014-01-08  28.48  29.89  28.04  29.74  7809400  29.74
2014-01-07  28.48  28.84  28.46  28.47  3405400  28.47
2014-01-06  29.3  29.41  28.44  28.48  4010900  28.48
2014-01-03  29.5  29.65  29.11  29.28  1653400  29.28
2014-01-02  28.99  29.41  28.95  29.38  1835400  29.38
2013-12-31  29.09  29.16  28.88  29.04  1247600  29.04
2013-12-30  28.52  29.2  28.37  29.09  1934900  29.09
2013-12-27  28.96  28.97  28.41  28.52  1069800  28.52
2013-12-26  28.84  28.96  28.74  28.94  780400  28.94
2013-12-24  28.9  28.98  28.58  28.74  413700  28.74
2013-12-23  28.91  28.95  28.4  28.83  1368300  28.83
2013-12-20  28.51  28.79  28.4  28.54  3003200  28.54
2013-12-19  28.32  28.59  28.16  28.48  1909000  28.48
2013-12-18  27.97  28.28  27.52  28.27  3092400  28.27
2013-12-17  28.19  28.37  27.95  27.98  2521200  27.98
2013-12-16  28.19  28.63  28.11  28.21  2498100  28.21
2013-12-13  28.13  28.44  27.86  28.04  1950000  28.04
2013-12-12  27.94  28.33  27.79  28.15  3484500  28.15
2013-12-11  28.36  29.7  27.19  28.01  8845900  28.01
2013-12-10  28.94  29.19  28.73  28.8  2616700  28.8
2013-12-09  28.99  29.05  28.8  29.02  1886400  29.02
2013-12-06  28.78  29.12  28.69  29.01  1928900  29.01
2013-12-05  28.2  28.65  28.13  28.54  1710300  28.54
2013-12-04  28.15  28.34  27.88  28.29  1943500  28.29
2013-12-03  28.11  28.55  28.08  28.27  2186100  28.27
2013-12-02  27.72  28.4  27.62  28.23  1886200  28.23
2013-11-29  27.9  28.01  27.65  27.69  775400  27.69
2013-11-27  27.81  28.09  27.68  27.91  919500  27.91
2013-11-26  28.04  28.31  27.74  27.8  1642300  27.8
2013-11-25  28.61  28.7  28.01  28.06  1399400  28.06
2013-11-22  28.7  28.74  28.44  28.51  1236800  28.51
2013-11-21  28.21  28.78  28.2  28.7  960200  28.7
2013-11-20  28.24  28.52  28.08  28.17  807400  28.17
2013-11-19  28.03  28.45  27.86  28.15  1105200  28.15
2013-11-18  28.4  28.46  28.01  28.11  1254200  28.11
2013-11-15  27.92  28.33  27.71  28.3  2411300  28.3
2013-11-14  27.88  28.05  27.73  27.97  1207300  27.97
2013-11-13  27.01  27.91  26.94  27.88  1659100  27.88
2013-11-12  27.62  27.7  27.18  27.21  1639500  27.21
2013-11-11  27.73  27.98  27.5  27.6  1085100  27.6
2013-11-08  27.16  27.66  27.1  27.65  1357700  27.65
2013-11-07  28.51  28.59  27.04  27.17  3368400  27.17
2013-11-06  29.46  29.46  28.36  28.44  3886800  28.44
2013-11-05  29.06  29.52  28.9  29.41  1803400  29.41
2013-11-04  28.7  29.3  28.69  29.22  1528000  29.22
2013-11-01  28.34  28.74  28.28  28.69  1401200  28.69
2013-10-31  28.25  28.42  28.02  28.24  1791600  28.24
2013-10-30  28.76  28.81  28.14  28.22  939300  28.22
2013-10-29  28.24  28.9  28.23  28.67  1825900  28.67
2013-10-28  28.32  28.33  28.05  28.14  1204600  28.14
2013-10-25  28.66  28.66  28.2  28.28  1110100  28.28
2013-10-24  28.73  28.81  28.39  28.5  1151600  28.5
2013-10-23  29.02  29.02  28.53  28.67  1473100  28.67
2013-10-22  28.88  29.27  28.88  29.19  2111800  29.19
2013-10-21  29.01  29.15  28.84  28.89  1761200  28.89
2013-10-18  29.06  29.16  28.85  29.04  2362200  29.04
2013-10-17  28.52  28.91  28.33  28.88  2240700  28.88
2013-10-16  27.72  28.91  27.59  28.66  4522700  28.66
2013-10-15  27.46  27.77  27.23  27.45  2247600  27.45
2013-10-14  27.42  27.57  27.05  27.54  2842400  27.54
2013-10-11  27.64  27.85  27.47  27.54  1564500  27.54
2013-10-10  27.17  27.74  27.17  27.63  2095800  27.63
2013-10-09  26.81  27.27  26.41  27.01  3446800  27.01
2013-10-08  27.56  27.62  26.99  27.07  1648200  27.07
2013-10-07  28.03  28.13  27.56  27.58  3517200  27.58
2013-10-04  27.88  29.11  27.69  28.31  5645200  28.31
2013-10-03  27.61  27.85  27.35  27.74  3581800  27.74
2013-10-02  27.45  27.82  27.21  27.74  3630900  27.74
2013-10-01  27.04  27.71  26.92  27.66  6002900  27.66
2013-09-30  25.91  26.91  25.79  26.47  6490900  26.47
2013-09-27  25.79  26.19  25.79  26.17  8296500  26.17
2013-09-26  26.58  26.59  25.82  25.87  5604300  25.87
2013-09-25  26.77  26.85  26.47  26.56  1449500  26.56
2013-09-24  26.77  26.9  26.49  26.79  1921900  26.79
2013-09-23  26.91  26.96  26.38  26.72  1876900  26.72
2013-09-20  27.7  27.74  26.79  26.92  3181300  26.92
2013-09-19  27.74  27.92  27.57  27.67  2476500  27.67
2013-09-18  27.15  27.81  27.15  27.73  3027700  27.73
2013-09-17  26.98  27.22  26.9  27.21  1734400  27.21
2013-09-16  27.21  27.43  26.95  26.98  1522200  26.98
2013-09-13  26.86  27.12  26.79  27.05  776200  27.05
2013-09-12  26.9  27.23  26.83  26.86  1108300  26.86
2013-09-11  27.05  27.09  26.75  26.9  1557200  26.9
2013-09-10  27.1  27.21  26.94  27.05  1438500  27.05
2013-09-09  26.76  27.02  26.69  26.88  1556000  26.88
2013-09-06  26.75  26.95  26.67  26.72  2497100  26.72
2013-09-05  27.28  27.31  26.6  26.65  3245000  26.65
2013-09-04  26.71  27.42  26.34  27.3  6678500  27.3
2013-09-03  27.86  28.08  27.29  27.48  2374500  27.48
2013-08-30  27.85  27.89  27.42  27.51  1018100  27.51
2013-08-29  27.69  27.98  27.69  27.76  823900  27.76
2013-08-28  27.9  28.06  27.76  27.78  855500  27.78
2013-08-27  28.21  28.43  27.87  27.89  1042800  27.89
2013-08-26  28.6  28.94  28.48  28.58  1252900  28.58
2013-08-23  28.72  28.72  28.32  28.55  1187900  28.55
2013-08-22  28.29  28.79  28.26  28.68  928900  28.68
2013-08-21  28.48  28.59  28.22  28.25  1353400  28.25
2013-08-20  28.51  28.6  28.28  28.52  2300200  28.52
2013-08-19  29.1  29.16  28.49  28.49  1428200  28.49
2013-08-16  29.07  29.42  28.98  29.25  950800  29.25
2013-08-15  30.2  30.23  29.12  29.2  2926800  29.2
2013-08-14  30.89  30.96  30.46  30.48  1203500  30.48
2013-08-13  30.94  31.03  30.8  30.89  921000  30.89
2013-08-12  30.76  31.06  30.65  30.94  884400  30.94
2013-08-09  30.97  31.15  30.9  30.92  1275800  30.92
2013-08-08  31.23  31.25  30.97  31.09  686500  31.09
2013-08-07  30.95  31.22  30.76  31.07  910000  31.07
2013-08-06  31.19  31.2  30.96  31.16  995100  31.16
2013-08-05  31.31  31.44  31.19  31.22  1130500  31.22
2013-08-02  31.41  31.48  31.18  31.43  1307800  31.43
2013-08-01  31.2  31.63  31.2  31.53  1685200  31.53
2013-07-31  30.8  31.3  30.68  30.98  3097800  30.98
2013-07-30  30.22  30.78  30.06  30.78  2914200  30.78
2013-07-29  29.94  30.21  29.88  30.03  1531000  30.03
2013-07-26  30.06  30.21  29.96  30.05  1571600  30.05
2013-07-25  30.16  30.32  30.07  30.21  1504300  30.21
2013-07-24  30.54  30.54  30.13  30.19  2328600  30.19
2013-07-23  30.49  30.58  30.41  30.52  1786500  30.52
2013-07-22  30.36  30.65  30.03  30.48  1530600  30.48
2013-07-19  30.28  30.75  30.28  30.57  1571700  30.57
2013-07-18  30.06  30.44  30.0  30.31  1900800  30.31
2013-07-17  29.52  30.07  29.51  30.0  3664600  30.0
2013-07-16  29.81  30.04  29.38  29.39  2531000  29.39
2013-07-15  30.28  30.3  29.68  29.79  2321700  29.79
2013-07-12  29.5  31.21  29.26  30.19  5796000  30.19
2013-07-11  29.57  29.57  29.23  29.51  1987600  29.51
2013-07-10  28.84  29.21  28.62  29.16  1646800  29.16
2013-07-09  28.63  28.85  28.34  28.79  1976400  28.79
2013-07-08  27.97  28.56  27.94  28.53  2355700  28.53
2013-07-05  27.79  27.89  27.55  27.89  885100  27.89
2013-07-03  27.33  27.79  27.12  27.52  970500  27.52
2013-07-02  27.74  27.96  27.43  27.61  1617000  27.61
2013-07-01  27.47  28.06  27.47  27.74  2329400  27.74
2013-06-28  27.72  27.82  27.32  27.35  3706900  27.35
2013-06-27  28.15  28.18  27.76  27.88  1960600  27.88
2013-06-26  27.77  28.15  27.6  27.95  1964800  27.95
2013-06-25  27.29  27.64  27.25  27.49  1983200  27.49
2013-06-24  27.66  27.71  26.85  27.09  2759800  27.09
2013-06-21  28.04  28.23  27.67  28.02  2611400  28.02
2013-06-20  28.38  28.41  27.73  27.82  1927300  27.82
2013-06-19  28.8  29.13  28.67  28.67  1776600  28.67
2013-06-18  28.48  28.94  28.44  28.8  1607800  28.8
2013-06-17  28.43  28.75  28.26  28.46  2647800  28.46
2013-06-14  28.39  28.51  28.1  28.22  2794300  28.22
2013-06-13  28.16  28.79  27.3  28.49  6569800  28.49
2013-06-12  28.9  28.9  28.17  28.22  2735700  28.22
2013-06-11  29.08  29.13  28.65  28.78  2306600  28.78
2013-06-10  29.27  29.42  28.97  29.27  1732300  29.27
2013-06-07  28.75  29.31  28.67  29.21  2070600  29.21
2013-06-06  27.63  28.51  27.55  28.51  1988400  28.51
2013-06-05  28.1  28.22  27.56  27.7  2094100  27.7
2013-06-04  28.33  28.42  27.63  28.19  2973700  28.19
2013-06-03  28.71  28.94  28.15  28.3  2731300  28.3
2013-05-31  28.99  29.55  28.65  28.65  2601700  28.65
2013-05-30  29.0  29.35  28.93  29.05  1524800  29.05
2013-05-29  28.88  29.15  28.81  28.96  1496500  28.96
2013-05-28  28.76  29.18  28.76  29.05  1844900  29.05
2013-05-24  28.31  28.6  28.08  28.57  1324200  28.57
2013-05-23  28.36  28.6  28.01  28.53  3108000  28.53
2013-05-22  28.95  29.36  28.43  28.57  3512000  28.57
2013-05-21  29.01  29.12  28.1  29.01  2164400  29.01
2013-05-20  28.99  29.59  28.91  28.98  3465000  28.98
2013-05-17  28.24  29.01  28.21  29.01  3693000  29.01
2013-05-16  28.01  28.58  27.99  28.22  3236400  28.22
2013-05-15  27.41  28.26  27.32  28.16  3918000  28.16
2013-05-14  26.95  27.4  26.9  27.34  1773600  27.34
2013-05-13  27.22  27.29  26.9  26.98  1552900  26.98
2013-05-10  27.06  27.24  26.75  27.23  2045500  27.23
2013-05-09  27.16  27.34  26.73  26.95  3702900  26.95
2013-05-08  27.26  27.27  26.7  27.11  4091300  27.11
2013-05-07  27.88  27.97  27.36  27.37  4319900  27.37
2013-05-06  27.96  28.02  27.72  27.86  1770200  27.86
2013-05-03  27.77  28.2  27.58  28.01  2690200  28.01
2013-05-02  27.35  27.82  27.28  27.55  2709100  27.55
2013-05-01  27.04  27.43  26.83  27.34  3062700  27.34
2013-04-30  27.27  27.61  27.12  27.15  2044300  27.15
2013-04-29  27.97  28.06  27.34  27.36  2506100  27.36
2013-04-26  26.38  28.34  26.38  28.05  6067800  28.05
2013-04-25  27.58  27.77  27.28  27.44  3867000  27.44
2013-04-24  27.81  27.95  27.4  27.62  2506500  27.62
2013-04-23  27.33  27.82  27.26  27.75  2244900  27.75
2013-04-22  27.16  27.16  26.68  27.13  1993300  27.13
2013-04-19  26.36  27.23  26.3  27.15  3514300  27.15
2013-04-18  26.17  26.59  26.02  26.33  5374700  26.33
2013-04-17  26.84  26.9  26.1  26.13  5905600  26.13
2013-04-16  26.95  27.13  26.72  27.06  2659700  27.06
2013-04-15  27.77  27.9  26.8  26.8  2613200  26.8
2013-04-12  28.06  28.27  27.9  27.97  1574200  27.97
2013-04-11  28.24  28.48  28.12  28.15  2391500  28.15
2013-04-10  27.94  28.44  27.84  28.34  3055900  28.34
2013-04-09  27.74  27.9  27.56  27.7  2096000  27.7
2013-04-08  27.67  27.77  27.54  27.73  2400800  27.73
2013-04-05  27.58  27.72  27.23  27.68  3038000  27.68
2013-04-04  28.13  28.29  27.76  27.83  4646200  27.83
2013-04-03  28.73  28.77  28.1  28.12  3578300  28.12
2013-04-02  28.8  28.87  28.58  28.62  3119500  28.62
2013-04-01  28.84  29.05  28.55  28.65  2971900  28.65
2013-03-28  28.54  28.81  28.37  28.8  2348600  28.8
2013-03-27  28.2  28.56  28.13  28.54  3606600  28.54
2013-03-26  27.92  28.32  27.92  28.3  3085900  28.3
2013-03-25  27.76  28.07  27.69  27.86  3196900  27.86
2013-03-22  27.31  27.74  27.15  27.72  5515100  27.72
2013-03-21  27.19  27.5  27.19  27.31  4451400  27.31
2013-03-20  27.12  27.35  26.98  27.24  4316800  27.24
2013-03-19  27.09  27.24  26.85  27.01  3339900  27.01
2013-03-18  26.75  27.18  26.59  27.03  3894200  27.03
2013-03-15  27.23  27.29  26.84  26.93  4472100  26.93
2013-03-14  27.33  27.5  27.13  27.34  4324900  27.34
2013-03-13  26.82  27.48  26.67  27.4  7217500  27.4
2013-03-12  26.65  26.93  26.49  26.93  5361600  26.93
2013-03-11  26.37  26.62  26.26  26.57  5300100  26.57
2013-03-08  26.09  26.72  25.78  26.51  15677900  26.51
2013-03-07  24.63  24.87  24.13  24.28  7001400  24.28
2013-03-06  24.5  24.6  24.28  24.55  3478300  24.55
2013-03-05  24.76  24.78  24.3  24.41  4054500  24.41
2013-03-04  24.04  24.78  23.96  24.72  4512300  24.72
2013-03-01  24.13  24.25  23.88  24.08  4195100  24.08
2013-02-28  24.2  24.3  24.09  24.16  2681000  24.16
2013-02-27  23.88  24.27  23.88  24.18  3366900  24.18
2013-02-26  23.73  24.01  23.65  23.92  3918300  23.92
2013-02-25  24.01  24.13  23.59  23.59  3962900  23.59
2013-02-22  23.95  24.15  23.76  23.97  3401500  23.97
2013-02-21  23.81  23.97  23.49  23.85  4899000  23.85
2013-02-20  24.29  24.35  23.75  23.76  3699500  23.76
2013-02-19  24.37  24.37  23.29  24.3  8838200  24.3
2013-02-15  24.2  24.52  24.17  24.39  3879100  24.39
2013-02-14  24.07  24.23  24.03  24.16  2320300  24.16
2013-02-13  24.14  24.33  24.02  24.14  3523600  24.14
2013-02-12  23.76  24.14  23.71  24.04  3952400  24.04
2013-02-11  23.71  23.79  23.58  23.76  3472300  23.76
2013-02-08  23.39  23.74  23.35  23.71  2391900  23.71
2013-02-07  23.32  23.42  22.99  23.41  3287100  23.41
2013-02-06  22.99  23.37  22.8  23.32  4020600  23.32
2013-02-05  23.1  23.12  22.76  23.07  5792800  23.07
2013-02-04  22.17  23.29  22.13  23.15  7012600  23.15
2013-02-01  22.34  22.62  22.22  22.22  5349500  22.22
2013-01-31  22.33  22.47  22.11  22.13  5029400  22.13
2013-01-30  22.31  22.54  22.03  22.42  5516100  22.42
2013-01-29  22.02  22.29  21.85  22.27  6334800  22.27
2013-01-28  21.62  22.07  21.52  22.02  6758700  22.02
2013-01-25  21.19  21.71  21.1  21.7  8532400  21.7
2013-01-24  20.68  21.12  20.67  21.11  6885500  21.11
2013-01-23  20.27  20.74  20.17  20.66  12080200  20.66
2013-01-22  20.02  20.32  19.89  20.3  5151700  20.3
2013-01-18  19.73  20.02  19.58  19.98  4109300  19.98
2013-01-17  18.95  19.99  18.84  19.77  8763700  19.77
2013-01-16  18.65  18.85  18.65  18.84  1818300  18.84
2013-01-15  18.76  18.85  18.72  18.74  3273400  18.74
2013-01-14  19.26  19.26  18.64  18.86  4692300  18.86
2013-01-11  19.26  19.5  19.13  19.42  4589100  19.42
2013-01-10  18.96  19.32  18.95  19.24  4806300  19.24
2013-01-09  18.57  19.04  18.53  18.91  2400600  18.91
2013-01-08  18.57  18.7  18.51  18.52  3883000  18.52
2013-01-07  18.65  18.72  18.5  18.65  1759600  18.65
2013-01-04  18.66  18.71  18.54  18.71  2330400  18.71
2013-01-03  18.54  18.77  18.5  18.6  4968400  18.6
2013-01-02  18.33  18.57  18.33  18.52  4512900  18.52
2012-12-31  17.7  18.07  17.65  18.05  2878600  18.05
2012-12-28  17.84  17.88  17.68  17.73  2926700  17.73
2012-12-27  17.83  17.98  17.72  17.95  2693400  17.95
2012-12-26  18.06  18.13  17.68  17.79  2611600  17.79
2012-12-24  18.16  18.27  17.92  18.09  1881100  18.09
2012-12-21  18.37  18.48  18.12  18.12  5643600  18.12
2012-12-20  18.53  18.68  18.29  18.42  4612700  18.42
2012-12-19  18.58  18.78  18.41  18.5  5357100  18.5
2012-12-18  18.58  18.78  18.51  18.65  6638700  18.65
2012-12-17  18.15  18.52  18.11  18.52  2618200  18.52
2012-12-14  18.14  18.25  18.05  18.08  2268100  18.08
2012-12-13  18.07  18.31  17.98  18.15  2999200  18.15
2012-12-12  17.92  18.35  17.92  18.17  2632400  18.17
2012-12-11  17.98  18.06  17.78  17.87  2197600  17.87
2012-12-10  18.09  18.12  17.86  17.93  2292400  17.93
2012-12-07  17.71  18.13  17.69  18.07  2858400  18.07
2012-12-06  17.1  17.89  17.1  17.75  6693700  17.75
2012-12-05  17.16  17.17  16.73  16.88  3563400  16.88
2012-12-04  17.22  17.32  17.03  17.15  2252300  17.15
2012-12-03  17.41  17.44  17.23  17.26  1966000  17.26
2012-11-30  17.46  17.49  17.21  17.32  4344900  17.32
2012-11-29  17.44  17.54  17.33  17.45  1575300  17.45
2012-11-28  17.33  17.41  17.19  17.38  1938700  17.38
2012-11-27  17.41  17.53  17.35  17.41  1650500  17.41
2012-11-26  17.49  17.58  17.33  17.38  1518800  17.38
2012-11-23  17.35  17.53  17.26  17.52  722400  17.52
2012-11-21  17.25  17.34  17.18  17.28  1059200  17.28
2012-11-20  17.34  17.49  17.19  17.27  1864700  17.27
2012-11-19  17.27  17.44  17.19  17.32  1809100  17.32
2012-11-16  16.94  17.19  16.87  17.15  1825100  17.15
2012-11-15  16.93  17.05  16.78  16.93  2419500  16.93
2012-11-14  17.07  17.25  16.9  16.95  1751400  16.95
2012-11-13  17.04  17.34  17.04  17.12  2322800  17.12
2012-11-12  17.07  17.2  17.06  17.12  905800  17.12
2012-11-09  17.09  17.18  16.98  17.07  1349700  17.07
2012-11-08  17.24  17.33  17.09  17.09  1643400  17.09
2012-11-07  17.42  17.57  16.58  17.28  1802900  17.28
2012-11-06  17.4  17.66  17.34  17.56  2081900  17.56
2012-11-05  17.24  17.44  17.2  17.36  1272600  17.36
2012-11-02  17.47  17.57  17.2  17.22  4862400  17.22
2012-11-01  17.14  17.46  17.09  17.42  2861000  17.42
2012-10-31  17.06  17.21  16.87  17.01  3099600  17.01
2012-10-26  17.13  17.15  17.0  17.05  1767600  17.05
2012-10-25  16.99  17.17  16.96  17.11  1682400  17.11
2012-10-24  17.01  17.05  16.81  16.85  1929600  16.85
2012-10-23  16.87  17.05  16.81  16.99  2686100  16.99
2012-10-22  16.24  17.08  15.79  17.04  3911900  17.04
2012-10-19  16.47  16.56  16.43  16.44  2098300  16.44
2012-10-18  16.52  16.65  16.49  16.61  2009500  16.61
2012-10-17  16.53  16.62  16.45  16.52  1890900  16.52
2012-10-16  16.44  16.5  16.34  16.45  1769800  16.45
2012-10-15  16.38  16.43  16.18  16.36  2387400  16.36
2012-10-12  16.29  16.49  16.23  16.26  4622900  16.26
2012-10-11  16.19  16.35  16.03  16.3  4749800  16.3
2012-10-10  16.3  16.52  15.89  16.02  11638900  16.02
2012-10-09  17.13  17.13  16.88  16.93  2371800  16.93
2012-10-08  17.24  17.26  17.1  17.12  2266000  17.12
2012-10-05  17.22  17.34  17.14  17.26  2116700  17.26
2012-10-04  17.12  17.26  17.07  17.19  1909300  17.19
2012-10-03  16.97  17.17  16.96  17.05  2422700  17.05
2012-10-02  16.9  17.06  16.87  16.94  2978200  16.94
2012-10-01  16.71  17.04  16.6  16.95  4368100  16.95
2012-09-28  16.64  16.69  16.45  16.65  2885400  16.65
2012-09-27  16.43  16.74  16.31  16.65  4517900  16.65
2012-09-26  16.28  16.44  16.22  16.34  3026700  16.34
2012-09-25  16.5  16.51  16.27  16.29  4974800  16.29
2012-09-24  16.28  16.45  16.25  16.43  3695800  16.43
2012-09-21  16.46  16.48  16.32  16.33  3356000  16.33
2012-09-20  16.31  16.46  16.24  16.34  3209500  16.34
2012-09-19  16.2  16.44  16.14  16.36  3940200  16.36
2012-09-18  16.1  16.22  16.06  16.22  2516200  16.22
2012-09-17  16.21  16.24  15.94  16.05  3828600  16.05
2012-09-14  16.15  16.35  16.06  16.27  3395200  16.27
2012-09-13  15.86  16.11  15.77  16.09  3406900  16.09
2012-09-12  15.76  15.87  15.65  15.82  3326400  15.82
2012-09-11  15.64  15.72  15.49  15.67  4052700  15.67
2012-09-10  15.53  15.69  15.5  15.66  3898500  15.66
2012-09-07  15.4  15.53  15.31  15.5  2379500  15.5
2012-09-06  15.56  15.56  15.09  15.42  8056500  15.42
2012-09-05  15.64  15.65  15.38  15.4  2547500  15.4
2012-09-04  15.69  15.82  15.5  15.66  5641600  15.66
2012-08-31  15.76  15.84  15.63  15.72  5595000  15.72
2012-08-30  15.51  15.89  15.47  15.71  6874000  15.71
2012-08-29  15.36  15.6  15.32  15.51  1712500  15.51
2012-08-28  15.41  15.46  15.27  15.37  1872600  15.37
2012-08-27  15.51  15.58  15.4  15.41  1724500  15.41
2012-08-24  15.48  15.58  15.4  15.52  1853500  15.52
2012-08-23  15.73  15.73  15.53  15.54  2597100  15.54
2012-08-22  15.84  15.93  15.65  15.74  2561800  15.74
2012-08-21  16.1  16.15  15.87  15.89  3920100  15.89
2012-08-20  15.66  16.11  15.65  16.1  6404500  16.1
2012-08-17  15.67  15.73  15.57  15.64  2325200  15.64
2012-08-16  15.47  15.65  15.41  15.64  1795100  15.64
2012-08-15  15.38  15.45  15.34  15.44  1044500  15.44
2012-08-14  15.42  15.52  15.38  15.42  1726500  15.42
2012-08-13  15.23  15.39  15.2  15.39  1397600  15.39
2012-08-10  15.29  15.37  15.2  15.29  1173400  15.29
2012-08-09  15.2  15.37  15.13  15.3  2594600  15.3
2012-08-08  15.11  15.34  15.11  15.18  2962600  15.18
2012-08-07  15.16  15.24  15.06  15.13  3857200  15.13
2012-08-06  15.11  15.3  15.07  15.13  3206100  15.13
2012-08-03  14.99  15.22  14.94  15.1  2264300  15.1
2012-08-02  15.13  15.17  14.74  14.81  4463700  14.81
2012-08-01  15.35  15.39  15.19  15.19  6784100  15.19
2012-07-31  15.5  15.56  15.3  15.31  3489300  15.31
2012-07-30  15.41  15.58  15.39  15.51  2614300  15.51
2012-07-27  15.38  15.44  15.28  15.39  3970400  15.39
2012-07-26  15.41  15.43  15.27  15.28  3460800  15.28
2012-07-25  15.31  15.47  15.17  15.22  2335400  15.22
2012-07-24  15.52  15.55  15.12  15.24  3668800  15.24
2012-07-23  15.53  15.58  15.45  15.5  2017000  15.5
2012-07-20  15.67  15.79  15.64  15.71  2356900  15.71
2012-07-19  15.95  16.02  15.67  15.74  3286500  15.74
2012-07-18  15.78  15.98  15.77  15.89  5483000  15.89
2012-07-17  15.66  15.84  15.62  15.83  3619200  15.83
2012-07-16  15.62  15.76  15.6  15.62  2851200  15.62
2012-07-13  15.52  15.72  15.39  15.68  2591100  15.68
2012-07-12  15.21  15.55  15.19  15.46  4579900  15.46
2012-07-11  15.32  15.39  15.25  15.28  5948800  15.28
2012-07-10  15.32  15.38  15.17  15.22  6867800  15.22
2012-07-09  15.35  15.36  15.22  15.26  4533700  15.26
2012-07-06  15.21  15.34  15.16  15.33  4112700  15.33
2012-07-05  15.19  15.48  15.09  15.33  7448400  15.33
2012-07-03  15.17  15.27  15.09  15.17  5620400  15.17
2012-07-02  15.27  15.27  15.07  15.18  4779200  15.18
2012-06-29  15.28  15.45  15.15  15.17  5751900  15.17
2012-06-28  14.9  15.07  14.8  15.04  5707900  15.04
2012-06-27  14.74  15.17  14.61  14.87  9357600  14.87
2012-06-26  14.46  14.52  14.23  14.32  4766700  14.32
2012-06-25  14.56  14.63  14.35  14.44  2998400  14.44
2012-06-22  14.62  14.74  14.57  14.68  2687700  14.68
2012-06-21  14.8  14.85  14.53  14.54  2777200  14.54
2012-06-20  14.7  14.86  14.67  14.77  3182500  14.77
2012-06-19  14.82  14.86  14.63  14.67  3120800  14.67
2012-06-18  14.78  14.84  14.66  14.71  2164900  14.71
2012-06-15  14.65  14.81  14.59  14.81  2159700  14.81
2012-06-14  14.45  14.67  14.41  14.58  2588700  14.58
2012-06-13  14.34  14.53  14.24  14.39  2515700  14.39
2012-06-12  14.48  14.59  14.26  14.35  3398700  14.35
2012-06-11  14.78  14.83  14.44  14.46  2310600  14.46
2012-06-08  14.57  14.71  14.57  14.66  2416300  14.66
2012-06-07  14.89  14.91  14.59  14.64  2694100  14.64
2012-06-06  14.66  14.8  14.64  14.75  2785900  14.75
2012-06-05  14.35  14.58  14.34  14.55  3621100  14.55
2012-06-04  14.16  14.4  14.14  14.38  3813500  14.38
2012-06-01  14.1  14.29  14.08  14.11  3920800  14.11
2012-05-31  14.41  14.45  14.14  14.31  5092500  14.31
2012-05-30  14.35  14.47  14.22  14.41  3561600  14.41
2012-05-29  14.31  14.44  14.23  14.44  6320100  14.44
2012-05-25  14.08  14.32  14.08  14.23  12465800  14.23
2012-05-24  14.12  14.17  13.98  14.05  10505300  14.05
2012-05-23  13.71  14.09  13.7  14.08  2519700  14.08
2012-05-22  13.89  13.95  13.72  13.8  2276000  13.8
2012-05-21  13.61  13.88  13.61  13.85  2278500  13.85
2012-05-18  13.58  13.67  13.57  13.61  2931600  13.61
2012-05-17  13.75  13.76  13.57  13.57  3247400  13.57
2012-05-16  13.7  13.94  13.66  13.77  7437200  13.77
2012-05-15  13.61  13.69  13.56  13.67  4968100  13.67
2012-05-14  13.55  13.74  13.51  13.67  4435700  13.67
2012-05-11  13.58  13.69  13.51  13.65  4837200  13.65
2012-05-10  13.62  13.73  13.55  13.66  4007700  13.66
2012-05-09  13.45  13.68  13.45  13.61  4866000  13.61
2012-05-08  13.49  13.63  13.47  13.56  4379600  13.56
2012-05-07  13.59  13.64  13.55  13.57  3422000  13.57
2012-05-04  13.66  13.73  13.55  13.63  3958000  13.63
2012-05-03  13.7  13.77  13.62  13.69  3535500  13.69
2012-05-02  13.65  13.8  13.64  13.68  4412900  13.68
2012-05-01  13.81  13.82  13.64  13.74  6618900  13.74
2012-04-30  14.02  14.11  13.74  13.78  7239300  13.78
2012-04-27  14.01  14.06  13.89  14.02  6586300  14.02
2012-04-26  13.51  14.22  13.45  14.01  16719800  14.01
2012-04-25  15.73  15.84  15.55  15.69  2677200  15.69
2012-04-24  15.46  15.57  15.34  15.55  1712300  15.55
2012-04-23  15.6  15.65  15.31  15.43  2628000  15.43
2012-04-20  15.88  15.9  15.64  15.74  3181300  15.74
2012-04-19  15.98  16.03  15.77  15.82  3265000  15.82
2012-04-18  15.78  15.95  15.73  15.92  2504300  15.92
2012-04-17  15.76  15.88  15.64  15.86  1729300  15.86
2012-04-16  15.87  15.88  15.54  15.65  2241800  15.65
2012-04-13  15.89  16.04  15.79  15.82  5859700  15.82
2012-04-12  15.75  15.93  15.67  15.92  2183600  15.92
2012-04-11  15.74  15.82  15.62  15.75  2236000  15.75
2012-04-10  15.83  15.97  15.54  15.61  4174600  15.61
2012-04-09  15.78  15.78  15.62  15.71  1838800  15.71
2012-04-05  15.88  16.0  15.81  15.96  2433000  15.96
2012-04-04  15.96  16.03  15.85  15.92  3190100  15.92
2012-04-03  15.62  16.07  15.56  16.04  4569900  16.04
2012-04-02  15.4  15.78  15.38  15.63  2941700  15.63
2012-03-30  15.7  15.71  15.42  15.43  3322400  15.43
2012-03-29  15.69  15.72  15.51  15.65  2723600  15.65
2012-03-28  15.91  15.99  15.69  15.76  3211000  15.76
2012-03-27  15.95  16.05  15.88  15.92  4279400  15.92
2012-03-26  15.85  16.09  15.78  16.04  3526900  16.04
2012-03-23  15.78  15.79  15.59  15.74  1838000  15.74
2012-03-22  15.74  15.87  15.7  15.82  1853900  15.82
2012-03-21  16.06  16.06  15.76  15.84  2781300  15.84
2012-03-20  15.79  16.08  15.74  16.07  2969800  16.07
2012-03-19  15.79  15.95  15.78  15.85  1993000  15.85
2012-03-16  15.74  15.9  15.71  15.85  3104300  15.85
2012-03-15  15.44  15.7  15.4  15.69  2464200  15.69
2012-03-14  15.57  15.69  15.45  15.46  2364800  15.46
2012-03-13  15.35  15.59  15.17  15.57  2864400  15.57
2012-03-12  14.91  15.29  14.87  15.23  2533100  15.23
2012-03-09  14.91  15.04  14.77  14.9  2814200  14.9
2012-03-08  14.2  15.06  13.98  14.97  7975000  14.97
2012-03-07  14.8  14.85  14.52  14.68  3901400  14.68
2012-03-06  14.9  14.98  14.74  14.8  1613300  14.8
2012-03-05  15.06  15.09  14.91  14.99  1438000  14.99
2012-03-02  15.19  15.26  15.04  15.1  1602400  15.1
2012-03-01  15.08  15.27  15.05  15.21  2154400  15.21
2012-02-29  15.28  15.33  15.02  15.08  2569900  15.08
2012-02-28  15.24  15.47  15.19  15.29  2169100  15.29
2012-02-27  15.09  15.35  14.99  15.25  4877400  15.25
2012-02-24  15.14  15.25  15.05  15.16  1782600  15.16
2012-02-23  14.93  15.01  14.79  14.92  1530200  14.92
2012-02-22  15.06  15.17  14.85  14.98  1728900  14.98
2012-02-21  15.11  15.21  15.0  15.06  2291600  15.06
2012-02-17  15.09  15.2  14.83  14.99  2702000  14.99
2012-02-16  14.94  15.16  14.93  15.04  2307300  15.04
2012-02-15  15.05  15.1  14.84  14.91  2040000  14.91
2012-02-14  15.1  15.19  14.94  15.0  2593100  15.0
2012-02-13  15.41  15.41  14.94  15.2  4489300  15.2
2012-02-10  15.64  15.71  15.52  15.54  2349400  15.54
2012-02-09  15.89  15.9  15.69  15.75  2808300  15.75
2012-02-08  15.87  15.97  15.69  15.88  2277800  15.88
2012-02-07  15.92  15.98  15.85  15.86  2047500  15.86
2012-02-06  15.89  15.91  15.78  15.91  1496100  15.91
2012-02-03  15.74  16.15  15.73  15.91  2340700  15.91
2012-02-02  15.76  15.76  15.53  15.57  2070400  15.57
2012-02-01  15.27  15.9  15.21  15.73  3919100  15.73
2012-01-31  15.4  15.53  15.08  15.14  3271800  15.14
2012-01-30  15.42  15.44  15.28  15.34  2313100  15.34
2012-01-27  15.62  15.71  15.37  15.52  1866600  15.52
2012-01-26  15.71  15.82  15.57  15.66  2408900  15.66
2012-01-25  15.61  15.76  15.44  15.64  3288500  15.64
2012-01-24  15.58  15.73  15.56  15.61  4589000  15.61
2012-01-23  15.26  15.73  15.25  15.66  3389100  15.66
2012-01-20  15.07  15.28  15.03  15.26  2111300  15.26
2012-01-19  15.09  15.13  15.0  15.04  1794000  15.04
2012-01-18  15.03  15.14  14.89  15.04  2836800  15.04
2012-01-17  15.36  15.4  14.91  15.0  2633000  15.0
2012-01-13  15.06  15.22  14.99  15.17  1459200  15.17
2012-01-12  15.18  15.22  15.02  15.17  1248300  15.17
2012-01-11  15.01  15.19  15.01  15.14  1324900  15.14
2012-01-10  15.2  15.2  15.03  15.04  2100000  15.04
2012-01-09  15.08  15.13  14.9  15.05  1312600  15.05
2012-01-06  15.01  15.11  14.94  15.05  1632500  15.05
2012-01-05  14.8  15.13  14.8  15.03  2685700  15.03
2012-01-04  15.03  15.11  14.8  14.92  2694200  14.92
2012-01-03  15.41  15.67  15.02  15.03  2389900  15.03
2011-12-30  15.02  15.4  14.94  15.11  3266400  15.11
2011-12-29  14.68  15.11  14.61  15.05  3647500  15.05
2011-12-28  14.81  14.85  14.65  14.68  1784300  14.68
2011-12-27  14.86  14.97  14.78  14.8  2409400  14.8
2011-12-23  14.78  14.9  14.71  14.88  1839300  14.88
2011-12-22  14.51  14.8  14.48  14.71  2760600  14.71
2011-12-21  14.27  14.47  14.25  14.43  2036900  14.43
2011-12-20  14.01  14.3  13.92  14.23  3223400  14.23
2011-12-19  14.15  14.15  13.8  13.85  2267400  13.85
2011-12-16  14.13  14.15  13.82  14.02  5263900  14.02
2011-12-15  14.18  14.19  13.95  14.02  2349900  14.02
2011-12-14  14.33  14.37  13.98  14.03  3991500  14.03
2011-12-13  14.56  14.61  14.25  14.35  2448600  14.35
2011-12-12  14.42  14.49  14.2  14.47  3217800  14.47
2011-12-09  14.3  14.59  14.22  14.54  2956500  14.54
2011-12-08  14.2  14.31  13.98  14.22  4668600  14.22
2011-12-07  13.79  14.3  13.79  14.22  5106500  14.22
2011-12-06  13.6  14.27  13.48  13.81  4594700  13.81
2011-12-05  13.88  13.97  13.49  13.6  5246900  13.6
2011-12-02  14.13  14.41  13.19  13.72  11424600  13.72
2011-12-01  14.38  14.77  14.29  14.66  3255800  14.66
2011-11-30  14.24  14.48  14.24  14.36  5234300  14.36
2011-11-29  13.71  14.03  13.62  13.86  2040200  13.86
2011-11-28  13.5  13.64  13.4  13.64  2949200  13.64
2011-11-25  13.31  13.36  13.16  13.16  831500  13.16
2011-11-23  13.66  13.68  13.25  13.29  2314900  13.29
2011-11-22  13.77  13.93  13.77  13.82  3288200  13.82
2011-11-21  13.93  14.01  13.69  13.77  2876400  13.77
2011-11-18  14.18  14.24  14.03  14.13  2166000  14.13
2011-11-17  14.12  14.31  13.95  14.07  2577900  14.07
2011-11-16  14.37  14.46  14.14  14.15  2632900  14.15
2011-11-15  14.17  14.6  14.15  14.55  3070000  14.55
2011-11-14  14.44  14.44  14.13  14.25  2104000  14.25
2011-11-11  14.35  14.58  14.31  14.53  1271600  14.53
2011-11-10  14.2  14.24  14.02  14.18  1977500  14.18
2011-11-09  14.27  14.31  13.88  14.01  3896800  14.01
2011-11-08  14.14  14.22  13.86  14.18  1712400  14.18
2011-11-07  13.99  14.22  13.81  14.07  1396500  14.07
2011-11-04  13.85  14.01  13.76  13.98  1742600  13.98
2011-11-03  13.89  14.06  13.57  14.02  2694000  14.02
2011-11-02  13.75  13.82  13.56  13.71  2468800  13.71
2011-11-01  13.62  13.83  13.52  13.6  3577200  13.6
2011-10-31  13.91  14.06  13.79  13.96  3255500  13.96
2011-10-28  14.05  14.12  13.92  14.1  2211400  14.1
2011-10-27  14.08  14.17  13.78  13.95  4231300  13.95
2011-10-26  13.54  13.72  13.31  13.6  2851200  13.6
2011-10-25  13.61  13.72  13.26  13.29  1921300  13.29
2011-10-24  13.23  13.68  13.21  13.67  2346200  13.67
2011-10-21  13.16  13.22  13.05  13.16  4009100  13.16
2011-10-20  12.99  13.09  12.8  12.97  2422200  12.97
2011-10-19  13.15  13.31  12.9  12.94  2407300  12.94
2011-10-18  12.94  13.27  12.85  13.12  3965400  13.12
2011-10-17  13.52  13.54  12.95  12.97  3982500  12.97
2011-10-14  13.67  13.69  13.43  13.59  1967300  13.59
2011-10-13  13.46  13.55  13.33  13.44  2776500  13.44
2011-10-12  13.55  13.69  13.35  13.53  3726400  13.53
2011-10-11  13.07  13.48  12.96  13.43  2884100  13.43
2011-10-10  12.9  13.16  12.87  13.16  2613900  13.16
2011-10-07  12.74  12.82  12.52  12.61  2368600  12.61
2011-10-06  12.47  12.67  12.4  12.66  3334600  12.66
2011-10-05  12.4  12.6  12.28  12.51  4304800  12.51
2011-10-04  11.84  12.36  11.7  12.34  5700000  12.34
2011-10-03  12.07  12.39  11.88  11.98  4539800  11.98
2011-09-30  12.35  12.45  12.15  12.15  2508100  12.15
2011-09-29  12.6  12.66  12.3  12.54  3200400  12.54
2011-09-28  12.6  12.73  12.33  12.34  3231400  12.34
2011-09-27  12.8  12.9  12.5  12.56  2614700  12.56
2011-09-26  12.37  12.57  12.0  12.56  4220000  12.56
2011-09-23  11.96  12.18  11.9  12.17  3787800  12.17
2011-09-22  11.64  12.14  11.62  11.99  7184300  11.99
2011-09-21  12.9  12.92  12.0  12.02  6037200  12.02
2011-09-20  12.89  13.25  12.73  12.87  5261900  12.87
2011-09-19  12.66  12.98  12.56  12.87  4482900  12.87
2011-09-16  13.07  13.12  12.78  12.9  4142000  12.9
2011-09-15  12.6  13.12  12.49  12.97  6883700  12.97
2011-09-14  12.13  12.55  11.95  12.46  4521700  12.46
2011-09-13  11.97  12.15  11.85  12.04  3340100  12.04
2011-09-12  11.77  11.99  11.59  11.97  5282200  11.97
2011-09-09  12.32  12.39  11.8  11.85  6872400  11.85
2011-09-08  12.67  12.7  12.24  12.27  5442000  12.27
2011-09-07  12.34  12.88  12.21  12.76  6507700  12.76
2011-09-06  11.7  12.2  11.69  12.18  7090300  12.18
2011-09-02  12.52  13.37  11.9  12.11  13583500  12.11
2011-09-01  13.69  14.0  13.52  13.7  3813200  13.7
2011-08-31  13.71  13.85  13.51  13.65  2950800  13.65
2011-08-30  13.41  13.68  13.37  13.6  4637300  13.6
2011-08-29  12.79  13.52  12.73  13.5  4165200  13.5
2011-08-26  12.15  12.67  11.84  12.6  3664800  12.6
2011-08-25  13.06  13.06  12.2  12.23  5329800  12.23
2011-08-24  12.95  13.21  12.84  12.95  5552500  12.95
2011-08-23  12.18  13.0  12.16  12.99  5621800  12.99
2011-08-22  12.25  12.27  11.97  12.1  2540300  12.1
2011-08-19  12.0  12.29  11.93  11.97  2631300  11.97
2011-08-18  12.33  12.39  11.97  12.11  6850000  12.11
2011-08-17  12.74  12.85  12.54  12.67  2314200  12.67
2011-08-16  12.61  12.78  12.36  12.65  4049000  12.65
2011-08-15  12.31  12.66  12.28  12.64  2571100  12.64
2011-08-12  12.41  12.48  12.1  12.19  3130500  12.19
2011-08-11  11.63  12.52  11.6  12.38  4015800  12.38
2011-08-10  11.77  12.05  11.56  11.6  5738800  11.6
2011-08-09  11.61  12.03  11.32  12.02  7578100  12.02
2011-08-08  11.89  12.23  11.37  11.49  5656500  11.49
2011-08-05  12.72  12.81  12.08  12.39  6553300  12.39
2011-08-04  12.78  12.95  12.56  12.58  5084000  12.58
2011-08-03  12.81  12.95  12.64  12.93  3227700  12.93
2011-08-02  13.04  13.16  12.84  12.84  3391900  12.84
2011-08-01  13.59  13.59  13.09  13.14  3209400  13.14
2011-07-29  13.38  13.55  13.26  13.51  3122300  13.51
2011-07-28  13.55  13.68  13.38  13.51  2004800  13.51
2011-07-27  13.79  13.83  13.49  13.57  3281300  13.57
2011-07-26  14.0  14.02  13.84  13.85  1785700  13.85
2011-07-25  13.88  14.03  13.86  13.96  1670200  13.96
2011-07-22  13.95  14.09  13.77  14.0  1264900  14.0
2011-07-21  13.89  13.99  13.74  13.97  2419000  13.97
2011-07-20  13.8  13.86  13.68  13.79  2629100  13.79
2011-07-19  13.7  13.81  13.54  13.75  3546900  13.75
2011-07-18  13.8  13.82  13.58  13.67  2262600  13.67
2011-07-15  14.0  14.02  13.74  13.88  2330800  13.88
2011-07-14  14.29  14.29  13.89  13.94  3388400  13.94
2011-07-13  14.29  14.34  14.21  14.24  2727500  14.24
2011-07-12  14.19  14.31  14.08  14.23  3101500  14.23
2011-07-11  14.42  14.55  14.16  14.24  2760600  14.24
2011-07-08  14.63  14.66  14.44  14.55  3527300  14.55
2011-07-07  14.78  14.86  14.69  14.78  5105000  14.78
2011-07-06  14.49  14.67  14.4  14.67  3177400  14.67
2011-07-05  14.67  14.68  14.48  14.51  3433300  14.51
2011-07-01  14.51  14.81  14.5  14.72  3375600  14.72
2011-06-30  14.63  14.69  14.48  14.48  4100100  14.48
2011-06-29  14.71  14.71  14.25  14.6  4852500  14.6
2011-06-28  14.45  14.69  14.44  14.67  5196500  14.67
2011-06-27  14.24  14.53  14.24  14.39  5266700  14.39
2011-06-24  14.77  14.92  14.25  14.31  8985000  14.31
2011-06-23  14.28  14.55  14.04  14.51  4781200  14.51
2011-06-22  14.42  14.61  14.37  14.5  3534300  14.5
2011-06-21  14.12  14.47  14.12  14.44  2932700  14.44
2011-06-20  13.85  14.14  13.8  14.04  1982500  14.04
2011-06-17  13.96  14.0  13.78  13.9  2533500  13.9
2011-06-16  13.88  14.02  13.72  13.88  2452700  13.88
2011-06-15  14.16  14.32  13.86  13.92  3349200  13.92
2011-06-14  14.01  14.28  13.99  14.25  3011000  14.25
2011-06-13  13.89  14.0  13.76  13.89  1990100  13.89
2011-06-10  14.17  14.25  13.87  13.89  3457400  13.89
2011-06-09  14.1  14.31  14.1  14.24  2027600  14.24
2011-06-08  14.29  14.38  13.98  14.07  3960400  14.07
2011-06-07  14.28  14.44  14.22  14.25  2886700  14.25
2011-06-06  14.35  14.44  14.16  14.21  2417600  14.21
2011-06-03  14.32  14.69  14.29  14.41  2976100  14.41
2011-06-02  14.5  14.59  14.36  14.44  3394700  14.44
2011-06-01  14.47  14.55  14.31  14.51  4857700  14.51
2011-05-31  14.37  14.49  14.27  14.49  2760900  14.49
2011-05-27  14.23  14.34  14.17  14.28  2756800  14.28
2011-05-26  14.24  14.35  14.16  14.22  4858400  14.22
2011-05-25  14.25  14.77  14.23  14.25  5382100  14.25
2011-05-24  14.52  15.03  14.35  14.85  5171700  14.85
2011-05-23  14.47  14.62  13.99  14.54  5115500  14.54
2011-05-20  14.56  14.76  14.52  14.6  2477800  14.6
2011-05-19  14.85  14.85  14.53  14.63  2677800  14.63
2011-05-18  14.36  14.84  14.23  14.75  5876000  14.75
2011-05-17  14.07  14.35  13.98  14.35  4537700  14.35
2011-05-16  14.13  14.33  14.07  14.19  3709300  14.19
2011-05-13  14.21  14.39  14.1  14.15  3442100  14.15
2011-05-12  14.13  14.27  13.73  14.27  8334100  14.27
2011-05-11  13.99  14.43  13.93  14.18  5567900  14.18
2011-05-10  14.18  14.24  13.6  13.99  14412000  13.99
2011-05-09  15.39  15.48  13.97  14.25  17938000  14.25
2011-05-06  15.5  15.68  15.39  15.42  4268500  15.42
2011-05-05  15.16  15.44  14.91  15.38  6278500  15.38
2011-05-04  15.42  15.6  15.11  15.18  4746500  15.18
2011-05-03  15.56  15.63  15.34  15.42  3915500  15.42
2011-05-02  15.59  15.87  15.56  15.63  5496000  15.63
2011-04-29  15.81  15.85  15.45  15.46  3452100  15.46
2011-04-28  15.7  15.95  15.61  15.74  4385200  15.74
2011-04-27  15.87  15.87  15.37  15.66  7445600  15.66
2011-04-26  16.07  16.07  15.84  15.93  2900000  15.93
2011-04-25  15.8  16.01  15.8  15.99  4053600  15.99
2011-04-21  15.92  16.08  15.75  15.78  3607800  15.78
2011-04-20  15.97  16.03  15.83  15.94  3538100  15.94
2011-04-19  15.86  15.98  15.64  15.82  2601000  15.82
2011-04-18  15.65  15.82  15.55  15.8  3402800  15.8
2011-04-15  15.67  15.87  15.65  15.79  3529600  15.79
2011-04-14  15.64  15.9  15.61  15.74  3695800  15.74
2011-04-13  15.55  15.96  15.55  15.75  5074600  15.75
2011-04-12  15.39  15.67  15.33  15.48  6110700  15.48
2011-04-11  15.55  15.79  15.5  15.56  5137700  15.56
2011-04-08  15.96  16.1  15.45  15.58  5750000  15.58
2011-04-07  15.6  16.1  15.56  16.07  8042700  16.07
2011-04-06  15.91  15.92  15.58  15.67  9002400  15.67
2011-04-05  15.61  16.09  15.61  15.91  5556600  15.91
2011-04-04  15.59  16.07  15.52  15.8  8531400  15.8
2011-04-01  15.1  15.89  15.1  15.6  7016200  15.6
2011-03-31  14.95  15.15  14.93  14.97  4163400  14.97
2011-03-30  15.06  15.2  14.97  14.99  4238800  14.99
2011-03-29  14.88  15.13  14.85  15.02  3189400  15.02
2011-03-28  14.85  14.97  14.79  14.89  3089300  14.89
2011-03-25  14.76  14.85  14.58  14.81  2371100  14.81
2011-03-24  14.59  14.77  14.54  14.73  3418200  14.73
2011-03-23  14.36  14.57  14.12  14.54  3549700  14.54
2011-03-22  14.5  14.6  14.36  14.41  4814500  14.41
2011-03-21  14.48  14.66  14.42  14.51  7099800  14.51
2011-03-18  14.33  14.41  14.23  14.37  6443000  14.37
2011-03-17  14.27  14.39  14.12  14.21  5102100  14.21
2011-03-16  14.22  14.4  13.96  14.15  7588000  14.15
2011-03-15  14.0  14.36  13.87  14.23  4989100  14.23
2011-03-14  14.03  14.52  13.96  14.36  8239400  14.36
2011-03-11  13.95  14.38  13.94  14.15  7069500  14.15
2011-03-10  14.17  14.7  13.93  14.16  14676400  14.16
2011-03-09  13.37  13.61  13.32  13.58  6158600  13.58
2011-03-08  13.0  13.59  12.97  13.43  5767200  13.43
2011-03-07  12.87  13.08  12.81  12.94  4466800  12.94
2011-03-04  13.0  13.1  12.67  12.81  4307100  12.81
2011-03-03  13.03  13.09  12.82  13.01  3956100  13.01
2011-03-02  13.02  13.09  12.81  12.9  4343700  12.9
2011-03-01  13.41  13.46  12.9  13.03  6858400  13.03
2011-02-28  13.45  13.49  13.15  13.44  4748600  13.44
2011-02-25  13.23  13.46  13.15  13.44  4534600  13.44
2011-02-24  12.83  13.7  12.83  13.2  13198200  13.2
2011-02-23  12.54  12.82  12.42  12.55  4265900  12.55
2011-02-22  12.71  13.07  12.46  12.52  6546400  12.52
2011-02-18  12.61  12.88  12.57  12.87  4179200  12.87
2011-02-17  12.47  13.04  12.47  12.59  7194200  12.59
2011-02-16  12.35  12.64  12.19  12.45  7508400  12.45
2011-02-15  11.63  12.34  11.62  12.33  10271700  12.33
2011-02-14  11.73  11.89  11.58  11.68  3281600  11.68
2011-02-11  11.66  11.77  11.47  11.73  3322300  11.73
2011-02-10  11.68  11.72  11.45  11.63  3349800  11.63
2011-02-09  11.29  11.77  11.25  11.71  5617600  11.71
2011-02-08  11.33  11.42  11.26  11.3  4927000  11.3
2011-02-07  11.39  11.49  11.29  11.33  2084500  11.33
2011-02-04  11.37  11.39  11.22  11.35  2757800  11.35
2011-02-03  11.35  11.45  11.27  11.28  3870200  11.28
2011-02-02  11.2  11.39  11.16  11.35  3158600  11.35
2011-02-01  11.15  11.27  11.02  11.21  4158000  11.21
2011-01-31  11.11  11.26  10.97  11.08  5547900  11.08
2011-01-28  11.6  11.6  10.97  11.06  10742700  11.06
2011-01-27  11.63  11.72  11.41  11.6  4759000  11.6
2011-01-26  11.6  11.65  11.38  11.57  4879500  11.57
2011-01-25  11.73  11.86  11.3  11.57  6572100  11.57
2011-01-24  12.17  12.19  11.56  11.69  6765900  11.69
2011-01-21  12.0  12.21  11.96  12.2  6526900  12.2
2011-01-20  11.5  11.75  11.46  11.69  6359300  11.69
2011-01-19  11.62  11.64  11.45  11.56  3840100  11.56
2011-01-18  11.35  11.64  11.34  11.61  5740100  11.61
2011-01-14  11.07  11.34  11.06  11.34  3458600  11.34
2011-01-13  11.19  11.19  10.97  11.09  4216000  11.09
2011-01-12  11.34  11.34  11.14  11.18  4136000  11.18
2011-01-11  11.23  11.32  11.03  11.28  6536100  11.28
2011-01-10  11.28  11.28  10.98  11.21  4962600  11.21
2011-01-07  11.17  11.32  10.89  11.31  6935500  11.31
2011-01-06  11.13  11.28  11.06  11.14  3260900  11.14
2011-01-05  10.84  11.22  10.84  11.14  4604000  11.14
2011-01-04  11.08  11.15  10.89  10.89  5579900  10.89
2011-01-03  10.75  11.36  10.54  11.05  8481500  11.05
2010-12-31  10.42  10.57  10.34  10.54  3577300  10.54
2010-12-30  10.42  10.48  10.34  10.44  3351200  10.44
2010-12-29  10.54  10.57  10.32  10.42  4627100  10.42
2010-12-28  10.51  10.62  10.38  10.47  8359700  10.47
2010-12-27  10.59  10.62  10.11  10.44  12781000  10.44
2010-12-23  11.4  11.44  11.19  11.23  2804000  11.23
2010-12-22  11.36  11.45  11.33  11.42  2329300  11.42
2010-12-21  11.46  11.5  11.32  11.36  3480500  11.36
2010-12-20  11.48  11.64  11.43  11.45  2916400  11.45
2010-12-17  11.46  11.53  11.36  11.5  4307700  11.5
2010-12-16  11.65  11.67  11.44  11.48  4145600  11.48
2010-12-15  11.57  11.65  11.46  11.54  3638500  11.54
2010-12-14  11.76  11.78  11.56  11.62  4658300  11.62
2010-12-13  11.58  11.92  11.48  11.77  5145100  11.77
2010-12-10  11.56  11.56  11.44  11.54  3882200  11.54
2010-12-09  11.46  11.64  11.35  11.56  6211400  11.56
2010-12-08  11.96  11.97  10.79  11.13  14260000  11.13
2010-12-07  11.54  12.0  11.54  11.85  8363300  11.85
2010-12-06  11.53  11.58  11.17  11.39  8174700  11.39
2010-12-03  11.66  11.73  11.49  11.51  6441100  11.51
2010-12-02  11.15  11.91  11.09  11.69  8251400  11.69
2010-12-01  11.16  11.26  11.0  11.1  6022700  11.1
2010-11-30  11.14  11.32  10.98  11.01  7681400  11.01
2010-11-29  11.06  11.26  11.04  11.22  3220600  11.22
2010-11-26  11.15  11.21  11.11  11.17  1014100  11.17
2010-11-24  11.07  11.26  11.07  11.21  3388900  11.21
2010-11-23  11.03  11.09  10.82  11.08  4776300  11.08
2010-11-22  10.94  11.16  10.82  11.16  4214600  11.16
2010-11-19  10.94  11.0  10.5  10.99  7826100  10.99
2010-11-18  10.99  11.32  10.91  10.96  5164700  10.96
2010-11-17  10.92  11.01  10.77  10.83  4453100  10.83
2010-11-16  11.08  11.17  10.73  10.9  5779300  10.9
2010-11-15  11.31  11.45  11.2  11.21  5026900  11.21
2010-11-12  11.15  11.55  11.02  11.24  8653500  11.24
2010-11-11  10.66  11.37  10.59  11.2  9827100  11.2
2010-11-10  10.74  10.75  10.37  10.72  7625500  10.72
2010-11-09  10.85  10.95  10.63  10.71  4544300  10.71
2010-11-08  10.78  10.96  10.51  10.8  5994800  10.8
2010-11-05  10.42  11.26  10.42  10.69  14051900  10.69
2010-11-04  10.26  10.37  9.76  10.29  10534700  10.29
2010-11-03  10.12  10.28  10.03  10.19  4091900  10.19
2010-11-02  10.32  10.32  10.0  10.15  6397400  10.15
2010-11-01  10.44  10.45  10.05  10.15  7518400  10.15
2010-10-29  10.17  10.36  10.07  10.3  8025500  10.3
2010-10-28  10.07  10.21  9.93  10.18  8693800  10.18
2010-10-27  9.74  10.11  9.65  10.04  12698600  10.04
2010-10-26  9.46  9.86  9.36  9.81  11393300  9.81
2010-10-25  9.59  9.79  9.41  9.43  10685400  9.43
2010-10-22  9.33  9.45  9.15  9.43  9262300  9.43
2010-10-21  9.53  9.86  9.12  9.29  13165600  9.29
2010-10-20  9.49  9.69  8.86  9.38  23376000  9.38
2010-10-19  9.58  9.75  9.4  9.49  21031600  9.49
2010-10-18  10.74  10.81  9.41  9.57  23898700  9.57
2010-10-15  10.86  10.92  9.97  10.81  16861800  10.81
2010-10-14  11.79  11.99  10.73  10.77  19346400  10.77
2010-10-13  12.44  12.49  11.97  11.97  9558100  11.97
2010-10-12  12.45  12.5  12.27  12.37  4211000  12.37
2010-10-11  12.05  12.49  12.05  12.43  8650500  12.43
2010-10-08  11.32  12.21  11.29  12.09  12476300  12.09
2010-10-07  11.36  11.49  11.14  11.25  3008800  11.25
2010-10-06  11.12  11.3  11.02  11.29  4348500  11.29
2010-10-05  11.0  11.15  10.88  11.12  4086900  11.12
2010-10-04  10.97  11.03  10.72  10.85  5884400  10.85
2010-10-01  11.42  11.45  10.78  11.01  7706400  11.01
2010-09-30  11.2  11.39  11.1  11.33  6671600  11.33
2010-09-29  11.19  11.19  10.93  11.09  5719800  11.09
2010-09-28  11.28  11.28  10.95  11.19  4611900  11.19
2010-09-27  11.41  11.43  11.11  11.14  3495600  11.14
2010-09-24  11.3  11.45  11.26  11.43  3528800  11.43
2010-09-23  11.24  11.32  11.1  11.14  3494600  11.14
2010-09-22  11.29  11.45  11.26  11.29  2123800  11.29
2010-09-21  11.61  11.66  11.17  11.28  4824200  11.28
2010-09-20  11.37  11.62  11.37  11.57  2421500  11.57
2010-09-17  11.5  11.5  11.34  11.35  4619800  11.35
2010-09-16  11.5  11.53  11.28  11.34  2571400  11.34
2010-09-15  11.21  11.52  11.13  11.51  7051200  11.51
2010-09-14  11.26  11.26  11.02  11.23  4125600  11.23
2010-09-13  11.39  11.5  11.19  11.26  3846200  11.26
2010-09-10  11.31  11.37  11.17  11.31  4337800  11.31
2010-09-09  11.3  11.39  11.1  11.31  7067400  11.31
2010-09-08  10.58  11.33  10.48  11.27  10955600  11.27
2010-09-07  11.44  11.45  10.76  10.81  8153100  10.81
2010-09-03  11.57  11.91  11.23  11.49  12734100  11.49
2010-09-02  11.22  11.22  10.81  10.86  14084200  10.86
2010-09-01  11.22  11.28  11.09  11.18  5929800  11.18
2010-08-31  11.49  11.5  10.84  11.09  10535300  11.09
2010-08-30  11.76  11.8  11.53  11.55  3880700  11.55
2010-08-27  11.69  11.77  11.39  11.74  3924400  11.74
2010-08-26  11.68  11.74  11.57  11.64  4248100  11.64
2010-08-25  11.51  11.67  11.44  11.58  3786100  11.58
2010-08-24  11.73  11.79  11.55  11.55  2438300  11.55
2010-08-23  11.66  11.9  11.66  11.8  3173800  11.8
2010-08-20  11.75  11.77  11.61  11.64  4140800  11.64
2010-08-19  11.98  12.02  11.75  11.86  2250000  11.86
2010-08-18  12.14  12.17  11.83  12.04  3301900  12.04
2010-08-17  12.25  12.31  12.1  12.11  2513300  12.11
2010-08-16  12.18  12.21  12.08  12.15  1722400  12.15
2010-08-13  12.28  12.31  12.1  12.21  2421900  12.21
2010-08-12  12.19  12.3  12.1  12.3  3869600  12.3
2010-08-11  12.57  12.6  12.28  12.28  3920900  12.28
2010-08-10  12.67  12.82  12.64  12.73  2561200  12.73
2010-08-09  12.87  12.91  12.69  12.77  2854900  12.77
2010-08-06  12.86  13.02  12.7  12.85  4171400  12.85
2010-08-05  13.23  13.38  12.94  12.97  7161600  12.97
2010-08-04  13.52  13.57  13.25  13.32  3946000  13.32
2010-08-03  13.62  13.66  13.43  13.46  2224200  13.46
2010-08-02  13.65  13.8  13.55  13.68  2825100  13.68
2010-07-30  13.27  13.61  13.15  13.55  5957700  13.55
2010-07-29  13.46  13.54  13.31  13.35  5756200  13.35
2010-07-28  13.41  13.61  13.35  13.38  5134800  13.38
2010-07-27  13.51  13.56  13.41  13.51  7510900  13.51
2010-07-26  13.25  13.5  13.16  13.41  8654200  13.41
2010-07-23  13.0  13.19  12.92  13.16  6524200  13.16
2010-07-22  12.9  13.06  12.82  13.01  5799300  13.01
2010-07-21  12.68  12.98  12.62  12.82  5912800  12.82
2010-07-20  12.53  12.72  12.25  12.69  7110400  12.69
2010-07-19  12.34  12.75  12.32  12.63  10664100  12.63
2010-07-16  12.59  12.61  12.08  12.08  5494000  12.08
2010-07-15  12.5  12.64  12.36  12.63  5606000  12.63
2010-07-14  12.64  12.67  12.41  12.5  3765200  12.5
2010-07-13  12.54  12.73  12.5  12.6  5563200  12.6
2010-07-12  12.59  12.66  12.2  12.42  6223800  12.42
2010-07-09  12.26  12.72  12.2  12.62  6917200  12.62
2010-07-08  12.52  12.53  11.62  12.29  22363100  12.29
2010-07-07  13.21  13.42  13.1  13.39  4783600  13.39
2010-07-06  13.3  13.57  13.12  13.22  2965500  13.22
2010-07-02  13.45  13.51  13.13  13.17  3279000  13.17
2010-07-01  13.57  13.59  13.18  13.42  4959600  13.42
2010-06-30  13.59  13.74  13.47  13.56  4051800  13.56
2010-06-29  13.85  13.89  13.41  13.58  4823400  13.58
2010-06-28  13.56  14.19  13.53  14.04  9904400  14.04
2010-06-25  13.04  13.87  12.99  13.44  13441000  13.44
2010-06-24  13.23  13.23  12.89  12.93  3736600  12.93
2010-06-23  13.18  13.38  13.09  13.28  3397300  13.28
2010-06-22  13.61  13.62  13.19  13.2  3656000  13.2
2010-06-21  13.73  13.83  13.51  13.57  2269400  13.57
2010-06-18  13.8  13.8  13.55  13.65  3163200  13.65
2010-06-17  13.8  13.8  13.55  13.77  2321400  13.77
2010-06-16  13.74  13.76  13.62  13.71  2511500  13.71
2010-06-15  13.72  13.82  13.63  13.82  3403700  13.82
2010-06-14  13.71  13.85  13.58  13.6  3389500  13.6
2010-06-11  13.62  13.73  13.55  13.71  2632200  13.71
2010-06-10  13.26  13.73  13.26  13.71  5494500  13.71
2010-06-09  13.42  13.6  13.05  13.11  4062400  13.11
2010-06-08  13.24  13.45  13.19  13.42  3784100  13.42
2010-06-07  13.57  13.64  13.31  13.31  2661100  13.31
2010-06-04  13.72  13.87  13.42  13.46  2881500  13.46
2010-06-03  13.88  13.99  13.83  13.98  3162900  13.98
2010-06-02  13.61  13.81  13.57  13.81  2194000  13.81
2010-06-01  13.66  13.88  13.55  13.55  1881300  13.55
2010-05-28  13.91  13.91  13.7  13.76  2368300  13.76
2010-05-27  13.75  13.91  13.68  13.9  2070500  13.9
2010-05-26  13.66  13.77  13.47  13.56  3236500  13.56
2010-05-25  13.51  13.62  13.36  13.6  3489200  13.6
2010-05-24  13.96  14.05  13.74  13.74  2644200  13.74
2010-05-21  13.48  14.02  13.48  14.01  3243400  14.01
2010-05-20  14.17  14.17  13.74  13.74  2730300  13.74
2010-05-19  14.25  14.54  14.19  14.4  4055100  14.4
2010-05-18  14.66  14.71  14.28  14.33  3112200  14.33
2010-05-17  14.59  14.94  14.28  14.58  3106400  14.58
2010-05-14  14.66  14.82  14.43  14.52  2668700  14.52
2010-05-13  14.89  15.01  14.75  14.78  3335600  14.78
2010-05-12  14.91  15.02  14.85  14.88  5235600  14.88
2010-05-11  15.35  15.4  14.81  14.84  6628600  14.84
2010-05-10  15.13  15.47  15.12  15.4  3345200  15.4
2010-05-07  14.86  15.03  14.38  14.7  6620800  14.7
2010-05-06  15.65  15.74  14.43  14.89  5362400  14.89
2010-05-05  15.83  15.97  15.61  15.7  3156600  15.7
2010-05-04  16.06  16.14  15.78  15.87  3119300  15.87
2010-05-03  15.69  16.25  15.66  16.19  4197400  16.19
2010-04-30  16.2  16.23  15.66  15.67  4558200  15.67
2010-04-29  15.74  16.21  15.65  16.18  6163800  16.18
2010-04-28  15.45  15.85  15.43  15.7  6484800  15.7
2010-04-27  15.58  15.87  15.27  15.46  7546900  15.46
2010-04-26  15.4  15.46  15.17  15.2  3880700  15.2
2010-04-23  15.07  15.48  14.91  15.46  3888700  15.46
2010-04-22  15.27  15.32  15.01  15.12  4043600  15.12
2010-04-21  15.47  15.49  15.09  15.17  4305300  15.17
2010-04-20  15.47  15.51  15.34  15.5  2677600  15.5
2010-04-19  15.36  15.46  15.22  15.4  4198400  15.4
2010-04-16  15.21  15.39  15.08  15.35  5973100  15.35
2010-04-15  15.42  15.43  15.24  15.25  4625800  15.25
2010-04-14  15.68  15.75  15.37  15.4  5985300  15.4
2010-04-13  15.46  15.8  15.31  15.64  6836600  15.64
2010-04-12  15.68  15.85  15.66  15.78  3514600  15.78
2010-04-09  15.66  15.71  15.52  15.69  2546100  15.69
2010-04-08  15.44  15.68  15.28  15.66  3459500  15.66
2010-04-07  15.38  15.51  15.33  15.49  2877400  15.49
2010-04-06  15.47  15.47  15.32  15.41  2313200  15.41
2010-04-05  15.48  15.58  15.41  15.52  2137400  15.52
2010-04-01  15.3  15.52  15.26  15.45  4389000  15.45
2010-03-31  15.25  15.29  15.1  15.23  3312600  15.23
2010-03-30  15.22  15.4  15.14  15.29  3118500  15.29
2010-03-29  15.28  15.28  15.03  15.22  3959800  15.22
2010-03-26  15.06  15.16  14.92  15.13  4230500  15.13
2010-03-25  14.95  15.13  14.85  14.86  3017700  14.86
2010-03-24  15.06  15.07  14.86  14.94  3947100  14.94
2010-03-23  14.76  15.11  14.72  15.08  5327100  15.08
2010-03-22  14.44  14.7  14.26  14.66  4174300  14.66
2010-03-19  14.55  14.68  14.38  14.47  4802700  14.47
2010-03-18  14.44  14.57  14.38  14.54  3999000  14.54
2010-03-17  14.48  14.59  14.38  14.44  4464600  14.44
2010-03-16  14.44  14.58  14.41  14.5  4253500  14.5
2010-03-15  14.32  14.5  14.28  14.41  5219600  14.41
2010-03-12  14.36  14.52  14.25  14.39  5560100  14.39
2010-03-11  14.18  14.52  14.18  14.43  4943500  14.43
2010-03-10  14.28  14.3  14.05  14.18  5990600  14.18
2010-03-09  14.21  14.47  13.66  14.28  10169600  14.28
2010-03-08  14.27  14.34  14.12  14.2  4767100  14.2
2010-03-05  14.27  14.42  14.1  14.16  5235900  14.16
2010-03-04  14.35  14.39  14.13  14.27  5249100  14.27
2010-03-03  14.37  14.57  14.31  14.34  4956600  14.34
2010-03-02  14.63  14.74  14.19  14.32  6484400  14.32
2010-03-01  14.79  14.88  14.53  14.55  3833800  14.55
2010-02-26  14.64  14.84  14.17  14.66  4387000  14.66
2010-02-25  14.49  14.72  14.29  14.71  7111000  14.71
2010-02-24  14.03  14.72  13.49  14.69  32118500  14.69
2010-02-23  16.76  16.95  16.65  16.73  3673200  16.73
2010-02-22  17.28  17.53  16.87  17.1  5533300  17.1
2010-02-19  18.05  18.05  17.7  17.91  2674700  17.91
2010-02-18  17.87  18.07  17.76  18.07  1853600  18.07
2010-02-17  17.65  17.85  17.61  17.85  1562000  17.85
2010-02-16  17.57  17.79  17.57  17.71  2693600  17.71
2010-02-12  17.55  17.71  17.41  17.68  2274200  17.68
2010-02-11  17.54  17.71  17.36  17.62  2591900  17.62
2010-02-10  17.92  17.96  17.57  17.64  2653900  17.64
2010-02-09  17.91  18.1  17.8  17.91  2954900  17.91
2010-02-08  17.69  17.92  17.68  17.78  4295000  17.78
2010-02-05  17.74  17.85  17.42  17.71  4264200  17.71
2010-02-04  18.24  18.29  17.87  17.9  2646500  17.9
2010-02-03  18.36  18.52  18.25  18.38  1721400  18.38
2010-02-02  18.3  18.5  18.22  18.4  3304200  18.4
2010-02-01  18.3  18.45  18.2  18.3  3076900  18.3
2010-01-29  18.49  18.66  18.24  18.25  2586400  18.25
2010-01-28  18.67  18.67  18.32  18.47  3187100  18.47
2010-01-27  18.58  18.72  18.37  18.68  3511400  18.68
2010-01-26  18.76  18.79  18.4  18.43  2644500  18.43
2010-01-25  18.99  19.04  18.61  18.86  2833100  18.86
2010-01-22  19.12  19.33  18.84  18.85  4525200  18.85
2010-01-21  19.5  19.71  18.98  19.23  3639200  19.23
2010-01-20  19.15  19.44  19.15  19.35  2390900  19.35
2010-01-19  19.29  19.46  19.17  19.43  2031400  19.43
2010-01-15  19.51  19.51  19.15  19.27  3407100  19.27
2010-01-14  19.34  19.61  19.09  19.57  4079400  19.57
2010-01-13  18.7  18.94  18.58  18.89  3471900  18.89
2010-01-12  18.52  18.67  18.46  18.63  1774400  18.63
2010-01-11  18.62  18.8  18.27  18.74  2343400  18.74
2010-01-08  18.58  18.8  18.55  18.66  3654100  18.66
2010-01-07  18.52  18.84  18.49  18.58  4860100  18.58
2010-01-06  18.95  19.3  18.39  18.5  6686400  18.5
2010-01-05  19.3  19.37  18.15  18.95  8338900  18.95
2010-01-04  19.25  19.45  19.17  19.22  3018000  19.22
