Date  Open  High  Low  Close  Volume  Adj Close
2014-02-28  209.27  211.72  207.69  208.84  748000  208.84
2014-02-27  213.46  213.46  206.25  209.08  875100  209.08
2014-02-26  215.23  215.27  208.67  208.89  1066700  208.89
2014-02-25  214.65  217.21  213.29  214.23  692100  214.23
2014-02-24  212.67  216.4  212.27  215.32  686000  215.32
2014-02-21  211.37  213.93  210.08  212.91  952000  212.91
2014-02-20  212.41  213.33  209.65  210.25  667100  210.25
2014-02-19  215.47  216.38  211.58  211.78  837000  211.78
2014-02-18  214.88  218.45  214.85  216.95  810000  216.95
2014-02-14  216.25  217.0  213.22  214.85  689500  214.85
2014-02-13  216.46  219.83  215.74  216.91  711700  216.91
2014-02-12  216.55  218.75  213.47  217.41  1171600  217.41
2014-02-11  213.4  216.99  212.11  216.48  1279800  216.48
2014-02-10  215.6  216.9  211.27  212.11  1437000  212.11
2014-02-07  210.18  216.3  210.18  215.53  1216800  215.53
2014-02-06  208.11  210.58  207.38  210.42  816400  210.42
2014-02-05  208.68  210.51  205.0  207.56  711800  207.56
2014-02-04  203.12  209.0  202.9  208.87  1045100  208.87
2014-02-03  208.18  208.58  203.0  203.45  1191300  203.45
2014-01-31  205.6  210.25  205.6  208.79  828400  208.79
2014-01-30  201.01  209.55  201.01  209.3  581800  209.3
2014-01-29  203.04  207.63  203.04  204.78  836900  204.78
2014-01-28  209.0  209.0  204.0  206.9  801100  206.9
2014-01-27  208.23  208.23  202.61  203.16  1426300  203.16
2014-01-24  206.0  207.02  204.34  204.36  1312400  204.36
2014-01-23  208.15  208.99  205.98  206.89  1036400  206.89
2014-01-22  209.16  210.98  207.37  209.98  1162800  209.98
2014-01-21  208.38  212.33  207.62  208.0  1548600  208.0
2014-01-17  209.02  210.31  206.03  206.87  1713600  206.87
2014-01-16  208.8  212.66  208.1  209.33  1396100  209.33
2014-01-15  219.71  219.99  208.32  210.88  3625200  210.88
2014-01-14  221.06  221.33  218.28  219.8  984400  219.8
2014-01-13  225.0  225.56  220.01  220.51  620900  220.51
2014-01-10  226.45  227.38  224.05  225.33  601500  225.33
2014-01-09  227.94  228.86  227.0  227.53  543000  227.53
2014-01-08  227.17  228.21  224.99  227.01  647900  227.01
2014-01-07  228.84  229.5  226.05  227.82  856600  227.82
2014-01-06  226.9  228.82  226.01  226.46  671700  226.46
2014-01-03  224.6  226.96  224.47  225.88  972800  225.88
2014-01-02  224.16  225.49  222.15  224.6  766700  224.6
2013-12-31  223.5  225.89  222.45  224.92  442200  224.92
2013-12-30  225.38  225.7  221.89  223.52  343600  223.52
2013-12-27  224.68  225.63  223.62  224.74  437200  224.74
2013-12-26  226.23  227.07  224.08  224.86  349200  224.86
2013-12-24  226.01  226.08  223.77  226.01  280800  226.01
2013-12-23  226.57  226.66  223.91  226.06  774000  226.06
2013-12-20  223.0  225.74  222.11  224.46  2514700  224.46
2013-12-19  225.0  225.88  222.06  222.63  846200  222.63
2013-12-18  221.58  225.7  219.77  225.15  1468600  225.15
2013-12-17  222.29  223.16  219.79  222.22  1167400  222.22
2013-12-16  221.0  222.39  220.11  221.84  1019100  221.84
2013-12-13  218.83  221.25  218.57  220.44  931600  220.44
2013-12-12  216.86  219.49  215.77  217.83  1396100  217.83
2013-12-11  217.61  219.42  216.05  217.85  1069800  217.85
2013-12-10  216.65  217.45  215.3  216.13  526400  216.13
2013-12-09  215.59  218.37  215.07  216.72  746800  216.72
2013-12-06  213.74  217.85  212.86  217.55  974200  217.55
2013-12-05  211.14  212.75  210.33  212.02  1202400  212.02
2013-12-04  210.41  213.05  209.75  211.67  602200  211.67
2013-12-03  213.52  213.78  211.5  212.08  844100  212.08
2013-12-02  213.19  215.32  212.03  214.25  888500  214.25
2013-11-29  214.36  214.65  212.49  212.66  204700  212.66
2013-11-27  213.3  214.99  212.08  213.78  458600  213.78
2013-11-26  215.36  215.99  212.65  212.65  1276000  212.65
2013-11-25  217.24  217.4  214.96  215.68  656600  215.68
2013-11-22  215.07  217.48  214.24  216.76  924700  216.76
2013-11-21  214.56  215.4  212.44  215.07  1440600  215.07
2013-11-20  206.34  212.6  205.39  212.44  1678300  212.44
2013-11-19  202.99  207.23  202.99  205.81  1796300  205.81
2013-11-18  203.73  203.92  200.68  202.57  939900  202.57
2013-11-15  198.41  202.84  198.41  201.76  799800  201.76
2013-11-14  199.91  199.98  196.17  198.57  850100  198.57
2013-11-13  197.6  200.83  197.22  199.25  762600  199.25
2013-11-12  201.81  202.57  197.21  197.21  1884900  197.21
2013-11-11  203.6  205.19  201.69  202.12  352500  202.12
2013-11-08  199.69  204.64  199.69  203.59  679800  203.59
2013-11-07  199.2  201.83  198.34  199.73  1301200  199.73
2013-11-06  198.22  199.37  196.42  199.21  772900  199.21
2013-11-05  198.18  200.27  194.88  197.38  1005500  197.38
2013-11-04  194.93  195.47  191.63  193.26  698700  193.26
2013-11-01  194.1  195.73  192.49  194.77  713700  194.77
2013-10-31  190.89  193.52  190.82  192.16  846500  192.16
2013-10-30  192.47  193.23  189.9  190.03  905400  190.03
2013-10-29  193.04  194.61  191.21  192.28  1023000  192.28
2013-10-28  195.73  195.73  192.21  193.23  603200  193.23
2013-10-25  195.82  196.48  194.67  195.42  432400  195.42
2013-10-24  195.5  196.25  194.7  195.62  503200  195.62
2013-10-23  196.52  196.52  194.27  195.36  736800  195.36
2013-10-22  196.89  197.87  195.18  196.88  393000  196.88
2013-10-21  197.83  197.83  195.98  196.66  394800  196.66
2013-10-18  196.49  197.94  195.39  197.63  637200  197.63
2013-10-17  194.41  197.01  193.56  196.66  510200  196.66
2013-10-16  195.15  196.89  193.86  194.93  366900  194.93
2013-10-15  194.15  195.45  192.84  193.54  484200  193.54
2013-10-14  193.32  195.63  192.54  195.08  289100  195.08
2013-10-11  192.0  194.68  191.63  194.1  599100  194.1
2013-10-10  190.1  194.13  189.45  192.59  855900  192.59
2013-10-09  189.34  190.63  186.79  188.4  944600  188.4
2013-10-08  191.93  193.13  187.13  189.1  1097100  189.1
2013-10-07  191.43  193.77  190.97  192.43  688600  192.43
2013-10-04  188.14  193.2  187.32  193.07  1190400  193.07
2013-10-03  183.34  187.96  183.23  187.47  1158100  187.47
2013-10-02  182.03  183.56  178.56  183.56  1174100  183.56
2013-10-01  180.55  183.68  180.28  183.38  708500  183.38
2013-09-30  178.94  181.22  177.88  180.88  553100  180.88
2013-09-27  178.32  181.46  177.9  180.74  379800  180.74
2013-09-26  178.72  180.24  178.07  179.38  390300  179.38
2013-09-25  180.37  181.08  178.07  178.37  559200  178.37
2013-09-24  180.23  181.65  179.3  180.15  402600  180.15
2013-09-23  180.76  181.19  179.06  180.6  358700  180.6
2013-09-20  182.63  184.4  181.01  181.59  638000  181.59
2013-09-19  181.46  182.62  180.5  182.43  579900  182.43
2013-09-18  181.39  181.76  180.23  181.18  548600  181.18
2013-09-17  181.15  181.78  180.55  181.06  586100  181.06
2013-09-16  181.85  182.19  180.15  180.53  557300  180.53
2013-09-13  180.21  180.45  177.89  179.99  563600  179.99
2013-09-12  180.77  181.42  179.11  179.46  537700  179.46
2013-09-11  180.41  181.18  179.59  181.01  476700  181.01
2013-09-10  181.96  182.42  180.37  180.46  666500  180.46
2013-09-09  178.51  180.92  178.51  180.89  692500  180.89
2013-09-06  181.41  181.48  176.74  178.86  827900  178.86
2013-09-05  182.13  182.68  180.32  180.46  637200  180.46
2013-09-04  181.02  183.06  178.92  182.41  507600  182.41
2013-09-03  181.69  183.43  180.28  181.13  516600  181.13
2013-08-30  179.37  180.08  178.04  179.22  422100  179.22
2013-08-29  178.9  181.14  178.79  179.73  423100  179.73
2013-08-28  179.71  182.42  178.72  179.39  456700  179.39
2013-08-27  181.36  182.03  178.73  179.7  646700  179.7
2013-08-26  184.78  185.92  182.65  182.82  499000  182.82
2013-08-23  184.97  185.89  183.48  184.78  567000  184.78
2013-08-22  181.69  185.66  181.17  184.96  515200  184.96
2013-08-21  181.91  183.82  180.88  181.12  453000  181.12
2013-08-20  180.83  183.02  180.06  182.74  783200  182.74
2013-08-19  180.01  183.12  180.01  181.12  517900  181.12
2013-08-16  179.61  181.86  178.84  181.25  468500  181.25
2013-08-15  180.29  180.65  178.23  179.81  446400  179.81
2013-08-14  182.42  183.06  180.75  181.56  301100  181.56
2013-08-13  182.66  183.07  181.29  182.46  387700  182.46
2013-08-12  183.4  183.84  181.46  182.6  428900  182.6
2013-08-09  186.49  187.41  184.08  184.37  206800  184.37
2013-08-08  184.83  187.27  183.95  186.61  508900  186.61
2013-08-07  185.61  185.77  179.6  184.44  631100  184.44
2013-08-06  183.83  186.88  183.4  186.26  644700  186.26
2013-08-05  186.87  187.32  184.19  185.09  808400  185.09
2013-08-02  186.66  188.22  183.39  187.88  934500  187.88
2013-08-01  183.47  185.4  182.49  185.25  637700  185.25
2013-07-31  179.56  183.35  179.13  181.91  948900  181.91
2013-07-30  177.57  179.6  177.57  179.13  380100  179.13
2013-07-29  175.95  178.66  175.88  177.72  388700  177.72
2013-07-26  177.29  177.37  174.38  176.75  442700  176.75
2013-07-25  175.66  178.23  175.24  178.12  366400  178.12
2013-07-24  178.14  178.91  175.57  176.25  545600  176.25
2013-07-23  176.72  178.32  175.97  177.96  516600  177.96
2013-07-22  178.16  178.16  175.84  176.65  471700  176.65
2013-07-19  180.09  180.09  176.93  178.46  568400  178.46
2013-07-18  180.95  181.72  179.64  180.93  379000  180.93
2013-07-17  181.34  182.21  180.0  180.48  504300  180.48
2013-07-16  181.08  182.89  180.7  181.02  680600  181.02
2013-07-15  180.3  181.89  179.25  181.32  565100  181.32
2013-07-12  178.81  180.57  178.13  180.13  519300  180.13
2013-07-11  180.21  180.91  176.49  178.7  894500  178.7
2013-07-10  175.04  178.96  174.67  178.74  782100  178.74
2013-07-09  178.47  179.19  173.03  174.83  929700  174.83
2013-07-08  176.92  179.04  176.45  176.85  454900  176.85
2013-07-05  175.82  176.82  174.35  176.5  652100  176.5
2013-07-03  173.85  175.45  173.1  174.38  723400  174.38
2013-07-02  176.99  178.32  173.11  173.98  1417400  173.98
2013-07-01  179.07  180.71  177.4  177.49  728100  177.49
2013-06-28  178.57  179.59  177.23  177.23  808100  177.23
2013-06-27  179.28  180.89  177.69  179.13  738900  179.13
2013-06-26  176.43  180.18  173.93  179.36  1126300  179.36
2013-06-25  172.77  176.62  172.17  174.6  901800  174.6
2013-06-24  169.9  173.44  168.2  171.43  940700  171.43
2013-06-21  173.55  174.8  169.84  172.05  851900  172.05
2013-06-20  176.31  177.65  171.82  172.95  941400  172.95
2013-06-19  182.46  182.46  177.93  178.32  636600  178.32
2013-06-18  179.47  183.58  179.23  182.53  1062500  182.53
2013-06-17  173.85  179.07  173.11  178.34  943600  178.34
2013-06-14  174.47  174.69  172.5  172.63  489900  172.63
2013-06-13  171.09  174.98  170.03  174.87  567000  174.87
2013-06-12  170.75  172.52  170.49  171.55  548600  171.55
2013-06-11  171.66  172.57  169.97  170.63  548600  170.63
2013-06-10  174.48  175.34  172.5  174.56  507100  174.56
2013-06-07  169.35  174.35  166.37  174.18  701800  174.18
2013-06-06  163.45  168.86  163.45  168.7  652600  168.7
2013-06-05  163.02  165.69  162.47  164.35  720000  164.35
2013-06-04  168.49  168.61  162.76  164.27  843800  164.27
2013-06-03  170.91  171.04  166.2  168.7  656200  168.7
2013-05-31  176.19  176.43  170.7  170.7  977800  170.7
2013-05-30  170.79  177.34  170.24  176.91  779200  176.91
2013-05-29  167.83  171.41  167.83  170.7  580900  170.7
2013-05-28  169.03  171.05  168.35  169.01  720800  169.01
2013-05-24  167.21  168.0  165.68  167.16  721600  167.16
2013-05-23  167.59  168.95  165.86  167.79  652600  167.79
2013-05-22  172.76  173.87  167.51  169.02  1644500  169.02
2013-05-21  177.87  178.56  172.87  172.97  1075900  172.97
2013-05-20  176.03  178.29  174.8  175.54  615100  175.54
2013-05-17  174.37  177.65  173.74  176.88  719700  176.88
2013-05-16  173.82  175.43  173.44  173.5  499700  173.5
2013-05-15  173.95  177.17  173.21  174.29  644300  174.29
2013-05-14  171.97  175.63  171.67  175.39  394700  175.39
2013-05-13  171.08  173.19  170.33  171.75  311400  171.75
2013-05-10  170.72  171.84  170.25  171.59  338200  171.59
2013-05-09  171.31  171.83  170.02  170.7  332600  170.7
2013-05-08  170.34  171.53  169.16  171.15  447600  171.15
2013-05-07  171.43  172.1  169.5  170.61  633800  170.61
2013-05-06  170.8  172.03  170.75  171.17  494400  171.17
2013-05-03  172.12  173.73  171.42  171.51  688300  171.51
2013-05-02  166.15  171.22  165.6  171.05  842300  171.05
2013-05-01  159.02  170.22  157.97  166.06  2003500  166.06
2013-04-30  160.65  163.04  160.52  162.45  1913200  162.45
2013-04-29  159.04  161.66  158.87  161.41  649300  161.41
2013-04-26  158.85  159.91  157.53  159.04  385800  159.04
2013-04-25  158.12  159.66  157.37  159.12  531900  159.12
2013-04-24  157.37  158.53  156.37  157.92  544300  157.92
2013-04-23  155.18  157.43  155.18  156.92  460100  156.92
2013-04-22  153.98  155.69  152.41  154.81  411900  154.81
2013-04-19  152.39  154.06  152.11  153.92  404600  153.92
2013-04-18  153.71  155.18  151.63  151.96  431600  151.96
2013-04-17  153.39  154.26  152.56  153.51  583600  153.51
2013-04-16  154.61  155.23  152.87  155.05  500000  155.05
2013-04-15  157.53  159.06  153.68  153.7  488700  153.7
2013-04-12  157.63  157.96  156.36  157.73  301600  157.73
2013-04-11  157.62  158.79  156.5  157.85  453400  157.85
2013-04-10  155.03  157.76  155.03  157.29  414700  157.29
2013-04-09  155.45  155.96  153.71  154.59  322500  154.59
2013-04-08  154.45  155.66  153.5  155.51  383800  155.51
2013-04-05  154.87  155.02  149.67  154.6  1477500  154.6
2013-04-04  156.86  158.63  155.62  156.63  550500  156.63
2013-04-03  161.41  161.58  156.19  156.36  738600  156.36
2013-04-02  160.93  162.82  159.82  161.0  931900  161.0
2013-04-01  161.98  162.72  159.15  159.61  513500  159.61
2013-03-28  159.12  162.69  158.17  162.58  657800  162.58
2013-03-27  160.02  160.52  158.1  159.33  648400  159.33
2013-03-26  162.13  162.71  158.91  161.09  503000  161.09
2013-03-25  163.01  163.32  160.72  161.52  483800  161.52
2013-03-22  161.15  162.38  160.63  161.83  562000  161.83
2013-03-21  161.5  162.46  159.81  160.96  656100  160.96
2013-03-20  159.34  161.9  158.94  161.12  544400  161.12
2013-03-19  159.78  160.49  155.66  159.14  719100  159.14
2013-03-18  158.18  160.51  157.95  159.37  399800  159.37
2013-03-15  161.93  162.3  159.27  160.5  652500  160.5
2013-03-14  158.48  162.14  158.22  161.86  841300  161.86
2013-03-13  157.62  159.39  157.27  158.94  442600  158.94
2013-03-12  158.21  158.7  157.69  158.03  547200  158.03
2013-03-11  157.72  158.79  156.21  158.77  578600  158.77
2013-03-08  159.18  159.61  157.45  158.13  604200  158.13
2013-03-07  159.88  160.01  157.32  158.27  700600  158.27
2013-03-06  159.67  161.8  159.29  159.87  663100  159.87
2013-03-05  156.61  159.3  156.61  158.06  841700  158.06
2013-03-04  153.35  156.27  152.45  156.1  553600  156.1
2013-03-01  153.87  153.87  151.86  153.54  666200  153.54
2013-02-28  154.69  155.77  153.39  154.36  678800  154.36
2013-02-27  152.18  154.84  150.85  154.63  604600  154.63
2013-02-26  151.55  152.63  150.17  152.38  768600  152.38
2013-02-25  155.72  156.12  149.9  150.07  1277900  150.07
2013-02-22  153.37  155.69  153.29  155.52  866100  155.52
2013-02-21  154.23  154.42  152.29  152.57  871400  152.57
2013-02-20  154.93  156.14  154.08  154.26  1101700  154.26
2013-02-19  156.2  157.02  154.69  155.29  1367500  155.29
2013-02-15  155.03  157.99  154.38  155.99  1729300  155.99
2013-02-14  151.0  155.67  150.42  155.06  1679400  155.06
2013-02-13  150.05  151.42  148.69  151.36  932500  151.36
2013-02-12  149.55  151.43  149.35  150.26  1569400  150.26
2013-02-11  148.6  149.5  147.64  149.38  757900  149.38
2013-02-08  148.73  149.22  147.48  148.56  1136500  148.56
2013-02-07  144.58  148.72  143.24  148.51  1710000  148.51
2013-02-06  141.95  145.16  140.64  144.79  2743800  144.79
2013-02-05  140.91  143.17  140.15  143.11  2218000  143.11
2013-02-04  139.19  140.98  138.15  140.91  1667500  140.91
2013-02-01  139.43  142.02  138.74  140.46  1785800  140.46
2013-01-31  137.55  139.03  137.16  138.34  1478800  138.34
2013-01-30  136.57  139.31  136.49  138.49  2314500  138.49
2013-01-29  135.07  136.52  134.47  136.3  1397400  136.3
2013-01-28  134.5  135.45  132.91  134.81  2136200  134.81
2013-01-25  133.88  134.61  133.04  134.42  1038400  134.42
2013-01-24  133.33  135.17  133.13  133.88  1289000  133.88
2013-01-23  133.45  134.11  132.11  133.16  1317200  133.16
2013-01-22  132.17  133.72  130.39  133.71  1522300  133.71
2013-01-18  130.76  132.96  130.16  132.93  1409000  132.93
2013-01-17  128.19  131.23  127.96  130.82  1182300  130.82
2013-01-16  127.58  128.29  127.29  127.7  773600  127.7
2013-01-15  128.79  128.79  126.92  128.21  800900  128.21
2013-01-14  128.63  129.58  128.08  129.13  807500  129.13
2013-01-11  127.34  129.04  126.9  128.98  840300  128.98
2013-01-10  127.39  128.11  126.58  127.62  1445900  127.62
2013-01-09  126.54  127.65  126.26  127.23  2079700  127.23
2013-01-08  126.3  126.9  125.13  126.8  1800600  126.8
2013-01-07  128.07  128.6  126.46  126.53  1197600  126.53
2013-01-04  126.34  129.71  125.8  129.21  1579200  129.21
2013-01-03  124.81  126.57  123.9  126.54  1548900  126.54
2013-01-02  125.3  126.05  123.66  124.55  1505000  124.55
2012-12-31  123.2  123.47  122.46  123.44  1115800  123.44
2012-12-28  122.81  123.98  122.45  123.29  762900  123.29
2012-12-27  124.9  125.42  122.35  123.85  1159200  123.85
2012-12-26  124.7  125.15  123.75  124.63  761100  124.63
2012-12-24  125.8  126.58  124.34  124.67  752900  124.67
2012-12-21  127.15  129.29  125.6  125.87  4748200  125.87
2012-12-20  134.84  134.99  123.09  129.71  13675800  129.71
2012-12-19  127.52  128.3  126.7  127.93  1691900  127.93
2012-12-18  128.04  128.79  126.73  127.66  872800  127.66
2012-12-17  127.85  128.25  124.84  127.46  684000  127.46
2012-12-14  128.77  129.27  127.33  127.52  382300  127.52
2012-12-13  129.42  129.9  128.09  128.84  420100  128.84
2012-12-12  129.35  130.18  128.46  129.31  420300  129.31
2012-12-11  130.81  131.31  128.49  128.74  641500  128.74
2012-12-10  129.91  131.38  129.79  130.61  290000  130.61
2012-12-07  131.21  131.83  130.05  130.33  269500  130.33
2012-12-06  129.77  131.26  128.64  130.75  411300  130.75
2012-12-05  130.46  130.72  128.9  129.79  373800  129.79
2012-12-04  132.25  132.27  129.86  130.46  384600  130.46
2012-12-03  131.85  133.04  131.46  131.61  376400  131.61
2012-11-30  131.58  132.12  130.74  131.76  422700  131.76
2012-11-29  131.26  132.04  130.01  131.82  270400  131.82
2012-11-28  129.44  130.74  129.06  130.61  215100  130.61
2012-11-27  130.57  131.04  129.46  129.58  277200  129.58
2012-11-26  130.19  131.15  129.87  130.42  243800  130.42
2012-11-23  130.64  130.84  129.64  130.8  124100  130.8
2012-11-21  129.41  130.72  128.37  130.13  286000  130.13
2012-11-20  129.23  130.26  128.36  129.48  322200  129.48
2012-11-19  128.55  129.95  128.54  129.64  455900  129.64
2012-11-16  126.47  127.7  125.84  127.22  575800  127.22
2012-11-15  127.6  129.49  125.69  126.36  644600  126.36
2012-11-14  127.94  129.05  127.25  127.56  618500  127.56
2012-11-13  129.7  130.95  127.79  127.96  727700  127.96
2012-11-12  130.34  130.86  128.92  130.16  268700  130.16
2012-11-09  129.99  131.29  129.75  129.91  237600  129.91
2012-11-08  131.08  132.46  129.5  129.99  349100  129.99
2012-11-07  132.49  132.86  130.12  131.18  361400  131.18
2012-11-06  132.63  133.42  131.39  133.05  650700  133.05
2012-11-05  128.76  133.51  128.25  132.88  400800  132.88
2012-11-02  131.46  132.06  129.21  129.44  425000  129.44
2012-11-01  129.17  130.88  129.17  130.85  555000  130.85
2012-10-31  130.8  131.86  129.67  130.61  352100  130.61
2012-10-26  130.31  131.16  129.76  130.8  259400  130.8
2012-10-25  131.02  131.02  128.26  130.11  357200  130.11
2012-10-24  130.07  130.86  129.77  130.08  207400  130.08
2012-10-23  129.67  130.42  128.81  129.99  286600  129.99
2012-10-22  130.13  131.5  128.68  131.17  407200  131.17
2012-10-19  130.06  131.77  129.75  129.81  534500  129.81
2012-10-18  130.34  130.85  129.76  130.08  505500  130.08
2012-10-17  130.69  131.27  129.85  130.39  1368600  130.39
2012-10-16  129.6  131.31  128.98  131.03  321900  131.03
2012-10-15  130.45  130.47  127.64  128.63  579400  128.63
2012-10-12  128.54  130.12  127.99  129.35  752400  129.35
2012-10-11  129.16  129.53  128.33  128.76  405000  128.76
2012-10-10  129.69  130.17  127.81  128.3  355400  128.3
2012-10-09  130.04  130.51  127.95  129.29  495500  129.29
2012-10-08  130.24  130.83  129.83  130.06  237000  130.06
2012-10-05  132.29  132.69  130.28  130.61  333600  130.61
2012-10-04  131.49  132.53  130.54  131.62  466800  131.62
2012-10-03  130.09  131.68  129.68  131.11  541000  131.11
2012-10-02  132.21  132.59  129.33  130.09  897500  130.09
2012-10-01  133.46  134.35  131.3  131.53  720600  131.53
2012-09-28  134.58  135.82  132.78  133.01  729800  133.01
2012-09-27  135.45  136.47  134.53  134.74  244900  134.74
2012-09-26  134.58  135.13  134.06  134.27  390900  134.27
2012-09-25  137.01  137.77  134.76  134.81  306900  134.81
2012-09-24  136.84  137.61  135.98  136.74  237500  136.74
2012-09-21  137.86  138.43  137.16  137.16  550700  137.16
2012-09-20  136.78  137.4  134.87  137.39  386000  137.39
2012-09-19  139.75  140.08  137.55  137.8  516100  137.8
2012-09-18  139.36  140.73  138.76  139.95  529300  139.95
2012-09-17  139.73  140.47  138.32  139.98  586000  139.98
2012-09-14  137.79  140.17  136.14  139.67  1030000  139.67
2012-09-13  135.59  136.82  134.91  136.44  735500  136.44
2012-09-12  135.7  135.91  135.16  135.55  592400  135.55
2012-09-11  135.88  136.17  135.05  135.35  582200  135.35
2012-09-10  137.06  137.77  135.28  135.4  627400  135.4
2012-09-07  136.94  138.21  136.14  136.72  792000  136.72
2012-09-06  135.89  137.02  135.48  136.51  781800  136.51
2012-09-05  136.24  136.6  134.21  135.14  622400  135.14
2012-09-04  136.32  136.6  134.16  136.17  531300  136.17
2012-08-31  136.19  137.08  135.43  136.29  211600  136.29
2012-08-30  134.74  136.15  134.41  135.94  680700  135.94
2012-08-29  138.12  138.45  136.41  136.85  401800  136.85
2012-08-28  137.09  139.09  137.09  137.96  401800  137.96
2012-08-27  136.8  137.89  135.75  137.26  460300  137.26
2012-08-24  134.23  136.84  134.07  136.69  393900  136.69
2012-08-23  134.8  135.72  134.8  135.33  322400  135.33
2012-08-22  134.16  135.86  132.87  135.6  337200  135.6
2012-08-21  135.1  136.21  133.2  133.99  303700  133.99
2012-08-20  134.31  135.74  134.13  135.22  195800  135.22
2012-08-17  135.64  135.97  133.96  134.94  292100  134.94
2012-08-16  131.96  135.51  131.96  135.23  267700  135.23
2012-08-15  132.21  133.16  131.96  132.4  241600  132.4
2012-08-14  133.61  133.61  131.49  132.19  201900  132.19
2012-08-13  131.91  133.52  131.52  133.33  240800  133.33
2012-08-10  130.98  133.29  130.98  132.86  254000  132.86
2012-08-09  131.6  133.12  131.35  132.55  202500  132.55
2012-08-08  130.91  132.9  129.96  131.86  266500  131.86
2012-08-07  132.35  133.35  131.62  131.68  297400  131.68
2012-08-06  132.3  133.48  131.39  131.61  272200  131.61
2012-08-03  130.37  132.43  129.34  131.86  424700  131.86
2012-08-02  128.43  129.03  125.85  128.33  932500  128.33
2012-08-01  133.69  135.56  127.74  129.02  864200  129.02
2012-07-31  132.44  133.08  130.19  130.83  545500  130.83
2012-07-30  133.5  134.51  131.6  131.96  561300  131.96
2012-07-27  133.56  135.16  132.07  133.85  298200  133.85
2012-07-26  133.58  133.58  130.44  132.34  583200  132.34
2012-07-25  132.11  133.2  129.49  130.26  841300  130.26
2012-07-24  130.56  132.24  130.29  132.11  508100  132.11
2012-07-23  128.63  131.39  128.48  130.78  496200  130.78
2012-07-20  132.4  132.93  129.06  130.7  742100  130.7
2012-07-19  135.32  135.6  132.74  133.37  306500  133.37
2012-07-18  135.39  136.36  134.83  135.27  262300  135.27
2012-07-17  134.54  135.83  134.03  135.74  347500  135.74
2012-07-16  135.69  135.69  133.14  133.6  547800  133.6
2012-07-13  133.81  137.03  133.68  136.81  458900  136.81
2012-07-12  131.98  134.59  131.73  133.84  562200  133.84
2012-07-11  130.95  134.09  130.6  133.34  472100  133.34
2012-07-10  132.86  133.99  130.47  131.09  361600  131.09
2012-07-09  132.99  133.65  131.42  132.41  261600  132.41
2012-07-06  133.25  134.16  132.0  132.9  230800  132.9
2012-07-05  135.31  135.78  133.67  134.34  327200  134.34
2012-07-03  128.99  135.74  128.99  134.5  310400  134.5
2012-07-02  141.35  141.35  131.48  135.42  632800  135.42
2012-06-29  135.81  137.19  134.11  135.58  576900  135.58
2012-06-28  131.52  133.77  130.71  133.74  370500  133.74
2012-06-27  130.3  133.75  130.3  132.43  368400  132.43
2012-06-26  130.84  133.96  130.84  132.96  374600  132.96
2012-06-25  132.6  132.6  130.08  130.9  338500  130.9
2012-06-22  130.95  133.2  130.8  132.78  392600  132.78
2012-06-21  134.71  136.08  130.47  130.93  424700  130.93
2012-06-20  135.43  135.6  133.4  134.48  344500  134.48
2012-06-19  136.88  136.88  134.25  135.16  515200  135.16
2012-06-18  133.79  136.82  133.12  135.83  667500  135.83
2012-06-15  130.77  135.51  130.77  134.4  1311500  134.4
2012-06-14  126.55  128.59  125.88  128.41  724800  128.41
2012-06-13  129.26  129.26  125.28  125.6  576800  125.6
2012-06-12  126.71  127.98  125.58  127.46  328200  127.46
2012-06-11  128.21  128.99  126.29  126.38  474100  126.38
2012-06-08  126.57  127.51  125.41  127.51  516200  127.51
2012-06-07  129.15  129.42  127.09  127.3  651500  127.3
2012-06-06  125.54  127.98  124.35  127.98  915500  127.98
2012-06-05  118.27  125.49  118.27  125.28  1366200  125.28
2012-06-04  119.04  119.56  117.47  118.94  673700  118.94
2012-06-01  120.51  120.94  118.07  118.12  515100  118.12
2012-05-31  122.09  122.99  120.03  122.09  545900  122.09
2012-05-30  123.53  123.53  120.51  121.91  742100  121.91
2012-05-29  126.2  126.45  123.27  124.73  524600  124.73
2012-05-25  123.82  126.22  123.03  125.12  505600  125.12
2012-05-24  124.89  125.79  122.25  123.58  414400  123.58
2012-05-23  124.31  124.37  121.71  124.01  464000  124.01
2012-05-22  127.63  129.49  123.69  124.31  932300  124.31
2012-05-21  123.19  124.79  122.67  124.72  563500  124.72
2012-05-18  121.7  124.67  121.6  123.22  1074900  123.22
2012-05-17  123.99  125.92  120.89  120.98  601200  120.98
2012-05-16  122.15  124.75  121.35  121.38  529300  121.38
2012-05-15  123.15  124.61  121.32  121.68  697500  121.68
2012-05-14  122.29  123.81  121.75  122.77  366400  122.77
2012-05-11  123.67  125.65  122.91  123.61  626300  123.61
2012-05-10  125.64  126.02  124.07  124.68  353000  124.68
2012-05-09  123.43  125.48  123.22  124.55  339300  124.55
2012-05-08  124.39  125.33  122.47  124.92  668000  124.92
2012-05-07  126.57  127.52  124.79  125.27  496000  125.27
2012-05-04  127.5  128.48  126.47  126.91  550000  126.91
2012-05-03  129.28  129.83  126.67  128.88  1136600  128.88
2012-05-02  125.38  128.66  124.22  127.47  1406900  127.47
2012-05-01  131.83  132.46  129.63  130.72  619300  130.72
2012-04-30  131.82  133.55  131.37  132.64  446300  132.64
2012-04-27  131.61  132.5  130.19  132.28  329900  132.28
2012-04-26  132.29  132.29  130.05  130.61  576400  130.61
2012-04-25  130.6  132.71  130.26  132.23  473600  132.23
2012-04-24  127.61  130.05  127.3  129.97  637900  129.97
2012-04-23  127.12  127.82  126.35  127.69  494100  127.69
2012-04-20  129.44  129.85  127.92  128.01  430600  128.01
2012-04-19  130.3  131.27  128.55  129.12  475000  129.12
2012-04-18  131.53  131.53  129.76  130.14  546900  130.14
2012-04-17  131.28  132.32  129.62  131.92  549700  131.92
2012-04-16  133.54  133.79  130.49  130.95  535300  130.95
2012-04-13  133.27  135.12  132.58  132.65  382000  132.65
2012-04-12  133.05  133.99  132.06  133.73  303500  133.73
2012-04-11  133.67  134.28  132.54  133.09  401100  133.09
2012-04-10  134.63  135.03  131.35  131.79  603500  131.79
2012-04-09  137.62  137.62  134.62  135.44  369000  135.44
2012-04-05  133.81  138.37  133.81  138.19  602400  138.19
2012-04-04  136.3  137.74  134.01  134.12  574600  134.12
2012-04-03  137.86  138.21  136.22  137.22  537700  137.22
2012-04-02  136.68  139.15  136.09  138.21  420600  138.21
2012-03-30  135.76  138.16  134.83  137.01  631700  137.01
2012-03-29  134.88  135.7  134.24  134.79  526900  134.79
2012-03-28  137.06  137.31  134.87  135.72  644900  135.72
2012-03-27  138.6  138.79  136.58  136.74  535700  136.74
2012-03-26  139.81  140.82  138.18  138.76  836100  138.76
2012-03-23  139.59  140.49  137.82  139.07  550400  139.07
2012-03-22  138.18  139.84  136.91  139.23  451600  139.23
2012-03-21  138.9  139.85  136.21  138.97  502700  138.97
2012-03-20  139.56  140.4  138.24  139.45  402300  139.45
2012-03-19  139.0  140.58  137.42  139.86  376500  139.86
2012-03-16  141.33  141.33  138.59  138.59  675100  138.59
2012-03-15  140.35  142.33  139.69  141.43  450700  141.43
2012-03-14  138.86  142.06  138.86  140.3  407200  140.3
2012-03-13  138.91  141.95  138.47  141.95  506300  141.95
2012-03-12  141.4  142.08  137.92  138.22  385000  138.22
2012-03-09  139.61  141.98  139.16  141.4  563800  141.4
2012-03-08  139.92  139.92  138.55  139.28  416100  139.28
2012-03-07  136.97  140.43  136.97  139.01  614000  139.01
2012-03-06  135.85  138.44  135.8  137.16  682800  137.16
2012-03-05  138.72  139.36  136.93  137.74  577000  137.74
2012-03-02  139.55  141.48  138.64  138.92  558600  138.92
2012-03-01  137.65  139.69  136.62  139.38  950100  139.38
2012-02-29  139.12  140.08  137.08  137.55  693800  137.55
2012-02-28  139.38  139.69  136.93  139.44  588500  139.44
2012-02-27  138.4  139.56  136.24  139.21  726800  139.21
2012-02-24  139.68  139.68  137.14  139.32  980600  139.32
2012-02-23  132.71  140.05  132.12  138.85  1482200  138.85
2012-02-22  131.85  133.73  131.85  132.75  460500  132.75
2012-02-21  131.92  133.99  131.91  132.97  529100  132.97
2012-02-17  133.88  134.6  132.89  134.07  692300  134.07
2012-02-16  132.42  133.6  131.56  133.43  1052500  133.43
2012-02-15  133.46  133.88  132.2  132.46  572300  132.46
2012-02-14  133.84  133.84  132.18  133.28  568500  133.28
2012-02-13  134.6  134.6  131.13  133.34  740100  133.34
2012-02-10  129.84  134.59  128.51  134.43  1065400  134.43
2012-02-09  130.47  132.44  130.01  131.54  1057200  131.54
2012-02-08  125.6  131.07  125.6  129.69  1628100  129.69
2012-02-07  121.89  124.04  121.48  122.4  964800  122.4
2012-02-06  119.84  122.63  119.84  122.39  605800  122.39
2012-02-03  119.88  122.27  119.88  121.96  746100  121.96
2012-02-02  114.72  119.32  114.26  119.29  858400  119.29
2012-02-01  115.22  115.47  114.24  114.35  801500  114.35
2012-01-31  115.51  115.73  113.86  114.14  616600  114.14
2012-01-30  115.14  116.13  114.19  115.09  563800  115.09
2012-01-27  116.68  117.47  115.36  116.1  669200  116.1
2012-01-26  117.65  118.67  116.72  117.1  639300  117.1
2012-01-25  117.97  118.52  116.65  117.18  855700  117.18
2012-01-24  116.84  118.94  115.97  118.58  565500  118.58
2012-01-23  117.15  118.56  116.65  118.18  704100  118.18
2012-01-20  117.74  117.99  115.91  117.06  664500  117.06
2012-01-19  114.83  118.5  113.61  117.68  979600  117.68
2012-01-18  111.76  114.42  110.34  114.41  1121800  114.41
2012-01-17  115.39  116.65  111.45  111.82  1366400  111.82
2012-01-13  113.52  116.85  113.52  116.12  1122400  116.12
2012-01-12  112.69  114.8  112.25  114.6  864000  114.6
2012-01-11  112.8  113.12  111.49  112.28  814200  112.28
2012-01-10  113.28  113.73  112.4  113.57  1128600  113.57
2012-01-09  115.31  115.35  111.35  112.25  1119200  112.25
2012-01-06  115.54  116.22  113.39  114.67  841900  114.67
2012-01-05  115.58  116.87  114.35  116.66  690800  116.66
2012-01-04  118.22  118.85  115.47  116.67  615200  116.67
2012-01-03  122.04  122.76  118.05  118.22  747500  118.22
2011-12-30  120.91  121.39  119.76  120.19  242600  120.19
2011-12-29  119.4  121.49  118.88  120.94  270700  120.94
2011-12-28  120.15  120.42  118.43  119.06  274400  119.06
2011-12-27  119.48  120.82  118.67  120.21  205300  120.21
2011-12-23  119.09  119.81  117.48  119.76  201700  119.76
2011-12-22  118.39  119.54  118.02  119.18  329900  119.18
2011-12-21  119.54  119.63  116.85  118.2  256200  118.2
2011-12-20  117.75  119.88  117.64  119.54  359600  119.54
2011-12-19  117.95  117.97  115.45  115.84  565800  115.84
2011-12-16  117.91  118.53  116.47  117.33  737800  117.33
2011-12-15  118.08  118.15  115.69  116.77  790500  116.77
2011-12-14  116.69  117.83  115.77  116.9  592500  116.9
2011-12-13  119.55  120.22  115.56  117.0  761900  117.0
2011-12-12  121.08  121.56  118.15  119.18  422400  119.18
2011-12-09  120.94  123.06  120.32  122.52  417600  122.52
2011-12-08  121.79  123.65  119.92  120.23  543200  120.23
2011-12-07  121.75  123.37  119.39  122.61  817400  122.61
2011-12-06  121.65  123.67  121.59  122.91  586000  122.91
2011-12-05  124.8  125.42  121.06  121.87  733100  121.87
2011-12-02  125.5  127.16  122.77  123.05  535400  123.05
2011-12-01  121.07  125.27  119.32  124.33  920900  124.33
2011-11-30  120.56  121.53  118.95  121.36  824300  121.36
2011-11-29  116.99  119.83  116.04  117.03  804800  117.03
2011-11-28  116.79  117.77  115.62  117.21  613100  117.21
2011-11-25  112.68  114.25  112.66  113.44  172100  113.44
2011-11-23  114.61  115.23  112.92  112.97  627500  112.97
2011-11-22  114.13  117.16  113.56  115.57  771000  115.57
2011-11-21  114.37  115.85  113.11  113.81  835500  113.81
2011-11-18  117.64  118.78  116.16  116.86  943500  116.86
2011-11-17  121.64  122.14  117.32  117.82  958300  117.82
2011-11-16  125.23  125.82  121.99  122.1  913200  122.1
2011-11-15  125.87  127.3  125.4  126.65  556200  126.65
2011-11-14  126.68  126.93  125.37  126.3  440100  126.3
2011-11-11  126.6  127.62  125.38  127.51  467500  127.51
2011-11-10  125.61  125.91  122.99  124.97  753500  124.97
2011-11-09  123.39  125.44  122.65  123.78  899700  123.78
2011-11-08  125.04  126.93  124.34  126.68  709100  126.68
2011-11-07  126.66  127.57  123.48  124.36  773800  124.36
2011-11-04  126.6  128.96  126.08  127.11  852800  127.11
2011-11-03  124.63  128.38  122.45  127.43  830900  127.43
2011-11-02  124.61  129.39  119.52  122.26  1616700  122.26
2011-11-01  126.41  128.26  122.58  122.89  1415100  122.89
2011-10-31  128.52  131.92  128.52  129.49  761300  129.49
2011-10-28  131.29  132.5  129.3  132.05  660000  132.05
2011-10-27  130.31  132.28  127.99  131.73  1433200  131.73
2011-10-26  125.76  126.54  124.07  125.36  828800  125.36
2011-10-25  126.03  126.92  123.35  123.75  506900  123.75
2011-10-24  126.49  129.61  126.25  127.86  854500  127.86
2011-10-21  123.24  127.62  123.24  126.13  864400  126.13
2011-10-20  123.05  123.06  120.53  122.44  544800  122.44
2011-10-19  124.32  124.79  122.19  122.44  800200  122.44
2011-10-18  122.14  124.91  119.34  124.13  858200  124.13
2011-10-17  123.05  124.59  121.59  121.92  647500  121.92
2011-10-14  125.08  125.14  122.63  124.08  479000  124.08
2011-10-13  124.41  124.49  121.98  123.71  415400  123.71
2011-10-12  123.76  127.06  123.1  125.24  566000  125.24
2011-10-11  124.62  125.11  121.21  122.73  705000  122.73
2011-10-10  123.38  126.01  123.13  125.6  468700  125.6
2011-10-07  124.36  124.36  120.69  121.26  750600  121.26
2011-10-06  122.61  125.31  121.14  125.14  460600  125.14
2011-10-05  121.07  123.43  119.02  122.76  577800  122.76
2011-10-04  116.09  121.35  114.89  120.9  885200  120.9
2011-10-03  117.52  120.85  117.21  117.35  866200  117.35
2011-09-30  120.52  121.02  117.8  117.91  606000  117.91
2011-09-29  122.64  123.51  118.83  121.82  681700  121.82
2011-09-28  122.71  123.64  120.28  121.06  914700  121.06
2011-09-27  124.7  125.31  122.94  123.67  998000  123.67
2011-09-26  123.26  123.85  119.06  123.7  799900  123.7
2011-09-23  122.17  123.11  119.47  121.74  1170400  121.74
2011-09-22  119.75  123.21  118.45  122.57  1199200  122.57
2011-09-21  122.13  126.08  122.09  122.5  882100  122.5
2011-09-20  123.36  125.13  121.53  122.09  424000  122.09
2011-09-19  122.25  123.6  120.7  122.51  490700  122.51
2011-09-16  123.34  124.91  122.56  124.61  882200  124.61
2011-09-15  120.94  123.42  118.48  123.31  958400  123.31
2011-09-14  119.39  121.63  116.01  120.13  681700  120.13
2011-09-13  117.21  118.99  115.86  118.77  582800  118.77
2011-09-12  112.33  117.39  111.75  117.29  660100  117.29
2011-09-09  115.18  116.67  113.51  114.14  658000  114.14
2011-09-08  115.76  117.65  114.84  116.35  602500  116.35
2011-09-07  114.27  116.9  113.39  116.72  739100  116.72
2011-09-06  108.66  113.16  108.49  112.84  590300  112.84
2011-09-02  113.08  113.79  111.32  112.2  368100  112.2
2011-09-01  117.38  117.63  114.48  114.87  439500  114.87
2011-08-31  116.97  118.08  116.16  117.6  571100  117.6
2011-08-30  115.64  116.61  113.34  115.86  438700  115.86
2011-08-29  114.27  116.11  113.3  116.1  478100  116.1
2011-08-26  109.04  111.97  106.83  111.76  436800  111.76
2011-08-25  113.58  113.58  108.93  109.91  509300  109.91
2011-08-24  110.58  112.37  109.78  112.28  439700  112.28
2011-08-23  105.95  111.08  105.0  110.96  703600  110.96
2011-08-22  106.78  108.16  105.45  105.92  530200  105.92
2011-08-19  103.9  107.01  103.69  104.74  707200  104.74
2011-08-18  107.73  108.21  104.61  105.42  800900  105.42
2011-08-17  111.52  113.6  110.3  110.81  729600  110.81
2011-08-16  114.69  115.18  108.97  110.89  1606800  110.89
2011-08-15  115.54  116.3  114.38  116.08  733700  116.08
2011-08-12  117.21  117.91  114.07  114.54  648900  114.54
2011-08-11  110.67  117.9  110.37  116.5  1184600  116.5
2011-08-10  109.67  114.49  106.43  109.47  1872300  109.47
2011-08-09  105.69  114.03  104.45  112.66  2844100  112.66
2011-08-08  107.28  110.54  102.26  103.6  2595600  103.6
2011-08-05  111.87  113.46  108.7  109.83  1064700  109.83
2011-08-04  114.97  115.53  110.34  110.51  973000  110.51
2011-08-03  119.04  120.19  113.77  116.67  1213000  116.67
2011-08-02  120.86  121.77  118.72  118.74  666000  118.74
2011-08-01  124.36  124.36  120.56  121.76  441200  121.76
2011-07-29  122.21  124.59  121.14  122.93  473600  122.93
2011-07-28  122.81  125.23  122.81  123.23  368900  123.23
2011-07-27  125.43  126.14  122.45  122.71  527500  122.71
2011-07-26  127.08  127.52  125.73  125.91  507400  125.91
2011-07-25  127.02  128.28  126.68  127.44  267400  127.44
2011-07-22  126.48  128.98  126.48  128.34  308100  128.34
2011-07-21  127.06  128.12  126.43  127.82  589800  127.82
2011-07-20  127.61  128.35  125.56  125.93  538200  125.93
2011-07-19  126.27  127.37  125.57  127.27  310800  127.27
2011-07-18  126.85  127.46  124.8  125.51  449300  125.51
2011-07-15  125.88  127.19  125.08  127.12  369200  127.12
2011-07-14  126.38  128.12  125.44  125.66  694800  125.66
2011-07-13  125.9  127.59  125.49  125.74  452000  125.74
2011-07-12  125.25  126.63  124.86  124.95  256200  124.95
2011-07-11  126.44  127.43  124.34  125.22  458900  125.22
2011-07-08  127.59  128.51  126.78  128.02  365100  128.02
2011-07-07  128.69  131.32  127.97  129.13  590500  129.13
2011-07-06  127.58  127.58  126.44  127.45  295600  127.45
2011-07-05  126.3  128.76  126.3  128.13  627300  128.13
2011-07-01  124.47  126.89  124.41  126.6  453500  126.6
2011-06-30  124.33  125.38  123.6  124.34  498000  124.34
2011-06-29  122.6  125.47  122.39  123.78  673600  123.78
2011-06-28  120.44  123.19  119.5  122.05  393700  122.05
2011-06-27  118.55  120.55  118.3  120.16  362900  120.16
2011-06-24  119.29  119.91  117.41  118.21  407000  118.21
2011-06-23  118.0  119.6  116.91  119.26  631700  119.26
2011-06-22  121.92  122.59  119.47  119.57  514700  119.57
2011-06-21  120.78  121.97  120.16  121.91  570700  121.91
2011-06-20  119.11  120.37  117.79  120.27  561000  120.27
2011-06-17  117.57  118.61  117.3  117.76  484300  117.76
2011-06-16  116.02  118.93  115.73  116.76  843100  116.76
2011-06-15  117.15  117.71  115.41  116.17  587900  116.17
2011-06-14  116.74  118.5  116.37  118.22  514800  118.22
2011-06-13  115.84  116.59  115.27  115.62  494900  115.62
2011-06-10  115.12  116.46  114.7  115.45  485700  115.45
2011-06-09  113.27  116.65  112.68  116.36  625900  116.36
2011-06-08  112.48  113.61  112.32  112.87  655900  112.87
2011-06-07  113.78  114.47  112.98  113.51  365900  113.51
2011-06-06  114.66  115.15  112.92  113.41  524400  113.41
2011-06-03  115.81  117.15  115.16  115.29  446800  115.29
2011-06-02  116.54  117.63  115.55  117.01  556000  117.01
2011-06-01  120.07  120.36  116.19  116.26  734900  116.26
2011-05-31  119.85  120.3  118.46  120.29  1248800  120.29
2011-05-27  120.84  121.37  118.26  118.82  582000  118.82
2011-05-26  120.19  120.42  119.39  120.01  511300  120.01
2011-05-25  120.39  121.33  119.88  120.79  506200  120.79
2011-05-24  120.23  121.31  119.53  121.0  628100  121.0
2011-05-23  119.63  120.23  119.14  120.05  492900  120.05
2011-05-20  122.41  123.25  120.66  120.82  412300  120.82
2011-05-19  122.25  122.63  120.56  122.49  545800  122.49
2011-05-18  120.29  122.21  120.07  122.01  493600  122.01
2011-05-17  122.17  122.98  119.75  120.12  1287800  120.12
2011-05-16  120.9  126.3  120.63  121.86  2212000  121.86
2011-05-13  119.59  120.22  117.52  117.97  451900  117.97
2011-05-12  119.43  120.52  118.3  119.68  807000  119.68
2011-05-11  119.7  121.08  119.02  119.95  978600  119.95
2011-05-10  118.65  119.99  117.95  119.89  565100  119.89
2011-05-09  117.41  118.96  116.6  118.58  841500  118.58
2011-05-06  114.86  117.75  114.59  117.25  1200400  117.25
2011-05-05  113.96  114.99  111.9  113.72  964500  113.72
2011-05-04  115.65  116.65  111.87  114.51  1858600  114.51
2011-05-03  117.64  118.32  115.72  116.1  723700  116.1
2011-05-02  120.28  120.41  117.35  117.85  871500  117.85
2011-04-29  119.93  120.3  118.44  119.99  590000  119.99
2011-04-28  121.19  121.58  119.25  119.84  472200  119.84
2011-04-27  122.39  122.81  119.82  121.43  497100  121.43
2011-04-26  121.87  123.14  121.67  122.01  622700  122.01
2011-04-25  122.11  122.95  120.24  121.64  637800  121.64
2011-04-21  120.65  121.85  120.36  121.82  387100  121.82
2011-04-20  120.33  120.58  119.78  120.3  444700  120.3
2011-04-19  119.53  120.34  118.15  118.98  491900  118.98
2011-04-18  120.42  120.42  118.81  119.48  507600  119.48
2011-04-15  120.69  122.03  120.14  121.66  704000  121.66
2011-04-14  120.12  121.36  119.35  120.28  371300  120.28
2011-04-13  120.74  121.64  120.19  120.83  475000  120.83
2011-04-12  119.4  121.61  119.02  120.12  464700  120.12
2011-04-11  120.49  121.31  119.34  120.19  598400  120.19
2011-04-08  121.98  122.6  119.52  120.19  539000  120.19
2011-04-07  123.94  124.57  121.47  121.9  805300  121.9
2011-04-06  119.39  122.46  119.38  122.13  1064300  122.13
2011-04-05  118.39  119.67  117.31  119.45  925000  119.45
2011-04-04  120.04  122.55  117.8  118.55  1411100  118.55
2011-04-01  122.23  122.88  117.6  119.39  4351000  119.39
2011-03-31  124.23  124.61  121.69  123.17  805300  123.17
2011-03-30  126.53  126.57  124.35  124.56  401800  124.56
2011-03-29  125.13  125.75  123.61  125.74  441800  125.74
2011-03-28  126.4  127.86  125.33  125.44  501000  125.44
2011-03-25  127.02  127.96  125.81  127.6  371200  127.6
2011-03-24  127.3  127.74  125.98  126.92  419800  126.92
2011-03-23  124.93  127.61  124.9  126.65  470400  126.65
2011-03-22  124.48  126.41  124.26  125.38  590300  125.38
2011-03-21  125.4  126.03  124.2  124.87  326700  124.87
2011-03-18  126.6  127.06  123.54  124.4  635200  124.4
2011-03-17  125.05  125.91  124.36  124.97  567500  124.97
2011-03-16  122.77  125.32  122.54  123.4  740700  123.4
2011-03-15  121.48  124.51  120.85  122.96  818500  122.96
2011-03-14  124.86  125.23  123.54  124.42  810600  124.42
2011-03-11  127.42  128.15  124.38  125.69  1162800  125.69
2011-03-10  129.25  129.64  126.34  127.21  734100  127.21
2011-03-09  130.98  131.48  129.95  130.54  500700  130.54
2011-03-08  133.18  133.18  130.08  131.55  871000  131.55
2011-03-07  130.09  134.98  130.0  134.32  1587500  134.32
2011-03-04  129.41  130.05  128.33  129.86  659800  129.86
2011-03-03  128.08  129.84  127.66  129.09  565000  129.09
2011-03-02  126.24  128.35  125.85  127.13  606100  127.13
2011-03-01  128.02  128.74  126.27  126.72  539200  126.72
2011-02-28  127.08  129.86  126.44  127.82  719700  127.82
2011-02-25  123.85  126.6  123.61  126.53  549600  126.53
2011-02-24  121.65  124.43  121.14  123.27  733000  123.27
2011-02-23  122.07  122.81  120.44  122.36  1073400  122.36
2011-02-22  125.23  125.75  120.93  121.93  1410600  121.93
2011-02-18  128.72  128.72  125.26  126.8  779600  126.8
2011-02-17  126.64  129.15  126.64  128.52  860600  128.52
2011-02-16  126.61  128.92  126.12  127.5  803700  127.5
2011-02-15  129.61  129.82  125.49  126.36  982100  126.36
2011-02-14  128.17  131.15  127.26  130.07  705100  130.07
2011-02-11  127.21  129.12  126.57  128.4  621300  128.4
2011-02-10  122.27  128.78  122.14  128.07  1630400  128.07
2011-02-09  119.65  123.1  119.14  122.76  2631600  122.76
2011-02-08  120.2  120.35  117.2  117.87  959500  117.87
2011-02-07  120.99  121.45  119.77  119.96  370000  119.96
2011-02-04  118.82  120.02  118.1  120.02  524600  120.02
2011-02-03  119.94  119.94  117.44  118.91  727400  118.91
2011-02-02  120.71  121.55  119.51  119.93  647100  119.93
2011-02-01  120.19  122.14  120.07  121.02  654000  121.02
2011-01-31  116.74  120.18  116.74  120.13  1158800  120.13
2011-01-28  117.62  118.13  115.31  116.56  789100  116.56
2011-01-27  114.76  117.78  114.3  117.5  782200  117.5
2011-01-26  115.38  115.46  114.18  114.63  574400  114.63
2011-01-25  115.95  116.96  113.09  115.06  1267200  115.06
2011-01-24  115.72  117.5  115.72  116.46  432600  116.46
2011-01-21  116.22  117.84  115.6  116.24  632900  116.24
2011-01-20  114.46  115.82  112.93  115.21  1074200  115.21
2011-01-19  116.04  116.72  114.87  115.22  698600  115.22
2011-01-18  116.27  117.02  115.75  116.41  582600  116.41
2011-01-14  116.03  116.86  115.01  115.92  797900  115.92
2011-01-13  114.99  116.37  114.25  116.0  673600  116.0
2011-01-12  113.17  116.34  112.43  115.06  1082300  115.06
2011-01-11  114.4  115.16  112.15  112.15  745700  112.15
2011-01-10  112.32  115.12  112.32  113.75  1003300  113.75
2011-01-07  114.31  114.7  111.8  113.68  769100  113.68
2011-01-06  117.25  117.35  113.43  114.14  1317000  114.14
2011-01-05  117.28  118.78  116.86  117.3  536000  117.3
2011-01-04  118.84  119.82  117.12  117.62  615700  117.62
2011-01-03  119.45  120.63  118.47  118.8  759300  118.8
2010-12-31  118.77  119.48  118.71  118.8  187800  118.8
2010-12-30  119.49  119.88  118.82  119.13  220700  119.13
2010-12-29  120.54  120.56  118.84  119.49  369600  119.49
2010-12-28  120.53  120.92  119.96  120.54  261700  120.54
2010-12-27  119.19  120.54  119.08  120.5  322500  120.5
2010-12-23  119.82  120.01  119.23  119.64  340700  119.64
2010-12-22  119.72  121.54  119.72  120.09  368000  120.09
2010-12-21  119.09  120.04  118.77  119.72  430200  119.72
2010-12-20  119.0  120.14  118.59  118.71  418600  118.71
2010-12-17  118.64  119.91  116.68  118.88  811500  118.88
2010-12-16  117.31  118.05  116.01  117.01  670100  117.01
2010-12-15  115.79  118.11  115.27  117.45  668200  117.45
2010-12-14  117.32  117.32  115.48  116.03  447600  116.03
2010-12-13  118.15  120.21  117.4  117.4  796000  117.4
2010-12-10  117.37  117.94  116.47  117.2  396100  117.2
2010-12-09  117.76  118.29  116.38  117.37  329200  117.37
2010-12-08  116.04  117.78  115.88  117.69  456600  117.69
2010-12-07  117.58  119.06  115.75  115.85  535800  115.85
2010-12-06  116.15  117.68  115.99  117.59  510500  117.59
2010-12-03  119.49  119.64  115.03  116.41  992300  116.41
2010-12-02  115.62  120.45  115.28  119.98  920400  119.98
2010-12-01  113.88  115.35  113.17  115.28  605700  115.28
2010-11-30  111.47  112.66  111.01  112.36  444900  112.36
2010-11-29  112.15  113.09  111.34  112.58  390600  112.58
2010-11-26  112.92  114.14  112.35  112.73  273800  112.73
2010-11-24  111.99  113.96  111.62  113.89  436300  113.89
2010-11-23  111.35  112.5  110.68  111.48  484200  111.48
2010-11-22  113.62  113.74  112.15  112.62  487700  112.62
2010-11-19  112.81  114.67  112.13  114.44  657500  114.44
2010-11-18  112.41  113.6  111.48  112.81  639300  112.81
2010-11-17  110.6  111.53  110.03  111.35  470000  111.35
2010-11-16  112.42  113.22  110.25  110.43  504700  110.43
2010-11-15  112.42  114.07  112.23  113.01  448100  113.01
2010-11-12  113.66  114.14  111.53  111.93  524500  111.93
2010-11-11  114.63  115.56  113.78  114.34  419900  114.34
2010-11-10  114.81  115.85  113.44  115.62  384200  115.62
2010-11-09  117.15  117.15  114.52  114.79  386100  114.79
2010-11-08  116.49  117.11  114.99  116.98  648700  116.98
2010-11-05  114.82  117.32  114.42  117.09  936500  117.09
2010-11-04  113.25  114.43  112.52  114.38  837700  114.38
2010-11-03  113.54  113.72  111.02  112.17  847100  112.17
2010-11-02  115.33  115.37  112.81  113.15  536800  113.15
2010-11-01  114.18  115.26  112.22  113.93  1286600  113.93
2010-10-29  113.69  115.23  113.46  114.53  810700  114.53
2010-10-28  115.02  115.22  113.79  114.23  874000  114.23
2010-10-27  112.2  114.51  112.12  114.33  531100  114.33
2010-10-26  113.12  114.08  110.39  112.83  1031500  112.83
2010-10-25  117.11  117.65  115.02  115.27  1269600  115.27
2010-10-22  117.89  118.73  116.35  116.49  675800  116.49
2010-10-21  116.1  118.01  115.78  117.83  629200  117.83
2010-10-20  115.62  116.8  115.26  115.64  786000  115.64
2010-10-19  114.93  116.82  113.72  115.63  1024500  115.63
2010-10-18  114.66  116.55  113.99  116.44  651100  116.44
2010-10-15  113.74  114.87  112.48  114.66  846000  114.66
2010-10-14  112.56  113.63  111.72  112.61  891300  112.61
2010-10-13  113.55  114.65  112.46  112.6  1181900  112.6
2010-10-12  111.51  113.26  110.78  112.9  804300  112.9
2010-10-11  111.99  112.24  111.26  111.65  386500  111.65
2010-10-08  111.17  112.35  110.31  112.03  520000  112.03
2010-10-07  110.93  112.21  110.42  111.07  665600  111.07
2010-10-06  110.55  111.35  109.92  110.46  620200  110.46
2010-10-05  108.0  111.51  107.15  110.97  1073600  110.97
2010-10-04  105.72  107.49  105.51  107.04  915200  107.04
2010-10-01  105.31  106.88  104.76  106.23  736000  106.23
2010-09-30  105.84  106.87  104.41  104.41  649600  104.41
2010-09-29  104.95  105.54  104.0  104.92  429900  104.92
2010-09-28  104.79  105.72  103.68  105.53  623400  105.53
2010-09-27  104.48  105.7  103.96  104.76  597800  104.76
2010-09-24  101.96  104.39  101.77  104.22  645200  104.22
2010-09-23  101.99  102.25  100.46  100.77  1424900  100.77
2010-09-22  102.98  104.55  102.29  102.54  639800  102.54
2010-09-21  104.65  105.19  102.79  103.18  765000  103.18
2010-09-20  104.89  105.1  103.64  104.62  1819700  104.62
2010-09-17  106.29  106.47  104.56  104.65  769500  104.65
2010-09-16  106.8  107.0  105.2  105.9  694200  105.9
2010-09-15  105.92  106.98  105.5  106.84  624500  106.84
2010-09-14  106.77  107.51  105.98  106.12  656000  106.12
2010-09-13  106.21  107.39  105.74  106.92  433800  106.92
2010-09-10  103.98  105.69  103.98  105.21  448800  105.21
2010-09-09  105.06  105.15  103.54  104.08  576600  104.08
2010-09-08  102.98  104.69  102.98  103.78  902800  103.78
2010-09-07  101.41  103.58  101.12  102.94  1207000  102.94
2010-09-03  101.48  102.04  99.96  102.03  616600  102.03
2010-09-02  98.68  100.46  97.83  100.35  531900  100.35
2010-09-01  97.22  99.11  97.12  99.11  754800  99.11
2010-08-31  93.72  95.71  93.72  95.28  1142500  95.28
2010-08-30  96.91  96.99  94.1  94.14  734600  94.14
2010-08-27  96.08  97.07  95.49  97.05  1303400  97.05
2010-08-26  95.94  97.01  94.88  95.4  992700  95.4
2010-08-25  93.17  95.97  91.91  95.35  1667800  95.35
2010-08-24  95.24  95.24  93.4  93.64  1504800  93.64
2010-08-23  96.87  97.72  96.02  96.19  1078200  96.19
2010-08-20  96.23  97.42  96.21  96.76  812200  96.76
2010-08-19  98.92  99.5  97.08  97.13  688400  97.13
2010-08-18  99.42  99.75  98.34  99.39  805900  99.39
2010-08-17  98.8  100.05  97.42  99.61  1206500  99.61
2010-08-16  97.01  98.32  95.9  97.92  1177800  97.92
2010-08-13  100.02  100.49  95.28  96.17  1897400  96.17
2010-08-12  100.58  101.08  99.22  100.21  721900  100.21
2010-08-11  104.6  104.68  101.49  101.72  1366700  101.72
2010-08-10  107.13  107.67  105.06  105.93  1003500  105.93
2010-08-09  107.66  108.35  105.76  108.22  665500  108.22
2010-08-06  107.2  108.64  106.38  107.01  533900  107.01
2010-08-05  109.68  109.68  107.64  108.64  597000  108.64
2010-08-04  107.93  111.22  107.93  109.98  1059300  109.98
2010-08-03  107.93  108.11  106.43  107.09  774300  107.09
2010-08-02  106.68  108.53  106.43  108.32  685100  108.32
2010-07-30  105.36  106.16  103.82  105.31  609600  105.31
2010-07-29  106.7  107.83  105.38  106.15  396200  106.15
2010-07-28  106.83  107.9  106.13  106.33  402400  106.33
2010-07-27  108.15  108.57  106.48  106.88  656200  106.88
2010-07-26  108.35  108.35  106.58  107.68  574400  107.68
2010-07-23  105.34  108.17  105.34  108.04  485100  108.04
2010-07-22  105.48  107.17  104.91  106.2  484100  106.2
2010-07-21  108.76  108.76  103.89  104.07  751400  104.07
2010-07-20  102.7  107.51  102.2  107.22  1382300  107.22
2010-07-19  101.48  103.28  101.14  102.58  734000  102.58
2010-07-16  103.99  105.07  101.04  101.24  995400  101.24
2010-07-15  105.5  106.44  103.35  105.22  1025100  105.22
2010-07-14  107.07  107.48  104.11  105.58  1259800  105.58
2010-07-13  107.39  108.28  106.94  107.68  810000  107.68
2010-07-12  106.02  106.99  105.47  106.29  534500  106.29
2010-07-09  106.77  107.88  105.32  106.32  823300  106.32
2010-07-08  106.83  107.69  105.25  106.99  898100  106.99
2010-07-07  103.77  106.75  102.26  106.46  1518200  106.46
2010-07-06  107.28  107.57  101.44  103.6  1609400  103.6
2010-07-02  112.37  112.38  104.44  105.91  1918800  105.91
2010-07-01  113.28  114.09  109.39  112.29  814500  112.29
2010-06-30  113.44  115.55  112.24  112.69  842000  112.69
2010-06-29  116.25  116.63  112.74  113.54  1098900  113.54
2010-06-28  118.01  119.15  115.51  117.65  1004400  117.65
2010-06-25  115.16  118.79  114.66  118.01  1005400  118.01
2010-06-24  116.05  116.6  113.92  114.18  936500  114.18
2010-06-23  118.52  119.79  116.26  117.17  686000  117.17
2010-06-22  121.38  123.04  118.83  119.05  666900  119.05
2010-06-21  122.83  123.66  120.47  121.12  712300  121.12
2010-06-18  121.87  122.87  121.22  121.81  1109200  121.81
2010-06-17  123.55  124.13  120.44  121.97  2362500  121.97
2010-06-16  121.56  129.14  121.56  126.56  1970000  126.56
2010-06-15  122.79  124.04  121.56  122.88  1271900  122.88
2010-06-14  124.9  125.04  122.34  122.55  1131000  122.55
2010-06-11  117.88  123.63  117.88  123.04  1210500  123.04
2010-06-10  115.47  118.84  115.47  118.62  848800  118.62
2010-06-09  115.76  118.45  113.84  114.44  871300  114.44
2010-06-08  117.29  117.77  113.16  115.72  1096800  115.72
2010-06-07  118.3  120.07  116.53  116.62  793400  116.62
2010-06-04  118.29  120.17  117.0  117.55  1071600  117.55
2010-06-03  121.86  122.13  119.93  120.86  793400  120.86
2010-06-02  116.72  121.14  116.72  121.04  1521100  121.04
2010-06-01  115.35  117.9  113.8  115.49  816600  115.49
2010-05-28  116.75  117.88  115.25  115.78  777100  115.78
2010-05-27  114.09  117.1  114.09  117.0  782800  117.0
2010-05-26  113.94  115.41  112.22  112.76  782500  112.76
2010-05-25  111.29  113.76  109.07  113.56  999400  113.56
2010-05-24  115.2  117.45  113.82  113.84  1071500  113.84
2010-05-21  108.67  114.86  107.61  114.75  1424200  114.75
2010-05-20  111.15  112.66  109.07  109.19  1085800  109.19
2010-05-19  113.63  115.06  110.93  113.68  971700  113.68
2010-05-18  119.68  120.85  113.53  114.35  1311600  114.35
2010-05-17  118.38  119.37  116.22  119.0  1147600  119.0
2010-05-14  120.92  121.03  116.65  117.84  955300  117.84
2010-05-13  122.2  124.63  121.5  121.56  846800  121.56
2010-05-12  120.61  123.53  120.61  122.22  1150500  122.22
2010-05-11  122.1  124.48  119.89  120.07  1716600  120.07
2010-05-10  118.85  123.19  118.1  123.02  1429200  123.02
2010-05-07  116.95  118.25  113.15  114.34  1296600  114.34
2010-05-06  118.59  120.06  109.67  116.69  1709600  116.69
2010-05-05  112.57  119.65  111.94  118.59  1186600  118.59
2010-05-04  115.35  115.73  112.71  113.09  626200  113.09
2010-05-03  116.95  117.63  115.65  116.51  626600  116.51
2010-04-30  117.83  118.99  116.24  116.28  774000  116.28
2010-04-29  117.64  119.14  115.67  118.47  646900  118.47
2010-04-28  116.46  117.84  114.86  116.1  688500  116.1
2010-04-27  120.6  120.64  115.28  115.48  1222400  115.48
2010-04-26  118.15  122.29  117.68  119.92  1493800  119.92
2010-04-23  116.94  118.33  115.61  117.91  976700  117.91
2010-04-22  110.84  118.35  110.32  116.49  1943800  116.49
2010-04-21  112.37  112.55  109.97  111.54  574300  111.54
2010-04-20  109.65  112.17  108.57  112.09  938400  112.09
2010-04-19  106.71  109.4  106.48  109.11  582400  109.11
2010-04-16  110.84  111.22  106.88  107.19  985100  107.19
2010-04-15  110.0  111.32  110.0  111.32  640300  111.32
2010-04-14  108.99  110.44  108.68  110.35  723500  110.35
2010-04-13  108.43  109.16  107.96  108.6  452900  108.6
2010-04-12  106.65  109.4  106.65  108.26  711800  108.26
2010-04-09  106.76  107.69  106.3  106.72  597800  106.72
2010-04-08  105.44  107.17  105.21  106.71  697800  106.71
2010-04-07  106.56  107.2  105.42  105.85  591300  105.85
2010-04-06  108.59  108.74  105.33  106.75  1482200  106.75
2010-04-05  112.29  112.8  109.71  110.06  1143000  110.06
2010-04-01  112.39  113.62  111.55  112.34  773700  112.34
2010-03-31  110.0  113.29  109.88  111.85  1276100  111.85
2010-03-30  111.03  111.17  109.58  110.03  477100  110.03
2010-03-29  111.16  111.67  110.0  111.03  753900  111.03
2010-03-26  109.93  112.02  109.92  110.75  637100  110.75
2010-03-25  110.74  111.85  109.44  109.57  653000  109.57
2010-03-24  109.32  110.92  108.39  110.16  693500  110.16
2010-03-23  109.88  109.9  108.36  109.52  483400  109.52
2010-03-22  107.11  109.83  106.57  109.55  494100  109.55
2010-03-19  109.56  110.08  107.41  107.79  863600  107.79
2010-03-18  109.52  111.09  108.25  109.21  621600  109.21
2010-03-17  108.92  109.97  108.47  109.12  582300  109.12
2010-03-16  108.69  109.18  107.65  108.39  405800  108.39
2010-03-15  108.28  108.88  106.7  108.57  683000  108.57
2010-03-12  111.65  112.25  108.84  109.9  952400  109.9
2010-03-11  109.47  111.65  109.12  111.33  711600  111.33
2010-03-10  109.51  110.06  107.86  109.67  881600  109.67
2010-03-09  109.57  109.92  108.64  109.38  964900  109.38
2010-03-08  108.97  110.07  107.98  109.89  536900  109.89
2010-03-05  109.13  109.45  108.02  109.11  815700  109.11
2010-03-04  106.97  109.12  106.88  108.63  822300  108.63
2010-03-03  108.06  108.85  106.81  107.02  840300  107.02
2010-03-02  108.05  109.35  107.28  107.87  1025600  107.87
2010-03-01  106.91  108.13  105.97  107.77  788600  107.77
2010-02-26  105.09  107.15  104.32  106.97  944200  106.97
2010-02-25  102.24  105.14  101.55  104.78  872200  104.78
2010-02-24  102.3  104.2  102.21  103.89  821900  103.89
2010-02-23  101.86  103.43  101.55  101.88  867800  101.88
2010-02-22  103.5  103.91  102.28  102.45  753300  102.45
2010-02-19  101.39  103.79  101.33  103.19  1165600  103.19
2010-02-18  102.46  103.13  101.34  102.06  626700  102.06
2010-02-17  104.07  104.43  101.29  102.5  1107300  102.5
2010-02-16  100.99  104.02  100.81  103.85  1228000  103.85
2010-02-12  98.38  100.5  98.01  100.21  964500  100.21
2010-02-11  96.6  100.07  96.41  99.19  1346600  99.19
2010-02-10  96.29  97.65  94.17  95.4  2207100  95.4
2010-02-09  97.96  99.49  96.88  98.58  1249700  98.58
2010-02-08  99.19  100.36  96.75  96.75  1623600  96.75
2010-02-05  95.37  98.25  94.18  98.18  1371500  98.18
2010-02-04  98.81  98.81  93.73  95.29  1921100  95.29
2010-02-03  99.32  101.36  99.07  99.51  970600  99.51
2010-02-02  97.9  100.19  97.24  98.75  1148800  98.75
2010-02-01  96.05  97.95  94.62  97.64  1188900  97.64
2010-01-29  96.03  98.71  94.4  95.2  1492300  95.2
2010-01-28  97.41  97.45  94.22  95.06  1212400  95.06
2010-01-27  96.32  97.06  93.22  96.77  2223700  96.77
2010-01-26  100.14  100.14  94.92  95.03  2381500  95.03
2010-01-25  103.34  104.16  100.6  100.62  1114900  100.62
2010-01-22  102.96  104.29  99.51  99.86  2077300  99.86
2010-01-21  107.44  107.87  101.21  103.25  2213200  103.25
2010-01-20  108.02  108.43  106.04  107.32  935200  107.32
2010-01-19  106.57  109.32  106.09  108.76  952500  108.76
2010-01-15  109.08  109.7  106.68  106.71  841300  106.71
2010-01-14  107.23  110.36  106.66  109.28  991900  109.28
2010-01-13  105.81  107.92  105.13  107.3  1160800  107.3
2010-01-12  107.55  108.65  104.47  105.42  1407700  105.42
2010-01-11  108.49  109.49  107.35  108.18  620000  108.18
2010-01-08  107.39  110.27  106.47  108.16  1263600  108.16
2010-01-07  104.46  108.24  104.24  107.82  1259700  107.82
2010-01-06  106.88  108.23  104.32  104.96  1923600  104.96
2010-01-05  111.67  111.68  107.43  108.3  1560800  108.3
2010-01-04  112.75  113.16  111.56  112.53  727400  112.53
