Date  Open  High  Low  Close  Volume  Adj Close
2014-02-28  24.79  24.85  24.57  24.76  23482700  24.76
2014-02-27  24.8  24.8  24.51  24.76  20863900  24.76
2014-02-26  24.74  24.98  24.61  24.8  19820200  24.8
2014-02-25  24.67  24.71  24.46  24.62  21539100  24.62
2014-02-24  24.51  24.88  24.41  24.63  24145500  24.63
2014-02-21  24.95  24.96  24.35  24.42  30579800  24.42
2014-02-20  24.54  24.85  24.5  24.74  20193800  24.74
2014-02-19  24.65  24.72  24.42  24.5  25686000  24.5
2014-02-18  24.67  24.78  24.55  24.76  17738100  24.76
2014-02-14  24.58  24.76  24.41  24.76  20539700  24.76
2014-02-13  24.43  24.74  24.31  24.7  22922000  24.7
2014-02-12  24.51  24.69  24.37  24.55  25874100  24.55
2014-02-11  24.35  24.52  24.33  24.47  17911700  24.47
2014-02-10  24.11  24.37  24.06  24.29  24571300  24.29
2014-02-07  24.2  24.26  23.77  24.21  30808400  24.21
2014-02-06  23.6  24.08  23.55  23.99  28008400  23.99
2014-02-05  23.7  23.76  23.5  23.52  32476200  23.52
2014-02-04  23.76  23.81  23.35  23.59  50816300  23.59
2014-02-03  24.26  24.27  23.66  23.72  52868200  23.72
2014-01-31  24.22  24.42  24.17  24.31  28623300  24.31
2014-01-30  24.52  24.66  24.31  24.51  24610100  24.51
2014-01-29  24.52  24.73  24.4  24.45  27145700  24.45
2014-01-28  24.47  24.81  24.33  24.66  32453800  24.66
2014-01-27  24.54  24.76  24.43  24.49  32564900  24.49
2014-01-24  24.65  24.96  24.56  24.58  34838700  24.58
2014-01-23  24.93  25.01  24.66  24.89  40241000  24.89
2014-01-22  25.15  25.3  24.91  25.07  48749900  25.07
2014-01-21  25.55  25.56  25.03  25.35  42286400  25.35
2014-01-17  25.12  25.62  25.02  25.61  111758900  25.61
2014-01-16  26.39  26.49  26.08  26.29  48960800  26.29
2014-01-15  26.47  26.87  26.36  26.42  58277700  26.42
2014-01-14  25.76  26.3  25.66  26.26  74142900  26.26
2014-01-13  25.39  25.75  25.18  25.26  40274500  25.26
2014-01-10  25.26  25.61  25.26  25.29  30588800  25.29
2014-01-09  25.18  25.31  25.01  25.07  20878000  25.07
2014-01-08  25.4  25.47  25.06  25.19  29680500  25.19
2014-01-07  25.3  25.49  25.23  25.35  19665100  25.35
2014-01-06  25.53  25.55  25.21  25.22  28682300  25.22
2014-01-03  25.62  25.66  25.36  25.54  27796700  25.54
2014-01-02  25.54  25.58  25.23  25.55  31833300  25.55
2013-12-31  25.56  25.79  25.52  25.71  22808100  25.71
2013-12-30  25.43  25.61  25.36  25.61  19787200  25.61
2013-12-27  25.51  25.56  25.24  25.36  12970600  25.36
2013-12-26  25.19  25.46  25.19  25.46  16957000  25.46
2013-12-24  25.14  25.38  25.11  25.19  12157900  25.19
2013-12-23  25.03  25.19  24.94  25.08  28120800  25.08
2013-12-20  24.87  25.11  24.8  24.82  55380100  24.82
2013-12-19  24.88  25.0  24.65  24.9  31880600  24.9
2013-12-18  24.47  24.96  24.3  24.91  42680500  24.91
2013-12-17  24.19  24.54  24.15  24.43  28158500  24.43
2013-12-16  24.1  24.48  24.1  24.22  25061100  24.22
2013-12-13  23.98  24.26  23.93  24.06  20631200  24.06
2013-12-12  24.49  24.66  24.19  24.24  21917800  24.24
2013-12-11  24.51  24.65  24.17  24.19  24682400  24.19
2013-12-10  24.66  24.74  24.43  24.59  18203700  24.59
2013-12-09  24.6  24.84  24.44  24.69  29614700  24.69
2013-12-06  24.74  25.02  24.52  24.59  53871400  24.59
2013-12-05  23.59  24.12  23.52  24.03  45399100  24.03
2013-12-04  23.3  23.63  23.3  23.52  43466600  23.52
2013-12-03  23.47  23.51  23.18  23.33  35066400  23.33
2013-12-02  23.78  23.78  23.43  23.48  25685300  23.48
2013-11-29  23.67  23.76  23.53  23.61  13802900  23.61
2013-11-27  23.41  23.69  23.29  23.67  28419200  23.67
2013-11-26  23.57  23.62  23.3  23.43  30600800  23.43
2013-11-25  23.8  23.8  23.28  23.53  43389300  23.53
2013-11-22  24.26  24.27  23.61  23.64  77908100  23.64
2013-11-21  24.38  25.05  24.29  24.99  44050600  24.99
2013-11-20  24.47  24.59  24.23  24.33  20288600  24.33
2013-11-19  24.51  24.64  24.38  24.47  24870200  24.47
2013-11-18  24.38  24.47  24.25  24.37  24712500  24.37
2013-11-15  24.17  24.32  24.02  24.29  22866500  24.29
2013-11-14  24.2  24.27  24.12  24.16  20198900  24.16
2013-11-13  24.02  24.39  23.97  24.37  22990300  24.37
2013-11-12  23.76  24.27  23.75  24.2  37813500  24.2
2013-11-11  23.81  24.06  23.7  23.94  19236500  23.94
2013-11-08  23.8  23.89  23.61  23.86  31502900  23.86
2013-11-07  24.14  24.15  23.77  23.83  25631100  23.83
2013-11-06  23.83  24.08  23.66  24.02  25525700  24.02
2013-11-05  23.69  23.88  23.54  23.8  22849900  23.8
2013-11-04  23.87  23.95  23.7  23.81  26639800  23.81
2013-11-01  24.06  24.19  23.77  23.88  28302100  23.88
2013-10-31  24.06  24.27  23.97  24.01  30901400  24.01
2013-10-30  24.07  24.22  23.94  24.04  24091800  24.04
2013-10-29  23.94  24.21  23.89  24.06  29961700  24.06
2013-10-28  23.73  24.04  23.72  23.91  65581600  23.91
2013-10-25  23.66  23.79  23.57  23.79  59634700  23.79
2013-10-24  23.42  23.53  23.34  23.34  47590200  23.34
2013-10-23  23.49  23.6  23.12  23.3  31651100  23.3
2013-10-22  23.72  23.75  23.56  23.62  29010800  23.62
2013-10-21  23.49  23.72  23.38  23.69  35297600  23.69
2013-10-18  23.42  23.54  23.24  23.44  29579100  23.44
2013-10-17  23.14  23.49  23.05  23.47  28694900  23.47
2013-10-16  22.83  23.3  22.79  23.26  47723400  23.26
2013-10-15  22.96  23.15  22.88  22.95  42957700  22.95
2013-10-14  22.66  23.05  22.6  23.01  27176700  23.01
2013-10-11  22.41  22.83  22.4  22.83  24550600  22.83
2013-10-10  22.56  22.79  22.49  22.67  39189400  22.67
2013-10-09  22.09  22.53  22.06  22.17  40435400  22.17
2013-10-08  22.44  22.45  22.06  22.06  36111200  22.06
2013-10-07  22.28  22.57  22.14  22.4  21321300  22.4
2013-10-04  22.17  22.42  22.17  22.38  22550000  22.38
2013-10-03  22.4  22.42  22.08  22.18  34888500  22.18
2013-10-02  22.28  22.47  22.24  22.46  23205400  22.46
2013-10-01  22.51  22.61  22.27  22.4  25888800  22.4
2013-09-30  22.29  22.74  22.18  22.49  32489600  22.49
2013-09-27  22.78  22.95  22.45  22.55  28924100  22.55
2013-09-26  23.3  23.35  22.76  22.97  32003300  22.97
2013-09-25  23.34  23.37  23.14  23.26  19879900  23.26
2013-09-24  23.14  23.41  23.14  23.26  24410100  23.26
2013-09-23  23.26  23.41  23.17  23.18  22437100  23.18
2013-09-20  23.5  23.52  23.13  23.33  47069000  23.33
2013-09-19  23.51  23.64  23.39  23.46  28261400  23.46
2013-09-18  23.4  23.47  23.12  23.45  31975400  23.45
2013-09-17  23.25  23.45  23.23  23.3  37540700  23.3
2013-09-16  23.19  23.26  22.91  22.95  30088500  22.95
2013-09-13  22.62  23.02  22.61  23.0  61134800  23.0
2013-09-12  22.36  22.42  22.18  22.21  29517900  22.21
2013-09-11  22.48  22.55  22.28  22.38  45815300  22.38
2013-09-10  22.64  22.7  22.5  22.55  31705400  22.55
2013-09-09  22.29  22.6  22.27  22.48  27770600  22.48
2013-09-06  22.27  22.4  21.99  22.25  27606600  22.25
2013-09-05  22.26  22.31  22.07  22.18  22552800  22.18
2013-09-04  21.96  22.36  21.87  22.22  37941800  22.22
2013-09-03  21.8  21.83  21.56  21.66  26427300  21.66
2013-08-30  21.83  21.83  21.49  21.57  33896300  21.57
2013-08-29  21.83  22.01  21.64  21.65  28303500  21.65
2013-08-28  21.78  21.99  21.71  21.87  28090000  21.87
2013-08-27  21.71  21.81  21.59  21.78  37638500  21.78
2013-08-26  21.99  22.11  21.82  21.86  22267800  21.86
2013-08-23  21.92  22.15  21.91  22.02  23088700  22.02
2013-08-22  21.85  21.98  21.76  21.85  17380600  21.85
2013-08-21  22.12  22.16  21.65  21.76  32403300  21.76
2013-08-20  21.89  22.26  21.88  22.1  32084300  22.1
2013-08-19  21.66  22.27  21.63  21.86  43412200  21.86
2013-08-16  21.65  21.77  21.48  21.5  30079000  21.5
2013-08-15  21.87  21.99  21.56  21.62  40451200  21.62
2013-08-14  21.98  22.32  21.93  22.15  23202500  22.15
2013-08-13  22.27  22.28  21.97  22.1  26099200  22.1
2013-08-12  22.06  22.28  22.03  22.22  23520400  22.22
2013-08-09  21.99  22.13  21.89  22.09  25145400  22.09
2013-08-08  22.32  22.35  21.99  22.03  34792500  22.03
2013-08-07  22.29  22.37  22.13  22.28  23350900  22.28
2013-08-06  22.46  22.51  22.29  22.38  28843300  22.38
2013-08-05  22.57  22.59  22.42  22.49  20869000  22.49
2013-08-02  22.53  22.57  22.36  22.57  36242100  22.57
2013-08-01  22.75  22.83  22.38  22.55  37832700  22.55
2013-07-31  22.71  22.8  22.6  22.68  27679200  22.68
2013-07-30  22.64  22.84  22.62  22.72  28855200  22.72
2013-07-29  22.52  22.65  22.42  22.59  85543100  22.59
2013-07-26  22.3  22.61  22.26  22.61  110474500  22.61
2013-07-25  22.21  22.41  22.18  22.41  114558100  22.41
2013-07-24  22.28  22.35  21.99  22.28  33432700  22.28
2013-07-23  22.21  22.34  22.0  22.11  28521400  22.11
2013-07-22  22.42  22.47  22.09  22.13  35890900  22.13
2013-07-19  22.46  22.5  22.17  22.39  45866700  22.39
2013-07-18  22.81  22.95  22.51  22.59  77863900  22.59
2013-07-17  23.62  23.74  23.36  23.47  44084200  23.47
2013-07-16  23.33  23.62  23.23  23.57  34496100  23.57
2013-07-15  23.17  23.3  23.1  23.27  25650100  23.27
2013-07-12  23.28  23.33  22.99  23.23  34561900  23.23
2013-07-11  22.89  23.32  22.8  23.31  41313800  23.31
2013-07-10  22.49  22.65  22.01  22.6  50037500  22.6
2013-07-09  22.65  22.76  22.46  22.49  34739800  22.49
2013-07-08  23.19  23.24  22.38  22.54  68826600  22.54
2013-07-05  23.27  23.4  23.01  23.38  17830400  23.38
2013-07-03  23.03  23.23  22.79  23.09  18167200  23.09
2013-07-02  23.2  23.36  22.88  23.05  28290100  23.05
2013-07-01  23.67  23.74  23.17  23.22  29698200  23.22
2013-06-28  23.26  23.72  23.06  23.55  80413900  23.55
2013-06-27  23.42  23.66  23.33  23.37  25564500  23.37
2013-06-26  23.51  23.55  23.21  23.33  33645000  23.33
2013-06-25  23.16  23.27  22.91  23.21  34571300  23.21
2013-06-24  23.41  23.54  22.75  22.92  49145200  22.92
2013-06-21  23.63  23.67  23.41  23.52  67754000  23.52
2013-06-20  24.03  24.05  23.42  23.51  63565700  23.51
2013-06-19  24.78  24.96  24.3  24.3  28843900  24.3
2013-06-18  24.36  24.92  24.36  24.75  36674300  24.75
2013-06-17  24.4  24.63  24.21  24.39  42643200  24.39
2013-06-14  24.32  24.43  24.14  24.22  24762700  24.22
2013-06-13  23.77  24.31  23.72  24.29  27707000  24.29
2013-06-12  24.26  24.29  23.72  23.77  24535200  23.77
2013-06-11  24.13  24.37  23.93  24.01  27077800  24.01
2013-06-10  24.02  24.39  23.95  24.31  29780800  24.31
2013-06-07  23.72  24.01  23.54  23.9  35539400  23.9
2013-06-06  24.06  24.24  23.59  23.96  40020000  23.96
2013-06-05  24.4  24.56  23.95  24.0  53335200  24.0
2013-06-04  24.84  25.25  24.64  24.65  68515500  24.65
2013-06-03  24.18  24.73  24.13  24.53  76493500  24.53
2013-05-31  23.55  24.02  23.45  23.6  47793200  23.6
2013-05-30  23.6  23.81  23.53  23.53  26299900  23.53
2013-05-29  23.29  23.7  23.22  23.59  31653900  23.59
2013-05-28  23.48  23.71  23.32  23.4  31153700  23.4
2013-05-24  23.25  23.37  22.92  23.25  30861700  23.25
2013-05-23  23.2  23.44  23.17  23.37  38132900  23.37
2013-05-22  23.45  23.84  23.26  23.39  49686400  23.39
2013-05-21  23.42  23.57  23.32  23.47  37917900  23.47
2013-05-20  23.4  23.57  23.32  23.4  31324400  23.4
2013-05-17  23.44  23.53  23.22  23.36  36277400  23.36
2013-05-16  23.39  23.72  23.26  23.27  29812900  23.27
2013-05-15  23.22  23.52  23.14  23.52  33568900  23.52
2013-05-14  23.4  23.49  23.11  23.17  36694400  23.17
2013-05-13  23.72  23.8  23.35  23.4  28535200  23.4
2013-05-10  23.73  23.85  23.66  23.81  22554800  23.81
2013-05-09  23.51  23.87  23.42  23.67  31333900  23.67
2013-05-08  23.37  23.61  23.29  23.57  24900600  23.57
2013-05-07  23.3  23.57  23.27  23.47  38605600  23.47
2013-05-06  23.49  23.53  23.18  23.24  31009100  23.24
2013-05-03  23.54  23.54  23.28  23.29  30085800  23.29
2013-05-02  22.84  23.25  22.79  23.21  33486300  23.21
2013-05-01  22.94  23.27  22.93  23.1  38373800  23.1
2013-04-30  22.84  23.11  22.76  23.06  41468900  23.06
2013-04-29  22.57  22.95  22.53  22.88  102141600  22.88
2013-04-26  22.44  22.68  22.28  22.53  101377300  22.53
2013-04-25  22.77  22.98  22.45  22.51  109178000  22.51
2013-04-24  22.41  22.91  22.39  22.78  54282000  22.78
2013-04-23  22.12  22.58  22.08  22.51  62494100  22.51
2013-04-22  21.64  22.09  21.52  22.03  52817000  22.03
2013-04-19  21.44  21.61  21.38  21.6  49101000  21.6
2013-04-18  21.23  21.56  21.08  21.41  76237300  21.41
2013-04-17  20.98  21.31  20.76  21.11  79461200  21.11
2013-04-16  20.67  21.11  20.62  21.1  64767000  21.1
2013-04-15  20.7  20.9  20.56  20.58  38459200  20.58
2013-04-12  20.93  20.99  20.67  20.87  34028000  20.87
2013-04-11  20.92  21.1  20.69  21.02  59295600  21.02
2013-04-10  20.91  21.58  20.9  21.43  67102900  21.43
2013-04-09  20.32  21.07  20.28  20.94  61518700  20.94
2013-04-08  20.12  20.31  20.03  20.31  34213000  20.31
2013-04-05  20.16  20.19  19.98  20.16  36721600  20.16
2013-04-04  20.26  20.4  20.18  20.35  28702500  20.35
2013-04-03  20.66  20.7  20.23  20.27  36620800  20.27
2013-04-02  20.72  20.78  20.53  20.66  28166700  20.66
2013-04-01  20.86  20.89  20.52  20.63  33718100  20.63
2013-03-28  21.04  21.1  20.8  21.03  33336700  21.03
2013-03-27  20.82  21.16  20.71  21.02  45370900  21.02
2013-03-26  20.49  20.96  20.46  20.96  39548500  20.96
2013-03-25  20.59  20.62  20.29  20.36  32740700  20.36
2013-03-22  20.37  20.55  20.3  20.54  30803200  20.54
2013-03-21  20.23  20.36  20.13  20.26  32607200  20.26
2013-03-20  20.52  20.56  20.32  20.39  29919000  20.39
2013-03-19  20.47  20.56  20.22  20.35  42546000  20.35
2013-03-18  20.45  20.69  20.4  20.47  35154400  20.47
2013-03-15  20.8  20.89  20.47  20.58  52949600  20.58
2013-03-14  20.93  21.03  20.71  20.84  28836500  20.84
2013-03-13  20.75  20.89  20.66  20.85  24617400  20.85
2013-03-12  20.85  20.92  20.65  20.83  28617300  20.83
2013-03-11  20.73  20.93  20.49  20.88  42148200  20.88
2013-03-08  21.14  21.22  20.67  20.78  44990500  20.78
2013-03-07  20.99  21.18  20.95  21.08  42380000  21.08
2013-03-06  20.73  20.98  20.71  20.94  37188900  20.94
2013-03-05  20.55  20.79  20.51  20.71  38796400  20.71
2013-03-04  20.37  20.5  20.18  20.48  47545800  20.48
2013-03-01  20.02  20.4  19.89  20.25  45695700  20.25
2013-02-28  20.13  20.29  20.04  20.1  34808000  20.1
2013-02-27  19.83  20.26  19.75  20.15  46966600  20.15
2013-02-26  19.72  20.07  19.65  19.81  67247100  19.81
2013-02-25  19.81  19.88  19.48  19.48  41525600  19.48
2013-02-22  19.56  19.73  19.35  19.66  34534800  19.66
2013-02-21  19.98  19.99  19.37  19.5  60754500  19.5
2013-02-20  20.31  20.32  19.93  19.96  46119800  19.96
2013-02-19  20.4  20.43  20.28  20.31  31061600  20.31
2013-02-15  20.44  20.5  20.2  20.33  33809100  20.33
2013-02-14  20.34  20.49  20.28  20.44  35262200  20.44
2013-02-13  20.43  20.51  20.36  20.46  21267200  20.46
2013-02-12  20.25  20.46  20.21  20.4  28391400  20.4
2013-02-11  20.22  20.28  20.14  20.25  18897200  20.25
2013-02-08  20.12  20.31  20.1  20.22  28150100  20.22
2013-02-07  20.19  20.19  19.93  20.04  41015200  20.04
2013-02-06  20.37  20.41  20.13  20.21  32361000  20.21
2013-02-05  20.35  20.53  20.27  20.39  30076500  20.39
2013-02-04  20.29  20.37  20.15  20.16  38345600  20.16
2013-02-01  20.19  20.35  20.09  20.35  31867100  20.35
2013-01-31  20.29  20.31  20.02  20.04  36534100  20.04
2013-01-30  20.28  20.45  20.22  20.36  34151300  20.36
2013-01-29  20.09  20.29  20.01  20.27  105703100  20.27
2013-01-28  20.01  20.09  19.99  20.05  105398300  20.05
2013-01-25  20.05  20.07  19.89  19.97  107632800  19.97
2013-01-24  20.1  20.18  19.94  19.96  58396800  19.96
2013-01-23  20.2  20.21  20.04  20.11  42432300  20.11
2013-01-22  20.27  20.28  20.04  20.17  51127400  20.17
2013-01-18  20.34  20.42  20.03  20.24  143760400  20.24
2013-01-17  21.07  21.96  21.06  21.6  101020600  21.6
2013-01-16  20.87  21.15  20.81  21.06  36763700  21.06
2013-01-15  20.91  21.08  20.74  20.84  33990300  20.84
2013-01-14  20.94  21.08  20.72  20.96  35724500  20.96
2013-01-11  20.77  21.03  20.74  20.96  44944700  20.96
2013-01-10  20.59  20.79  20.51  20.77  44621600  20.77
2013-01-09  20.21  20.45  20.19  20.43  34290000  20.43
2013-01-08  20.22  20.54  20.02  20.09  48672000  20.09
2013-01-07  20.27  20.43  20.17  20.24  36352100  20.24
2013-01-04  20.35  20.38  20.06  20.16  30142500  20.16
2013-01-03  20.39  20.46  20.14  20.31  41054100  20.31
2013-01-02  20.15  20.37  20.06  20.37  47623000  20.37
2012-12-31  19.29  19.68  19.2  19.64  41139500  19.64
2012-12-28  19.38  19.52  19.25  19.27  25906900  19.27
2012-12-27  19.72  19.78  19.35  19.54  31704300  19.54
2012-12-26  19.76  19.94  19.66  19.67  22488700  19.67
2012-12-24  19.67  19.75  19.54  19.66  14193100  19.66
2012-12-21  19.68  19.86  19.5  19.78  61993100  19.78
2012-12-20  20.2  20.23  19.89  20.03  34005500  20.03
2012-12-19  20.07  20.3  19.87  20.1  52804600  20.1
2012-12-18  19.7  20.0  19.6  19.97  41601200  19.97
2012-12-17  19.57  19.7  19.39  19.59  34959900  19.59
2012-12-14  19.55  19.76  19.39  19.56  34149500  19.56
2012-12-13  19.65  19.93  19.47  19.52  41607600  19.52
2012-12-12  19.87  19.99  19.57  19.69  48354700  19.69
2012-12-11  19.2  19.76  19.19  19.67  51036500  19.67
2012-12-10  19.2  19.22  19.03  19.13  27273200  19.13
2012-12-07  19.36  19.39  19.08  19.2  41701200  19.2
2012-12-06  19.04  19.32  19.02  19.2  46291200  19.2
2012-12-05  19.0  19.07  18.81  18.91  45847000  18.91
2012-12-04  18.7  19.1  18.68  19.02  57942400  19.02
2012-12-03  18.93  18.97  18.57  18.61  50637000  18.61
2012-11-30  18.7  18.83  18.5  18.64  51427800  18.64
2012-11-29  18.89  19.09  18.53  18.6  64926300  18.6
2012-11-28  18.95  19.16  18.71  19.14  43226300  19.14
2012-11-27  19.0  19.23  18.97  18.98  44893200  18.98
2012-11-26  18.76  18.98  18.69  18.95  67047900  18.95
2012-11-23  18.6  18.89  18.58  18.78  51711900  18.78
2012-11-21  18.59  18.62  18.32  18.44  95636000  18.44
2012-11-20  18.93  18.93  18.43  18.58  85743300  18.58
2012-11-19  19.04  19.48  18.79  19.29  69433800  19.29
2012-11-16  19.12  19.3  18.83  19.23  50855500  19.23
2012-11-15  19.06  19.33  19.03  19.08  45733800  19.08
2012-11-14  19.45  19.52  19.0  19.01  58961300  19.01
2012-11-13  19.6  19.83  19.22  19.32  56379200  19.32
2012-11-12  19.88  19.91  19.67  19.78  27267000  19.78
2012-11-09  19.82  20.13  19.81  19.81  35017900  19.81
2012-11-08  19.91  20.13  19.83  19.84  38090000  19.84
2012-11-07  20.52  20.53  19.91  19.92  70960100  19.92
2012-11-06  20.7  20.96  20.6  20.7  49860500  20.7
2012-11-05  20.97  21.06  20.69  20.8  48797400  20.8
2012-11-02  21.11  21.25  20.76  20.8  51737600  20.8
2012-11-01  20.52  21.13  20.48  20.99  50359300  20.99
2012-10-31  20.75  20.82  20.35  20.39  40612800  20.39
2012-10-26  20.53  20.77  20.37  20.7  92415400  20.7
2012-10-25  20.35  20.51  20.28  20.45  79226400  20.45
2012-10-24  20.48  20.49  20.18  20.23  33237800  20.23
2012-10-23  20.11  20.53  20.09  20.36  47194400  20.36
2012-10-22  20.17  20.33  20.08  20.23  36500300  20.23
2012-10-19  20.43  20.45  20.0  20.05  55622300  20.05
2012-10-18  20.57  20.61  20.36  20.43  42921800  20.43
2012-10-17  20.05  20.72  20.05  20.54  99053800  20.54
2012-10-16  20.73  21.18  20.69  21.07  80707000  21.07
2012-10-15  20.3  20.65  20.27  20.49  49513800  20.49
2012-10-12  20.34  20.6  20.17  20.25  46274000  20.25
2012-10-11  20.62  20.63  20.29  20.44  36817700  20.44
2012-10-10  20.65  20.75  20.46  20.52  47188900  20.52
2012-10-09  20.9  20.92  20.6  20.65  66317400  20.65
2012-10-08  21.32  21.32  21.12  21.22  29698200  21.22
2012-10-05  21.36  21.59  21.29  21.38  38344600  21.38
2012-10-04  21.29  21.33  21.0  21.19  52980100  21.19
2012-10-03  21.55  21.66  21.2  21.26  49772700  21.26
2012-10-02  21.58  21.68  21.36  21.53  36381100  21.53
2012-10-01  21.45  21.85  21.38  21.46  55261300  21.46
2012-09-28  21.74  21.74  21.29  21.36  47920800  21.36
2012-09-27  21.46  21.82  21.36  21.77  43872200  21.77
2012-09-26  21.28  21.45  21.2  21.36  49734700  21.36
2012-09-25  21.64  21.66  21.22  21.25  49535100  21.25
2012-09-24  21.62  21.64  21.24  21.5  48846500  21.5
2012-09-21  21.89  21.94  21.7  21.81  56246600  21.81
2012-09-20  21.77  21.85  21.67  21.85  33083000  21.85
2012-09-19  22.16  22.17  21.82  21.83  39459800  21.83
2012-09-18  21.97  22.17  21.81  22.03  41948200  22.03
2012-09-17  21.96  22.1  21.84  21.98  36169000  21.98
2012-09-14  22.11  22.19  21.9  22.03  47983700  22.03
2012-09-13  21.69  22.07  21.52  22.02  52998300  22.02
2012-09-12  22.05  22.23  21.74  21.86  44862700  21.86
2012-09-11  21.97  22.3  21.88  22.01  54237700  22.01
2012-09-10  22.58  23.19  21.85  21.93  80584600  21.93
2012-09-07  22.75  23.29  22.64  22.81  86282100  22.81
2012-09-06  23.08  23.67  23.07  23.67  40187600  23.67
2012-09-05  23.01  23.37  22.81  23.0  38595800  23.0
2012-09-04  23.6  23.62  22.88  23.02  40688000  23.02
2012-08-31  23.1  23.57  23.08  23.41  43447800  23.41
2012-08-30  23.16  23.23  22.77  22.88  37182200  22.88
2012-08-29  23.51  23.53  23.14  23.26  60462600  23.26
2012-08-28  23.37  23.58  23.27  23.57  33119500  23.57
2012-08-27  23.44  23.51  23.34  23.42  34424700  23.42
2012-08-24  23.62  23.64  23.29  23.49  45187500  23.49
2012-08-23  24.12  24.13  23.51  23.61  51397600  23.61
2012-08-22  24.41  24.52  24.19  24.26  33619400  24.26
2012-08-21  24.83  24.84  24.51  24.62  31661300  24.62
2012-08-20  24.72  24.82  24.61  24.73  25600800  24.73
2012-08-17  25.05  25.1  24.71  24.82  30376900  24.82
2012-08-16  24.93  25.13  24.83  25.07  25699700  25.07
2012-08-15  24.73  24.96  24.69  24.77  26081000  24.77
2012-08-14  25.27  25.28  24.88  24.97  27470400  24.97
2012-08-13  25.23  25.29  24.9  25.16  23619700  25.16
2012-08-10  25.17  25.36  25.01  25.34  24930300  25.34
2012-08-09  25.11  25.35  25.05  25.17  26465300  25.17
2012-08-08  24.97  25.21  24.8  25.08  27034400  25.08
2012-08-07  24.95  25.12  24.85  24.99  27077800  24.99
2012-08-06  24.73  25.05  24.71  24.81  24613200  24.81
2012-08-03  24.75  24.84  24.49  24.73  30692600  24.73
2012-08-02  24.06  24.55  24.01  24.22  34309900  24.22
2012-08-01  24.15  24.31  24.0  24.24  29207700  24.24
2012-07-31  24.08  24.34  24.02  24.02  26616900  24.02
2012-07-30  24.29  24.49  24.01  24.08  25878100  24.08
2012-07-27  24.0  24.37  23.81  24.32  33344000  24.32
2012-07-26  23.91  24.15  23.68  23.83  37808200  23.83
2012-07-25  23.39  23.86  23.37  23.49  34407600  23.49
2012-07-24  23.55  23.58  23.17  23.38  33637600  23.38
2012-07-23  23.41  23.7  23.18  23.61  36378200  23.61
2012-07-20  24.18  24.3  23.83  23.85  48844000  23.85
2012-07-19  24.63  24.63  24.14  24.36  36555800  24.36
2012-07-18  23.56  24.7  23.42  24.5  67503500  24.5
2012-07-17  23.67  23.98  23.22  23.72  63631500  23.72
2012-07-16  23.58  23.66  23.37  23.49  36984500  23.49
2012-07-13  23.18  23.73  23.14  23.6  35972100  23.6
2012-07-12  23.51  23.52  23.06  23.12  53147600  23.12
2012-07-11  23.9  23.94  23.57  23.73  34809100  23.73
2012-07-10  24.16  24.69  23.78  23.89  47231600  23.89
2012-07-09  24.35  24.5  24.12  24.46  27910200  24.46
2012-07-06  24.71  24.77  24.24  24.45  32515300  24.45
2012-07-05  25.05  25.08  24.64  24.81  20324500  24.81
2012-07-03  24.97  25.1  24.82  25.1  12515500  25.1
2012-07-02  24.78  24.99  24.67  24.93  21739700  24.93
2012-06-29  24.56  24.91  24.5  24.91  35082300  24.91
2012-06-28  24.3  24.33  23.78  24.14  40166600  24.14
2012-06-27  24.41  24.62  24.36  24.51  23642100  24.51
2012-06-26  24.45  24.56  24.06  24.31  34935400  24.31
2012-06-25  24.86  24.91  24.19  24.35  41787800  24.35
2012-06-22  25.12  25.2  24.93  25.18  100360700  25.18
2012-06-21  25.71  25.78  24.87  24.96  47571100  24.96
2012-06-20  25.68  25.93  25.59  25.83  28164900  25.83
2012-06-19  25.78  25.82  25.47  25.71  30060200  25.71
2012-06-18  25.51  25.81  25.44  25.63  30432300  25.63
2012-06-15  25.25  25.64  25.12  25.55  51838900  25.55
2012-06-14  24.85  25.29  24.7  25.22  38301200  25.22
2012-06-13  24.74  25.12  24.62  24.81  30496500  24.81
2012-06-12  24.42  24.81  24.35  24.79  29132000  24.79
2012-06-11  24.81  24.89  24.26  24.29  28041300  24.29
2012-06-08  24.18  24.75  24.16  24.68  26750500  24.68
2012-06-07  24.64  24.7  24.19  24.24  29534200  24.24
2012-06-06  23.85  24.41  23.77  24.37  33553600  24.37
2012-06-05  23.41  23.9  23.37  23.77  29491300  23.77
2012-06-04  23.62  23.7  23.21  23.4  39903700  23.4
2012-06-01  23.74  24.03  23.48  23.5  40246400  23.5
2012-05-31  24.09  24.36  24.02  24.15  42240200  24.15
2012-05-30  24.21  24.48  24.11  24.42  33089800  24.42
2012-05-29  24.33  24.59  24.17  24.38  35052800  24.38
2012-05-25  24.04  24.16  23.9  24.06  19122200  24.06
2012-05-24  23.9  24.09  23.65  23.97  37129200  23.97
2012-05-23  23.81  23.85  23.29  23.78  61969600  23.78
2012-05-22  24.55  24.56  24.1  24.33  46037700  24.33
2012-05-21  24.36  24.48  24.0  24.44  41389400  24.44
2012-05-18  24.53  24.84  24.35  24.37  43444900  24.37
2012-05-17  24.74  24.92  24.48  24.48  31503200  24.48
2012-05-16  25.15  25.23  24.76  24.77  44629300  24.77
2012-05-15  25.28  25.47  25.06  25.12  35712100  25.12
2012-05-14  25.56  25.61  25.12  25.25  39447300  25.25
2012-05-11  25.47  26.12  25.42  25.82  34937400  25.82
2012-05-10  25.55  25.67  25.2  25.46  36239000  25.46
2012-05-09  25.31  25.56  25.0  25.41  40599300  25.41
2012-05-08  25.68  25.79  25.24  25.58  53087400  25.58
2012-05-07  26.02  26.16  25.85  25.95  37385900  25.95
2012-05-04  26.47  26.53  26.02  26.08  34573600  26.08
2012-05-03  27.34  27.35  26.56  26.69  41219000  26.69
2012-05-02  26.75  27.16  26.65  27.08  40434700  27.08
2012-05-01  26.41  26.95  26.32  26.86  43316200  26.86
2012-04-30  26.37  26.48  26.25  26.35  28810500  26.35
2012-04-27  26.08  26.47  26.07  26.33  33310200  26.33
2012-04-26  25.8  26.26  25.75  26.19  46644900  26.19
2012-04-25  25.45  25.9  25.38  25.85  40854600  25.85
2012-04-24  25.38  25.61  25.28  25.34  35010600  25.34
2012-04-23  25.36  25.58  25.28  25.47  37791200  25.47
2012-04-20  25.72  25.95  25.58  25.61  38058500  25.61
2012-04-19  25.86  26.06  25.46  25.69  43035900  25.69
2012-04-18  25.6  26.09  25.49  25.94  72249100  25.94
2012-04-17  26.4  26.71  26.36  26.42  61288000  26.42
2012-04-16  26.22  26.49  26.11  26.36  37480000  26.36
2012-04-13  26.31  26.35  26.06  26.07  34480900  26.07
2012-04-12  25.96  26.47  25.92  26.43  37053200  26.43
2012-04-11  25.68  25.98  25.64  25.84  26668200  25.84
2012-04-10  25.7  25.85  25.43  25.47  36272100  25.47
2012-04-09  25.73  25.89  25.6  25.76  22965500  25.76
2012-04-05  25.86  26.08  25.8  26.05  22033800  26.05
2012-04-04  25.86  26.01  25.61  25.92  30845100  25.92
2012-04-03  26.27  26.32  25.93  26.08  34152500  26.08
2012-04-02  26.01  26.39  25.97  26.33  28853500  26.33
2012-03-30  26.34  26.4  26.0  26.09  43024400  26.09
2012-03-29  25.75  26.15  25.68  26.13  39616000  26.13
2012-03-28  26.11  26.22  25.8  25.8  35152000  25.8
2012-03-27  26.21  26.24  26.05  26.16  24365100  26.16
2012-03-26  25.99  26.22  25.95  26.16  32799700  26.16
2012-03-23  25.93  25.97  25.68  25.87  24899500  25.87
2012-03-22  25.73  25.94  25.62  25.89  23395100  25.89
2012-03-21  25.79  25.88  25.71  25.78  22212900  25.78
2012-03-20  25.66  25.89  25.57  25.75  22684900  25.75
2012-03-19  25.67  25.89  25.55  25.74  26937200  25.74
2012-03-16  25.81  25.94  25.7  25.73  54672100  25.73
2012-03-15  25.52  25.84  25.45  25.75  34191900  25.75
2012-03-14  25.47  25.89  25.37  25.48  46835700  25.48
2012-03-13  25.17  25.52  25.17  25.51  33796800  25.51
2012-03-12  25.05  25.12  24.97  25.04  24006900  25.04
2012-03-09  25.0  25.21  24.93  25.12  29396700  25.12
2012-03-08  25.06  25.1  24.83  24.91  37261600  24.91
2012-03-07  24.66  25.05  24.61  24.97  32720900  24.97
2012-03-06  24.36  24.71  24.31  24.69  37196700  24.69
2012-03-05  24.97  24.97  24.46  24.63  32332200  24.63
2012-03-02  24.96  25.08  24.84  24.98  29632800  24.98
2012-03-01  25.11  25.18  24.78  24.92  39413000  24.92
2012-02-29  25.28  25.33  24.9  24.94  41856200  24.94
2012-02-28  24.99  25.34  24.89  25.28  32820500  25.28
2012-02-27  24.61  25.24  24.54  24.95  46022400  24.95
2012-02-24  24.8  24.87  24.55  24.78  39309500  24.78
2012-02-23  24.65  24.93  24.45  24.74  33800100  24.74
2012-02-22  25.11  25.38  24.6  24.8  51973800  24.8
2012-02-21  25.37  25.39  25.06  25.2  34911800  25.2
2012-02-17  24.93  25.52  24.89  25.4  74254100  25.4
2012-02-16  24.5  25.01  24.45  24.9  42450700  24.9
2012-02-15  24.94  24.94  24.59  24.66  35832700  24.66
2012-02-14  24.66  24.85  24.59  24.85  25409300  24.85
2012-02-13  24.9  24.91  24.61  24.78  24723000  24.78
2012-02-10  24.82  24.86  24.55  24.78  33616000  24.78
2012-02-09  24.97  25.05  24.86  24.92  35754200  24.92
2012-02-08  24.73  25.04  24.69  24.91  37072100  24.91
2012-02-07  24.71  24.81  24.53  24.72  33101300  24.72
2012-02-06  24.63  24.8  24.46  24.79  36772600  24.79
2012-02-03  24.75  25.0  24.66  24.81  42191600  24.81
2012-02-02  24.48  24.62  24.36  24.39  34780300  24.39
2012-02-01  24.61  24.71  24.4  24.44  46330600  24.44
2012-01-31  24.66  24.67  24.19  24.32  45325300  24.32
2012-01-30  24.41  24.68  24.19  24.62  60694100  24.62
2012-01-27  24.55  24.71  24.48  24.61  50587400  24.61
2012-01-26  24.81  24.86  24.49  24.63  61678200  24.63
2012-01-25  24.7  24.81  24.39  24.76  54757900  24.76
2012-01-24  24.58  24.83  24.49  24.76  56220400  24.76
2012-01-23  24.26  24.76  24.25  24.59  69663500  24.59
2012-01-20  23.81  24.36  23.47  24.28  101272500  24.28
2012-01-19  23.49  23.64  23.35  23.59  64946300  23.59
2012-01-18  23.13  23.45  23.02  23.37  62687000  23.37
2012-01-17  23.18  23.38  22.99  23.05  60438600  23.05
2012-01-13  23.65  23.67  23.1  23.14  63313400  23.14
2012-01-12  23.79  23.84  23.51  23.7  44420500  23.7
2012-01-11  23.41  23.83  23.33  23.75  57170000  23.75
2012-01-10  23.67  23.86  23.49  23.56  41060900  23.56
2012-01-09  23.39  23.53  23.22  23.45  47478600  23.45
2012-01-06  23.2  23.38  23.02  23.24  36343500  23.24
2012-01-05  23.07  23.43  22.99  23.38  49490600  23.38
2012-01-04  22.62  23.14  22.59  23.12  47504000  23.12
2012-01-03  22.66  22.91  22.45  22.59  44845600  22.59
2011-12-30  22.49  22.66  22.32  22.32  21710100  22.32
2011-12-29  22.43  22.63  22.35  22.6  22319300  22.6
2011-12-28  22.58  22.61  22.26  22.31  23703400  22.31
2011-12-27  22.51  22.74  22.46  22.61  24136000  22.61
2011-12-23  22.21  22.46  22.13  22.46  24832700  22.46
2011-12-22  21.94  22.18  21.87  22.11  32002200  22.11
2011-12-21  22.05  22.18  21.57  21.8  45222100  21.8
2011-12-20  21.63  22.08  21.58  21.95  46309500  21.95
2011-12-19  21.54  21.62  21.22  21.27  42243000  21.27
2011-12-16  21.6  21.99  21.38  21.38  94567200  21.38
2011-12-15  21.71  21.79  21.4  21.46  38692600  21.46
2011-12-14  21.62  21.69  21.3  21.46  56395100  21.46
2011-12-13  22.14  22.15  21.56  21.69  78519000  21.69
2011-12-12  22.26  22.36  21.73  22.09  94831300  22.09
2011-12-09  22.47  23.1  22.44  23.02  44071500  23.02
2011-12-08  23.43  23.5  22.68  22.75  58000600  22.75
2011-12-07  23.32  23.73  23.13  23.62  54791500  23.62
2011-12-06  23.1  23.46  23.02  23.34  49516000  23.34
2011-12-05  23.04  23.19  22.82  23.02  42526800  23.02
2011-12-02  23.02  23.14  22.64  22.68  41486500  22.68
2011-12-01  22.89  22.99  22.46  22.94  51820400  22.94
2011-11-30  22.35  22.96  22.3  22.93  73450200  22.93
2011-11-29  21.63  22.0  21.56  21.71  44191100  21.71
2011-11-28  21.43  21.7  21.41  21.6  39753000  21.6
2011-11-25  20.75  21.37  20.72  20.92  28346900  20.92
2011-11-23  21.21  21.31  20.89  20.9  52698400  20.9
2011-11-22  21.52  21.66  21.25  21.39  48479200  21.39
2011-11-21  22.12  22.23  21.5  21.7  58579300  21.7
2011-11-18  22.25  22.49  22.11  22.36  45683600  22.36
2011-11-17  22.93  22.97  22.21  22.41  62125300  22.41
2011-11-16  23.13  23.48  22.9  22.96  74241700  22.96
2011-11-15  22.7  23.44  22.67  23.33  77391300  23.33
2011-11-14  22.81  22.92  22.53  22.67  49418100  22.67
2011-11-11  22.38  22.93  22.37  22.88  43867200  22.88
2011-11-10  22.22  22.32  21.86  22.15  45508700  22.15
2011-11-09  22.32  22.39  21.91  21.95  56872200  21.95
2011-11-08  22.53  22.8  22.33  22.78  55961900  22.78
2011-11-07  21.82  22.38  21.75  22.35  51137900  22.35
2011-11-04  22.13  22.15  21.78  21.85  46476000  21.85
2011-11-03  21.9  22.31  21.43  22.28  58297700  22.28
2011-11-02  21.92  21.95  21.49  21.76  56702800  21.76
2011-11-01  22.0  22.22  21.74  21.81  68002400  21.81
2011-10-31  22.42  22.74  22.34  22.39  43121800  22.39
2011-10-28  22.69  22.84  22.56  22.79  44897400  22.79
2011-10-27  22.75  22.99  22.67  22.93  84559200  22.93
2011-10-26  22.63  22.67  22.21  22.54  58249900  22.54
2011-10-25  22.32  22.67  22.25  22.47  60939200  22.47
2011-10-24  21.95  22.62  21.92  22.44  138273600  22.44
2011-10-21  21.77  22.13  21.72  21.93  123273100  21.93
2011-10-20  21.79  21.79  21.3  21.54  88682000  21.54
2011-10-19  21.91  22.36  21.77  22.12  139956200  22.12
2011-10-18  21.14  21.43  21.05  21.35  85272200  21.35
2011-10-17  21.28  21.53  21.11  21.24  47936100  21.24
2011-10-14  21.39  21.44  21.21  21.44  44894100  21.44
2011-10-13  21.0  21.4  20.95  21.34  51288900  21.34
2011-10-12  20.99  21.25  20.97  21.1  59913300  21.1
2011-10-11  20.77  20.99  20.63  20.98  50604700  20.98
2011-10-10  20.51  20.89  20.51  20.88  40172800  20.88
2011-10-07  20.14  20.53  19.99  20.34  58425800  20.34
2011-10-06  20.0  20.12  19.77  20.1  58483000  20.1
2011-10-05  19.39  20.05  19.22  19.94  70932100  19.94
2011-10-04  18.66  19.41  18.61  19.36  77896900  19.36
2011-10-03  19.32  19.52  18.76  18.81  95768300  18.81
2011-09-30  20.01  20.14  19.46  19.47  64453700  19.47
2011-09-29  20.43  20.63  19.96  20.27  85510500  20.27
2011-09-28  20.63  20.73  20.35  20.36  74789100  20.36
2011-09-27  20.53  20.97  20.41  20.57  88219700  20.57
2011-09-26  20.22  20.47  19.88  20.29  64847800  20.29
2011-09-23  19.52  20.32  19.36  20.22  74135600  20.22
2011-09-22  19.67  19.99  19.47  19.73  94232800  19.73
2011-09-21  20.24  20.53  19.98  20.02  66811700  20.02
2011-09-20  20.07  20.51  19.95  20.26  71495200  20.26
2011-09-19  19.86  20.13  19.74  20.01  57738000  20.01
2011-09-16  19.76  20.16  19.56  20.05  90738900  20.05
2011-09-15  19.44  19.77  19.36  19.65  53239300  19.65
2011-09-14  19.06  19.53  18.9  19.27  58352700  19.27
2011-09-13  18.54  19.07  18.44  18.94  60222400  18.94
2011-09-12  17.82  18.51  17.81  18.5  53318000  18.5
2011-09-09  18.03  18.45  17.94  17.98  61406600  17.98
2011-09-08  18.3  18.53  18.08  18.16  42985100  18.16
2011-09-07  18.27  18.37  18.12  18.32  46090100  18.32
2011-09-06  17.57  17.87  17.48  17.83  44255600  17.83
2011-09-02  18.07  18.18  17.86  17.92  42807600  17.92
2011-09-01  18.5  18.57  18.24  18.24  40781200  18.24
2011-08-31  18.46  18.63  18.27  18.37  55288500  18.37
2011-08-30  18.42  18.57  18.18  18.47  39098800  18.47
2011-08-29  18.19  18.53  18.09  18.52  40646100  18.52
2011-08-26  17.73  18.22  17.58  18.04  53819400  18.04
2011-08-25  18.09  18.14  17.7  17.72  51597200  17.72
2011-08-24  17.87  18.14  17.68  18.07  53521400  18.07
2011-08-23  17.66  17.98  17.61  17.98  54210800  17.98
2011-08-22  17.84  17.95  17.57  17.68  48904000  17.68
2011-08-19  17.89  18.21  17.48  17.51  79157400  17.51
2011-08-18  18.39  18.41  17.84  18.04  92196400  18.04
2011-08-17  18.78  19.14  18.61  18.86  51304900  18.86
2011-08-16  18.92  19.23  18.71  18.97  44763700  18.97
2011-08-15  18.93  19.1  18.82  19.06  46288900  19.06
2011-08-12  18.96  19.08  18.76  18.84  54183200  18.84
2011-08-11  18.37  19.16  18.31  18.94  75327100  18.94
2011-08-10  18.5  18.72  18.04  18.19  95403800  18.19
2011-08-09  18.51  18.82  17.81  18.8  116628500  18.8
2011-08-08  18.47  19.04  18.32  18.35  137491600  18.35
2011-08-05  19.16  19.34  18.44  18.97  101800300  18.97
2011-08-04  19.59  19.9  19.01  19.02  86743900  19.02
2011-08-03  19.71  20.05  19.48  19.9  65640300  19.9
2011-08-02  19.89  20.05  19.62  19.63  56976600  19.63
2011-08-01  20.4  20.51  19.79  20.1  51674300  20.1
2011-07-29  20.2  20.44  20.08  20.18  51897500  20.18
2011-07-28  20.31  20.68  20.18  20.38  36736700  20.38
2011-07-27  20.47  20.56  20.2  20.36  59198500  20.36
2011-07-26  20.81  20.92  20.63  20.69  45573600  20.69
2011-07-25  20.73  21.04  20.6  20.81  40716100  20.81
2011-07-22  20.73  21.01  20.58  20.9  45085500  20.9
2011-07-21  20.19  20.67  20.03  20.61  80125400  20.61
2011-07-20  20.87  20.98  20.69  20.77  57158800  20.77
2011-07-19  20.28  20.88  20.28  20.84  55706900  20.84
2011-07-18  20.14  20.27  19.95  20.13  45195400  20.13
2011-07-15  20.12  20.38  20.06  20.21  49959400  20.21
2011-07-14  20.38  20.51  20.07  20.12  47571900  20.12
2011-07-13  20.39  20.54  20.17  20.31  43265500  20.31
2011-07-12  20.44  20.53  20.1  20.29  51048100  20.29
2011-07-11  20.64  20.77  20.54  20.65  34663100  20.65
2011-07-08  20.74  20.96  20.61  20.86  35838800  20.86
2011-07-07  20.68  21.13  20.66  20.99  53107000  20.99
2011-07-06  20.29  20.62  20.28  20.56  43269800  20.56
2011-07-05  20.51  20.51  20.21  20.28  33358200  20.28
2011-07-01  20.07  20.41  19.97  20.36  35837100  20.36
2011-06-30  19.41  20.07  19.41  20.02  53930200  20.02
2011-06-29  19.46  19.49  19.26  19.33  31660400  19.33
2011-06-28  19.36  19.47  19.21  19.42  36515100  19.42
2011-06-27  19.13  19.41  18.97  19.28  45183400  19.28
2011-06-24  19.53  19.65  19.14  19.16  124407700  19.16
2011-06-23  19.16  19.63  19.03  19.62  54189000  19.62
2011-06-22  19.47  19.53  19.32  19.34  37679600  19.34
2011-06-21  19.39  19.6  19.17  19.56  55384300  19.56
2011-06-20  19.14  19.35  19.13  19.27  37358400  19.27
2011-06-17  19.59  19.59  19.04  19.15  96504000  19.15
2011-06-16  19.4  19.69  19.22  19.36  53634800  19.36
2011-06-15  19.59  19.73  19.34  19.36  48556700  19.36
2011-06-14  19.52  19.81  19.48  19.72  51995000  19.72
2011-06-13  19.33  19.52  19.23  19.33  43553000  19.33
2011-06-10  19.64  19.7  19.21  19.32  53233300  19.32
2011-06-09  19.76  19.89  19.61  19.66  36986100  19.66
2011-06-08  19.85  20.0  19.64  19.72  49513200  19.72
2011-06-07  19.91  20.27  19.88  19.93  60300000  19.93
2011-06-06  19.65  19.84  19.58  19.73  49667100  19.73
2011-06-03  19.69  19.97  19.59  19.64  53937700  19.64
2011-06-02  19.89  20.18  19.75  19.96  53445700  19.96
2011-06-01  20.29  20.31  19.86  19.88  56011400  19.88
2011-05-31  20.29  20.46  20.17  20.34  59575300  20.34
2011-05-27  20.3  20.35  19.98  20.07  67162300  20.07
2011-05-26  20.44  20.46  20.28  20.33  44432200  20.33
2011-05-25  20.49  20.63  20.25  20.49  49375900  20.49
2011-05-24  20.68  20.7  20.41  20.43  51736300  20.43
2011-05-23  20.71  20.81  20.57  20.66  64900000  20.66
2011-05-20  21.2  21.27  20.92  20.98  63124700  20.98
2011-05-19  21.07  21.57  20.96  21.27  98367500  21.27
2011-05-18  21.33  21.65  21.25  21.58  65592900  21.58
2011-05-17  21.12  21.3  20.86  21.28  86074100  21.28
2011-05-16  21.07  21.64  21.03  21.36  74471600  21.36
2011-05-13  21.38  21.5  21.1  21.15  53099500  21.15
2011-05-12  21.01  21.54  21.0  21.43  66300000  21.43
2011-05-11  21.04  21.35  20.96  21.15  85800000  21.15
2011-05-10  20.65  20.96  20.62  20.81  66314300  20.81
2011-05-09  20.9  20.97  20.47  20.57  73296400  20.57
2011-05-06  21.2  21.32  20.9  21.01  100005900  21.01
2011-05-05  21.17  21.56  20.93  21.33  94292200  21.33
2011-05-04  20.83  21.29  20.54  21.24  137107200  21.24
2011-05-03  20.45  21.04  20.33  20.83  110500000  20.83
2011-05-02  20.64  20.78  20.45  20.54  71970500  20.54
2011-04-29  20.45  20.8  20.29  20.76  156189000  20.76
2011-04-28  20.13  20.5  20.13  20.44  55000000  20.44
2011-04-27  20.21  20.33  20.02  20.29  68452900  20.29
2011-04-26  19.57  20.2  19.56  20.16  105300000  20.16
2011-04-25  19.16  19.73  19.12  19.67  81676700  19.67
2011-04-21  19.18  19.27  19.0  19.24  77640100  19.24
2011-04-20  19.02  19.23  18.78  19.2  174554500  19.2
2011-04-19  17.64  17.92  17.59  17.81  81426500  17.81
2011-04-18  17.51  17.7  17.44  17.59  46481400  17.59
2011-04-15  17.58  17.71  17.51  17.71  44283000  17.71
2011-04-14  17.61  17.63  17.41  17.56  52706900  17.56
2011-04-13  17.82  17.88  17.68  17.73  38977500  17.73
2011-04-12  17.94  18.0  17.66  17.72  52110300  17.72
2011-04-11  18.0  18.11  17.94  18.04  43166300  18.04
2011-04-08  17.97  18.11  17.89  17.95  46474900  17.95
2011-04-07  17.86  18.01  17.77  17.96  51606400  17.96
2011-04-06  17.81  17.89  17.67  17.89  56267400  17.89
2011-04-05  17.56  17.82  17.53  17.67  62621400  17.67
2011-04-04  17.74  17.75  17.35  17.47  69372800  17.47
2011-04-01  18.27  18.27  17.54  17.68  82621500  17.68
2011-03-31  18.19  18.26  17.87  18.09  87528000  18.09
2011-03-30  18.3  18.34  18.03  18.34  54565700  18.34
2011-03-29  18.17  18.19  17.91  18.18  59545200  18.18
2011-03-28  18.33  18.53  18.23  18.24  37109400  18.24
2011-03-25  18.2  18.47  18.12  18.26  52478400  18.26
2011-03-24  18.39  18.39  18.18  18.27  49378300  18.27
2011-03-23  18.01  18.25  17.94  18.19  37924600  18.19
2011-03-22  18.1  18.12  17.92  18.07  45962800  18.07
2011-03-21  17.84  18.28  17.82  18.1  43392300  18.1
2011-03-18  17.91  18.07  17.83  17.87  74001300  17.87
2011-03-17  17.95  17.98  17.75  17.84  59048300  17.84
2011-03-16  17.96  18.26  17.67  17.76  84812700  17.76
2011-03-15  18.13  18.22  17.94  18.09  80464000  18.09
2011-03-14  18.53  18.73  18.49  18.69  48954200  18.69
2011-03-11  18.49  18.79  18.48  18.71  45640700  18.71
2011-03-10  18.77  18.85  18.58  18.64  69121300  18.64
2011-03-09  18.9  19.14  18.78  19.01  60415900  19.01
2011-03-08  19.07  19.07  18.85  18.95  57165700  18.95
2011-03-07  19.45  19.5  18.9  19.02  57520200  19.02
2011-03-04  19.62  19.8  19.19  19.33  64664800  19.33
2011-03-03  19.42  19.62  19.41  19.54  50504000  19.54
2011-03-02  19.21  19.46  19.19  19.27  52192300  19.27
2011-03-01  19.38  19.45  19.14  19.18  57987400  19.18
2011-02-28  19.5  19.58  19.16  19.25  66390100  19.25
2011-02-25  19.3  19.73  19.24  19.6  53475700  19.6
2011-02-24  18.92  19.2  18.86  19.09  54496400  19.09
2011-02-23  19.45  19.47  18.83  18.96  83648300  18.96
2011-02-22  19.68  19.89  19.48  19.55  64515600  19.55
2011-02-18  19.81  19.91  19.73  19.85  55060500  19.85
2011-02-17  19.44  19.78  19.43  19.7  50185500  19.7
2011-02-16  19.34  19.62  19.21  19.5  55214100  19.5
2011-02-15  19.26  19.32  19.08  19.23  50640200  19.23
2011-02-14  19.39  19.55  19.28  19.34  45134600  19.34
2011-02-11  19.39  19.59  19.29  19.51  43716600  19.51
2011-02-10  19.22  19.59  19.15  19.55  56661800  19.55
2011-02-09  19.3  19.37  19.2  19.24  44601400  19.24
2011-02-08  19.41  19.44  19.18  19.4  48215100  19.4
2011-02-07  19.49  19.6  19.4  19.45  43643100  19.45
2011-02-04  19.25  19.46  19.22  19.44  39353500  19.44
2011-02-03  19.2  19.41  19.1  19.34  39846000  19.34
2011-02-02  19.1  19.3  19.09  19.17  46928100  19.17
2011-02-01  19.11  19.3  18.92  19.1  60971000  19.1
2011-01-31  19.16  19.24  18.7  19.08  90844300  19.08
2011-01-28  19.35  19.46  18.98  19.08  55193100  19.08
2011-01-27  19.35  19.51  19.25  19.34  58069200  19.34
2011-01-26  19.36  19.47  19.26  19.34  57196100  19.34
2011-01-25  18.92  19.18  18.82  19.16  72327200  19.16
2011-01-24  18.69  18.88  18.6  18.88  82375700  18.88
2011-01-21  18.63  18.71  18.5  18.51  63697600  18.51
2011-01-20  18.62  18.63  18.34  18.63  56170800  18.63
2011-01-19  18.73  18.79  18.63  18.68  43339000  18.68
2011-01-18  18.7  18.85  18.62  18.74  55272100  18.74
2011-01-14  18.98  19.04  18.64  18.74  154888800  18.74
2011-01-13  18.9  18.96  18.74  18.93  104066300  18.93
2011-01-12  18.91  18.97  18.74  18.94  53380600  18.94
2011-01-11  18.51  18.77  18.43  18.71  64452600  18.71
2011-01-10  18.41  18.46  18.28  18.39  51449700  18.39
2011-01-07  18.41  18.47  18.02  18.37  74806100  18.37
2011-01-06  18.38  18.51  18.27  18.47  116669000  18.47
2011-01-05  18.84  18.86  18.58  18.62  61810500  18.62
2011-01-04  18.77  18.84  18.71  18.8  75206200  18.8
2011-01-03  18.68  18.72  18.48  18.54  58223800  18.54
2010-12-31  18.7  18.73  18.62  18.7  15743700  18.7
2010-12-30  18.63  18.74  18.61  18.69  18876000  18.69
2010-12-29  18.62  18.73  18.57  18.62  20848400  18.62
2010-12-28  18.5  18.6  18.45  18.56  21169600  18.56
2010-12-27  18.45  18.55  18.36  18.53  18604300  18.53
2010-12-23  18.53  18.6  18.41  18.53  27960800  18.53
2010-12-22  18.62  18.69  18.5  18.57  49206900  18.57
2010-12-21  18.91  18.91  18.74  18.76  34102300  18.76
2010-12-20  19.01  19.05  18.84  18.87  34211900  18.87
2010-12-17  18.95  19.11  18.91  19.08  57138100  19.08
2010-12-16  18.98  19.02  18.9  18.94  35224900  18.94
2010-12-15  18.98  19.12  18.92  18.92  42701400  18.92
2010-12-14  19.03  19.17  18.94  19.09  41699300  19.09
2010-12-13  19.56  19.57  18.97  19.11  78296300  19.11
2010-12-10  19.48  19.54  19.38  19.48  52407700  19.48
2010-12-09  19.57  19.62  19.31  19.39  79874700  19.39
2010-12-08  19.28  19.47  19.26  19.4  68959600  19.4
2010-12-07  19.42  19.44  19.19  19.19  46991400  19.19
2010-12-06  19.21  19.34  19.16  19.29  31861200  19.29
2010-12-03  19.23  19.36  19.22  19.28  43907400  19.28
2010-12-02  19.11  19.35  19.09  19.29  48095800  19.29
2010-12-01  19.08  19.21  19.05  19.1  52939300  19.1
2010-11-30  18.83  18.93  18.73  18.81  52406500  18.81
2010-11-29  18.8  19.07  18.77  18.96  46887900  18.96
2010-11-26  18.88  19.05  18.76  18.97  19147500  18.97
2010-11-24  18.88  19.18  18.82  19.02  42449700  19.02
2010-11-23  18.71  18.87  18.5  18.75  44856200  18.75
2010-11-22  18.6  18.92  18.56  18.89  40328600  18.89
2010-11-19  18.64  18.84  18.56  18.79  49134200  18.79
2010-11-18  18.72  18.89  18.6  18.69  68847000  18.69
2010-11-17  18.69  18.86  18.61  18.74  44262100  18.74
2010-11-16  18.78  18.91  18.56  18.73  62890100  18.73
2010-11-15  19.25  19.26  18.9  18.94  50076900  18.94
2010-11-12  19.06  19.39  18.96  19.14  100662400  19.14
2010-11-11  18.4  18.88  18.27  18.86  69682800  18.86
2010-11-10  18.81  18.83  18.51  18.71  48072100  18.71
2010-11-09  18.85  18.98  18.69  18.81  46639500  18.81
2010-11-08  18.97  19.11  18.82  18.87  53006900  18.87
2010-11-05  18.68  18.92  18.64  18.88  55960500  18.88
2010-11-04  18.36  18.68  18.28  18.64  66048200  18.64
2010-11-03  18.09  18.25  17.98  18.21  53044600  18.21
2010-11-02  18.2  18.26  17.9  17.94  60959100  17.94
2010-11-01  17.96  18.24  17.95  18.15  51593700  18.15
2010-10-29  18.04  18.14  17.65  17.69  60774400  17.69
2010-10-28  17.9  18.11  17.66  18.06  71144000  18.06
2010-10-27  17.58  17.82  17.47  17.81  48151900  17.81
2010-10-26  17.46  17.74  17.41  17.68  56344600  17.68
2010-10-25  17.6  17.64  17.47  17.53  45769400  17.53
2010-10-22  17.46  17.58  17.42  17.5  50129800  17.5
2010-10-21  17.42  17.52  17.26  17.43  74287500  17.43
2010-10-20  17.03  17.45  17.02  17.33  84884600  17.33
2010-10-19  16.77  17.11  16.68  16.95  85409800  16.95
2010-10-18  16.99  17.04  16.74  16.93  54985100  16.93
2010-10-15  17.15  17.17  16.93  17.04  64052800  17.04
2010-10-14  17.03  17.16  16.93  17.04  59255900  17.04
2010-10-13  17.62  17.67  16.9  16.97  173827300  16.97
2010-10-12  17.33  17.47  17.15  17.44  94743400  17.44
2010-10-11  17.29  17.43  17.23  17.26  52722400  17.26
2010-10-08  17.11  17.27  16.95  17.22  46528700  17.22
2010-10-07  17.08  17.23  16.94  17.11  51794600  17.11
2010-10-06  16.94  17.08  16.87  17.03  54990000  17.03
2010-10-05  16.83  17.01  16.78  16.89  61004600  16.89
2010-10-04  16.99  17.03  16.56  16.65  67082000  16.65
2010-10-01  17.17  17.95  16.65  17.04  41275000  17.04
2010-09-30  17.06  17.29  16.86  16.94  75382200  16.94
2010-09-29  17.18  17.31  16.86  16.97  62484300  16.97
2010-09-28  17.03  17.26  16.85  17.21  61019600  17.21
2010-09-27  17.11  17.14  16.92  16.97  51071000  16.97
2010-09-24  16.96  17.16  16.92  17.13  55749300  17.13
2010-09-23  16.63  17.03  16.54  16.74  51954700  16.74
2010-09-22  16.8  16.98  16.66  16.77  61569400  16.77
2010-09-21  16.65  16.99  16.62  16.88  69131400  16.88
2010-09-20  16.66  16.73  16.49  16.7  44935100  16.7
2010-09-17  16.78  16.83  16.47  16.59  70436600  16.59
2010-09-16  16.49  16.74  16.39  16.73  69165800  16.73
2010-09-15  16.52  16.55  16.35  16.51  56107300  16.51
2010-09-14  16.34  16.58  16.18  16.53  64479500  16.53
2010-09-13  16.07  16.37  16.05  16.37  73870900  16.37
2010-09-10  15.83  15.96  15.74  15.85  68814700  15.85
2010-09-09  15.92  15.95  15.82  15.88  65019600  15.88
2010-09-08  15.91  15.92  15.66  15.79  101747000  15.79
2010-09-07  16.19  16.24  15.92  15.98  58636500  15.98
2010-09-03  16.34  16.4  16.06  16.26  59143200  16.26
2010-09-02  16.09  16.17  15.95  16.13  53192100  16.13
2010-09-01  15.82  16.11  15.78  16.0  73611500  16.0
2010-08-31  15.78  15.81  15.53  15.59  111601400  15.59
2010-08-30  16.1  16.15  15.82  15.84  73718900  15.84
2010-08-27  16.09  16.34  15.72  16.21  135184300  16.21
2010-08-26  16.41  16.42  15.99  16.04  69586000  16.04
2010-08-25  16.11  16.4  16.04  16.3  63350600  16.3
2010-08-24  16.37  16.48  16.22  16.24  75107400  16.24
2010-08-23  16.69  16.75  16.41  16.5  71954400  16.5
2010-08-20  16.69  16.76  16.55  16.68  95174400  16.68
2010-08-19  16.73  16.87  16.59  16.67  159900400  16.67
2010-08-18  17.23  17.45  17.17  17.28  58982400  17.28
2010-08-17  17.4  17.53  17.2  17.23  60836400  17.23
2010-08-16  16.89  17.26  16.86  17.18  48721100  17.18
2010-08-13  17.05  17.19  16.89  16.89  57384800  16.89
2010-08-12  16.91  17.41  16.83  17.16  86580600  17.16
2010-08-11  17.23  17.27  17.03  17.14  99079200  17.14
2010-08-10  17.74  17.79  17.37  17.48  136352400  17.48
2010-08-09  18.34  18.34  18.01  18.22  46082800  18.22
2010-08-06  18.04  18.36  18.01  18.22  50833800  18.22
2010-08-05  18.2  18.34  18.04  18.23  44475000  18.23
2010-08-04  18.36  18.4  18.04  18.29  85639700  18.29
2010-08-03  18.39  18.41  18.13  18.27  60929200  18.27
2010-08-02  18.3  18.63  18.15  18.52  50316200  18.52
2010-07-30  18.18  18.31  18.01  18.03  67395900  18.03
2010-07-29  18.73  18.8  18.17  18.41  83811400  18.41
2010-07-28  18.94  18.99  18.63  18.67  51673900  18.67
2010-07-27  18.98  19.03  18.72  18.89  53975800  18.89
2010-07-26  18.98  19.04  18.75  19.01  50929500  19.01
2010-07-23  18.95  19.02  18.67  18.99  62115500  18.99
2010-07-22  18.69  19.25  18.68  19.07  74465500  19.07
2010-07-21  18.88  18.95  18.54  18.61  71775300  18.61
2010-07-20  18.52  19.02  18.47  18.95  72666400  18.95
2010-07-19  18.53  18.92  18.52  18.9  63430400  18.9
2010-07-16  18.76  18.8  18.38  18.4  80451500  18.4
2010-07-15  18.68  18.9  18.39  18.83  118558200  18.83
2010-07-14  19.31  19.48  18.63  18.7  199002600  18.7
2010-07-13  18.35  19.5  18.22  18.39  103191800  18.39
2010-07-12  17.78  18.08  17.77  18.01  56587900  18.01
2010-07-09  17.56  17.76  17.47  17.72  52843800  17.72
2010-07-08  17.81  17.83  17.36  17.6  65407600  17.6
2010-07-07  17.03  17.66  16.97  17.63  72806800  17.63
2010-07-06  17.11  17.3  16.85  17.05  60697600  17.05
2010-07-02  16.82  16.96  16.6  16.81  58093400  16.81
2010-07-01  17.01  17.17  16.63  16.85  88020000  16.85
2010-06-30  17.25  17.54  16.99  17.03  64294700  17.03
2010-06-29  17.51  17.56  17.21  17.33  79050800  17.33
2010-06-28  17.6  18.02  17.43  17.82  54468400  17.82
2010-06-25  17.86  17.87  17.42  17.54  94683200  17.54
2010-06-24  18.05  18.2  17.68  17.79  62003900  17.79
2010-06-23  18.33  18.4  18.09  18.22  61352400  18.22
2010-06-22  18.5  18.68  18.26  18.37  58831100  18.37
2010-06-21  18.97  18.99  18.44  18.55  48844300  18.55
2010-06-18  18.88  18.96  18.55  18.74  64872600  18.74
2010-06-17  18.9  18.99  18.56  18.84  37270900  18.84
2010-06-16  18.74  18.95  18.56  18.81  43764600  18.81
2010-06-15  18.49  18.88  18.4  18.81  62082000  18.81
2010-06-14  18.34  18.51  18.23  18.29  68877500  18.29
2010-06-11  17.78  18.17  17.75  18.07  49491800  18.07
2010-06-10  17.81  18.03  17.73  17.99  57168300  17.99
2010-06-09  17.85  18.04  17.39  17.45  58981200  17.45
2010-06-08  17.71  17.71  17.28  17.67  91377800  17.67
2010-06-07  18.33  18.41  17.72  17.78  65435200  17.78
2010-06-04  18.86  18.91  18.2  18.34  67919400  18.34
2010-06-03  19.22  19.26  18.79  19.17  54614400  19.17
2010-06-02  18.72  19.11  18.52  19.09  61537200  19.09
2010-06-01  18.65  19.03  18.5  18.54  57164500  18.54
2010-05-28  18.98  19.04  18.58  18.75  72712600  18.75
2010-05-27  18.52  19.09  18.49  19.05  83236800  19.05
2010-05-26  18.47  18.82  18.12  18.12  85666800  18.12
2010-05-25  17.61  18.27  17.53  18.25  96151400  18.25
2010-05-24  18.35  18.58  18.05  18.1  56436100  18.1
2010-05-21  17.87  18.54  17.67  18.31  111769100  18.31
2010-05-20  18.4  18.59  18.06  18.2  106551000  18.2
2010-05-19  18.84  19.01  18.38  18.91  89530600  18.91
2010-05-18  19.38  19.46  18.67  18.76  76636100  18.76
2010-05-17  19.04  19.31  18.75  19.28  64550400  19.28
2010-05-14  19.42  19.44  18.84  19.16  83526200  19.16
2010-05-13  20.16  20.29  19.58  19.7  62099000  19.7
2010-05-12  19.78  20.25  19.68  20.21  83343400  20.21
2010-05-11  19.55  20.02  19.35  19.51  102689700  19.51
2010-05-10  19.51  19.75  19.4  19.74  112607400  19.74
2010-05-07  18.62  19.0  17.92  18.66  139360500  18.66
2010-05-06  19.39  19.59  17.42  18.83  160695900  18.83
2010-05-05  19.35  19.59  19.17  19.41  96854100  19.41
2010-05-04  19.93  19.95  19.47  19.61  90704300  19.61
2010-05-03  19.98  20.38  19.91  20.22  55449900  20.22
2010-04-30  20.39  20.4  19.83  19.86  81864000  19.86
2010-04-29  20.28  20.44  20.25  20.42  59059400  20.42
2010-04-28  20.35  20.39  19.92  20.22  109052100  20.22
2010-04-27  20.63  20.76  20.26  20.3  78937600  20.3
2010-04-26  20.94  20.98  20.7  20.71  57727600  20.71
2010-04-23  20.82  20.92  20.63  20.9  56963700  20.9
2010-04-22  20.48  20.92  20.28  20.86  73666100  20.86
2010-04-21  20.95  20.98  20.46  20.69  73899300  20.69
2010-04-20  21.04  21.08  20.78  20.97  65991400  20.97
2010-04-19  20.78  20.89  20.46  20.86  71310800  20.86
2010-04-16  20.91  21.0  20.66  20.79  102974900  20.79
2010-04-15  20.72  21.19  20.69  21.06  110819600  21.06
2010-04-14  20.49  20.6  20.23  20.45  159980600  20.45
2010-04-13  19.7  19.84  19.54  19.8  122395600  19.8
2010-04-12  19.73  19.77  19.51  19.6  49353000  19.6
2010-04-09  19.47  19.62  19.43  19.6  45528700  19.6
2010-04-08  19.46  19.49  19.27  19.4  40824500  19.4
2010-04-07  19.5  19.72  19.35  19.52  62539800  19.52
2010-04-06  19.5  19.54  19.35  19.47  47056500  19.47
2010-04-05  19.54  19.69  19.42  19.64  34942900  19.64
2010-04-01  19.47  19.68  19.29  19.46  45491000  19.46
2010-03-31  19.41  19.56  19.3  19.38  45983800  19.38
2010-03-30  19.47  19.59  19.28  19.42  37886300  19.42
2010-03-29  19.49  19.55  19.35  19.41  34467900  19.41
2010-03-26  19.5  19.63  19.18  19.33  45700500  19.33
2010-03-25  19.73  19.76  19.4  19.43  52428700  19.43
2010-03-24  19.59  19.71  19.4  19.5  54729000  19.5
2010-03-23  19.47  19.78  19.44  19.71  64740900  19.71
2010-03-22  19.01  19.38  18.98  19.33  47405700  19.33
2010-03-19  19.35  19.47  18.96  19.12  77998500  19.12
2010-03-18  19.29  19.43  19.13  19.3  54458500  19.3
2010-03-17  19.17  19.43  19.04  19.33  77805900  19.33
2010-03-16  18.45  19.16  18.43  19.13  123060900  19.13
2010-03-15  18.39  18.53  18.3  18.4  34378000  18.4
2010-03-12  18.52  18.58  18.41  18.49  39584500  18.49
2010-03-11  18.37  18.49  18.24  18.47  53778700  18.47
2010-03-10  18.21  18.51  18.18  18.42  58435600  18.42
2010-03-09  17.97  18.43  17.96  18.2  83168700  18.2
2010-03-08  18.09  18.16  18.0  18.06  35742100  18.06
2010-03-05  17.96  18.11  17.77  18.07  45879700  18.07
2010-03-04  17.91  17.92  17.62  17.85  62750100  17.85
2010-03-03  18.05  18.1  17.77  17.84  49909900  17.84
2010-03-02  18.25  18.34  17.9  18.0  59399000  18.0
2010-03-01  17.97  18.2  17.92  18.14  51203300  18.14
2010-02-26  17.91  17.98  17.76  17.85  47795300  17.85
2010-02-25  17.7  17.96  17.57  17.93  48789400  17.93
2010-02-24  17.84  18.1  17.83  18.0  51070100  18.0
2010-02-23  18.12  18.22  17.64  17.73  62245300  17.73
2010-02-22  18.21  18.22  17.95  18.14  38730600  18.14
2010-02-19  18.01  18.23  17.89  18.1  40760000  18.1
2010-02-18  17.95  18.13  17.87  18.12  42613600  18.12
2010-02-17  18.13  18.13  17.85  17.96  47296700  17.96
2010-02-16  17.92  18.12  17.86  18.01  69083400  18.01
2010-02-12  17.35  17.98  17.2  17.76  91108900  17.76
2010-02-11  17.07  17.56  17.0  17.44  58837300  17.44
2010-02-10  17.03  17.28  16.91  17.12  56250600  17.12
2010-02-09  17.07  17.29  16.9  17.08  69454100  17.08
2010-02-08  16.93  17.2  16.78  16.82  62563200  16.82
2010-02-05  16.61  17.03  16.52  16.93  88711700  16.93
2010-02-04  17.02  17.03  16.48  16.54  90931100  16.54
2010-02-03  17.2  17.28  16.93  17.11  45582300  17.11
2010-02-02  16.97  17.28  16.87  17.17  63332500  17.17
2010-02-01  16.79  17.03  16.76  16.91  50338300  16.91
2010-01-29  17.36  17.45  16.64  16.73  96053900  16.73
2010-01-28  17.51  17.59  16.97  17.18  76974600  17.18
2010-01-27  17.25  17.54  17.1  17.46  74926200  17.46
2010-01-26  17.41  17.58  17.21  17.25  65298900  17.25
2010-01-25  17.46  17.75  17.37  17.53  73785600  17.53
2010-01-22  17.91  17.93  17.08  17.17  116302400  17.17
2010-01-21  18.24  18.38  17.83  17.97  73633300  17.97
2010-01-20  18.1  18.23  17.98  18.18  65670100  18.18
2010-01-19  18.02  18.25  17.98  18.15  82573500  18.15
2010-01-15  18.45  18.46  17.91  17.94  198078600  17.94
2010-01-14  18.21  18.59  18.16  18.53  150821600  18.53
2010-01-13  17.87  18.18  17.63  18.08  71446700  18.08
2010-01-12  18.0  18.03  17.58  17.78  69958400  17.78
2010-01-11  18.21  18.24  17.96  18.07  51086400  18.07
2010-01-08  17.71  18.01  17.59  17.96  48234700  17.96
2010-01-07  17.88  17.91  17.55  17.77  54041500  17.77
2010-01-06  17.95  18.05  17.83  17.94  40037400  17.94
2010-01-05  18.06  18.1  17.77  18.0  52357700  18.0
2010-01-04  17.93  18.14  17.88  18.01  47800900  18.01
