Date  Open  High  Low  Close  Volume  Adj Close
2014-02-28  28.85  29.09  27.12  27.2  3234600  27.2
2014-02-27  28.51  28.92  28.29  28.41  2092000  28.41
2014-02-26  28.92  29.0  28.43  28.53  982100  28.53
2014-02-25  28.59  28.9  28.49  28.8  1274000  28.8
2014-02-24  28.65  29.19  28.53  28.62  1516900  28.62
2014-02-21  28.35  28.73  28.16  28.61  1457700  28.61
2014-02-20  28.31  28.41  28.1  28.3  1164900  28.3
2014-02-19  28.13  28.58  28.13  28.31  1087300  28.31
2014-02-18  28.02  28.35  27.87  28.26  1240100  28.26
2014-02-14  27.58  28.09  27.49  28.01  990200  28.01
2014-02-13  27.06  27.63  27.0  27.61  954300  27.61
2014-02-12  27.17  27.27  26.94  27.18  1179500  27.18
2014-02-11  26.98  27.34  26.97  27.12  1479800  27.12
2014-02-10  26.86  27.41  26.77  26.98  3019200  26.98
2014-02-07  27.2  27.47  26.64  26.74  2587200  26.74
2014-02-06  26.48  27.18  26.46  27.01  2013200  27.01
2014-02-05  26.2  26.52  26.17  26.45  1619100  26.45
2014-02-04  26.09  26.52  26.0  26.39  1965900  26.39
2014-02-03  26.48  26.57  25.75  25.9  3231300  25.9
2014-01-31  26.44  26.67  26.31  26.41  2541700  26.41
2014-01-30  26.89  27.03  26.64  26.73  1064700  26.73
2014-01-29  27.07  27.31  26.72  26.74  1665800  26.74
2014-01-28  27.16  27.54  27.11  27.24  1783300  27.24
2014-01-27  27.4  27.82  27.15  27.2  2440400  27.2
2014-01-24  27.64  27.77  27.19  27.41  3826100  27.41
2014-01-23  27.73  27.9  27.39  27.88  1742800  27.88
2014-01-22  27.61  28.08  27.6  27.87  1663300  27.87
2014-01-21  27.56  27.65  26.56  27.49  2571700  27.49
2014-01-17  27.53  27.93  27.44  27.51  2700900  27.51
2014-01-16  27.49  27.67  26.96  27.44  3517800  27.44
2014-01-15  27.46  27.76  27.31  27.49  7404200  27.49
2014-01-14  27.79  27.89  27.48  27.49  2239400  27.49
2014-01-13  27.78  27.89  27.03  27.69  4228200  27.69
2014-01-10  28.01  28.04  27.56  27.86  2413400  27.86
2014-01-09  28.22  28.3  27.49  28.0  2333400  28.0
2014-01-08  28.89  29.19  27.82  28.21  4142500  28.21
2014-01-07  29.34  29.45  28.27  28.77  3511700  28.77
2014-01-06  29.54  29.88  29.06  29.28  1202100  29.28
2014-01-03  29.59  29.76  29.26  29.43  1073600  29.43
2014-01-02  30.26  30.48  29.22  29.49  1886400  29.49
2013-12-31  30.6  30.71  30.13  30.35  775100  30.35
2013-12-30  30.45  30.73  30.4  30.49  796600  30.49
2013-12-27  30.72  30.72  30.32  30.55  491400  30.55
2013-12-26  30.6  30.8  30.26  30.59  1024900  30.59
2013-12-24  29.77  30.59  29.58  30.55  1011900  30.55
2013-12-23  29.61  30.12  29.52  29.83  1598300  29.83
2013-12-20  29.05  29.56  28.98  29.54  2260300  29.54
2013-12-19  29.09  29.35  28.81  28.97  1179400  28.97
2013-12-18  28.58  29.29  28.4  29.09  1842500  29.09
2013-12-17  29.03  29.21  28.47  28.61  1547100  28.61
2013-12-16  29.25  29.53  28.99  29.26  1581600  29.26
2013-12-13  28.86  29.36  28.82  29.23  1230900  29.23
2013-12-12  28.79  28.96  28.44  28.79  1897800  28.79
2013-12-11  28.29  29.18  28.22  28.91  2517400  28.91
2013-12-10  28.61  28.76  28.27  28.28  756700  28.28
2013-12-09  28.38  28.67  28.29  28.41  939900  28.41
2013-12-06  28.13  28.58  28.11  28.39  1054800  28.39
2013-12-05  28.17  28.58  27.89  27.99  1457300  27.99
2013-12-04  27.54  28.25  27.31  28.16  2304600  28.16
2013-12-03  27.62  27.88  27.36  27.58  864800  27.58
2013-12-02  27.87  27.98  27.57  27.77  1159300  27.77
2013-11-29  27.96  28.09  27.78  27.87  432700  27.87
2013-11-27  27.92  28.1  27.56  27.93  1754100  27.93
2013-11-26  28.13  28.15  27.71  27.83  1286100  27.83
2013-11-25  28.2  28.34  27.91  28.08  1103400  28.08
2013-11-22  28.3  28.34  27.96  28.15  1064200  28.15
2013-11-21  28.46  28.68  28.19  28.31  2417700  28.31
2013-11-20  29.46  29.55  28.38  28.45  1653300  28.45
2013-11-19  29.71  29.78  28.79  29.42  2436100  29.42
2013-11-18  29.94  30.42  29.48  29.78  2283900  29.78
2013-11-15  28.26  30.04  28.2  29.88  7286400  29.88
2013-11-14  26.25  29.02  26.17  28.23  5242900  28.23
2013-11-13  26.61  26.71  26.07  26.21  1700600  26.21
2013-11-12  26.74  26.84  26.62  26.76  924000  26.76
2013-11-11  26.62  26.86  26.57  26.76  830300  26.76
2013-11-08  26.26  26.71  26.18  26.68  1366200  26.68
2013-11-07  26.05  26.56  26.05  26.26  1782500  26.26
2013-11-06  25.83  26.12  25.71  26.06  1436400  26.06
2013-11-05  25.7  25.8  25.29  25.8  1765300  25.8
2013-11-04  25.93  26.08  25.55  25.74  1394900  25.74
2013-11-01  26.28  26.29  25.52  25.88  2753200  25.88
2013-10-31  27.35  27.71  25.72  26.3  1475100  26.3
2013-10-30  26.29  26.38  26.06  26.15  1106600  26.15
2013-10-29  26.48  26.62  26.22  26.31  697500  26.31
2013-10-28  26.84  26.97  26.36  26.39  988900  26.39
2013-10-25  26.58  26.88  26.48  26.88  900700  26.88
2013-10-24  26.31  26.52  26.23  26.51  659300  26.51
2013-10-23  26.49  26.57  26.25  26.31  731400  26.31
2013-10-22  26.39  26.72  26.34  26.59  837000  26.59
2013-10-21  26.31  26.48  26.14  26.31  1414600  26.31
2013-10-18  25.75  26.27  25.7  26.26  1741400  26.26
2013-10-17  25.21  25.77  25.17  25.75  2149300  25.75
2013-10-16  25.26  25.42  25.13  25.32  1846500  25.32
2013-10-15  25.25  25.31  25.05  25.16  3347400  25.16
2013-10-14  25.29  25.43  24.94  25.25  3666800  25.25
2013-10-11  25.13  25.22  24.8  25.07  2450700  25.07
2013-10-10  25.71  26.19  25.37  25.63  2243800  25.63
2013-10-09  25.63  25.72  25.28  25.46  877000  25.46
2013-10-08  25.98  26.18  25.63  25.63  2188900  25.63
2013-10-07  25.7  26.1  25.62  25.96  887800  25.96
2013-10-04  25.77  25.99  25.6  25.87  1424500  25.87
2013-10-03  26.28  26.31  25.74  25.77  1247100  25.77
2013-10-02  26.65  26.65  26.23  26.35  1333900  26.35
2013-10-01  26.76  26.94  26.62  26.74  1124800  26.74
2013-09-30  27.28  27.29  26.73  26.78  1520600  26.78
2013-09-27  27.56  27.64  27.34  27.47  867800  27.47
2013-09-26  27.8  28.02  27.51  27.64  1493200  27.64
2013-09-25  28.61  28.8  27.76  27.78  2227800  27.78
2013-09-24  28.17  28.69  28.12  28.67  2899000  28.67
2013-09-23  28.06  28.17  27.58  28.16  2231500  28.16
2013-09-20  28.51  28.59  28.03  28.16  2519800  28.16
2013-09-19  27.75  28.55  27.72  28.49  2668200  28.49
2013-09-18  26.77  27.67  26.75  27.65  2601600  27.65
2013-09-17  26.4  26.73  26.31  26.72  1609900  26.72
2013-09-16  26.36  26.45  26.19  26.39  2161000  26.39
2013-09-13  26.19  26.29  25.93  26.1  1135900  26.1
2013-09-12  25.58  26.23  25.57  26.09  3680600  26.09
2013-09-11  25.4  25.64  25.4  25.42  1328100  25.42
2013-09-10  25.63  25.65  25.33  25.38  1454700  25.38
2013-09-09  25.42  25.78  25.42  25.44  2075100  25.44
2013-09-06  25.33  25.45  25.07  25.37  993600  25.37
2013-09-05  25.81  25.87  25.26  25.27  896200  25.27
2013-09-04  25.36  25.84  25.34  25.82  1388100  25.82
2013-09-03  25.48  25.66  25.17  25.32  1349300  25.32
2013-08-30  25.87  25.9  25.25  25.33  1506500  25.33
2013-08-29  25.98  26.19  25.87  25.89  1121900  25.89
2013-08-28  26.16  26.31  26.03  26.07  1439600  26.07
2013-08-27  26.23  26.26  26.03  26.13  1458500  26.13
2013-08-26  26.5  26.71  26.44  26.5  1010800  26.5
2013-08-23  26.38  26.64  26.36  26.52  1074000  26.52
2013-08-22  26.42  26.47  26.09  26.23  1089600  26.23
2013-08-21  26.4  26.54  26.27  26.41  921800  26.41
2013-08-20  26.28  26.54  26.16  26.49  740300  26.49
2013-08-19  26.27  26.28  25.86  26.25  1454200  26.25
2013-08-16  26.51  26.6  26.16  26.31  843900  26.31
2013-08-15  27.0  27.08  26.55  26.56  1088000  26.56
2013-08-14  27.21  27.28  27.03  27.2  1004400  27.2
2013-08-13  27.48  27.57  27.1  27.22  1729400  27.22
2013-08-12  27.62  27.67  27.35  27.44  1209400  27.44
2013-08-09  27.44  27.85  27.44  27.68  1084900  27.68
2013-08-08  27.34  27.6  26.9  27.47  1881600  27.47
2013-08-07  27.68  27.74  27.42  27.62  1168600  27.62
2013-08-06  27.98  28.02  27.61  27.75  904400  27.75
2013-08-05  27.65  28.01  27.61  27.98  1122100  27.98
2013-08-02  27.31  27.77  27.27  27.73  1292700  27.73
2013-08-01  26.96  27.84  26.7  27.4  1658300  27.4
2013-07-31  27.27  27.63  27.22  27.29  1305100  27.29
2013-07-30  27.54  27.62  27.16  27.27  1081600  27.27
2013-07-29  27.34  27.49  27.24  27.4  1394900  27.4
2013-07-26  27.78  27.9  27.21  27.34  1245800  27.34
2013-07-25  27.66  27.97  27.64  27.88  635900  27.88
2013-07-24  27.9  28.0  27.38  27.64  809600  27.64
2013-07-23  28.06  28.25  27.86  27.9  719300  27.9
2013-07-22  28.25  28.31  27.83  27.98  1199900  27.98
2013-07-19  28.42  28.48  27.91  28.23  1289200  28.23
2013-07-18  28.28  28.55  28.22  28.43  907400  28.43
2013-07-17  28.18  28.43  28.14  28.34  1096300  28.34
2013-07-16  27.82  28.35  27.81  28.19  1373700  28.19
2013-07-15  27.66  27.93  27.56  27.86  1416200  27.86
2013-07-12  28.3  28.44  27.63  27.71  1417800  27.71
2013-07-11  27.09  28.31  27.06  28.28  2260500  28.28
2013-07-10  26.86  26.97  26.73  26.86  1192900  26.86
2013-07-09  26.72  26.93  26.58  26.86  1584600  26.86
2013-07-08  26.41  26.59  26.28  26.58  823000  26.58
2013-07-05  26.57  26.63  26.21  26.36  701600  26.36
2013-07-03  26.42  26.56  26.23  26.51  720400  26.51
2013-07-02  26.34  26.7  26.26  26.63  1622800  26.63
2013-07-01  26.15  26.54  26.11  26.42  1931600  26.42
2013-06-28  26.18  26.29  25.98  26.12  1716300  26.12
2013-06-27  26.09  26.38  25.92  26.26  1126200  26.26
2013-06-26  26.06  26.25  25.91  26.08  1429800  26.08
2013-06-25  25.96  26.1  25.48  25.88  1956500  25.88
2013-06-24  26.14  26.16  25.44  25.79  2038300  25.79
2013-06-21  27.06  27.06  26.21  26.35  3044800  26.35
2013-06-20  27.62  27.64  26.69  26.8  2786800  26.8
2013-06-19  28.03  28.2  27.77  27.79  1415900  27.79
2013-06-18  28.37  28.37  27.95  28.03  2010800  28.03
2013-06-17  28.1  28.4  27.89  28.38  3505900  28.38
2013-06-14  28.05  28.19  27.88  28.12  1848700  28.12
2013-06-13  27.98  28.25  27.76  28.08  2613700  28.08
2013-06-12  28.52  28.53  28.03  28.07  2613700  28.07
2013-06-11  27.49  28.39  27.45  28.34  3760700  28.34
2013-06-10  28.82  28.86  27.58  27.7  5851900  27.7
2013-06-07  27.43  28.53  26.94  28.14  16608800  28.14
2013-06-06  33.15  33.45  32.94  33.44  1152000  33.44
2013-06-05  33.35  33.85  33.14  33.14  1518400  33.14
2013-06-04  34.3  34.35  33.44  33.54  2895000  33.54
2013-06-03  34.85  34.88  33.6  34.3  2628800  34.3
2013-05-31  35.26  35.52  34.82  34.84  1006800  34.84
2013-05-30  35.39  35.66  35.33  35.33  719000  35.33
2013-05-29  35.96  35.96  35.33  35.33  847800  35.33
2013-05-28  35.69  36.47  35.69  36.06  1437400  36.06
2013-05-24  35.93  35.96  35.58  35.7  918000  35.7
2013-05-23  36.51  36.59  35.97  36.0  1555900  36.0
2013-05-22  37.48  37.73  36.66  36.7  659600  36.7
2013-05-21  37.17  37.59  37.08  37.46  549400  37.46
2013-05-20  37.91  38.02  37.07  37.15  1050100  37.15
2013-05-17  37.33  37.88  37.3  37.87  799300  37.87
2013-05-16  37.9  38.05  37.29  37.33  910400  37.33
2013-05-15  38.19  38.23  37.92  38.01  864200  38.01
2013-05-14  38.34  38.45  38.04  38.22  893600  38.22
2013-05-13  38.37  38.6  38.13  38.25  920900  38.25
2013-05-10  38.43  38.49  38.35  38.44  894300  38.44
2013-05-09  38.09  38.53  38.09  38.36  1231100  38.36
2013-05-08  37.78  38.17  37.7  38.17  658900  38.17
2013-05-07  37.62  37.83  37.47  37.82  903700  37.82
2013-05-06  37.59  37.76  37.48  37.59  640700  37.59
2013-05-03  37.52  38.02  37.44  37.57  1492200  37.57
2013-05-02  36.55  37.32  36.51  37.25  890000  37.25
2013-05-01  36.74  36.84  36.1  36.57  1166200  36.57
2013-04-30  36.06  36.81  35.87  36.8  1014600  36.8
2013-04-29  36.55  36.55  36.14  36.15  602800  36.15
2013-04-26  36.45  36.7  36.17  36.4  427500  36.4
2013-04-25  36.31  36.7  36.21  36.49  731600  36.49
2013-04-24  36.37  36.53  36.09  36.18  551400  36.18
2013-04-23  35.95  36.34  35.74  36.32  896800  36.32
2013-04-22  35.7  35.96  35.33  35.78  638400  35.78
2013-04-19  35.47  35.73  35.17  35.65  822600  35.65
2013-04-18  35.52  35.61  35.06  35.48  754700  35.48
2013-04-17  35.74  35.74  34.94  35.42  1035700  35.42
2013-04-16  35.42  35.94  35.4  35.94  840600  35.94
2013-04-15  36.04  36.16  35.24  35.24  759600  35.24
2013-04-12  36.64  36.7  35.89  36.16  1711400  36.16
2013-04-11  36.12  36.78  36.0  36.73  1298600  36.73
2013-04-10  35.58  36.23  35.38  36.12  1017300  36.12
2013-04-09  35.43  35.68  35.07  35.49  498700  35.49
2013-04-08  35.1  35.42  34.92  35.42  426500  35.42
2013-04-05  35.09  35.16  34.63  35.12  631700  35.12
2013-04-04  35.15  35.81  35.02  35.42  957100  35.42
2013-04-03  35.26  35.38  34.7  35.09  917700  35.09
2013-04-02  35.09  35.53  35.09  35.26  1056700  35.26
2013-04-01  35.23  35.26  34.88  35.01  869900  35.01
2013-03-28  34.57  35.31  34.43  35.3  1393300  35.3
2013-03-27  34.46  34.76  34.35  34.65  541600  34.65
2013-03-26  34.8  34.99  34.5  34.69  1558100  34.69
2013-03-25  34.7  34.9  34.5  34.66  820900  34.66
2013-03-22  34.79  34.96  34.43  34.56  661100  34.56
2013-03-21  34.82  34.97  34.5  34.67  729700  34.67
2013-03-20  35.13  35.36  34.89  35.0  745200  35.0
2013-03-19  35.12  35.2  34.75  35.03  910800  35.03
2013-03-18  34.81  35.23  34.7  35.13  834600  35.13
2013-03-15  35.12  35.23  34.72  35.1  1665900  35.1
2013-03-14  35.17  35.38  35.08  35.27  761200  35.27
2013-03-13  35.12  35.16  34.77  35.12  968500  35.12
2013-03-12  34.44  35.19  34.38  35.1  1440900  35.1
2013-03-11  33.61  34.56  33.57  34.52  1368000  34.52
2013-03-08  33.66  33.76  33.4  33.65  845100  33.65
2013-03-07  33.63  33.79  33.4  33.5  641100  33.5
2013-03-06  34.01  34.11  33.48  33.59  1214200  33.59
2013-03-05  33.56  33.91  33.38  33.91  1224300  33.91
2013-03-04  33.36  33.45  33.02  33.39  1034800  33.39
2013-03-01  33.16  33.5  33.04  33.41  1474200  33.41
2013-02-28  32.78  33.52  32.19  33.29  2037500  33.29
2013-02-27  33.39  33.92  33.29  33.75  1440300  33.75
2013-02-26  32.99  33.45  32.91  33.37  1274500  33.37
2013-02-25  33.49  33.62  32.86  32.86  1067000  32.86
2013-02-22  33.37  33.58  33.24  33.32  1217100  33.32
2013-02-21  33.31  33.36  32.8  33.22  2756100  33.22
2013-02-20  33.76  33.9  33.41  33.45  1246400  33.45
2013-02-19  33.5  33.76  33.32  33.73  1704500  33.73
2013-02-15  33.39  33.54  33.2  33.49  1213300  33.49
2013-02-14  33.29  33.5  33.26  33.35  775100  33.35
2013-02-13  33.37  33.43  33.28  33.3  619700  33.3
2013-02-12  32.78  33.38  32.75  33.26  893700  33.26
2013-02-11  32.97  33.09  32.69  32.83  787600  32.83
2013-02-08  33.42  33.48  32.69  33.05  1294900  33.05
2013-02-07  33.31  33.52  33.07  33.42  1302800  33.42
2013-02-06  32.99  33.29  32.79  33.29  1038300  33.29
2013-02-05  33.0  33.13  32.81  33.05  981600  33.05
2013-02-04  33.09  33.24  32.73  32.77  1143200  32.77
2013-02-01  33.12  33.35  33.09  33.3  1226800  33.3
2013-01-31  33.09  33.23  32.87  33.01  2219200  33.01
2013-01-30  33.07  33.34  32.95  33.21  1347500  33.21
2013-01-29  32.88  33.07  32.72  33.05  1063900  33.05
2013-01-28  33.05  33.15  32.7  32.95  669300  32.95
2013-01-25  33.15  33.25  32.91  33.08  1007300  33.08
2013-01-24  33.23  33.44  32.94  33.07  860400  33.07
2013-01-23  33.18  33.28  32.73  33.26  1060400  33.26
2013-01-22  32.94  33.13  32.79  33.12  1019600  33.12
2013-01-18  32.76  33.02  32.53  33.0  1345200  33.0
2013-01-17  32.34  32.78  32.32  32.68  1295300  32.68
2013-01-16  32.3  32.36  32.15  32.25  896700  32.25
2013-01-15  31.69  32.44  31.69  32.44  1214300  32.44
2013-01-14  31.69  31.84  31.46  31.83  710600  31.83
2013-01-11  32.03  32.16  31.65  31.69  1009300  31.69
2013-01-10  31.4  31.96  31.15  31.94  1833300  31.94
2013-01-09  31.48  31.56  31.27  31.37  977800  31.37
2013-01-08  31.76  31.86  31.44  31.45  615300  31.45
2013-01-07  31.84  32.01  31.71  31.84  799500  31.84
2013-01-04  31.54  32.06  31.54  32.03  1375500  32.03
2013-01-03  31.01  31.68  30.99  31.52  1635300  31.52
2013-01-02  30.34  30.95  30.34  30.95  1329400  30.95
2012-12-31  29.57  30.07  29.48  29.96  1007400  29.96
2012-12-28  29.64  30.11  29.55  29.6  1441000  29.6
2012-12-27  29.89  29.99  29.55  29.84  1427600  29.84
2012-12-26  30.05  30.2  29.82  29.91  837200  29.91
2012-12-24  30.2  30.67  30.0  30.06  538500  30.06
2012-12-21  29.48  30.58  29.44  30.33  2807700  30.33
2012-12-20  29.72  29.95  29.47  29.88  778200  29.88
2012-12-19  29.91  29.98  29.69  29.76  1020600  29.76
2012-12-18  29.62  29.94  29.45  29.9  1006700  29.9
2012-12-17  29.67  29.72  29.44  29.61  933600  29.61
2012-12-14  29.32  29.66  29.17  29.59  1141100  29.59
2012-12-13  29.92  29.92  29.31  29.37  1368100  29.37
2012-12-12  29.89  30.08  29.77  29.89  1059100  29.89
2012-12-11  29.91  29.94  29.68  29.83  1754900  29.83
2012-12-10  29.98  30.04  29.74  29.85  1357100  29.85
2012-12-07  29.93  30.23  29.42  29.98  5809500  29.98
2012-12-06  30.03  30.08  29.76  29.84  1656100  29.84
2012-12-05  30.2  30.24  29.91  30.09  1016900  30.09
2012-12-04  30.23  30.32  29.89  30.1  1869400  30.1
2012-12-03  30.39  30.59  30.07  30.26  2082700  30.26
2012-11-30  30.17  30.32  30.03  30.23  1802900  30.23
2012-11-29  30.36  30.61  30.09  30.12  2145400  30.12
2012-11-28  30.54  30.54  30.12  30.23  2095200  30.23
2012-11-27  30.71  30.86  30.34  30.52  3201800  30.52
2012-11-26  31.11  31.23  30.61  30.62  2766100  30.62
2012-11-23  31.32  31.49  31.17  31.18  902200  31.18
2012-11-21  31.64  31.8  30.89  31.17  2183000  31.17
2012-11-20  31.86  31.94  31.51  31.66  567300  31.66
2012-11-19  31.56  31.87  31.03  31.86  3120200  31.86
2012-11-16  31.23  31.63  31.14  31.27  1526800  31.27
2012-11-15  31.76  31.8  31.14  31.19  1508400  31.19
2012-11-14  32.16  32.34  31.67  31.76  834300  31.76
2012-11-13  32.36  32.71  32.08  32.13  1613400  32.13
2012-11-12  32.7  32.94  32.42  32.48  1118200  32.48
2012-11-09  32.53  33.04  32.51  32.71  936800  32.71
2012-11-08  32.76  32.96  32.48  32.59  920900  32.59
2012-11-07  33.05  33.21  32.64  32.77  1007400  32.77
2012-11-06  33.41  33.56  33.08  33.3  1426300  33.3
2012-11-05  33.14  33.36  33.04  33.29  743700  33.29
2012-11-02  33.79  33.94  33.25  33.25  1175900  33.25
2012-11-01  32.97  33.78  32.69  33.67  2836800  33.67
2012-10-31  32.67  33.4  32.61  33.1  2221700  33.1
2012-10-26  32.18  32.66  31.98  32.51  942300  32.51
2012-10-25  32.21  32.34  31.95  32.22  681900  32.22
2012-10-24  32.13  32.16  31.9  31.97  738700  31.97
2012-10-23  31.93  32.12  31.74  32.0  1117000  32.0
2012-10-22  32.45  32.51  31.99  32.22  983300  32.22
2012-10-19  32.34  32.88  32.21  32.6  2134100  32.6
2012-10-18  32.19  32.78  31.96  32.31  2079300  32.31
2012-10-17  31.14  32.17  31.14  32.16  2310800  32.16
2012-10-16  30.86  31.26  30.64  31.13  1479300  31.13
2012-10-15  30.11  30.7  29.67  30.67  1841300  30.67
2012-10-12  30.5  30.64  30.05  30.07  1916100  30.07
2012-10-11  29.44  31.29  29.25  30.68  4739800  30.68
2012-10-10  29.64  29.64  29.2  29.31  1234100  29.31
2012-10-09  29.77  29.86  29.53  29.68  814000  29.68
2012-10-08  29.79  29.84  29.59  29.79  677500  29.79
2012-10-05  29.66  29.94  29.63  29.81  1106000  29.81
2012-10-04  29.52  29.84  29.45  29.53  1532800  29.53
2012-10-03  29.22  29.52  29.14  29.39  849600  29.39
2012-10-02  28.83  29.18  28.83  29.09  1089700  29.09
2012-10-01  29.13  29.23  28.61  28.75  879300  28.75
2012-09-28  28.62  29.13  28.41  29.1  1445200  29.1
2012-09-27  28.77  28.89  28.54  28.69  965800  28.69
2012-09-26  28.7  28.86  28.48  28.68  1220000  28.68
2012-09-25  29.07  29.16  28.62  28.72  2177000  28.72
2012-09-24  28.83  29.16  28.69  29.07  1295000  29.07
2012-09-21  28.9  28.92  28.66  28.92  3235200  28.92
2012-09-20  28.26  28.62  28.24  28.61  969700  28.61
2012-09-19  28.18  28.52  28.11  28.48  1029700  28.48
2012-09-18  28.16  28.29  27.99  28.16  892600  28.16
2012-09-17  28.01  28.34  27.72  28.15  1087800  28.15
2012-09-14  27.83  28.19  27.8  28.19  1171600  28.19
2012-09-13  27.95  28.0  27.72  27.87  1527000  27.87
2012-09-12  27.75  28.02  27.7  28.0  1051200  28.0
2012-09-11  27.79  27.88  27.54  27.62  677200  27.62
2012-09-10  28.05  28.05  27.6  27.84  737400  27.84
2012-09-07  27.93  27.95  27.8  27.92  841500  27.92
2012-09-06  27.61  27.96  27.54  27.93  900700  27.93
2012-09-05  27.52  27.68  27.13  27.49  697600  27.49
2012-09-04  27.7  27.71  27.31  27.56  934400  27.56
2012-08-31  27.95  28.03  27.51  27.76  1459800  27.76
2012-08-30  27.79  27.93  27.51  27.89  1248200  27.89
2012-08-29  27.15  27.99  27.13  27.93  2572300  27.93
2012-08-28  27.15  27.34  27.13  27.2  1053300  27.2
2012-08-27  27.55  27.64  27.21  27.24  833600  27.24
2012-08-24  27.46  27.69  27.42  27.55  1107000  27.55
2012-08-23  27.89  28.19  27.5  27.53  917000  27.53
2012-08-22  27.93  27.96  27.72  27.81  746200  27.81
2012-08-21  28.13  28.16  27.86  27.93  949300  27.93
2012-08-20  28.3  28.3  27.97  28.11  542600  28.11
2012-08-17  28.3  28.43  28.21  28.38  844300  28.38
2012-08-16  28.25  28.32  28.1  28.24  1070700  28.24
2012-08-15  28.29  28.48  28.23  28.26  2078400  28.26
2012-08-14  28.58  28.62  28.23  28.28  961100  28.28
2012-08-13  28.42  28.56  28.23  28.43  494600  28.43
2012-08-10  28.11  28.54  28.0  28.52  616000  28.52
2012-08-09  28.03  28.36  28.02  28.2  806500  28.2
2012-08-08  27.9  28.22  27.79  28.22  1166900  28.22
2012-08-07  27.84  28.09  27.76  28.08  898500  28.08
2012-08-06  27.81  27.94  27.63  27.72  545700  27.72
2012-08-03  27.43  27.81  27.36  27.78  873600  27.78
2012-08-02  26.89  27.13  26.69  27.08  809800  27.08
2012-08-01  27.34  27.41  27.07  27.29  809800  27.29
2012-07-31  27.32  27.34  27.07  27.26  608300  27.26
2012-07-30  27.6  27.76  27.23  27.42  802300  27.42
2012-07-27  27.43  27.98  27.09  27.73  1110100  27.73
2012-07-26  26.78  27.39  26.65  27.34  1329200  27.34
2012-07-25  26.54  26.66  26.34  26.48  777600  26.48
2012-07-24  26.61  26.73  26.26  26.42  1700900  26.42
2012-07-23  26.39  26.72  26.24  26.66  1205100  26.66
2012-07-20  27.05  27.1  26.67  26.81  1300600  26.81
2012-07-19  27.11  27.5  26.82  27.3  1419300  27.3
2012-07-18  26.94  27.31  26.84  27.09  1143000  27.09
2012-07-17  26.66  27.06  26.5  27.0  1613500  27.0
2012-07-16  26.79  26.84  26.46  26.66  617700  26.66
2012-07-13  26.53  26.92  26.48  26.89  750400  26.89
2012-07-12  26.39  26.58  26.16  26.45  2742500  26.45
2012-07-11  26.75  26.84  26.23  26.42  1905300  26.42
2012-07-10  27.36  27.36  26.56  26.7  1643300  26.7
2012-07-09  27.16  27.29  27.06  27.28  790800  27.28
2012-07-06  27.49  27.49  27.18  27.28  842800  27.28
2012-07-05  27.33  27.88  27.26  27.74  1000800  27.74
2012-07-03  27.57  27.68  27.36  27.42  761400  27.42
2012-07-02  27.85  27.92  27.52  27.55  1243500  27.55
2012-06-29  27.85  27.98  27.69  27.9  2009500  27.9
2012-06-28  27.44  27.44  27.0  27.36  2239800  27.36
2012-06-27  27.61  27.85  27.51  27.56  1119300  27.56
2012-06-26  27.5  27.68  27.34  27.48  991000  27.48
2012-06-25  27.76  27.92  27.29  27.67  1532000  27.67
2012-06-22  27.62  27.78  27.44  27.75  1511700  27.75
2012-06-21  27.94  27.94  27.45  27.53  1216500  27.53
2012-06-20  28.02  28.02  27.58  27.94  1421900  27.94
2012-06-19  27.78  28.12  27.69  27.87  2613300  27.87
2012-06-18  27.73  28.04  27.56  27.77  1735800  27.77
2012-06-15  27.61  27.86  27.47  27.86  1785000  27.86
2012-06-14  27.52  27.68  27.36  27.53  3622900  27.53
2012-06-13  27.21  27.8  27.21  27.58  4024400  27.58
2012-06-12  27.39  27.5  27.06  27.39  2230400  27.39
2012-06-11  27.85  27.96  27.3  27.31  2554700  27.31
2012-06-08  26.86  27.5  26.79  27.47  2287100  27.47
2012-06-07  27.24  27.45  26.76  26.95  4589600  26.95
2012-06-06  26.75  27.14  25.78  27.13  10054800  27.13
2012-06-05  22.98  23.99  22.97  23.84  2977700  23.84
2012-06-04  23.09  23.17  22.75  23.01  1610400  23.01
2012-06-01  23.5  23.65  22.98  23.11  2372900  23.11
2012-05-31  24.18  24.18  23.51  23.8  2574200  23.8
2012-05-30  24.56  24.62  24.11  24.12  1183400  24.12
2012-05-29  24.75  25.05  24.59  24.71  1343300  24.71
2012-05-25  24.47  24.73  24.47  24.6  748800  24.6
2012-05-24  24.38  24.73  24.31  24.49  1701200  24.49
2012-05-23  23.88  24.42  23.82  24.38  1429100  24.38
2012-05-22  24.13  24.26  23.88  24.01  1718600  24.01
2012-05-21  24.11  24.22  23.9  24.09  1739500  24.09
2012-05-18  24.52  24.53  23.86  23.95  2641300  23.95
2012-05-17  25.12  25.12  24.4  24.47  1701300  24.47
2012-05-16  25.5  25.62  25.03  25.1  1743000  25.1
2012-05-15  25.69  25.74  25.24  25.35  2169000  25.35
2012-05-14  25.78  25.89  25.62  25.71  880100  25.71
2012-05-11  25.82  26.13  25.73  25.97  1142900  25.97
2012-05-10  26.2  26.32  25.76  25.88  2761700  25.88
2012-05-09  26.1  26.27  25.9  26.02  1513400  26.02
2012-05-08  26.55  26.71  26.11  26.31  1386400  26.31
2012-05-07  26.24  26.71  26.2  26.68  2182000  26.68
2012-05-04  26.37  26.37  26.02  26.24  2061600  26.24
2012-05-03  26.12  26.2  25.83  25.96  2370900  25.96
2012-05-02  25.53  26.16  25.5  26.11  4183000  26.11
2012-05-01  25.49  25.8  25.38  25.59  1903200  25.59
2012-04-30  25.77  25.77  25.47  25.5  1139600  25.5
2012-04-27  25.32  25.81  25.13  25.76  1718200  25.76
2012-04-26  25.1  25.56  24.51  25.3  2832500  25.3
2012-04-25  25.36  25.41  25.23  25.33  1371500  25.33
2012-04-24  25.19  25.2  25.05  25.11  2124600  25.11
2012-04-23  25.11  25.17  24.81  25.15  1630800  25.15
2012-04-20  24.85  25.32  24.84  25.32  1685400  25.32
2012-04-19  24.57  24.84  24.42  24.81  1354100  24.81
2012-04-18  24.71  24.77  24.45  24.53  1051700  24.53
2012-04-17  24.84  25.08  24.73  24.83  1254600  24.83
2012-04-16  25.02  25.07  24.66  24.78  1891800  24.78
2012-04-13  24.79  25.0  24.7  24.89  1689400  24.89
2012-04-12  24.31  24.82  24.15  24.81  2419700  24.81
2012-04-11  24.13  24.33  24.04  24.25  1331500  24.25
2012-04-10  24.21  24.24  23.92  23.98  3005300  23.98
2012-04-09  24.02  24.3  24.01  24.25  2786000  24.25
2012-04-05  24.05  24.23  23.94  24.23  1588900  24.23
2012-04-04  24.07  24.16  23.95  24.16  1109000  24.16
2012-04-03  24.28  24.45  24.17  24.2  1915300  24.2
2012-04-02  24.13  24.32  24.02  24.26  1036200  24.26
2012-03-30  24.14  24.22  24.08  24.18  1481600  24.18
2012-03-29  23.87  24.14  23.87  24.12  1363400  24.12
2012-03-28  24.36  24.45  23.88  24.01  1133100  24.01
2012-03-27  24.25  24.52  24.22  24.46  1031500  24.46
2012-03-26  24.11  24.29  24.03  24.26  1088600  24.26
2012-03-23  24.01  24.06  23.8  23.93  925900  23.93
2012-03-22  24.34  24.38  23.96  24.05  1465800  24.05
2012-03-21  24.46  24.63  24.39  24.47  2035400  24.47
2012-03-20  24.33  24.39  24.26  24.3  1453100  24.3
2012-03-19  24.29  24.48  24.16  24.41  1137200  24.41
2012-03-16  24.21  24.34  24.1  24.3  5178400  24.3
2012-03-15  24.16  24.29  24.09  24.23  2999900  24.23
2012-03-14  24.12  24.17  23.97  24.14  1851100  24.14
2012-03-13  24.14  24.27  24.03  24.2  1806900  24.2
2012-03-12  24.02  24.07  23.77  24.05  1602800  24.05
2012-03-09  24.07  24.1  23.93  23.95  1638800  23.95
2012-03-08  24.17  24.29  23.95  24.0  1481800  24.0
2012-03-07  24.01  24.14  23.91  24.03  1844900  24.03
2012-03-06  24.35  24.44  24.0  24.03  2081700  24.03
2012-03-05  25.19  25.27  24.49  24.51  2264800  24.51
2012-03-02  25.6  25.79  25.31  25.31  1020300  25.31
2012-03-01  25.87  26.17  25.59  25.67  1753900  25.67
2012-02-29  25.77  26.13  25.71  25.84  3695600  25.84
2012-02-28  26.32  26.39  25.7  25.77  1349400  25.77
2012-02-27  26.07  26.81  25.89  26.29  2525400  26.29
2012-02-24  25.17  26.2  25.13  26.17  2857600  26.17
2012-02-23  25.2  25.2  24.13  25.18  4016300  25.18
2012-02-22  25.62  25.87  25.53  25.65  1367900  25.65
2012-02-21  25.75  25.91  25.44  25.47  1051500  25.47
2012-02-17  25.44  25.76  25.44  25.74  1440300  25.74
2012-02-16  25.21  25.37  25.1  25.33  1374800  25.33
2012-02-15  25.46  25.54  25.14  25.24  690100  25.24
2012-02-14  25.52  25.65  25.32  25.44  790500  25.44
2012-02-13  25.49  25.71  25.35  25.61  746700  25.61
2012-02-10  25.51  25.69  25.34  25.36  681000  25.36
2012-02-09  25.73  25.87  25.46  25.66  1327200  25.66
2012-02-08  25.71  25.77  25.57  25.69  483700  25.69
2012-02-07  25.37  25.77  25.24  25.71  575400  25.71
2012-02-06  25.53  25.78  25.42  25.48  753700  25.48
2012-02-03  25.83  25.92  25.61  25.68  714700  25.68
2012-02-02  25.66  25.96  25.57  25.59  674400  25.59
2012-02-01  25.85  25.92  25.63  25.68  995100  25.68
2012-01-31  25.83  25.96  25.63  25.65  872900  25.65
2012-01-30  25.7  25.81  25.53  25.75  833800  25.75
2012-01-27  25.91  26.04  25.76  25.85  1018700  25.85
2012-01-26  26.55  26.66  25.95  25.99  821000  25.99
2012-01-25  26.22  26.51  26.03  26.44  645500  26.44
2012-01-24  26.23  26.38  26.09  26.23  545700  26.23
2012-01-23  26.5  26.74  26.21  26.27  644100  26.27
2012-01-20  26.64  26.84  26.47  26.57  1207600  26.57
2012-01-19  26.63  26.74  26.5  26.64  683000  26.64
2012-01-18  26.35  26.64  26.28  26.57  1326500  26.57
2012-01-17  26.54  26.61  26.26  26.39  1142800  26.39
2012-01-13  26.15  26.55  26.13  26.26  958400  26.26
2012-01-12  26.31  26.41  26.03  26.24  947100  26.24
2012-01-11  26.56  26.6  26.26  26.29  880600  26.29
2012-01-10  26.35  26.74  26.33  26.7  1008900  26.7
2012-01-09  26.31  26.4  26.02  26.18  975900  26.18
2012-01-06  25.94  26.39  25.86  26.32  1092300  26.32
2012-01-05  25.78  26.08  25.69  25.95  1145400  25.95
2012-01-04  25.69  25.96  25.63  25.93  1588000  25.93
2012-01-03  25.97  26.07  25.79  25.81  1653700  25.81
2011-12-30  25.74  25.83  25.63  25.64  764400  25.64
2011-12-29  25.63  25.84  25.63  25.82  815500  25.82
2011-12-28  25.56  25.83  25.35  25.54  1171300  25.54
2011-12-27  25.6  25.67  25.35  25.5  1301900  25.5
2011-12-23  25.6  25.65  25.35  25.58  1591900  25.58
2011-12-22  25.64  25.77  25.53  25.59  1350400  25.59
2011-12-21  25.57  25.68  25.2  25.5  1638600  25.5
2011-12-20  25.13  25.73  25.09  25.56  1898600  25.56
2011-12-19  25.04  25.31  24.68  24.79  1500000  24.79
2011-12-16  24.69  25.0  24.62  24.9  3149200  24.9
2011-12-15  24.32  24.62  24.31  24.47  1395900  24.47
2011-12-14  24.18  24.31  23.97  24.14  1295400  24.14
2011-12-13  24.54  24.67  24.19  24.31  1404300  24.31
2011-12-12  24.49  24.59  24.23  24.36  1042000  24.36
2011-12-09  24.25  24.77  24.22  24.7  1527400  24.7
2011-12-08  24.43  24.61  24.2  24.22  1774500  24.22
2011-12-07  24.83  24.83  24.27  24.58  1801500  24.58
2011-12-06  24.98  25.16  24.77  24.92  2185300  24.92
2011-12-05  25.02  25.07  24.72  24.91  2734200  24.91
2011-12-02  24.67  24.96  24.54  24.69  1820300  24.69
2011-12-01  25.11  25.13  24.42  24.44  3012800  24.44
2011-11-30  25.1  25.15  24.86  25.07  2553300  25.07
2011-11-29  24.34  24.71  24.34  24.46  2079100  24.46
2011-11-28  24.07  24.48  23.96  24.22  1873300  24.22
2011-11-25  23.51  23.81  23.46  23.59  569700  23.59
2011-11-23  23.64  23.81  23.4  23.59  1745000  23.59
2011-11-22  24.05  24.15  23.8  23.85  1335600  23.85
2011-11-21  24.19  24.28  23.92  24.07  2320300  24.07
2011-11-18  24.63  24.69  24.36  24.44  1533600  24.44
2011-11-17  24.64  24.8  24.3  24.5  1812000  24.5
2011-11-16  24.68  24.89  24.6  24.67  3816300  24.67
2011-11-15  24.62  25.02  24.62  24.91  1193400  24.91
2011-11-14  24.94  24.98  24.67  24.74  1719400  24.74
2011-11-11  24.78  24.98  24.76  24.95  1750000  24.95
2011-11-10  24.54  24.71  24.31  24.45  1937400  24.45
2011-11-09  24.48  24.7  24.14  24.27  2093000  24.27
2011-11-08  25.21  25.29  24.77  25.0  1948500  25.0
2011-11-07  24.94  25.07  24.67  25.03  2087200  25.03
2011-11-04  24.95  25.13  24.75  24.96  1808700  24.96
2011-11-03  25.12  25.27  24.89  25.16  2676100  25.16
2011-11-02  25.26  25.26  24.83  24.95  2433500  24.95
2011-11-01  24.76  25.01  24.62  24.74  3920800  24.74
2011-10-31  25.47  25.92  25.29  25.54  2311600  25.54
2011-10-28  25.82  26.08  25.28  25.78  1973200  25.78
2011-10-27  27.82  27.82  25.64  26.23  3320000  26.23
2011-10-26  27.02  27.16  26.41  26.97  1593600  26.97
2011-10-25  27.26  27.45  26.71  26.76  1084100  26.76
2011-10-24  27.08  27.5  27.02  27.41  1136200  27.41
2011-10-21  26.85  27.08  26.75  27.06  1673400  27.06
2011-10-20  26.34  26.64  26.2  26.56  902000  26.56
2011-10-19  27.09  27.09  26.23  26.29  1169600  26.29
2011-10-18  26.12  26.91  25.92  26.75  1381700  26.75
2011-10-17  26.3  26.69  26.13  26.2  1432200  26.2
2011-10-14  26.06  26.43  25.98  26.38  1233300  26.38
2011-10-13  25.52  25.88  25.37  25.83  1132300  25.83
2011-10-12  25.06  25.85  25.04  25.68  1660500  25.68
2011-10-11  24.87  25.1  24.82  24.93  1863400  24.93
2011-10-10  24.93  25.12  24.58  25.12  3074300  25.12
2011-10-07  24.5  24.83  24.12  24.44  3401200  24.44
2011-10-06  24.64  24.72  23.8  24.32  7770000  24.32
2011-10-05  25.06  25.06  24.52  24.64  5779100  24.64
2011-10-04  24.43  25.1  24.05  25.02  4200000  25.02
2011-10-03  25.89  26.32  25.05  25.06  1697600  25.06
2011-09-30  26.37  26.81  26.1  26.11  2036300  26.11
2011-09-29  27.01  27.17  26.09  26.68  1025900  26.68
2011-09-28  26.92  27.22  26.45  26.53  1168700  26.53
2011-09-27  26.91  27.33  26.7  26.87  1131100  26.87
2011-09-26  25.45  26.44  25.3  26.33  1884900  26.33
2011-09-23  25.58  25.58  25.09  25.31  1573200  25.31
2011-09-22  25.88  26.12  25.25  25.57  1917400  25.57
2011-09-21  27.63  27.86  26.54  26.57  1303600  26.57
2011-09-20  27.86  28.49  27.69  27.69  1487600  27.69
2011-09-19  27.06  27.87  26.96  27.72  1189800  27.72
2011-09-16  27.82  27.99  27.42  27.6  2071100  27.6
2011-09-15  27.48  27.77  27.12  27.77  1438800  27.77
2011-09-14  26.69  27.68  26.41  27.34  1933600  27.34
2011-09-13  26.07  26.62  25.93  26.53  1088900  26.53
2011-09-12  25.55  26.02  25.3  26.0  1464100  26.0
2011-09-09  26.4  26.51  25.61  25.81  1568100  25.81
2011-09-08  26.55  26.94  26.42  26.55  1509000  26.55
2011-09-07  26.28  26.77  26.22  26.77  1907100  26.77
2011-09-06  25.09  25.87  24.92  25.82  2068100  25.82
2011-09-02  26.21  26.22  25.74  25.83  1557700  25.83
2011-09-01  26.6  27.1  26.6  26.67  1992200  26.67
2011-08-31  26.92  26.97  26.38  26.67  2205800  26.67
2011-08-30  26.42  26.87  26.27  26.63  2256200  26.63
2011-08-29  26.28  26.63  26.22  26.55  2008500  26.55
2011-08-26  25.33  25.98  24.97  25.87  2332500  25.87
2011-08-25  26.17  26.27  25.42  25.56  1520200  25.56
2011-08-24  25.82  26.3  25.75  26.23  1821900  26.23
2011-08-23  24.98  26.03  24.9  25.99  1939100  25.99
2011-08-22  24.95  25.1  24.59  24.86  1345300  24.86
2011-08-19  24.47  25.2  24.46  24.66  1632100  24.66
2011-08-18  25.5  25.69  24.58  24.77  2948500  24.77
2011-08-17  26.34  26.63  26.0  26.17  1508300  26.17
2011-08-16  25.97  26.48  25.89  26.22  1889300  26.22
2011-08-15  25.68  26.27  25.56  26.27  1627900  26.27
2011-08-12  25.2  25.75  25.2  25.5  1870400  25.5
2011-08-11  23.62  25.41  23.62  25.1  3238500  25.1
2011-08-10  23.65  24.38  23.39  23.5  3424400  23.5
2011-08-09  23.1  24.05  22.69  24.03  5435300  24.03
2011-08-08  24.52  24.81  22.88  22.88  5557300  22.88
2011-08-05  25.26  25.38  24.57  25.01  4932200  25.01
2011-08-04  25.34  25.44  24.64  24.97  4213200  24.97
2011-08-03  25.32  25.67  25.08  25.62  2663600  25.62
2011-08-02  25.54  26.02  25.25  25.27  2994200  25.27
2011-08-01  26.13  26.29  25.68  25.75  2618800  25.75
2011-07-29  25.77  26.14  25.42  25.92  2298000  25.92
2011-07-28  27.37  27.73  25.86  25.97  6385800  25.97
2011-07-27  28.0  28.01  27.17  27.42  2917000  27.42
2011-07-26  28.27  28.46  28.09  28.16  1562100  28.16
2011-07-25  28.19  28.55  28.08  28.38  1270900  28.38
2011-07-22  28.51  28.65  28.35  28.42  900000  28.42
2011-07-21  28.4  28.82  28.39  28.49  1669400  28.49
2011-07-20  28.46  28.56  28.19  28.26  874600  28.26
2011-07-19  28.03  28.45  27.99  28.38  1191800  28.38
2011-07-18  28.39  28.39  27.74  27.96  1260700  27.96
2011-07-15  28.88  28.89  28.01  28.29  2414200  28.29
2011-07-14  28.96  29.28  28.57  28.77  2796300  28.77
2011-07-13  28.98  29.33  28.89  28.96  2000600  28.96
2011-07-12  28.66  29.06  28.63  28.86  2018200  28.86
2011-07-11  28.73  29.02  28.69  28.76  1863800  28.76
2011-07-08  28.71  29.06  28.66  29.0  2120200  29.0
2011-07-07  28.68  29.12  28.62  29.01  1545000  29.01
2011-07-06  28.4  28.7  28.16  28.68  2900800  28.68
2011-07-05  28.11  28.5  28.03  28.38  1651500  28.38
2011-07-01  27.9  28.32  27.88  28.18  1810900  28.18
2011-06-30  27.6  28.01  27.58  27.94  3967300  27.94
2011-06-29  27.53  27.69  27.41  27.58  936300  27.58
2011-06-28  27.12  27.49  26.98  27.42  1183800  27.42
2011-06-27  26.91  27.38  26.88  27.08  1053600  27.08
2011-06-24  27.14  27.3  26.73  26.9  1307700  26.9
2011-06-23  26.8  27.23  26.64  27.17  1218700  27.17
2011-06-22  27.14  27.38  26.94  27.05  1141600  27.05
2011-06-21  26.82  27.27  26.76  27.12  1548800  27.12
2011-06-20  26.43  26.83  26.42  26.72  786800  26.72
2011-06-17  26.36  26.84  26.33  26.47  1703700  26.47
2011-06-16  26.29  26.49  25.89  26.14  1831300  26.14
2011-06-15  26.33  26.52  26.0  26.24  1683200  26.24
2011-06-14  26.48  26.8  26.4  26.47  1639400  26.47
2011-06-13  26.23  26.51  26.0  26.23  2598700  26.23
2011-06-10  26.26  26.38  25.92  25.95  1922100  25.95
2011-06-09  26.18  26.52  26.01  26.38  803800  26.38
2011-06-08  26.13  26.36  25.94  26.13  974300  26.13
2011-06-07  26.21  26.44  25.99  26.19  945900  26.19
2011-06-06  26.45  26.63  26.0  26.08  1653700  26.08
2011-06-03  26.65  26.91  26.41  26.56  1539600  26.56
2011-06-02  26.92  27.15  26.85  27.01  1299300  27.01
2011-06-01  27.52  27.6  26.88  26.98  2668300  26.98
2011-05-31  27.73  27.9  27.56  27.66  1994300  27.66
2011-05-27  27.41  27.72  27.41  27.64  1344600  27.64
2011-05-26  26.84  27.51  26.74  27.42  1461300  27.42
2011-05-25  26.91  26.94  26.5  26.91  1610200  26.91
2011-05-24  26.75  26.87  26.67  26.72  1335300  26.72
2011-05-23  26.52  26.9  26.41  26.75  1337900  26.75
2011-05-20  26.69  26.96  26.45  26.84  1767100  26.84
2011-05-19  27.05  27.08  26.53  26.74  1791600  26.74
2011-05-18  26.73  27.01  26.62  26.99  1109800  26.99
2011-05-17  26.68  26.92  26.51  26.79  1755500  26.79
2011-05-16  26.58  27.11  26.46  26.56  1560800  26.56
2011-05-13  26.78  26.78  26.23  26.38  1439200  26.38
2011-05-12  26.44  26.87  26.26  26.82  2250000  26.82
2011-05-11  26.57  26.78  26.22  26.55  2072500  26.55
2011-05-10  26.26  26.67  26.13  26.52  2259300  26.52
2011-05-09  25.8  26.26  25.54  26.19  2047900  26.19
2011-05-06  25.99  26.15  25.64  25.75  2363000  25.75
2011-05-05  26.02  26.13  25.75  25.82  1925100  25.82
2011-05-04  26.14  26.41  26.04  26.11  2032100  26.11
2011-05-03  26.04  26.34  25.9  26.18  2930100  26.18
2011-05-02  25.93  26.26  25.91  26.19  2484500  26.19
2011-04-29  25.74  25.98  25.6  25.91  2468900  25.91
2011-04-28  25.56  26.01  25.56  25.76  2522200  25.76
2011-04-27  25.87  26.12  25.65  25.76  2365600  25.76
2011-04-26  25.75  26.15  25.72  25.87  2300000  25.87
2011-04-25  25.83  25.9  25.4  25.82  3203200  25.82
2011-04-21  26.82  27.05  25.58  25.86  8471700  25.86
2011-04-20  28.83  28.87  26.81  26.84  12628500  26.84
2011-04-19  28.49  28.88  27.93  28.39  16215200  28.39
2011-04-18  27.64  27.72  27.3  27.57  4332000  27.57
2011-04-15  28.2  28.22  27.85  28.09  2258100  28.09
2011-04-14  27.65  28.19  27.46  28.15  9845500  28.15
2011-04-13  26.68  26.92  26.68  26.81  1462200  26.81
2011-04-12  26.68  26.91  26.62  26.7  1088400  26.7
2011-04-11  27.1  27.16  26.67  26.82  2144500  26.82
2011-04-08  27.1  27.53  26.94  27.14  2160100  27.14
2011-04-07  27.09  27.24  26.74  27.0  5972100  27.0
2011-04-06  26.66  27.39  26.55  27.26  3043900  27.26
2011-04-05  26.29  26.79  26.22  26.64  2518600  26.64
2011-04-04  25.58  26.52  25.46  26.39  3146600  26.39
2011-04-01  25.41  25.66  25.37  25.65  2442400  25.65
2011-03-31  25.3  25.47  25.17  25.4  2749100  25.4
2011-03-30  25.59  25.65  25.3  25.43  1711400  25.43
2011-03-29  25.1  25.63  25.1  25.56  2282200  25.56
2011-03-28  25.19  25.35  25.09  25.1  2217300  25.1
2011-03-25  25.27  25.44  25.18  25.21  3156200  25.21
2011-03-24  25.26  25.49  25.1  25.34  6044400  25.34
2011-03-23  23.8  25.28  23.77  25.13  6517000  25.13
2011-03-22  23.25  23.88  23.22  23.86  2887900  23.86
2011-03-21  23.39  23.4  23.23  23.32  1282800  23.32
2011-03-18  23.25  23.4  23.07  23.19  3314800  23.19
2011-03-17  23.09  23.26  22.86  23.03  3213700  23.03
2011-03-16  22.92  23.05  22.56  22.82  2930300  22.82
2011-03-15  22.32  23.08  22.32  22.95  3695300  22.95
2011-03-14  22.8  23.01  22.63  22.97  1949100  22.97
2011-03-11  22.38  23.05  22.38  22.95  3932000  22.95
2011-03-10  23.59  24.7  22.27  22.35  11105500  22.35
2011-03-09  21.2  21.32  20.94  21.26  1409300  21.26
2011-03-08  20.78  21.45  20.74  21.28  1847200  21.28
2011-03-07  20.52  21.02  20.42  20.74  2782000  20.74
2011-03-04  20.64  20.64  20.18  20.37  1249800  20.37
2011-03-03  20.77  20.95  20.58  20.68  1667000  20.68
2011-03-02  20.63  20.75  20.34  20.57  1492000  20.57
2011-03-01  21.08  21.12  20.51  20.62  1308900  20.62
2011-02-28  21.13  21.24  20.92  21.01  2131700  21.01
2011-02-25  20.56  21.07  20.51  21.06  2555700  21.06
2011-02-24  21.03  21.03  19.82  20.42  4953200  20.42
2011-02-23  21.35  21.38  20.8  21.0  2101900  21.0
2011-02-22  21.7  21.79  21.26  21.32  1945400  21.32
2011-02-18  21.79  21.93  21.61  21.93  1232400  21.93
2011-02-17  21.45  21.95  21.21  21.8  1573800  21.8
2011-02-16  21.73  21.82  21.51  21.55  1333700  21.55
2011-02-15  21.49  21.7  21.38  21.66  1248300  21.66
2011-02-14  21.57  21.6  21.42  21.54  1149300  21.54
2011-02-11  21.41  21.59  21.37  21.56  2271400  21.56
2011-02-10  21.27  21.59  21.26  21.55  3039700  21.55
2011-02-09  21.37  21.49  21.28  21.44  1952200  21.44
2011-02-08  21.21  21.47  21.13  21.47  1967800  21.47
2011-02-07  20.84  21.27  20.82  21.25  1495400  21.25
2011-02-04  20.33  20.74  20.17  20.74  1301700  20.74
2011-02-03  20.1  20.32  20.0  20.29  804700  20.29
2011-02-02  19.83  20.33  19.83  20.19  1053500  20.19
2011-02-01  19.83  20.0  19.76  19.89  929100  19.89
2011-01-31  19.92  19.99  19.62  19.71  1613400  19.71
2011-01-28  20.64  20.81  19.96  19.98  1348700  19.98
2011-01-27  20.42  20.81  20.36  20.67  1388100  20.67
2011-01-26  20.13  20.52  20.04  20.46  1274400  20.46
2011-01-25  19.97  20.14  19.85  20.12  1140300  20.12
2011-01-24  19.91  20.15  19.83  20.07  1180300  20.07
2011-01-21  19.92  19.96  19.75  19.88  2166700  19.88
2011-01-20  19.82  19.94  19.71  19.8  1363700  19.8
2011-01-19  20.11  20.11  19.8  19.9  880700  19.9
2011-01-18  20.03  20.25  20.03  20.1  1506300  20.1
2011-01-14  19.98  20.09  19.89  20.04  690900  20.04
2011-01-13  20.08  20.16  19.93  19.99  845900  19.99
2011-01-12  20.04  20.41  19.93  20.14  1211300  20.14
2011-01-11  20.06  20.13  19.84  19.9  1283300  19.9
2011-01-10  19.84  20.04  19.76  20.03  855500  20.03
2011-01-07  19.98  20.17  19.84  19.97  1324100  19.97
2011-01-06  20.01  20.23  19.92  19.99  1216500  19.99
2011-01-05  19.79  20.27  19.71  20.03  3002600  20.03
2011-01-04  20.1  20.15  19.65  19.82  2380600  19.82
2011-01-03  20.33  20.38  20.05  20.09  1907600  20.09
2010-12-31  20.2  20.26  20.13  20.21  766000  20.21
2010-12-30  20.2  20.27  20.12  20.21  1034300  20.21
2010-12-29  20.25  20.3  20.19  20.23  636300  20.23
2010-12-28  20.21  20.31  20.15  20.23  972000  20.23
2010-12-27  20.18  20.33  20.14  20.2  933200  20.2
2010-12-23  20.17  20.29  20.13  20.18  690800  20.18
2010-12-22  20.28  20.41  20.08  20.23  1413300  20.23
2010-12-21  20.33  20.37  20.13  20.15  1342100  20.15
2010-12-20  20.32  20.39  20.13  20.28  1707300  20.28
2010-12-17  20.22  20.32  20.04  20.31  2191200  20.31
2010-12-16  19.7  20.35  19.63  20.25  2989400  20.25
2010-12-15  19.32  19.8  19.25  19.72  2290400  19.72
2010-12-14  19.61  19.89  19.5  19.84  2987000  19.84
2010-12-13  19.08  19.48  19.08  19.47  2827500  19.47
2010-12-10  18.78  18.87  18.6  18.78  3894000  18.78
2010-12-09  18.81  18.96  18.68  18.7  1717500  18.7
2010-12-08  18.68  18.81  18.53  18.67  766400  18.67
2010-12-07  18.74  18.9  18.6  18.68  1115500  18.68
2010-12-06  18.64  18.68  18.37  18.56  1068000  18.56
2010-12-03  18.77  18.87  18.61  18.75  876300  18.75
2010-12-02  18.3  18.84  18.3  18.82  1295400  18.82
2010-12-01  18.05  18.42  18.04  18.32  1461600  18.32
2010-11-30  17.92  17.97  17.72  17.82  1704200  17.82
2010-11-29  17.99  18.17  17.78  18.12  972900  18.12
2010-11-26  18.16  18.2  18.04  18.13  504500  18.13
2010-11-24  17.88  18.28  17.88  18.28  840000  18.28
2010-11-23  17.7  17.91  17.61  17.76  970600  17.76
2010-11-22  17.82  18.04  17.59  17.86  908800  17.86
2010-11-19  17.79  17.99  17.6  17.94  1022200  17.94
2010-11-18  17.68  17.91  17.68  17.82  1199500  17.82
2010-11-17  17.62  17.78  17.55  17.6  1503600  17.6
2010-11-16  17.89  17.97  17.16  17.65  4271100  17.65
2010-11-15  18.4  18.61  18.28  18.29  1370800  18.29
2010-11-12  18.49  18.59  18.36  18.39  994100  18.39
2010-11-11  18.27  18.65  18.15  18.62  1654200  18.62
2010-11-10  18.4  18.48  18.22  18.42  1090700  18.42
2010-11-09  18.36  18.5  18.29  18.4  1391200  18.4
2010-11-08  18.33  18.36  18.2  18.3  1220400  18.3
2010-11-05  18.36  18.45  18.22  18.37  1386100  18.37
2010-11-04  18.11  18.34  18.01  18.3  2519400  18.3
2010-11-03  17.91  17.99  17.68  17.97  1856800  17.97
2010-11-02  17.45  17.82  17.45  17.81  1585600  17.81
2010-11-01  17.51  17.51  17.24  17.37  2029600  17.37
2010-10-29  17.05  17.48  17.04  17.48  2641200  17.48
2010-10-28  18.1  18.1  16.41  17.0  7340200  17.0
2010-10-27  18.14  18.14  17.82  18.1  2556800  18.1
2010-10-26  18.27  18.42  18.09  18.31  1791600  18.31
2010-10-25  18.25  18.45  18.24  18.37  2288300  18.37
2010-10-22  18.0  18.15  17.88  18.14  1102000  18.14
2010-10-21  17.86  18.02  17.77  18.0  2018600  18.0
2010-10-20  17.6  17.89  17.56  17.74  1890600  17.74
2010-10-19  17.41  17.72  17.31  17.56  2979600  17.56
2010-10-18  17.2  17.57  17.19  17.57  1642100  17.57
2010-10-15  17.31  17.33  17.1  17.27  2286100  17.27
2010-10-14  17.06  17.16  16.95  17.14  2396800  17.14
2010-10-13  16.95  17.09  16.86  17.05  2295000  17.05
2010-10-12  16.72  16.87  16.56  16.81  3218300  16.81
2010-10-11  16.38  16.86  16.38  16.76  3297800  16.76
2010-10-08  16.3  16.53  16.14  16.43  3078400  16.43
2010-10-07  16.33  16.4  16.1  16.31  3499500  16.31
2010-10-06  16.3  16.56  15.99  16.39  5201800  16.39
2010-10-05  17.11  17.11  16.09  16.4  16281500  16.4
2010-10-04  17.83  18.08  17.8  17.94  3859100  17.94
2010-10-01  18.02  18.04  17.52  17.9  5068100  17.9
2010-09-30  17.94  18.08  17.67  17.92  3270700  17.92
2010-09-29  17.85  17.87  17.58  17.81  2052300  17.81
2010-09-28  17.59  17.97  17.49  17.9  3818000  17.9
2010-09-27  17.56  17.66  17.41  17.53  2469200  17.53
2010-09-24  17.07  17.54  16.98  17.53  4787300  17.53
2010-09-23  16.79  17.11  16.59  16.81  4998400  16.81
2010-09-22  16.71  16.8  16.54  16.68  3845400  16.68
2010-09-21  16.56  16.84  16.52  16.71  5620800  16.71
2010-09-20  16.41  16.59  16.15  16.55  6681300  16.55
2010-09-17  16.22  16.57  16.14  16.32  18098700  16.32
2010-09-16  16.29  16.35  16.11  16.19  7717100  16.19
2010-09-15  16.51  16.66  16.26  16.29  10731500  16.29
2010-09-14  16.88  16.9  16.59  16.64  3495200  16.64
2010-09-13  17.05  17.07  16.83  16.85  3119700  16.85
2010-09-10  16.8  16.97  16.65  16.91  3590800  16.91
2010-09-09  16.6  16.74  16.54  16.68  3534900  16.68
2010-09-08  16.45  16.54  16.23  16.35  2542800  16.35
2010-09-07  16.74  16.78  16.35  16.4  1628900  16.4
2010-09-03  17.02  17.09  16.7  16.79  2495300  16.79
2010-09-02  16.48  17.0  16.43  16.82  3260400  16.82
2010-09-01  16.39  16.59  16.2  16.41  1976600  16.41
2010-08-31  16.2  16.44  16.07  16.22  2155400  16.22
2010-08-30  16.65  16.66  16.25  16.25  1625600  16.25
2010-08-27  16.46  16.72  16.27  16.6  2213800  16.6
2010-08-26  16.8  16.84  16.33  16.34  1918100  16.34
2010-08-25  16.59  16.89  16.56  16.75  1938200  16.75
2010-08-24  16.84  16.92  16.72  16.79  1853900  16.79
2010-08-23  17.34  17.37  17.02  17.04  1807400  17.04
2010-08-20  16.97  17.27  16.92  17.26  1537500  17.26
2010-08-19  17.51  17.51  16.9  17.13  2434300  17.13
2010-08-18  17.63  17.64  17.52  17.52  1367500  17.52
2010-08-17  17.75  17.82  17.58  17.6  1777300  17.6
2010-08-16  17.53  17.67  17.47  17.59  1357700  17.59
2010-08-13  17.7  17.75  17.57  17.57  837800  17.57
2010-08-12  17.64  17.87  17.48  17.74  1447900  17.74
2010-08-11  18.27  18.27  17.82  17.82  873100  17.82
2010-08-10  18.56  18.68  18.26  18.48  1151800  18.48
2010-08-09  18.64  18.72  18.58  18.67  1126800  18.67
2010-08-06  18.6  18.69  18.36  18.58  1134700  18.58
2010-08-05  18.75  19.0  18.64  18.81  990500  18.81
2010-08-04  18.94  19.02  18.73  18.88  1515800  18.88
2010-08-03  19.35  19.38  18.81  18.95  1383000  18.95
2010-08-02  19.14  19.52  19.03  19.49  1280000  19.49
2010-07-30  18.99  19.31  18.8  18.93  1557700  18.93
2010-07-29  20.0  20.27  19.14  19.24  2479600  19.24
2010-07-28  20.4  20.64  20.23  20.35  1789100  20.35
2010-07-27  20.53  20.53  20.27  20.39  1717200  20.39
2010-07-26  20.09  20.46  19.96  20.46  824800  20.46
2010-07-23  19.7  20.09  19.62  20.07  900500  20.07
2010-07-22  19.42  19.86  19.41  19.72  987600  19.72
2010-07-21  19.26  19.46  19.1  19.28  1523700  19.28
2010-07-20  18.45  19.25  18.45  19.24  882100  19.24
2010-07-19  18.8  18.97  18.52  18.79  771700  18.79
2010-07-16  19.23  19.27  18.73  18.78  901700  18.78
2010-07-15  19.36  19.42  19.04  19.36  814600  19.36
2010-07-14  19.11  19.37  19.0  19.37  934700  19.37
2010-07-13  18.91  19.27  18.87  19.21  927500  19.21
2010-07-12  18.67  18.86  18.64  18.72  730700  18.72
2010-07-09  18.59  18.84  18.55  18.81  1106800  18.81
2010-07-08  18.54  18.72  18.42  18.66  1127200  18.66
2010-07-07  17.82  18.45  17.75  18.44  1350700  18.44
2010-07-06  17.91  18.06  17.59  17.72  1097900  17.72
2010-07-02  17.76  17.92  17.56  17.6  722700  17.6
2010-07-01  17.93  18.04  17.57  17.79  1754300  17.79
2010-06-30  18.08  18.34  17.94  17.96  1776400  17.96
2010-06-29  18.44  18.46  18.07  18.15  2119800  18.15
2010-06-28  18.87  18.88  18.56  18.61  995900  18.61
2010-06-25  18.88  18.88  18.51  18.74  2075500  18.74
2010-06-24  18.77  19.12  18.67  18.79  1955700  18.79
2010-06-23  18.84  18.9  18.59  18.76  1708800  18.76
2010-06-22  19.19  19.46  18.87  18.93  1851900  18.93
2010-06-21  19.72  19.73  19.11  19.16  1209800  19.16
2010-06-18  19.55  19.74  19.36  19.41  1377300  19.41
2010-06-17  19.9  19.9  19.35  19.52  1389600  19.52
2010-06-16  19.82  20.01  19.76  19.9  955200  19.9
2010-06-15  19.6  19.95  19.59  19.94  906500  19.94
2010-06-14  19.26  19.6  19.26  19.43  1327400  19.43
2010-06-11  18.79  19.18  18.66  19.18  907000  19.18
2010-06-10  18.85  19.02  18.59  19.0  1390300  19.0
2010-06-09  18.55  18.88  18.48  18.56  1693900  18.56
2010-06-08  18.42  18.56  18.13  18.5  2324900  18.5
2010-06-07  18.8  18.83  18.28  18.32  1478900  18.32
2010-06-04  19.27  19.31  18.58  18.66  1982100  18.66
2010-06-03  19.55  19.64  19.37  19.54  1465900  19.54
2010-06-02  19.15  19.41  19.03  19.41  974100  19.41
2010-06-01  19.38  19.6  19.04  19.04  760200  19.04
2010-05-28  19.84  19.84  19.44  19.56  863600  19.56
2010-05-27  19.74  19.84  19.58  19.84  1010500  19.84
2010-05-26  19.53  19.85  19.28  19.34  1405400  19.34
2010-05-25  18.71  19.35  18.62  19.32  2035700  19.32
2010-05-24  19.51  19.67  19.29  19.33  1548200  19.33
2010-05-21  18.98  19.62  18.91  19.62  2411200  19.62
2010-05-20  19.73  19.73  19.05  19.1  1788400  19.1
2010-05-19  20.43  20.51  19.81  20.07  1545100  20.07
2010-05-18  20.75  20.93  20.29  20.47  2362400  20.47
2010-05-17  19.82  20.57  19.82  20.23  2205700  20.23
2010-05-14  19.86  19.9  19.38  19.53  974500  19.53
2010-05-13  20.23  20.25  19.91  19.93  997100  19.93
2010-05-12  20.0  20.34  20.0  20.34  843800  20.34
2010-05-11  19.7  20.22  19.7  19.96  1095100  19.96
2010-05-10  19.85  20.19  19.75  20.03  1735300  20.03
2010-05-07  19.06  19.36  18.69  19.05  2027600  19.05
2010-05-06  19.75  19.94  18.04  19.05  1832400  19.05
2010-05-05  19.89  19.99  19.77  19.93  1436400  19.93
2010-05-04  19.9  20.04  19.63  20.0  1958600  20.0
2010-05-03  20.18  20.31  20.1  20.16  1415200  20.16
2010-04-30  20.63  20.65  19.92  20.06  2017200  20.06
2010-04-29  22.3  22.3  20.26  20.58  3484500  20.58
2010-04-28  22.05  22.33  21.94  22.33  1005800  22.33
2010-04-27  22.49  22.49  21.74  21.8  1331800  21.8
2010-04-26  22.58  22.72  22.45  22.54  945700  22.54
2010-04-23  22.64  22.66  22.41  22.64  1065800  22.64
2010-04-22  22.06  22.61  21.95  22.58  1149000  22.58
2010-04-21  22.08  22.27  22.0  22.24  991300  22.24
2010-04-20  21.91  22.19  21.79  22.13  1066900  22.13
2010-04-19  21.71  21.88  21.56  21.83  872500  21.83
2010-04-16  21.87  22.07  21.57  21.71  1498300  21.71
2010-04-15  21.44  21.96  21.33  21.87  1180300  21.87
2010-04-14  21.18  21.47  21.0  21.44  2098600  21.44
2010-04-13  21.08  21.23  20.91  21.14  1105800  21.14
2010-04-12  21.16  21.25  21.08  21.14  1356500  21.14
2010-04-09  21.2  21.31  21.09  21.14  952800  21.14
2010-04-08  21.18  21.22  20.95  21.15  996700  21.15
2010-04-07  21.45  21.53  21.23  21.31  1026000  21.31
2010-04-06  21.62  21.67  21.44  21.54  1326300  21.54
2010-04-05  21.95  21.97  21.7  21.77  1110100  21.77
2010-04-01  22.03  22.33  21.71  21.89  1263400  21.89
2010-03-31  21.71  21.89  21.59  21.85  1176100  21.85
2010-03-30  22.1  22.14  21.79  21.87  1095000  21.87
2010-03-29  21.6  22.13  21.6  22.13  1324800  22.13
2010-03-26  21.74  21.92  21.38  21.56  922200  21.56
2010-03-25  21.76  21.96  21.6  21.62  1325400  21.62
2010-03-24  21.62  21.85  21.49  21.55  1317300  21.55
2010-03-23  21.18  21.76  21.09  21.76  1710200  21.76
2010-03-22  20.56  21.04  20.56  20.94  840600  20.94
2010-03-19  21.02  21.13  20.61  20.69  1182600  20.69
2010-03-18  20.99  21.02  20.86  20.97  616800  20.97
2010-03-17  20.92  21.02  20.75  21.0  884600  21.0
2010-03-16  20.79  20.82  20.62  20.77  924200  20.77
2010-03-15  20.69  20.79  20.55  20.73  822700  20.73
2010-03-12  20.55  20.65  20.43  20.62  587600  20.62
2010-03-11  20.32  20.53  20.23  20.51  671300  20.51
2010-03-10  20.41  20.58  20.38  20.4  1071000  20.4
2010-03-09  20.52  20.55  20.28  20.41  1171200  20.41
2010-03-08  20.63  20.7  20.5  20.56  694300  20.56
2010-03-05  20.45  20.68  20.39  20.55  1101800  20.55
2010-03-04  20.44  20.45  20.18  20.4  928900  20.4
2010-03-03  20.64  20.72  20.31  20.39  1392400  20.39
2010-03-02  20.78  20.8  20.45  20.55  1264800  20.55
2010-03-01  20.76  20.77  20.43  20.68  2079500  20.68
2010-02-26  20.78  20.88  20.53  20.59  2021800  20.59
2010-02-25  20.3  21.07  20.29  20.7  3963900  20.7
2010-02-24  19.09  19.46  19.05  19.34  2321100  19.34
2010-02-23  18.97  19.17  18.91  18.99  1868300  18.99
2010-02-22  19.32  19.44  18.85  18.99  1650900  18.99
2010-02-19  18.91  19.43  18.91  19.22  1787100  19.22
2010-02-18  18.77  19.01  18.7  18.97  1219000  18.97
2010-02-17  18.4  18.84  18.19  18.74  2993500  18.74
2010-02-16  17.38  17.83  17.26  17.82  1186600  17.82
2010-02-12  17.18  17.33  17.01  17.27  1541700  17.27
2010-02-11  17.17  17.44  16.96  17.29  1713100  17.29
2010-02-10  17.45  17.54  17.1  17.2  1576300  17.2
2010-02-09  17.54  17.65  17.33  17.46  1156800  17.46
2010-02-08  17.57  17.6  17.35  17.35  1229700  17.35
2010-02-05  17.91  18.1  17.46  17.58  2724800  17.58
2010-02-04  18.2  18.34  17.96  17.97  1385700  17.97
2010-02-03  18.42  18.64  18.34  18.39  807900  18.39
2010-02-02  18.28  18.52  18.22  18.48  985700  18.48
2010-02-01  18.28  18.42  18.19  18.29  938200  18.29
2010-01-29  18.37  18.46  18.16  18.19  1483500  18.19
2010-01-28  18.51  18.51  18.14  18.22  725100  18.22
2010-01-27  18.45  18.58  18.23  18.47  1191900  18.47
2010-01-26  18.73  18.82  18.45  18.46  771400  18.46
2010-01-25  19.03  19.06  18.61  18.75  837200  18.75
2010-01-22  19.16  19.18  18.87  18.89  1441900  18.89
2010-01-21  19.3  19.44  19.11  19.15  1311400  19.15
2010-01-20  19.52  19.55  19.23  19.34  629600  19.34
2010-01-19  19.38  19.74  19.31  19.68  886300  19.68
2010-01-15  19.69  19.84  19.3  19.4  1165700  19.4
2010-01-14  19.62  19.78  19.39  19.76  1122000  19.76
2010-01-13  19.17  19.64  19.17  19.62  926400  19.62
2010-01-12  19.21  19.44  19.06  19.13  1483900  19.13
2010-01-11  19.26  19.42  19.09  19.36  937300  19.36
2010-01-08  19.1  19.28  18.97  19.22  969100  19.22
2010-01-07  18.82  19.16  18.79  19.16  1403800  19.16
2010-01-06  18.29  18.92  18.26  18.86  1825300  18.86
2010-01-05  18.17  18.33  18.06  18.27  1035300  18.27
2010-01-04  18.21  18.35  18.04  18.21  920100  18.21
