Date  Open  High  Low  Close  Volume  Adj Close
2014-02-28  60.26  60.98  60.16  60.69  1872600  60.69
2014-02-27  60.13  60.4  59.79  60.16  2152600  60.16
2014-02-26  60.87  61.11  60.31  60.33  2113900  60.33
2014-02-25  60.77  61.26  60.66  60.82  2653500  60.82
2014-02-24  60.49  60.93  60.14  60.71  2025900  60.71
2014-02-21  60.14  60.43  59.93  59.95  1293500  59.95
2014-02-20  59.62  60.33  59.44  60.24  1787800  60.24
2014-02-19  60.16  60.27  59.64  59.73  2415700  59.73
2014-02-18  60.19  60.28  59.72  60.12  1359900  60.12
2014-02-14  59.71  60.26  59.55  60.19  1629100  60.19
2014-02-13  59.23  59.51  59.1  59.48  2656900  59.48
2014-02-12  59.77  60.11  59.19  59.41  2793200  59.41
2014-02-11  58.85  59.92  58.85  59.87  3487900  59.87
2014-02-10  58.36  59.35  58.34  59.33  3306600  59.33
2014-02-07  58.0  58.57  57.75  58.36  3129700  58.36
2014-02-06  57.0  57.82  55.69  57.74  6284700  57.74
2014-02-05  57.2  57.75  57.0  57.37  3137000  57.37
2014-02-04  57.11  57.43  56.88  57.26  2468900  57.26
2014-02-03  58.01  58.15  56.81  56.9  2548100  56.9
2014-01-31  57.65  58.39  57.51  57.98  2376800  57.98
2014-01-30  58.69  58.85  57.94  58.13  2840800  58.13
2014-01-29  59.88  59.88  58.12  58.37  3133200  58.37
2014-01-28  59.99  60.39  59.72  60.03  1909700  60.03
2014-01-27  59.83  60.25  59.75  59.86  1399800  59.86
2014-01-24  60.36  60.58  59.83  59.83  1939500  59.83
2014-01-23  60.78  60.83  60.25  60.5  1026100  60.5
2014-01-22  60.76  61.11  60.27  61.01  1519300  61.01
2014-01-21  60.96  61.11  60.56  60.76  1143400  60.76
2014-01-17  61.27  61.27  60.38  60.47  2113500  60.47
2014-01-16  60.85  61.3  60.77  61.29  1522100  61.29
2014-01-15  61.02  61.36  60.58  61.1  1447000  61.1
2014-01-14  60.55  61.22  60.51  60.89  1845600  60.89
2014-01-13  60.65  61.26  60.38  60.43  1732500  60.43
2014-01-10  60.39  60.84  60.39  60.78  1046600  60.78
2014-01-09  60.22  60.47  59.84  60.28  1525800  60.28
2014-01-08  60.77  60.77  60.03  60.18  2058700  60.18
2014-01-07  60.62  60.98  60.38  60.8  1762000  60.8
2014-01-06  60.79  60.79  59.88  60.25  1989200  60.25
2014-01-03  60.99  61.08  60.54  60.58  1413700  60.58
2014-01-02  60.98  61.24  60.55  60.81  1830500  60.81
2013-12-31  61.28  61.58  60.92  61.07  1526300  61.07
2013-12-30  60.97  61.39  60.96  61.26  1593100  61.26
2013-12-27  60.72  61.18  60.69  60.98  1026400  60.98
2013-12-26  60.43  60.83  60.28  60.72  944300  60.72
2013-12-24  60.43  60.52  60.2  60.25  771500  60.25
2013-12-23  60.18  60.47  59.87  60.34  1766500  60.34
2013-12-20  60.59  61.13  60.43  60.52  1848800  60.52
2013-12-19  60.44  60.69  60.04  60.6  1412700  60.6
2013-12-18  59.92  60.57  59.58  60.53  2530300  60.53
2013-12-17  60.5  60.53  59.9  60.34  1328300  60.34
2013-12-16  60.83  60.95  60.26  60.43  1426100  60.43
2013-12-13  60.85  60.87  60.26  60.5  1308000  60.5
2013-12-12  61.12  61.2  60.59  60.64  1620400  60.64
2013-12-11  61.25  61.52  60.97  61.04  2012100  61.04
2013-12-10  61.76  61.88  60.97  61.09  1398500  61.09
2013-12-09  61.71  62.31  61.71  61.94  1722800  61.94
2013-12-06  60.99  61.71  60.98  61.64  1530400  61.64
2013-12-05  60.81  60.89  60.5  60.58  1161600  60.58
2013-12-04  60.91  61.16  60.63  60.9  1596000  60.9
2013-12-03  60.42  61.26  60.42  61.13  2826700  61.13
2013-12-02  60.64  60.88  60.23  60.59  1912000  60.59
2013-11-29  60.93  61.0  60.59  60.64  1071000  60.64
2013-11-27  61.34  61.52  60.86  60.88  1632700  60.88
2013-11-26  61.55  61.71  60.92  61.27  2366700  61.27
2013-11-25  62.25  62.29  61.55  61.67  1173400  61.67
2013-11-22  61.36  62.04  61.09  62.0  5072500  62.0
2013-11-21  60.99  61.53  60.82  61.28  4853800  61.28
2013-11-20  61.18  61.48  60.57  60.68  1792300  60.68
2013-11-19  61.68  61.79  61.21  61.25  1850500  61.25
2013-11-18  62.4  62.4  61.54  61.91  1233200  61.91
2013-11-15  62.53  62.63  61.86  62.14  1665500  62.14
2013-11-14  62.26  62.85  62.08  62.83  1659700  62.83
2013-11-13  61.18  62.01  61.0  62.0  1558900  62.0
2013-11-12  61.47  61.59  61.12  61.59  1175400  61.59
2013-11-11  61.89  62.1  61.24  61.48  900300  61.48
2013-11-08  61.46  61.73  60.82  61.73  1460600  61.73
2013-11-07  62.88  63.03  61.58  61.62  1495400  61.62
2013-11-06  62.69  63.11  62.48  62.88  1683700  62.88
2013-11-05  61.71  62.81  61.36  62.62  2350000  62.62
2013-11-04  63.03  64.43  62.0  62.25  6389400  62.25
2013-11-01  62.69  62.82  61.69  61.83  3515300  61.83
2013-10-31  63.27  63.37  62.71  62.78  1911700  62.78
2013-10-30  63.68  63.8  63.18  63.31  1959700  63.31
2013-10-29  63.14  63.92  63.04  63.8  2444600  63.8
2013-10-28  61.96  63.16  61.87  62.98  2928400  62.98
2013-10-25  61.55  61.96  61.31  61.96  1108500  61.96
2013-10-24  62.02  62.02  61.35  61.67  1142600  61.67
2013-10-23  61.36  62.04  61.29  61.86  1506300  61.86
2013-10-22  60.68  61.6  60.53  61.43  1415400  61.43
2013-10-21  60.05  60.66  59.81  60.6  1639200  60.6
2013-10-18  60.59  61.14  60.56  60.99  2213000  60.99
2013-10-17  60.07  60.55  59.95  60.51  1374900  60.51
2013-10-16  59.89  60.63  59.73  60.22  2181500  60.22
2013-10-15  59.83  60.0  59.47  59.54  1005400  59.54
2013-10-14  59.95  60.04  59.6  59.84  1195000  59.84
2013-10-11  60.22  60.34  59.92  60.31  931400  60.31
2013-10-10  59.6  60.21  59.4  60.21  1075300  60.21
2013-10-09  59.32  59.46  58.55  59.17  2536600  59.17
2013-10-08  59.06  59.59  58.7  59.16  2683200  59.16
2013-10-07  58.59  59.34  58.58  59.08  1444900  59.08
2013-10-04  58.45  58.99  58.23  58.92  1348600  58.92
2013-10-03  58.34  58.74  58.12  58.45  1804900  58.45
2013-10-02  58.14  58.47  57.58  58.45  1721800  58.45
2013-10-01  58.08  58.37  57.9  58.31  2176600  58.31
2013-09-30  58.35  58.63  58.15  58.29  1765000  58.29
2013-09-27  59.25  59.28  58.15  58.58  2125000  58.58
2013-09-26  59.43  59.64  59.18  59.4  1675700  59.4
2013-09-25  59.53  59.71  59.36  59.43  1778800  59.43
2013-09-24  59.7  59.73  59.22  59.51  1558200  59.51
2013-09-23  59.94  60.11  59.57  59.79  1131000  59.79
2013-09-20  60.63  60.63  60.03  60.12  2196300  60.12
2013-09-19  60.71  60.81  60.06  60.62  2646900  60.62
2013-09-18  60.11  60.97  59.84  60.75  2243200  60.75
2013-09-17  60.0  60.22  59.66  60.19  2221500  60.19
2013-09-16  60.63  60.89  60.39  60.53  1308600  60.53
2013-09-13  59.84  60.24  59.67  60.19  1144000  60.19
2013-09-12  59.61  59.82  59.39  59.67  1426600  59.67
2013-09-11  59.03  59.74  59.02  59.63  2829900  59.63
2013-09-10  60.05  60.17  58.9  59.02  2622900  59.02
2013-09-09  59.95  60.05  59.62  59.81  1839400  59.81
2013-09-06  60.13  60.34  59.69  59.78  1294100  59.78
2013-09-05  60.21  60.36  59.88  59.97  1455600  59.97
2013-09-04  60.27  60.37  60.0  60.34  1507100  60.34
2013-09-03  60.79  60.91  59.95  60.3  1627900  60.3
2013-08-30  60.19  60.45  60.03  60.26  1246200  60.26
2013-08-29  60.31  60.51  59.83  60.14  1410300  60.14
2013-08-28  60.59  60.7  60.16  60.17  1583100  60.17
2013-08-27  60.41  61.04  60.33  60.71  1521900  60.71
2013-08-26  61.83  61.83  60.75  60.78  1494100  60.78
2013-08-23  61.69  61.93  61.52  61.79  1100900  61.79
2013-08-22  61.16  61.62  61.01  61.49  1383400  61.49
2013-08-21  61.74  61.74  60.99  61.11  1925600  61.11
2013-08-20  61.91  62.36  61.67  61.68  1971200  61.68
2013-08-19  61.98  62.21  61.75  61.86  1479300  61.86
2013-08-16  63.14  63.29  61.9  62.01  3245900  62.01
2013-08-15  64.08  64.1  63.19  63.5  1994400  63.5
2013-08-14  64.95  64.96  64.44  64.44  2098400  64.44
2013-08-13  64.86  65.25  64.57  64.92  1755800  64.92
2013-08-12  64.62  64.81  64.49  64.75  1369200  64.75
2013-08-09  64.72  64.84  64.52  64.7  1496400  64.7
2013-08-08  64.7  64.88  64.45  64.68  1257500  64.68
2013-08-07  64.7  64.79  64.25  64.55  1864700  64.55
2013-08-06  64.27  64.92  64.01  64.82  2279800  64.82
2013-08-05  64.26  64.48  63.89  64.21  1384300  64.21
2013-08-02  64.57  64.59  63.3  64.26  2846700  64.26
2013-08-01  64.95  65.12  64.08  64.44  3969600  64.44
2013-07-31  65.64  65.83  65.13  65.25  2210000  65.25
2013-07-30  66.06  66.43  65.45  65.46  1707000  65.46
2013-07-29  65.75  66.26  65.52  65.89  1033400  65.89
2013-07-26  65.64  66.09  65.22  65.98  1057000  65.98
2013-07-25  65.75  66.17  65.62  65.97  1122100  65.97
2013-07-24  66.24  66.35  65.69  65.87  796200  65.87
2013-07-23  66.53  66.65  66.01  66.23  1154500  66.23
2013-07-22  66.2  66.96  66.06  66.45  1552900  66.45
2013-07-19  65.91  66.34  65.69  66.32  1442800  66.32
2013-07-18  65.3  65.81  65.24  65.65  809600  65.65
2013-07-17  65.36  65.51  65.06  65.19  1202300  65.19
2013-07-16  65.31  65.62  65.11  65.32  937800  65.32
2013-07-15  65.39  65.71  65.26  65.53  1154100  65.53
2013-07-12  65.54  65.69  65.19  65.51  1373300  65.51
2013-07-11  65.72  65.77  65.36  65.54  1565900  65.54
2013-07-10  64.88  65.19  64.66  64.99  1664300  64.99
2013-07-09  65.02  65.51  64.81  64.94  1049800  64.94
2013-07-08  64.6  64.96  64.21  64.75  1341100  64.75
2013-07-05  64.24  64.47  63.65  64.36  892500  64.36
2013-07-03  64.33  64.33  63.67  64.09  774000  64.09
2013-07-02  63.78  64.5  63.58  64.14  1861200  64.14
2013-07-01  63.07  64.35  63.07  63.92  1566000  63.92
2013-06-28  63.4  64.01  63.27  63.27  2418300  63.27
2013-06-27  63.12  63.81  63.06  63.46  1533400  63.46
2013-06-26  62.72  63.09  62.48  62.57  1647300  62.57
2013-06-25  62.56  63.03  62.06  62.24  1634600  62.24
2013-06-24  62.2  62.99  61.74  62.32  1901200  62.32
2013-06-21  62.2  62.51  61.72  62.31  2938600  62.31
2013-06-20  62.52  62.71  61.63  61.64  2470100  61.64
2013-06-19  63.88  64.04  62.86  62.92  1623600  62.92
2013-06-18  63.61  64.03  63.22  63.95  1276500  63.95
2013-06-17  63.61  64.14  63.4  63.71  1598100  63.71
2013-06-14  63.36  64.14  63.15  63.28  1800900  63.28
2013-06-13  62.04  63.28  61.6  63.27  2215200  63.27
2013-06-12  62.31  62.35  61.84  61.9  1333900  61.9
2013-06-11  61.72  62.59  61.21  62.06  1666000  62.06
2013-06-10  62.45  62.5  61.7  62.13  1218100  62.13
2013-06-07  61.47  62.47  61.39  62.44  2353400  62.44
2013-06-06  60.75  61.11  60.52  61.11  2497500  61.11
2013-06-05  61.94  61.94  60.86  60.87  1690300  60.87
2013-06-04  61.69  62.34  61.51  62.11  1834800  62.11
2013-06-03  61.05  61.72  60.12  61.7  2488200  61.7
2013-05-31  62.0  62.05  61.12  61.12  2290600  61.12
2013-05-30  62.39  62.65  62.01  62.01  1675800  62.01
2013-05-29  63.24  63.32  61.94  62.23  1554700  62.23
2013-05-28  63.61  63.91  63.19  63.31  1569100  63.31
2013-05-24  63.18  63.2  62.48  63.05  1615300  63.05
2013-05-23  63.13  63.6  62.91  63.28  2811900  63.28
2013-05-22  63.92  64.27  63.25  63.68  3077200  63.68
2013-05-21  63.47  64.08  63.21  64.01  1724300  64.01
2013-05-20  64.11  64.23  63.41  63.47  1191100  63.47
2013-05-17  64.44  64.58  63.64  64.23  1567200  64.23
2013-05-16  64.32  65.04  64.23  64.39  1541700  64.39
2013-05-15  63.6  64.51  63.55  64.47  1663300  64.47
2013-05-14  63.04  63.9  63.02  63.86  1646200  63.86
2013-05-13  62.82  63.2  62.5  63.02  1141900  63.02
2013-05-10  62.54  62.98  62.47  62.89  1887300  62.89
2013-05-09  62.87  62.95  62.32  62.52  1356600  62.52
2013-05-08  62.54  62.98  62.38  62.82  1800000  62.82
2013-05-07  62.19  62.73  62.0  62.51  2225100  62.51
2013-05-06  62.32  62.41  61.64  62.06  2209600  62.06
2013-05-03  62.34  62.49  61.58  62.28  3599400  62.28
2013-05-02  63.56  64.3  61.22  62.04  3708800  62.04
2013-05-01  63.42  63.87  63.1  63.21  1728800  63.21
2013-04-30  64.04  64.05  63.45  63.63  2425200  63.63
2013-04-29  64.34  64.45  63.74  64.06  1716500  64.06
2013-04-26  64.37  64.5  64.05  64.27  1044900  64.27
2013-04-25  64.12  64.52  64.08  64.37  1699000  64.37
2013-04-24  64.99  65.23  63.97  64.01  1764000  64.01
2013-04-23  64.81  65.38  64.68  65.06  1973300  65.06
2013-04-22  64.53  64.93  64.18  64.75  1030000  64.75
2013-04-19  63.72  64.81  63.6  64.66  1958800  64.66
2013-04-18  63.26  63.59  63.22  63.49  1182000  63.49
2013-04-17  63.36  63.86  62.94  63.2  1724700  63.2
2013-04-16  62.64  63.57  62.23  63.53  1243600  63.53
2013-04-15  63.1  63.31  62.32  62.32  1534500  62.32
2013-04-12  62.58  63.4  62.34  63.29  1590300  63.29
2013-04-11  63.3  63.5  62.74  62.88  1371200  62.88
2013-04-10  62.65  63.36  62.49  63.22  1480300  63.22
2013-04-09  62.58  62.82  62.17  62.48  1108800  62.48
2013-04-08  62.19  62.58  61.82  62.58  838300  62.58
2013-04-05  62.27  62.41  62.03  62.26  1265500  62.26
2013-04-04  62.25  62.73  62.12  62.62  1177700  62.62
2013-04-03  63.0  63.05  61.86  62.05  2057600  62.05
2013-04-02  62.71  63.27  62.68  62.89  1721700  62.89
2013-04-01  62.7  62.84  62.32  62.54  1503200  62.54
2013-03-28  63.27  63.28  62.86  63.03  1694800  63.03
2013-03-27  62.43  63.35  62.41  63.2  1632900  63.2
2013-03-26  62.12  62.63  61.97  62.61  1329300  62.61
2013-03-25  62.12  62.51  61.88  61.98  1251400  61.98
2013-03-22  61.46  62.12  61.42  62.01  1283300  62.01
2013-03-21  61.62  61.94  61.25  61.33  1345400  61.33
2013-03-20  61.34  61.92  61.13  61.87  2175900  61.87
2013-03-19  61.04  61.17  60.69  61.11  1190200  61.11
2013-03-18  60.64  61.18  60.36  60.93  1204600  60.93
2013-03-15  60.68  61.08  60.54  60.85  2187600  60.85
2013-03-14  60.61  61.06  60.49  60.88  1327100  60.88
2013-03-13  60.32  60.65  60.11  60.65  1580300  60.65
2013-03-12  60.18  60.43  60.08  60.39  1245200  60.39
2013-03-11  60.16  60.33  60.06  60.29  1137800  60.29
2013-03-08  60.35  60.58  60.0  60.18  1159800  60.18
2013-03-07  59.99  60.4  59.93  60.13  1371200  60.13
2013-03-06  60.07  60.16  59.78  60.08  2002600  60.08
2013-03-05  59.77  60.39  59.68  60.08  1748400  60.08
2013-03-04  59.15  59.72  59.13  59.72  1118200  59.72
2013-03-01  59.0  59.3  58.74  59.26  1462600  59.26
2013-02-28  58.87  59.46  58.65  59.18  2466600  59.18
2013-02-27  58.26  58.79  58.09  58.74  2228200  58.74
2013-02-26  57.58  58.25  57.51  58.22  1797400  58.22
2013-02-25  58.33  58.51  57.33  57.33  1338600  57.33
2013-02-22  57.98  58.28  57.78  58.28  1676300  58.28
2013-02-21  57.91  58.02  57.51  57.95  2287500  57.95
2013-02-20  58.26  58.48  57.45  58.05  1783300  58.05
2013-02-19  57.9  58.56  57.76  58.4  2172400  58.4
2013-02-15  58.03  58.15  57.72  58.05  1599700  58.05
2013-02-14  57.65  58.23  57.58  57.86  2860900  57.86
2013-02-13  57.63  57.65  57.37  57.58  1210400  57.58
2013-02-12  57.44  57.62  57.3  57.54  1183700  57.54
2013-02-11  57.27  57.55  57.24  57.41  1145100  57.41
2013-02-08  57.23  57.64  57.06  57.21  1669300  57.21
2013-02-07  57.09  57.34  56.82  57.3  1877200  57.3
2013-02-06  56.92  57.3  56.91  57.29  2485200  57.29
2013-02-05  57.15  57.66  56.77  56.81  3053100  56.81
2013-02-04  56.72  56.8  56.32  56.42  2585100  56.42
2013-02-01  57.15  57.3  56.87  56.96  2151600  56.96
2013-01-31  56.96  57.15  56.61  56.81  1042800  56.81
2013-01-30  57.1  57.2  56.89  57.02  777900  57.02
2013-01-29  56.77  57.18  56.62  57.12  856200  57.12
2013-01-28  57.02  57.13  56.63  56.72  827300  56.72
2013-01-25  56.91  57.14  56.56  57.14  1211100  57.14
2013-01-24  56.57  57.06  56.44  56.9  1587500  56.9
2013-01-23  56.36  56.65  56.13  56.49  1798000  56.49
2013-01-22  56.37  56.67  56.23  56.51  1992200  56.51
2013-01-18  56.03  56.55  55.82  56.53  1396200  56.53
2013-01-17  55.61  56.32  55.53  56.09  1273500  56.09
2013-01-16  54.69  55.47  54.42  55.38  1939800  55.38
2013-01-15  55.56  55.59  55.37  55.47  1066000  55.47
2013-01-14  55.51  55.88  55.48  55.72  1209700  55.72
2013-01-11  55.74  55.74  55.27  55.37  927900  55.37
2013-01-10  55.45  55.66  55.27  55.66  1119600  55.66
2013-01-09  55.3  55.51  55.15  55.35  1132600  55.35
2013-01-08  54.95  55.22  54.6  55.21  1530300  55.21
2013-01-07  55.02  55.18  54.74  55.02  1079700  55.02
2013-01-04  54.87  55.05  54.63  55.01  1764400  55.01
2013-01-03  55.3  55.3  54.67  54.89  1556900  54.89
2013-01-02  54.71  55.27  54.63  55.27  1563300  55.27
2012-12-31  53.58  54.27  53.43  54.24  1300000  54.24
2012-12-28  53.98  54.21  53.68  53.73  829900  53.73
2012-12-27  54.16  54.3  53.8  54.13  938500  54.13
2012-12-26  54.45  54.59  54.06  54.16  1101400  54.16
2012-12-24  54.64  54.64  54.26  54.52  488200  54.52
2012-12-21  54.9  54.95  54.26  54.56  2213100  54.56
2012-12-20  54.58  55.05  54.51  54.96  1311900  54.96
2012-12-19  55.16  55.17  54.49  54.53  1332200  54.53
2012-12-18  55.34  55.34  54.67  54.97  2944100  54.97
2012-12-17  55.11  55.36  55.08  55.22  1485100  55.22
2012-12-14  54.9  55.45  54.8  55.08  1950300  55.08
2012-12-13  55.03  55.2  54.82  55.11  1077900  55.11
2012-12-12  55.12  55.56  54.91  54.97  1856000  54.97
2012-12-11  54.52  55.06  54.43  55.02  1732000  55.02
2012-12-10  54.33  54.87  54.24  54.51  1642100  54.51
2012-12-07  54.13  54.36  53.88  54.35  1355700  54.35
2012-12-06  54.0  54.14  53.9  54.13  1339700  54.13
2012-12-05  53.61  54.24  53.59  54.04  1881700  54.04
2012-12-04  53.47  53.66  52.96  53.64  1780300  53.64
2012-12-03  53.97  53.99  53.48  53.67  1595500  53.67
2012-11-30  53.95  54.09  53.68  53.86  2378800  53.86
2012-11-29  53.73  54.1  53.55  54.0  1630800  54.0
2012-11-28  53.36  53.79  53.32  53.74  4212600  53.74
2012-11-27  53.37  53.84  53.23  53.43  2185700  53.43
2012-11-26  53.26  53.43  53.13  53.37  2427200  53.37
2012-11-23  53.21  53.32  53.09  53.24  893000  53.24
2012-11-21  52.81  53.13  52.69  53.04  1763300  53.04
2012-11-20  52.67  52.9  52.5  52.82  1734100  52.82
2012-11-19  52.36  52.75  52.12  52.74  1982100  52.74
2012-11-16  52.1  52.19  51.76  52.19  2264700  52.19
2012-11-15  51.64  52.01  51.4  51.92  1931100  51.92
2012-11-14  51.85  52.21  51.58  51.72  1861900  51.72
2012-11-13  51.6  52.17  51.6  51.85  1938000  51.85
2012-11-12  51.55  51.79  51.3  51.71  1321800  51.71
2012-11-09  51.61  52.01  51.44  51.53  2717000  51.53
2012-11-08  50.34  52.17  50.31  51.71  3823100  51.71
2012-11-07  52.36  52.49  51.66  52.18  3157500  52.18
2012-11-06  52.01  52.79  51.78  52.76  3281100  52.76
2012-11-05  51.62  52.02  51.17  52.02  3497000  52.02
2012-11-02  51.6  52.13  51.51  51.73  3710000  51.73
2012-11-01  50.8  51.67  50.26  51.55  2670400  51.55
2012-10-31  50.98  51.07  50.32  50.41  3860000  50.41
2012-10-26  50.71  51.12  50.2  50.97  2257000  50.97
2012-10-25  50.15  50.77  50.15  50.64  1727100  50.64
2012-10-24  50.12  50.28  49.84  49.93  1402400  49.93
2012-10-23  49.86  49.9  49.48  49.76  720800  49.76
2012-10-22  50.13  50.27  49.77  50.11  883000  50.11
2012-10-19  50.59  50.67  49.98  50.19  1504200  50.19
2012-10-18  50.88  50.9  50.45  50.58  1737200  50.58
2012-10-17  50.25  50.93  50.25  50.92  1653300  50.92
2012-10-16  49.92  50.27  49.91  50.17  1353800  50.17
2012-10-15  49.9  49.91  49.64  49.81  1078000  49.81
2012-10-12  49.87  50.11  49.7  49.84  979900  49.84
2012-10-11  49.87  50.01  49.71  49.72  888000  49.72
2012-10-10  49.84  49.98  49.4  49.55  1024800  49.55
2012-10-09  50.03  50.1  49.62  49.7  913400  49.7
2012-10-08  49.98  50.06  49.76  49.99  707100  49.99
2012-10-05  50.24  50.34  49.92  50.05  1144700  50.05
2012-10-04  49.93  50.11  49.85  49.99  735900  49.99
2012-10-03  50.13  50.14  49.75  49.92  1017300  49.92
2012-10-02  50.17  50.39  49.76  50.0  1354000  50.0
2012-10-01  49.61  50.35  49.57  50.03  2140000  50.03
2012-09-28  49.62  49.8  49.38  49.77  1635000  49.77
2012-09-27  49.81  49.91  49.57  49.76  1371000  49.76
2012-09-26  50.01  50.24  49.73  49.81  1497300  49.81
2012-09-25  50.1  50.25  49.91  49.97  2996500  49.97
2012-09-24  49.6  49.92  49.41  49.84  2109500  49.84
2012-09-21  49.45  49.64  49.29  49.57  2803800  49.57
2012-09-20  49.05  49.57  49.05  49.4  2286700  49.4
2012-09-19  48.59  49.28  48.56  49.08  2071700  49.08
2012-09-18  48.68  48.68  48.41  48.46  1289800  48.46
2012-09-17  48.38  48.67  48.38  48.63  1363700  48.63
2012-09-14  48.9  48.92  48.11  48.36  2874000  48.36
2012-09-13  48.38  49.08  48.2  48.96  1912200  48.96
2012-09-12  48.65  48.74  48.36  48.53  978000  48.53
2012-09-11  48.55  48.59  48.33  48.59  1250900  48.59
2012-09-10  48.24  48.52  48.09  48.43  1814800  48.43
2012-09-07  48.5  48.67  48.4  48.55  1921500  48.55
2012-09-06  48.42  48.63  48.3  48.56  2244100  48.56
2012-09-05  48.76  48.95  48.36  48.36  1310000  48.36
2012-09-04  48.95  49.14  48.77  48.8  1474100  48.8
2012-08-31  48.93  49.14  48.65  48.8  1654100  48.8
2012-08-30  49.08  49.09  48.69  48.71  2114800  48.71
2012-08-29  49.44  49.58  49.03  49.12  1513200  49.12
2012-08-28  49.22  49.59  49.22  49.35  1470800  49.35
2012-08-27  49.32  49.45  49.19  49.34  1133200  49.34
2012-08-24  48.87  49.21  48.74  49.18  1354000  49.18
2012-08-23  48.84  48.97  48.67  48.87  2039000  48.87
2012-08-22  48.94  49.1  48.67  48.78  1602000  48.78
2012-08-21  49.2  49.39  49.05  49.09  1770000  49.09
2012-08-20  48.83  49.17  48.83  49.08  1542000  49.08
2012-08-17  48.92  49.03  48.75  48.81  2188500  48.81
2012-08-16  48.57  48.87  48.46  48.82  2136900  48.82
2012-08-15  48.5  48.72  48.4  48.69  893800  48.69
2012-08-14  48.58  48.67  48.26  48.54  1744200  48.54
2012-08-13  48.69  48.75  48.39  48.43  2446500  48.43
2012-08-10  48.33  48.72  48.24  48.7  1565000  48.7
2012-08-09  48.36  48.53  48.22  48.48  1992400  48.48
2012-08-08  48.02  48.48  47.94  48.39  1860500  48.39
2012-08-07  47.95  48.18  47.79  48.0  1615400  48.0
2012-08-06  48.02  48.44  47.8  47.83  2146500  47.83
2012-08-03  47.63  48.29  47.62  48.1  4113100  48.1
2012-08-02  45.9  47.75  45.9  47.23  4721900  47.23
2012-08-01  45.63  45.89  45.38  45.67  2490800  45.67
2012-07-31  45.26  45.69  45.14  45.56  1999500  45.56
2012-07-30  45.33  45.58  44.84  45.28  2599200  45.28
2012-07-27  44.69  45.26  44.66  45.08  3367000  45.08
2012-07-26  44.87  45.27  44.52  44.52  2911200  44.52
2012-07-25  44.47  44.75  44.34  44.43  2542500  44.43
2012-07-24  45.03  45.09  44.26  44.45  3863700  44.45
2012-07-23  45.34  45.45  44.91  45.04  1985200  45.04
2012-07-20  45.77  45.91  45.4  45.51  2520500  45.51
2012-07-19  45.95  46.12  45.78  45.92  2112400  45.92
2012-07-18  46.23  46.28  45.85  45.91  1987800  45.91
2012-07-17  46.29  46.33  45.81  46.21  2151900  46.21
2012-07-16  47.19  47.28  46.12  46.19  2833900  46.19
2012-07-13  47.0  47.49  46.98  47.28  1180800  47.28
2012-07-12  47.13  47.25  46.78  46.93  925400  46.93
2012-07-11  46.81  47.66  46.78  47.27  2145300  47.27
2012-07-10  46.51  47.03  46.51  46.79  2098800  46.79
2012-07-09  46.92  47.0  46.41  46.47  1268700  46.47
2012-07-06  47.1  47.28  46.81  46.92  1211300  46.92
2012-07-05  47.33  47.52  47.06  47.27  1618800  47.27
2012-07-03  47.28  47.34  47.09  47.32  862300  47.32
2012-07-02  46.96  47.31  46.79  47.24  1610100  47.24
2012-06-29  47.07  47.23  46.95  47.12  2040000  47.12
2012-06-28  46.4  46.7  46.27  46.7  1787300  46.7
2012-06-27  46.25  46.56  46.21  46.52  1165500  46.52
2012-06-26  46.5  46.55  46.01  46.27  1348300  46.27
2012-06-25  46.58  46.76  46.42  46.55  1107400  46.55
2012-06-22  46.69  46.88  46.47  46.78  1437200  46.78
2012-06-21  47.47  47.47  46.61  46.63  1368800  46.63
2012-06-20  47.3  47.44  46.92  47.23  1269400  47.23
2012-06-19  47.42  47.53  47.13  47.38  1121100  47.38
2012-06-18  47.03  47.43  47.02  47.19  1049700  47.19
2012-06-15  46.94  47.15  46.87  47.05  1536800  47.05
2012-06-14  46.27  46.94  46.26  46.93  2036700  46.93
2012-06-13  46.16  46.39  46.09  46.21  1293300  46.21
2012-06-12  46.37  46.41  46.1  46.22  1601500  46.22
2012-06-11  46.73  46.73  46.31  46.35  1334800  46.35
2012-06-08  46.2  46.45  46.16  46.45  1660500  46.45
2012-06-07  46.42  46.47  46.22  46.23  1394500  46.23
2012-06-06  46.17  46.32  45.91  46.2  1669100  46.2
2012-06-05  45.86  46.29  45.74  46.06  1988000  46.06
2012-06-04  46.06  46.19  45.85  46.1  1467900  46.1
2012-06-01  46.33  46.57  46.04  46.06  2667100  46.06
2012-05-31  47.23  47.29  46.6  46.6  3006800  46.6
2012-05-30  47.79  48.07  47.15  47.15  2198500  47.15
2012-05-29  47.87  48.02  47.75  47.81  1415100  47.81
2012-05-25  47.54  47.69  47.36  47.61  1334000  47.61
2012-05-24  47.45  47.69  47.22  47.54  1669500  47.54
2012-05-23  47.6  47.81  47.26  47.45  1400000  47.45
2012-05-22  47.86  48.03  47.64  47.73  1298900  47.73
2012-05-21  47.8  47.8  47.4  47.71  1369000  47.71
2012-05-18  48.16  48.17  47.51  47.71  2050300  47.71
2012-05-17  48.3  48.36  48.03  48.03  1796300  48.03
2012-05-16  48.27  48.33  48.02  48.24  2038000  48.24
2012-05-15  48.3  48.37  48.01  48.28  1787300  48.28
2012-05-14  48.05  48.35  47.92  48.26  1247300  48.26
2012-05-11  48.06  48.45  48.01  48.29  1556900  48.29
2012-05-10  48.12  48.36  48.05  48.24  1171800  48.24
2012-05-09  47.83  48.29  47.74  48.07  1787100  48.07
2012-05-08  47.78  48.08  47.55  48.07  2142500  48.07
2012-05-07  47.73  47.93  47.66  47.85  2080200  47.85
2012-05-04  48.01  48.21  47.72  47.72  1766400  47.72
2012-05-03  47.91  48.23  47.67  48.07  2659600  48.07
2012-05-02  47.4  47.9  47.31  47.88  3183800  47.88
2012-05-01  47.9  47.98  47.36  47.36  2621600  47.36
2012-04-30  47.69  47.93  47.61  47.89  2063600  47.89
2012-04-27  47.73  47.85  47.41  47.69  3450100  47.69
2012-04-26  47.98  48.49  47.43  47.65  3371900  47.65
2012-04-25  47.92  48.16  47.65  47.82  3199700  47.82
2012-04-24  48.0  48.24  47.64  47.76  4177300  47.76
2012-04-23  48.93  49.29  47.98  48.02  8269400  48.02
2012-04-20  50.99  51.33  50.98  51.13  1517200  51.13
2012-04-19  50.67  51.2  50.64  50.95  1639000  50.95
2012-04-18  50.88  50.93  50.59  50.75  1080400  50.75
2012-04-17  50.79  51.14  50.6  50.94  1069200  50.94
2012-04-16  50.4  50.83  50.34  50.67  1215100  50.67
2012-04-13  50.25  50.74  50.25  50.42  1302600  50.42
2012-04-12  50.22  50.41  50.09  50.39  1337500  50.39
2012-04-11  50.34  50.73  50.17  50.21  2350000  50.21
2012-04-10  50.05  50.18  49.96  50.13  1721600  50.13
2012-04-09  49.98  50.19  49.9  50.09  807900  50.09
2012-04-05  50.45  50.46  50.01  50.37  1314200  50.37
2012-04-04  50.4  50.62  50.35  50.49  1349800  50.49
2012-04-03  50.95  50.95  50.35  50.56  2233800  50.56
2012-04-02  50.62  50.91  50.38  50.9  1363900  50.9
2012-03-30  50.68  51.01  50.62  50.79  1505100  50.79
2012-03-29  50.47  50.67  50.24  50.57  1675900  50.57
2012-03-28  50.36  50.49  50.25  50.49  1432900  50.49
2012-03-27  50.07  50.44  50.01  50.3  1360600  50.3
2012-03-26  49.92  50.38  49.86  50.04  1519000  50.04
2012-03-23  49.75  49.87  49.62  49.64  1620200  49.64
2012-03-22  49.61  49.79  49.46  49.77  914200  49.77
2012-03-21  49.88  49.91  49.5  49.7  911400  49.7
2012-03-20  49.66  49.97  49.66  49.89  996300  49.89
2012-03-19  49.72  50.02  49.58  49.82  1590800  49.82
2012-03-16  50.08  50.2  49.69  49.84  1970500  49.84
2012-03-15  49.76  50.13  49.49  50.12  1661400  50.12
2012-03-14  49.97  50.2  49.62  49.7  1294800  49.7
2012-03-13  50.01  50.12  49.75  50.1  1029700  50.1
2012-03-12  49.71  50.26  49.65  50.04  1872700  50.04
2012-03-09  49.56  49.7  49.45  49.67  1008700  49.67
2012-03-08  49.19  49.67  49.09  49.65  1443200  49.65
2012-03-07  49.07  49.21  48.91  49.18  1306500  49.18
2012-03-06  49.19  49.37  49.01  49.1  2198500  49.1
2012-03-05  49.35  49.47  49.18  49.33  1402500  49.33
2012-03-02  49.45  49.65  49.25  49.35  1791000  49.35
2012-03-01  49.68  49.86  49.41  49.5  1937300  49.5
2012-02-29  49.76  49.82  49.51  49.58  3040300  49.58
2012-02-28  49.83  49.94  49.47  49.56  1882200  49.56
2012-02-27  49.5  49.78  49.26  49.69  2443700  49.69
2012-02-24  49.94  50.11  49.47  49.55  1657000  49.55
2012-02-23  49.84  50.21  49.81  49.88  3486800  49.88
2012-02-22  48.78  49.39  48.7  49.35  3261900  49.35
2012-02-21  49.31  49.31  48.72  48.81  2106000  48.81
2012-02-17  49.56  49.56  48.72  49.35  4272800  49.35
2012-02-16  49.54  49.74  49.23  49.38  3577700  49.38
2012-02-15  49.55  50.12  48.79  49.67  7994200  49.67
2012-02-14  46.84  47.33  46.8  47.25  2249200  47.25
2012-02-13  47.04  47.11  46.94  46.99  1101700  46.99
2012-02-10  46.97  47.07  46.66  46.79  1542800  46.79
2012-02-09  47.28  47.38  46.94  47.17  1781400  47.17
2012-02-08  47.83  47.93  47.26  47.29  2371400  47.29
2012-02-07  47.67  47.82  47.35  47.74  2059400  47.74
2012-02-06  47.58  47.77  47.47  47.61  1392100  47.61
2012-02-03  47.82  48.05  47.65  47.76  1940800  47.76
2012-02-02  47.87  48.22  46.98  47.52  6337100  47.52
2012-02-01  46.59  47.02  46.28  46.32  3335100  46.32
2012-01-31  46.53  46.69  46.3  46.52  2267300  46.52
2012-01-30  46.1  46.77  46.09  46.47  3237400  46.47
2012-01-27  46.93  47.21  46.64  46.72  2401100  46.72
2012-01-26  47.8  47.89  46.92  46.96  3118400  46.96
2012-01-25  47.35  47.91  47.32  47.83  2793200  47.83
2012-01-24  47.65  47.82  47.36  47.44  1772300  47.44
2012-01-23  47.95  47.98  47.37  47.91  2006800  47.91
2012-01-20  48.12  48.13  47.59  47.98  1524100  47.98
2012-01-19  48.26  48.26  47.92  48.09  1656200  48.09
2012-01-18  47.83  48.23  47.66  48.06  1297900  48.06
2012-01-17  48.01  48.18  47.76  47.81  1318500  47.81
2012-01-13  48.25  48.31  47.68  47.73  2625000  47.73
2012-01-12  48.46  48.71  48.18  48.32  1356500  48.32
2012-01-11  48.2  48.51  48.07  48.44  1700500  48.44
2012-01-10  47.88  48.3  47.82  48.29  2480100  48.29
2012-01-09  47.64  47.69  47.25  47.64  1283900  47.64
2012-01-06  47.66  47.69  47.27  47.45  3649300  47.45
2012-01-05  47.26  47.66  47.22  47.41  1623100  47.41
2012-01-04  47.45  47.55  47.19  47.36  1085600  47.36
2012-01-03  47.88  48.02  47.37  47.4  1251800  47.4
2011-12-30  47.49  47.81  47.46  47.51  835600  47.51
2011-12-29  47.55  47.84  47.53  47.78  1083600  47.78
2011-12-28  47.79  47.82  47.57  47.61  941600  47.61
2011-12-27  47.25  47.79  47.25  47.67  1731700  47.67
2011-12-23  46.84  47.52  46.84  47.29  1069300  47.29
2011-12-22  46.9  46.96  46.45  46.89  1360700  46.89
2011-12-21  46.3  47.08  46.3  46.97  1519800  46.97
2011-12-20  45.87  46.38  45.76  46.34  1339900  46.34
2011-12-19  45.97  46.22  45.7  45.78  1396100  45.78
2011-12-16  46.03  46.14  45.53  45.81  2740200  45.81
2011-12-15  45.93  46.22  45.74  45.81  1978000  45.81
2011-12-14  45.79  46.02  45.68  45.74  1653800  45.74
2011-12-13  46.14  46.37  45.61  45.77  1937800  45.77
2011-12-12  46.75  46.8  45.94  46.13  1995000  46.13
2011-12-09  46.45  46.95  46.44  46.79  1189300  46.79
2011-12-08  46.71  46.78  46.24  46.32  1753100  46.32
2011-12-07  46.79  46.97  46.41  46.81  1333100  46.81
2011-12-06  47.04  47.11  46.73  46.77  1808800  46.77
2011-12-05  46.43  47.03  46.33  46.92  2877500  46.92
2011-12-02  46.11  46.33  45.95  46.14  2038800  46.14
2011-12-01  46.06  46.38  45.91  46.01  2927000  46.01
2011-11-30  45.82  46.27  45.69  46.18  2755900  46.18
2011-11-29  45.31  45.58  45.18  45.41  2417600  45.41
2011-11-28  45.45  45.73  45.12  45.27  3104900  45.27
2011-11-25  44.89  45.6  44.88  45.39  1201900  45.39
2011-11-23  45.29  45.47  44.8  44.93  2230800  44.93
2011-11-22  45.81  45.82  45.39  45.47  2824200  45.47
2011-11-21  45.65  45.94  45.59  45.75  2885500  45.75
2011-11-18  46.11  46.18  45.66  45.97  2905600  45.97
2011-11-17  45.82  46.19  45.7  45.98  2177900  45.98
2011-11-16  46.11  46.37  45.74  45.78  2448900  45.78
2011-11-15  45.93  46.47  45.76  46.37  5323800  46.37
2011-11-14  46.08  46.44  46.02  46.23  1754100  46.23
2011-11-11  46.26  46.5  46.17  46.29  1741500  46.29
2011-11-10  46.0  46.37  45.55  45.98  3415600  45.98
2011-11-09  46.4  46.44  45.46  45.7  3443700  45.7
2011-11-08  47.1  47.44  46.33  46.45  4304600  46.45
2011-11-07  46.45  47.0  46.27  46.96  2349500  46.96
2011-11-04  46.52  46.92  46.26  46.47  4191300  46.47
2011-11-03  46.5  47.18  46.11  46.47  9461300  46.47
2011-11-02  50.39  50.39  49.87  50.32  1749500  50.32
2011-11-01  49.91  50.51  49.59  49.87  2273000  49.87
2011-10-31  50.66  51.04  50.47  50.47  1431100  50.47
2011-10-28  51.3  51.32  50.67  51.01  1702100  51.01
2011-10-27  51.28  51.49  50.88  51.28  2140400  51.28
2011-10-26  50.51  50.88  50.17  50.78  2499200  50.78
2011-10-25  51.02  51.08  50.1  50.16  1762200  50.16
2011-10-24  51.21  51.31  50.86  51.0  1632600  51.0
2011-10-21  51.02  51.22  50.91  51.19  1740500  51.19
2011-10-20  50.69  51.14  50.38  50.64  1648200  50.64
2011-10-19  51.08  51.35  50.64  50.73  1059800  50.73
2011-10-18  50.9  51.22  50.43  51.04  1769300  51.04
2011-10-17  50.78  51.21  50.78  51.04  2481400  51.04
2011-10-14  50.65  51.07  50.59  51.06  1569900  51.06
2011-10-13  50.46  50.57  49.8  50.24  1733900  50.24
2011-10-12  50.6  50.94  50.59  50.69  1851400  50.69
2011-10-11  50.16  50.64  50.01  50.48  902400  50.48
2011-10-10  50.31  50.42  50.0  50.33  1078500  50.33
2011-10-07  49.99  50.2  49.68  49.92  2572900  49.92
2011-10-06  49.31  49.78  49.04  49.76  2174500  49.76
2011-10-05  49.52  49.84  48.96  49.3  1674300  49.3
2011-10-04  48.93  49.55  48.36  49.53  2400000  49.53
2011-10-03  49.1  49.73  49.01  49.24  3198700  49.24
2011-09-30  49.8  50.28  49.48  49.52  2313600  49.52
2011-09-29  50.46  50.8  49.68  50.14  1954900  50.14
2011-09-28  50.45  50.79  49.94  49.99  2254000  49.99
2011-09-27  50.23  50.9  49.98  50.45  1781800  50.45
2011-09-26  49.19  49.78  48.96  49.73  1727100  49.73
2011-09-23  48.75  49.24  48.33  48.98  2163900  48.98
2011-09-22  48.31  48.96  48.07  48.8  2925300  48.8
2011-09-21  49.77  50.0  48.98  48.99  1714900  48.99
2011-09-20  49.93  50.35  49.69  49.76  1324100  49.76
2011-09-19  49.75  49.95  49.34  49.79  1291500  49.79
2011-09-16  50.19  50.3  49.89  50.27  1993800  50.27
2011-09-15  49.32  50.23  49.19  50.0  2223400  50.0
2011-09-14  49.05  49.39  48.58  49.03  2583900  49.03
2011-09-13  49.11  49.14  48.47  48.84  2280900  48.84
2011-09-12  49.21  49.35  48.38  49.01  2233700  49.01
2011-09-09  50.24  50.33  49.17  49.43  1692000  49.43
2011-09-08  50.42  51.15  50.29  50.65  2140700  50.65
2011-09-07  50.27  50.72  50.03  50.66  1426400  50.66
2011-09-06  48.97  49.86  48.74  49.82  2060900  49.82
2011-09-02  49.84  50.29  49.7  49.92  1515400  49.92
2011-09-01  50.54  50.96  50.2  50.25  1530000  50.25
2011-08-31  50.47  50.74  50.29  50.58  2212100  50.58
2011-08-30  50.05  50.4  49.58  50.14  2281400  50.14
2011-08-29  49.42  50.04  49.39  50.03  1137500  50.03
2011-08-26  48.65  49.18  47.72  49.12  1625500  49.12
2011-08-25  49.52  49.61  48.53  48.76  1838600  48.76
2011-08-24  48.95  49.42  48.8  49.36  1820900  49.36
2011-08-23  48.8  49.14  48.51  49.14  1886300  49.14
2011-08-22  48.86  48.95  48.31  48.77  2537100  48.77
2011-08-19  48.57  49.15  48.21  48.27  2856000  48.27
2011-08-18  48.63  49.25  48.23  48.77  3401300  48.77
2011-08-17  49.57  50.06  49.21  49.39  2821200  49.39
2011-08-16  49.48  49.7  48.93  49.47  1562300  49.47
2011-08-15  49.23  49.56  48.86  49.51  1585300  49.51
2011-08-12  48.39  49.15  48.1  48.85  2439900  48.85
2011-08-11  47.48  48.52  47.24  48.15  4746500  48.15
2011-08-10  48.22  48.51  47.42  47.53  4543800  47.53
2011-08-09  47.97  48.59  46.54  48.55  4640100  48.55
2011-08-08  48.86  49.38  47.65  47.73  4217100  47.73
2011-08-05  48.79  49.48  48.16  49.29  3908400  49.29
2011-08-04  49.79  50.25  48.41  48.41  4879200  48.41
2011-08-03  50.29  50.32  49.72  50.2  2818200  50.2
2011-08-02  50.84  50.96  50.29  50.29  2471300  50.29
2011-08-01  51.88  51.88  50.7  51.09  2243700  51.09
2011-07-29  51.24  51.73  50.86  51.52  2243000  51.52
2011-07-28  51.31  52.09  50.8  51.56  3955200  51.56
2011-07-27  51.28  51.83  51.22  51.31  2645100  51.31
2011-07-26  51.54  51.71  51.34  51.53  1227600  51.53
2011-07-25  51.29  51.84  51.29  51.63  1784000  51.63
2011-07-22  51.71  51.75  51.37  51.64  858200  51.64
2011-07-21  51.31  51.72  51.24  51.65  1425400  51.65
2011-07-20  51.32  51.4  50.98  51.14  1336000  51.14
2011-07-19  50.79  51.2  50.58  51.18  1498200  51.18
2011-07-18  50.81  50.9  50.21  50.78  1898100  50.78
2011-07-15  51.01  51.3  50.66  51.03  1825700  51.03
2011-07-14  51.15  51.48  50.97  51.07  1465400  51.07
2011-07-13  51.58  51.6  51.07  51.18  1643600  51.18
2011-07-12  50.87  51.56  50.73  51.33  1616800  51.33
2011-07-11  50.45  51.13  50.38  50.91  1892100  50.91
2011-07-08  51.36  51.46  50.8  50.96  2366700  50.96
2011-07-07  51.49  51.53  51.04  51.48  2597400  51.48
2011-07-06  50.76  51.28  50.76  51.27  1417800  51.27
2011-07-05  51.04  51.09  50.8  50.93  1160100  50.93
2011-07-01  50.87  51.2  50.76  51.17  1361400  51.17
2011-06-30  51.04  51.25  50.99  51.1  1495800  51.1
2011-06-29  50.95  51.11  50.66  50.98  1714700  50.98
2011-06-28  50.84  50.98  50.61  50.96  2500800  50.96
2011-06-27  50.47  50.91  50.47  50.64  1971600  50.64
2011-06-24  50.16  50.75  50.06  50.58  2776000  50.58
2011-06-23  50.17  50.17  49.37  49.99  2527700  49.99
2011-06-22  50.83  51.0  50.44  50.5  1345300  50.5
2011-06-21  51.17  51.21  50.79  50.79  1808500  50.79
2011-06-20  50.72  51.16  50.43  51.03  1951700  51.03
2011-06-17  50.91  51.04  50.69  50.73  2358500  50.73
2011-06-16  50.25  50.62  49.97  50.56  1846700  50.56
2011-06-15  50.32  50.61  50.0  50.18  2586300  50.18
2011-06-14  51.56  51.64  49.58  50.77  5664900  50.77
2011-06-13  51.18  51.48  50.78  51.18  1309700  51.18
2011-06-10  51.29  51.44  50.7  50.7  1367100  50.7
2011-06-09  51.19  51.83  51.01  51.53  1698500  51.53
2011-06-08  51.16  51.32  50.76  51.25  1887700  51.25
2011-06-07  50.93  51.33  50.84  51.11  2120100  51.11
2011-06-06  50.62  50.92  50.59  50.77  1505600  50.77
2011-06-03  50.87  51.07  50.54  50.73  1419400  50.73
2011-06-02  52.07  52.29  51.14  51.26  1738100  51.26
2011-06-01  52.42  52.48  52.08  52.14  1625900  52.14
2011-05-31  52.45  52.65  52.24  52.64  2076000  52.64
2011-05-27  52.0  52.47  52.0  52.13  2347000  52.13
2011-05-26  51.37  52.24  51.37  52.07  1783900  52.07
2011-05-25  51.55  51.72  51.23  51.55  1240800  51.55
2011-05-24  52.2  52.23  51.75  51.81  2102600  51.81
2011-05-23  52.21  52.36  52.02  52.08  1363900  52.08
2011-05-20  52.61  52.68  52.22  52.4  1227600  52.4
2011-05-19  52.55  52.64  52.39  52.56  1030900  52.56
2011-05-18  52.56  52.57  52.3  52.42  1314000  52.42
2011-05-17  52.38  52.74  52.32  52.53  1361800  52.53
2011-05-16  52.73  52.73  52.44  52.51  1847700  52.51
2011-05-13  52.7  52.92  52.54  52.79  1430800  52.79
2011-05-12  51.86  52.89  51.86  52.73  2342200  52.73
2011-05-11  52.27  52.37  51.79  51.96  2002200  51.96
2011-05-10  51.82  52.36  51.74  52.27  2396500  52.27
2011-05-09  52.04  52.05  51.68  51.73  1667400  51.73
2011-05-06  52.17  52.62  51.9  52.05  1766100  52.05
2011-05-05  51.9  52.42  51.72  51.86  2603500  51.86
2011-05-04  51.76  52.31  51.36  52.06  5664100  52.06
2011-05-03  52.31  52.74  52.24  52.68  2224400  52.68
2011-05-02  52.45  52.72  52.39  52.52  2478100  52.52
2011-04-29  52.06  52.66  52.02  52.52  1867900  52.52
2011-04-28  51.67  52.19  51.45  52.13  1747400  52.13
2011-04-27  51.18  51.7  51.09  51.67  2042400  51.67
2011-04-26  50.77  51.23  50.77  51.14  1600000  51.14
2011-04-25  50.86  50.86  50.52  50.75  1105000  50.75
2011-04-21  51.17  51.17  50.62  50.79  748800  50.79
2011-04-20  50.85  51.08  50.74  50.98  1358900  50.98
2011-04-19  50.54  50.65  50.35  50.62  1463200  50.62
2011-04-18  50.58  50.68  50.14  50.6  1850200  50.6
2011-04-15  50.79  51.01  50.61  50.78  1637500  50.78
2011-04-14  50.21  50.76  50.11  50.67  1944200  50.67
2011-04-13  50.14  50.41  49.94  50.34  1192100  50.34
2011-04-12  50.05  50.38  49.89  50.12  1321300  50.12
2011-04-11  49.6  50.26  49.52  50.18  2150000  50.18
2011-04-08  49.71  49.82  49.34  49.47  846800  49.47
2011-04-07  49.69  49.74  49.45  49.55  819500  49.55
2011-04-06  49.59  49.93  49.45  49.76  884100  49.76
2011-04-05  49.6  49.74  49.46  49.48  1326300  49.48
2011-04-04  49.65  49.74  49.54  49.74  1194400  49.74
2011-04-01  49.5  49.69  49.46  49.52  1455900  49.52
2011-03-31  49.34  49.94  49.34  49.51  1656600  49.51
2011-03-30  49.43  49.69  49.24  49.43  2237500  49.43
2011-03-29  49.14  49.49  49.12  49.41  1363400  49.41
2011-03-28  48.91  49.53  48.87  49.29  1415800  49.29
2011-03-25  49.28  49.31  48.87  48.96  1597700  48.96
2011-03-24  49.27  49.4  49.05  49.15  1729000  49.15
2011-03-23  49.38  49.58  49.13  49.21  2197600  49.21
2011-03-22  49.61  49.82  49.42  49.5  2205800  49.5
2011-03-21  49.88  49.99  49.53  49.62  1892600  49.62
2011-03-18  49.38  49.81  49.35  49.68  2072400  49.68
2011-03-17  49.51  49.55  48.71  49.02  2439700  49.02
2011-03-16  49.69  49.73  49.02  49.2  2139700  49.2
2011-03-15  49.42  49.87  49.3  49.59  2120900  49.59
2011-03-14  50.31  50.35  49.9  50.02  1675400  50.02
2011-03-11  50.25  50.82  50.25  50.48  2687900  50.48
2011-03-10  49.89  50.44  49.85  50.35  2272900  50.35
2011-03-09  49.95  50.41  49.94  50.35  1240200  50.35
2011-03-08  49.67  50.07  49.57  50.02  1351700  50.02
2011-03-07  49.82  49.97  49.42  49.68  2003700  49.68
2011-03-04  49.37  49.99  49.37  49.83  3222100  49.83
2011-03-03  48.9  49.56  48.9  49.5  2822500  49.5
2011-03-02  48.47  48.85  48.35  48.76  2159600  48.76
2011-03-01  49.09  49.37  48.58  48.6  1804400  48.6
2011-02-28  48.89  49.29  48.74  49.12  2496800  49.12
2011-02-25  48.64  49.02  48.33  48.74  1830700  48.74
2011-02-24  48.56  48.87  48.31  48.33  2585600  48.33
2011-02-23  48.49  49.14  48.42  48.65  3784000  48.65
2011-02-22  48.14  48.76  48.14  48.41  3432700  48.41
2011-02-18  48.3  48.3  47.87  48.25  2216300  48.25
2011-02-17  48.1  48.39  47.97  48.24  1754000  48.24
2011-02-16  48.39  48.4  47.99  48.17  1703200  48.17
2011-02-15  48.37  48.69  48.17  48.24  2602200  48.24
2011-02-14  48.4  49.86  48.19  48.67  5199400  48.67
2011-02-11  47.8  48.42  47.56  48.32  1994400  48.32
2011-02-10  48.26  48.44  47.9  48.06  2440000  48.06
2011-02-09  48.34  48.48  48.15  48.33  2191200  48.33
2011-02-08  48.49  48.85  48.37  48.5  2882500  48.5
2011-02-07  48.68  48.92  48.43  48.46  3264400  48.46
2011-02-04  48.16  48.87  47.96  48.62  5566300  48.62
2011-02-03  46.64  47.92  46.18  47.8  8099600  47.8
2011-02-02  45.74  46.18  45.63  45.83  3010000  45.83
2011-02-01  45.8  46.08  45.5  45.69  2448200  45.69
2011-01-31  46.02  46.08  45.53  45.78  2334000  45.78
2011-01-28  46.35  46.71  45.9  45.95  1925900  45.95
2011-01-27  47.04  47.04  46.0  46.28  2686000  46.28
2011-01-26  47.24  47.38  46.67  46.87  1994600  46.87
2011-01-25  47.17  47.32  47.03  47.08  2533500  47.08
2011-01-24  47.34  47.51  47.15  47.19  1598100  47.19
2011-01-21  47.19  47.36  47.06  47.28  2322300  47.28
2011-01-20  46.31  47.16  46.31  47.03  4730200  47.03
2011-01-19  46.61  46.86  46.36  46.46  1800000  46.46
2011-01-18  46.57  46.62  46.37  46.54  2399300  46.54
2011-01-14  46.82  47.03  46.39  46.42  2512800  46.42
2011-01-13  46.58  47.0  46.48  46.87  2385000  46.87
2011-01-12  46.41  46.83  46.36  46.52  2129300  46.52
2011-01-11  46.47  46.64  46.3  46.34  1802300  46.34
2011-01-10  46.34  46.61  46.31  46.46  1257400  46.46
2011-01-07  46.3  46.61  46.23  46.42  1510500  46.42
2011-01-06  46.41  46.49  46.18  46.34  1774700  46.34
2011-01-05  46.48  46.87  46.36  46.48  2492900  46.48
2011-01-04  46.36  46.84  46.03  46.68  3093800  46.68
2011-01-03  46.63  46.63  46.18  46.31  2659200  46.31
2010-12-31  46.49  46.67  46.42  46.49  773800  46.49
2010-12-30  46.44  46.57  46.39  46.53  1076600  46.53
2010-12-29  46.57  46.87  46.52  46.52  953600  46.52
2010-12-28  46.54  46.68  46.46  46.55  686800  46.55
2010-12-27  46.43  46.68  46.42  46.48  862300  46.48
2010-12-23  46.72  46.84  46.46  46.55  1558900  46.55
2010-12-22  46.35  46.76  46.34  46.69  1445200  46.69
2010-12-21  46.87  46.98  46.49  46.52  1923200  46.52
2010-12-20  46.57  46.82  46.52  46.74  1786400  46.74
2010-12-17  46.42  46.77  46.41  46.63  2611900  46.63
2010-12-16  46.61  46.66  46.39  46.54  1881300  46.54
2010-12-15  46.44  46.51  46.28  46.47  2749600  46.47
2010-12-14  45.81  46.49  45.67  46.43  3351500  46.43
2010-12-13  45.32  45.76  45.31  45.71  4123000  45.71
2010-12-10  45.33  45.38  45.2  45.31  3825000  45.31
2010-12-09  45.2  45.5  45.2  45.3  3000900  45.3
2010-12-08  44.58  45.26  44.48  45.18  3452100  45.18
2010-12-07  45.06  45.06  44.46  44.51  3571200  44.51
2010-12-06  45.04  45.13  44.82  44.87  3078600  44.87
2010-12-03  44.93  45.1  44.65  45.05  2162900  45.05
2010-12-02  44.91  45.1  44.8  45.08  3059000  45.08
2010-12-01  45.07  45.13  44.64  45.0  3138800  45.0
2010-11-30  44.59  45.04  44.48  44.81  3053200  44.81
2010-11-29  44.54  44.86  44.36  44.77  3133700  44.77
2010-11-26  44.33  44.74  44.2  44.66  1183900  44.66
2010-11-24  44.4  44.66  44.26  44.4  1875900  44.4
2010-11-23  44.25  44.52  43.95  44.5  3214600  44.5
2010-11-22  44.18  44.4  43.92  44.35  5757600  44.35
2010-11-19  44.57  44.57  44.11  44.21  7264200  44.21
2010-11-18  44.37  44.61  44.25  44.57  6365200  44.57
2010-11-17  44.17  44.35  44.07  44.12  2275800  44.12
2010-11-16  43.91  44.21  43.81  44.18  3481300  44.18
2010-11-15  44.35  44.46  44.0  44.05  1113500  44.05
2010-11-12  44.42  44.42  44.02  44.19  1869100  44.19
2010-11-11  43.97  44.46  43.86  44.46  2136600  44.46
2010-11-10  44.0  44.12  43.79  44.12  2730000  44.12
2010-11-09  44.52  44.56  44.04  44.18  3212800  44.18
2010-11-08  44.37  44.57  44.28  44.52  2233400  44.52
2010-11-05  44.59  44.66  44.28  44.52  4955500  44.52
2010-11-04  44.77  44.9  44.37  44.51  4757700  44.51
2010-11-03  44.82  45.1  44.43  44.75  3356300  44.75
2010-11-02  45.58  45.58  44.55  44.85  7224000  44.85
2010-11-01  45.47  45.86  45.22  45.81  4941900  45.81
2010-10-29  44.48  45.4  44.48  45.37  4072600  45.37
2010-10-28  44.35  44.97  44.27  44.57  3031900  44.57
2010-10-27  44.21  44.5  43.98  44.3  3152900  44.3
2010-10-26  44.7  44.77  44.35  44.47  2585200  44.47
2010-10-25  44.92  45.04  44.64  44.75  2369600  44.75
2010-10-22  44.73  44.87  44.39  44.73  4288100  44.73
2010-10-21  44.28  45.62  44.06  44.91  7321900  44.91
2010-10-20  45.1  45.47  45.08  45.15  1683500  45.15
2010-10-19  44.99  45.41  44.76  45.04  2183400  45.04
2010-10-18  45.27  45.27  45.07  45.22  2210600  45.22
2010-10-15  45.77  45.81  45.08  45.21  3004700  45.21
2010-10-14  45.9  46.13  45.37  45.47  2460600  45.47
2010-10-13  45.33  45.96  45.33  45.86  2739300  45.86
2010-10-12  44.92  45.28  44.71  45.16  1903700  45.16
2010-10-11  45.05  45.15  44.86  44.97  1471600  44.97
2010-10-08  45.29  45.41  44.82  45.11  2447700  45.11
2010-10-07  45.79  45.82  45.15  45.31  1517600  45.31
2010-10-06  45.71  45.96  45.48  45.58  2520300  45.58
2010-10-05  45.85  46.03  45.66  45.71  3559600  45.71
2010-10-04  45.67  46.01  45.44  45.66  1986800  45.66
2010-10-01  45.62  46.03  45.6  45.95  2041900  45.95
2010-09-30  45.75  46.02  45.25  45.59  2165100  45.59
2010-09-29  45.61  45.87  45.45  45.69  1164800  45.69
2010-09-28  45.78  45.93  45.32  45.73  1707200  45.73
2010-09-27  45.98  46.03  45.67  45.68  1480800  45.68
2010-09-24  45.89  46.09  45.85  46.04  2180800  46.04
2010-09-23  45.41  45.86  45.36  45.64  1641400  45.64
2010-09-22  45.56  46.04  45.56  45.83  2035100  45.83
2010-09-21  45.68  45.88  45.16  45.46  2846500  45.46
2010-09-20  45.81  45.92  45.66  45.87  1999400  45.87
2010-09-17  46.04  46.14  45.65  45.66  2214100  45.66
2010-09-16  46.04  46.1  45.69  46.02  1531400  46.02
2010-09-15  45.81  46.07  45.5  46.04  1999800  46.04
2010-09-14  46.09  46.09  45.69  45.77  1806500  45.77
2010-09-13  46.45  46.51  46.01  46.32  1356000  46.32
2010-09-10  45.68  46.33  45.68  46.28  1955100  46.28
2010-09-09  46.02  46.02  45.74  45.94  1216000  45.94
2010-09-08  45.18  45.81  45.18  45.64  1584500  45.64
2010-09-07  45.34  45.62  45.16  45.2  1180300  45.2
2010-09-03  45.31  45.5  45.08  45.5  1954100  45.5
2010-09-02  45.19  45.29  44.67  45.15  2568200  45.15
2010-09-01  45.31  45.53  44.84  45.04  3298600  45.04
2010-08-31  44.47  45.16  44.47  44.84  3239800  44.84
2010-08-30  45.11  45.24  44.49  44.51  1996500  44.51
2010-08-27  44.31  45.23  44.31  45.21  2519400  45.21
2010-08-26  44.43  44.62  43.87  44.24  3073600  44.24
2010-08-25  44.23  44.7  44.16  44.41  2755900  44.41
2010-08-24  44.33  44.72  44.32  44.52  2797600  44.52
2010-08-23  44.73  44.96  44.55  44.69  1795100  44.69
2010-08-20  44.56  44.65  44.34  44.55  2878900  44.55
2010-08-19  45.59  45.59  44.51  44.65  3670900  44.65
2010-08-18  45.91  45.93  45.48  45.63  2282800  45.63
2010-08-17  45.79  46.18  45.55  45.85  2377400  45.85
2010-08-16  45.2  45.61  44.97  45.6  1609200  45.6
2010-08-13  44.96  45.68  44.82  45.34  3457100  45.34
2010-08-12  44.69  45.35  44.59  45.1  4689500  45.1
2010-08-11  45.9  46.01  45.34  45.6  4404400  45.6
2010-08-10  45.29  46.42  45.29  46.36  4992900  46.36
2010-08-09  44.96  45.75  44.96  45.48  3977600  45.48
2010-08-06  44.44  44.99  44.27  44.91  4328400  44.91
2010-08-05  45.31  45.31  43.85  44.66  5463500  44.66
2010-08-04  44.64  45.62  44.48  45.45  3462000  45.45
2010-08-03  44.41  44.84  44.35  44.48  3758100  44.48
2010-08-02  45.19  45.24  44.55  44.77  4236800  44.77
2010-07-30  42.8  44.92  42.8  44.82  9721900  44.82
2010-07-29  44.36  44.86  42.33  42.96  10932200  42.96
2010-07-28  46.99  46.99  46.09  46.13  3023400  46.13
2010-07-27  46.16  47.08  45.8  46.99  3708400  46.99
2010-07-26  45.67  46.12  45.67  45.97  2345400  45.97
2010-07-23  45.34  46.03  45.26  45.76  2488200  45.76
2010-07-22  45.96  46.23  45.09  45.31  3334000  45.31
2010-07-21  46.41  46.42  45.66  45.79  1925700  45.79
2010-07-20  45.49  46.25  45.47  46.24  1834700  46.24
2010-07-19  45.96  46.09  45.56  45.94  1811400  45.94
2010-07-16  46.24  46.39  45.6  45.71  2080900  45.71
2010-07-15  46.67  46.79  46.01  46.46  2455400  46.46
2010-07-14  46.38  46.66  46.11  46.62  2300400  46.62
2010-07-13  46.61  46.77  46.39  46.52  1661900  46.52
2010-07-12  46.17  46.32  46.04  46.23  1012300  46.23
2010-07-09  46.6  46.61  46.23  46.36  1042100  46.36
2010-07-08  46.77  46.94  46.17  46.51  2172700  46.51
2010-07-07  45.98  46.55  45.75  46.55  1688500  46.55
2010-07-06  45.93  46.23  45.56  45.94  1745700  45.94
2010-07-02  45.46  45.65  45.17  45.37  1821500  45.37
2010-07-01  44.96  45.51  44.55  45.46  3107500  45.46
2010-06-30  45.91  45.91  44.96  45.04  4905600  45.04
2010-06-29  46.57  46.87  45.9  46.34  3233100  46.34
2010-06-28  46.95  47.51  46.83  47.02  2042500  47.02
2010-06-25  47.29  47.5  46.86  46.94  3103200  46.94
2010-06-24  47.71  47.71  47.15  47.33  2232700  47.33
2010-06-23  47.87  48.04  47.48  47.8  1824200  47.8
2010-06-22  48.16  48.78  47.85  47.89  2359500  47.89
2010-06-21  48.99  49.15  47.97  48.32  4033500  48.32
2010-06-18  48.95  49.21  48.72  48.77  3005300  48.77
2010-06-17  48.71  49.08  48.55  49.07  2448300  49.07
2010-06-16  48.51  48.71  48.41  48.53  2289100  48.53
2010-06-15  49.22  49.22  48.53  48.91  2181000  48.91
2010-06-14  48.34  49.16  48.34  48.77  3347500  48.77
2010-06-11  48.33  48.35  47.79  48.05  3162600  48.05
2010-06-10  48.85  49.02  48.41  48.65  3892900  48.65
2010-06-09  48.55  48.93  48.22  48.34  3443800  48.34
2010-06-08  47.9  48.71  47.76  48.67  3138600  48.67
2010-06-07  47.63  48.56  47.48  47.9  2437100  47.9
2010-06-04  48.37  48.46  47.43  47.65  4448800  47.65
2010-06-03  49.2  49.44  49.14  49.35  1604400  49.35
2010-06-02  48.21  49.19  48.16  49.19  2989800  49.19
2010-06-01  47.57  48.4  47.49  47.99  3136100  47.99
2010-05-28  48.12  48.24  47.65  47.84  2665800  47.84
2010-05-27  47.64  48.01  47.43  47.99  1668200  47.99
2010-05-26  47.82  47.86  46.99  47.04  3189500  47.04
2010-05-25  47.23  47.5  46.82  47.5  2916100  47.5
2010-05-24  47.85  48.39  47.66  47.97  1540100  47.97
2010-05-21  47.3  48.08  47.3  48.08  2781700  48.08
2010-05-20  48.52  48.56  47.8  47.8  4538700  47.8
2010-05-19  49.26  49.31  48.63  49.05  2829500  49.05
2010-05-18  49.56  49.79  49.25  49.31  2798400  49.31
2010-05-17  48.59  49.51  48.44  49.42  3654900  49.42
2010-05-14  48.28  48.57  48.18  48.45  2680400  48.45
2010-05-13  48.88  49.12  48.39  48.57  1673800  48.57
2010-05-12  48.36  48.9  48.1  48.8  2729100  48.8
2010-05-11  47.97  48.83  47.69  48.35  1859200  48.35
2010-05-10  48.2  48.44  47.81  48.23  3062500  48.23
2010-05-07  47.66  47.74  46.59  46.98  4408000  46.98
2010-05-06  48.54  48.81  46.67  47.75  4834500  47.75
2010-05-05  48.05  48.71  47.91  48.67  3409000  48.67
2010-05-04  48.29  48.78  47.98  48.13  3053200  48.13
2010-05-03  49.02  49.02  48.27  48.67  2704300  48.67
2010-04-30  48.72  49.3  48.69  48.85  3460400  48.85
2010-04-29  47.12  49.22  47.12  48.91  8059100  48.91
2010-04-28  46.8  46.95  46.37  46.75  2918800  46.75
2010-04-27  47.19  47.34  46.61  46.61  2996500  46.61
2010-04-26  47.71  47.97  47.36  47.42  2326000  47.42
2010-04-23  47.9  47.96  47.44  47.67  2190000  47.67
2010-04-22  47.75  48.01  47.58  47.99  2339700  47.99
2010-04-21  47.61  48.01  47.58  47.89  2284800  47.89
2010-04-20  47.94  48.01  47.25  47.66  2450200  47.66
2010-04-19  47.85  47.95  47.52  47.81  2235800  47.81
2010-04-16  47.52  48.12  47.48  48.05  3888000  48.05
2010-04-15  47.38  47.74  47.04  47.6  1960600  47.6
2010-04-14  47.22  47.58  47.06  47.58  2721500  47.58
2010-04-13  47.1  47.36  47.06  47.23  2175800  47.23
2010-04-12  47.17  47.27  47.03  47.19  1582900  47.19
2010-04-09  46.51  47.09  46.26  46.95  3031600  46.95
2010-04-08  46.68  46.75  46.45  46.51  2309300  46.51
2010-04-07  47.17  47.17  46.71  46.81  2325100  46.81
2010-04-06  47.16  47.26  46.99  47.16  1824100  47.16
2010-04-05  47.79  47.85  47.15  47.25  1960400  47.25
2010-04-01  47.59  47.91  47.5  47.66  1933400  47.66
2010-03-31  47.62  47.76  47.42  47.5  1943300  47.5
2010-03-30  47.91  48.19  47.77  47.79  1937700  47.79
2010-03-29  47.37  47.98  47.21  47.89  2381300  47.89
2010-03-26  48.23  48.32  47.6  47.8  1940600  47.8
2010-03-25  48.67  48.72  47.96  48.22  2490700  48.22
2010-03-24  48.5  48.67  48.31  48.55  2126600  48.55
2010-03-23  48.33  48.73  48.12  48.69  2804500  48.69
2010-03-22  47.55  48.29  47.35  48.15  3631700  48.15
2010-03-19  47.24  47.53  46.84  47.5  3283100  47.5
2010-03-18  47.1  47.19  46.86  46.98  1974500  46.98
2010-03-17  47.1  47.24  46.79  47.09  1967000  47.09
2010-03-16  46.88  47.04  46.69  46.97  1912600  46.97
2010-03-15  46.63  46.95  46.58  46.69  1385600  46.69
2010-03-12  46.78  47.17  46.63  46.67  2173300  46.67
2010-03-11  46.94  47.1  46.53  46.85  2331000  46.85
2010-03-10  46.65  46.9  46.51  46.69  2099300  46.69
2010-03-09  46.62  46.86  46.51  46.61  1408300  46.61
2010-03-08  46.94  46.94  46.68  46.78  1518000  46.78
2010-03-05  46.91  47.07  46.6  47.06  1649400  47.06
2010-03-04  46.7  47.12  46.42  46.81  2761900  46.81
2010-03-03  46.77  46.94  46.66  46.74  2050700  46.74
2010-03-02  46.51  46.91  46.51  46.77  2301800  46.77
2010-03-01  46.5  46.64  46.27  46.37  2476100  46.37
2010-02-26  46.53  46.58  46.08  46.37  2110700  46.37
2010-02-25  45.93  46.23  45.63  46.17  2045000  46.17
2010-02-24  46.6  47.06  46.03  46.25  2329300  46.25
2010-02-23  46.69  46.84  46.23  46.55  2344700  46.55
2010-02-22  46.92  47.07  46.55  46.66  2577100  46.66
2010-02-19  46.72  47.14  46.62  46.96  1985200  46.96
2010-02-18  46.65  46.89  46.59  46.79  1458900  46.79
2010-02-17  46.4  46.77  46.3  46.77  2304600  46.77
2010-02-16  46.43  46.5  45.82  46.43  2551100  46.43
2010-02-12  46.24  46.6  46.08  46.2  3179000  46.2
2010-02-11  46.26  46.49  45.84  46.45  1918900  46.45
2010-02-10  46.38  46.45  46.09  46.19  2001900  46.19
2010-02-09  46.15  46.67  46.02  46.33  2192600  46.33
2010-02-08  46.62  46.62  45.89  45.91  2102500  45.91
2010-02-05  46.07  46.8  45.96  46.54  4463000  46.54
2010-02-04  47.5  48.04  46.26  46.26  6502200  46.26
2010-02-03  48.82  48.91  48.5  48.72  2837100  48.72
2010-02-02  48.18  48.9  48.06  48.87  3271100  48.87
2010-02-01  48.36  48.44  47.96  48.3  3388900  48.3
2010-01-29  48.53  48.53  47.91  48.04  3334300  48.04
2010-01-28  48.57  48.94  47.79  48.38  2435800  48.38
2010-01-27  48.33  48.79  48.28  48.59  3484600  48.59
2010-01-26  47.72  48.43  47.51  48.42  2906100  48.42
2010-01-25  48.06  48.17  47.78  47.82  2339800  47.82
2010-01-22  47.03  48.21  47.0  47.97  4832000  47.97
2010-01-21  47.64  48.07  46.92  47.17  2401100  47.17
2010-01-20  47.93  48.04  47.22  47.55  1869600  47.55
2010-01-19  47.92  48.2  47.92  48.11  1437200  48.11
2010-01-15  48.11  48.52  47.76  47.97  3779600  47.97
2010-01-14  47.53  47.76  47.31  47.53  1638400  47.53
2010-01-13  47.19  47.66  47.19  47.42  1405300  47.42
2010-01-12  46.93  47.36  46.91  47.13  1463800  47.13
2010-01-11  47.24  47.42  46.81  47.15  943600  47.15
2010-01-08  47.05  47.12  46.78  47.12  1342700  47.12
2010-01-07  46.59  47.25  46.52  47.21  1782900  47.21
2010-01-06  46.63  46.91  46.43  46.75  1494300  46.75
2010-01-05  46.61  46.77  46.39  46.74  1472000  46.74
2010-01-04  47.05  47.28  46.4  46.63  2749000  46.63
