Date  Open  High  Low  Close  Volume  Adj Close
2014-02-28  55.85  56.72  55.64  56.19  2979100  56.19
2014-02-27  54.89  57.33  53.35  55.74  6703800  55.74
2014-02-26  53.42  54.94  53.33  54.44  4639600  54.44
2014-02-25  51.96  53.55  51.94  53.21  2271600  53.21
2014-02-24  51.91  52.4  51.88  51.95  2486600  51.95
2014-02-21  51.77  52.09  51.65  51.89  1898700  51.89
2014-02-20  51.38  51.95  51.21  51.87  1915500  51.87
2014-02-19  51.6  51.6  50.71  51.16  2545000  51.16
2014-02-18  51.58  52.02  50.84  51.66  2260600  51.66
2014-02-14  51.1  51.86  50.81  51.27  2104100  51.27
2014-02-13  51.1  51.32  50.52  51.13  2306700  51.13
2014-02-12  51.65  52.0  50.93  51.25  1588600  51.25
2014-02-11  50.98  51.8  50.77  51.58  2902900  51.58
2014-02-10  51.04  51.34  50.63  51.07  2430000  51.07
2014-02-07  51.78  52.36  51.01  51.19  3280300  51.19
2014-02-06  51.97  53.1  50.48  51.55  7688100  51.55
2014-02-05  48.91  50.14  48.68  49.83  2607700  49.83
2014-02-04  49.53  49.75  48.94  49.09  2749100  49.09
2014-02-03  50.63  51.09  49.3  49.45  2932500  49.45
2014-01-31  50.03  50.92  49.82  50.63  2914400  50.63
2014-01-30  50.18  51.25  50.15  50.85  1953300  50.85
2014-01-29  50.83  51.13  49.93  49.97  2894300  49.97
2014-01-28  50.19  51.27  50.11  51.08  3667900  51.08
2014-01-27  50.28  50.52  49.8  50.11  2848400  50.11
2014-01-24  50.7  50.81  49.98  50.22  2836700  50.22
2014-01-23  51.19  51.48  51.01  51.1  2112500  51.1
2014-01-22  52.56  52.63  50.71  51.37  4886000  51.37
2014-01-21  53.05  53.17  52.26  52.59  2253700  52.59
2014-01-17  53.27  53.27  52.5  52.93  3069200  52.93
2014-01-16  53.48  53.57  52.55  52.83  6046700  52.83
2014-01-15  54.31  54.5  53.46  53.66  3320000  53.66
2014-01-14  53.36  54.24  53.01  54.22  3134100  54.22
2014-01-13  56.58  56.58  53.22  53.46  6554000  53.46
2014-01-10  55.56  57.33  55.33  56.99  3326500  56.99
2014-01-09  55.22  55.73  54.89  55.56  2298100  55.56
2014-01-08  56.02  56.02  54.68  55.18  3505200  55.18
2014-01-07  56.03  56.24  55.31  56.1  3154200  56.1
2014-01-06  56.91  56.99  55.95  56.04  2412800  56.04
2014-01-03  56.91  57.14  56.64  56.86  1760100  56.86
2014-01-02  56.76  57.53  56.74  56.99  3130000  56.99
2013-12-31  56.45  56.89  56.24  56.75  1482500  56.75
2013-12-30  55.82  56.55  55.82  56.44  1196000  56.44
2013-12-27  55.86  56.08  55.65  55.94  1178800  55.94
2013-12-26  56.12  56.19  55.65  55.69  1048200  55.69
2013-12-24  55.5  56.13  55.5  55.82  900500  55.82
2013-12-23  54.37  55.85  54.37  55.55  1731800  55.55
2013-12-20  54.71  55.37  54.64  54.95  3049300  54.95
2013-12-19  54.76  54.9  54.26  54.62  1549500  54.62
2013-12-18  54.51  55.18  54.18  54.76  2460700  54.76
2013-12-17  54.24  54.99  54.0  54.6  2265600  54.6
2013-12-16  54.26  54.44  53.99  54.34  2651400  54.34
2013-12-13  54.97  55.19  54.0  54.08  2166600  54.08
2013-12-12  55.4  55.45  54.94  54.97  1650200  54.97
2013-12-11  55.0  55.75  54.79  55.4  2684800  55.4
2013-12-10  54.8  55.09  54.26  54.97  2136500  54.97
2013-12-09  54.28  55.09  54.04  54.99  2163200  54.99
2013-12-06  54.81  55.33  54.18  54.35  2879000  54.35
2013-12-05  55.07  55.45  54.37  54.69  4491600  54.69
2013-12-04  54.82  54.88  53.27  54.03  4225300  54.03
2013-12-03  54.77  55.21  54.65  54.9  2155100  54.9
2013-12-02  54.76  55.35  54.35  54.85  2986200  54.85
2013-11-29  55.81  55.85  54.88  54.93  1435300  54.93
2013-11-27  55.46  56.26  55.29  55.56  2277200  55.56
2013-11-26  55.49  55.92  55.23  55.53  2205400  55.53
2013-11-25  55.04  55.8  55.04  55.49  2428900  55.49
2013-11-22  54.42  54.94  54.33  54.8  1539800  54.8
2013-11-21  54.09  54.79  53.85  54.45  2916000  54.45
2013-11-20  53.58  54.74  53.29  54.36  2728300  54.36
2013-11-19  53.35  54.03  53.34  53.5  2913300  53.5
2013-11-18  53.74  54.06  53.15  53.35  3977400  53.35
2013-11-15  52.94  54.11  52.86  53.6  4930600  53.6
2013-11-14  53.27  54.2  52.69  53.21  14671600  53.21
2013-11-13  57.89  58.63  56.91  57.89  6387600  57.89
2013-11-12  57.25  57.46  56.92  57.23  1884500  57.23
2013-11-11  56.79  57.45  56.61  57.3  2243200  57.3
2013-11-08  56.02  57.32  56.0  56.67  2854400  56.67
2013-11-07  57.38  57.7  56.07  56.18  3467100  56.18
2013-11-06  57.4  57.87  57.17  57.69  2002200  57.69
2013-11-05  58.08  58.1  57.1  57.36  2310700  57.36
2013-11-04  57.28  58.56  57.28  58.1  3979000  58.1
2013-11-01  56.56  56.78  56.04  56.49  2544800  56.49
2013-10-31  56.66  56.68  55.87  56.44  1739200  56.44
2013-10-30  56.68  57.13  55.94  56.6  2643500  56.6
2013-10-29  55.63  57.06  55.6  56.68  5453500  56.68
2013-10-28  54.45  55.51  54.27  55.4  5324400  55.4
2013-10-25  54.53  54.54  54.01  54.39  2461400  54.39
2013-10-24  54.56  54.65  54.3  54.57  1995300  54.57
2013-10-23  53.62  54.73  53.39  54.51  3203100  54.51
2013-10-22  53.73  54.09  53.52  53.7  2432900  53.7
2013-10-21  53.51  53.82  53.15  53.3  1863100  53.3
2013-10-18  53.64  53.74  52.83  53.58  2262600  53.58
2013-10-17  52.88  53.75  52.8  53.61  2403100  53.61
2013-10-16  51.34  52.98  51.1  52.9  2649300  52.9
2013-10-15  51.02  51.31  50.71  51.11  1851600  51.11
2013-10-14  50.81  51.58  50.74  51.16  2193400  51.16
2013-10-11  51.49  51.49  50.48  51.12  2045200  51.12
2013-10-10  51.39  51.52  50.77  51.51  1535900  51.51
2013-10-09  50.5  51.38  50.27  50.98  2268500  50.98
2013-10-08  51.53  51.64  50.42  50.45  2820000  50.45
2013-10-07  51.9  52.02  51.54  51.59  1512300  51.59
2013-10-04  51.92  52.46  51.83  52.17  1699600  52.17
2013-10-03  52.15  52.41  51.68  52.01  2269900  52.01
2013-10-02  51.64  52.21  50.68  52.2  2985200  52.2
2013-10-01  51.29  51.99  51.2  51.99  1976600  51.99
2013-09-30  51.24  51.56  51.12  51.42  1922800  51.42
2013-09-27  51.6  51.87  50.76  51.7  2286000  51.7
2013-09-26  51.28  51.98  51.21  51.8  2525200  51.8
2013-09-25  51.32  51.51  50.18  51.23  5001000  51.23
2013-09-24  51.76  52.55  51.69  51.73  3188800  51.73
2013-09-23  52.25  52.32  51.47  51.72  1768300  51.72
2013-09-20  52.67  52.76  51.83  52.26  2898400  52.26
2013-09-19  52.35  52.65  52.05  52.49  1375500  52.49
2013-09-18  51.56  52.21  50.98  52.03  2685800  52.03
2013-09-17  51.24  51.62  51.24  51.55  1672900  51.55
2013-09-16  51.44  51.46  50.98  51.17  2366000  51.17
2013-09-13  51.35  51.39  50.65  50.91  1773100  50.91
2013-09-12  51.37  51.62  51.02  51.13  1620200  51.13
2013-09-11  52.06  52.27  51.13  51.38  2692800  51.38
2013-09-10  52.17  52.4  51.64  52.01  1661400  52.01
2013-09-09  51.98  52.33  51.79  52.11  1512500  52.11
2013-09-06  52.08  52.29  51.44  51.71  1618300  51.71
2013-09-05  50.88  52.62  50.83  52.07  2616100  52.07
2013-09-04  50.59  50.94  50.4  50.78  1848300  50.78
2013-09-03  51.03  51.28  50.48  50.73  1969800  50.73
2013-08-30  50.25  50.78  50.22  50.64  2147500  50.64
2013-08-29  49.54  50.63  49.44  50.22  2440000  50.22
2013-08-28  49.14  50.14  49.09  49.59  1611400  49.59
2013-08-27  49.29  49.7  48.92  49.19  1679300  49.19
2013-08-26  50.39  50.7  49.68  49.72  2461400  49.72
2013-08-23  51.08  51.15  50.23  50.34  2096000  50.34
2013-08-22  50.84  51.27  50.6  50.89  1454200  50.89
2013-08-21  51.52  51.79  50.81  51.1  1400400  51.1
2013-08-20  50.89  51.97  50.87  51.54  2482000  51.54
2013-08-19  51.53  51.85  50.5  50.89  2778000  50.89
2013-08-16  52.58  52.77  51.48  51.59  3126700  51.59
2013-08-15  51.32  53.81  51.32  52.81  9018100  52.81
2013-08-14  49.92  50.28  49.4  50.18  3585700  50.18
2013-08-13  50.62  50.78  49.78  50.17  2174900  50.17
2013-08-12  49.67  50.69  49.5  50.55  2045100  50.55
2013-08-09  50.26  50.26  49.75  50.03  2108400  50.03
2013-08-08  50.47  50.83  49.89  50.35  2226900  50.35
2013-08-07  50.83  50.87  50.23  50.3  1995900  50.3
2013-08-06  52.28  52.34  50.52  51.02  3840700  51.02
2013-08-05  52.78  52.83  52.09  52.5  1325200  52.5
2013-08-02  53.34  53.43  52.71  52.86  1752300  52.86
2013-08-01  52.7  53.67  52.61  53.45  2378400  53.45
2013-07-31  52.36  53.03  52.16  52.29  1284600  52.29
2013-07-30  52.62  53.0  52.18  52.31  895100  52.31
2013-07-29  52.69  52.75  52.34  52.62  774700  52.62
2013-07-26  52.25  52.7  51.7  52.69  1565900  52.69
2013-07-25  52.64  52.96  52.14  52.59  2372800  52.59
2013-07-24  52.98  53.32  52.63  52.89  2152500  52.89
2013-07-23  52.89  53.14  52.59  52.84  1418900  52.84
2013-07-22  52.07  52.91  51.96  52.9  1621600  52.9
2013-07-19  51.92  52.22  51.64  52.17  1627300  52.17
2013-07-18  52.32  52.41  51.64  51.87  1894000  51.87
2013-07-17  52.26  52.62  52.21  52.35  1097800  52.35
2013-07-16  52.91  53.06  52.17  52.25  2847200  52.25
2013-07-15  52.74  53.0  52.38  52.8  1671400  52.8
2013-07-12  53.2  53.29  52.65  52.79  1274200  52.79
2013-07-11  53.26  53.32  52.66  53.21  1458600  53.21
2013-07-10  53.03  53.22  52.55  52.85  2275400  52.85
2013-07-09  53.07  53.23  52.52  52.99  1114600  52.99
2013-07-08  52.22  52.79  52.09  52.77  1601800  52.77
2013-07-05  51.66  52.07  51.15  52.06  1162000  52.06
2013-07-03  51.54  51.56  51.08  51.43  860200  51.43
2013-07-02  51.33  52.56  51.15  51.79  3910700  51.79
2013-07-01  50.2  51.24  50.11  50.9  2350300  50.9
2013-06-28  50.01  50.46  49.85  49.85  3202500  49.85
2013-06-27  50.77  51.05  50.01  50.02  2217500  50.02
2013-06-26  50.33  50.53  50.05  50.46  1339700  50.46
2013-06-25  49.5  50.15  49.34  49.94  1596000  49.94
2013-06-24  49.53  49.7  48.75  49.18  1970200  49.18
2013-06-21  50.24  50.31  49.48  49.93  3670500  49.93
2013-06-20  50.72  50.93  49.81  49.9  2495800  49.9
2013-06-19  51.71  52.01  51.05  51.11  2299400  51.11
2013-06-18  52.08  52.11  51.26  51.76  2304900  51.76
2013-06-17  51.71  52.51  51.71  52.06  2872400  52.06
2013-06-14  51.12  51.53  50.98  51.47  2702400  51.47
2013-06-13  50.46  51.28  50.37  51.23  1041900  51.23
2013-06-12  50.91  51.22  50.39  50.53  1502700  50.53
2013-06-11  50.69  51.22  50.58  50.6  1117300  50.6
2013-06-10  50.9  51.32  50.66  51.04  2036400  51.04
2013-06-07  50.69  51.02  50.53  50.94  2270500  50.94
2013-06-06  49.76  50.44  49.61  50.33  1674200  50.33
2013-06-05  50.63  51.03  49.96  49.97  2847000  49.97
2013-06-04  50.46  51.06  50.43  50.83  2814700  50.83
2013-06-03  50.38  50.91  50.13  50.42  3057100  50.42
2013-05-31  50.08  50.8  50.0  50.4  2343200  50.4
2013-05-30  50.41  50.69  50.07  50.11  1300400  50.11
2013-05-29  50.35  50.76  49.8  50.53  1723400  50.53
2013-05-28  51.17  51.25  50.47  50.61  2436400  50.61
2013-05-24  50.71  50.99  50.45  50.89  1408000  50.89
2013-05-23  50.75  51.24  50.71  51.11  2814300  51.11
2013-05-22  51.14  51.4  50.64  51.05  3650900  51.05
2013-05-21  49.93  51.68  49.91  51.32  4257900  51.32
2013-05-20  50.36  50.44  49.75  50.19  3055400  50.19
2013-05-17  50.77  51.27  50.36  50.56  3350100  50.56
2013-05-16  51.78  51.9  50.44  51.01  11672600  51.01
2013-05-15  48.22  48.76  47.91  48.7  3239300  48.7
2013-05-14  47.24  48.34  47.15  48.22  2889600  48.22
2013-05-13  47.91  48.06  47.16  47.22  2493000  47.22
2013-05-10  47.24  47.95  47.05  47.94  2460900  47.94
2013-05-09  46.01  47.8  46.01  47.26  4345300  47.26
2013-05-08  46.48  46.55  45.93  46.07  4769700  46.07
2013-05-07  46.68  46.74  46.04  46.72  3207300  46.72
2013-05-06  47.42  47.77  47.08  47.29  2365600  47.29
2013-05-03  46.41  47.39  46.08  47.36  2602200  47.36
2013-05-02  45.9  46.61  45.63  46.07  2035600  46.07
2013-05-01  46.05  46.32  45.66  45.68  1950900  45.68
2013-04-30  46.43  46.48  45.88  46.13  2220700  46.13
2013-04-29  47.53  47.54  46.18  46.39  3148800  46.39
2013-04-26  47.14  47.59  47.05  47.33  1845500  47.33
2013-04-25  46.73  47.26  46.57  47.06  1187500  47.06
2013-04-24  46.89  47.25  46.37  46.56  1267000  46.56
2013-04-23  46.61  47.09  46.42  46.77  1529600  46.77
2013-04-22  46.48  46.77  46.12  46.41  1110800  46.41
2013-04-19  46.22  46.61  45.96  46.51  1817300  46.51
2013-04-18  46.19  46.65  45.52  46.04  2781200  46.04
2013-04-17  45.81  46.18  45.35  46.05  2055900  46.05
2013-04-16  46.62  46.73  45.54  46.15  3164400  46.15
2013-04-15  47.1  47.47  46.38  46.51  1672500  46.51
2013-04-12  47.92  48.33  47.34  47.47  1742800  47.47
2013-04-11  46.91  48.17  46.87  47.96  1987300  47.96
2013-04-10  46.64  46.99  46.58  46.92  1807000  46.92
2013-04-09  47.24  47.24  46.45  46.49  2061700  46.49
2013-04-08  47.15  47.17  46.5  47.07  1564700  47.07
2013-04-05  46.75  47.21  46.51  47.21  2662500  47.21
2013-04-04  46.06  47.33  46.06  47.16  2735600  47.16
2013-04-03  44.98  46.31  44.92  46.12  3876900  46.12
2013-04-02  44.75  44.91  44.44  44.81  1790000  44.81
2013-04-01  45.2  45.29  44.55  44.64  2019000  44.64
2013-03-28  45.55  45.55  44.86  45.22  2303400  45.22
2013-03-27  45.58  45.92  45.4  45.68  1572200  45.68
2013-03-26  45.74  45.85  45.24  45.81  1745300  45.81
2013-03-25  45.65  45.98  45.41  45.48  2120900  45.48
2013-03-22  44.92  45.49  44.91  45.41  3032000  45.41
2013-03-21  45.53  45.9  45.37  45.52  2168200  45.52
2013-03-20  45.81  46.04  45.22  45.84  2823000  45.84
2013-03-19  46.64  46.94  45.45  45.64  4982700  45.64
2013-03-18  47.94  48.16  47.51  47.58  1755900  47.58
2013-03-15  47.96  48.37  47.82  48.35  3086500  48.35
2013-03-14  47.93  48.23  47.73  48.11  2499700  48.11
2013-03-13  46.53  48.02  46.52  47.86  3966600  47.86
2013-03-12  46.09  46.63  46.0  46.4  2234500  46.4
2013-03-11  45.46  46.12  45.32  46.12  1792500  46.12
2013-03-08  45.06  45.64  44.83  45.4  2549300  45.4
2013-03-07  45.17  45.38  44.87  44.94  1397300  44.94
2013-03-06  45.4  45.51  44.9  45.02  1606600  45.02
2013-03-05  45.16  45.51  44.97  45.41  2248200  45.41
2013-03-04  44.9  45.5  44.84  45.14  2007400  45.14
2013-03-01  44.75  45.08  44.61  44.92  3322500  44.92
2013-02-28  43.78  45.38  43.36  44.85  7820100  44.85
2013-02-27  44.48  45.37  44.31  45.35  2856500  45.35
2013-02-26  44.57  44.71  44.01  44.41  1981600  44.41
2013-02-25  45.02  45.21  44.28  44.28  1849400  44.28
2013-02-22  45.37  45.48  44.81  44.94  2003600  44.94
2013-02-21  45.15  45.52  44.86  45.25  2213500  45.25
2013-02-20  45.59  46.93  45.31  45.31  4375000  45.31
2013-02-19  45.31  45.57  44.75  45.22  3173500  45.22
2013-02-15  45.48  45.7  44.6  45.09  3898700  45.09
2013-02-14  45.24  45.89  45.23  45.71  2299100  45.71
2013-02-13  44.94  45.35  44.83  45.34  2320500  45.34
2013-02-12  44.75  45.0  44.72  44.81  1623800  44.81
2013-02-11  44.85  45.08  44.54  44.86  2398400  44.86
2013-02-08  44.73  44.92  44.39  44.77  2357100  44.77
2013-02-07  45.97  46.01  43.88  44.57  5722300  44.57
2013-02-06  44.13  45.06  43.88  45.0  3610700  45.0
2013-02-05  43.74  44.46  43.73  44.15  2477200  44.15
2013-02-04  44.49  44.64  43.79  43.99  2675000  43.99
2013-02-01  45.17  45.3  44.67  44.77  3102600  44.77
2013-01-31  44.86  45.1  44.49  45.04  3331800  45.04
2013-01-30  44.25  44.79  44.08  44.49  3183000  44.49
2013-01-29  43.83  44.38  43.65  44.29  3210800  44.29
2013-01-28  44.07  44.07  43.49  43.88  2839000  43.88
2013-01-25  43.57  44.07  43.56  44.03  2929200  44.03
2013-01-24  42.34  43.87  42.34  43.69  4249600  43.69
2013-01-23  42.5  42.72  42.21  42.28  1882600  42.28
2013-01-22  42.62  42.77  42.21  42.52  2598100  42.52
2013-01-18  42.46  42.91  42.14  42.64  2931000  42.64
2013-01-17  41.85  42.6  41.81  42.28  3184400  42.28
2013-01-16  41.51  41.82  41.35  41.63  2685600  41.63
2013-01-15  40.89  41.72  40.89  41.59  3549100  41.59
2013-01-14  40.91  41.08  40.67  40.85  1880100  40.85
2013-01-11  41.48  41.49  40.82  40.88  2635900  40.88
2013-01-10  40.93  41.37  40.8  41.35  3413400  41.35
2013-01-09  40.38  41.05  40.37  40.82  3105100  40.82
2013-01-08  40.82  41.23  40.68  40.68  3717800  40.68
2013-01-07  41.01  41.38  40.72  40.84  2730200  40.84
2013-01-04  41.21  41.49  40.98  41.09  3426700  41.09
2013-01-03  40.45  41.64  40.23  41.2  8161900  41.2
2013-01-02  42.28  42.28  40.75  41.07  6120500  41.07
2012-12-31  41.0  41.91  40.93  41.82  2854300  41.82
2012-12-28  41.27  41.61  40.97  41.14  2806500  41.14
2012-12-27  41.5  41.7  40.9  41.39  3359600  41.39
2012-12-26  42.35  42.42  41.22  41.5  2788400  41.5
2012-12-24  42.4  42.66  42.19  42.28  2049900  42.28
2012-12-21  42.19  42.42  41.94  42.18  5484200  42.18
2012-12-20  42.24  42.62  41.9  42.61  4225200  42.61
2012-12-19  43.24  43.99  43.17  43.54  3284400  43.54
2012-12-18  42.91  43.37  42.81  43.12  2871000  43.12
2012-12-17  42.69  43.0  42.38  43.0  2728400  43.0
2012-12-14  42.58  42.81  42.41  42.62  3167200  42.62
2012-12-13  42.71  43.0  42.37  42.68  3272600  42.68
2012-12-12  42.46  42.82  42.14  42.57  4466500  42.57
2012-12-11  42.71  42.76  42.07  42.32  4070800  42.32
2012-12-10  42.75  42.84  42.38  42.48  3636900  42.48
2012-12-07  42.91  43.19  42.55  42.9  2212600  42.9
2012-12-06  42.99  43.12  42.5  42.84  3673200  42.84
2012-12-05  42.7  43.19  42.25  42.96  3778000  42.96
2012-12-04  42.66  43.05  42.49  42.55  5079200  42.55
2012-12-03  43.27  43.41  42.58  42.59  4925900  42.59
2012-11-30  43.53  43.53  42.68  43.13  7726400  43.13
2012-11-29  44.44  45.58  43.42  43.49  20641600  43.49
2012-11-28  48.72  49.49  48.42  49.41  4111600  49.41
2012-11-27  50.02  50.32  49.4  49.42  2590400  49.42
2012-11-26  50.22  50.77  49.75  50.14  2157300  50.14
2012-11-23  50.49  50.57  49.87  50.47  1357900  50.47
2012-11-21  50.34  50.44  49.87  50.2  2247200  50.2
2012-11-20  50.47  50.57  49.84  50.37  1541900  50.37
2012-11-19  49.59  50.45  49.54  50.45  2192700  50.45
2012-11-16  49.71  49.72  48.97  49.29  2617100  49.29
2012-11-15  49.52  49.84  48.97  49.45  2172700  49.45
2012-11-14  49.62  50.2  49.4  49.49  2514300  49.49
2012-11-13  49.33  50.1  49.15  49.37  1789000  49.37
2012-11-12  49.98  49.98  49.37  49.44  2132100  49.44
2012-11-09  49.46  50.72  49.31  49.9  3137100  49.9
2012-11-08  50.62  51.57  49.76  49.8  6280200  49.8
2012-11-07  52.89  53.16  52.11  52.47  2501600  52.47
2012-11-06  53.13  53.24  52.94  53.24  4325700  53.24
2012-11-05  52.6  53.13  52.56  53.06  2911500  53.06
2012-11-02  53.24  53.33  52.69  52.69  2917600  52.69
2012-11-01  52.87  53.37  52.36  53.12  6015400  53.12
2012-10-31  51.09  51.9  50.73  51.47  4158000  51.47
2012-10-26  49.76  50.99  49.64  50.56  3052300  50.56
2012-10-25  49.94  49.97  49.2  49.84  1907100  49.84
2012-10-24  50.04  50.05  49.29  49.61  2785000  49.61
2012-10-23  50.19  50.24  49.65  49.95  2253800  49.95
2012-10-22  51.12  51.12  50.26  50.59  2255400  50.59
2012-10-19  51.66  52.1  50.84  51.13  3594800  51.13
2012-10-18  51.02  51.88  51.0  51.8  2829300  51.8
2012-10-17  50.83  51.47  50.5  51.01  3054000  51.01
2012-10-16  50.24  50.81  50.21  50.67  3259800  50.67
2012-10-15  49.88  50.21  49.53  49.95  2987700  49.95
2012-10-12  49.58  49.85  49.48  49.67  3899300  49.67
2012-10-11  48.9  49.87  48.52  49.42  5275600  49.42
2012-10-10  48.92  49.21  48.35  48.43  1905700  48.43
2012-10-09  49.35  49.59  48.73  48.88  2138500  48.88
2012-10-08  49.24  49.63  48.91  49.33  1875900  49.33
2012-10-05  49.49  49.94  48.99  49.27  3661700  49.27
2012-10-04  48.56  50.4  48.54  49.2  8685800  49.2
2012-10-03  49.26  50.63  49.24  50.46  3971100  50.46
2012-10-02  49.51  49.72  48.96  49.21  4470400  49.21
2012-10-01  49.6  50.75  49.55  50.06  2704700  50.06
2012-09-28  49.11  49.55  48.76  49.48  1821500  49.48
2012-09-27  49.66  49.83  48.96  49.27  2289900  49.27
2012-09-26  49.45  50.07  49.35  49.64  2231600  49.64
2012-09-25  50.59  51.05  49.41  49.44  2353200  49.44
2012-09-24  50.69  50.79  50.15  50.51  2653500  50.51
2012-09-21  51.26  51.54  50.89  51.02  5115800  51.02
2012-09-20  51.4  51.66  50.72  51.27  2679100  51.27
2012-09-19  51.3  51.92  51.24  51.64  2642700  51.64
2012-09-18  51.48  51.57  51.11  51.27  1995100  51.27
2012-09-17  51.59  51.76  51.26  51.49  1839700  51.49
2012-09-14  51.9  52.16  51.44  51.58  2576700  51.58
2012-09-13  51.95  52.09  51.28  51.87  2461600  51.87
2012-09-12  51.46  52.32  51.35  51.94  6026000  51.94
2012-09-11  50.94  51.05  50.13  50.25  2204600  50.25
2012-09-10  50.63  51.42  50.5  50.89  2327600  50.89
2012-09-07  50.97  51.1  50.54  50.74  1405200  50.74
2012-09-06  49.81  51.12  49.74  51.01  3258900  51.01
2012-09-05  50.13  50.2  49.44  49.46  2438900  49.46
2012-09-04  50.44  50.65  50.04  50.22  1927700  50.22
2012-08-31  51.12  51.35  50.32  50.42  2574300  50.42
2012-08-30  50.84  51.6  50.63  50.67  4709300  50.67
2012-08-29  50.01  50.36  49.61  50.21  2882900  50.21
2012-08-28  50.25  50.81  49.98  50.26  2701200  50.26
2012-08-27  50.38  50.73  50.07  50.45  2798600  50.45
2012-08-24  49.24  50.41  49.23  50.41  3606900  50.41
2012-08-23  49.47  49.73  49.18  49.4  2165000  49.4
2012-08-22  49.57  49.88  49.23  49.44  2482300  49.44
2012-08-21  49.86  49.97  49.41  49.64  1816100  49.64
2012-08-20  49.64  49.93  49.59  49.86  1478300  49.86
2012-08-17  49.34  49.91  49.23  49.89  1722600  49.89
2012-08-16  48.88  49.53  48.77  49.31  1831800  49.31
2012-08-15  48.65  49.19  48.61  49.0  3000700  49.0
2012-08-14  48.81  48.97  48.46  48.69  2873000  48.69
2012-08-13  48.91  49.56  48.54  48.61  2950100  48.61
2012-08-10  48.94  49.25  48.29  48.97  4847900  48.97
2012-08-09  50.72  51.12  48.97  49.37  7603500  49.37
2012-08-08  49.52  50.24  49.39  49.98  2220800  49.98
2012-08-07  50.28  50.29  49.71  49.76  2608500  49.76
2012-08-06  49.21  50.07  49.15  49.95  3358000  49.95
2012-08-03  49.13  49.66  48.33  49.07  3000800  49.07
2012-08-02  47.84  49.78  47.78  48.14  3861200  48.14
2012-08-01  48.01  48.93  47.35  47.75  3920900  47.75
2012-07-31  47.56  48.29  47.28  47.74  3298700  47.74
2012-07-30  47.23  48.17  47.02  47.82  2436600  47.82
2012-07-27  46.12  47.71  46.1  47.31  4084100  47.31
2012-07-26  46.67  46.7  45.26  45.7  3440100  45.7
2012-07-25  46.36  46.45  45.37  45.95  3267500  45.95
2012-07-24  46.77  47.01  45.71  46.13  2754700  46.13
2012-07-23  46.38  47.02  46.27  46.85  1300200  46.85
2012-07-20  47.22  47.49  46.75  46.82  2540200  46.82
2012-07-19  47.29  47.96  47.05  47.39  2506100  47.39
2012-07-18  46.74  47.41  46.57  47.23  2407000  47.23
2012-07-17  45.87  47.63  45.75  47.03  4320300  47.03
2012-07-16  45.59  45.89  45.38  45.75  1800900  45.75
2012-07-13  45.36  46.01  45.17  45.71  2884300  45.71
2012-07-12  45.55  45.63  44.88  45.24  3725900  45.24
2012-07-11  46.08  46.32  45.25  45.65  3297500  45.65
2012-07-10  46.25  46.4  45.59  46.04  3506900  46.04
2012-07-09  45.62  46.46  45.48  46.12  3594500  46.12
2012-07-06  44.7  46.08  44.46  45.85  5701100  45.85
2012-07-05  43.17  45.84  43.04  45.15  7802900  45.15
2012-07-03  43.65  43.65  42.27  42.5  2545400  42.5
2012-07-02  43.88  43.9  43.25  43.57  3015300  43.57
2012-06-29  43.34  43.71  43.01  43.68  3371100  43.68
2012-06-28  41.58  42.85  41.44  42.77  3624400  42.77
2012-06-27  41.64  41.97  41.2  41.82  2632800  41.82
2012-06-26  41.51  41.86  41.02  41.64  3234900  41.64
2012-06-25  41.33  41.77  41.05  41.41  3479900  41.41
2012-06-22  42.07  42.2  41.54  41.59  8037400  41.59
2012-06-21  43.03  43.12  41.74  42.03  3596100  42.03
2012-06-20  42.71  43.05  42.53  42.92  2511700  42.92
2012-06-19  42.17  42.8  41.72  42.66  3111100  42.66
2012-06-18  42.28  42.44  41.62  41.98  3660700  41.98
2012-06-15  42.41  42.79  42.33  42.76  5252500  42.76
2012-06-14  41.77  42.48  41.67  42.08  3257500  42.08
2012-06-13  42.4  42.55  41.53  41.65  4328800  41.65
2012-06-12  42.72  43.4  42.26  42.67  3008700  42.67
2012-06-11  43.53  43.57  42.18  42.22  2609800  42.22
2012-06-08  42.31  43.36  42.24  43.28  3292600  43.28
2012-06-07  42.74  42.8  41.92  42.22  4859400  42.22
2012-06-06  42.62  42.95  42.21  42.41  4425200  42.41
2012-06-05  42.13  42.38  41.91  42.25  6297700  42.25
2012-06-04  42.74  42.84  41.83  42.25  5460100  42.25
2012-06-01  42.74  43.28  42.25  42.61  6579200  42.61
2012-05-31  44.59  45.17  43.66  43.68  11303200  43.68
2012-05-30  45.99  47.04  45.62  46.54  6308600  46.54
2012-05-29  48.32  48.37  47.44  48.27  3418200  48.27
2012-05-25  47.64  48.58  47.64  48.13  3267200  48.13
2012-05-24  46.79  47.78  46.71  47.7  3365000  47.7
2012-05-23  46.23  46.78  45.93  46.64  2561700  46.64
2012-05-22  45.67  46.71  45.51  46.39  3706900  46.39
2012-05-21  45.07  45.68  44.89  45.53  2911400  45.53
2012-05-18  44.49  45.52  44.48  44.98  4718000  44.98
2012-05-17  44.93  45.54  44.21  44.25  5774000  44.25
2012-05-16  44.72  45.15  43.98  44.65  5490500  44.65
2012-05-15  44.81  45.17  44.48  44.71  4481200  44.71
2012-05-14  45.65  45.92  45.01  45.05  3471800  45.05
2012-05-11  46.24  46.5  45.82  45.93  4895900  45.93
2012-05-10  47.27  47.71  46.1  46.39  12675800  46.39
2012-05-09  48.04  49.14  47.83  48.48  5586200  48.48
2012-05-08  47.53  48.8  47.14  48.48  6574000  48.48
2012-05-07  47.59  48.12  47.53  47.86  3327400  47.86
2012-05-04  48.83  48.84  47.44  47.71  6162100  47.71
2012-05-03  48.13  49.28  47.99  48.85  5965300  48.85
2012-05-02  47.89  48.62  47.81  48.32  2974200  48.32
2012-05-01  47.63  48.3  47.15  47.99  3147100  47.99
2012-04-30  48.28  48.35  47.61  47.79  2782600  47.79
2012-04-27  47.95  49.04  47.63  48.43  2904200  48.43
2012-04-26  47.48  48.35  47.33  47.92  2650400  47.92
2012-04-25  47.43  47.72  47.13  47.43  2424000  47.43
2012-04-24  47.54  47.76  46.92  47.03  3997800  47.03
2012-04-23  47.74  47.84  47.19  47.64  2964700  47.64
2012-04-20  48.26  48.61  47.91  48.1  3036300  48.1
2012-04-19  48.53  49.06  47.93  48.17  3359200  48.17
2012-04-18  48.67  49.0  48.53  48.63  2878500  48.63
2012-04-17  48.66  49.14  48.45  48.76  3884500  48.76
2012-04-16  47.95  48.48  47.67  48.38  3266800  48.38
2012-04-13  47.37  47.78  47.19  47.27  3049700  47.27
2012-04-12  47.0  47.93  46.78  47.59  3208900  47.59
2012-04-11  46.99  47.15  46.71  46.93  2367500  46.93
2012-04-10  47.65  47.82  46.46  46.66  3739700  46.66
2012-04-09  47.49  47.68  47.2  47.62  3557400  47.62
2012-04-05  48.95  48.99  47.62  47.97  9449400  47.97
2012-04-04  49.09  49.8  48.62  49.55  6911000  49.55
2012-04-03  49.02  49.67  49.02  49.39  4607100  49.39
2012-04-02  48.44  49.33  48.38  49.09  8571900  49.09
2012-03-30  47.47  47.9  47.27  47.69  5062300  47.69
2012-03-29  46.31  47.48  46.31  47.45  4119400  47.45
2012-03-28  46.77  47.06  46.14  46.68  2912800  46.68
2012-03-27  46.36  47.09  46.32  46.83  3181300  46.83
2012-03-26  46.15  46.47  45.95  46.21  2438100  46.21
2012-03-23  45.79  45.95  45.33  45.85  3051400  45.85
2012-03-22  46.29  46.7  45.6  45.8  4051700  45.8
2012-03-21  46.46  46.82  46.25  46.46  3827100  46.46
2012-03-20  46.1  46.55  46.04  46.26  4931900  46.26
2012-03-19  47.28  47.28  46.28  46.44  5223200  46.44
2012-03-16  48.67  48.72  47.89  48.02  3043600  48.02
2012-03-15  49.0  49.04  48.19  48.73  1852700  48.73
2012-03-14  48.55  49.1  48.55  48.8  2834500  48.8
2012-03-13  48.42  49.08  48.25  48.85  3494300  48.85
2012-03-12  47.79  48.59  47.7  48.21  2684700  48.21
2012-03-09  47.74  48.02  47.38  47.89  2829800  47.89
2012-03-08  46.17  46.93  46.09  46.76  2098000  46.76
2012-03-07  46.01  46.21  45.66  45.97  2243200  45.97
2012-03-06  45.61  46.58  45.55  45.98  3945500  45.98
2012-03-05  45.73  46.1  45.18  45.87  2596400  45.87
2012-03-02  46.33  46.43  45.56  45.83  3128000  45.83
2012-03-01  46.58  47.21  46.07  46.28  5071400  46.28
2012-02-29  46.99  47.6  46.58  47.04  4924700  47.04
2012-02-28  46.62  47.06  46.21  46.92  2854900  46.92
2012-02-27  46.76  46.81  46.23  46.6  4278400  46.6
2012-02-24  46.55  47.15  46.41  46.82  5340900  46.82
2012-02-23  47.89  47.96  46.31  46.5  9481000  46.5
2012-02-22  49.13  49.71  48.81  49.42  4348700  49.42
2012-02-21  49.27  49.88  48.76  49.04  4187400  49.04
2012-02-17  49.21  49.64  48.8  49.05  2745000  49.05
2012-02-16  48.1  49.36  48.05  49.21  4016400  49.21
2012-02-15  48.29  48.29  47.89  48.15  3206200  48.15
2012-02-14  47.62  48.33  47.35  48.2  3159600  48.2
2012-02-13  47.55  47.77  47.21  47.64  2444700  47.64
2012-02-10  47.3  47.3  46.82  47.23  3334800  47.23
2012-02-09  47.41  47.82  47.16  47.78  3803400  47.78
2012-02-08  47.39  47.76  47.11  47.48  3692400  47.48
2012-02-07  46.16  47.77  45.97  47.41  5844500  47.41
2012-02-06  46.27  46.67  45.92  46.21  3178900  46.21
2012-02-03  44.74  46.64  44.65  46.47  6131000  46.47
2012-02-02  44.53  44.53  43.42  44.29  5717100  44.29
2012-02-01  43.84  44.08  43.05  43.14  5926800  43.14
2012-01-31  43.85  43.98  43.35  43.55  4177600  43.55
2012-01-30  43.8  44.11  43.39  43.65  4016200  43.65
2012-01-27  43.91  44.33  43.71  44.21  3534400  44.21
2012-01-26  45.41  45.51  43.84  43.99  5622700  43.99
2012-01-25  45.34  45.6  44.66  45.22  4299800  45.22
2012-01-24  44.8  45.45  44.8  45.39  2644900  45.39
2012-01-23  44.84  45.08  44.51  44.98  3048100  44.98
2012-01-20  45.88  46.18  44.77  44.86  4277700  44.86
2012-01-19  45.51  46.24  45.41  45.9  4036100  45.9
2012-01-18  44.56  45.66  44.4  45.54  3759200  45.54
2012-01-17  44.75  45.09  44.46  44.64  3300700  44.64
2012-01-13  43.74  44.95  43.67  44.48  4074500  44.48
2012-01-12  43.61  44.07  43.37  43.95  3438900  43.95
2012-01-11  43.66  43.82  43.2  43.57  3462900  43.57
2012-01-10  43.81  43.86  43.32  43.59  4172500  43.59
2012-01-09  44.13  44.25  43.35  43.57  3703900  43.57
2012-01-06  43.86  44.56  43.62  44.04  4171700  44.04
2012-01-05  42.86  44.61  42.8  44.05  9137400  44.05
2012-01-04  45.19  45.43  44.48  44.85  6032300  44.85
2012-01-03  47.09  47.31  45.42  45.48  4955700  45.48
2011-12-30  47.31  47.34  46.73  46.73  1921100  46.73
2011-12-29  47.45  47.83  47.16  47.2  1555900  47.2
2011-12-28  47.52  47.8  47.2  47.43  1815600  47.43
2011-12-27  47.18  47.45  47.01  47.22  1674800  47.22
2011-12-23  46.73  47.37  46.64  47.32  1587100  47.32
2011-12-22  46.92  47.25  46.63  46.68  2412700  46.68
2011-12-21  46.37  46.97  46.14  46.81  3299100  46.81
2011-12-20  46.27  46.72  46.03  46.49  3397000  46.49
2011-12-19  46.19  46.62  45.48  45.59  3472700  45.59
2011-12-16  46.87  46.92  45.81  46.23  7830000  46.23
2011-12-15  47.33  47.64  46.34  46.43  3837900  46.43
2011-12-14  46.71  47.69  46.63  46.72  5938100  46.72
2011-12-13  48.61  48.86  47.35  47.69  6190900  47.69
2011-12-12  47.78  48.73  47.73  48.61  4694700  48.61
2011-12-09  47.91  48.51  47.8  48.2  3234400  48.2
2011-12-08  47.86  48.45  47.76  47.88  3360900  47.88
2011-12-07  48.22  48.47  47.62  47.99  3989900  47.99
2011-12-06  48.23  48.33  47.76  48.04  4083700  48.04
2011-12-05  47.95  48.29  47.62  48.07  4382200  48.07
2011-12-02  47.42  48.52  47.36  47.59  5080700  47.59
2011-12-01  47.68  48.8  46.78  47.46  13270100  47.46
2011-11-30  50.72  50.85  50.01  50.69  4252000  50.69
2011-11-29  49.46  49.97  49.15  49.62  3412700  49.62
2011-11-28  50.63  50.78  48.98  49.26  5186300  49.26
2011-11-25  48.89  49.71  48.66  48.82  2008300  48.82
2011-11-23  50.05  50.09  49.12  49.13  3146200  49.13
2011-11-22  51.28  51.51  50.63  50.68  2853700  50.68
2011-11-21  51.48  51.59  50.17  51.21  3388400  51.21
2011-11-18  52.25  52.39  51.71  52.15  2707300  52.15
2011-11-17  52.39  52.95  51.36  51.8  3784100  51.8
2011-11-16  52.06  53.0  51.97  52.38  2906100  52.38
2011-11-15  52.23  52.98  52.01  52.54  2657100  52.54
2011-11-14  52.52  53.35  52.31  52.55  2608000  52.55
2011-11-11  52.68  53.39  52.38  53.26  3589400  53.26
2011-11-10  52.3  53.26  51.76  52.16  6355600  52.16
2011-11-09  51.31  51.82  50.67  51.16  3994700  51.16
2011-11-08  53.06  53.11  51.43  52.47  3297800  52.47
2011-11-07  52.48  53.37  52.22  52.63  2078000  52.63
2011-11-04  52.06  52.98  51.89  52.84  2804300  52.84
2011-11-03  51.41  53.14  49.99  52.58  6364000  52.58
2011-11-02  50.73  51.41  50.25  51.35  4011700  51.35
2011-11-01  48.65  50.65  48.46  50.11  5499400  50.11
2011-10-31  49.56  50.41  49.4  49.95  2932400  49.95
2011-10-28  50.91  51.58  49.27  50.01  4669000  50.01
2011-10-27  50.61  51.69  49.74  51.54  4619300  51.54
2011-10-26  50.54  50.67  48.73  49.3  4422400  49.3
2011-10-25  50.65  50.98  49.74  49.83  3097100  49.83
2011-10-24  51.06  52.25  50.79  51.23  4587000  51.23
2011-10-21  50.33  51.52  50.33  51.06  4326100  51.06
2011-10-20  48.22  50.62  48.22  49.87  6860500  49.87
2011-10-19  49.0  49.64  48.89  49.03  3908100  49.03
2011-10-18  47.13  49.83  46.77  49.19  5257500  49.19
2011-10-17  47.22  47.86  46.99  47.09  2961100  47.09
2011-10-14  47.37  47.73  46.97  47.54  2722600  47.54
2011-10-13  47.05  47.71  46.62  46.82  4620600  46.82
2011-10-12  47.33  48.07  47.03  47.32  5617800  47.32
2011-10-11  48.68  48.68  46.84  47.19  6524100  47.19
2011-10-10  47.98  49.11  47.96  48.75  4060400  48.75
2011-10-07  47.18  48.4  47.15  47.27  5159700  47.27
2011-10-06  47.69  48.03  46.63  47.19  6472200  47.19
2011-10-05  46.68  47.39  45.94  46.65  6150100  46.65
2011-10-04  44.48  46.94  44.33  46.87  6100000  46.87
2011-10-03  46.28  47.33  44.96  44.98  6463600  44.98
2011-09-30  45.54  47.91  45.26  46.27  9678900  46.27
2011-09-29  45.97  46.64  45.29  46.25  6749700  46.25
2011-09-28  45.17  46.13  44.73  44.97  6502000  44.97
2011-09-27  45.87  46.17  44.72  44.92  6035900  44.92
2011-09-26  43.82  45.35  43.78  45.17  5568900  45.17
2011-09-23  41.64  43.66  41.64  43.51  7085300  43.51
2011-09-22  41.19  42.8  41.15  42.05  5353900  42.05
2011-09-21  44.07  44.33  42.42  42.43  5331500  42.43
2011-09-20  44.81  44.99  43.86  44.15  4134600  44.15
2011-09-19  44.05  44.76  43.85  44.59  4139700  44.59
2011-09-16  44.41  45.47  44.41  44.76  6037900  44.76
2011-09-15  42.93  44.51  42.83  44.26  6882300  44.26
2011-09-14  41.42  43.17  41.25  42.42  5182700  42.42
2011-09-13  41.4  42.09  40.95  41.4  5228200  41.4
2011-09-12  39.76  41.51  39.71  41.44  5167300  41.44
2011-09-09  40.87  41.09  39.81  40.14  4680300  40.14
2011-09-08  42.05  42.25  41.09  41.34  4501400  41.34
2011-09-07  41.58  42.51  41.21  42.37  3763200  42.37
2011-09-06  40.34  41.11  40.17  41.06  3316600  41.06
2011-09-02  41.72  41.97  41.24  41.39  4510400  41.39
2011-09-01  43.09  43.7  42.16  42.53  7009600  42.53
2011-08-31  43.97  44.35  43.14  43.42  7523000  43.42
2011-08-30  44.16  44.19  43.31  43.7  9393600  43.7
2011-08-29  44.53  44.71  44.08  44.67  3727000  44.67
2011-08-26  43.22  44.36  42.68  43.95  3258100  43.95
2011-08-25  44.76  44.98  43.32  43.49  3094200  43.49
2011-08-24  43.89  44.98  43.76  44.51  2985200  44.51
2011-08-23  42.77  44.17  42.38  44.1  4009000  44.1
2011-08-22  42.98  43.17  42.37  42.59  2395100  42.59
2011-08-19  41.88  42.86  41.66  42.28  3833500  42.28
2011-08-18  42.64  42.89  41.57  42.57  6596600  42.57
2011-08-17  44.82  45.4  43.41  43.93  4228600  43.93
2011-08-16  44.11  44.96  43.86  44.54  3932800  44.54
2011-08-15  44.88  44.9  44.0  44.54  3444300  44.54
2011-08-12  44.77  45.67  44.15  44.55  6356000  44.55
2011-08-11  43.48  45.37  43.39  44.51  8613600  44.51
2011-08-10  42.78  42.92  41.46  41.5  6506200  41.5
2011-08-09  41.08  43.66  40.5  43.63  8097500  43.63
2011-08-08  43.47  43.79  40.28  40.5  8079900  40.5
2011-08-05  45.25  45.31  43.45  44.32  8544700  44.32
2011-08-04  46.43  46.89  44.54  44.67  10862600  44.67
2011-08-03  49.2  49.26  47.9  48.53  6141900  48.53
2011-08-02  50.7  50.85  49.18  49.18  3618200  49.18
2011-08-01  51.74  51.74  50.56  51.1  2966500  51.1
2011-07-29  51.27  51.96  50.8  51.27  3007600  51.27
2011-07-28  51.61  52.49  51.58  51.7  2303200  51.7
2011-07-27  52.26  52.6  51.44  51.54  2155700  51.54
2011-07-26  52.55  52.9  52.16  52.58  2366300  52.58
2011-07-25  52.59  52.88  52.29  52.42  2168900  52.42
2011-07-22  53.48  53.5  52.79  53.41  1849300  53.41
2011-07-21  53.02  53.78  52.91  53.32  2935300  53.32
2011-07-20  53.07  53.07  52.35  52.74  2143400  52.74
2011-07-19  51.94  53.2  51.84  53.02  2644700  53.02
2011-07-18  52.18  52.33  51.3  51.64  3224000  51.64
2011-07-15  52.55  52.55  51.85  52.24  2631900  52.24
2011-07-14  52.32  52.67  52.01  52.45  2729000  52.45
2011-07-13  52.62  52.74  52.12  52.27  3395600  52.27
2011-07-12  51.45  52.83  51.35  52.36  5388200  52.36
2011-07-11  51.24  51.72  50.83  51.65  3837800  51.65
2011-07-08  51.2  52.06  51.2  51.71  4251200  51.71
2011-07-07  51.16  52.61  50.91  52.27  9132600  52.27
2011-07-06  48.29  48.87  47.97  48.81  4228000  48.81
2011-07-05  48.47  48.55  48.03  48.28  2909600  48.28
2011-07-01  46.99  48.63  46.84  48.53  3688200  48.53
2011-06-30  47.36  47.69  46.69  46.86  5577200  46.86
2011-06-29  47.74  48.22  47.23  47.26  3311500  47.26
2011-06-28  47.17  47.69  47.01  47.53  2805400  47.53
2011-06-27  46.44  47.26  46.34  47.06  2917500  47.06
2011-06-24  47.61  47.69  46.0  46.34  6646700  46.34
2011-06-23  47.22  48.25  47.18  47.7  4850900  47.7
2011-06-22  47.88  48.3  47.62  47.62  3626000  47.62
2011-06-21  47.92  48.09  47.61  47.94  3577200  47.94
2011-06-20  46.88  48.01  46.77  47.85  2975800  47.85
2011-06-17  47.13  47.76  46.69  46.98  5490000  46.98
2011-06-16  46.73  47.28  46.46  46.84  3545400  46.84
2011-06-15  46.76  47.02  46.5  46.64  3705600  46.64
2011-06-14  47.05  47.59  46.7  47.07  5188000  47.07
2011-06-13  46.67  46.97  46.21  46.67  3354800  46.67
2011-06-10  47.32  47.6  46.54  46.63  4223500  46.63
2011-06-09  47.67  48.21  47.44  47.5  4230900  47.5
2011-06-08  47.7  47.81  47.13  47.66  4463700  47.66
2011-06-07  47.48  48.24  47.44  47.72  4283500  47.72
2011-06-06  47.18  47.88  47.07  47.31  3658200  47.31
2011-06-03  47.37  48.24  47.12  47.25  4811000  47.25
2011-06-02  48.7  48.87  47.45  47.92  6974100  47.92
2011-06-01  49.45  49.61  49.01  49.35  4272300  49.35
2011-05-31  50.19  50.31  49.51  49.64  5014300  49.64
2011-05-27  50.62  51.03  49.92  50.0  3469800  50.0
2011-05-26  50.4  50.76  50.34  50.55  3135100  50.55
2011-05-25  50.55  50.75  50.05  50.55  3293300  50.55
2011-05-24  51.29  51.36  50.55  50.85  3416400  50.85
2011-05-23  50.51  51.38  49.88  51.27  2801800  51.27
2011-05-20  52.56  52.59  50.73  50.97  6538700  50.97
2011-05-19  52.77  52.92  52.47  52.75  2699700  52.75
2011-05-18  52.22  52.74  51.98  52.67  3858800  52.67
2011-05-17  51.38  52.4  51.34  51.89  3531400  51.89
2011-05-16  51.38  51.74  51.22  51.61  3431700  51.61
2011-05-13  51.79  52.47  51.18  51.44  5710700  51.44
2011-05-12  50.35  52.13  50.03  51.92  9691500  51.92
2011-05-11  49.65  50.03  49.09  49.99  6313000  49.99
2011-05-10  48.85  49.52  48.6  49.35  2940000  49.35
2011-05-09  48.72  48.84  48.24  48.76  2015500  48.76
2011-05-06  49.55  49.6  48.48  48.69  4919500  48.69
2011-05-05  48.33  50.01  48.04  49.22  9592300  49.22
2011-05-04  49.59  49.9  48.98  49.75  4200300  49.75
2011-05-03  49.19  49.61  49.02  49.54  2466500  49.54
2011-05-02  49.81  49.91  49.17  49.21  3373300  49.21
2011-04-29  49.47  49.59  48.97  49.15  3665700  49.15
2011-04-28  49.57  49.72  49.17  49.5  3834600  49.5
2011-04-27  49.57  49.95  49.44  49.75  3645800  49.75
2011-04-26  48.59  49.56  48.5  49.54  3300000  49.54
2011-04-25  48.49  48.79  48.35  48.6  2562400  48.6
2011-04-21  49.0  49.04  48.44  48.52  7275900  48.52
2011-04-20  49.11  49.41  48.84  48.93  3727200  48.93
2011-04-19  49.05  49.18  48.53  48.73  3746300  48.73
2011-04-18  49.23  49.51  48.8  49.01  5402200  49.01
2011-04-15  50.36  50.4  49.59  49.67  4617000  49.67
2011-04-14  50.34  50.54  49.82  50.26  3259200  50.26
2011-04-13  50.7  50.79  50.17  50.41  2741200  50.41
2011-04-12  50.42  51.13  50.35  50.67  4621400  50.67
2011-04-11  50.4  51.02  50.4  50.54  2831600  50.54
2011-04-08  51.21  51.22  50.25  50.54  1876200  50.54
2011-04-07  50.82  51.67  50.65  51.06  4624800  51.06
2011-04-06  51.0  51.05  50.22  50.61  5283700  50.61
2011-04-05  49.81  51.03  49.61  50.87  3866600  50.87
2011-04-04  50.39  50.56  49.73  49.94  3357400  49.94
2011-04-01  49.56  50.51  49.55  50.39  3615300  50.39
2011-03-31  49.4  49.47  48.83  49.46  4452900  49.46
2011-03-30  49.2  49.72  49.01  49.5  5555400  49.5
2011-03-29  49.15  49.48  49.06  49.46  3613600  49.46
2011-03-28  49.81  50.08  49.2  49.23  2282500  49.23
2011-03-25  49.33  50.03  49.12  49.89  3277600  49.89
2011-03-24  48.94  49.42  48.69  49.35  5146900  49.35
2011-03-23  49.19  49.33  48.86  48.89  4079600  48.89
2011-03-22  49.49  49.69  49.17  49.37  3216100  49.37
2011-03-21  49.68  49.68  48.89  49.38  4066800  49.38
2011-03-18  50.19  50.37  49.0  49.21  5240500  49.21
2011-03-17  49.64  49.99  49.23  49.8  4043600  49.8
2011-03-16  49.43  50.04  49.07  49.14  4734600  49.14
2011-03-15  49.37  50.12  49.19  49.65  3996100  49.65
2011-03-14  50.59  50.69  49.66  50.14  3968900  50.14
2011-03-11  50.82  51.5  50.69  50.78  4238500  50.78
2011-03-10  51.38  52.14  51.32  51.34  4185500  51.34
2011-03-09  50.59  52.0  50.54  51.93  3934100  51.93
2011-03-08  50.06  50.7  49.76  50.57  2652900  50.57
2011-03-07  50.44  50.81  49.87  49.93  3865200  49.93
2011-03-04  50.29  50.53  49.44  50.19  4216200  50.19
2011-03-03  50.39  50.78  49.64  50.39  4769000  50.39
2011-03-02  49.39  50.3  49.3  50.16  4306300  50.16
2011-03-01  50.03  50.26  49.41  49.45  3294700  49.45
2011-02-28  49.67  50.07  49.4  50.02  2876400  50.02
2011-02-25  50.22  50.85  49.2  49.51  4110100  49.51
2011-02-24  49.78  50.69  48.73  49.93  7895300  49.93
2011-02-23  48.35  48.46  47.36  48.28  5162100  48.28
2011-02-22  49.15  49.36  48.29  48.48  4625300  48.48
2011-02-18  49.69  49.77  49.35  49.58  3667800  49.58
2011-02-17  49.17  49.77  48.86  49.69  4367600  49.69
2011-02-16  48.78  49.44  48.28  49.38  5052400  49.38
2011-02-15  48.5  48.69  48.27  48.6  2833200  48.6
2011-02-14  49.01  49.05  48.36  48.57  2357200  48.57
2011-02-11  49.02  49.07  48.65  48.96  2607200  48.96
2011-02-10  48.71  49.23  48.53  49.19  2529900  49.19
2011-02-09  48.55  49.47  48.46  49.01  3923600  49.01
2011-02-08  47.91  48.55  47.7  48.54  4243300  48.54
2011-02-07  47.81  48.2  47.52  48.05  2956500  48.05
2011-02-04  47.44  47.8  47.13  47.5  2278400  47.5
2011-02-03  47.64  47.95  46.93  47.39  2741100  47.39
2011-02-02  47.39  47.56  46.88  47.1  2878900  47.1
2011-02-01  47.44  47.83  46.82  47.63  3017400  47.63
2011-01-31  47.2  47.73  46.97  47.13  3032000  47.13
2011-01-28  48.26  48.3  47.31  47.52  2851600  47.52
2011-01-27  48.39  48.6  48.17  48.25  3655100  48.25
2011-01-26  48.94  48.94  48.31  48.42  4155200  48.42
2011-01-25  48.35  49.02  48.18  48.77  3907200  48.77
2011-01-24  47.93  48.32  47.77  48.29  3013900  48.29
2011-01-21  47.73  48.09  47.31  48.03  5751000  48.03
2011-01-20  47.21  48.05  47.16  47.61  5471900  47.61
2011-01-19  47.67  47.8  47.27  47.31  3859100  47.31
2011-01-18  47.89  48.26  47.54  47.6  3341400  47.6
2011-01-14  47.82  47.92  47.62  47.81  3177800  47.81
2011-01-13  48.09  48.09  47.46  47.78  5390400  47.78
2011-01-12  48.61  48.64  47.9  47.99  4767900  47.99
2011-01-11  48.57  48.72  47.96  48.54  4586400  48.54
2011-01-10  48.09  48.57  47.74  48.51  4286600  48.51
2011-01-07  48.31  48.33  47.4  48.17  11479600  48.17
2011-01-06  49.65  49.65  48.25  48.48  14819000  48.48
2011-01-05  49.97  50.24  49.89  50.03  4160800  50.03
2011-01-04  50.38  50.59  49.91  50.44  3462000  50.44
2011-01-03  50.69  50.84  50.3  50.37  2788700  50.37
2010-12-31  50.47  50.54  50.1  50.44  2159000  50.44
2010-12-30  50.35  50.77  50.31  50.63  1957600  50.63
2010-12-29  50.26  50.84  50.17  50.36  5381800  50.36
2010-12-28  49.89  50.27  49.6  50.21  3056000  50.21
2010-12-27  49.73  49.87  49.09  49.79  2665800  49.79
2010-12-23  49.89  50.01  49.42  49.82  2551000  49.82
2010-12-22  50.12  50.3  49.75  49.92  2020500  49.92
2010-12-21  50.61  50.93  49.9  50.22  2684600  50.22
2010-12-20  50.21  50.46  49.81  50.4  3727700  50.4
2010-12-17  50.0  50.12  49.59  49.93  8336700  49.93
2010-12-16  49.81  50.45  49.52  50.32  4366900  50.32
2010-12-15  49.62  49.9  49.25  49.84  3901100  49.84
2010-12-14  49.54  50.12  49.35  49.73  3844000  49.73
2010-12-13  49.98  50.09  49.44  49.56  5981200  49.56
2010-12-10  50.24  50.69  49.63  49.79  5588600  49.79
2010-12-09  50.77  50.83  49.84  50.32  3498700  50.32
2010-12-08  50.64  50.89  49.53  50.5  7148400  50.5
2010-12-07  51.52  51.92  50.45  50.66  6608100  50.66
2010-12-06  51.44  51.44  50.83  51.05  3246600  51.05
2010-12-03  51.03  51.09  50.17  51.06  4635800  51.06
2010-12-02  51.79  52.17  51.0  51.08  8160300  51.08
2010-12-01  52.94  53.12  51.69  51.99  6731600  51.99
2010-11-30  51.61  53.0  51.57  52.37  5321800  52.37
2010-11-29  52.88  53.09  51.93  52.38  4842200  52.38
2010-11-26  52.93  53.83  52.9  53.22  3023200  53.22
2010-11-24  52.14  53.44  52.02  53.41  5667900  53.41
2010-11-23  50.98  51.96  50.92  51.83  5353300  51.83
2010-11-22  50.8  51.93  50.62  51.39  5293500  51.39
2010-11-19  49.8  51.13  49.57  51.06  6131400  51.06
2010-11-18  50.05  50.42  49.63  49.77  5648800  49.77
2010-11-17  47.08  49.06  47.07  49.01  8585300  49.01
2010-11-16  46.99  47.54  46.64  47.01  5406900  47.01
2010-11-15  47.74  48.19  47.16  47.29  3356700  47.29
2010-11-12  48.27  48.73  47.13  47.73  5813000  47.73
2010-11-11  48.45  49.08  47.98  48.64  7198500  48.64
2010-11-10  48.79  49.04  47.8  48.5  4351900  48.5
2010-11-09  49.41  49.51  48.26  48.53  3481700  48.53
2010-11-08  49.51  49.51  48.84  49.42  3812500  49.42
2010-11-05  48.26  49.52  47.61  49.47  6575500  49.47
2010-11-04  47.31  48.43  45.47  48.19  24136800  48.19
2010-11-03  47.68  47.78  46.49  47.11  6549600  47.11
2010-11-02  48.02  48.17  47.32  47.55  6139200  47.55
2010-11-01  47.75  48.29  47.35  47.93  4544800  47.93
2010-10-29  48.08  48.19  47.34  47.54  4634000  47.54
2010-10-28  48.42  48.65  47.7  48.25  2621000  48.25
2010-10-27  48.36  48.44  47.58  48.18  3831900  48.18
2010-10-26  48.84  49.29  48.2  48.71  3817400  48.71
2010-10-25  49.29  50.11  48.95  49.05  3594700  49.05
2010-10-22  48.93  49.35  48.43  49.09  2704700  49.09
2010-10-21  48.36  49.42  48.26  48.94  5514900  48.94
2010-10-20  48.37  48.53  48.04  48.21  3232400  48.21
2010-10-19  48.61  48.83  47.93  48.25  3716300  48.25
2010-10-18  49.49  49.61  48.68  49.13  3514400  49.13
2010-10-15  49.02  49.41  48.24  49.35  4613400  49.35
2010-10-14  49.22  49.73  48.14  48.57  5694400  48.57
2010-10-13  49.87  49.96  49.14  49.2  3001500  49.2
2010-10-12  49.75  49.85  49.16  49.62  2589000  49.62
2010-10-11  49.99  50.23  49.49  49.71  2392500  49.71
2010-10-08  49.19  50.33  48.98  49.9  3856100  49.9
2010-10-07  49.29  49.29  48.18  48.99  5220600  48.99
2010-10-06  48.83  49.26  48.51  49.26  4586900  49.26
2010-10-05  48.96  49.07  48.38  48.82  4728900  48.82
2010-10-04  48.54  49.1  48.19  48.63  3540000  48.63
2010-10-01  49.4  49.67  48.73  48.86  2812500  48.86
2010-09-30  49.49  49.6  48.5  48.89  2864700  48.89
2010-09-29  49.14  49.34  48.94  49.15  2379300  49.15
2010-09-28  48.39  49.36  47.79  49.17  3192000  49.17
2010-09-27  48.42  48.79  48.37  48.39  3353100  48.39
2010-09-24  48.0  48.85  47.64  48.55  4241700  48.55
2010-09-23  47.12  48.02  46.87  47.25  2119800  47.25
2010-09-22  47.65  48.03  47.35  47.45  3479200  47.45
2010-09-21  48.11  48.25  47.46  47.8  2620300  47.8
2010-09-20  47.43  48.19  47.1  48.07  3037300  48.07
2010-09-17  47.08  47.3  46.18  47.24  5703800  47.24
2010-09-16  46.46  47.0  46.29  47.0  3250000  47.0
2010-09-15  46.36  46.58  45.74  46.54  5014900  46.54
2010-09-14  45.3  47.15  45.3  46.53  5781800  46.53
2010-09-13  45.6  45.84  44.82  45.01  4658000  45.01
2010-09-10  45.04  45.47  44.94  45.16  2370700  45.16
2010-09-09  45.83  46.07  44.81  44.97  2569300  44.97
2010-09-08  45.61  45.97  44.88  45.39  3944500  45.39
2010-09-07  45.78  46.31  45.41  45.53  3647800  45.53
2010-09-03  46.35  46.64  45.82  46.0  4110000  46.0
2010-09-02  45.44  45.85  45.0  45.77  5642900  45.77
2010-09-01  43.93  45.12  43.92  44.92  4710500  44.92
2010-08-31  43.04  43.92  43.0  43.57  4796100  43.57
2010-08-30  43.71  43.82  43.15  43.21  4312900  43.21
2010-08-27  43.88  44.21  43.04  43.82  5111400  43.82
2010-08-26  44.27  44.48  43.59  43.59  4836300  43.59
2010-08-25  42.59  44.53  42.59  44.2  6219900  44.2
2010-08-24  42.8  43.11  42.54  42.89  5587700  42.89
2010-08-23  43.06  43.56  42.67  43.29  3564700  43.29
2010-08-20  43.05  43.29  42.52  42.99  4930200  42.99
2010-08-19  43.39  43.74  43.15  43.36  5215700  43.36
2010-08-18  42.0  43.89  41.75  43.62  6347200  43.62
2010-08-17  41.46  42.24  41.27  42.05  4348600  42.05
2010-08-16  41.38  41.56  40.9  41.09  4898900  41.09
2010-08-13  42.95  43.12  41.71  41.76  5964600  41.76
2010-08-12  43.12  43.61  42.3  43.16  15119200  43.16
2010-08-11  44.88  44.88  44.03  44.35  3880700  44.35
2010-08-10  45.06  45.15  44.53  44.95  4052900  44.95
2010-08-09  45.3  45.49  45.0  45.35  3663600  45.35
2010-08-06  44.72  45.5  44.49  45.14  4552700  45.14
2010-08-05  43.7  45.52  43.44  45.48  9008600  45.48
2010-08-04  43.8  44.06  43.43  43.71  4307100  43.71
2010-08-03  45.58  45.59  43.42  43.58  5212100  43.58
2010-08-02  44.82  45.86  44.59  45.47  5231700  45.47
2010-07-30  43.52  44.44  43.16  44.26  3807500  44.26
2010-07-29  44.78  44.9  43.27  43.85  4295300  43.85
2010-07-28  44.9  45.15  44.37  44.46  2654600  44.46
2010-07-27  46.02  46.1  44.87  45.02  3454200  45.02
2010-07-26  45.14  46.06  44.86  45.85  4462500  45.85
2010-07-23  44.38  45.07  44.08  45.05  3219200  45.05
2010-07-22  43.68  44.73  43.68  44.5  3411700  44.5
2010-07-21  44.1  44.1  43.03  43.22  4723600  43.22
2010-07-20  42.35  44.01  42.04  43.91  6437200  43.91
2010-07-19  43.17  43.59  42.44  42.85  5293800  42.85
2010-07-16  44.12  44.21  42.98  43.08  3220200  43.08
2010-07-15  43.68  44.43  43.47  44.27  4243800  44.27
2010-07-14  44.42  44.46  43.54  43.81  3729300  43.81
2010-07-13  44.32  44.71  43.94  44.44  4725800  44.44
2010-07-12  44.37  44.43  43.36  43.81  4510200  43.81
2010-07-09  44.55  44.74  44.1  44.57  4335200  44.57
2010-07-08  44.67  44.68  42.86  44.52  11351100  44.52
2010-07-07  44.14  45.06  43.97  45.04  3365900  45.04
2010-07-06  45.32  45.62  43.69  44.14  4164400  44.14
2010-07-02  45.23  45.81  44.74  44.81  3430300  44.81
2010-07-01  43.91  45.3  43.88  45.16  5500100  45.16
2010-06-30  44.3  45.0  43.94  44.09  5225800  44.09
2010-06-29  45.41  45.41  43.95  44.25  4724300  44.25
2010-06-28  46.14  46.52  45.67  45.96  2783500  45.96
2010-06-25  46.27  46.61  45.87  45.96  4607800  45.96
2010-06-24  46.97  47.11  46.01  46.17  4067100  46.17
2010-06-23  46.97  47.79  46.55  47.47  2789500  47.47
2010-06-22  48.04  48.69  46.94  47.02  4096700  47.02
2010-06-21  49.22  49.46  47.97  48.24  4230900  48.24
2010-06-18  49.12  49.42  48.74  48.91  3363900  48.91
2010-06-17  49.48  49.48  48.34  48.98  3568500  48.98
2010-06-16  49.5  49.81  49.11  49.41  5422100  49.41
2010-06-15  48.54  49.82  47.89  49.8  7442800  49.8
2010-06-14  48.3  48.98  48.04  48.53  4522500  48.53
2010-06-11  46.98  48.1  46.85  47.95  4091000  47.95
2010-06-10  47.36  47.78  46.95  47.6  4197400  47.6
2010-06-09  46.28  47.27  46.2  46.58  4588700  46.58
2010-06-08  45.46  46.18  45.04  45.95  4342200  45.95
2010-06-07  46.64  47.01  45.39  45.48  3520100  45.48
2010-06-04  47.14  47.75  46.3  46.48  4992500  46.48
2010-06-03  48.87  49.38  47.89  48.36  5772100  48.36
2010-06-02  47.2  47.91  46.98  47.91  5369600  47.91
2010-06-01  46.86  47.93  46.62  47.11  5073200  47.11
2010-05-28  46.97  47.95  46.75  47.1  4660000  47.1
2010-05-27  46.48  46.93  45.69  46.89  6582700  46.89
2010-05-26  47.36  47.36  45.68  45.86  5341400  45.86
2010-05-25  46.31  47.24  45.88  47.13  5940400  47.13
2010-05-24  47.92  48.3  47.27  47.31  3573300  47.31
2010-05-21  46.68  48.46  46.68  48.05  6204000  48.05
2010-05-20  47.55  48.38  47.23  47.35  4963400  47.35
2010-05-19  48.66  49.51  48.18  48.76  3981800  48.76
2010-05-18  50.18  50.56  48.73  48.89  3856400  48.89
2010-05-17  49.61  50.11  48.95  49.79  4161100  49.79
2010-05-14  50.37  50.58  49.16  49.61  5006700  49.61
2010-05-13  52.57  52.57  49.75  49.94  13095400  49.94
2010-05-12  52.86  53.17  52.2  53.04  3661000  53.04
2010-05-11  51.88  53.22  51.88  52.64  3818500  52.64
2010-05-10  51.56  52.49  51.31  52.49  4838900  52.49
2010-05-07  50.4  52.98  48.88  49.82  6525400  49.82
2010-05-06  51.8  52.76  49.22  50.65  5541900  50.65
2010-05-05  51.13  53.19  51.1  52.07  3717700  52.07
2010-05-04  52.57  52.59  51.48  51.66  4300300  51.66
2010-05-03  51.12  53.13  51.12  52.88  3621500  52.88
2010-04-30  52.5  52.65  50.86  51.04  3743800  51.04
2010-04-29  52.6  53.37  52.24  52.5  2593400  52.5
2010-04-28  52.75  53.38  52.16  52.37  3231200  52.37
2010-04-27  53.44  53.94  52.68  52.72  3487800  52.72
2010-04-26  54.41  54.41  53.53  53.7  3461100  53.7
2010-04-23  54.46  54.52  53.66  54.28  3292700  54.28
2010-04-22  52.07  54.75  51.79  54.36  4960000  54.36
2010-04-21  52.1  52.75  51.99  52.29  3622300  52.29
2010-04-20  52.74  53.24  51.86  52.21  3649800  52.21
2010-04-19  53.02  53.39  51.8  52.68  2603500  52.68
2010-04-16  53.45  53.76  52.83  53.03  3582400  53.03
2010-04-15  52.65  53.79  52.53  53.54  4272100  53.54
2010-04-14  52.37  53.1  51.97  52.81  3791500  52.81
2010-04-13  52.14  52.69  51.9  52.43  4312100  52.43
2010-04-12  52.51  52.88  51.94  51.96  3528200  51.96
2010-04-09  52.84  52.96  52.36  52.76  3207900  52.76
2010-04-08  52.74  53.28  51.57  52.56  7671600  52.56
2010-04-07  53.2  53.36  52.44  53.03  3920700  53.03
2010-04-06  53.23  53.61  53.03  53.37  3727200  53.37
2010-04-05  51.53  53.52  51.53  53.29  4862200  53.29
2010-04-01  51.1  51.58  51.05  51.36  2142800  51.36
2010-03-31  51.15  51.22  50.39  50.84  4454200  50.84
2010-03-30  51.76  52.11  51.1  51.28  2428700  51.28
2010-03-29  52.49  52.55  51.41  51.73  2066300  51.73
2010-03-26  52.27  52.52  51.84  52.14  3343800  52.14
2010-03-25  52.36  52.74  51.97  52.18  3034700  52.18
2010-03-24  52.21  52.47  51.75  52.03  2734700  52.03
2010-03-23  51.78  52.38  51.36  52.32  2398200  52.32
2010-03-22  50.88  51.91  50.69  51.72  3145000  51.72
2010-03-19  50.99  51.67  50.92  51.29  4787200  51.29
2010-03-18  51.13  51.18  50.34  50.57  2195100  50.57
2010-03-17  51.21  51.52  50.86  51.04  3807300  51.04
2010-03-16  50.55  51.11  50.24  51.08  3955200  51.08
2010-03-15  49.66  50.5  49.66  50.5  2921600  50.5
2010-03-12  49.66  49.95  49.32  49.81  2484100  49.81
2010-03-11  49.11  49.42  48.81  49.42  4532500  49.42
2010-03-10  50.2  50.64  49.08  49.31  5911800  49.31
2010-03-09  50.24  50.53  50.05  50.21  2312300  50.21
2010-03-08  50.84  50.94  50.42  50.55  2248800  50.55
2010-03-05  50.25  50.83  49.82  50.77  3651700  50.77
2010-03-04  48.64  49.97  48.64  49.92  5647800  49.92
2010-03-03  49.5  49.57  48.86  49.28  3111600  49.28
2010-03-02  50.12  50.31  49.22  49.41  4071700  49.41
2010-03-01  50.18  50.44  49.88  50.06  2632600  50.06
2010-02-26  50.24  50.64  49.95  49.95  3269800  49.95
2010-02-25  47.34  50.53  47.34  50.19  10299500  50.19
2010-02-24  47.47  47.95  46.87  47.88  4503500  47.88
2010-02-23  46.9  47.84  46.77  47.27  2924000  47.27
2010-02-22  48.05  48.05  47.4  47.46  2983300  47.46
2010-02-19  47.63  48.21  47.61  48.02  2528300  48.02
2010-02-18  47.36  47.81  46.93  47.67  2721000  47.67
2010-02-17  47.24  47.63  47.13  47.53  2202500  47.53
2010-02-16  46.53  47.08  46.33  47.01  2610000  47.01
2010-02-12  45.53  46.44  45.27  46.25  2976600  46.25
2010-02-11  45.94  46.21  45.58  45.89  3765400  45.89
2010-02-10  46.28  46.65  45.91  46.13  3253500  46.13
2010-02-09  46.15  46.59  45.67  46.27  4549700  46.27
2010-02-08  45.79  46.37  45.33  45.66  4472800  45.66
2010-02-05  46.55  46.74  44.93  45.78  6202800  45.78
2010-02-04  47.99  48.21  46.39  46.47  6902100  46.47
2010-02-03  48.19  48.58  47.73  48.39  4669300  48.39
2010-02-02  47.4  48.4  47.4  48.19  3979000  48.19
2010-02-01  46.97  47.29  46.58  47.26  2953600  47.26
2010-01-29  47.1  47.63  46.71  46.75  3870600  46.75
2010-01-28  47.12  47.38  46.74  46.9  5394400  46.9
2010-01-27  46.59  47.18  46.42  46.88  3953200  46.88
2010-01-26  46.6  47.38  46.29  46.64  3879100  46.64
2010-01-25  47.26  47.39  46.34  46.68  3675900  46.68
2010-01-22  47.53  48.33  46.72  46.82  5391000  46.82
2010-01-21  47.92  48.73  47.17  47.59  5178200  47.59
2010-01-20  48.17  48.34  47.47  47.8  3799700  47.8
2010-01-19  47.69  48.51  47.52  48.43  7446700  48.43
2010-01-15  47.87  48.4  47.54  47.81  4142800  47.81
2010-01-14  47.98  48.17  47.68  47.98  3808000  47.98
2010-01-13  47.96  48.59  47.9  48.45  3496400  48.45
2010-01-12  48.71  48.73  47.2  47.86  5313900  47.86
2010-01-11  49.24  49.4  48.34  48.96  2474500  48.96
2010-01-08  49.61  49.61  48.73  49.03  3438100  49.03
2010-01-07  50.68  50.68  48.52  49.62  8330300  49.62
2010-01-06  50.29  51.07  50.04  50.79  3207800  50.79
2010-01-05  50.01  50.3  49.65  50.14  2539600  50.14
2010-01-04  50.58  50.81  50.03  50.1  3239900  50.1
