Date  Open  High  Low  Close  Volume  Adj Close
2014-02-28  49.66  50.86  49.66  50.13  2529700  50.13
2014-02-27  49.7  50.07  49.21  49.65  2927800  49.65
2014-02-26  50.15  50.24  49.26  49.7  2528000  49.7
2014-02-25  50.63  50.68  49.86  50.13  1715700  50.13
2014-02-24  50.0  51.16  49.88  50.77  1931900  50.77
2014-02-21  49.95  50.34  49.64  49.95  1234300  49.95
2014-02-20  49.58  49.9  49.03  49.81  1284100  49.81
2014-02-19  49.94  50.96  49.53  49.6  2304000  49.6
2014-02-18  49.3  50.04  49.18  50.01  2085300  50.01
2014-02-14  49.38  49.73  49.14  49.18  1861900  49.18
2014-02-13  48.82  49.58  48.41  49.57  1896500  49.57
2014-02-12  49.32  49.98  48.99  49.41  1898700  49.41
2014-02-11  48.6  49.44  48.35  49.19  2540100  49.19
2014-02-10  49.16  49.23  47.93  48.55  2025000  48.55
2014-02-07  48.29  49.36  48.27  49.28  2802200  49.28
2014-02-06  47.43  48.13  46.7  48.09  3074700  48.09
2014-02-05  46.8  47.26  45.9  47.11  2724500  47.11
2014-02-04  46.19  47.0  46.05  46.86  3051300  46.86
2014-02-03  47.85  48.07  45.71  45.78  3114700  45.78
2014-01-31  46.83  48.55  46.8  48.03  3414400  48.03
2014-01-30  47.47  48.11  47.29  48.0  2083900  48.0
2014-01-29  47.11  47.55  46.51  46.87  2893600  46.87
2014-01-28  47.41  48.15  47.41  47.82  1894100  47.82
2014-01-27  47.87  48.24  46.72  47.2  2898900  47.2
2014-01-24  49.45  49.52  47.87  47.87  2778900  47.87
2014-01-23  51.0  51.08  49.61  49.94  1980800  49.94
2014-01-22  51.53  51.8  51.1  51.57  1123800  51.57
2014-01-21  51.87  52.04  51.17  51.35  1429300  51.35
2014-01-17  51.85  52.24  51.52  51.59  1161200  51.59
2014-01-16  52.24  52.29  51.51  51.74  1922200  51.74
2014-01-15  51.8  52.55  51.76  52.5  2155300  52.5
2014-01-14  51.21  51.77  50.91  51.68  1523000  51.68
2014-01-13  51.84  52.3  50.91  51.06  1795200  51.06
2014-01-10  52.21  52.3  51.35  52.13  2216600  52.13
2014-01-09  51.98  52.4  51.89  52.36  1566100  52.36
2014-01-08  51.59  52.25  51.32  51.96  2240200  51.96
2014-01-07  51.12  51.84  51.12  51.36  1694500  51.36
2014-01-06  50.85  51.31  50.53  51.01  1832600  51.01
2014-01-03  50.48  51.0  50.42  50.64  2588300  50.64
2014-01-02  51.17  51.18  50.12  50.37  1767400  50.37
2013-12-31  51.39  51.61  51.11  51.46  1248300  51.46
2013-12-30  51.57  51.63  51.11  51.16  1051200  51.16
2013-12-27  51.97  52.08  51.4  51.49  1053600  51.49
2013-12-26  51.91  52.07  51.5  51.79  1859900  51.79
2013-12-24  51.39  51.79  51.36  51.67  697500  51.67
2013-12-23  51.59  51.91  51.29  51.39  2266900  51.39
2013-12-20  51.13  51.49  50.68  51.2  3208700  51.2
2013-12-19  50.98  51.25  50.76  51.15  1406400  51.15
2013-12-18  50.23  51.2  49.32  51.15  3478900  51.15
2013-12-17  50.7  50.79  49.9  49.92  2534600  49.92
2013-12-16  50.98  51.19  50.57  50.85  1541000  50.85
2013-12-13  50.6  50.88  50.04  50.78  1645800  50.78
2013-12-12  50.23  50.73  50.08  50.42  1825500  50.42
2013-12-11  51.23  51.35  50.2  50.25  1909800  50.25
2013-12-10  51.3  51.57  50.53  50.93  2196300  50.93
2013-12-09  51.32  51.78  51.13  51.54  1658000  51.54
2013-12-06  51.14  51.59  50.81  51.27  1866900  51.27
2013-12-05  50.67  51.0  50.23  50.49  1798100  50.49
2013-12-04  50.37  51.44  50.25  50.94  2058300  50.94
2013-12-03  51.14  51.4  50.2  50.53  2311700  50.53
2013-12-02  51.33  52.11  51.11  51.56  1991500  51.56
2013-11-29  51.38  51.44  50.98  51.17  941700  51.17
2013-11-27  51.02  51.45  50.71  51.38  2046900  51.38
2013-11-26  50.6  51.05  50.4  50.78  2437900  50.78
2013-11-25  50.44  50.75  50.11  50.53  1520800  50.53
2013-11-22  49.79  50.4  49.79  50.32  1827200  50.32
2013-11-21  49.7  50.47  49.3  50.19  2363200  50.19
2013-11-20  49.83  50.04  49.26  49.39  1873800  49.39
2013-11-19  50.0  50.34  49.53  49.6  2152100  49.6
2013-11-18  49.96  50.62  49.75  50.05  2110500  50.05
2013-11-15  49.76  49.86  49.24  49.84  1950400  49.84
2013-11-14  49.04  49.85  49.04  49.83  1882200  49.83
2013-11-13  48.17  49.21  48.11  49.04  1731900  49.04
2013-11-12  48.46  48.64  48.1  48.59  3206000  48.59
2013-11-11  48.68  48.83  48.03  48.49  2544100  48.49
2013-11-08  46.2  49.27  46.16  48.61  4152300  48.61
2013-11-07  47.13  47.65  45.96  46.0  2534500  46.0
2013-11-06  46.64  46.98  46.4  46.85  2222900  46.85
2013-11-05  45.9  46.94  45.79  46.52  2353200  46.52
2013-11-04  45.75  46.07  45.48  46.02  1093100  46.02
2013-11-01  45.32  45.96  44.99  45.46  2073000  45.46
2013-10-31  44.95  45.8  44.48  45.27  2166000  45.27
2013-10-30  45.53  45.82  44.57  45.12  1799600  45.12
2013-10-29  44.3  45.35  44.21  45.33  2031700  45.33
2013-10-28  44.44  44.59  44.02  44.18  1342400  44.18
2013-10-25  44.4  44.75  44.31  44.52  1814200  44.52
2013-10-24  44.35  44.4  43.55  44.3  1486500  44.3
2013-10-23  44.58  44.58  43.26  43.65  2174600  43.65
2013-10-22  45.11  45.45  44.36  44.77  1652900  44.77
2013-10-21  45.4  45.56  44.78  44.98  1156700  44.98
2013-10-18  44.82  45.34  44.09  45.32  2037500  45.32
2013-10-17  44.2  44.98  44.01  44.47  2661900  44.47
2013-10-16  43.84  45.01  43.36  44.46  2236100  44.46
2013-10-15  43.61  44.24  43.55  43.63  1904100  43.63
2013-10-14  43.36  44.11  43.05  43.8  1480200  43.8
2013-10-11  43.02  43.7  42.79  43.66  1271100  43.66
2013-10-10  42.12  43.2  42.12  43.19  2091600  43.19
2013-10-09  41.63  41.73  40.71  41.45  2401400  41.45
2013-10-08  42.13  42.45  41.49  41.58  1734400  41.58
2013-10-07  42.38  42.57  41.89  42.15  1563700  42.15
2013-10-04  41.82  42.95  41.67  42.84  1802400  42.84
2013-10-03  41.99  42.09  41.09  41.71  1566800  41.71
2013-10-02  42.05  42.1  41.49  42.06  1603200  42.06
2013-10-01  41.72  42.54  41.61  42.4  1761800  42.4
2013-09-30  41.3  41.95  40.89  41.74  1550700  41.74
2013-09-27  41.97  42.06  41.66  41.9  1245100  41.9
2013-09-26  42.29  42.56  42.04  42.35  1574300  42.35
2013-09-25  41.93  42.35  41.55  42.13  1790100  42.13
2013-09-24  41.7  42.22  41.4  41.77  2053700  41.77
2013-09-23  42.0  42.25  41.45  41.63  2111900  41.63
2013-09-20  41.93  42.5  41.76  42.0  3456000  42.0
2013-09-19  43.78  43.85  41.15  41.96  8043600  41.96
2013-09-18  44.79  45.19  43.4  43.56  4287800  43.56
2013-09-17  44.49  44.67  44.2  44.66  1661800  44.66
2013-09-16  44.72  44.83  44.2  44.39  1881500  44.39
2013-09-13  44.24  44.31  43.86  44.17  1514700  44.17
2013-09-12  44.85  44.87  43.96  44.02  2184700  44.02
2013-09-11  44.63  44.9  44.35  44.87  1434400  44.87
2013-09-10  44.39  44.73  44.32  44.71  1866900  44.71
2013-09-09  43.47  44.01  43.3  43.97  1568900  43.97
2013-09-06  43.74  43.83  42.63  43.47  2167600  43.47
2013-09-05  43.57  44.06  43.48  43.59  1263300  43.59
2013-09-04  42.69  43.83  42.66  43.56  2526500  43.56
2013-09-03  42.47  43.15  42.0  42.37  1869000  42.37
2013-08-30  42.36  42.41  41.53  41.79  1683900  41.79
2013-08-29  41.93  42.77  41.9  42.23  2535200  42.23
2013-08-28  42.07  42.45  41.84  41.92  3115400  41.92
2013-08-27  43.13  43.13  42.04  42.08  3261600  42.08
2013-08-26  43.93  44.21  43.66  43.83  2259600  43.83
2013-08-23  44.19  44.27  43.63  43.93  2188000  43.93
2013-08-22  43.3  44.58  43.17  44.19  2315200  44.19
2013-08-21  42.77  43.57  42.5  42.96  2237600  42.96
2013-08-20  42.62  43.1  41.98  42.88  1712700  42.88
2013-08-19  43.12  43.3  42.41  42.5  2218100  42.5
2013-08-16  42.28  43.55  42.22  43.29  2773600  43.29
2013-08-15  42.28  42.49  42.02  42.38  2750800  42.38
2013-08-14  42.8  43.04  42.46  42.7  1730000  42.7
2013-08-13  42.78  43.05  42.33  42.89  1502200  42.89
2013-08-12  42.57  42.85  42.42  42.56  1619900  42.56
2013-08-09  43.05  43.37  42.9  43.05  1474000  43.05
2013-08-08  43.53  43.87  42.65  43.13  2151100  43.13
2013-08-07  42.91  43.17  42.3  43.01  2083300  43.01
2013-08-06  43.52  43.7  42.92  43.14  2008500  43.14
2013-08-05  43.93  43.97  43.29  43.61  1887900  43.61
2013-08-02  43.93  44.21  43.53  43.98  2481200  43.98
2013-08-01  44.3  44.31  42.55  44.18  3558400  44.18
2013-07-31  41.4  42.12  41.04  41.42  3256300  41.42
2013-07-30  41.47  41.66  40.8  40.94  2314700  40.94
2013-07-29  41.25  41.3  40.88  41.17  1822900  41.17
2013-07-26  40.78  41.31  40.58  41.3  1744300  41.3
2013-07-25  41.02  41.11  40.64  41.11  2152400  41.11
2013-07-24  41.59  41.62  41.0  41.08  1753200  41.08
2013-07-23  41.43  41.56  41.14  41.3  1578200  41.3
2013-07-22  40.8  41.19  40.74  41.18  1273100  41.18
2013-07-19  41.14  41.23  40.31  40.65  2057800  40.65
2013-07-18  40.18  41.27  40.07  41.22  3525900  41.22
2013-07-17  40.05  40.09  39.55  39.62  2370800  39.62
2013-07-16  39.76  40.1  39.26  39.88  3382100  39.88
2013-07-15  39.56  39.89  39.21  39.71  2827000  39.71
2013-07-12  39.5  39.59  39.05  39.33  3424100  39.33
2013-07-11  40.41  40.41  39.26  39.41  4131400  39.41
2013-07-10  39.2  39.84  39.09  39.75  3648300  39.75
2013-07-09  38.94  39.45  38.85  39.21  2781300  39.21
2013-07-08  38.85  39.12  38.03  38.45  4109300  38.45
2013-07-05  37.13  38.65  37.13  38.63  3444100  38.63
2013-07-03  36.63  37.01  36.49  36.65  1161100  36.65
2013-07-02  36.89  37.4  36.84  37.06  3281500  37.06
2013-07-01  36.4  37.1  36.39  37.02  2839800  37.02
2013-06-28  35.87  36.42  35.52  36.14  2247400  36.14
2013-06-27  35.87  36.25  35.73  36.11  1538000  36.11
2013-06-26  35.78  35.99  35.27  35.63  2364800  35.63
2013-06-25  34.77  35.45  34.52  35.22  2949800  35.22
2013-06-24  34.5  34.7  33.72  34.29  2769500  34.29
2013-06-21  35.4  35.78  34.78  35.1  2969900  35.1
2013-06-20  34.75  35.5  34.51  35.16  4464400  35.16
2013-06-19  35.19  36.17  34.88  35.22  4154100  35.22
2013-06-18  35.01  35.72  34.94  35.55  1860400  35.55
2013-06-17  34.6  35.19  34.42  34.9  3142900  34.9
2013-06-14  35.09  35.13  33.99  34.22  2641000  34.22
2013-06-13  34.39  35.24  34.18  35.1  2812600  35.1
2013-06-12  35.37  35.48  34.35  34.45  2681000  34.45
2013-06-11  35.25  35.53  34.93  35.05  2559400  35.05
2013-06-10  35.73  36.38  35.73  35.91  2915500  35.91
2013-06-07  34.68  35.64  34.62  35.57  3386200  35.57
2013-06-06  33.58  34.36  33.27  34.34  3316800  34.34
2013-06-05  34.43  34.53  33.54  33.58  3727000  33.58
2013-06-04  34.96  35.42  34.2  34.49  3540500  34.49
2013-06-03  35.46  35.56  34.27  34.98  3777700  34.98
2013-05-31  35.72  36.3  35.34  35.34  3550800  35.34
2013-05-30  35.21  36.26  35.08  36.03  2059700  36.03
2013-05-29  34.5  35.58  34.5  35.21  4152600  35.21
2013-05-28  34.87  35.6  34.72  34.92  2799200  34.92
2013-05-24  34.13  34.2  33.62  34.17  1969800  34.17
2013-05-23  34.01  34.76  33.88  34.49  2681600  34.49
2013-05-22  34.91  35.79  34.42  34.59  2849300  34.59
2013-05-21  34.87  35.16  34.69  34.92  1855800  34.92
2013-05-20  34.88  35.18  34.77  35.0  2346700  35.0
2013-05-17  34.56  35.07  34.51  34.93  3116400  34.93
2013-05-16  34.68  35.02  34.34  34.4  3887100  34.4
2013-05-15  35.25  35.51  34.97  35.32  3323200  35.32
2013-05-14  34.7  35.44  34.7  35.4  3346900  35.4
2013-05-13  34.38  35.32  34.38  34.72  3585000  34.72
2013-05-10  34.05  34.61  33.91  34.55  2800400  34.55
2013-05-09  34.34  34.58  33.89  33.99  3548900  33.99
2013-05-08  33.86  34.44  33.79  34.34  2357800  34.34
2013-05-07  33.8  34.2  33.66  33.93  3624900  33.93
2013-05-06  32.83  33.68  32.71  33.59  3038000  33.59
2013-05-03  32.18  33.28  32.14  32.66  4714200  32.66
2013-05-02  31.43  32.11  30.73  31.69  8657100  31.69
2013-05-01  33.29  33.73  32.96  33.02  3495200  33.02
2013-04-30  33.31  33.7  33.14  33.7  3137800  33.7
2013-04-29  33.07  33.34  32.79  33.34  2527600  33.34
2013-04-26  33.36  33.39  32.75  32.97  2192600  32.97
2013-04-25  33.1  34.02  33.02  33.36  2581400  33.36
2013-04-24  32.16  33.1  32.16  33.01  3861400  33.01
2013-04-23  31.52  32.21  31.45  32.08  4983400  32.08
2013-04-22  31.02  31.28  30.53  31.21  2752800  31.21
2013-04-19  30.82  31.0  30.41  30.94  2502400  30.94
2013-04-18  31.16  31.26  30.48  30.58  3693700  30.58
2013-04-17  31.87  31.96  31.08  31.13  3776100  31.13
2013-04-16  31.81  32.37  31.59  32.33  3375600  32.33
2013-04-15  32.4  32.43  31.32  31.33  3439000  31.33
2013-04-12  32.66  32.74  32.22  32.58  1957400  32.58
2013-04-11  32.86  33.16  32.7  33.01  2578500  33.01
2013-04-10  31.92  32.8  31.83  32.8  3401200  32.8
2013-04-09  31.09  31.73  30.98  31.61  2911300  31.61
2013-04-08  30.68  30.93  30.39  30.93  2366200  30.93
2013-04-05  30.49  30.61  29.77  30.59  4394800  30.59
2013-04-04  31.6  31.61  30.76  31.13  4797400  31.13
2013-04-03  32.19  32.25  31.28  31.44  2640300  31.44
2013-04-02  32.11  32.48  31.98  32.18  1604200  32.18
2013-04-01  32.19  32.32  31.69  31.83  1399100  31.83
2013-03-28  32.08  32.26  31.81  32.19  2143800  32.19
2013-03-27  31.83  32.11  31.53  32.04  2286900  32.04
2013-03-26  32.18  32.29  32.01  32.18  2316400  32.18
2013-03-25  32.5  32.6  31.67  31.86  3504100  31.86
2013-03-22  32.19  32.31  31.89  32.25  1222000  32.25
2013-03-21  32.15  32.31  31.83  31.96  2291400  31.96
2013-03-20  32.29  32.6  32.18  32.43  3017800  32.43
2013-03-19  32.64  32.76  31.6  31.94  4319600  31.94
2013-03-18  32.24  32.77  32.01  32.41  2929200  32.41
2013-03-15  32.89  33.11  32.63  33.01  4425700  33.01
2013-03-14  33.04  33.23  32.86  33.04  2637500  33.04
2013-03-13  32.67  32.88  32.37  32.82  2818200  32.82
2013-03-12  32.64  32.77  32.35  32.58  2933100  32.58
2013-03-11  32.48  32.91  32.21  32.72  4476300  32.72
2013-03-08  31.54  32.69  31.54  32.58  7905500  32.58
2013-03-07  31.0  31.36  30.84  31.23  2949200  31.23
2013-03-06  30.67  31.16  30.64  30.9  3090100  30.9
2013-03-05  30.03  30.83  29.94  30.49  3228400  30.49
2013-03-04  29.22  29.83  29.12  29.82  3091300  29.82
2013-03-01  28.89  29.43  28.54  29.42  3821300  29.42
2013-02-28  28.93  29.56  28.84  29.16  3508300  29.16
2013-02-27  28.5  29.0  28.41  28.92  4528600  28.92
2013-02-26  28.16  28.27  27.47  28.13  4007500  28.13
2013-02-25  29.54  29.59  27.97  27.97  4264300  27.97
2013-02-22  29.13  29.38  29.09  29.35  2509800  29.35
2013-02-21  29.11  29.16  28.63  28.85  2313400  28.85
2013-02-20  30.37  30.42  29.16  29.24  3915900  29.24
2013-02-19  30.1  30.4  30.05  30.36  3311500  30.36
2013-02-15  29.95  30.19  29.79  29.94  4023800  29.94
2013-02-14  29.54  30.14  29.21  30.06  2868300  30.06
2013-02-13  29.5  29.9  29.5  29.78  3307300  29.78
2013-02-12  29.08  29.55  29.0  29.51  3166000  29.51
2013-02-11  29.01  29.34  28.83  29.15  2895400  29.15
2013-02-08  28.93  29.05  28.73  29.05  2288600  29.05
2013-02-07  29.2  29.47  28.02  28.81  4297500  28.81
2013-02-06  28.73  29.12  28.6  29.12  2427400  29.12
2013-02-05  28.77  29.18  28.67  29.04  2450400  29.04
2013-02-04  28.78  28.88  28.36  28.51  2619000  28.51
2013-02-01  28.88  29.24  28.74  29.12  2115800  29.12
2013-01-31  28.58  28.8  28.35  28.61  2659200  28.61
2013-01-30  28.88  28.97  28.39  28.58  2312800  28.58
2013-01-29  28.68  29.23  28.53  28.89  3110600  28.89
2013-01-28  28.93  29.19  28.57  28.75  3387000  28.75
2013-01-25  28.03  28.77  27.88  28.74  2939200  28.74
2013-01-24  27.88  28.12  27.73  27.9  1890000  27.9
2013-01-23  27.93  28.01  27.76  27.83  2094300  27.83
2013-01-22  27.31  28.02  27.23  28.01  2099000  28.01
2013-01-18  27.7  27.77  27.18  27.38  2200900  27.38
2013-01-17  27.12  27.84  27.1  27.62  3201300  27.62
2013-01-16  26.92  27.12  26.82  26.99  1480600  26.99
2013-01-15  26.96  27.13  26.73  27.01  2094400  27.01
2013-01-14  27.39  27.52  26.81  27.22  2293100  27.22
2013-01-11  27.36  27.51  26.99  27.48  2328400  27.48
2013-01-10  27.26  27.51  27.1  27.48  2252300  27.48
2013-01-09  26.99  27.46  26.93  27.05  2089300  27.05
2013-01-08  27.26  27.38  26.85  27.02  2339000  27.02
2013-01-07  27.49  27.51  27.06  27.33  2080700  27.33
2013-01-04  27.51  28.01  27.34  27.63  4767400  27.63
2013-01-03  26.9  27.46  26.87  27.43  4418100  27.43
2013-01-02  26.26  26.95  26.23  26.94  4487000  26.94
2012-12-31  24.7  25.49  24.67  25.46  2245100  25.46
2012-12-28  24.78  24.97  24.59  24.8  2493400  24.8
2012-12-27  25.32  25.44  24.85  25.01  2944500  25.01
2012-12-26  25.46  25.56  25.23  25.29  985900  25.29
2012-12-24  25.31  25.56  25.3  25.41  697300  25.41
2012-12-21  25.74  25.8  25.25  25.46  3057000  25.46
2012-12-20  25.56  26.08  25.35  26.0  3245300  26.0
2012-12-19  26.05  26.05  25.49  25.5  3044700  25.5
2012-12-18  25.57  26.03  25.42  26.0  3145800  26.0
2012-12-17  25.0  25.56  24.93  25.56  2825400  25.56
2012-12-14  24.88  25.03  24.73  24.86  1931200  24.86
2012-12-13  25.31  25.49  24.86  24.92  2444100  24.92
2012-12-12  25.4  25.69  25.28  25.33  2465400  25.33
2012-12-11  25.52  25.56  25.19  25.31  2650000  25.31
2012-12-10  25.19  25.47  25.09  25.3  1983400  25.3
2012-12-07  25.33  25.39  25.11  25.34  2287900  25.34
2012-12-06  24.96  25.12  24.83  25.09  2595000  25.09
2012-12-05  24.77  25.26  24.72  25.14  2783900  25.14
2012-12-04  24.64  24.84  24.47  24.83  2437000  24.83
2012-12-03  24.41  24.75  24.35  24.64  3365300  24.64
2012-11-30  24.24  24.46  23.83  24.28  2888800  24.28
2012-11-29  24.22  24.39  24.13  24.21  1894400  24.21
2012-11-28  23.67  24.1  23.46  24.06  1845200  24.06
2012-11-27  24.07  24.4  23.9  23.91  2539100  23.91
2012-11-26  23.92  24.2  23.86  24.2  1867400  24.2
2012-11-23  23.96  24.19  23.77  24.19  866200  24.19
2012-11-21  23.73  23.83  23.51  23.83  2102100  23.83
2012-11-20  23.67  23.89  23.47  23.73  3108400  23.73
2012-11-19  23.82  23.89  23.5  23.79  3682600  23.79
2012-11-16  22.94  23.41  22.69  23.39  4146800  23.39
2012-11-15  22.77  23.33  22.75  22.91  4042400  22.91
2012-11-14  22.3  23.31  22.13  22.76  4346100  22.76
2012-11-13  22.87  23.58  22.7  22.86  4704900  22.86
2012-11-12  23.23  23.27  22.8  23.04  3112000  23.04
2012-11-09  22.67  23.52  22.67  23.17  4450500  23.17
2012-11-08  23.44  23.82  22.83  22.88  5223100  22.88
2012-11-07  24.89  24.89  23.26  23.39  8053200  23.39
2012-11-06  25.0  25.66  24.91  25.37  3560400  25.37
2012-11-05  24.64  25.01  24.33  24.91  3728900  24.91
2012-11-02  25.54  25.63  24.67  24.77  4361200  24.77
2012-11-01  24.39  25.1  24.39  25.0  4261300  25.0
2012-10-31  24.24  24.62  23.93  24.37  2706800  24.37
2012-10-26  24.57  24.67  23.97  24.26  2506100  24.26
2012-10-25  24.57  24.81  24.4  24.66  2223900  24.66
2012-10-24  24.5  24.65  24.21  24.29  1845100  24.29
2012-10-23  24.4  24.41  24.11  24.35  2541100  24.35
2012-10-22  24.84  25.11  24.61  24.91  2125100  24.91
2012-10-19  25.21  25.28  24.71  24.9  3617900  24.9
2012-10-18  25.24  25.51  25.02  25.3  4652500  25.3
2012-10-17  24.58  25.23  24.36  25.19  5147800  25.19
2012-10-16  23.84  24.61  23.73  24.43  4006100  24.43
2012-10-15  23.47  23.65  23.29  23.59  2832200  23.59
2012-10-12  23.83  23.88  23.15  23.36  4078600  23.36
2012-10-11  23.96  24.2  23.65  23.86  4139600  23.86
2012-10-10  23.82  23.82  23.39  23.62  3193100  23.62
2012-10-09  24.04  24.24  23.7  23.8  2782000  23.8
2012-10-08  23.75  24.18  23.63  24.05  2253400  24.05
2012-10-05  24.43  24.88  23.95  23.97  6207600  23.97
2012-10-04  23.84  24.16  23.69  24.14  4280000  24.14
2012-10-03  23.57  23.76  23.04  23.65  5739600  23.65
2012-10-02  23.61  23.86  23.44  23.83  2954700  23.83
2012-10-01  23.83  24.23  23.39  23.51  3666800  23.51
2012-09-28  23.44  23.96  23.28  23.7  4733100  23.7
2012-09-27  23.53  23.81  23.3  23.64  3104400  23.64
2012-09-26  23.74  23.85  23.17  23.29  2607400  23.29
2012-09-25  24.41  24.48  23.73  23.77  3206700  23.77
2012-09-24  24.13  24.46  23.89  24.29  2357200  24.29
2012-09-21  24.75  24.88  24.25  24.3  3830000  24.3
2012-09-20  24.43  24.66  23.95  24.49  4364400  24.49
2012-09-19  24.8  24.87  24.51  24.74  4395900  24.74
2012-09-18  24.78  24.86  24.35  24.8  3466600  24.8
2012-09-17  25.18  25.32  24.81  24.94  2630000  24.94
2012-09-14  24.81  25.57  24.81  25.28  3928700  25.28
2012-09-13  24.14  24.96  23.71  24.85  5307700  24.85
2012-09-12  23.95  24.3  23.93  24.17  2691200  24.17
2012-09-11  23.81  24.14  23.75  23.94  2374000  23.94
2012-09-10  23.81  24.0  23.77  23.83  2876700  23.83
2012-09-07  23.75  24.25  23.74  23.89  3279200  23.89
2012-09-06  22.9  23.81  22.85  23.67  4098600  23.67
2012-09-05  22.93  23.02  22.61  22.7  3211300  22.7
2012-09-04  22.77  22.97  22.6  22.84  2772200  22.84
2012-08-31  23.01  23.15  22.68  22.75  2716600  22.75
2012-08-30  22.69  22.89  22.56  22.79  2003600  22.79
2012-08-29  22.93  22.97  22.51  22.83  3201100  22.83
2012-08-28  22.89  23.07  22.82  22.84  2210600  22.84
2012-08-27  23.49  23.5  22.96  22.98  2424100  22.98
2012-08-24  23.01  23.39  22.89  23.3  2541800  23.3
2012-08-23  23.18  23.34  23.0  23.05  2560800  23.05
2012-08-22  23.47  23.7  23.08  23.35  2434600  23.35
2012-08-21  23.53  24.07  23.43  23.53  2922900  23.53
2012-08-20  23.27  23.48  23.21  23.39  2221600  23.39
2012-08-17  23.53  23.61  23.08  23.41  2359800  23.41
2012-08-16  23.12  23.7  23.07  23.51  4222400  23.51
2012-08-15  23.01  23.3  22.88  23.12  3442800  23.12
2012-08-14  22.7  23.19  22.58  23.11  5412200  23.11
2012-08-13  22.45  22.66  22.21  22.49  2789700  22.49
2012-08-10  22.67  22.75  22.28  22.48  2656200  22.48
2012-08-09  22.25  22.99  22.13  22.76  3568100  22.76
2012-08-08  22.03  22.39  22.0  22.24  2524700  22.24
2012-08-07  22.16  22.8  21.94  22.15  3795000  22.15
2012-08-06  21.61  22.09  21.55  21.85  3043500  21.85
2012-08-03  21.36  21.96  21.36  21.58  5600000  21.58
2012-08-02  20.09  21.18  19.44  20.91  8551700  20.91
2012-08-01  19.9  19.9  19.28  19.44  3274200  19.44
2012-07-31  19.74  19.93  19.61  19.64  4062900  19.64
2012-07-30  19.82  20.13  19.67  19.79  2796200  19.79
2012-07-27  19.46  20.09  19.22  19.91  3678300  19.91
2012-07-26  19.37  19.61  19.12  19.21  2976300  19.21
2012-07-25  19.12  19.28  18.82  18.9  2482900  18.9
2012-07-24  19.38  19.4  18.78  18.97  3048200  18.97
2012-07-23  19.11  19.49  18.8  19.39  2691700  19.39
2012-07-20  20.19  20.21  19.65  19.67  2569200  19.67
2012-07-19  20.5  20.64  20.24  20.48  3877300  20.48
2012-07-18  20.25  20.64  20.18  20.48  3321400  20.48
2012-07-17  20.2  20.35  19.75  20.31  3972400  20.31
2012-07-16  20.31  20.4  19.78  20.09  2269800  20.09
2012-07-13  19.91  20.52  19.91  20.46  2237100  20.46
2012-07-12  19.97  20.03  19.72  19.89  2889100  19.89
2012-07-11  19.93  20.43  19.87  20.27  2981900  20.27
2012-07-10  20.37  20.56  19.79  19.9  2508000  19.9
2012-07-09  20.19  20.33  19.98  20.21  2713500  20.21
2012-07-06  20.38  20.49  20.04  20.35  3585200  20.35
2012-07-05  21.02  21.13  20.54  20.75  2425500  20.75
2012-07-03  20.79  21.34  20.76  21.21  1468900  21.21
2012-07-02  21.21  21.37  20.58  20.91  3227400  20.91
2012-06-29  21.08  21.47  20.99  21.35  3884900  21.35
2012-06-28  20.23  20.45  19.93  20.43  3369100  20.43
2012-06-27  20.21  20.66  19.95  20.55  2095000  20.55
2012-06-26  19.64  20.21  19.61  20.11  3100600  20.11
2012-06-25  19.95  19.95  19.42  19.57  2780500  19.57
2012-06-22  20.36  20.61  20.17  20.31  2871500  20.31
2012-06-21  21.0  21.09  20.1  20.15  2857100  20.15
2012-06-20  21.2  21.31  20.67  20.89  4230600  20.89
2012-06-19  20.73  21.32  20.59  21.2  2880000  21.2
2012-06-18  20.46  20.65  19.92  20.42  3815500  20.42
2012-06-15  20.81  20.92  20.57  20.72  8125300  20.72
2012-06-14  20.29  20.84  20.14  20.7  3562700  20.7
2012-06-13  20.35  20.72  20.13  20.24  4170100  20.24
2012-06-12  19.97  20.49  19.87  20.48  4183000  20.48
2012-06-11  20.84  20.96  19.81  19.83  3573100  19.83
2012-06-08  20.14  20.49  19.78  20.48  2499800  20.48
2012-06-07  20.97  20.99  20.19  20.28  4167400  20.28
2012-06-06  19.55  20.49  19.5  20.39  4166800  20.39
2012-06-05  18.74  19.33  18.71  19.26  3132100  19.26
2012-06-04  19.06  19.25  18.59  18.88  3968500  18.88
2012-06-01  19.58  19.58  18.91  18.94  5727300  18.94
2012-05-31  20.33  20.5  19.86  20.18  5014800  20.18
2012-05-30  20.86  20.89  20.17  20.3  3829700  20.3
2012-05-29  21.02  21.33  20.94  21.21  3052500  21.21
2012-05-25  20.84  21.02  20.62  20.76  2072200  20.76
2012-05-24  20.88  20.88  20.38  20.8  2811900  20.8
2012-05-23  20.76  20.83  20.18  20.72  4369900  20.72
2012-05-22  20.88  21.35  20.64  21.04  5526200  21.04
2012-05-21  20.18  20.83  20.08  20.69  3109200  20.69
2012-05-18  20.47  20.53  19.87  20.07  5270400  20.07
2012-05-17  20.92  21.1  20.35  20.36  4587300  20.36
2012-05-16  21.82  22.0  20.97  20.97  6044100  20.97
2012-05-15  22.13  22.18  21.58  21.67  3555200  21.67
2012-05-14  22.58  22.7  22.17  22.19  5798300  22.19
2012-05-11  22.61  23.52  22.23  23.02  4185700  23.02
2012-05-10  22.75  23.15  22.7  22.93  3792900  22.93
2012-05-09  22.43  22.64  22.13  22.34  5440000  22.34
2012-05-08  22.58  23.0  22.44  22.8  4296600  22.8
2012-05-07  22.43  22.92  22.32  22.8  4444700  22.8
2012-05-04  23.05  23.14  22.28  22.56  5008500  22.56
2012-05-03  24.0  24.29  23.03  23.17  4459700  23.17
2012-05-02  24.11  24.24  23.56  23.99  2501000  23.99
2012-05-01  24.09  24.77  24.0  24.32  2439700  24.32
2012-04-30  23.98  24.22  23.89  24.18  2251100  24.18
2012-04-27  24.13  24.17  23.69  24.08  2863000  24.08
2012-04-26  23.89  24.16  23.7  24.05  2504300  24.05
2012-04-25  23.75  24.06  23.31  24.04  3951800  24.04
2012-04-24  23.3  23.71  23.26  23.38  3980000  23.38
2012-04-23  22.63  23.37  22.42  23.29  4662400  23.29
2012-04-20  23.56  23.78  23.0  23.09  3315900  23.09
2012-04-19  23.67  23.77  23.13  23.33  3977200  23.33
2012-04-18  23.82  23.97  23.59  23.61  2863400  23.61
2012-04-17  23.93  24.2  23.81  24.08  2326300  24.08
2012-04-16  23.93  23.96  23.35  23.6  2295600  23.6
2012-04-13  23.89  23.95  23.41  23.57  3454300  23.57
2012-04-12  23.34  24.16  23.18  24.11  2401600  24.11
2012-04-11  23.5  23.51  23.15  23.22  3739200  23.22
2012-04-10  23.81  24.0  22.98  23.01  5180900  23.01
2012-04-09  24.3  24.4  23.8  23.89  3793300  23.89
2012-04-05  24.89  25.33  24.78  24.94  3578800  24.94
2012-04-04  25.11  25.31  24.83  25.02  3992000  25.02
2012-04-03  25.75  25.78  24.91  25.53  4930300  25.53
2012-04-02  25.66  26.11  25.43  25.85  2467200  25.85
2012-03-30  25.31  25.8  25.04  25.65  4316500  25.65
2012-03-29  25.52  25.63  24.68  25.06  4656200  25.06
2012-03-28  26.2  26.26  25.39  25.89  4929900  25.89
2012-03-27  26.4  26.49  26.21  26.31  5387300  26.31
2012-03-26  26.11  26.33  25.93  26.33  4495000  26.33
2012-03-23  25.4  25.78  25.36  25.74  3956800  25.74
2012-03-22  25.62  25.65  25.16  25.34  4497100  25.34
2012-03-21  26.22  26.59  25.91  25.95  3651400  25.95
2012-03-20  26.06  26.37  25.64  26.14  4164300  26.14
2012-03-19  26.01  26.59  25.94  26.34  5492200  26.34
2012-03-16  26.56  26.8  26.04  26.05  6563400  26.05
2012-03-15  25.49  26.72  25.42  26.56  10081000  26.56
2012-03-14  24.87  25.59  24.67  25.42  6804100  25.42
2012-03-13  24.16  24.93  24.03  24.91  3483700  24.91
2012-03-12  24.04  24.28  23.56  23.86  3297500  23.86
2012-03-09  23.66  24.34  23.66  24.04  2515100  24.04
2012-03-08  23.85  23.91  23.36  23.56  3646900  23.56
2012-03-07  23.48  23.78  23.37  23.6  2440700  23.6
2012-03-06  23.43  23.6  23.07  23.31  4141100  23.31
2012-03-05  24.13  24.2  23.79  24.04  4191000  24.04
2012-03-02  24.97  25.11  24.13  24.3  4307300  24.3
2012-03-01  24.23  25.15  24.22  24.99  5544200  24.99
2012-02-29  24.52  24.83  24.12  24.17  4367400  24.17
2012-02-28  24.45  24.69  24.1  24.44  3460400  24.44
2012-02-27  24.1  24.55  23.98  24.44  3326900  24.44
2012-02-24  24.59  24.61  24.27  24.41  3219700  24.41
2012-02-23  24.38  24.67  24.32  24.5  3288300  24.5
2012-02-22  24.98  25.21  24.2  24.32  5084600  24.32
2012-02-21  24.66  25.35  24.66  25.1  4804000  25.1
2012-02-17  25.04  25.05  24.53  24.87  4358600  24.87
2012-02-16  23.67  24.9  23.64  24.87  6151500  24.87
2012-02-15  23.58  23.93  23.41  23.67  6153100  23.67
2012-02-14  23.94  23.98  23.0  23.35  5281600  23.35
2012-02-13  23.84  24.17  23.57  24.1  4746700  24.1
2012-02-10  23.22  23.55  23.06  23.52  4152900  23.52
2012-02-09  23.87  23.93  23.41  23.72  5203500  23.72
2012-02-08  22.73  23.96  22.57  23.73  9403600  23.73
2012-02-07  22.96  23.3  22.5  23.18  5561400  23.18
2012-02-06  22.96  23.06  22.7  23.01  3798500  23.01
2012-02-03  22.56  23.4  22.45  23.2  7113500  23.2
2012-02-02  21.64  22.07  21.43  22.06  4071700  22.06
2012-02-01  21.18  21.87  21.08  21.53  4526600  21.53
2012-01-31  21.03  21.33  20.7  20.96  5541500  20.96
2012-01-30  20.13  21.02  19.87  20.83  6532700  20.83
2012-01-27  20.06  20.64  19.95  20.42  5850200  20.42
2012-01-26  21.46  21.56  19.64  20.13  15033500  20.13
2012-01-25  22.07  22.2  21.01  21.35  9560600  21.35
2012-01-24  21.86  22.34  21.73  22.25  3078700  22.25
2012-01-23  21.94  22.46  21.88  22.09  4698400  22.09
2012-01-20  21.66  22.09  21.61  21.9  5193800  21.9
2012-01-19  21.82  21.95  21.35  21.68  4711700  21.68
2012-01-18  20.69  21.64  20.47  21.54  5374400  21.54
2012-01-17  20.92  21.13  20.54  20.74  5010600  20.74
2012-01-13  20.6  20.61  19.95  20.5  4192100  20.5
2012-01-12  21.23  21.39  20.85  20.99  4664800  20.99
2012-01-11  20.47  21.14  20.3  21.1  3072000  21.1
2012-01-10  20.15  20.67  19.96  20.62  5716500  20.62
2012-01-09  19.68  19.93  19.52  19.67  3088900  19.67
2012-01-06  19.64  19.9  19.44  19.52  3630200  19.52
2012-01-05  19.18  19.79  18.79  19.58  3741900  19.58
2012-01-04  19.36  19.43  19.03  19.32  2982700  19.32
2012-01-03  19.39  19.82  19.39  19.6  2771200  19.6
2011-12-30  18.78  18.98  18.75  18.82  1434000  18.82
2011-12-29  18.57  19.04  18.5  18.87  1774300  18.87
2011-12-28  18.74  18.81  18.35  18.47  2150700  18.47
2011-12-27  19.06  19.24  18.78  18.78  1652300  18.78
2011-12-23  18.6  19.11  18.44  19.11  2976700  19.11
2011-12-22  18.21  18.62  18.12  18.54  3943100  18.54
2011-12-21  17.95  18.22  17.82  18.13  3950500  18.13
2011-12-20  17.76  18.13  17.67  18.03  4975100  18.03
2011-12-19  18.04  18.25  17.23  17.29  3785500  17.29
2011-12-16  18.29  18.43  17.81  17.94  5503400  17.94
2011-12-15  18.32  18.54  18.09  18.13  4893700  18.13
2011-12-14  17.83  18.22  17.64  17.89  5163000  17.89
2011-12-13  18.96  19.15  17.79  18.03  7563100  18.03
2011-12-12  19.07  19.07  18.35  18.57  4384200  18.57
2011-12-09  19.23  19.71  19.23  19.42  5178200  19.42
2011-12-08  19.86  19.86  18.97  19.04  5998100  19.04
2011-12-07  19.89  20.19  19.36  20.07  6581100  20.07
2011-12-06  19.71  20.33  19.6  20.15  5116700  20.15
2011-12-05  20.0  20.39  19.59  19.79  7172400  19.79
2011-12-02  19.95  20.35  19.36  19.44  7546700  19.44
2011-12-01  19.43  19.78  19.12  19.59  5257800  19.59
2011-11-30  18.77  19.59  18.69  19.56  6958200  19.56
2011-11-29  18.05  18.32  17.78  17.92  4632700  17.92
2011-11-28  17.91  18.22  17.68  17.95  5226800  17.95
2011-11-25  17.1  17.65  17.02  17.04  1835200  17.04
2011-11-23  17.52  17.67  17.09  17.09  7571400  17.09
2011-11-22  18.09  18.47  17.87  17.92  6540400  17.92
2011-11-21  18.53  18.53  17.78  18.28  7754700  18.28
2011-11-18  18.87  19.09  18.61  18.85  6214500  18.85
2011-11-17  19.4  19.69  18.56  18.72  10192800  18.72
2011-11-16  18.94  19.85  18.83  19.43  8623400  19.43
2011-11-15  19.15  19.56  18.85  19.32  4701100  19.32
2011-11-14  19.34  19.55  19.0  19.2  3992300  19.2
2011-11-11  19.39  20.3  19.35  19.6  6092700  19.6
2011-11-10  18.6  19.25  18.34  18.94  7068300  18.94
2011-11-09  18.36  18.65  18.06  18.16  7651900  18.16
2011-11-08  19.02  19.41  18.46  19.31  6379700  19.31
2011-11-07  18.64  18.84  18.1  18.81  4761900  18.81
2011-11-04  18.69  18.81  18.16  18.69  6240200  18.69
2011-11-03  19.55  19.98  18.4  18.92  11144500  18.92
2011-11-02  17.97  18.57  17.76  18.31  6470600  18.31
2011-11-01  17.28  17.99  17.0  17.43  8732200  17.43
2011-10-31  20.23  20.23  18.39  18.46  11638600  18.46
2011-10-28  20.71  21.21  20.24  20.74  7487800  20.74
2011-10-27  19.95  20.98  19.85  20.68  11153200  20.68
2011-10-26  18.62  19.07  17.84  18.88  6816800  18.88
2011-10-25  19.15  19.16  17.85  17.93  8388800  17.93
2011-10-24  18.5  19.5  18.47  19.45  8047200  19.45
2011-10-21  18.11  18.66  18.0  18.45  7174700  18.45
2011-10-20  17.29  17.93  16.92  17.81  6187800  17.81
2011-10-19  17.75  18.18  17.08  17.25  8288600  17.25
2011-10-18  16.75  17.93  16.48  17.78  9778200  17.78
2011-10-17  17.41  17.41  16.63  16.7  7312000  16.7
2011-10-14  16.73  17.56  16.7  17.44  10064500  17.44
2011-10-13  16.59  16.62  15.61  16.19  8053000  16.19
2011-10-12  16.06  17.26  16.06  16.83  10202700  16.83
2011-10-11  15.35  16.03  15.16  15.84  7801400  15.84
2011-10-10  15.03  15.57  15.03  15.55  6412600  15.55
2011-10-07  15.51  15.79  14.59  14.64  8982000  14.64
2011-10-06  14.76  15.54  14.52  15.36  8022000  15.36
2011-10-05  14.31  14.95  14.03  14.81  9079700  14.81
2011-10-04  13.57  14.24  13.28  14.18  12395900  14.18
2011-10-03  14.92  15.11  13.83  13.83  9167900  13.83
2011-09-30  15.53  15.54  15.1  15.1  5842000  15.1
2011-09-29  15.53  16.11  15.29  15.9  6803500  15.9
2011-09-28  16.27  16.28  15.06  15.06  6385600  15.06
2011-09-27  16.03  16.57  15.98  16.17  10489500  16.17
2011-09-26  15.04  15.53  14.71  15.47  10050700  15.47
2011-09-23  14.63  15.41  14.63  14.78  10171200  14.78
2011-09-22  15.16  15.4  14.5  14.96  12793100  14.96
2011-09-21  17.48  17.54  16.05  16.07  7341600  16.07
2011-09-20  17.99  18.51  17.52  17.54  5869700  17.54
2011-09-19  18.09  18.13  17.53  17.91  4355600  17.91
2011-09-16  19.15  19.35  18.31  18.55  7381000  18.55
2011-09-15  18.03  19.17  17.91  19.11  9381700  19.11
2011-09-14  17.6  17.97  17.04  17.66  7603800  17.66
2011-09-13  17.38  17.8  17.2  17.42  6998000  17.42
2011-09-12  17.0  17.54  16.64  17.37  7541300  17.37
2011-09-09  17.85  18.09  17.33  17.42  5550300  17.42
2011-09-08  18.28  18.69  18.08  18.17  4756800  18.17
2011-09-07  18.12  18.79  18.05  18.65  5236400  18.65
2011-09-06  17.49  17.87  17.27  17.6  7157900  17.6
2011-09-02  18.85  19.11  18.35  18.39  6209500  18.39
2011-09-01  19.96  20.16  19.38  19.42  5153800  19.42
2011-08-31  20.07  20.66  19.7  20.05  6938400  20.05
2011-08-30  20.0  20.04  19.33  19.86  5717400  19.86
2011-08-29  19.03  20.29  19.03  20.29  4643100  20.29
2011-08-26  18.23  18.84  17.79  18.64  5665300  18.64
2011-08-25  19.5  19.88  18.26  18.4  7309000  18.4
2011-08-24  18.41  19.21  18.33  19.14  6454200  19.14
2011-08-23  18.47  18.64  18.06  18.49  11377700  18.49
2011-08-22  19.41  19.47  18.33  18.38  7895600  18.38
2011-08-19  19.23  20.17  18.76  18.8  8146600  18.8
2011-08-18  20.32  20.32  19.44  19.62  7753000  19.62
2011-08-17  21.55  21.76  20.98  21.26  3844500  21.26
2011-08-16  21.68  21.95  21.2  21.43  5243100  21.43
2011-08-15  21.63  22.06  21.42  22.06  4551400  22.06
2011-08-12  21.88  22.06  21.39  21.49  9969700  21.49
2011-08-11  19.98  22.13  19.94  21.66  9368100  21.66
2011-08-10  21.4  21.43  19.9  19.97  12628700  19.97
2011-08-09  20.39  22.0  20.05  21.97  10688900  21.97
2011-08-08  21.92  22.45  19.71  19.95  10445600  19.95
2011-08-05  23.54  23.56  21.93  22.73  10326700  22.73
2011-08-04  24.21  24.41  23.07  23.1  8378200  23.1
2011-08-03  25.28  25.61  24.11  24.61  9562800  24.61
2011-08-02  25.2  25.43  24.51  24.59  5014300  24.59
2011-08-01  26.02  26.12  25.1  25.41  3625300  25.41
2011-07-29  25.47  26.05  25.18  25.6  3657300  25.6
2011-07-28  25.65  26.15  25.55  25.58  3848000  25.58
2011-07-27  26.08  26.17  25.54  25.59  4203800  25.59
2011-07-26  26.38  26.69  26.22  26.29  2971500  26.29
2011-07-25  26.44  26.47  26.19  26.41  4282500  26.41
2011-07-22  26.93  26.93  26.41  26.85  2330500  26.85
2011-07-21  26.47  27.18  26.46  26.79  3310200  26.79
2011-07-20  26.27  26.52  26.01  26.19  2027800  26.19
2011-07-19  25.98  26.32  25.77  26.12  2713300  26.12
2011-07-18  26.09  26.17  25.47  25.8  3588400  25.8
2011-07-15  26.57  26.58  26.01  26.24  2946200  26.24
2011-07-14  26.74  26.81  26.1  26.31  3784700  26.31
2011-07-13  26.56  27.05  26.4  26.55  2776800  26.55
2011-07-12  26.34  26.85  26.33  26.33  3151900  26.33
2011-07-11  27.04  27.17  26.27  26.5  3900400  26.5
2011-07-08  27.68  27.68  27.26  27.56  3486000  27.56
2011-07-07  28.11  28.66  28.01  28.39  3178800  28.39
2011-07-06  27.41  27.81  27.19  27.81  2245000  27.81
2011-07-05  28.01  28.03  27.47  27.63  2459200  27.63
2011-07-01  27.33  28.22  27.33  28.11  3027900  28.11
2011-06-30  27.3  27.75  27.06  27.48  2964700  27.48
2011-06-29  26.72  27.17  26.6  27.15  3003800  27.15
2011-06-28  26.11  26.59  26.09  26.51  3088500  26.51
2011-06-27  25.85  26.14  25.75  26.04  2387100  26.04
2011-06-24  26.2  26.2  25.54  25.81  3961900  25.81
2011-06-23  25.88  26.17  25.32  26.17  5739900  26.17
2011-06-22  26.55  26.75  26.34  26.36  2815000  26.36
2011-06-21  26.36  26.84  26.33  26.73  3285600  26.73
2011-06-20  25.86  26.33  25.73  26.14  2639600  26.14
2011-06-17  25.86  26.27  25.67  25.99  5185800  25.99
2011-06-16  25.21  26.07  25.13  25.58  4959400  25.58
2011-06-15  26.17  26.18  25.08  25.13  6191900  25.13
2011-06-14  25.94  26.81  25.81  26.54  5755700  26.54
2011-06-13  25.58  25.67  25.25  25.58  4045500  25.58
2011-06-10  25.55  25.66  25.04  25.36  3430000  25.36
2011-06-09  25.63  25.98  25.46  25.77  2498400  25.77
2011-06-08  25.7  25.9  25.45  25.5  3702500  25.5
2011-06-07  26.06  26.22  25.82  25.82  3701800  25.82
2011-06-06  26.43  26.64  25.85  25.9  3204000  25.9
2011-06-03  26.61  26.84  26.42  26.47  5198300  26.47
2011-06-02  27.24  27.39  26.92  27.08  4292700  27.08
2011-06-01  28.12  28.17  27.15  27.22  5406800  27.22
2011-05-31  28.16  28.31  27.73  28.31  3551000  28.31
2011-05-27  27.85  27.93  27.67  27.84  1862500  27.84
2011-05-26  27.49  27.85  27.32  27.74  2150800  27.74
2011-05-25  27.55  27.68  27.28  27.55  2329500  27.55
2011-05-24  27.79  27.84  27.43  27.45  2246000  27.45
2011-05-23  27.71  27.87  27.53  27.61  2774100  27.61
2011-05-20  28.46  28.64  28.08  28.17  2886900  28.17
2011-05-19  28.65  28.72  28.26  28.7  2172200  28.7
2011-05-18  28.36  28.5  28.21  28.43  2746200  28.43
2011-05-17  28.52  28.55  28.04  28.39  2197800  28.39
2011-05-16  28.54  29.1  28.53  28.61  2751200  28.61
2011-05-13  29.35  29.46  28.57  28.73  2742500  28.73
2011-05-12  28.88  29.39  28.5  29.36  2721000  29.36
2011-05-11  29.1  29.43  28.82  29.08  2764800  29.08
2011-05-10  29.04  29.31  28.85  29.18  2592000  29.18
2011-05-09  28.77  29.0  28.55  28.9  3419200  28.9
2011-05-06  29.14  29.39  28.55  28.81  3199200  28.81
2011-05-05  28.97  29.14  28.48  28.72  4052600  28.72
2011-05-04  29.82  29.86  28.97  29.24  3916300  29.24
2011-05-03  29.58  30.37  29.51  29.83  4279600  29.83
2011-05-02  30.4  30.71  30.22  30.31  2578700  30.31
2011-04-29  30.5  30.53  29.71  30.12  4026200  30.12
2011-04-28  29.93  31.23  29.89  30.51  6044400  30.51
2011-04-27  29.13  29.31  28.47  29.28  2474400  29.28
2011-04-26  28.91  29.14  28.69  29.03  2800000  29.03
2011-04-25  28.62  28.83  28.41  28.71  1555300  28.71
2011-04-21  28.41  28.78  28.23  28.77  1919800  28.77
2011-04-20  28.29  28.63  28.1  28.17  2372300  28.17
2011-04-19  27.44  27.79  27.26  27.79  2849000  27.79
2011-04-18  27.32  27.46  27.0  27.36  2575200  27.36
2011-04-15  27.76  28.03  27.4  27.84  2479300  27.84
2011-04-14  27.7  27.86  27.15  27.69  3118700  27.69
2011-04-13  28.79  28.8  27.9  27.93  2574200  27.93
2011-04-12  28.44  28.7  28.31  28.56  2141500  28.56
2011-04-11  28.73  29.09  28.56  28.7  1762300  28.7
2011-04-08  29.14  29.38  28.6  28.73  1765700  28.73
2011-04-07  29.44  29.68  29.02  29.07  3277100  29.07
2011-04-06  29.38  29.54  29.07  29.49  2439900  29.49
2011-04-05  29.48  29.53  29.09  29.2  2951000  29.2
2011-04-04  29.42  29.62  29.31  29.54  1768500  29.54
2011-04-01  29.22  29.64  29.06  29.38  2785000  29.38
2011-03-31  29.18  29.29  28.88  28.92  2848900  28.92
2011-03-30  29.25  29.45  29.07  29.38  1851000  29.38
2011-03-29  29.02  29.15  28.77  29.07  1968700  29.07
2011-03-28  29.31  29.56  29.06  29.13  1935000  29.13
2011-03-25  29.06  29.33  28.84  29.19  1860400  29.19
2011-03-24  28.8  28.99  28.36  28.96  2149900  28.96
2011-03-23  28.54  28.68  28.09  28.58  2335600  28.58
2011-03-22  29.22  29.34  28.66  28.68  2294000  28.68
2011-03-21  29.02  29.26  28.93  29.17  1921700  29.17
2011-03-18  28.64  28.89  28.37  28.46  3648200  28.46
2011-03-17  28.57  28.68  27.87  28.05  3736700  28.05
2011-03-16  28.88  28.97  27.25  28.05  8328600  28.05
2011-03-15  27.48  29.01  26.96  28.86  6537600  28.86
2011-03-14  29.04  29.42  28.44  28.85  3612800  28.85
2011-03-11  28.5  29.22  28.37  29.16  2234600  29.16
2011-03-10  29.11  29.35  28.7  28.83  2428500  28.83
2011-03-09  29.8  30.05  29.53  29.66  2403400  29.66
2011-03-08  29.47  30.17  29.4  29.95  3374600  29.95
2011-03-07  29.83  30.32  29.28  29.34  3406200  29.34
2011-03-04  29.74  29.85  29.35  29.77  3883600  29.77
2011-03-03  29.98  30.14  29.14  29.82  6036200  29.82
2011-03-02  29.37  29.37  28.57  28.65  4393700  28.65
2011-03-01  30.74  30.9  29.5  29.5  3165000  29.5
2011-02-28  30.56  30.69  30.2  30.54  1930500  30.54
2011-02-25  30.05  30.54  30.0  30.41  2278200  30.41
2011-02-24  29.51  29.86  29.3  29.76  4072800  29.76
2011-02-23  29.62  30.01  28.86  29.5  2979000  29.5
2011-02-22  30.29  30.63  29.16  29.66  6011200  29.66
2011-02-18  31.27  31.35  30.81  30.87  2924200  30.87
2011-02-17  30.9  31.46  30.76  31.28  2490000  31.28
2011-02-16  30.62  31.12  30.41  31.07  3294400  31.07
2011-02-15  30.1  30.52  29.74  30.46  2630200  30.46
2011-02-14  30.52  30.61  30.2  30.31  2522900  30.31
2011-02-11  29.64  30.6  29.4  30.57  2678300  30.57
2011-02-10  29.59  29.97  29.15  29.9  2488300  29.9
2011-02-09  29.66  30.0  29.41  29.88  3382600  29.88
2011-02-08  29.94  30.0  29.73  29.84  3572600  29.84
2011-02-07  29.85  30.32  29.79  29.87  3160100  29.87
2011-02-04  28.89  29.85  28.86  29.75  3812000  29.75
2011-02-03  28.67  28.95  27.95  28.85  3881800  28.85
2011-02-02  29.01  29.01  28.41  28.56  3276100  28.56
2011-02-01  28.03  29.19  28.03  29.19  4261800  29.19
2011-01-31  27.87  28.28  27.71  27.77  3135400  27.77
2011-01-28  28.53  28.62  27.86  27.99  6311200  27.99
2011-01-27  28.3  29.03  28.04  28.92  3595700  28.92
2011-01-26  28.17  28.38  28.05  28.3  2397800  28.3
2011-01-25  27.84  28.18  27.64  28.08  2184100  28.08
2011-01-24  27.88  28.11  27.69  27.92  2549800  27.92
2011-01-21  28.0  28.25  27.7  27.93  2513900  27.93
2011-01-20  27.61  27.84  27.23  27.77  4146200  27.77
2011-01-19  28.02  28.23  27.44  27.62  2874500  27.62
2011-01-18  28.08  28.32  27.76  28.27  2489400  28.27
2011-01-14  28.0  28.27  27.9  28.18  3080300  28.18
2011-01-13  28.48  28.66  27.76  27.93  3709900  27.93
2011-01-12  28.28  28.8  28.27  28.44  5466400  28.44
2011-01-11  28.26  28.46  27.91  28.16  3755400  28.16
2011-01-10  27.94  28.22  27.62  28.11  3210200  28.11
2011-01-07  28.25  28.51  27.85  28.16  3587200  28.16
2011-01-06  28.52  28.57  27.92  28.13  2841900  28.13
2011-01-05  28.08  28.56  28.01  28.56  3915800  28.56
2011-01-04  28.14  28.49  27.85  28.42  4830500  28.42
2011-01-03  27.08  28.27  26.92  28.15  5645500  28.15
2010-12-31  26.36  26.83  26.27  26.73  1692400  26.73
2010-12-30  26.62  26.81  26.35  26.43  1535000  26.43
2010-12-29  26.91  27.03  26.58  26.68  1639000  26.68
2010-12-28  27.37  27.37  26.72  26.84  2441500  26.84
2010-12-27  27.09  27.47  26.81  27.21  2082100  27.21
2010-12-23  27.79  27.86  27.03  27.2  2333600  27.2
2010-12-22  27.72  27.99  27.51  27.8  2898100  27.8
2010-12-21  27.38  27.77  27.35  27.64  3179600  27.64
2010-12-20  27.35  27.46  27.01  27.03  2607700  27.03
2010-12-17  26.99  27.5  26.89  27.33  4005300  27.33
2010-12-16  27.08  27.38  26.92  26.96  2754700  26.96
2010-12-15  27.55  27.6  26.91  27.0  4782600  27.0
2010-12-14  26.75  27.08  26.6  26.91  3589100  26.91
2010-12-13  27.31  27.38  26.61  26.64  4117900  26.64
2010-12-10  26.79  27.1  26.65  27.05  5348400  27.05
2010-12-09  26.3  26.78  26.04  26.74  6495700  26.74
2010-12-08  24.48  26.4  24.48  26.18  11880400  26.18
2010-12-07  24.55  24.62  24.25  24.36  3797000  24.36
2010-12-06  24.05  24.22  23.83  24.1  2230000  24.1
2010-12-03  23.86  24.35  23.59  24.23  3250300  24.23
2010-12-02  23.54  24.31  23.54  24.15  3713200  24.15
2010-12-01  23.36  23.63  23.11  23.57  3911000  23.57
2010-11-30  22.48  23.1  22.35  22.95  4637700  22.95
2010-11-29  22.51  22.8  22.27  22.71  2719600  22.71
2010-11-26  22.65  22.85  22.49  22.72  1283100  22.72
2010-11-24  22.78  23.0  22.63  22.93  2177100  22.93
2010-11-23  22.83  22.88  22.43  22.51  4360600  22.51
2010-11-22  23.41  23.41  22.93  23.3  2972100  23.3
2010-11-19  23.57  23.73  23.21  23.57  2807400  23.57
2010-11-18  23.32  23.95  23.32  23.59  3811000  23.59
2010-11-17  22.71  23.44  22.6  22.96  4871000  22.96
2010-11-16  23.06  23.21  22.54  22.75  6681100  22.75
2010-11-15  23.19  23.56  23.07  23.26  4464100  23.26
2010-11-12  23.74  23.88  22.93  22.96  5287100  22.96
2010-11-11  23.58  24.27  23.18  24.03  6749600  24.03
2010-11-10  23.49  23.96  23.3  23.91  3823200  23.91
2010-11-09  23.99  24.25  23.37  23.48  4043100  23.48
2010-11-08  24.25  24.33  23.92  23.96  3031600  23.96
2010-11-05  24.01  24.57  23.87  24.44  4597000  24.44
2010-11-04  23.9  24.17  23.68  23.93  5356300  23.93
2010-11-03  22.89  23.79  22.5  23.36  8704800  23.36
2010-11-02  23.66  24.03  23.56  24.0  4160000  24.0
2010-11-01  23.75  23.94  23.17  23.33  3773600  23.33
2010-10-29  23.9  24.01  23.49  23.53  4017300  23.53
2010-10-28  24.41  24.62  23.51  24.04  4730000  24.04
2010-10-27  24.07  24.32  23.75  24.16  4760200  24.16
2010-10-26  24.65  24.84  24.22  24.39  5727500  24.39
2010-10-25  24.77  25.29  24.48  24.82  4259800  24.82
2010-10-22  25.17  25.25  24.89  25.0  2827000  25.0
2010-10-21  25.01  25.43  24.86  25.12  3482400  25.12
2010-10-20  24.44  25.09  24.35  24.91  4220200  24.91
2010-10-19  24.74  25.01  24.13  24.38  3961800  24.38
2010-10-18  24.18  25.0  24.11  24.98  5734000  24.98
2010-10-15  24.57  24.66  23.83  24.12  3817400  24.12
2010-10-14  24.33  24.85  24.0  24.29  3428300  24.29
2010-10-13  24.42  24.81  24.24  24.44  3218300  24.44
2010-10-12  24.27  24.32  23.94  24.18  2869500  24.18
2010-10-11  24.1  24.51  23.91  24.46  3631700  24.46
2010-10-08  23.49  24.09  23.31  23.97  3945300  23.97
2010-10-07  23.85  23.97  23.35  23.46  2528000  23.46
2010-10-06  23.82  23.98  23.5  23.77  4068300  23.77
2010-10-05  23.22  23.91  22.92  23.73  5433200  23.73
2010-10-04  22.98  23.33  22.8  22.96  2985200  22.96
2010-10-01  23.24  23.42  22.81  23.03  2936300  23.03
2010-09-30  23.32  23.54  22.92  22.98  3325500  22.98
2010-09-29  22.88  23.25  22.81  23.0  2668500  23.0
2010-09-28  22.82  23.11  22.32  23.05  4115600  23.05
2010-09-27  23.09  23.09  22.69  22.75  2969300  22.75
2010-09-24  22.8  23.29  22.74  23.16  3467400  23.16
2010-09-23  22.7  22.91  22.28  22.34  5371600  22.34
2010-09-22  23.96  24.05  22.99  23.0  6739800  23.0
2010-09-21  24.42  24.59  23.97  24.06  4698700  24.06
2010-09-20  23.73  24.38  23.57  24.3  6052000  24.3
2010-09-17  24.02  24.04  23.57  23.6  10671100  23.6
2010-09-16  24.2  24.21  23.58  23.75  9592800  23.75
2010-09-15  24.45  24.5  23.91  24.37  4910900  24.37
2010-09-14  24.74  25.11  24.36  24.73  3144400  24.73
2010-09-13  24.88  24.98  24.65  24.93  3364800  24.93
2010-09-10  24.49  24.67  24.22  24.5  3089700  24.5
2010-09-09  24.54  24.7  23.97  24.46  3637300  24.46
2010-09-08  23.97  24.61  23.88  23.97  4548700  23.97
2010-09-07  24.21  24.49  23.45  23.93  6883700  23.93
2010-09-03  24.27  25.08  24.06  25.07  6533800  25.07
2010-09-02  23.79  24.11  23.47  24.02  4434500  24.02
2010-09-01  23.12  23.81  22.83  23.75  5382800  23.75
2010-08-31  21.79  22.68  21.57  22.46  5575500  22.46
2010-08-30  22.82  22.84  21.85  22.0  7723800  22.0
2010-08-27  20.9  22.87  20.34  22.8  13990900  22.8
2010-08-26  20.97  21.26  20.56  20.68  6083100  20.68
2010-08-25  19.93  20.94  19.84  20.85  9472900  20.85
2010-08-24  19.99  20.27  19.84  20.15  5695900  20.15
2010-08-23  20.46  20.81  20.23  20.46  4315300  20.46
2010-08-20  20.44  20.62  20.18  20.49  3502200  20.49
2010-08-19  21.32  21.38  20.57  20.74  4713200  20.74
2010-08-18  21.61  21.76  21.33  21.47  5077000  21.47
2010-08-17  21.73  22.04  21.57  21.58  4668400  21.58
2010-08-16  21.63  21.86  21.21  21.38  3730700  21.38
2010-08-13  21.89  22.26  21.68  21.8  3416900  21.8
2010-08-12  21.64  22.29  21.62  21.94  4620400  21.94
2010-08-11  23.08  23.13  22.03  22.05  7635200  22.05
2010-08-10  23.88  24.06  23.5  23.67  4369100  23.67
2010-08-09  23.91  24.26  23.7  24.18  3191300  24.18
2010-08-06  23.67  23.83  23.11  23.72  4265700  23.72
2010-08-05  24.03  24.14  23.73  24.0  4096500  24.0
2010-08-04  24.75  24.76  24.08  24.33  3888600  24.33
2010-08-03  25.22  25.22  24.37  24.48  5369100  24.48
2010-08-02  25.58  25.78  25.2  25.42  5223400  25.42
2010-07-30  24.27  25.24  24.1  25.02  6544600  25.02
2010-07-29  24.17  24.93  23.52  24.75  9639400  24.75
2010-07-28  23.43  23.67  23.07  23.15  5324300  23.15
2010-07-27  24.06  24.32  23.53  23.6  3860100  23.6
2010-07-26  23.59  23.92  23.24  23.8  5594800  23.8
2010-07-23  23.0  23.72  22.8  23.65  5105800  23.65
2010-07-22  22.6  23.33  22.44  23.19  5669400  23.19
2010-07-21  22.4  22.98  22.09  22.15  7037400  22.15
2010-07-20  21.59  22.19  21.09  22.16  5448800  22.16
2010-07-19  21.95  22.32  21.66  21.98  6879900  21.98
2010-07-16  22.55  22.72  21.68  21.73  6468500  21.73
2010-07-15  23.06  23.26  22.46  22.94  6686400  22.94
2010-07-14  23.88  23.88  22.84  23.1  8410700  23.1
2010-07-13  24.59  24.86  24.33  24.49  4521900  24.49
2010-07-12  24.39  24.46  23.84  24.09  2715000  24.09
2010-07-09  23.92  24.63  23.84  24.58  2524700  24.58
2010-07-08  23.97  24.2  23.46  23.95  3082800  23.95
2010-07-07  22.65  23.68  22.57  23.62  3805300  23.62
2010-07-06  23.08  23.65  22.31  22.63  4293600  22.63
2010-07-02  22.9  23.1  22.15  22.46  4135700  22.46
2010-07-01  23.14  23.48  22.08  22.73  6432500  22.73
2010-06-30  23.72  24.01  23.24  23.33  5058000  23.33
2010-06-29  24.62  24.77  23.46  23.66  6396900  23.66
2010-06-28  26.05  26.12  25.26  25.33  4706500  25.33
2010-06-25  25.82  26.18  25.14  26.0  5690300  26.0
2010-06-24  25.67  25.92  25.35  25.46  5334300  25.46
2010-06-23  26.34  26.34  25.58  25.98  5851600  25.98
2010-06-22  26.53  26.8  26.2  26.33  6593200  26.33
2010-06-21  27.14  27.55  26.32  26.55  4042600  26.55
2010-06-18  26.67  26.83  26.37  26.71  2820600  26.71
2010-06-17  26.94  26.94  26.22  26.62  3671400  26.62
2010-06-16  26.51  27.09  26.43  26.64  5149900  26.64
2010-06-15  26.52  26.99  26.25  26.78  17985400  26.78
2010-06-14  25.83  27.02  25.82  26.33  8746300  26.33
2010-06-11  24.71  25.38  24.47  25.32  2751300  25.32
2010-06-10  24.55  25.22  24.42  25.21  4014800  25.21
2010-06-09  24.21  24.83  23.79  23.92  3750600  23.92
2010-06-08  23.84  24.22  22.97  23.97  5547900  23.97
2010-06-07  24.65  24.84  23.62  23.65  4133500  23.65
2010-06-04  25.3  25.5  24.19  24.31  5410800  24.31
2010-06-03  26.13  26.56  25.66  26.2  3980300  26.2
2010-06-02  24.98  25.87  24.66  25.86  4781200  25.86
2010-06-01  25.0  25.38  24.59  24.63  5675600  24.63
2010-05-28  26.31  26.43  25.17  25.41  3619900  25.41
2010-05-27  25.57  26.39  24.94  26.33  3820800  26.33
2010-05-26  25.16  25.43  24.47  24.66  4966500  24.66
2010-05-25  23.45  24.73  22.91  24.65  7657700  24.65
2010-05-24  24.55  25.17  23.95  23.99  7293700  23.99
2010-05-21  23.8  25.02  23.8  24.5  12167800  24.5
2010-05-20  25.65  26.0  24.56  24.57  7414900  24.57
2010-05-19  26.58  27.67  26.07  26.64  8407700  26.64
2010-05-18  27.41  28.02  26.7  26.95  7142900  26.95
2010-05-17  26.86  27.33  25.96  26.89  3614100  26.89
2010-05-14  27.88  27.9  26.62  26.91  4105600  26.91
2010-05-13  28.35  28.87  28.05  28.25  3361200  28.25
2010-05-12  28.61  28.86  28.29  28.53  2989000  28.53
2010-05-11  27.54  28.95  27.43  28.34  4485900  28.34
2010-05-10  27.22  28.28  26.9  28.18  5198800  28.18
2010-05-07  26.27  26.94  24.92  25.59  7473100  25.59
2010-05-06  27.44  28.28  24.61  26.38  7213500  26.38
2010-05-05  27.96  28.54  27.14  27.6  7058600  27.6
2010-05-04  29.41  29.5  28.33  28.53  4753300  28.53
2010-05-03  29.41  30.09  29.38  29.97  3528000  29.97
2010-04-30  30.02  30.36  29.29  29.38  3426000  29.38
2010-04-29  29.58  30.69  28.54  30.27  6105700  30.27
2010-04-28  29.85  30.58  29.42  29.68  4259800  29.68
2010-04-27  31.27  31.28  29.25  29.44  4695400  29.44
2010-04-26  31.48  32.22  31.39  31.6  3880300  31.6
2010-04-23  30.96  31.59  30.78  31.49  4247000  31.49
2010-04-22  30.71  30.97  30.24  30.95  4008400  30.95
2010-04-21  31.31  31.46  30.68  31.17  2642300  31.17
2010-04-20  31.23  31.43  30.82  31.43  2942500  31.43
2010-04-19  29.68  30.85  29.66  30.85  5151200  30.85
2010-04-16  30.71  30.98  29.41  30.07  5608800  30.07
2010-04-15  31.14  31.32  30.64  30.98  2853000  30.98
2010-04-14  30.66  31.47  30.6  31.36  3619100  31.36
2010-04-13  30.39  30.56  29.91  30.54  2692600  30.54
2010-04-12  30.53  30.63  30.16  30.49  3139100  30.49
2010-04-09  30.69  30.73  30.02  30.41  2765400  30.41
2010-04-08  29.93  30.77  29.47  30.64  3514300  30.64
2010-04-07  30.74  30.87  29.9  30.12  4767300  30.12
2010-04-06  30.82  31.25  30.76  30.94  3097700  30.94
2010-04-05  30.45  31.01  30.2  31.0  4093400  31.0
2010-04-01  29.84  30.46  29.74  30.25  3555500  30.25
2010-03-31  28.71  29.48  28.67  29.48  3901500  29.48
2010-03-30  29.02  29.13  28.63  28.88  2137900  28.88
2010-03-29  28.88  29.07  28.7  29.02  3721900  29.02
2010-03-26  27.96  29.11  27.96  28.56  4706600  28.56
2010-03-25  28.26  28.74  27.78  27.83  4615300  27.83
2010-03-24  27.57  28.33  27.57  27.93  3061500  27.93
2010-03-23  27.69  27.9  27.28  27.81  2709400  27.81
2010-03-22  27.21  27.73  26.72  27.67  3557600  27.67
2010-03-19  28.16  28.31  27.59  27.61  3821800  27.61
2010-03-18  28.35  28.62  27.92  28.07  4511500  28.07
2010-03-17  27.95  29.52  27.92  28.55  9950800  28.55
2010-03-16  27.17  27.39  26.64  27.34  3756300  27.34
2010-03-15  26.04  27.2  26.04  27.08  5472500  27.08
2010-03-12  26.45  26.64  26.1  26.27  2696000  26.27
2010-03-11  25.98  26.25  25.77  26.24  1861000  26.24
2010-03-10  26.29  26.56  25.97  26.13  3229300  26.13
2010-03-09  25.83  26.31  25.5  26.1  2365800  26.1
2010-03-08  25.99  26.34  25.8  25.87  2779200  25.87
2010-03-05  25.59  26.02  25.47  25.9  3131800  25.9
2010-03-04  25.17  25.62  25.08  25.52  3089800  25.52
2010-03-03  25.1  25.3  24.9  25.22  3396100  25.22
2010-03-02  24.7  25.49  24.67  25.07  5537300  25.07
2010-03-01  24.26  24.67  24.19  24.6  2629700  24.6
2010-02-26  24.22  24.27  23.82  24.18  3086600  24.18
2010-02-25  23.81  24.29  23.53  24.26  5087200  24.26
2010-02-24  23.78  24.35  23.66  24.33  3345300  24.33
2010-02-23  24.59  24.59  23.45  23.67  5113400  23.67
2010-02-22  24.58  24.86  24.44  24.75  3442300  24.75
2010-02-19  24.41  24.68  23.77  24.46  4873700  24.46
2010-02-18  23.88  24.73  23.88  24.69  4458600  24.69
2010-02-17  24.19  24.39  23.92  24.15  3309500  24.15
2010-02-16  23.59  23.96  23.15  23.94  3897000  23.94
2010-02-12  23.49  23.82  23.01  23.72  3857400  23.72
2010-02-11  23.47  23.89  22.76  23.83  3891200  23.83
2010-02-10  23.53  23.89  23.1  23.49  3340200  23.49
2010-02-09  23.52  24.19  22.89  23.52  10533700  23.52
2010-02-08  22.87  23.54  22.44  22.56  5032400  22.56
2010-02-05  22.86  23.31  21.62  22.77  7099800  22.77
2010-02-04  24.18  24.18  22.8  22.82  7142100  22.82
2010-02-03  24.96  25.04  24.21  24.45  4034800  24.45
2010-02-02  24.01  25.25  23.73  25.13  6030600  25.13
2010-02-01  24.01  24.27  23.73  23.94  3440500  23.94
2010-01-29  24.09  24.66  23.46  23.6  4325000  23.6
2010-01-28  24.78  24.78  23.43  23.83  4469500  23.83
2010-01-27  23.49  24.55  23.37  24.47  3778200  24.47
2010-01-26  23.58  24.56  23.48  23.69  4413700  23.69
2010-01-25  24.1  24.63  23.56  23.82  3253800  23.82
2010-01-22  24.95  25.13  23.35  23.49  7236800  23.49
2010-01-21  26.03  26.3  24.8  24.97  5978100  24.97
2010-01-20  26.36  26.36  25.82  25.99  2664100  25.99
2010-01-19  25.78  26.61  25.54  26.59  3802400  26.59
2010-01-15  26.15  26.27  25.63  25.82  3940400  25.82
2010-01-14  26.1  26.47  25.44  26.37  4901700  26.37
2010-01-13  25.83  26.43  25.27  26.22  4143500  26.22
2010-01-12  27.27  27.31  25.61  25.86  5980100  25.86
2010-01-11  26.23  26.43  25.92  26.3  3233100  26.3
2010-01-08  26.09  26.38  25.59  25.95  3479000  25.95
2010-01-07  25.76  26.49  25.42  26.36  5713900  26.36
2010-01-06  25.19  25.85  24.89  25.74  4520000  25.74
2010-01-05  24.76  25.54  24.69  25.36  4839200  25.36
2010-01-04  24.3  24.87  23.93  24.84  3811400  24.84
