Date  Open  High  Low  Close  Volume  Adj Close
2014-02-28  23.34  23.49  23.07  23.35  3101300  23.35
2014-02-27  23.3  23.4  23.08  23.31  2970800  23.31
2014-02-26  23.0  23.5  22.69  23.39  5516600  23.39
2014-02-25  22.29  22.82  22.12  22.7  3966700  22.7
2014-02-24  22.45  22.82  22.26  22.27  2458600  22.27
2014-02-21  22.35  22.57  22.17  22.44  2979100  22.44
2014-02-20  22.07  22.34  21.91  22.3  2570900  22.3
2014-02-19  22.18  22.48  21.96  22.02  3869000  22.02
2014-02-18  22.45  22.65  22.14  22.29  3167300  22.29
2014-02-14  22.15  22.59  22.13  22.46  2730100  22.46
2014-02-13  22.18  22.42  21.91  22.24  3749100  22.24
2014-02-12  22.45  22.55  22.04  22.41  5391600  22.41
2014-02-11  22.42  22.7  22.24  22.45  8418300  22.45
2014-02-10  22.0  22.06  21.28  21.7  8459200  21.7
2014-02-07  21.51  22.04  21.45  22.02  4528600  22.02
2014-02-06  20.84  21.48  20.81  21.41  2504900  21.41
2014-02-05  20.77  20.96  20.6  20.74  3077900  20.74
2014-02-04  20.91  21.04  20.63  20.9  4307200  20.9
2014-02-03  21.14  21.32  20.64  20.76  5363600  20.76
2014-01-31  20.83  21.45  20.77  21.16  4768300  21.16
2014-01-30  21.65  21.75  21.08  21.22  3493800  21.22
2014-01-29  21.52  21.76  21.26  21.42  2940800  21.42
2014-01-28  21.82  22.22  21.68  21.77  3890100  21.77
2014-01-27  21.51  21.87  20.86  21.72  6222600  21.72
2014-01-24  22.1  22.1  21.19  21.45  5175200  21.45
2014-01-23  22.22  22.36  22.0  22.24  2885500  22.24
2014-01-22  22.03  22.42  21.85  22.39  3022100  22.39
2014-01-21  22.14  22.18  21.6  22.02  4923700  22.02
2014-01-17  23.12  23.19  22.0  22.1  11166600  22.1
2014-01-16  23.07  23.19  22.75  23.08  3769100  23.08
2014-01-15  23.19  23.27  22.97  23.17  2174600  23.17
2014-01-14  22.92  23.2  22.74  23.2  3406500  23.2
2014-01-13  23.31  23.35  22.67  22.7  3589900  22.7
2014-01-10  23.23  23.6  23.13  23.46  2644600  23.46
2014-01-09  23.1  23.28  22.8  23.12  2471300  23.12
2014-01-08  22.71  23.2  22.55  23.03  3619500  23.03
2014-01-07  22.84  23.04  22.69  22.78  2902500  22.78
2014-01-06  23.18  23.29  22.62  22.77  3480900  22.77
2014-01-03  22.69  23.12  22.63  23.08  3187800  23.08
2014-01-02  22.66  22.84  22.54  22.62  2330800  22.62
2013-12-31  22.7  22.79  22.52  22.7  2502800  22.7
2013-12-30  22.39  22.83  22.39  22.73  2058800  22.73
2013-12-27  22.57  22.73  22.38  22.4  1979400  22.4
2013-12-26  22.55  22.72  22.51  22.53  1146300  22.53
2013-12-24  22.45  22.8  22.39  22.54  1360200  22.54
2013-12-23  21.79  22.49  21.71  22.42  3579300  22.42
2013-12-20  21.68  21.91  21.53  21.62  5121700  21.62
2013-12-19  21.63  21.67  21.38  21.6  3507600  21.6
2013-12-18  21.33  21.77  21.02  21.72  5136200  21.72
2013-12-17  21.35  21.36  20.94  21.1  2967600  21.1
2013-12-16  21.41  21.53  21.15  21.36  2050000  21.36
2013-12-13  21.43  21.58  20.97  21.21  3273400  21.21
2013-12-12  21.25  21.54  21.19  21.4  3462800  21.4
2013-12-11  21.4  21.47  21.03  21.22  4163200  21.22
2013-12-10  21.45  21.89  21.42  21.44  3480600  21.44
2013-12-09  21.64  21.77  21.3  21.44  4469100  21.44
2013-12-06  21.62  22.07  21.54  21.57  4082700  21.57
2013-12-05  21.43  21.6  21.1  21.25  3815700  21.25
2013-12-04  21.69  21.73  21.18  21.47  4655300  21.47
2013-12-03  21.8  21.85  21.45  21.68  3393800  21.68
2013-12-02  22.31  22.37  21.81  21.85  4578900  21.85
2013-11-29  22.41  22.52  22.23  22.35  2036700  22.35
2013-11-27  22.21  22.48  22.1  22.42  4203200  22.42
2013-11-26  21.67  22.04  21.63  22.0  6625400  22.0
2013-11-25  21.79  21.85  21.42  21.67  2616800  21.67
2013-11-22  21.89  22.01  21.6  21.72  3766300  21.72
2013-11-21  21.55  21.98  21.27  21.97  3757200  21.97
2013-11-20  21.18  21.83  21.17  21.25  7397100  21.25
2013-11-19  20.89  21.38  20.79  20.98  5258400  20.98
2013-11-18  21.19  21.22  20.62  20.75  2582200  20.75
2013-11-15  21.28  21.42  21.08  21.13  2135700  21.13
2013-11-14  20.92  21.39  20.89  21.12  3040500  21.12
2013-11-13  20.2  21.04  20.2  20.92  4835200  20.92
2013-11-12  20.05  20.46  20.0  20.39  4016900  20.39
2013-11-11  20.28  20.29  20.0  20.23  2044700  20.23
2013-11-08  20.21  20.31  19.71  20.28  4174200  20.28
2013-11-07  20.89  21.17  20.26  20.3  3149600  20.3
2013-11-06  20.79  20.85  20.47  20.69  2524400  20.69
2013-11-05  20.88  20.95  20.62  20.71  4060400  20.71
2013-11-04  21.06  21.21  20.88  20.95  3371300  20.95
2013-11-01  21.08  21.24  20.55  20.95  3673700  20.95
2013-10-31  21.47  21.5  21.05  21.06  5179200  21.06
2013-10-30  21.53  21.75  21.16  21.42  4410600  21.42
2013-10-29  21.66  21.86  21.3  21.4  7962100  21.4
2013-10-28  20.9  21.24  20.78  20.85  5548400  20.85
2013-10-25  21.1  21.2  20.71  20.92  3255100  20.92
2013-10-24  20.38  21.15  20.38  20.95  4496600  20.95
2013-10-23  20.36  20.78  20.11  20.21  4275700  20.21
2013-10-22  19.86  20.59  19.73  20.43  6801800  20.43
2013-10-21  19.88  19.96  19.46  19.63  3922200  19.63
2013-10-18  19.86  20.01  19.55  19.91  3636800  19.91
2013-10-17  19.2  19.77  19.05  19.69  4778900  19.69
2013-10-16  19.88  19.9  19.24  19.33  7900900  19.33
2013-10-15  20.15  20.16  19.56  19.76  5378000  19.76
2013-10-14  20.22  20.33  19.77  20.21  2816400  20.21
2013-10-11  20.05  20.52  20.05  20.48  3397800  20.48
2013-10-10  19.73  20.08  19.68  20.07  3713600  20.07
2013-10-09  19.45  19.79  19.22  19.47  5931600  19.47
2013-10-08  19.98  20.2  19.24  19.26  9569100  19.26
2013-10-07  20.55  20.65  20.33  20.33  3080200  20.33
2013-10-04  20.74  20.89  20.53  20.81  2053000  20.81
2013-10-03  21.02  21.25  20.49  20.79  3123200  20.79
2013-10-02  20.95  21.28  20.71  21.07  3583300  21.07
2013-10-01  21.16  21.44  20.96  21.15  4056500  21.15
2013-09-30  20.74  21.25  20.61  21.13  3169600  21.13
2013-09-27  21.06  21.13  20.82  20.97  2822900  20.97
2013-09-26  21.34  21.49  21.06  21.23  3851600  21.23
2013-09-25  21.62  21.65  21.16  21.33  3669000  21.33
2013-09-24  21.43  22.11  21.32  21.66  3835600  21.66
2013-09-23  21.72  21.82  21.23  21.4  3267300  21.4
2013-09-20  22.2  22.28  21.69  21.83  5588600  21.83
2013-09-19  22.42  22.77  22.04  22.07  6627900  22.07
2013-09-18  21.31  22.44  20.86  22.22  6745000  22.22
2013-09-17  21.13  21.43  21.07  21.35  3076500  21.35
2013-09-16  21.05  21.66  21.05  21.15  4640800  21.15
2013-09-13  20.62  20.77  20.42  20.66  2606900  20.66
2013-09-12  20.83  21.02  20.48  20.51  4718400  20.51
2013-09-11  20.55  21.05  20.43  20.84  4200000  20.84
2013-09-10  20.74  20.8  20.33  20.57  5087200  20.57
2013-09-09  19.58  20.35  19.58  20.32  3791600  20.32
2013-09-06  19.36  19.68  19.22  19.49  4224400  19.49
2013-09-05  18.89  19.15  18.66  19.08  3245200  19.08
2013-09-04  18.93  19.01  18.72  18.92  3896100  18.92
2013-09-03  19.01  19.22  18.8  18.94  6502600  18.94
2013-08-30  18.91  19.06  18.7  18.78  3970400  18.78
2013-08-29  18.31  18.94  18.14  18.9  3968600  18.9
2013-08-28  18.55  18.71  18.37  18.38  3291100  18.38
2013-08-27  18.93  18.93  18.48  18.58  3025600  18.58
2013-08-26  19.24  19.41  18.98  19.1  2255400  19.1
2013-08-23  19.36  19.4  18.9  19.21  3592800  19.21
2013-08-22  19.16  19.57  19.07  19.32  3749600  19.32
2013-08-21  18.81  19.45  18.68  19.16  6748200  19.16
2013-08-20  18.73  19.07  18.44  18.92  4542500  18.92
2013-08-19  18.82  18.9  18.45  18.48  3661500  18.48
2013-08-16  18.94  19.38  18.7  18.88  3463200  18.88
2013-08-15  18.65  19.16  18.29  18.94  5952300  18.94
2013-08-14  19.06  19.15  18.82  18.92  3343000  18.92
2013-08-13  19.8  19.81  18.96  19.09  5915800  19.09
2013-08-12  19.57  19.89  19.52  19.75  2337300  19.75
2013-08-09  20.05  20.11  19.56  19.76  3795600  19.76
2013-08-08  20.13  20.36  20.02  20.15  2444000  20.15
2013-08-07  20.43  20.58  19.76  20.03  3820600  20.03
2013-08-06  21.09  21.14  20.44  20.59  2848100  20.59
2013-08-05  21.31  21.37  21.08  21.16  2266700  21.16
2013-08-02  20.79  21.49  20.73  21.4  3774800  21.4
2013-08-01  20.65  21.13  20.6  20.82  5588300  20.82
2013-07-31  20.74  20.91  19.92  20.37  7201900  20.37
2013-07-30  20.49  21.08  20.24  20.65  9297000  20.65
2013-07-29  19.67  19.96  19.56  19.6  8141800  19.6
2013-07-26  19.77  20.01  19.56  19.7  5557500  19.7
2013-07-25  20.24  20.29  19.44  19.87  5903200  19.87
2013-07-24  21.02  21.25  20.24  20.42  4591600  20.42
2013-07-23  20.83  21.05  20.73  20.97  3035700  20.97
2013-07-22  20.7  21.0  20.42  20.76  3014400  20.76
2013-07-19  20.46  20.76  20.28  20.74  2938400  20.74
2013-07-18  20.4  20.66  20.24  20.32  2555900  20.32
2013-07-17  20.5  20.54  19.95  20.4  2280600  20.4
2013-07-16  20.32  20.91  20.1  20.42  4063200  20.42
2013-07-15  20.65  20.9  20.26  20.26  3529500  20.26
2013-07-12  20.56  20.86  20.44  20.6  3428400  20.6
2013-07-11  20.23  21.1  20.2  20.64  7427300  20.64
2013-07-10  19.87  19.94  19.57  19.76  3125000  19.76
2013-07-09  19.4  20.02  19.38  19.86  3442000  19.86
2013-07-08  19.78  19.86  19.14  19.17  3745400  19.17
2013-07-05  20.0  20.01  19.16  19.65  2966800  19.65
2013-07-03  19.51  19.99  19.45  19.82  2180500  19.82
2013-07-02  19.97  20.08  19.58  19.62  3840300  19.62
2013-07-01  19.4  20.02  19.38  19.98  4238300  19.98
2013-06-28  19.68  19.71  19.27  19.28  4611300  19.28
2013-06-27  19.25  19.86  19.02  19.8  5198000  19.8
2013-06-26  19.07  19.4  18.92  19.01  3015800  19.01
2013-06-25  19.02  19.26  18.5  18.85  6074300  18.85
2013-06-24  18.51  19.03  18.24  18.73  6813100  18.73
2013-06-21  19.6  19.6  18.23  18.85  10570000  18.85
2013-06-20  20.38  20.42  19.3  19.41  6253500  19.41
2013-06-19  21.24  21.36  20.66  20.67  3946900  20.67
2013-06-18  20.86  21.37  20.77  21.32  3599300  21.32
2013-06-17  20.76  21.08  20.59  20.82  5078300  20.82
2013-06-14  20.73  21.12  20.42  20.57  4719000  20.57
2013-06-13  19.57  20.74  19.57  20.71  5504700  20.71
2013-06-12  19.55  19.99  19.31  19.66  6903100  19.66
2013-06-11  19.52  19.91  19.29  19.34  4095600  19.34
2013-06-10  20.13  20.27  19.41  19.86  4619900  19.86
2013-06-07  20.04  20.51  19.68  19.99  4307100  19.99
2013-06-06  19.87  19.98  19.28  19.94  5418000  19.94
2013-06-05  19.9  19.97  19.38  19.5  5297400  19.5
2013-06-04  20.56  20.98  19.72  19.8  6640900  19.8
2013-06-03  20.91  20.94  19.93  20.52  7007100  20.52
2013-05-31  21.03  21.41  20.78  20.79  3926900  20.79
2013-05-30  21.13  21.38  20.86  21.11  5282500  21.11
2013-05-29  21.71  21.73  21.07  21.1  4629700  21.1
2013-05-28  22.28  22.41  21.69  21.84  3371900  21.84
2013-05-24  21.71  21.91  21.31  21.9  2640400  21.9
2013-05-23  21.29  22.08  21.03  21.93  5056400  21.93
2013-05-22  21.94  22.39  21.35  21.61  7834600  21.61
2013-05-21  22.14  22.43  21.71  21.81  7254200  21.81
2013-05-20  22.45  22.58  21.9  21.99  4111900  21.99
2013-05-17  22.15  22.56  22.09  22.49  3220200  22.49
2013-05-16  22.23  22.41  21.66  21.97  3924600  21.97
2013-05-15  21.78  22.42  21.72  22.36  5080000  22.36
2013-05-14  21.15  21.99  21.08  21.93  4357200  21.93
2013-05-13  21.36  21.57  21.1  21.2  2544200  21.2
2013-05-10  20.98  21.34  20.79  21.33  3858600  21.33
2013-05-09  21.13  21.53  20.86  20.9  6683400  20.9
2013-05-08  21.36  21.36  21.04  21.17  3767900  21.17
2013-05-07  21.45  21.51  21.0  21.35  5405800  21.35
2013-05-06  21.38  21.52  21.19  21.36  5294600  21.36
2013-05-03  21.04  21.86  21.04  21.37  7421900  21.37
2013-05-02  19.9  20.87  19.9  20.73  6162300  20.73
2013-05-01  19.22  20.07  19.22  19.89  8326000  19.89
2013-04-30  19.93  20.22  18.99  19.23  12613800  19.23
2013-04-29  20.49  20.69  20.19  20.2  7679300  20.2
2013-04-26  20.09  20.47  19.95  20.4  5175500  20.4
2013-04-25  20.19  20.37  20.07  20.13  4193700  20.13
2013-04-24  19.9  20.25  19.74  20.09  4098900  20.09
2013-04-23  19.2  19.82  19.2  19.81  5113700  19.81
2013-04-22  19.11  19.13  18.65  19.0  3001100  19.0
2013-04-19  18.66  19.19  18.59  19.06  3258600  19.06
2013-04-18  18.89  18.92  18.4  18.59  4147800  18.59
2013-04-17  18.89  18.89  18.31  18.79  4942000  18.79
2013-04-16  18.75  19.18  18.6  19.12  5055700  19.12
2013-04-15  19.73  19.75  18.37  18.45  7201400  18.45
2013-04-12  19.88  20.07  19.62  19.89  3230200  19.89
2013-04-11  19.63  20.03  19.59  19.94  4157600  19.94
2013-04-10  19.4  19.64  19.28  19.62  3370100  19.62
2013-04-09  19.45  19.56  19.22  19.38  3810900  19.38
2013-04-08  19.06  19.43  18.91  19.39  4412200  19.39
2013-04-05  18.7  19.14  18.26  19.07  4466900  19.07
2013-04-04  19.02  19.38  18.8  19.02  5569600  19.02
2013-04-03  19.36  19.53  18.75  18.99  4535500  18.99
2013-04-02  19.66  19.79  19.22  19.35  2714000  19.35
2013-04-01  19.97  19.99  19.47  19.6  2668900  19.6
2013-03-28  20.22  20.25  19.83  19.95  3619800  19.95
2013-03-27  20.16  20.24  19.86  20.2  2483100  20.2
2013-03-26  20.33  20.52  20.04  20.34  3701300  20.34
2013-03-25  20.38  20.63  20.06  20.25  3292700  20.25
2013-03-22  20.29  20.39  20.09  20.3  2845000  20.3
2013-03-21  20.48  20.55  19.8  20.24  6763300  20.24
2013-03-20  20.24  20.76  20.24  20.63  4622400  20.63
2013-03-19  20.06  20.32  19.81  20.11  4061100  20.11
2013-03-18  19.42  20.14  19.33  19.92  4653000  19.92
2013-03-15  19.95  20.09  19.64  19.67  5610500  19.67
2013-03-14  19.94  20.25  19.92  19.97  4599100  19.97
2013-03-13  19.32  19.94  19.23  19.9  4992900  19.9
2013-03-12  19.56  19.6  19.1  19.27  3897300  19.27
2013-03-11  19.91  19.96  19.53  19.56  5070700  19.56
2013-03-08  19.87  19.99  19.59  19.65  4083300  19.65
2013-03-07  19.68  19.95  19.45  19.67  4740800  19.67
2013-03-06  19.85  19.94  19.42  19.6  3775700  19.6
2013-03-05  19.38  19.89  19.33  19.73  4858300  19.73
2013-03-04  18.83  19.23  18.77  19.23  3257700  19.23
2013-03-01  18.84  19.09  18.55  18.94  4111700  18.94
2013-02-28  18.92  19.21  18.82  18.98  2949000  18.98
2013-02-27  18.47  19.04  18.46  18.92  4055900  18.92
2013-02-26  17.93  18.54  17.72  18.45  6841100  18.45
2013-02-25  18.76  18.9  17.72  17.75  5849600  17.75
2013-02-22  18.48  18.75  18.47  18.64  3710700  18.64
2013-02-21  18.36  18.49  18.14  18.37  7450500  18.37
2013-02-20  19.59  19.6  18.37  18.46  8109800  18.46
2013-02-19  19.75  19.84  19.46  19.69  6404800  19.69
2013-02-15  19.93  19.96  19.65  19.71  4603100  19.71
2013-02-14  20.16  20.16  19.79  19.82  5631400  19.82
2013-02-13  19.8  20.39  19.78  20.06  8811300  20.06
2013-02-12  19.02  20.14  18.76  19.72  23556500  19.72
2013-02-11  17.53  17.69  17.4  17.53  4466300  17.53
2013-02-08  17.62  17.68  17.4  17.53  2785400  17.53
2013-02-07  17.99  18.0  17.52  17.6  4050500  17.6
2013-02-06  17.97  18.11  17.9  18.01  3336800  18.01
2013-02-05  18.15  18.16  17.93  18.1  2942500  18.1
2013-02-04  18.09  18.28  17.89  18.0  4084800  18.0
2013-02-01  18.36  18.55  18.18  18.28  4424400  18.28
2013-01-31  17.84  18.15  17.65  18.12  4313000  18.12
2013-01-30  18.05  18.36  17.89  17.95  3932000  17.95
2013-01-29  17.85  18.07  17.81  18.01  2818600  18.01
2013-01-28  18.13  18.22  17.74  17.87  4372700  17.87
2013-01-25  17.55  18.14  17.49  18.09  6697400  18.09
2013-01-24  17.35  17.59  17.33  17.47  3458600  17.47
2013-01-23  17.29  17.43  17.17  17.35  3920300  17.35
2013-01-22  17.49  17.58  17.24  17.35  3837600  17.35
2013-01-18  17.46  17.64  17.33  17.52  4485000  17.52
2013-01-17  17.22  17.33  17.15  17.24  4869400  17.24
2013-01-16  17.13  17.25  16.95  17.12  4136300  17.12
2013-01-15  17.17  17.37  17.13  17.21  3618600  17.21
2013-01-14  17.41  17.45  17.17  17.24  2879300  17.24
2013-01-11  17.83  17.87  17.38  17.43  4445400  17.43
2013-01-10  17.32  17.33  17.02  17.21  3197300  17.21
2013-01-09  17.04  17.51  17.03  17.18  2971300  17.18
2013-01-08  16.94  17.13  16.87  16.98  3064500  16.98
2013-01-07  17.05  17.21  16.87  17.0  2945300  17.0
2013-01-04  17.09  17.3  17.04  17.21  3538100  17.21
2013-01-03  16.86  17.24  16.67  17.05  3327500  17.05
2013-01-02  16.79  17.34  16.73  16.82  7094800  16.82
2012-12-31  15.71  16.48  15.55  16.34  4423200  16.34
2012-12-28  15.77  15.96  15.63  15.73  2998100  15.73
2012-12-27  15.95  16.07  15.63  15.98  2314900  15.98
2012-12-26  16.2  16.26  15.91  15.94  2109600  15.94
2012-12-24  15.97  16.25  15.94  16.18  1090300  16.18
2012-12-21  16.1  16.19  15.62  15.96  9366700  15.96
2012-12-20  16.02  16.33  15.83  16.33  3507200  16.33
2012-12-19  16.38  16.4  16.03  16.04  4179300  16.04
2012-12-18  16.13  16.42  16.06  16.38  4136400  16.38
2012-12-17  15.92  16.15  15.85  16.08  3493200  16.08
2012-12-14  15.63  16.04  15.61  15.81  2492700  15.81
2012-12-13  15.9  16.24  15.7  15.85  3000400  15.85
2012-12-12  15.52  16.07  15.45  15.95  4386400  15.95
2012-12-11  15.7  15.77  15.34  15.42  3142200  15.42
2012-12-10  15.67  15.69  15.5  15.57  2737100  15.57
2012-12-07  15.63  15.83  15.52  15.69  2759400  15.69
2012-12-06  15.89  15.95  15.38  15.48  5544800  15.48
2012-12-05  16.35  16.39  15.64  15.9  5407400  15.9
2012-12-04  16.4  16.44  16.01  16.26  4781600  16.26
2012-12-03  16.72  16.81  16.33  16.34  3341200  16.34
2012-11-30  16.8  16.87  16.45  16.64  3942100  16.64
2012-11-29  16.68  16.81  16.31  16.75  4030900  16.75
2012-11-28  16.51  16.65  16.23  16.56  4853300  16.56
2012-11-27  16.49  16.79  16.35  16.65  4737800  16.65
2012-11-26  16.48  16.68  16.43  16.54  6787400  16.54
2012-11-23  16.35  16.59  16.27  16.58  1761200  16.58
2012-11-21  16.0  16.31  15.94  16.27  5773400  16.27
2012-11-20  15.19  16.03  15.19  16.0  6686600  16.0
2012-11-19  14.91  15.33  14.89  15.15  4237800  15.15
2012-11-16  14.21  14.74  14.14  14.64  5356400  14.64
2012-11-15  14.59  14.87  14.09  14.14  4674200  14.14
2012-11-14  15.27  15.43  14.53  14.61  4462900  14.61
2012-11-13  14.64  15.45  14.64  15.18  4524500  15.18
2012-11-12  15.08  15.21  14.81  14.82  2164700  14.82
2012-11-09  15.34  15.48  14.9  15.0  5079700  15.0
2012-11-08  15.97  16.01  15.3  15.39  3967200  15.39
2012-11-07  15.83  16.12  15.48  15.98  6392100  15.98
2012-11-06  15.9  16.19  15.88  16.03  5280400  16.03
2012-11-05  14.45  15.86  14.21  15.85  3721800  15.85
2012-11-02  15.97  16.09  15.57  15.59  4249300  15.59
2012-11-01  14.86  15.88  14.81  15.82  8358600  15.82
2012-10-31  14.49  15.05  14.49  14.8  6587100  14.8
2012-10-26  14.53  14.57  14.06  14.32  5255000  14.32
2012-10-25  15.5  15.62  14.56  14.63  6062600  14.63
2012-10-24  14.96  15.26  14.76  15.23  7554800  15.23
2012-10-23  14.21  14.82  14.05  14.76  6129800  14.76
2012-10-22  14.73  14.83  14.38  14.53  3367300  14.53
2012-10-19  15.03  15.06  14.66  14.75  4265200  14.75
2012-10-18  14.68  15.04  14.52  14.87  6004300  14.87
2012-10-17  14.71  15.27  14.62  14.69  6784000  14.69
2012-10-16  14.66  14.78  14.36  14.49  4719000  14.49
2012-10-15  14.05  14.54  13.94  14.5  4545600  14.5
2012-10-12  14.09  14.17  13.79  14.03  3232400  14.03
2012-10-11  14.23  14.38  13.97  14.03  4871800  14.03
2012-10-10  14.25  14.6  14.0  14.05  8286700  14.05
2012-10-09  15.11  15.11  14.15  14.32  10585000  14.32
2012-10-08  15.49  15.53  15.05  15.2  3892300  15.2
2012-10-05  15.84  15.94  15.52  15.59  2908800  15.59
2012-10-04  15.64  15.82  15.47  15.62  3358900  15.62
2012-10-03  15.15  15.6  15.03  15.53  5092700  15.53
2012-10-02  15.04  15.23  14.83  15.0  4348800  15.0
2012-10-01  14.8  15.09  14.66  14.97  7668100  14.97
2012-09-28  14.87  14.98  14.6  14.69  4792200  14.69
2012-09-27  14.7  15.05  14.46  14.94  6175400  14.94
2012-09-26  15.18  15.24  14.55  14.62  7989400  14.62
2012-09-25  15.66  15.72  15.14  15.17  5382400  15.17
2012-09-24  15.98  15.98  15.43  15.56  8600200  15.56
2012-09-21  15.95  16.08  15.6  15.86  10144600  15.86
2012-09-20  15.39  15.81  15.29  15.69  6457600  15.69
2012-09-19  15.26  15.69  15.25  15.52  9635300  15.52
2012-09-18  15.11  15.39  15.06  15.25  4950500  15.25
2012-09-17  15.42  15.42  14.99  15.15  4452300  15.15
2012-09-14  15.01  15.82  14.99  15.42  7603100  15.42
2012-09-13  14.36  15.22  14.1  14.96  7431000  14.96
2012-09-12  14.08  14.46  14.05  14.4  4816900  14.4
2012-09-11  13.88  14.11  13.85  14.06  5048200  14.06
2012-09-10  13.78  14.04  13.73  13.84  5101300  13.84
2012-09-07  13.5  13.85  13.43  13.81  3681400  13.81
2012-09-06  13.24  13.52  13.23  13.47  3912800  13.47
2012-09-05  13.76  13.76  13.1  13.14  6969600  13.14
2012-09-04  13.83  13.94  13.57  13.71  4422600  13.71
2012-08-31  13.59  13.89  13.44  13.82  3035400  13.82
2012-08-30  13.42  13.53  13.37  13.43  2450300  13.43
2012-08-29  13.51  13.66  13.45  13.55  2978700  13.55
2012-08-28  13.49  13.68  13.43  13.51  2383500  13.51
2012-08-27  13.82  13.87  13.52  13.52  3958100  13.52
2012-08-24  13.52  13.87  13.35  13.79  5414900  13.79
2012-08-23  13.49  13.79  13.45  13.59  4863800  13.59
2012-08-22  13.2  13.67  13.2  13.54  5216600  13.54
2012-08-21  13.4  13.62  13.2  13.32  5280200  13.32
2012-08-20  13.53  13.59  13.25  13.33  5259200  13.33
2012-08-17  13.66  13.71  13.37  13.56  6008300  13.56
2012-08-16  12.86  13.58  12.71  13.45  7431700  13.45
2012-08-15  12.66  12.92  12.5  12.87  5343800  12.87
2012-08-14  12.65  12.95  12.57  12.67  5873200  12.67
2012-08-13  12.65  12.74  12.38  12.52  3807400  12.52
2012-08-10  12.72  12.81  12.58  12.66  3050200  12.66
2012-08-09  12.76  12.88  12.62  12.78  4393400  12.78
2012-08-08  12.52  12.81  12.43  12.77  4021300  12.77
2012-08-07  12.37  12.68  12.26  12.57  4507400  12.57
2012-08-06  12.48  12.48  12.18  12.27  5125400  12.27
2012-08-03  12.06  12.56  12.01  12.4  7944400  12.4
2012-08-02  11.43  11.8  11.25  11.71  6384400  11.71
2012-08-01  11.75  11.85  11.29  11.65  9015200  11.65
2012-07-31  12.03  12.38  11.67  11.74  21029000  11.74
2012-07-30  12.96  13.06  12.73  12.8  7469200  12.8
2012-07-27  12.85  13.18  12.51  12.98  6181200  12.98
2012-07-26  12.92  13.15  12.59  12.75  8866300  12.75
2012-07-25  13.42  13.43  12.59  12.61  9647300  12.61
2012-07-24  13.6  13.66  13.16  13.32  6101500  13.32
2012-07-23  13.48  13.71  13.28  13.6  4403300  13.6
2012-07-20  13.86  14.15  13.79  13.81  5369100  13.81
2012-07-19  13.93  14.08  13.54  14.02  6599400  14.02
2012-07-18  13.33  14.12  13.32  13.89  7165400  13.89
2012-07-17  13.51  13.53  13.01  13.36  6324500  13.36
2012-07-16  13.61  13.75  13.31  13.45  5058600  13.45
2012-07-13  13.41  13.72  13.34  13.71  5062800  13.71
2012-07-12  13.02  13.48  12.82  13.38  4685500  13.38
2012-07-11  13.32  13.32  13.01  13.12  5180000  13.12
2012-07-10  13.88  13.88  13.13  13.28  5452000  13.28
2012-07-09  13.73  13.83  13.55  13.77  6871000  13.77
2012-07-06  13.55  13.83  13.47  13.82  4783700  13.82
2012-07-05  13.59  13.9  13.53  13.84  4190500  13.84
2012-07-03  13.67  13.71  13.54  13.63  2807600  13.63
2012-07-02  13.47  13.84  13.28  13.76  5912100  13.76
2012-06-29  13.46  13.61  13.31  13.46  6024200  13.46
2012-06-28  12.61  13.13  12.58  13.09  5113200  13.09
2012-06-27  12.45  12.95  12.42  12.86  7314600  12.86
2012-06-26  11.96  12.43  11.75  12.33  7404600  12.33
2012-06-25  12.15  12.18  11.75  11.9  7235500  11.9
2012-06-22  12.86  12.94  12.28  12.39  8555600  12.39
2012-06-21  13.49  13.49  12.65  12.71  8757700  12.71
2012-06-20  13.55  13.71  13.28  13.58  6838100  13.58
2012-06-19  13.57  13.73  13.48  13.54  5377300  13.54
2012-06-18  13.18  13.52  13.02  13.43  6302700  13.43
2012-06-15  12.99  13.29  12.91  13.2  9186600  13.2
2012-06-14  12.6  13.0  12.47  12.91  5168300  12.91
2012-06-13  12.86  13.09  12.49  12.55  9273100  12.55
2012-06-12  12.52  13.02  12.41  12.95  5789600  12.95
2012-06-11  13.28  13.33  12.45  12.46  4563800  12.46
2012-06-08  12.57  13.14  12.41  13.11  6173800  13.11
2012-06-07  12.6  13.05  12.5  12.61  6634000  12.61
2012-06-06  11.93  12.51  11.89  12.5  7022600  12.5
2012-06-05  11.29  11.83  11.28  11.8  8659500  11.8
2012-06-04  11.73  11.83  11.22  11.39  8768600  11.39
2012-06-01  11.97  12.0  11.61  11.69  12742200  11.69
2012-05-31  12.12  12.48  11.8  12.3  7806200  12.3
2012-05-30  12.44  12.44  11.89  12.0  6666200  12.0
2012-05-29  12.41  12.66  12.29  12.62  5271600  12.62
2012-05-25  12.33  12.37  12.13  12.23  4895300  12.23
2012-05-24  12.38  12.59  12.08  12.32  5589200  12.32
2012-05-23  12.0  12.4  11.94  12.39  9635800  12.39
2012-05-22  11.9  12.29  11.78  12.18  9954400  12.18
2012-05-21  11.59  11.97  11.37  11.9  6801000  11.9
2012-05-18  11.83  11.89  11.35  11.5  13597100  11.5
2012-05-17  12.85  12.89  11.79  11.8  11861800  11.8
2012-05-16  12.98  13.23  12.74  12.78  9547700  12.78
2012-05-15  13.02  13.13  12.8  12.82  12660000  12.82
2012-05-14  13.35  13.49  13.03  13.11  6063700  13.11
2012-05-11  13.39  13.74  13.31  13.56  5928000  13.56
2012-05-10  13.77  13.91  13.46  13.52  5834700  13.52
2012-05-09  13.67  13.78  13.32  13.6  10531800  13.6
2012-05-08  13.96  14.05  13.53  13.9  8694300  13.9
2012-05-07  13.88  14.25  13.86  14.12  4770800  14.12
2012-05-04  13.88  14.06  13.69  13.98  6651200  13.98
2012-05-03  14.14  14.22  13.9  14.0  6642100  14.0
2012-05-02  13.49  14.21  13.49  14.12  11944900  14.12
2012-05-01  13.52  13.9  13.18  13.52  15450200  13.52
2012-04-30  12.94  12.94  12.71  12.79  8084400  12.79
2012-04-27  12.62  13.11  12.55  13.05  7826400  13.05
2012-04-26  12.27  12.59  12.21  12.52  5551400  12.52
2012-04-25  12.09  12.44  11.95  12.27  4570500  12.27
2012-04-24  11.59  11.9  11.45  11.88  4768400  11.88
2012-04-23  11.43  11.62  11.37  11.53  5165600  11.53
2012-04-20  11.68  11.78  11.56  11.65  4625300  11.65
2012-04-19  11.62  11.8  11.32  11.62  8249500  11.62
2012-04-18  11.97  11.99  11.56  11.64  6097600  11.64
2012-04-17  12.0  12.29  11.88  12.13  4372700  12.13
2012-04-16  11.91  12.07  11.62  11.84  4740000  11.84
2012-04-13  12.09  12.11  11.67  11.79  5251200  11.79
2012-04-12  11.86  12.37  11.84  12.2  5604300  12.2
2012-04-11  11.94  12.07  11.8  11.84  5602900  11.84
2012-04-10  11.86  11.9  11.64  11.7  13195800  11.7
2012-04-09  12.18  12.21  11.79  11.91  9040500  11.91
2012-04-05  12.35  12.55  12.28  12.4  5170700  12.4
2012-04-04  12.54  12.54  12.18  12.42  12047600  12.42
2012-04-03  12.79  12.85  12.5  12.63  7656100  12.63
2012-04-02  12.84  13.03  12.55  12.76  8119200  12.76
2012-03-30  13.38  13.41  12.87  12.9  5938700  12.9
2012-03-29  13.08  13.2  12.64  13.17  6364300  13.17
2012-03-28  13.29  13.38  13.01  13.2  4657400  13.2
2012-03-27  13.36  13.91  13.29  13.33  6835800  13.33
2012-03-26  13.31  13.51  13.04  13.3  3738100  13.3
2012-03-23  13.01  13.23  12.62  13.11  6982900  13.11
2012-03-22  13.41  13.53  13.03  13.26  4848200  13.26
2012-03-21  13.24  13.85  13.24  13.61  10296400  13.61
2012-03-20  13.02  13.22  12.74  13.14  6522200  13.14
2012-03-19  12.94  13.36  12.93  13.22  8028400  13.22
2012-03-16  13.24  13.3  12.88  12.91  8138700  12.91
2012-03-15  12.47  13.31  12.36  13.12  11838900  13.12
2012-03-14  12.42  12.52  12.29  12.47  7613400  12.47
2012-03-13  11.76  12.48  11.73  12.45  10749400  12.45
2012-03-12  11.69  11.77  11.52  11.63  4335500  11.63
2012-03-09  11.59  11.96  11.55  11.69  6127300  11.69
2012-03-08  11.18  11.6  11.18  11.56  8439800  11.56
2012-03-07  10.75  11.22  10.75  11.17  6797700  11.17
2012-03-06  11.09  11.12  10.63  10.68  7398200  10.68
2012-03-05  11.15  11.37  11.0  11.33  4879000  11.33
2012-03-02  11.36  11.56  11.12  11.16  4152700  11.16
2012-03-01  11.55  11.68  11.36  11.46  3549900  11.46
2012-02-29  11.56  11.71  11.4  11.47  6850800  11.47
2012-02-28  11.34  11.7  11.21  11.56  8379000  11.56
2012-02-27  11.02  11.53  10.99  11.34  5916500  11.34
2012-02-24  11.52  11.52  11.13  11.17  5311500  11.17
2012-02-23  11.41  11.6  11.32  11.52  4720800  11.52
2012-02-22  11.3  11.51  11.27  11.46  7938800  11.46
2012-02-21  11.74  11.82  11.29  11.36  9984100  11.36
2012-02-17  11.87  11.89  11.46  11.68  7725400  11.68
2012-02-16  10.85  11.67  10.79  11.62  10334800  11.62
2012-02-15  11.23  11.42  10.84  11.26  9970400  11.26
2012-02-14  11.56  11.83  10.99  11.23  22920000  11.23
2012-02-13  12.41  12.83  12.37  12.77  12640500  12.77
2012-02-10  12.38  12.52  12.2  12.28  5174400  12.28
2012-02-09  12.41  12.69  12.35  12.56  7026000  12.56
2012-02-08  12.37  12.43  12.21  12.37  2771100  12.37
2012-02-07  12.4  12.44  12.16  12.35  3167600  12.35
2012-02-06  12.36  12.51  12.25  12.45  2799600  12.45
2012-02-03  12.25  12.5  12.25  12.47  4615700  12.47
2012-02-02  12.09  12.21  11.94  12.01  5378000  12.01
2012-02-01  11.81  12.11  11.74  12.02  5805200  12.02
2012-01-31  11.92  11.94  11.51  11.65  3783100  11.65
2012-01-30  11.71  11.93  11.45  11.82  4103400  11.82
2012-01-27  11.75  11.95  11.71  11.9  5004600  11.9
2012-01-26  12.24  12.58  11.77  11.82  7528600  11.82
2012-01-25  11.74  12.21  11.54  12.16  6641700  12.16
2012-01-24  11.57  11.86  11.5  11.79  4371100  11.79
2012-01-23  12.02  12.31  11.7  11.7  6755500  11.7
2012-01-20  12.4  12.41  11.77  11.98  8825000  11.98
2012-01-19  12.25  12.52  12.01  12.4  8376700  12.4
2012-01-18  11.64  12.24  11.56  12.22  8884800  12.22
2012-01-17  11.8  11.86  11.54  11.68  5304700  11.68
2012-01-13  11.4  11.69  11.34  11.67  7382100  11.67
2012-01-12  11.65  11.74  11.4  11.52  6889800  11.52
2012-01-11  11.3  11.86  11.17  11.57  12534300  11.57
2012-01-10  11.19  11.39  11.02  11.06  6452100  11.06
2012-01-09  11.0  11.15  10.92  11.0  5089700  11.0
2012-01-06  11.14  11.21  10.92  11.0  5792500  11.0
2012-01-05  10.73  11.39  10.69  11.14  8578400  11.14
2012-01-04  10.5  10.9  10.48  10.8  8247200  10.8
2012-01-03  10.36  10.7  10.31  10.53  5875100  10.53
2011-12-30  10.22  10.24  10.03  10.05  3110300  10.05
2011-12-29  9.5  10.27  9.46  10.26  4674900  10.26
2011-12-28  9.79  9.81  9.37  9.46  2359500  9.46
2011-12-27  9.78  9.84  9.68  9.77  1438600  9.77
2011-12-23  9.87  9.91  9.73  9.78  2645700  9.78
2011-12-22  9.69  9.91  9.62  9.81  3341700  9.81
2011-12-21  9.38  9.67  9.24  9.61  3682500  9.61
2011-12-20  8.85  9.44  8.84  9.41  4421100  9.41
2011-12-19  8.82  8.98  8.6  8.65  5493700  8.65
2011-12-16  8.43  8.79  8.4  8.78  8251300  8.78
2011-12-15  8.35  8.53  8.23  8.34  3312700  8.34
2011-12-14  8.53  8.53  8.21  8.28  4447000  8.28
2011-12-13  9.03  9.19  8.53  8.62  5250100  8.62
2011-12-12  8.89  8.89  8.6  8.78  3685800  8.78
2011-12-09  8.68  9.03  8.67  9.0  2667900  9.0
2011-12-08  9.0  9.02  8.66  8.67  4236200  8.67
2011-12-07  8.95  9.18  8.88  9.06  6017500  9.06
2011-12-06  9.05  9.21  8.9  9.06  4842600  9.06
2011-12-05  9.12  9.18  8.95  9.02  6138100  9.02
2011-12-02  9.14  9.15  8.89  8.93  6026000  8.93
2011-12-01  9.13  9.24  8.98  9.04  4199200  9.04
2011-11-30  9.0  9.2  8.84  9.18  5199900  9.18
2011-11-29  8.6  8.74  8.51  8.63  4139000  8.63
2011-11-28  8.4  8.62  8.4  8.56  4370500  8.56
2011-11-25  8.02  8.24  8.01  8.07  1033700  8.07
2011-11-23  8.31  8.36  7.98  8.07  3274600  8.07
2011-11-22  8.41  8.49  8.17  8.4  4389900  8.4
2011-11-21  8.47  8.51  8.27  8.39  5681800  8.39
2011-11-18  8.88  8.93  8.63  8.64  5859400  8.64
2011-11-17  9.16  9.23  8.7  8.78  6231100  8.78
2011-11-16  9.11  9.49  9.04  9.2  5637200  9.2
2011-11-15  8.97  9.33  8.94  9.29  6364200  9.29
2011-11-14  9.09  9.19  8.88  9.0  9336500  9.0
2011-11-11  8.94  9.42  8.88  9.15  3973900  9.15
2011-11-10  8.76  8.86  8.65  8.75  4618500  8.75
2011-11-09  8.99  8.99  8.53  8.57  5160100  8.57
2011-11-08  9.06  9.37  8.93  9.31  3644800  9.31
2011-11-07  8.89  9.07  8.71  9.01  2948500  9.01
2011-11-04  8.91  9.06  8.73  9.0  3249100  9.0
2011-11-03  8.83  9.11  8.64  9.06  4566800  9.06
2011-11-02  8.77  8.91  8.57  8.71  5572700  8.71
2011-11-01  8.92  8.92  8.46  8.58  6317300  8.58
2011-10-31  9.33  9.55  9.18  9.2  5355400  9.2
2011-10-28  9.76  9.84  9.36  9.47  5355900  9.47
2011-10-27  9.64  10.03  9.46  9.81  9455000  9.81
2011-10-26  9.27  9.49  9.07  9.25  9007400  9.25
2011-10-25  8.76  9.49  8.68  9.11  12003100  9.11
2011-10-24  8.64  9.03  8.53  8.95  6423000  8.95
2011-10-21  8.44  8.65  8.32  8.63  4658100  8.63
2011-10-20  8.3  8.35  8.08  8.29  4779000  8.29
2011-10-19  8.39  8.43  8.21  8.28  5488900  8.28
2011-10-18  7.95  8.52  7.86  8.4  8546000  8.4
2011-10-17  8.13  8.13  7.91  7.95  7581200  7.95
2011-10-14  7.81  8.12  7.79  8.12  5722500  8.12
2011-10-13  7.63  7.75  7.49  7.68  4244200  7.68
2011-10-12  7.58  7.87  7.53  7.69  3975500  7.69
2011-10-11  7.5  7.64  7.44  7.52  4306000  7.52
2011-10-10  7.34  7.61  7.29  7.6  3334300  7.6
2011-10-07  7.57  7.58  7.06  7.18  5028800  7.18
2011-10-06  7.39  7.51  7.27  7.5  4429200  7.5
2011-10-05  6.96  7.45  6.8  7.42  6075100  7.42
2011-10-04  6.45  6.99  6.26  6.95  8800000  6.95
2011-10-03  6.68  6.89  6.56  6.56  7393700  6.56
2011-09-30  7.04  7.06  6.72  6.76  6201700  6.76
2011-09-29  7.2  7.25  6.91  7.14  10827400  7.14
2011-09-28  7.09  7.17  6.89  7.0  7649200  7.0
2011-09-27  7.1  7.45  6.92  7.0  6114100  7.0
2011-09-26  6.83  6.89  6.59  6.89  4791500  6.89
2011-09-23  6.59  6.93  6.55  6.77  5862600  6.77
2011-09-22  6.57  6.66  6.43  6.6  8806500  6.6
2011-09-21  7.19  7.21  6.81  6.82  5804900  6.82
2011-09-20  7.4  7.45  7.21  7.22  4585200  7.22
2011-09-19  7.37  7.41  7.2  7.33  3687600  7.33
2011-09-16  7.61  7.73  7.46  7.56  3784700  7.56
2011-09-15  7.66  7.75  7.5  7.58  4261000  7.58
2011-09-14  7.36  7.63  7.19  7.54  5653300  7.54
2011-09-13  7.23  7.38  7.09  7.3  3660200  7.3
2011-09-12  7.27  7.36  6.95  7.18  5323100  7.18
2011-09-09  7.47  7.57  7.26  7.4  5225600  7.4
2011-09-08  7.7  7.79  7.48  7.57  5998200  7.57
2011-09-07  7.61  7.88  7.5  7.83  4968800  7.83
2011-09-06  7.24  7.47  7.09  7.45  7100600  7.45
2011-09-02  7.68  7.83  7.56  7.57  4344200  7.57
2011-09-01  8.4  8.53  7.89  7.9  5712700  7.9
2011-08-31  8.45  8.74  8.33  8.42  5331800  8.42
2011-08-30  8.39  8.51  8.15  8.43  4694500  8.43
2011-08-29  7.8  8.4  7.76  8.4  5000800  8.4
2011-08-26  7.42  7.79  7.34  7.64  7784000  7.64
2011-08-25  7.63  7.73  7.39  7.48  4152600  7.48
2011-08-24  7.31  7.64  7.25  7.58  7347800  7.58
2011-08-23  7.09  7.37  6.98  7.36  5302700  7.36
2011-08-22  7.36  7.41  6.85  7.08  10675400  7.08
2011-08-19  7.26  7.56  7.16  7.17  4244100  7.17
2011-08-18  7.99  8.0  7.4  7.47  4354700  7.47
2011-08-17  8.39  8.45  8.16  8.25  5474800  8.25
2011-08-16  8.28  8.39  8.21  8.35  6342000  8.35
2011-08-15  8.21  8.38  8.07  8.38  4414000  8.38
2011-08-12  7.95  8.22  7.89  8.12  4696500  8.12
2011-08-11  7.74  8.08  7.62  7.94  8682000  7.94
2011-08-10  7.74  7.92  7.46  7.69  12512300  7.69
2011-08-09  7.99  8.01  7.33  7.91  10617000  7.91
2011-08-08  8.5  8.61  7.76  7.82  12035700  7.82
2011-08-05  8.91  9.03  8.47  8.71  11538600  8.71
2011-08-04  9.44  9.44  8.73  8.76  10605600  8.76
2011-08-03  9.57  9.69  9.27  9.61  9935700  9.61
2011-08-02  9.89  10.0  9.52  9.54  5502700  9.54
2011-08-01  10.15  10.15  9.81  10.01  8150100  10.01
2011-07-29  9.95  10.25  9.85  10.01  12080900  10.01
2011-07-28  10.33  10.41  10.04  10.05  7359600  10.05
2011-07-27  10.49  10.5  10.29  10.36  6818800  10.36
2011-07-26  10.56  10.99  10.23  10.54  11139300  10.54
2011-07-25  10.67  11.11  10.64  10.88  6210400  10.88
2011-07-22  10.95  11.02  10.73  10.84  3745700  10.84
2011-07-21  10.98  11.13  10.92  10.97  4817000  10.97
2011-07-20  11.01  11.02  10.74  10.9  4518100  10.9
2011-07-19  10.85  11.05  10.84  10.96  5026400  10.96
2011-07-18  10.69  10.8  10.57  10.74  5664800  10.74
2011-07-15  10.76  10.82  10.66  10.79  4284300  10.79
2011-07-14  11.02  11.03  10.66  10.74  9646200  10.74
2011-07-13  11.05  11.22  10.96  10.99  3376800  10.99
2011-07-12  11.13  11.19  10.98  11.02  7523900  11.02
2011-07-11  11.18  11.18  10.86  11.13  6628400  11.13
2011-07-08  11.32  11.33  11.14  11.31  5084500  11.31
2011-07-07  11.59  11.62  11.39  11.42  7287000  11.42
2011-07-06  11.55  11.6  11.34  11.46  4337800  11.46
2011-07-05  11.7  11.72  11.45  11.57  3813400  11.57
2011-07-01  11.4  11.79  11.39  11.75  6067500  11.75
2011-06-30  11.47  11.67  11.3  11.34  4970600  11.34
2011-06-29  11.5  11.57  11.34  11.42  3465100  11.42
2011-06-28  11.44  11.48  11.31  11.46  4198000  11.46
2011-06-27  11.35  11.45  11.24  11.39  4892700  11.39
2011-06-24  11.64  11.71  11.31  11.33  7365800  11.33
2011-06-23  11.41  11.66  11.33  11.66  6819800  11.66
2011-06-22  11.67  11.84  11.53  11.59  4590300  11.59
2011-06-21  11.59  11.75  11.48  11.72  3746900  11.72
2011-06-20  11.38  11.56  11.24  11.5  4404200  11.5
2011-06-17  11.43  11.47  11.28  11.44  6814600  11.44
2011-06-16  11.19  11.45  11.12  11.29  5466000  11.29
2011-06-15  11.36  11.38  11.09  11.16  5046500  11.16
2011-06-14  11.52  11.69  11.46  11.51  9326900  11.51
2011-06-13  11.16  11.33  11.11  11.16  5731000  11.16
2011-06-10  11.4  11.52  11.06  11.14  8251100  11.14
2011-06-09  11.71  11.71  11.46  11.53  7053900  11.53
2011-06-08  11.81  11.81  11.43  11.65  12172300  11.65
2011-06-07  12.21  12.26  11.79  11.8  9043700  11.8
2011-06-06  12.49  12.58  12.12  12.16  5712600  12.16
2011-06-03  12.87  12.95  12.52  12.54  6665700  12.54
2011-06-02  13.11  13.24  13.06  13.1  5887700  13.1
2011-06-01  13.42  13.47  13.03  13.11  7843300  13.11
2011-05-31  13.59  13.61  13.41  13.44  5270500  13.44
2011-05-27  13.49  13.57  13.43  13.48  5055100  13.48
2011-05-26  13.39  13.49  13.32  13.43  5923700  13.43
2011-05-25  13.41  13.49  13.22  13.41  3826400  13.41
2011-05-24  13.41  13.57  13.2  13.31  11657500  13.31
2011-05-23  13.21  13.48  13.05  13.39  8110900  13.39
2011-05-20  13.02  13.48  12.97  13.44  10580800  13.44
2011-05-19  12.73  13.04  12.69  13.02  5447000  13.02
2011-05-18  12.36  12.75  12.34  12.65  4058800  12.65
2011-05-17  12.22  12.43  12.14  12.33  5152200  12.33
2011-05-16  12.43  12.51  12.22  12.27  4373600  12.27
2011-05-13  12.76  12.76  12.43  12.47  5519600  12.47
2011-05-12  12.57  12.73  12.41  12.73  4500000  12.73
2011-05-11  12.76  12.81  12.44  12.61  4450700  12.61
2011-05-10  12.61  12.84  12.57  12.77  2160400  12.77
2011-05-09  12.59  12.65  12.46  12.54  1728700  12.54
2011-05-06  12.63  12.74  12.4  12.6  5007400  12.6
2011-05-05  12.47  12.74  12.36  12.44  5337000  12.44
2011-05-04  12.55  12.61  12.4  12.56  3623400  12.56
2011-05-03  12.69  12.74  12.48  12.55  5089100  12.55
2011-05-02  12.71  12.83  12.62  12.74  3831600  12.74
2011-04-29  12.77  12.96  12.66  12.66  3512100  12.66
2011-04-28  12.49  12.85  12.46  12.83  5002600  12.83
2011-04-27  12.28  12.69  12.23  12.49  6047600  12.49
2011-04-26  12.26  12.7  12.24  12.27  11800000  12.27
2011-04-25  12.51  12.71  12.47  12.62  4243600  12.62
2011-04-21  12.85  12.85  12.58  12.64  3608200  12.64
2011-04-20  12.96  12.99  12.71  12.73  3556800  12.73
2011-04-19  12.52  12.75  12.49  12.7  3269900  12.7
2011-04-18  12.18  12.53  12.08  12.47  4509100  12.47
2011-04-15  12.7  12.75  12.43  12.43  4714500  12.43
2011-04-14  12.58  12.7  12.47  12.66  3625700  12.66
2011-04-13  12.61  12.68  12.45  12.66  3215600  12.66
2011-04-12  12.59  12.73  12.51  12.52  3504600  12.52
2011-04-11  12.67  12.88  12.66  12.74  3569300  12.74
2011-04-08  13.2  13.27  12.57  12.65  7113700  12.65
2011-04-07  13.23  13.47  13.12  13.14  3751400  13.14
2011-04-06  13.35  13.4  13.06  13.29  2096300  13.29
2011-04-05  13.07  13.36  13.0  13.28  4243100  13.28
2011-04-04  13.26  13.3  13.07  13.15  3236000  13.15
2011-04-01  13.14  13.4  13.06  13.24  4363400  13.24
2011-03-31  13.16  13.22  13.04  13.06  3828400  13.06
2011-03-30  13.07  13.2  13.02  13.19  3838600  13.19
2011-03-29  13.0  13.12  12.79  12.95  8259300  12.95
2011-03-28  13.29  13.42  13.01  13.05  6185300  13.05
2011-03-25  13.31  13.36  13.21  13.29  3322300  13.29
2011-03-24  13.36  13.43  13.05  13.27  4565700  13.27
2011-03-23  13.03  13.28  12.93  13.25  4516100  13.25
2011-03-22  13.39  13.45  13.05  13.09  5534500  13.09
2011-03-21  13.29  13.41  13.2  13.39  5409700  13.39
2011-03-18  13.02  13.14  12.86  13.09  5464200  13.09
2011-03-17  13.13  13.19  12.64  12.77  5939500  12.77
2011-03-16  12.78  12.99  12.62  12.81  11018400  12.81
2011-03-15  12.16  12.94  12.12  12.84  5897600  12.84
2011-03-14  12.88  12.91  12.59  12.79  4665300  12.79
2011-03-11  12.75  13.05  12.7  13.01  3358000  13.01
2011-03-10  12.91  13.01  12.66  12.76  5125300  12.76
2011-03-09  12.92  13.15  12.76  13.14  4922400  13.14
2011-03-08  12.59  13.01  12.55  12.95  6298500  12.95
2011-03-07  12.55  12.78  12.46  12.58  5133600  12.58
2011-03-04  12.44  12.65  12.27  12.49  6065200  12.49
2011-03-03  12.54  12.61  12.36  12.46  5362400  12.46
2011-03-02  12.26  12.53  12.22  12.36  4465000  12.36
2011-03-01  12.78  12.9  12.22  12.27  7756600  12.27
2011-02-28  12.48  12.76  12.39  12.75  6481800  12.75
2011-02-25  12.05  12.4  11.94  12.37  4048900  12.37
2011-02-24  11.87  12.02  11.64  11.95  4853400  11.95
2011-02-23  12.29  12.33  11.71  11.93  6372200  11.93
2011-02-22  12.18  12.37  12.14  12.25  8054300  12.25
2011-02-18  12.48  12.53  12.26  12.48  5806300  12.48
2011-02-17  11.94  12.45  11.94  12.38  5266800  12.38
2011-02-16  12.2  12.39  11.67  12.03  11690800  12.03
2011-02-15  12.51  12.9  11.89  12.08  18476600  12.08
2011-02-14  13.32  13.45  13.19  13.31  4551100  13.31
2011-02-11  13.52  13.58  13.03  13.29  8600700  13.29
2011-02-10  13.74  13.78  13.44  13.63  4738700  13.63
2011-02-09  13.74  14.09  13.69  13.85  5200800  13.85
2011-02-08  13.5  13.95  13.43  13.85  5558600  13.85
2011-02-07  13.25  13.67  13.14  13.48  5160800  13.48
2011-02-04  12.91  13.19  12.83  13.15  3558600  13.15
2011-02-03  12.77  12.89  12.62  12.89  2628000  12.89
2011-02-02  13.0  13.04  12.77  12.81  2202600  12.81
2011-02-01  12.84  13.35  12.78  13.07  6083900  13.07
2011-01-31  12.5  12.74  12.48  12.49  3072700  12.49
2011-01-28  13.07  13.09  12.45  12.47  3688600  12.47
2011-01-27  12.73  13.11  12.68  13.09  4757600  13.09
2011-01-26  12.63  12.87  12.48  12.77  4856500  12.77
2011-01-25  12.48  12.64  12.32  12.55  3483700  12.55
2011-01-24  12.43  12.62  12.37  12.53  2941500  12.53
2011-01-21  12.59  12.69  12.41  12.46  2336900  12.46
2011-01-20  12.35  12.73  12.21  12.51  5279600  12.51
2011-01-19  12.78  12.92  12.34  12.39  5004300  12.39
2011-01-18  13.11  13.21  12.5  12.79  4449700  12.79
2011-01-14  12.84  13.14  12.8  13.13  4426700  13.13
2011-01-13  12.9  13.0  12.75  12.9  3808300  12.9
2011-01-12  13.1  13.18  12.91  12.93  5289100  12.93
2011-01-11  12.97  13.19  12.8  12.94  6341900  12.94
2011-01-10  12.89  12.95  12.5  12.86  6873200  12.86
2011-01-07  12.72  13.2  12.52  12.92  10993300  12.92
2011-01-06  12.35  12.96  12.32  12.68  10817200  12.68
2011-01-05  11.97  12.46  11.93  12.33  6723700  12.33
2011-01-04  12.22  12.32  11.92  11.98  6527400  11.98
2011-01-03  12.0  12.21  11.96  12.17  3572200  12.17
2010-12-31  11.95  12.02  11.76  11.81  2138100  11.81
2010-12-30  11.83  11.98  11.8  11.96  2038500  11.96
2010-12-29  11.92  11.97  11.74  11.85  2266300  11.85
2010-12-28  11.99  12.03  11.82  11.88  2772900  11.88
2010-12-27  11.87  12.01  11.87  11.93  2186300  11.93
2010-12-23  12.13  12.17  11.86  11.93  3703900  11.93
2010-12-22  12.21  12.25  12.07  12.12  5997100  12.12
2010-12-21  12.22  12.26  12.0  12.18  5413900  12.18
2010-12-20  12.18  12.34  12.05  12.12  4355800  12.12
2010-12-17  12.28  12.35  12.11  12.18  4414100  12.18
2010-12-16  12.08  12.3  12.04  12.25  2822200  12.25
2010-12-15  12.17  12.44  11.96  12.03  4306900  12.03
2010-12-14  12.14  12.22  12.03  12.15  6490200  12.15
2010-12-13  12.48  12.57  12.31  12.36  5577600  12.36
2010-12-10  12.37  12.63  12.12  12.62  4780400  12.62
2010-12-09  12.29  12.44  12.0  12.37  4990600  12.37
2010-12-08  11.55  12.54  11.54  12.22  12123200  12.22
2010-12-07  11.33  11.6  11.3  11.54  4135700  11.54
2010-12-06  11.17  11.28  11.06  11.18  2109500  11.18
2010-12-03  11.12  11.22  11.05  11.18  3146200  11.18
2010-12-02  10.94  11.5  10.84  11.2  5961300  11.2
2010-12-01  10.37  10.92  10.37  10.89  5171700  10.89
2010-11-30  9.98  10.32  9.94  10.17  3550800  10.17
2010-11-29  9.94  10.15  9.8  10.15  2722300  10.15
2010-11-26  10.07  10.2  10.0  10.0  1438800  10.0
2010-11-24  10.13  10.21  9.98  10.18  3076000  10.18
2010-11-23  10.08  10.25  10.02  10.02  3238000  10.02
2010-11-22  10.26  10.28  10.07  10.22  2331000  10.22
2010-11-19  10.27  10.36  10.13  10.29  2706800  10.29
2010-11-18  10.3  10.37  10.19  10.26  4417400  10.26
2010-11-17  10.39  10.46  10.11  10.22  3842800  10.22
2010-11-16  10.38  10.63  10.29  10.36  5752900  10.36
2010-11-15  10.6  10.76  10.47  10.49  2110500  10.49
2010-11-12  10.53  10.69  10.38  10.59  3298800  10.59
2010-11-11  10.71  10.82  10.6  10.62  2877800  10.62
2010-11-10  10.67  10.88  10.53  10.85  3649600  10.85
2010-11-09  10.93  10.96  10.64  10.71  4449200  10.71
2010-11-08  10.75  10.87  10.64  10.82  3018700  10.82
2010-11-05  10.63  11.06  10.52  10.78  5444000  10.78
2010-11-04  10.23  10.6  10.17  10.58  4998700  10.58
2010-11-03  10.12  10.12  9.9  10.05  3110000  10.05
2010-11-02  10.13  10.26  10.01  10.08  5013200  10.08
2010-11-01  10.02  10.09  9.87  10.02  4254200  10.02
2010-10-29  9.86  10.0  9.83  9.94  3116400  9.94
2010-10-28  10.02  10.06  9.75  9.88  5617700  9.88
2010-10-27  10.02  10.12  9.78  9.95  5611500  9.95
2010-10-26  10.1  10.52  9.95  10.19  9049100  10.19
2010-10-25  10.37  10.55  10.15  10.16  6700100  10.16
2010-10-22  10.31  10.31  10.11  10.21  2162800  10.21
2010-10-21  10.14  10.42  10.09  10.3  5301000  10.3
2010-10-20  10.09  10.21  9.96  10.11  3888100  10.11
2010-10-19  9.99  10.37  9.95  10.02  7036200  10.02
2010-10-18  10.28  10.29  9.95  10.16  5508300  10.16
2010-10-15  10.76  10.76  10.19  10.27  8926700  10.27
2010-10-14  10.92  11.0  10.47  10.58  5608200  10.58
2010-10-13  10.85  10.97  10.46  10.92  6893600  10.92
2010-10-12  11.14  11.18  10.85  11.02  6967600  11.02
2010-10-11  11.23  11.34  11.14  11.27  2718400  11.27
2010-10-08  11.06  11.28  11.0  11.25  5171400  11.25
2010-10-07  11.04  11.15  10.94  11.03  7439200  11.03
2010-10-06  10.79  10.98  10.77  10.98  4510000  10.98
2010-10-05  10.47  10.78  10.43  10.78  6634200  10.78
2010-10-04  10.34  10.36  10.15  10.28  6645900  10.28
2010-10-01  10.36  10.5  10.27  10.36  3963000  10.36
2010-09-30  10.23  10.35  10.01  10.2  3208300  10.2
2010-09-29  10.1  10.26  10.06  10.09  3275400  10.09
2010-09-28  10.18  10.2  9.96  10.19  3176000  10.19
2010-09-27  10.18  10.23  10.06  10.13  2715500  10.13
2010-09-24  10.05  10.25  9.96  10.19  3061900  10.19
2010-09-23  10.06  10.15  9.8  9.83  2838000  9.83
2010-09-22  10.35  10.58  10.11  10.15  5383300  10.15
2010-09-21  10.42  10.65  10.3  10.36  5616500  10.36
2010-09-20  10.24  10.38  10.02  10.33  3807900  10.33
2010-09-17  10.18  10.23  9.95  10.14  4123600  10.14
2010-09-16  10.13  10.25  9.89  10.15  4162800  10.15
2010-09-15  10.23  10.23  10.03  10.19  2312500  10.19
2010-09-14  10.43  10.48  10.1  10.29  3471800  10.29
2010-09-13  10.31  10.49  10.26  10.44  2496900  10.44
2010-09-10  10.18  10.31  10.09  10.13  1548800  10.13
2010-09-09  10.32  10.33  10.0  10.14  2984100  10.14
2010-09-08  10.12  10.29  10.05  10.07  2809800  10.07
2010-09-07  10.51  10.51  9.98  10.08  6382600  10.08
2010-09-03  10.72  10.86  10.42  10.59  2884900  10.59
2010-09-02  10.25  10.62  10.23  10.48  2921900  10.48
2010-09-01  9.93  10.36  9.93  10.2  4537200  10.2
2010-08-31  9.56  9.87  9.55  9.72  4215200  9.72
2010-08-30  9.87  9.99  9.65  9.65  1958900  9.65
2010-08-27  9.63  9.93  9.49  9.9  3223600  9.9
2010-08-26  9.95  10.0  9.5  9.51  4696200  9.51
2010-08-25  9.52  9.94  9.41  9.9  7664300  9.9
2010-08-24  9.44  9.87  9.27  9.72  6395000  9.72
2010-08-23  9.84  9.89  9.6  9.62  2819100  9.62
2010-08-20  9.74  9.85  9.62  9.78  2563900  9.78
2010-08-19  9.97  10.09  9.79  9.88  3908800  9.88
2010-08-18  9.89  10.19  9.82  10.08  2748200  10.08
2010-08-17  9.73  9.9  9.69  9.87  4607700  9.87
2010-08-16  9.6  9.68  9.5  9.54  4706600  9.54
2010-08-13  9.73  9.81  9.63  9.71  7351400  9.71
2010-08-12  9.68  9.83  9.48  9.77  7236800  9.77
2010-08-11  9.93  10.0  9.77  9.84  5178500  9.84
2010-08-10  10.31  10.41  10.15  10.21  3980100  10.21
2010-08-09  10.2  10.53  10.2  10.51  4069100  10.51
2010-08-06  9.75  10.17  9.75  10.14  4131500  10.14
2010-08-05  9.94  9.99  9.84  9.93  3707700  9.93
2010-08-04  9.95  10.07  9.9  9.99  4129300  9.99
2010-08-03  9.78  9.95  9.66  9.92  4953600  9.92
2010-08-02  9.64  9.99  9.59  9.87  5236000  9.87
2010-07-30  9.27  9.63  9.21  9.52  8524700  9.52
2010-07-29  9.46  9.62  9.21  9.31  9082200  9.31
2010-07-28  9.7  9.82  9.35  9.37  13725500  9.37
2010-07-27  10.66  10.85  9.66  9.76  20741600  9.76
2010-07-26  10.58  11.16  10.54  11.05  9028200  11.05
2010-07-23  10.02  10.64  9.85  10.58  9769700  10.58
2010-07-22  9.67  10.07  9.63  10.01  5644100  10.01
2010-07-21  9.61  9.68  9.4  9.46  11669800  9.46
2010-07-20  9.33  9.87  9.27  9.84  7922200  9.84
2010-07-19  9.75  9.81  9.45  9.56  6149900  9.56
2010-07-16  10.3  10.36  9.62  9.7  8500800  9.7
2010-07-15  10.35  10.46  10.12  10.4  3820100  10.4
2010-07-14  10.51  10.52  10.23  10.35  3887600  10.35
2010-07-13  10.47  10.64  10.33  10.59  4766200  10.59
2010-07-12  10.62  10.68  10.24  10.3  4715900  10.3
2010-07-09  10.35  10.67  10.25  10.66  3276600  10.66
2010-07-08  10.53  10.67  10.19  10.4  4075200  10.4
2010-07-07  9.94  10.41  9.76  10.41  6262800  10.41
2010-07-06  10.09  10.15  9.77  9.85  4920400  9.85
2010-07-02  10.01  10.1  9.72  9.84  4443500  9.84
2010-07-01  9.95  10.07  9.61  9.96  6342900  9.96
2010-06-30  10.33  10.48  9.88  9.9  9957100  9.9
2010-06-29  10.59  10.72  10.19  10.36  9276900  10.36
2010-06-28  10.93  11.03  10.77  10.87  4139700  10.87
2010-06-25  10.81  10.96  10.63  10.87  5954200  10.87
2010-06-24  11.08  11.1  10.75  10.76  6706700  10.76
2010-06-23  11.0  11.19  10.66  11.13  7481600  11.13
2010-06-22  11.29  11.4  10.94  11.0  4352000  11.0
2010-06-21  11.54  11.68  11.26  11.34  4042000  11.34
2010-06-18  11.25  11.46  11.17  11.33  4751500  11.33
2010-06-17  11.71  11.77  11.14  11.24  6508600  11.24
2010-06-16  11.99  12.0  11.64  11.7  5729900  11.7
2010-06-15  11.7  12.19  11.56  12.14  5269000  12.14
2010-06-14  11.55  11.95  11.55  11.62  5614600  11.62
2010-06-11  11.2  11.49  11.13  11.37  3127100  11.37
2010-06-10  10.95  11.43  10.91  11.38  5223500  11.38
2010-06-09  10.96  11.09  10.6  10.66  4742800  10.66
2010-06-08  10.83  11.03  10.57  10.76  11537800  10.76
2010-06-07  11.41  11.53  10.89  10.92  5815900  10.92
2010-06-04  11.49  11.7  11.38  11.41  8200200  11.41
2010-06-03  11.9  12.02  11.63  11.91  6046900  11.91
2010-06-02  11.64  11.88  11.55  11.87  7524600  11.87
2010-06-01  12.05  12.1  11.5  11.51  8972600  11.51
2010-05-28  12.54  12.57  12.22  12.28  6827300  12.28
2010-05-27  12.47  12.54  12.16  12.5  6743600  12.5
2010-05-26  12.62  12.69  11.95  12.04  12025600  12.04
2010-05-25  12.03  12.46  11.87  12.45  8142000  12.45
2010-05-24  12.38  12.96  12.36  12.57  5246500  12.57
2010-05-21  12.02  12.77  12.02  12.64  6999600  12.64
2010-05-20  12.5  12.67  12.21  12.26  7715900  12.26
2010-05-19  13.12  13.3  12.61  12.95  7052600  12.95
2010-05-18  13.74  13.93  13.2  13.26  6505800  13.26
2010-05-17  13.56  13.64  12.99  13.58  5576500  13.58
2010-05-14  13.75  13.79  13.27  13.56  7244500  13.56
2010-05-13  14.26  14.29  13.94  13.97  5457100  13.97
2010-05-12  14.01  14.4  13.88  14.35  5768500  14.35
2010-05-11  13.68  14.17  13.58  13.91  5855200  13.91
2010-05-10  13.12  13.96  13.12  13.92  8694300  13.92
2010-05-07  13.39  13.53  12.46  12.57  13738100  12.57
2010-05-06  14.16  14.41  12.56  13.47  12309100  13.47
2010-05-05  14.24  14.68  13.76  14.23  9060800  14.23
2010-05-04  14.96  15.01  14.3  14.49  7186500  14.49
2010-05-03  15.03  15.36  14.98  15.3  4532000  15.3
2010-04-30  15.45  15.88  14.93  14.93  4831700  14.93
2010-04-29  15.3  15.62  15.28  15.49  5084200  15.49
2010-04-28  14.76  15.51  14.73  15.13  11701300  15.13
2010-04-27  15.8  15.82  14.22  14.37  18211200  14.37
2010-04-26  17.02  17.28  16.44  16.56  9499700  16.56
2010-04-23  16.71  17.11  16.49  16.88  8798700  16.88
2010-04-22  16.0  16.71  15.72  16.65  8534300  16.65
2010-04-21  16.06  16.23  15.97  16.17  4768400  16.17
2010-04-20  15.99  16.26  15.88  16.09  7307900  16.09
2010-04-19  15.51  15.87  15.36  15.86  5716500  15.86
2010-04-16  16.23  16.3  15.47  15.6  7231300  15.6
2010-04-15  15.47  16.01  15.35  15.64  6263000  15.64
2010-04-14  14.93  15.56  14.89  15.53  4225900  15.53
2010-04-13  14.75  14.92  14.74  14.85  2491500  14.85
2010-04-12  14.88  14.88  14.64  14.82  3208900  14.82
2010-04-09  14.63  14.83  14.54  14.81  2906900  14.81
2010-04-08  14.54  14.68  14.32  14.62  3963500  14.62
2010-04-07  14.87  14.92  14.46  14.58  4306400  14.58
2010-04-06  14.72  14.96  14.58  14.91  3503100  14.91
2010-04-05  14.57  14.85  14.39  14.79  3173700  14.79
2010-04-01  14.36  14.61  14.32  14.48  4307800  14.48
2010-03-31  14.0  14.34  13.81  14.21  5399100  14.21
2010-03-30  14.03  14.27  14.01  14.1  1703900  14.1
2010-03-29  13.99  14.15  13.86  14.03  2626500  14.03
2010-03-26  13.95  14.1  13.78  13.91  2786700  13.91
2010-03-25  14.08  14.18  13.84  13.86  3464200  13.86
2010-03-24  14.19  14.34  13.85  13.89  4039300  13.89
2010-03-23  13.95  14.22  13.78  14.18  4112200  14.18
2010-03-22  13.6  13.98  13.57  13.95  2832600  13.95
2010-03-19  14.24  14.43  13.74  13.74  5815000  13.74
2010-03-18  14.16  14.42  14.12  14.2  2321200  14.2
2010-03-17  14.05  14.41  14.01  14.22  3271000  14.22
2010-03-16  13.92  14.06  13.8  14.02  2449200  14.02
2010-03-15  13.88  13.94  13.71  13.87  2816200  13.87
2010-03-12  13.92  14.03  13.7  13.89  3094500  13.89
2010-03-11  13.53  13.9  13.42  13.85  3671600  13.85
2010-03-10  13.41  13.7  13.39  13.61  3563100  13.61
2010-03-09  13.36  13.5  13.28  13.44  2447500  13.44
2010-03-08  13.22  13.43  13.19  13.43  2164000  13.43
2010-03-05  13.08  13.22  13.05  13.18  1927400  13.18
2010-03-04  12.99  13.14  12.83  12.95  1916000  12.95
2010-03-03  12.94  13.23  12.82  12.98  3256100  12.98
2010-03-02  12.92  12.94  12.73  12.84  2781600  12.84
2010-03-01  12.33  12.83  12.33  12.79  4551700  12.79
2010-02-26  12.1  12.31  11.91  12.24  4817600  12.24
2010-02-25  11.9  12.08  11.68  12.05  4380100  12.05
2010-02-24  12.18  12.24  11.82  12.19  3379000  12.19
2010-02-23  12.43  12.56  11.95  12.13  4667300  12.13
2010-02-22  12.53  12.77  12.45  12.47  3690000  12.47
2010-02-19  12.61  12.64  12.41  12.45  6258200  12.45
2010-02-18  12.81  12.86  12.61  12.67  3719500  12.67
2010-02-17  12.94  12.94  12.6  12.78  4516300  12.78
2010-02-16  12.73  12.87  12.55  12.82  4247600  12.82
2010-02-12  12.36  12.65  12.23  12.65  7143500  12.65
2010-02-11  12.68  12.89  11.7  12.61  12822700  12.61
2010-02-10  13.24  13.36  12.89  13.28  3137600  13.28
2010-02-09  13.13  13.39  12.88  13.23  4654900  13.23
2010-02-08  12.85  13.03  12.69  12.87  3237400  12.87
2010-02-05  13.2  13.27  12.46  12.95  5616800  12.95
2010-02-04  13.41  13.42  13.06  13.28  6775400  13.28
2010-02-03  13.43  13.74  13.43  13.6  4682200  13.6
2010-02-02  12.8  13.56  12.77  13.54  5305900  13.54
2010-02-01  12.54  12.82  12.42  12.81  3725800  12.81
2010-01-29  12.55  12.88  12.35  12.42  6554000  12.42
2010-01-28  12.52  12.81  12.2  12.45  4838100  12.45
2010-01-27  12.49  12.53  12.1  12.44  6303500  12.44
2010-01-26  12.54  12.89  12.47  12.62  4497700  12.62
2010-01-25  12.94  13.07  12.58  12.62  3392000  12.62
2010-01-22  13.15  13.5  12.73  12.74  3336100  12.74
2010-01-21  13.82  13.83  13.18  13.27  4009700  13.27
2010-01-20  13.75  13.85  13.49  13.69  3060300  13.69
2010-01-19  13.72  14.14  13.66  14.12  2699300  14.12
2010-01-15  14.03  14.05  13.61  13.74  5556700  13.74
2010-01-14  13.75  13.88  13.5  13.76  2777000  13.76
2010-01-13  14.05  14.06  13.6  13.83  3354300  13.83
2010-01-12  14.07  14.14  13.86  14.01  2166300  14.01
2010-01-11  14.39  14.42  14.07  14.23  2802700  14.23
2010-01-08  14.04  14.29  13.74  14.27  3612400  14.27
2010-01-07  13.34  14.26  13.29  14.18  8437400  14.18
2010-01-06  13.23  13.5  13.1  13.34  6424500  13.34
2010-01-05  12.94  13.15  12.87  13.14  2863500  13.14
2010-01-04  12.73  13.03  12.65  13.02  2970600  13.02
