Date  Open  High  Low  Close  Volume  Adj Close
2014-02-28  95.11  95.46  94.86  95.15  5104700  95.15
2014-02-27  95.24  95.41  94.65  95.08  4179600  95.08
2014-02-26  95.81  95.92  94.9  95.08  4265900  95.08
2014-02-25  95.64  95.9  95.08  95.8  4233600  95.8
2014-02-24  95.61  96.12  95.42  95.68  4472200  95.68
2014-02-21  95.23  96.19  95.23  95.64  5284300  95.64
2014-02-20  94.85  95.3  94.68  94.94  2975000  94.94
2014-02-19  94.97  95.84  94.65  94.74  4505500  94.74
2014-02-18  95.22  95.76  94.73  95.21  5454200  95.21
2014-02-14  94.49  95.16  94.31  94.97  3532900  94.97
2014-02-13  93.89  94.77  93.7  94.65  3617900  94.65
2014-02-12  94.64  94.86  93.99  94.09  4268900  94.09
2014-02-11  94.25  95.03  94.02  94.53  5343500  94.53
2014-02-10  94.94  95.12  93.72  94.06  6968200  94.06
2014-02-07  94.29  95.14  93.82  95.11  6591200  95.11
2014-02-06  93.08  94.39  92.9  94.14  5356900  94.14
2014-02-05  92.02  93.05  91.44  92.79  4958900  92.79
2014-02-04  92.07  92.68  91.8  92.3  6300400  92.3
2014-02-03  93.74  93.94  92.12  92.23  6904700  92.23
2014-01-31  92.26  93.75  92.16  93.37  5972500  93.37
2014-01-30  92.6  93.21  92.15  93.01  4987400  93.01
2014-01-29  93.16  93.5  92.08  92.36  8013500  92.36
2014-01-28  93.53  93.84  93.3  93.38  3682800  93.38
2014-01-27  93.5  93.88  93.13  93.28  6607600  93.28
2014-01-24  93.93  95.15  93.59  93.63  6944800  93.63
2014-01-23  93.75  95.13  93.7  94.51  7146000  94.51
2014-01-22  94.27  94.52  93.89  94.08  4976400  94.08
2014-01-21  94.56  95.15  94.21  94.28  6462700  94.28
2014-01-17  95.21  95.32  93.97  94.13  5975300  94.13
2014-01-16  94.6  95.49  94.39  95.25  5058000  95.25
2014-01-15  94.68  94.86  94.34  94.65  3560600  94.65
2014-01-14  94.01  94.6  94.0  94.42  3842200  94.42
2014-01-13  95.02  95.02  93.79  94.03  5753200  94.03
2014-01-10  95.02  95.41  94.83  94.99  5512200  94.99
2014-01-09  95.42  95.53  94.44  94.65  7709000  94.65
2014-01-08  94.74  94.9  94.19  94.6  7669800  94.6
2014-01-07  95.57  96.26  95.32  95.57  4881800  95.57
2014-01-06  95.8  95.8  94.71  95.04  5022700  95.04
2014-01-03  96.08  96.21  95.68  95.72  2965300  95.72
2014-01-02  96.0  96.21  95.45  95.6  2925800  95.6
2013-12-31  96.13  96.26  95.81  96.21  2560900  96.21
2013-12-30  96.06  96.33  95.97  96.19  2293000  96.19
2013-12-27  96.05  96.46  95.98  96.09  1987100  96.09
2013-12-26  95.95  96.09  95.81  96.02  1978300  96.02
2013-12-24  95.32  95.93  95.32  95.72  1155900  95.72
2013-12-23  95.91  96.13  95.24  95.49  3296300  95.49
2013-12-20  94.65  95.69  94.53  95.69  8039500  95.69
2013-12-19  95.07  95.49  94.13  94.34  5476500  94.34
2013-12-18  93.86  95.14  93.77  95.12  5526800  95.12
2013-12-17  94.63  94.77  93.47  93.58  4460300  93.58
2013-12-16  94.16  94.97  94.09  94.64  4868100  94.64
2013-12-13  93.39  93.82  93.25  93.64  3277500  93.64
2013-12-12  94.6  94.88  93.25  93.31  5719900  93.31
2013-12-11  94.71  94.92  94.37  94.46  5194500  94.46
2013-12-10  94.88  94.89  94.26  94.62  4190600  94.62
2013-12-09  95.32  95.68  94.64  94.91  5056100  94.91
2013-12-06  95.13  96.13  95.09  95.98  5811200  95.98
2013-12-05  94.56  95.01  94.39  94.62  5076500  94.62
2013-12-04  94.85  95.32  94.55  94.9  4951300  94.9
2013-12-03  95.94  95.94  95.26  95.57  4851900  95.57
2013-12-02  96.46  96.46  95.51  95.69  4810000  95.69
2013-11-29  96.43  96.78  96.26  96.55  2920300  96.55
2013-11-27  96.8  96.83  96.13  96.24  3501500  96.24
2013-11-26  97.16  97.45  96.52  96.57  5517400  96.57
2013-11-25  97.11  97.62  97.01  97.28  20420800  97.28
2013-11-22  96.22  96.88  95.75  96.64  16495500  96.64
2013-11-21  96.18  96.46  95.97  96.08  12884800  96.08
2013-11-20  95.95  96.42  95.57  95.92  3815100  95.92
2013-11-19  95.9  96.65  95.74  96.35  3836600  96.35
2013-11-18  95.29  96.17  95.29  96.03  4966700  96.03
2013-11-15  95.83  96.09  94.8  95.31  7096800  95.31
2013-11-14  96.55  97.06  95.57  95.94  6594200  95.94
2013-11-13  95.85  96.49  95.69  96.48  4164800  96.48
2013-11-12  95.46  96.14  95.24  96.04  3845000  96.04
2013-11-11  95.22  95.87  95.19  95.48  2573800  95.48
2013-11-08  95.56  95.69  94.72  95.4  5052400  95.4
2013-11-07  96.33  96.46  95.17  95.58  4921000  95.58
2013-11-06  96.03  96.56  95.85  96.27  4365900  96.27
2013-11-05  95.76  96.12  95.41  95.79  4338200  95.79
2013-11-04  95.64  95.88  95.22  95.69  5023900  95.69
2013-11-01  94.91  95.88  94.91  95.62  5127300  95.62
2013-10-31  94.61  95.1  94.52  94.92  4271300  94.92
2013-10-30  94.57  94.84  94.13  94.43  3404300  94.43
2013-10-29  94.03  94.5  93.71  94.45  3975100  94.45
2013-10-28  93.11  94.12  93.1  93.78  3836400  93.78
2013-10-25  93.2  93.37  92.79  93.2  3055900  93.2
2013-10-24  92.84  93.24  92.68  93.11  3640900  93.11
2013-10-23  93.5  93.61  92.36  92.64  4581200  92.64
2013-10-22  93.11  93.9  92.65  93.54  5144000  93.54
2013-10-21  92.14  93.28  91.69  93.02  9137700  93.02
2013-10-18  94.11  94.11  92.95  93.62  7286100  93.62
2013-10-17  93.6  93.93  93.07  93.88  3860500  93.88
2013-10-16  92.74  93.66  92.58  93.64  4708700  93.64
2013-10-15  92.43  92.63  91.9  92.24  5878900  92.24
2013-10-14  92.85  93.31  92.62  93.15  3429700  93.15
2013-10-11  93.11  93.22  92.76  93.16  4132600  93.16
2013-10-10  92.65  92.87  91.96  92.87  4531000  92.87
2013-10-09  92.26  92.4  91.59  91.72  5159400  91.72
2013-10-08  92.7  93.01  92.38  92.38  3643900  92.38
2013-10-07  92.69  93.22  92.57  92.79  3037100  92.79
2013-10-04  93.04  93.23  92.83  93.13  3047700  93.13
2013-10-03  93.57  93.63  93.04  93.1  4855700  93.1
2013-10-02  94.0  94.29  92.45  93.7  7250300  93.7
2013-10-01  94.58  94.79  94.25  94.53  3240700  94.53
2013-09-30  94.86  95.08  93.53  94.61  4404500  94.61
2013-09-27  96.27  96.37  95.39  95.51  3533100  95.51
2013-09-26  96.26  96.69  96.17  96.56  3604900  96.56
2013-09-25  96.18  96.36  95.79  96.0  4053200  96.0
2013-09-24  95.52  96.96  95.25  96.15  4810300  96.15
2013-09-23  95.36  95.96  95.21  95.66  3301600  95.66
2013-09-20  96.08  96.42  95.29  95.29  8077000  95.29
2013-09-19  96.86  96.87  95.39  96.29  6430800  96.29
2013-09-18  96.24  97.35  96.02  97.06  4279600  97.06
2013-09-17  95.96  96.72  95.87  96.29  3256900  96.29
2013-09-16  96.26  96.54  95.79  96.09  3490900  96.09
2013-09-13  95.72  96.03  95.51  95.73  2668700  95.73
2013-09-12  95.85  96.22  95.45  95.56  4277300  95.56
2013-09-11  95.05  95.84  94.77  95.84  3928600  95.84
2013-09-10  95.49  95.74  94.9  95.28  4984300  95.28
2013-09-09  94.62  95.18  94.61  94.85  3525200  94.85
2013-09-06  94.28  95.14  93.67  94.66  4485800  94.66
2013-09-05  93.75  94.86  93.5  94.07  4275300  94.07
2013-09-04  92.93  93.78  92.77  93.58  2898800  93.58
2013-09-03  93.52  93.7  92.56  92.95  3672100  92.95
2013-08-30  93.42  93.55  92.57  92.79  3993000  92.79
2013-08-29  94.06  94.38  93.12  93.28  4796600  93.28
2013-08-28  92.68  93.97  92.68  93.73  5482500  93.73
2013-08-27  92.54  92.86  91.71  92.52  4513100  92.52
2013-08-26  93.02  93.58  92.77  92.97  3060000  92.97
2013-08-23  93.23  93.34  92.59  92.8  12274200  92.8
2013-08-22  93.03  93.34  92.88  93.12  15364400  93.12
2013-08-21  93.07  93.47  92.78  92.78  3430600  92.78
2013-08-20  93.17  93.55  93.02  93.16  2827800  93.16
2013-08-19  92.79  93.64  92.72  93.14  3126200  93.14
2013-08-16  92.87  93.16  92.68  92.7  3324000  92.7
2013-08-15  93.21  93.56  92.85  93.05  4207500  93.05
2013-08-14  93.88  94.0  93.29  93.75  5448700  93.75
2013-08-13  94.65  94.72  93.76  94.09  5188300  94.09
2013-08-12  95.1  95.4  94.62  94.66  3256800  94.66
2013-08-09  95.5  95.99  94.69  95.23  4041800  95.23
2013-08-08  96.23  96.57  95.05  95.64  4862300  95.64
2013-08-07  96.18  96.56  95.86  95.92  3256400  95.92
2013-08-06  96.89  96.96  95.96  96.27  3507200  96.27
2013-08-05  96.59  97.01  96.41  96.88  3326400  96.88
2013-08-02  96.39  96.77  96.04  96.77  3224300  96.77
2013-08-01  96.2  96.8  95.91  96.57  3954600  96.57
2013-07-31  95.91  96.13  95.24  95.68  5343000  95.68
2013-07-30  95.6  96.13  95.44  95.96  4127400  95.96
2013-07-29  95.56  95.63  95.0  95.47  3592500  95.47
2013-07-26  94.87  95.68  94.55  95.63  4561600  95.63
2013-07-25  94.3  95.2  94.19  95.1  4208100  95.1
2013-07-24  94.83  95.01  93.94  94.29  5197900  94.29
2013-07-23  95.16  95.33  94.31  94.39  6989300  94.39
2013-07-22  95.36  95.53  94.68  95.19  13209600  95.19
2013-07-19  97.74  97.95  97.09  97.81  4508300  97.81
2013-07-18  98.01  98.3  97.53  97.72  3401600  97.72
2013-07-17  97.6  97.89  96.87  97.65  5377400  97.65
2013-07-16  97.73  98.64  97.03  98.41  4406200  98.41
2013-07-15  99.11  99.24  98.23  98.28  4480700  98.28
2013-07-12  98.12  99.31  98.04  99.09  4766800  99.09
2013-07-11  98.28  98.49  97.32  98.32  4064100  98.32
2013-07-10  97.7  97.9  96.96  97.53  3532400  97.53
2013-07-09  97.78  97.91  96.77  97.54  4120100  97.54
2013-07-08  97.82  98.03  97.11  97.43  4064300  97.43
2013-07-05  98.22  98.37  96.81  97.41  3933900  97.41
2013-07-03  97.5  98.09  97.27  97.89  1676300  97.89
2013-07-02  97.37  98.04  96.95  97.48  3850500  97.48
2013-07-01  96.91  97.84  96.82  97.37  4053500  97.37
2013-06-28  97.07  97.65  96.5  96.57  5386400  96.57
2013-06-27  97.01  97.38  96.7  97.21  4497100  97.21
2013-06-26  95.95  96.71  95.64  96.42  3585500  96.42
2013-06-25  95.51  95.59  94.76  95.13  3211300  95.13
2013-06-24  94.18  95.32  93.67  94.91  4244500  94.91
2013-06-21  94.98  95.36  94.52  94.85  7227000  94.85
2013-06-20  95.96  96.26  94.25  94.42  5550100  94.42
2013-06-19  97.27  97.62  96.12  96.39  3518200  96.39
2013-06-18  96.56  97.59  96.53  97.31  3340100  97.31
2013-06-17  96.87  97.25  95.89  96.32  4884800  96.32
2013-06-14  96.41  96.99  95.82  96.01  3351100  96.01
2013-06-13  95.7  96.65  95.47  96.46  2927800  96.46
2013-06-12  96.32  96.67  95.66  95.83  4485200  95.83
2013-06-11  96.59  97.05  95.66  95.82  4812800  95.82
2013-06-10  97.35  97.72  96.69  97.09  5718400  97.09
2013-06-07  94.68  96.27  94.62  95.87  5036800  95.87
2013-06-06  94.03  94.46  92.83  94.31  5817300  94.31
2013-06-05  95.73  95.76  93.77  94.06  5394800  94.06
2013-06-04  95.61  96.26  95.25  95.96  4902300  95.96
2013-06-03  94.4  95.59  94.2  95.56  4224000  95.56
2013-05-31  94.51  95.31  94.19  94.2  5443400  94.2
2013-05-30  96.01  96.17  94.42  94.69  8028900  94.69
2013-05-29  97.41  97.41  95.12  95.87  8770700  95.87
2013-05-28  97.82  98.67  97.64  97.99  14083800  97.99
2013-05-24  97.43  97.43  96.53  97.07  13161000  97.07
2013-05-23  97.9  98.25  97.13  97.79  13743100  97.79
2013-05-22  98.91  99.12  98.16  98.48  4648200  98.48
2013-05-21  98.39  99.32  98.16  98.86  4078600  98.86
2013-05-20  97.99  98.67  97.99  98.28  2233100  98.28
2013-05-17  97.85  98.63  97.56  98.28  4015300  98.28
2013-05-16  98.33  98.52  97.61  97.88  4251800  97.88
2013-05-15  98.05  98.76  98.05  98.68  3402600  98.68
2013-05-14  97.25  98.23  97.21  97.95  3810800  97.95
2013-05-13  96.81  97.47  96.6  97.16  3154100  97.16
2013-05-10  96.74  96.98  96.21  96.98  5036900  96.98
2013-05-09  97.55  97.98  96.27  96.49  10628500  96.49
2013-05-08  99.0  99.0  97.53  97.71  5228800  97.71
2013-05-07  98.82  99.23  98.53  99.01  4304200  99.01
2013-05-06  99.46  99.5  98.77  98.79  3314200  98.79
2013-05-03  99.62  100.03  99.26  99.62  4109400  99.62
2013-05-02  98.2  99.05  97.87  98.78  3821100  98.78
2013-05-01  98.71  99.16  98.08  98.13  2720100  98.13
2013-04-30  98.99  99.07  98.3  98.86  4205200  98.86
2013-04-29  98.3  99.23  97.9  98.9  3417700  98.9
2013-04-26  97.59  97.75  97.18  97.65  3113600  97.65
2013-04-25  98.02  98.37  97.61  97.7  3529400  97.7
2013-04-24  96.88  97.99  96.88  97.78  4593000  97.78
2013-04-23  96.09  97.02  96.03  96.56  5753500  96.56
2013-04-22  96.16  96.46  95.22  96.13  5620500  96.13
2013-04-19  97.35  98.18  96.26  96.71  8227700  96.71
2013-04-18  98.8  98.95  96.89  98.64  5696900  98.64
2013-04-17  99.27  99.8  98.73  99.25  4191500  99.25
2013-04-16  99.11  99.74  98.74  99.73  3199300  99.73
2013-04-15  99.83  100.12  98.85  98.87  5643600  98.87
2013-04-12  98.25  100.38  98.25  100.27  5714000  100.27
2013-04-11  98.09  99.18  98.09  98.72  4049400  98.72
2013-04-10  97.87  98.47  97.77  98.23  3159400  98.23
2013-04-09  98.25  98.25  97.35  97.82  3690400  97.82
2013-04-08  97.83  98.24  97.61  98.24  4163600  98.24
2013-04-05  96.96  98.22  96.61  98.17  5693000  98.17
2013-04-04  96.34  97.57  96.34  97.4  5860600  97.4
2013-04-03  97.0  97.28  95.89  96.07  4454400  96.07
2013-04-02  96.21  97.19  95.85  97.04  5136800  97.04
2013-04-01  96.22  96.48  95.68  95.87  3155800  95.87
2013-03-28  95.71  96.58  95.5  96.49  3954700  96.49
2013-03-27  95.04  96.11  95.03  95.73  4401700  95.73
2013-03-26  95.19  95.5  95.11  95.34  4434000  95.34
2013-03-25  96.27  96.41  94.97  95.09  4932500  95.09
2013-03-22  95.35  96.42  95.35  96.08  4160000  96.08
2013-03-21  95.34  95.71  95.26  95.37  3523400  95.37
2013-03-20  95.43  95.73  95.43  95.6  3534900  95.6
2013-03-19  95.61  95.81  95.05  95.24  4648500  95.24
2013-03-18  95.78  96.16  95.06  95.41  3934500  95.41
2013-03-15  95.79  96.5  95.65  96.47  6388000  96.47
2013-03-14  96.17  96.19  95.72  96.12  3649900  96.12
2013-03-13  95.57  96.28  95.38  96.19  3896600  96.19
2013-03-12  95.69  95.7  95.37  95.59  3856000  95.59
2013-03-11  95.3  95.72  95.13  95.72  4853400  95.72
2013-03-08  94.98  95.77  94.88  95.54  8838100  95.54
2013-03-07  93.53  94.04  93.53  93.97  4566400  93.97
2013-03-06  92.87  93.71  92.85  93.7  5052000  93.7
2013-03-05  92.48  93.02  92.28  92.74  5643000  92.74
2013-03-04  92.53  92.6  91.83  92.02  4636900  92.02
2013-03-01  92.61  92.75  91.91  92.61  3823200  92.61
2013-02-28  92.64  93.13  92.44  92.82  3967600  92.82
2013-02-27  92.3  92.87  92.06  92.66  4326800  92.66
2013-02-26  92.51  92.73  92.23  92.39  6451100  92.39
2013-02-25  91.58  92.92  91.47  92.31  9028000  92.31
2013-02-22  90.52  91.46  90.12  91.46  4421300  91.46
2013-02-21  89.72  90.69  89.58  90.39  4424600  90.39
2013-02-20  90.19  90.72  90.02  90.17  4023800  90.17
2013-02-19  90.39  90.72  90.03  90.11  4401900  90.11
2013-02-15  90.07  90.55  89.5  90.16  5094100  90.16
2013-02-14  90.12  90.15  89.47  89.83  5360900  89.83
2013-02-13  90.87  90.98  89.76  90.26  6663100  90.26
2013-02-12  91.26  91.54  91.03  91.31  4526900  91.31
2013-02-11  90.98  91.51  90.83  91.38  3557600  91.38
2013-02-08  90.63  91.68  90.6  91.09  5331600  91.09
2013-02-07  91.24  91.27  90.32  90.86  5619600  90.86
2013-02-06  90.72  91.53  90.65  91.28  4482700  91.28
2013-02-05  90.82  91.73  90.75  91.13  4952800  91.13
2013-02-04  91.6  91.97  90.73  90.83  5933300  90.83
2013-02-01  91.77  92.49  91.7  92.13  5481100  92.13
2013-01-31  90.83  91.49  90.69  91.49  5740500  91.49
2013-01-30  91.1  91.31  90.67  90.9  4657600  90.9
2013-01-29  90.4  91.21  90.3  91.14  4929700  91.14
2013-01-28  90.2  90.81  89.91  90.6  4564600  90.6
2013-01-25  89.6  90.2  89.57  89.99  5461600  89.99
2013-01-24  89.85  89.87  89.31  89.59  5157200  89.59
2013-01-23  89.73  90.02  88.58  89.76  9368000  89.76
2013-01-22  88.48  89.61  88.16  89.25  6967300  89.25
2013-01-18  88.4  88.62  88.19  88.58  5579900  88.58
2013-01-17  87.8  88.43  87.67  88.1  4044600  88.1
2013-01-16  87.5  87.68  87.29  87.47  2925800  87.47
2013-01-15  87.48  87.98  87.24  87.86  3910400  87.86
2013-01-14  88.1  88.45  87.78  87.88  3828100  87.88
2013-01-11  88.28  88.32  87.43  88.08  3692600  88.08
2013-01-10  87.71  87.99  87.4  87.76  4393300  87.76
2013-01-09  87.18  87.6  86.76  87.19  4822100  87.19
2013-01-08  86.94  87.34  86.39  87.32  6285200  87.32
2013-01-07  86.2  87.42  85.7  87.29  5820900  87.29
2013-01-04  87.01  87.17  86.1  86.27  5374100  86.27
2013-01-03  86.71  87.09  86.57  87.02  5473500  87.02
2013-01-02  85.84  86.75  85.77  86.53  7377200  86.53
2012-12-31  83.94  84.74  83.36  84.7  6236600  84.7
2012-12-28  84.72  85.01  83.98  84.09  3725600  84.09
2012-12-27  85.36  85.58  84.27  85.19  4576600  85.19
2012-12-26  85.56  85.8  84.86  85.2  3054000  85.2
2012-12-24  86.02  86.11  85.55  85.73  2375000  85.73
2012-12-21  86.08  86.6  85.56  86.59  10730000  86.59
2012-12-20  86.38  86.53  85.88  86.45  4298900  86.45
2012-12-19  87.12  87.23  86.13  86.14  5152900  86.14
2012-12-18  86.4  87.18  86.33  86.91  5340500  86.91
2012-12-17  85.59  86.35  85.47  86.33  5956500  86.33
2012-12-14  85.3  85.83  84.98  85.34  4364600  85.34
2012-12-13  85.72  86.16  85.39  85.62  4639700  85.62
2012-12-12  86.29  86.4  85.64  85.75  4219500  85.75
2012-12-11  86.18  86.23  85.45  86.05  7333000  86.05
2012-12-10  86.39  86.58  85.47  85.85  9276400  85.85
2012-12-07  85.55  85.59  84.69  84.96  8086500  84.96
2012-12-06  83.64  84.87  83.63  84.58  6580200  84.58
2012-12-05  83.95  84.47  83.28  83.51  5349700  83.51
2012-12-04  83.19  83.9  82.84  83.73  6109700  83.73
2012-12-03  83.94  83.95  83.3  83.59  6638100  83.59
2012-11-30  82.65  83.83  82.52  83.57  7369800  83.57
2012-11-29  82.99  83.51  82.67  83.04  4873900  83.04
2012-11-28  81.75  82.46  81.54  82.33  7155400  82.33
2012-11-27  82.06  82.27  81.66  81.76  4633200  81.76
2012-11-26  82.35  82.48  81.65  82.07  5619200  82.07
2012-11-23  82.57  82.86  82.37  82.84  2474400  82.84
2012-11-21  81.9  82.09  81.16  81.85  3900700  81.85
2012-11-20  81.04  82.0  80.98  81.53  5822800  81.53
2012-11-19  80.45  80.94  80.29  80.93  5559800  80.93
2012-11-16  80.1  80.31  79.28  80.05  6909300  80.05
2012-11-15  80.3  80.64  79.56  79.98  7639100  79.98
2012-11-14  80.75  81.47  80.11  80.53  8157000  80.53
2012-11-13  80.66  81.16  80.44  80.55  4842300  80.55
2012-11-12  80.84  81.17  80.5  80.77  4101900  80.77
2012-11-09  80.38  80.98  79.98  80.64  11030400  80.64
2012-11-08  82.21  82.79  80.85  81.01  11398400  81.01
2012-11-07  83.56  83.73  82.51  82.66  5971900  82.66
2012-11-06  83.49  83.86  83.39  83.71  5581600  83.71
2012-11-05  82.76  83.39  82.51  83.23  5039100  83.23
2012-11-02  83.13  83.65  82.56  82.66  7908400  82.66
2012-11-01  82.79  82.89  82.22  82.6  7374900  82.6
2012-10-31  83.25  83.3  82.19  82.6  6899300  82.6
2012-10-26  83.22  83.32  82.42  82.51  7684500  82.51
2012-10-25  83.53  83.54  82.76  83.1  4978800  83.1
2012-10-24  84.17  84.17  82.88  83.06  6498000  83.06
2012-10-23  83.76  84.1  83.09  83.7  7763800  83.7
2012-10-22  84.56  84.77  83.6  84.17  8142400  84.17
2012-10-19  85.71  85.89  84.27  84.43  19495400  84.43
2012-10-18  89.14  89.22  88.13  88.37  6817600  88.37
2012-10-17  89.42  89.61  88.74  89.15  5623700  89.15
2012-10-16  89.43  89.54  89.11  89.54  4678900  89.54
2012-10-15  88.29  89.21  88.17  88.98  5630700  88.98
2012-10-12  88.09  88.21  87.88  88.03  3411100  88.03
2012-10-11  88.18  88.5  87.89  87.89  4274400  87.89
2012-10-10  88.44  88.85  87.89  87.93  6712100  87.93
2012-10-09  87.03  88.12  86.99  87.65  7048900  87.65
2012-10-08  86.57  87.21  86.42  87.11  3894900  87.11
2012-10-05  87.07  87.13  86.31  86.6  4166200  86.6
2012-10-04  86.51  86.78  86.21  86.63  4478300  86.63
2012-10-03  86.69  86.84  85.9  85.98  6337400  85.98
2012-10-02  87.71  87.77  86.33  86.53  5979500  86.53
2012-10-01  87.65  88.03  87.44  87.54  4939800  87.54
2012-09-28  87.56  87.56  86.03  87.31  9523600  87.31
2012-09-27  88.86  89.1  88.62  88.76  3840400  88.76
2012-09-26  88.4  88.83  88.39  88.69  4392000  88.69
2012-09-25  89.37  89.45  88.33  88.37  4714600  88.37
2012-09-24  88.82  89.38  88.66  89.18  3722000  89.18
2012-09-21  89.1  89.37  88.88  89.18  7247700  89.18
2012-09-20  88.29  88.69  88.26  88.64  3981400  88.64
2012-09-19  88.73  88.93  88.27  88.34  3979900  88.34
2012-09-18  87.59  88.6  87.55  88.58  5272900  88.58
2012-09-17  87.31  87.96  87.28  87.68  5294600  87.68
2012-09-14  87.42  87.66  87.04  87.26  6395000  87.26
2012-09-13  86.16  87.44  86.16  87.14  5666500  87.14
2012-09-12  87.05  87.22  86.23  86.43  5363400  86.43
2012-09-11  87.43  87.65  86.76  86.79  5595500  86.79
2012-09-10  86.55  87.07  86.5  86.88  5008200  86.88
2012-09-07  86.68  86.68  86.05  86.62  4889600  86.62
2012-09-06  85.25  86.39  85.22  86.28  5925100  86.28
2012-09-05  84.98  85.13  84.55  84.75  3597800  84.75
2012-09-04  85.18  85.18  84.42  84.74  4287000  84.74
2012-08-31  84.73  85.51  84.6  85.16  6063800  85.16
2012-08-30  84.54  84.71  84.31  84.41  4567900  84.41
2012-08-29  84.12  84.8  84.05  84.65  4292200  84.65
2012-08-28  84.44  84.74  83.99  84.16  4428700  84.16
2012-08-27  84.15  84.8  84.04  84.54  4313800  84.54
2012-08-24  83.29  84.04  83.19  83.96  3508000  83.96
2012-08-23  83.71  83.98  83.21  83.32  3005900  83.32
2012-08-22  83.69  83.85  83.34  83.61  4269000  83.61
2012-08-21  83.33  84.03  83.14  83.58  4414200  83.58
2012-08-20  82.31  83.3  82.3  83.25  4823500  83.25
2012-08-17  82.78  82.95  82.4  82.48  6704300  82.48
2012-08-16  83.03  83.14  82.56  82.58  5568000  82.58
2012-08-15  83.34  83.46  82.85  82.91  4346200  82.91
2012-08-14  83.15  83.35  83.01  83.2  3828200  83.2
2012-08-13  83.52  83.54  82.82  82.99  4308100  82.99
2012-08-10  82.38  83.31  82.34  83.28  5747400  83.28
2012-08-09  82.7  83.05  82.23  82.29  6023500  82.29
2012-08-08  82.02  83.06  81.34  82.64  14424800  82.64
2012-08-07  84.7  85.09  84.0  84.04  5341900  84.04
2012-08-06  84.76  85.38  84.5  84.68  3490200  84.68
2012-08-03  85.14  85.32  84.31  84.59  4873000  84.59
2012-08-02  84.1  84.68  83.62  84.59  4332700  84.59
2012-08-01  84.5  84.84  84.32  84.44  4133600  84.44
2012-07-31  84.13  84.75  83.85  84.37  4596900  84.37
2012-07-30  84.33  84.66  84.14  84.34  4431600  84.34
2012-07-27  84.35  84.68  83.7  84.21  5932500  84.21
2012-07-26  84.21  84.47  83.64  84.03  4517500  84.03
2012-07-25  83.43  83.53  82.94  83.13  4262200  83.13
2012-07-24  84.19  84.48  82.73  83.15  7036800  83.15
2012-07-23  84.24  84.84  83.33  83.98  12127900  83.98
2012-07-20  86.95  87.14  86.3  86.47  7269800  86.47
2012-07-19  87.42  88.11  86.91  87.58  7430800  87.58
2012-07-18  86.33  87.08  85.92  87.07  5962700  87.07
2012-07-17  86.85  87.19  86.12  86.76  3753800  86.76
2012-07-16  87.0  87.12  86.39  86.53  3601300  86.53
2012-07-13  87.12  87.52  86.93  87.14  6163500  87.14
2012-07-12  84.29  87.34  84.21  86.8  11741900  86.8
2012-07-11  85.62  85.74  84.03  84.53  6230300  84.53
2012-07-10  85.0  85.8  84.64  85.21  6615500  85.21
2012-07-09  84.64  84.93  84.35  84.79  3785000  84.79
2012-07-06  84.24  84.91  84.14  84.66  4533200  84.66
2012-07-05  83.84  84.96  83.75  84.32  5794300  84.32
2012-07-03  83.29  83.78  83.05  83.64  4597000  83.64
2012-07-02  83.47  83.47  82.75  83.16  5088100  83.16
2012-06-29  84.11  84.21  83.15  83.59  6364700  83.59
2012-06-28  83.11  83.34  82.5  83.26  4922600  83.26
2012-06-27  84.28  84.5  83.13  83.4  5940300  83.4
2012-06-26  83.63  84.44  83.61  84.13  4488500  84.13
2012-06-25  83.09  83.4  82.8  83.2  4524400  83.2
2012-06-22  83.27  83.65  83.07  83.42  5325400  83.42
2012-06-21  84.12  84.18  82.65  82.75  5762200  82.75
2012-06-20  84.59  84.66  83.24  83.7  7917500  83.7
2012-06-19  84.95  85.21  84.23  84.6  7601600  84.6
2012-06-18  85.54  85.56  84.9  85.2  6343400  85.2
2012-06-15  85.11  85.7  84.72  85.45  9516800  85.45
2012-06-14  83.55  84.9  83.2  84.71  7646300  84.71
2012-06-13  82.1  83.98  82.03  83.06  12552900  83.06
2012-06-12  82.15  82.71  81.84  82.63  7762000  82.63
2012-06-11  84.02  84.08  81.76  81.76  9511900  81.76
2012-06-08  81.58  83.34  81.12  82.85  12060100  82.85
2012-06-07  84.6  84.77  83.1  83.45  8321500  83.45
2012-06-06  83.01  83.71  82.56  83.71  5936000  83.71
2012-06-05  81.41  82.53  81.21  82.22  7237300  82.22
2012-06-04  81.76  81.93  81.21  81.5  7035200  81.5
2012-06-01  82.59  83.21  81.67  81.87  10832500  81.87
2012-05-31  84.87  85.22  84.27  84.35  6816400  84.35
2012-05-30  84.69  84.8  84.18  84.42  5375600  84.42
2012-05-29  85.64  85.94  84.56  85.16  5380300  85.16
2012-05-25  85.86  86.0  85.08  85.3  3681300  85.3
2012-05-24  86.06  86.29  85.09  85.75  5010000  85.75
2012-05-23  85.22  85.78  84.94  85.7  4236500  85.7
2012-05-22  86.15  86.15  85.25  85.57  5063400  85.57
2012-05-21  84.33  85.56  84.22  85.51  6622500  85.51
2012-05-18  84.52  85.36  84.03  84.18  7990700  84.18
2012-05-17  85.52  85.8  83.85  83.96  9094100  83.96
2012-05-16  85.37  85.9  85.24  85.66  4949100  85.66
2012-05-15  85.24  85.94  85.11  85.26  4890300  85.26
2012-05-14  85.76  85.9  84.93  85.14  6050000  85.14
2012-05-11  85.9  86.76  85.88  86.1  5366500  86.1
2012-05-10  86.85  86.88  85.94  86.07  7129500  86.07
2012-05-09  87.11  87.21  85.77  86.12  8975700  86.12
2012-05-08  87.97  88.88  87.1  87.64  12379500  87.64
2012-05-07  89.69  89.97  89.19  89.48  5089700  89.48
2012-05-04  90.74  90.74  89.71  89.82  4688500  89.82
2012-05-03  91.31  91.42  90.68  90.91  3935200  90.91
2012-05-02  90.78  91.54  90.78  91.35  4348300  91.35
2012-05-01  91.09  91.82  90.99  91.06  5297900  91.06
2012-04-30  91.45  91.58  90.96  91.3  4507200  91.3
2012-04-27  90.15  91.37  89.75  91.23  7373300  91.23
2012-04-26  88.95  90.0  88.95  89.78  4741200  89.78
2012-04-25  89.14  89.23  88.8  89.21  5699600  89.21
2012-04-24  89.01  89.43  88.21  88.62  6223800  88.62
2012-04-23  89.73  89.87  88.86  89.18  5217500  89.18
2012-04-20  90.79  91.59  89.61  89.88  11021200  89.88
2012-04-19  91.02  91.1  88.18  89.26  13939100  89.26
2012-04-18  90.89  91.79  90.89  91.19  5388700  91.19
2012-04-17  90.8  91.42  90.79  90.98  7592700  90.98
2012-04-16  90.96  91.72  90.24  90.48  6236300  90.48
2012-04-13  91.37  91.63  90.84  90.85  5223700  90.85
2012-04-12  92.48  92.51  91.2  91.47  5763900  91.47
2012-04-11  92.09  92.5  91.35  92.34  6366600  92.34
2012-04-10  92.54  92.54  91.16  91.5  7581600  91.5
2012-04-09  91.57  93.22  91.48  92.64  6712700  92.64
2012-04-05  90.99  92.43  90.94  92.39  5469400  92.39
2012-04-04  92.04  92.34  91.01  91.32  7768300  91.32
2012-04-03  92.1  93.13  92.09  93.12  5422200  93.12
2012-04-02  91.64  92.57  91.51  92.15  4603000  92.15
2012-03-30  91.7  92.05  91.59  91.91  4429500  91.91
2012-03-29  90.82  91.53  90.8  91.47  4103600  91.47
2012-03-28  91.36  91.66  90.93  90.95  5055400  90.95
2012-03-27  91.14  91.65  90.94  91.19  4877500  91.19
2012-03-26  90.09  90.91  90.03  90.85  5644100  90.85
2012-03-23  89.86  89.89  89.13  89.52  6041500  89.52
2012-03-22  90.06  90.39  89.72  89.75  7721200  89.75
2012-03-21  91.37  91.64  90.61  90.61  6038600  90.61
2012-03-20  91.3  91.67  90.94  91.48  4757100  91.48
2012-03-19  91.21  91.91  91.18  91.56  4634500  91.56
2012-03-16  92.2  92.32  91.41  91.49  7337000  91.49
2012-03-15  91.02  91.99  91.02  91.85  5768200  91.85
2012-03-14  90.59  91.29  90.58  91.15  7209100  91.15
2012-03-13  90.87  91.15  90.29  90.67  6350900  90.67
2012-03-12  90.93  91.33  90.49  90.56  4503100  90.56
2012-03-09  91.29  91.43  90.43  90.72  7808700  90.72
2012-03-08  90.88  91.49  90.37  90.84  16841200  90.84
2012-03-07  93.68  94.09  93.25  93.85  5873500  93.85
2012-03-06  92.91  93.87  92.84  93.58  6713900  93.58
2012-03-05  93.14  94.01  92.6  93.63  6313200  93.63
2012-03-02  93.0  93.35  92.71  93.22  4311700  93.22
2012-03-01  93.01  93.38  92.88  92.98  4086100  92.98
2012-02-29  93.55  93.57  92.99  93.01  5461000  93.01
2012-02-28  93.47  93.78  93.22  93.48  4365800  93.48
2012-02-27  93.06  93.73  92.57  93.37  4044500  93.37
2012-02-24  93.74  93.74  93.08  93.33  3661800  93.33
2012-02-23  93.79  94.0  93.41  93.79  4166500  93.79
2012-02-22  93.18  93.73  93.18  93.65  3918900  93.65
2012-02-21  93.15  93.73  93.03  93.49  4474800  93.49
2012-02-17  92.71  93.26  92.48  93.02  4931700  93.02
2012-02-16  91.5  92.51  91.5  92.34  3996300  92.34
2012-02-15  92.72  92.8  91.46  91.74  5260500  91.74
2012-02-14  92.57  92.69  92.05  92.61  3520800  92.61
2012-02-13  92.78  92.96  92.37  92.71  2971100  92.71
2012-02-10  92.59  92.72  92.05  92.54  3874700  92.54
2012-02-09  93.09  93.46  92.75  93.02  3608800  93.02
2012-02-08  94.08  94.23  92.66  93.08  5433600  93.08
2012-02-07  92.63  94.13  92.62  93.88  6029900  93.88
2012-02-06  93.0  93.03  92.42  92.56  3486600  92.56
2012-02-03  92.27  93.28  92.14  93.04  5600900  93.04
2012-02-02  91.42  91.94  91.42  91.75  3984000  91.75
2012-02-01  92.53  92.55  91.5  91.54  6141300  91.54
2012-01-31  92.14  92.35  91.41  92.15  6574200  92.15
2012-01-30  91.21  91.92  90.89  91.81  6104900  91.81
2012-01-27  91.7  92.04  91.49  91.81  5135000  91.81
2012-01-26  92.6  92.76  91.81  92.27  4607100  92.27
2012-01-25  91.56  92.58  91.22  92.32  7544000  92.32
2012-01-24  93.98  93.98  91.55  91.87  11654100  91.87
2012-01-23  94.63  94.79  93.07  93.92  6059700  93.92
2012-01-20  94.32  95.1  94.21  94.65  5630400  94.65
2012-01-19  94.67  94.7  93.68  94.2  4763300  94.2
2012-01-18  93.87  94.77  93.72  94.48  4844500  94.48
2012-01-17  93.58  94.14  93.07  93.54  4555800  93.54
2012-01-13  93.2  93.43  92.67  93.36  4134800  93.36
2012-01-12  93.37  93.63  93.09  93.56  4022700  93.56
2012-01-11  92.68  93.14  92.43  92.97  4622500  92.97
2012-01-10  93.25  93.45  92.42  92.75  5075400  92.75
2012-01-09  93.85  93.9  92.58  92.7  4433700  92.7
2012-01-06  93.12  93.75  92.91  93.59  6775300  93.59
2012-01-05  92.54  93.4  91.8  92.87  8163800  92.87
2012-01-04  92.2  93.31  91.87  92.46  6754700  92.46
2012-01-03  94.27  94.51  91.87  91.95  8895900  91.95
2011-12-30  93.43  93.8  93.09  93.34  2957200  93.34
2011-12-29  92.8  93.97  92.66  93.79  3986200  93.79
2011-12-28  93.71  93.73  92.53  92.64  3111600  92.64
2011-12-27  93.19  93.79  93.03  93.54  3052100  93.54
2011-12-23  91.95  93.17  91.88  93.17  3516800  93.17
2011-12-22  92.33  92.43  91.68  91.73  4752500  91.73
2011-12-21  92.09  92.57  91.82  92.29  5414500  92.29
2011-12-20  91.23  92.02  91.1  91.93  5981100  91.93
2011-12-19  91.09  91.51  90.22  90.46  5169500  90.46
2011-12-16  91.68  91.75  90.32  90.7  8867300  90.7
2011-12-15  91.64  91.9  91.04  91.3  5558600  91.3
2011-12-14  90.95  91.6  90.39  90.81  6347200  90.81
2011-12-13  91.86  92.05  90.95  91.17  6862400  91.17
2011-12-12  90.87  91.67  90.43  91.62  5804900  91.62
2011-12-09  90.87  91.57  90.82  91.2  5721200  91.2
2011-12-08  90.27  91.44  89.98  90.17  8123000  90.17
2011-12-07  89.15  89.92  88.85  89.73  5137800  89.73
2011-12-06  88.82  89.56  88.21  89.32  5346500  89.32
2011-12-05  89.71  89.86  88.46  88.71  5906900  88.71
2011-12-02  89.65  89.75  88.68  89.03  4023100  89.03
2011-12-01  88.79  89.2  88.59  88.85  4860300  88.85
2011-11-30  88.24  88.88  88.04  88.86  7683300  88.86
2011-11-29  87.02  87.26  86.62  86.95  5648300  86.95
2011-11-28  86.05  86.79  85.94  86.58  6101200  86.58
2011-11-25  84.83  85.36  84.76  85.04  2452400  85.04
2011-11-23  85.25  85.41  84.67  84.83  4555800  84.83
2011-11-22  84.86  86.0  84.77  85.55  4695700  85.55
2011-11-21  84.98  85.52  84.23  85.21  5869400  85.21
2011-11-18  85.46  85.87  85.12  85.63  4791500  85.63
2011-11-17  86.0  86.38  84.69  85.22  5435000  85.22
2011-11-16  86.71  87.1  85.94  86.01  3915600  86.01
2011-11-15  86.68  87.64  86.52  87.23  5577300  87.23
2011-11-14  87.12  87.53  86.67  86.85  3232200  86.85
2011-11-11  86.73  87.68  86.67  87.5  4425500  87.5
2011-11-10  86.13  86.32  85.49  86.11  4189400  86.11
2011-11-09  86.25  86.76  85.27  85.55  6666000  85.55
2011-11-08  87.68  88.13  86.65  87.35  7195500  87.35
2011-11-07  86.72  87.44  86.08  87.37  4646700  87.37
2011-11-04  85.72  86.64  85.23  86.62  5612500  86.62
2011-11-03  85.71  86.01  85.21  85.87  5245400  85.87
2011-11-02  85.26  85.72  84.65  85.44  5421700  85.44
2011-11-01  85.24  86.24  84.69  84.87  6503500  84.87
2011-10-31  85.68  86.51  85.68  85.74  4544600  85.74
2011-10-28  86.32  86.47  85.4  86.14  4942400  86.14
2011-10-27  86.16  86.64  84.96  86.34  7004300  86.34
2011-10-26  85.3  85.57  83.91  84.75  7046500  84.75
2011-10-25  84.82  85.75  84.44  84.74  6465700  84.74
2011-10-24  85.02  85.24  84.4  84.96  6653900  84.96
2011-10-21  84.23  85.37  84.11  85.25  12081700  85.25
2011-10-20  83.1  83.24  81.61  82.19  6969800  82.19
2011-10-19  83.03  83.68  82.46  82.75  5681700  82.75
2011-10-18  82.13  83.1  81.45  82.77  4864000  82.77
2011-10-17  82.56  83.02  81.73  81.87  4321700  81.87
2011-10-14  83.09  83.09  82.31  83.05  3702300  83.05
2011-10-13  81.62  83.05  81.52  82.47  4990800  82.47
2011-10-12  82.95  82.95  81.29  81.59  7847900  81.59
2011-10-11  82.02  83.0  81.87  82.49  6868200  82.49
2011-10-10  81.31  81.74  80.9  81.73  5136400  81.73
2011-10-07  80.6  81.23  79.96  80.52  5509200  80.52
2011-10-06  79.83  80.57  79.48  80.44  5861000  80.44
2011-10-05  80.03  80.12  78.39  79.25  7730400  79.25
2011-10-04  78.54  79.96  77.32  79.85  10700000  79.85
2011-10-03  80.73  81.06  79.41  79.43  9185600  79.43
2011-09-30  81.25  83.26  81.08  81.09  8776100  81.09
2011-09-29  82.6  82.94  80.69  81.98  8145900  81.98
2011-09-28  82.86  83.45  81.23  81.28  7027800  81.28
2011-09-27  83.32  84.02  82.55  82.86  8043200  82.86
2011-09-26  81.22  82.61  80.08  82.49  7515500  82.49
2011-09-23  79.51  81.12  79.18  80.68  7614900  80.68
2011-09-22  79.26  80.3  78.58  79.4  10785600  79.4
2011-09-21  82.42  82.84  80.77  80.81  5777500  80.81
2011-09-20  82.41  83.62  82.18  82.47  7942200  82.47
2011-09-19  80.89  82.38  80.83  82.0  6471600  82.0
2011-09-16  81.49  81.95  81.29  81.52  7594500  81.52
2011-09-15  80.84  81.48  80.67  81.32  6755100  81.32
2011-09-14  79.68  81.06  78.89  80.1  7666600  80.1
2011-09-13  79.57  79.69  78.64  79.52  6598700  79.52
2011-09-12  77.97  79.6  77.72  79.59  8271000  79.59
2011-09-09  79.67  79.83  77.24  78.51  18444800  78.51
2011-09-08  82.33  83.1  81.82  81.82  7330000  81.82
2011-09-07  82.63  82.63  81.83  82.45  7065300  82.45
2011-09-06  80.72  82.13  80.39  82.01  7198400  82.01
2011-09-02  82.6  83.04  82.19  82.26  5250800  82.26
2011-09-01  83.35  84.11  83.13  83.17  5475400  83.17
2011-08-31  84.08  84.21  83.12  83.48  9168400  83.48
2011-08-30  83.32  84.23  83.19  83.82  6311800  83.82
2011-08-29  83.1  83.3  82.61  83.27  6261700  83.27
2011-08-26  81.31  82.99  80.55  82.48  5958600  82.48
2011-08-25  82.6  82.97  81.04  81.36  8671900  81.36
2011-08-24  81.68  82.68  81.2  82.66  8174400  82.66
2011-08-23  80.49  82.14  80.48  82.11  6617100  82.11
2011-08-22  80.9  81.53  80.1  80.49  7087900  80.49
2011-08-19  78.71  81.1  78.71  80.0  11686500  80.0
2011-08-18  79.39  80.04  77.67  78.52  11373500  78.52
2011-08-17  79.92  80.26  79.28  80.25  5407500  80.25
2011-08-16  79.29  79.97  78.58  79.49  5627300  79.49
2011-08-15  79.63  79.68  78.66  79.63  6470400  79.63
2011-08-12  79.42  79.74  78.68  79.34  6531200  79.34
2011-08-11  77.71  79.76  77.44  79.13  11112100  79.13
2011-08-10  77.9  78.39  76.69  77.12  13493400  77.12
2011-08-09  76.55  78.9  75.73  78.84  15364200  78.84
2011-08-08  76.7  77.91  75.22  75.31  14499500  75.31
2011-08-05  77.69  78.44  75.89  78.03  12502600  78.03
2011-08-04  78.32  79.3  77.27  77.3  10708800  77.3
2011-08-03  78.06  78.7  77.95  78.45  7635100  78.45
2011-08-02  78.91  79.4  77.98  78.01  5604800  78.01
2011-08-01  80.24  80.24  78.51  79.23  4400300  79.23
2011-07-29  79.02  79.66  78.71  79.32  5707000  79.32
2011-07-28  79.78  80.5  79.49  79.59  4864300  79.59
2011-07-27  80.64  80.88  79.87  79.88  6668100  79.88
2011-07-26  80.77  81.12  80.56  80.73  4729100  80.73
2011-07-25  80.67  81.63  80.51  80.82  5346000  80.82
2011-07-22  81.16  82.15  81.11  81.22  11408600  81.22
2011-07-21  79.49  79.83  78.89  79.37  6107200  79.37
2011-07-20  79.07  79.4  78.78  79.12  4114100  79.12
2011-07-19  78.6  79.12  78.47  79.07  4672200  79.07
2011-07-18  78.4  78.82  78.1  78.33  5408100  78.33
2011-07-15  78.77  78.92  77.89  78.4  5892000  78.4
2011-07-14  78.89  79.3  78.47  78.7  6764400  78.7
2011-07-13  78.19  78.65  77.78  77.92  6545200  77.92
2011-07-12  78.14  78.92  77.93  77.95  5498200  77.95
2011-07-11  78.25  78.75  78.05  78.28  5288300  78.28
2011-07-08  78.51  78.79  78.19  78.51  5200100  78.51
2011-07-07  78.87  79.14  78.56  78.93  6072300  78.93
2011-07-06  78.55  79.14  78.24  78.75  5810300  78.75
2011-07-05  78.34  78.87  78.27  78.55  5093000  78.55
2011-07-01  77.19  78.69  77.18  78.56  5829700  78.56
2011-06-30  77.69  77.88  77.27  77.34  4968000  77.34
2011-06-29  77.42  77.65  77.14  77.57  7181000  77.57
2011-06-28  75.63  77.42  75.59  77.36  8545100  77.36
2011-06-27  74.76  75.67  74.76  75.5  4528800  75.5
2011-06-24  75.47  75.8  74.95  75.06  6467700  75.06
2011-06-23  75.26  75.52  74.65  75.47  6677400  75.47
2011-06-22  75.98  76.2  75.64  75.8  4543200  75.8
2011-06-21  75.91  76.19  75.66  75.94  5818300  75.94
2011-06-20  75.5  76.1  75.31  75.84  4792800  75.84
2011-06-17  75.4  75.86  75.07  75.68  7279500  75.68
2011-06-16  74.64  75.14  74.2  75.03  5258800  75.03
2011-06-15  74.49  75.11  74.39  74.51  5353600  74.51
2011-06-14  74.34  75.07  74.11  74.72  5246300  74.72
2011-06-13  74.04  74.58  73.73  74.04  4376300  74.04
2011-06-10  74.48  74.64  73.63  73.7  5466200  73.7
2011-06-09  74.43  74.85  73.94  74.53  4540200  74.53
2011-06-08  73.54  74.75  73.38  74.43  7867600  74.43
2011-06-07  74.34  75.42  74.25  74.42  7248900  74.42
2011-06-06  73.93  74.73  73.77  74.02  6132800  74.02
2011-06-03  73.47  74.25  73.38  73.87  5752100  73.87
2011-06-02  74.24  74.54  73.79  74.06  4764400  74.06
2011-06-01  74.72  74.97  74.27  74.27  5700100  74.27
2011-05-31  75.33  75.44  74.55  74.79  7161400  74.79
2011-05-27  75.33  75.39  74.54  74.86  5443300  74.86
2011-05-26  75.44  75.53  74.83  75.04  7160900  75.04
2011-05-25  75.31  75.56  75.12  75.31  6589800  75.31
2011-05-24  75.24  75.63  75.02  75.23  6309900  75.23
2011-05-23  74.23  75.29  74.19  75.11  6550800  75.11
2011-05-20  75.37  75.42  74.64  74.95  4790700  74.95
2011-05-19  74.29  75.23  74.08  75.12  5909600  75.12
2011-05-18  73.65  74.2  73.5  74.2  4373100  74.2
2011-05-17  73.47  74.01  73.23  73.68  6471600  73.68
2011-05-16  73.23  73.97  73.23  73.87  6244100  73.87
2011-05-13  73.36  73.65  73.17  73.5  5220900  73.5
2011-05-12  72.19  73.48  72.02  73.43  6400000  73.43
2011-05-11  72.53  72.8  72.07  72.38  4304800  72.38
2011-05-10  72.4  72.7  72.17  72.57  4375800  72.57
2011-05-09  72.34  72.66  71.99  72.2  6284700  72.2
2011-05-06  71.77  72.26  71.6  71.65  6076200  71.65
2011-05-05  71.78  72.09  71.2  71.56  6407800  71.56
2011-05-04  71.83  72.2  71.75  71.98  5493400  71.98
2011-05-03  71.59  72.01  71.48  71.87  4446300  71.87
2011-05-02  71.37  71.85  71.33  71.59  4021700  71.59
2011-04-29  71.04  71.54  70.8  71.29  4500000  71.29
2011-04-28  71.01  71.41  70.58  71.04  3991900  71.04
2011-04-27  70.47  70.97  70.11  70.89  5745100  70.89
2011-04-26  70.28  70.4  69.68  70.04  4900000  70.04
2011-04-25  70.24  70.33  69.68  70.22  3831600  70.22
2011-04-21  70.47  70.73  69.65  70.02  9424100  70.02
2011-04-20  70.26  71.38  70.25  71.37  7964800  71.37
2011-04-19  69.99  70.1  69.59  69.74  4810600  69.74
2011-04-18  70.0  70.43  69.55  70.1  4937700  70.1
2011-04-15  70.37  70.6  69.79  70.45  4605700  70.45
2011-04-14  69.84  70.3  69.6  70.16  3488700  70.16
2011-04-13  70.07  70.52  69.64  70.0  4862700  70.0
2011-04-12  69.03  70.06  69.03  69.79  4769000  69.79
2011-04-11  69.34  69.65  69.19  69.42  3940500  69.42
2011-04-08  69.42  69.54  68.99  69.23  3693100  69.23
2011-04-07  69.5  69.86  68.88  69.2  5414400  69.2
2011-04-06  69.89  70.01  69.6  69.84  5657400  69.84
2011-04-05  69.43  69.87  69.17  69.74  4274100  69.74
2011-04-04  69.47  69.64  69.31  69.54  3283100  69.54
2011-04-01  69.46  69.64  69.07  69.18  3889000  69.18
2011-03-31  69.04  69.6  68.97  69.27  4505700  69.27
2011-03-30  68.74  69.23  68.7  69.02  3479500  69.02
2011-03-29  68.16  68.69  68.16  68.62  3008700  68.62
2011-03-28  68.78  68.85  68.28  68.28  3081600  68.28
2011-03-25  68.28  68.97  68.06  68.51  4652000  68.51
2011-03-24  67.91  68.27  67.81  68.21  4306800  68.21
2011-03-23  67.14  67.96  67.07  67.85  5057900  67.85
2011-03-22  67.37  67.64  66.94  67.25  4498800  67.25
2011-03-21  66.91  67.58  66.8  67.15  5353700  67.15
2011-03-18  66.9  67.18  66.36  66.45  9184100  66.45
2011-03-17  67.48  67.54  66.57  66.82  6126100  66.82
2011-03-16  68.04  68.05  66.61  66.8  10583900  66.8
2011-03-15  67.83  68.89  67.68  68.39  6933600  68.39
2011-03-14  69.28  69.56  68.7  68.89  7988500  68.89
2011-03-11  69.51  70.13  69.19  69.85  4448900  69.85
2011-03-10  68.86  70.33  68.54  69.81  8157900  69.81
2011-03-09  68.9  69.19  68.46  68.99  5337800  68.99
2011-03-08  68.94  69.23  68.25  68.77  8950300  68.77
2011-03-07  69.53  70.31  69.13  69.45  7954100  69.45
2011-03-04  69.29  69.74  68.79  69.22  5416400  69.22
2011-03-03  68.52  69.77  68.44  69.41  7390100  69.41
2011-03-02  67.97  68.1  67.04  68.0  7835300  68.0
2011-03-01  68.93  69.11  68.02  68.18  9067200  68.18
2011-02-28  67.83  69.07  67.83  68.9  11324600  68.9
2011-02-25  68.19  68.59  67.75  67.77  6499000  67.77
2011-02-24  67.7  68.02  67.31  67.91  7297100  67.91
2011-02-23  68.6  69.04  67.36  67.9  7034000  67.9
2011-02-22  68.59  69.03  68.2  68.36  7034000  68.36
2011-02-18  68.7  68.92  68.06  68.75  5446900  68.75
2011-02-17  68.55  68.75  68.36  68.61  4338400  68.61
2011-02-16  68.88  68.94  68.42  68.65  4058200  68.65
2011-02-15  68.51  68.93  68.44  68.76  3823000  68.76
2011-02-14  68.69  69.03  68.47  68.84  4512800  68.84
2011-02-11  68.44  68.83  68.18  68.75  4597900  68.75
2011-02-10  68.61  68.92  68.2  68.41  5437100  68.41
2011-02-09  68.17  68.61  67.88  68.56  5845000  68.56
2011-02-08  67.16  68.6  67.0  68.05  11855200  68.05
2011-02-07  66.94  67.14  66.19  66.33  11618600  66.33
2011-02-04  66.58  67.28  66.5  66.87  9699700  66.87
2011-02-03  66.68  67.07  66.65  66.67  11126100  66.67
2011-02-02  66.36  66.61  65.99  66.5  5841900  66.5
2011-02-01  67.02  67.05  66.1  66.34  8468900  66.34
2011-01-31  66.64  66.8  66.23  66.52  6372400  66.52
2011-01-28  67.15  67.48  65.96  66.17  9083500  66.17
2011-01-27  68.12  68.13  67.13  67.14  7610900  67.14
2011-01-26  68.26  68.37  67.86  67.88  6669000  67.88
2011-01-25  68.21  68.34  67.73  68.16  6959800  68.16
2011-01-24  67.05  68.49  66.96  68.07  16395500  68.07
2011-01-21  68.4  68.4  67.4  67.73  9825900  67.73
2011-01-20  68.08  68.39  67.44  67.87  8290300  67.87
2011-01-19  67.81  68.12  67.5  68.04  10696700  68.04
2011-01-18  67.41  68.05  67.11  67.44  11228500  67.44
2011-01-14  65.38  66.93  65.15  66.88  10570000  66.88
2011-01-13  66.32  66.41  65.43  65.62  14512600  65.62
2011-01-12  67.16  67.16  66.33  66.46  10378500  66.46
2011-01-11  66.68  67.26  66.43  66.73  8658800  66.73
2011-01-10  67.04  67.23  66.38  66.42  11338600  66.42
2011-01-07  67.14  67.35  66.46  67.16  11271900  67.16
2011-01-06  67.63  67.67  66.89  67.01  11717100  67.01
2011-01-05  67.44  67.64  67.1  67.42  17904000  67.42
2011-01-04  68.39  68.54  66.92  67.1  36471600  67.1
2011-01-03  69.62  70.06  69.17  69.17  8019700  69.17
2010-12-31  69.26  69.4  68.93  69.31  2485100  69.31
2010-12-30  69.4  69.57  69.09  69.31  2565000  69.31
2010-12-29  69.3  69.98  69.19  69.52  3583900  69.52
2010-12-28  69.03  69.18  68.58  69.02  2962900  69.02
2010-12-27  69.29  69.31  68.84  69.02  2612600  69.02
2010-12-23  69.54  69.63  69.31  69.49  2862600  69.49
2010-12-22  69.57  69.87  69.45  69.54  3518100  69.54
2010-12-21  69.65  69.65  69.08  69.4  4286100  69.4
2010-12-20  69.49  69.59  69.37  69.46  4759200  69.46
2010-12-17  69.27  69.5  69.19  69.36  8998800  69.36
2010-12-16  69.7  69.7  69.11  69.27  6483700  69.27
2010-12-15  69.74  69.93  69.45  69.51  6125800  69.51
2010-12-14  69.58  69.86  69.45  69.63  6040400  69.63
2010-12-13  70.2  70.22  69.6  69.63  6926500  69.63
2010-12-10  70.12  70.29  69.82  70.04  5321100  70.04
2010-12-09  71.52  71.52  69.94  70.08  10593300  70.08
2010-12-08  71.18  71.29  70.54  71.1  9359700  71.1
2010-12-07  72.21  73.09  72.15  72.55  7729000  72.55
2010-12-06  71.96  72.19  71.7  71.86  3113700  71.86
2010-12-03  71.61  72.05  71.38  72.02  3611200  72.02
2010-12-02  71.76  71.92  71.54  71.68  4994400  71.68
2010-12-01  71.46  71.86  71.43  71.6  5323300  71.6
2010-11-30  70.21  71.09  69.98  70.7  5558300  70.7
2010-11-29  70.38  70.86  69.67  70.67  4977600  70.67
2010-11-26  71.0  71.02  70.37  70.37  2576700  70.37
2010-11-24  71.11  71.38  71.0  71.21  4465100  71.21
2010-11-23  70.83  70.96  70.28  70.79  5460400  70.79
2010-11-22  71.12  71.26  70.84  71.25  10939500  71.25
2010-11-19  70.89  71.38  70.57  71.36  10866000  71.36
2010-11-18  70.45  71.21  70.45  70.8  11083200  70.8
2010-11-17  69.38  70.35  69.38  70.22  5272800  70.22
2010-11-16  70.43  70.46  69.1  69.37  6751400  69.37
2010-11-15  70.77  71.13  70.58  70.85  3741600  70.85
2010-11-12  71.05  71.19  70.01  70.65  4946900  70.65
2010-11-11  71.11  71.54  71.07  71.41  4438900  71.41
2010-11-10  70.84  71.3  70.48  71.23  4009900  71.23
2010-11-09  70.95  71.0  70.52  70.87  4534300  70.87
2010-11-08  70.73  71.14  70.51  71.06  4865700  71.06
2010-11-05  71.13  71.13  70.6  71.05  5243200  71.05
2010-11-04  70.89  71.2  70.64  70.94  5607000  70.94
2010-11-03  70.25  70.52  69.72  70.33  4060500  70.33
2010-11-02  70.24  70.57  70.13  70.25  3701400  70.25
2010-11-01  69.94  70.45  69.32  69.78  4957800  69.78
2010-10-29  69.53  71.59  69.35  69.68  4335000  69.68
2010-10-28  69.64  69.68  69.1  69.42  5346300  69.42
2010-10-27  70.3  70.44  68.99  69.42  8459200  69.42
2010-10-26  70.42  70.79  70.41  70.57  4030200  70.57
2010-10-25  70.77  71.0  70.45  70.51  4103000  70.51
2010-10-22  69.93  70.56  69.75  70.38  4224000  70.38
2010-10-21  70.28  71.21  70.13  70.28  7697000  70.28
2010-10-20  69.23  70.01  69.14  69.36  6420300  69.36
2010-10-19  69.06  69.54  68.7  68.98  5226000  68.98
2010-10-18  69.48  69.84  69.14  69.28  5375200  69.28
2010-10-15  69.41  69.68  68.93  69.42  6259200  69.42
2010-10-14  67.89  69.07  67.8  69.03  6616400  69.03
2010-10-13  68.0  68.16  67.57  67.87  4370700  67.87
2010-10-12  67.84  67.94  67.09  67.72  4703500  67.72
2010-10-11  68.11  68.32  67.44  67.73  3653400  67.73
2010-10-08  68.01  68.37  67.77  68.18  4118200  68.18
2010-10-07  67.66  68.09  67.66  67.97  4477200  67.97
2010-10-06  67.91  68.05  67.56  67.7  4732700  67.7
2010-10-05  67.54  68.06  67.42  67.93  5680000  67.93
2010-10-04  67.11  67.31  66.66  67.15  3900300  67.15
2010-10-01  67.24  67.38  66.79  67.13  7192400  67.13
2010-09-30  66.77  67.17  66.19  66.76  7237700  66.76
2010-09-29  66.82  66.98  66.58  66.71  4668100  66.71
2010-09-28  67.17  67.17  66.5  66.87  7047500  66.87
2010-09-27  67.4  67.54  66.97  66.98  5957400  66.98
2010-09-24  67.56  67.59  67.15  67.29  5843400  67.29
2010-09-23  67.35  67.59  66.83  66.88  5921600  66.88
2010-09-22  67.53  67.9  67.2  67.32  5141600  67.32
2010-09-21  67.49  67.88  67.1  67.66  5297300  67.66
2010-09-20  66.59  67.52  66.57  67.3  4211200  67.3
2010-09-17  66.84  67.01  66.42  66.59  7933500  66.59
2010-09-16  66.86  67.11  66.62  67.02  5073300  67.02
2010-09-15  66.05  67.05  66.04  66.94  4549400  66.94
2010-09-14  66.72  66.81  66.13  66.25  6543500  66.25
2010-09-13  67.42  67.5  66.31  66.81  7851500  66.81
2010-09-10  66.48  67.32  66.47  67.21  7483900  67.21
2010-09-09  66.6  68.16  65.99  66.63  14615200  66.63
2010-09-08  68.04  68.33  67.87  68.17  6808700  68.17
2010-09-07  67.18  68.08  67.14  67.92  7188700  67.92
2010-09-03  67.11  67.51  66.68  67.28  7328100  67.28
2010-09-02  66.98  67.26  66.57  67.22  5885200  67.22
2010-09-01  66.23  66.84  66.06  66.79  6746800  66.79
2010-08-31  65.01  65.69  65.0  65.46  5598100  65.46
2010-08-30  65.68  65.82  65.17  65.17  4192900  65.17
2010-08-27  65.34  65.87  64.8  65.8  6592900  65.8
2010-08-26  65.53  65.59  65.02  65.06  5215600  65.06
2010-08-25  64.3  65.32  64.3  65.09  6704600  65.09
2010-08-24  64.7  65.01  64.2  64.67  5846200  64.67
2010-08-23  65.39  65.75  65.21  65.22  5404300  65.22
2010-08-20  64.8  65.1  64.63  64.99  5566300  64.99
2010-08-19  65.05  65.27  64.43  64.89  6950500  64.89
2010-08-18  65.12  65.65  64.74  65.14  6030800  65.14
2010-08-17  64.11  65.49  63.8  65.12  7392900  65.12
2010-08-16  63.81  64.13  63.62  63.84  4935700  63.84
2010-08-13  63.75  64.45  63.75  63.93  5937300  63.93
2010-08-12  63.17  64.16  63.17  64.08  5641400  64.08
2010-08-11  64.04  64.32  63.59  63.65  5478000  63.65
2010-08-10  64.48  64.9  64.01  64.78  5689700  64.78
2010-08-09  64.4  65.22  64.34  64.85  8921200  64.85
2010-08-06  62.39  63.85  62.27  63.8  6775300  63.8
2010-08-05  62.69  62.69  62.11  62.65  5441500  62.65
2010-08-04  62.59  63.1  62.44  62.87  4567100  62.87
2010-08-03  62.44  63.0  62.3  62.65  4946000  62.65
2010-08-02  62.7  62.7  62.2  62.48  5873100  62.48
2010-07-30  61.29  62.23  61.0  62.01  5990300  62.01
2010-07-29  62.43  62.47  61.27  61.7  5131700  61.7
2010-07-28  62.44  62.59  61.69  62.05  6708400  62.05
2010-07-27  63.17  63.17  62.25  62.61  6214900  62.61
2010-07-26  62.29  63.03  62.17  63.03  5525400  63.03
2010-07-23  62.92  63.29  61.31  62.16  12238900  62.16
2010-07-22  62.71  63.62  62.71  63.5  6717900  63.5
2010-07-21  63.08  63.14  61.94  62.35  5734400  62.35
2010-07-20  61.78  63.11  61.76  63.03  5474300  63.03
2010-07-19  62.22  62.59  61.76  62.17  5072700  62.17
2010-07-16  63.28  63.39  62.13  62.2  5981000  62.2
2010-07-15  63.06  63.56  62.64  63.44  5470100  63.44
2010-07-14  62.69  63.12  62.39  63.05  4476100  63.05
2010-07-13  62.64  63.2  62.36  63.0  6072100  63.0
2010-07-12  61.33  62.25  61.33  62.2  5420800  62.2
2010-07-09  61.44  61.66  61.14  61.56  4513000  61.56
2010-07-08  60.3  61.5  60.07  61.38  7871200  61.38
2010-07-07  58.78  59.91  58.69  59.86  6623200  59.86
2010-07-06  59.15  59.67  58.36  58.79  5940700  58.79
2010-07-02  59.36  59.58  58.66  58.82  5280600  58.82
2010-07-01  59.34  59.5  58.08  59.33  10924400  59.33
2010-06-30  58.95  59.44  58.52  58.58  7204900  58.58
2010-06-29  59.23  59.39  58.77  59.1  8715200  59.1
2010-06-28  60.1  60.38  59.81  59.88  4427700  59.88
2010-06-25  60.22  60.73  59.92  59.96  8041700  59.96
2010-06-24  60.85  60.95  60.12  60.23  5942800  60.23
2010-06-23  61.2  61.63  60.89  61.03  5443200  61.03
2010-06-22  62.26  62.58  60.96  61.04  5487700  61.04
2010-06-21  62.49  62.7  62.05  62.18  5203100  62.18
2010-06-18  62.48  62.64  62.09  62.15  8817900  62.15
2010-06-17  62.74  62.77  61.7  62.3  7014900  62.3
2010-06-16  62.31  62.7  62.26  62.51  4548500  62.51
2010-06-15  62.2  62.69  62.12  62.61  6419900  62.61
2010-06-14  62.21  62.23  61.63  61.63  4525300  61.63
2010-06-11  61.24  61.85  61.14  61.84  5367100  61.84
2010-06-10  61.34  61.73  61.1  61.69  6743600  61.69
2010-06-09  61.08  61.28  60.51  60.71  8921800  60.71
2010-06-08  59.73  60.87  58.52  60.81  13565800  60.81
2010-06-07  59.26  60.31  58.92  59.36  9808400  59.36
2010-06-04  59.43  60.56  59.16  59.32  7558000  59.32
2010-06-03  60.3  60.7  59.98  60.34  4402500  60.34
2010-06-02  59.17  60.3  58.87  60.27  5750400  60.27
2010-06-01  58.9  59.86  58.74  59.02  5367700  59.02
2010-05-28  59.8  60.15  59.36  59.47  7164800  59.47
2010-05-27  59.06  59.76  58.71  59.76  9728000  59.76
2010-05-26  59.88  60.03  58.21  58.22  11525200  58.22
2010-05-25  58.73  59.83  58.38  59.83  9257900  59.83
2010-05-24  59.83  60.42  59.32  59.67  6733300  59.67
2010-05-21  59.15  60.01  57.81  59.85  12614800  59.85
2010-05-20  60.45  61.17  59.64  59.67  13571000  59.67
2010-05-19  61.43  61.69  60.76  61.2  7814300  61.2
2010-05-18  62.2  62.45  61.59  61.75  6897800  61.75
2010-05-17  61.58  61.96  61.16  61.86  7467000  61.86
2010-05-14  61.98  62.13  60.94  61.37  9111400  61.37
2010-05-13  62.37  62.89  62.14  62.18  5734000  62.18
2010-05-12  62.37  62.56  61.86  62.32  5655500  62.32
2010-05-11  61.89  62.71  61.85  62.16  6709900  62.16
2010-05-10  61.8  62.66  61.52  62.25  10903300  62.25
2010-05-07  60.87  61.14  59.46  59.98  15280700  59.98
2010-05-06  62.13  63.05  59.52  61.22  16489600  61.22
2010-05-05  62.09  62.67  61.85  62.32  9577700  62.32
2010-05-04  62.75  62.88  62.0  62.3  7240200  62.3
2010-05-03  62.51  63.36  62.31  62.99  5990600  62.99
2010-04-30  63.08  63.24  62.07  62.25  6966600  62.25
2010-04-29  62.24  63.23  62.24  63.07  7357400  63.07
2010-04-28  62.15  62.37  61.52  62.03  7589400  62.03
2010-04-27  62.36  62.91  62.09  62.2  8154400  62.2
2010-04-26  62.88  62.98  62.37  62.63  6035600  62.63
2010-04-23  62.81  62.93  62.4  62.75  5923700  62.75
2010-04-22  61.95  63.03  61.84  62.64  7139600  62.64
2010-04-21  62.28  62.78  61.78  62.05  10738100  62.05
2010-04-20  61.71  62.25  61.69  62.03  7340300  62.03
2010-04-19  60.85  61.7  60.84  61.66  7157900  61.66
2010-04-16  60.95  61.1  60.26  60.88  7876100  60.88
2010-04-15  61.12  61.28  60.82  60.99  4767200  60.99
2010-04-14  61.01  61.32  60.89  61.22  6193000  61.22
2010-04-13  60.57  60.89  60.24  60.78  5652600  60.78
2010-04-12  60.65  60.72  60.3  60.44  4025000  60.44
2010-04-09  60.55  60.65  60.09  60.57  5622100  60.57
2010-04-08  59.88  60.88  59.86  60.64  7141000  60.64
2010-04-07  59.8  60.09  59.32  59.71  6623700  59.71
2010-04-06  59.76  59.93  59.66  59.8  3318300  59.8
2010-04-05  59.76  60.15  59.76  60.0  4875200  60.0
2010-04-01  59.14  59.71  59.14  59.6  5474200  59.6
2010-03-31  59.22  59.43  58.76  58.84  5765600  58.84
2010-03-30  59.19  59.52  59.02  59.3  5093500  59.3
2010-03-29  59.49  59.51  58.73  59.15  6522600  59.15
2010-03-26  59.17  59.49  59.03  59.32  5984100  59.32
2010-03-25  59.2  59.48  58.95  59.0  5705600  59.0
2010-03-24  59.08  59.25  58.72  58.91  6363700  58.91
2010-03-23  59.21  59.4  58.94  59.4  8057700  59.4
2010-03-22  58.27  59.31  58.12  59.1  7386400  59.1
2010-03-19  58.99  59.01  58.2  58.67  10230000  58.67
2010-03-18  58.62  58.86  58.53  58.81  6206700  58.81
2010-03-17  58.41  58.59  58.09  58.54  4818800  58.54
2010-03-16  58.4  58.42  58.03  58.27  5705600  58.27
2010-03-15  57.94  58.37  57.93  58.14  5715100  58.14
2010-03-12  57.73  58.19  57.64  57.79  6601700  57.79
2010-03-11  57.15  57.51  57.03  57.51  4350400  57.51
2010-03-10  57.34  57.53  57.08  57.27  6900200  57.27
2010-03-09  57.31  57.76  57.18  57.41  7126900  57.41
2010-03-08  56.8  57.8  56.65  57.43  11825600  57.43
2010-03-05  56.19  56.23  55.78  56.15  8154600  56.15
2010-03-04  56.26  56.26  55.83  55.94  5958200  55.94
2010-03-03  56.67  56.75  55.96  56.12  6396100  56.12
2010-03-02  56.81  56.81  56.36  56.5  6271700  56.5
2010-03-01  56.42  56.56  56.15  56.42  6320300  56.42
2010-02-26  56.85  57.09  56.31  56.31  8288400  56.31
2010-02-25  56.7  57.01  56.23  56.78  8500000  56.78
2010-02-24  56.81  57.32  56.64  57.07  7579700  57.07
2010-02-23  56.65  56.89  56.58  56.73  7485700  56.73
2010-02-22  56.78  56.78  56.52  56.64  4274900  56.64
2010-02-19  56.37  56.74  56.23  56.61  5622600  56.61
2010-02-18  56.07  56.51  55.97  56.39  4975800  56.39
2010-02-17  56.15  56.27  55.76  56.19  5424600  56.19
2010-02-16  55.53  56.13  55.34  55.98  7090200  55.98
2010-02-12  55.28  55.87  55.26  55.61  6749800  55.61
2010-02-11  55.31  55.82  54.69  55.78  7478900  55.78
2010-02-10  55.56  55.82  55.07  55.31  6161300  55.31
2010-02-09  55.22  55.83  54.89  55.59  10131500  55.59
2010-02-08  55.51  55.79  55.02  55.02  6975100  55.02
2010-02-05  56.03  56.27  54.77  55.42  14007600  55.42
2010-02-04  57.01  57.08  55.99  56.02  10868400  56.02
2010-02-03  56.52  57.5  56.51  57.03  13695300  57.03
2010-02-02  55.85  56.01  55.4  55.99  7271400  55.99
2010-02-01  54.94  55.94  54.94  55.87  8062700  55.87
2010-01-29  54.93  55.28  54.56  54.59  7589600  54.59
2010-01-28  55.83  55.85  54.87  54.94  8560100  54.94
2010-01-27  55.68  55.97  55.35  55.73  8080800  55.73
2010-01-26  54.87  55.97  54.87  55.8  9292700  55.8
2010-01-25  55.39  55.62  55.02  55.17  6382200  55.17
2010-01-22  55.29  56.65  54.92  55.43  15645900  55.43
2010-01-21  55.07  55.62  54.92  55.27  11724100  55.27
2010-01-20  55.52  55.62  54.87  55.1  6996800  55.1
2010-01-19  55.0  55.81  54.89  55.51  8551500  55.51
2010-01-15  54.8  55.07  54.26  54.46  9429100  54.46
2010-01-14  54.71  54.86  54.3  54.79  7095600  54.79
2010-01-13  54.97  55.34  54.7  54.73  8623000  54.73
2010-01-12  54.25  54.8  54.22  54.8  7199400  54.8
2010-01-11  54.24  54.6  54.09  54.5  6081300  54.5
2010-01-08  54.46  54.58  53.87  54.08  6107300  54.08
2010-01-07  53.56  54.51  53.44  54.13  7517700  54.13
2010-01-06  54.4  54.58  53.4  53.74  10551300  53.74
2010-01-05  54.79  54.87  54.38  54.48  7099000  54.48
2010-01-04  54.77  55.15  54.49  54.9  5839300  54.9
