Date  Open  High  Low  Close  Volume  Adj Close
2014-02-28  74.68  75.49  72.8  74.0  4245700  74.0
2014-02-27  72.04  72.07  70.69  71.16  2103800  71.16
2014-02-26  71.59  71.89  70.92  71.0  1369400  71.0
2014-02-25  73.53  73.75  71.16  71.39  2522000  71.39
2014-02-24  75.0  75.63  74.44  74.52  1917900  74.52
2014-02-21  75.16  75.41  74.25  74.79  1714700  74.79
2014-02-20  73.18  75.04  73.18  74.7  1985400  74.7
2014-02-19  71.83  73.19  71.44  73.15  1301500  73.15
2014-02-18  71.99  72.22  71.03  72.01  1120600  72.01
2014-02-14  71.0  71.87  70.8  71.59  931500  71.59
2014-02-13  71.29  71.51  70.33  71.33  1481100  71.33
2014-02-12  73.3  73.3  71.55  71.8  1824300  71.8
2014-02-11  70.94  73.24  70.87  72.98  2513100  72.98
2014-02-10  67.82  70.77  67.16  70.69  1393800  70.69
2014-02-07  68.1  69.4  66.98  68.47  1645400  68.47
2014-02-06  66.99  68.46  66.6  68.02  1588600  68.02
2014-02-05  66.87  67.39  66.52  66.65  1820800  66.65
2014-02-04  67.27  67.59  66.54  67.39  1406700  67.39
2014-02-03  68.11  68.43  66.44  66.94  1832800  66.94
2014-01-31  66.98  68.49  66.31  67.9  1319900  67.9
2014-01-30  68.09  69.16  67.9  68.67  1215600  68.67
2014-01-29  68.57  68.62  67.61  67.77  1204800  67.77
2014-01-28  67.84  69.25  67.57  68.95  1570300  68.95
2014-01-27  67.74  68.1  67.17  67.72  1504600  67.72
2014-01-24  68.72  68.72  66.98  67.55  1128500  67.55
2014-01-23  69.29  69.75  68.4  69.04  914200  69.04
2014-01-22  69.76  70.11  69.41  69.91  793500  69.91
2014-01-21  69.53  70.3  69.25  69.78  1251700  69.78
2014-01-17  68.72  69.5  68.72  69.12  836400  69.12
2014-01-16  69.33  69.81  68.97  69.54  643300  69.54
2014-01-15  69.13  69.35  68.27  69.09  871200  69.09
2014-01-14  69.84  69.84  68.75  69.22  1300200  69.22
2014-01-13  70.45  70.49  69.1  69.72  2702100  69.72
2014-01-10  67.65  70.41  67.31  69.82  3289400  69.82
2014-01-09  68.66  68.77  67.08  67.55  1372600  67.55
2014-01-08  68.17  69.52  68.13  68.39  2614100  68.39
2014-01-07  67.27  68.61  67.11  67.74  1869900  67.74
2014-01-06  67.47  67.75  66.45  66.46  2186400  66.46
2014-01-03  68.3  68.3  67.25  67.52  1618200  67.52
2014-01-02  67.88  67.99  66.65  66.78  1530100  66.78
2013-12-31  67.94  68.01  67.29  67.77  584800  67.77
2013-12-30  67.56  68.22  67.43  67.8  627600  67.8
2013-12-27  67.73  68.33  67.02  67.42  518600  67.42
2013-12-26  67.23  67.72  66.95  67.46  597700  67.46
2013-12-24  67.35  67.43  66.6  67.36  295700  67.36
2013-12-23  66.43  67.36  66.36  67.11  1379700  67.11
2013-12-20  66.62  67.42  66.19  66.24  2139900  66.24
2013-12-19  65.41  66.55  64.63  66.24  1896000  66.24
2013-12-18  63.5  65.25  63.04  65.16  1869900  65.16
2013-12-17  61.7  64.02  61.66  63.39  1535400  63.39
2013-12-16  63.68  64.21  62.93  63.6  2013100  63.6
2013-12-13  61.93  62.28  61.29  61.46  858500  61.46
2013-12-12  62.37  62.74  61.34  61.59  1165700  61.59
2013-12-11  63.54  63.57  62.62  62.69  988000  62.69
2013-12-10  63.12  63.45  62.97  63.27  1078100  63.27
2013-12-09  63.04  63.3  62.69  63.11  798500  63.11
2013-12-06  62.9  63.37  62.18  63.05  1051500  63.05
2013-12-05  62.19  62.53  61.18  62.29  1453900  62.29
2013-12-04  61.04  62.56  60.57  62.49  2264800  62.49
2013-12-03  59.16  61.38  59.16  61.27  2351800  61.27
2013-12-02  61.64  61.65  59.29  59.51  2121400  59.51
2013-11-29  60.0  60.25  59.08  59.18  505500  59.18
2013-11-27  59.19  59.99  58.77  59.85  1183500  59.85
2013-11-26  57.71  59.0  57.57  58.8  2634800  58.8
2013-11-25  57.67  58.54  57.07  57.22  1737100  57.22
2013-11-22  57.07  57.48  56.92  57.32  1685900  57.32
2013-11-21  56.9  57.55  56.76  57.14  1388700  57.14
2013-11-20  57.09  57.44  56.74  56.85  1343200  56.85
2013-11-19  56.96  57.61  56.78  57.06  1275500  57.06
2013-11-18  57.64  57.95  56.98  57.03  1239900  57.03
2013-11-15  58.49  58.49  56.66  57.46  1200200  57.46
2013-11-14  57.27  58.15  57.09  57.72  1065600  57.72
2013-11-13  55.9  57.15  55.64  57.09  1247400  57.09
2013-11-12  55.55  56.54  55.44  55.99  1651600  55.99
2013-11-11  55.18  56.02  55.06  55.8  1501800  55.8
2013-11-08  55.91  57.68  54.41  55.16  3332600  55.16
2013-11-07  57.75  57.85  57.03  57.11  1883200  57.11
2013-11-06  57.51  58.0  56.86  57.83  1190500  57.83
2013-11-05  56.81  58.18  56.5  57.52  1075700  57.52
2013-11-04  56.76  57.33  56.59  56.7  1119300  56.7
2013-11-01  57.55  57.7  56.45  56.69  1036500  56.69
2013-10-31  57.96  58.2  57.15  57.23  979300  57.23
2013-10-30  58.32  58.92  57.5  58.0  708100  58.0
2013-10-29  58.72  58.98  58.03  58.53  1044300  58.53
2013-10-28  58.94  59.0  58.14  58.5  1056600  58.5
2013-10-25  57.63  58.37  57.44  58.15  815900  58.15
2013-10-24  56.84  57.61  56.43  57.36  1675200  57.36
2013-10-23  57.09  57.72  56.71  56.74  982600  56.74
2013-10-22  57.48  58.08  57.37  57.58  798300  57.58
2013-10-21  57.96  58.14  57.06  57.43  1411600  57.43
2013-10-18  57.95  58.59  57.2  57.72  1703900  57.72
2013-10-17  56.78  58.65  56.52  57.45  2303600  57.45
2013-10-16  55.84  56.84  55.68  56.47  1583900  56.47
2013-10-15  54.96  55.75  54.78  55.56  1755300  55.56
2013-10-14  53.35  55.4  53.27  55.13  1373700  55.13
2013-10-11  53.59  53.94  53.12  53.75  954900  53.75
2013-10-10  53.62  53.89  52.93  53.85  964100  53.85
2013-10-09  53.52  54.49  52.93  53.26  2814400  53.26
2013-10-08  51.52  54.65  51.26  53.59  3873600  53.59
2013-10-07  51.41  52.02  51.15  51.65  1460100  51.65
2013-10-04  51.81  52.44  51.51  51.87  1876200  51.87
2013-10-03  52.09  52.15  51.62  51.75  1811300  51.75
2013-10-02  51.97  52.25  51.71  52.22  2051200  52.22
2013-10-01  52.43  52.64  52.01  52.6  1670000  52.6
2013-09-30  52.9  52.98  51.85  52.25  1690900  52.25
2013-09-27  53.41  53.61  52.77  53.07  1038000  53.07
2013-09-26  54.4  54.9  53.06  53.57  1263700  53.57
2013-09-25  54.6  55.22  53.95  54.34  822800  54.34
2013-09-24  55.28  55.58  54.58  54.74  944600  54.74
2013-09-23  54.87  55.82  54.34  54.86  1511400  54.86
2013-09-20  55.64  56.02  53.85  55.9  5678600  55.9
2013-09-19  58.25  58.74  56.11  56.17  1885300  56.17
2013-09-18  57.04  58.17  56.49  58.03  1228900  58.03
2013-09-17  55.98  57.82  55.81  57.03  1136100  57.03
2013-09-16  55.81  56.59  55.49  55.75  738100  55.75
2013-09-13  55.15  55.35  54.34  55.05  996200  55.05
2013-09-12  55.34  55.43  54.89  55.1  952600  55.1
2013-09-11  55.77  56.24  55.26  55.52  1474300  55.52
2013-09-10  56.54  56.54  55.79  56.03  1063400  56.03
2013-09-09  55.1  56.33  54.89  56.22  1229500  56.22
2013-09-06  56.47  56.47  55.12  55.25  1102000  55.25
2013-09-05  56.23  56.49  55.77  56.14  994600  56.14
2013-09-04  53.75  56.67  53.53  56.05  2688200  56.05
2013-09-03  58.16  58.19  53.94  54.02  4556100  54.02
2013-08-30  57.26  57.5  56.78  57.39  940200  57.39
2013-08-29  57.43  57.89  56.93  56.98  946800  56.98
2013-08-28  57.99  58.43  57.54  57.66  797800  57.66
2013-08-27  58.29  58.57  57.91  57.98  873400  57.98
2013-08-26  59.53  59.97  58.66  58.99  916100  58.99
2013-08-23  60.33  61.16  59.3  59.6  1589700  59.6
2013-08-22  58.92  60.16  58.87  60.09  527800  60.09
2013-08-21  59.17  59.78  58.85  58.99  1094000  58.99
2013-08-20  59.07  59.59  58.65  59.24  1067300  59.24
2013-08-19  58.24  59.33  57.99  59.11  1170100  59.11
2013-08-16  58.38  58.79  57.63  58.24  1138200  58.24
2013-08-15  60.03  60.18  58.53  58.58  1438100  58.58
2013-08-14  61.64  61.79  60.39  60.57  1367300  60.57
2013-08-13  63.15  63.54  61.62  61.8  1268700  61.8
2013-08-12  63.26  63.27  61.1  62.76  2023000  62.76
2013-08-09  64.0  66.12  63.64  63.7  4625800  63.7
2013-08-08  62.8  63.65  62.43  63.47  2351800  63.47
2013-08-07  62.79  63.37  62.43  62.46  1579400  62.46
2013-08-06  63.37  63.63  62.43  62.98  1043700  62.98
2013-08-05  63.44  63.61  62.44  63.44  645300  63.44
2013-08-02  62.65  63.47  62.54  63.37  786000  63.37
2013-08-01  61.42  62.96  61.42  62.52  1223300  62.52
2013-07-31  60.72  61.69  60.44  60.99  2445900  60.99
2013-07-30  60.94  61.6  60.15  60.27  2091100  60.27
2013-07-29  63.23  63.61  60.4  60.61  1869900  60.61
2013-07-26  62.68  63.18  61.99  62.88  546500  62.88
2013-07-25  62.96  63.45  62.56  63.3  699100  63.3
2013-07-24  64.65  64.84  62.39  63.23  1295800  63.23
2013-07-23  64.61  64.88  63.89  64.65  961400  64.65
2013-07-22  63.96  64.83  63.78  64.63  1595100  64.63
2013-07-19  63.4  63.66  62.4  63.39  1075100  63.39
2013-07-18  63.76  63.76  62.3  63.26  1185400  63.26
2013-07-17  60.89  63.75  60.89  62.72  2193600  62.72
2013-07-16  60.9  61.04  60.37  60.63  1155800  60.63
2013-07-15  60.9  61.15  60.44  60.8  1565800  60.8
2013-07-12  60.55  60.99  59.43  59.86  1165500  59.86
2013-07-11  60.3  60.97  59.95  60.45  1066200  60.45
2013-07-10  59.62  60.12  59.15  59.6  1069700  59.6
2013-07-09  60.82  61.37  59.71  59.78  935200  59.78
2013-07-08  61.13  61.32  60.29  60.62  787800  60.62
2013-07-05  60.79  60.98  59.86  60.59  476500  60.59
2013-07-03  60.13  60.58  59.56  60.25  533500  60.25
2013-07-02  60.29  60.76  59.86  60.4  1109600  60.4
2013-07-01  61.1  61.84  60.6  60.82  1331800  60.82
2013-06-28  60.09  61.82  59.84  60.83  2971600  60.83
2013-06-27  58.01  59.71  58.0  59.65  1225800  59.65
2013-06-26  57.52  58.33  57.39  57.75  844500  57.75
2013-06-25  57.2  57.77  56.83  57.2  1055500  57.2
2013-06-24  56.06  57.2  55.52  56.82  1670600  56.82
2013-06-21  56.12  56.87  54.59  56.22  2955600  56.22
2013-06-20  57.76  57.93  55.9  56.04  1374900  56.04
2013-06-19  59.58  60.77  58.28  58.36  1511100  58.36
2013-06-18  59.99  60.35  59.17  59.63  1074400  59.63
2013-06-17  59.68  61.22  59.19  59.61  1884600  59.61
2013-06-14  61.67  62.94  58.71  59.26  2737300  59.26
2013-06-13  61.71  62.1  61.3  62.0  1451400  62.0
2013-06-12  61.76  62.49  61.69  61.9  1227800  61.9
2013-06-11  61.63  62.43  61.3  61.37  1004600  61.37
2013-06-10  61.84  62.32  61.31  62.2  1159200  62.2
2013-06-07  59.82  62.34  59.59  61.62  3244900  61.62
2013-06-06  58.8  59.97  58.35  59.74  2109900  59.74
2013-06-05  59.28  61.48  58.28  58.62  3874600  58.62
2013-06-04  56.28  59.79  55.74  59.6  5591100  59.6
2013-06-03  54.43  54.82  53.57  53.96  1827400  53.96
2013-05-31  54.76  55.64  54.51  54.59  1524200  54.59
2013-05-30  55.06  55.56  54.75  54.82  961800  54.82
2013-05-29  55.18  55.49  54.23  54.87  1243700  54.87
2013-05-28  56.45  56.87  55.25  55.49  1064800  55.49
2013-05-24  56.38  56.51  55.51  55.91  1087300  55.91
2013-05-23  56.69  56.96  56.01  56.75  1217800  56.75
2013-05-22  57.25  59.34  56.63  56.88  2198200  56.88
2013-05-21  56.27  56.89  55.92  56.43  2030200  56.43
2013-05-20  56.51  56.84  55.74  56.27  1287400  56.27
2013-05-17  57.5  57.54  56.09  56.91  1488800  56.91
2013-05-16  57.61  58.83  57.17  57.21  2003900  57.21
2013-05-15  56.3  57.89  55.99  57.8  2132200  57.8
2013-05-14  55.25  56.76  54.5  56.42  3156400  56.42
2013-05-13  53.7  54.87  52.84  53.83  3224400  53.83
2013-05-10  54.0  54.37  53.11  54.23  2837300  54.23
2013-05-09  51.25  54.01  50.75  54.01  9439000  54.01
2013-05-08  57.21  57.78  56.31  56.97  3505500  56.97
2013-05-07  56.25  57.26  55.72  57.15  1710500  57.15
2013-05-06  57.28  57.4  55.34  56.18  1931300  56.18
2013-05-03  55.97  58.29  55.97  57.44  1410300  57.44
2013-05-02  55.72  56.5  55.45  55.5  1013600  55.5
2013-05-01  55.46  56.26  54.88  55.92  1925600  55.92
2013-04-30  56.38  56.84  55.45  56.4  1277200  56.4
2013-04-29  56.65  56.8  56.29  56.5  962800  56.5
2013-04-26  56.5  57.11  56.46  56.65  1129300  56.65
2013-04-25  57.75  57.98  56.74  56.86  2208800  56.86
2013-04-24  56.94  58.57  56.94  57.49  2671800  57.49
2013-04-23  55.91  57.3  55.76  56.69  1368200  56.69
2013-04-22  55.66  56.29  55.28  55.59  1519800  55.59
2013-04-19  54.9  56.34  54.71  55.71  1279300  55.71
2013-04-18  55.55  56.65  54.95  55.22  1314300  55.22
2013-04-17  56.08  57.83  55.43  55.68  2038600  55.68
2013-04-16  55.48  56.77  55.26  56.49  1634900  56.49
2013-04-15  56.64  57.59  55.27  55.32  2326400  55.32
2013-04-12  55.93  56.94  55.05  56.75  1989400  56.75
2013-04-11  55.07  55.93  54.8  55.86  2415200  55.86
2013-04-10  52.57  55.46  52.57  54.79  2676600  54.79
2013-04-09  52.3  53.68  51.87  52.67  2857300  52.67
2013-04-08  49.87  52.17  49.68  52.01  3299500  52.01
2013-04-05  49.57  50.24  49.15  49.68  1820600  49.68
2013-04-04  48.5  50.3  48.18  50.28  2755600  50.28
2013-04-03  48.37  48.83  47.83  48.28  1421300  48.28
2013-04-02  47.91  49.2  47.62  48.61  1748700  48.61
2013-04-01  47.74  48.06  47.16  47.66  1199800  47.66
2013-03-28  48.05  48.08  47.24  47.74  1541800  47.74
2013-03-27  48.41  48.64  47.4  48.01  1734500  48.01
2013-03-26  48.6  49.03  48.36  48.83  1201700  48.83
2013-03-25  48.71  48.87  48.06  48.38  1610400  48.38
2013-03-22  48.75  50.11  48.06  48.5  2995300  48.5
2013-03-21  50.54  51.02  50.03  50.35  1593500  50.35
2013-03-20  49.94  51.09  49.7  51.0  1494600  51.0
2013-03-19  48.32  50.32  48.23  49.72  3108800  49.72
2013-03-18  48.08  48.17  47.6  48.12  1800300  48.12
2013-03-15  47.18  48.51  46.97  48.38  4012300  48.38
2013-03-14  47.07  47.68  46.68  47.13  1250400  47.13
2013-03-13  46.5  47.86  46.27  47.09  2298700  47.09
2013-03-12  46.9  47.17  45.38  46.19  2476400  46.19
2013-03-11  47.24  47.4  45.84  47.09  2419000  47.09
2013-03-08  48.08  48.17  47.24  47.34  1728300  47.34
2013-03-07  49.08  49.13  47.66  47.75  2410800  47.75
2013-03-06  49.13  49.31  48.22  48.68  1780900  48.68
2013-03-05  49.85  50.27  48.76  49.05  1939400  49.05
2013-03-04  50.31  50.31  49.14  49.81  2018800  49.81
2013-03-01  50.14  51.01  49.05  50.66  2748200  50.66
2013-02-28  52.64  53.88  50.26  50.46  6617600  50.46
2013-02-27  48.81  50.25  48.38  49.62  2601400  49.62
2013-02-26  49.72  49.94  48.26  48.95  1482400  48.95
2013-02-25  51.03  51.58  49.63  49.64  1604200  49.64
2013-02-22  49.84  51.56  49.8  50.69  1345500  50.69
2013-02-21  50.45  51.6  49.11  49.76  2276000  49.76
2013-02-20  49.66  50.97  49.12  50.67  2304000  50.67
2013-02-19  50.66  50.78  49.03  49.68  2668800  49.68
2013-02-15  47.42  51.88  47.08  51.08  6850400  51.08
2013-02-14  47.69  48.16  46.46  47.69  2014500  47.69
2013-02-13  46.67  49.32  45.95  47.69  3222300  47.69
2013-02-12  47.41  47.55  46.53  46.76  1188600  46.76
2013-02-11  46.95  47.77  46.67  47.45  1195800  47.45
2013-02-08  48.28  48.53  46.46  46.84  2189800  46.84
2013-02-07  49.61  49.7  47.86  48.15  1626300  48.15
2013-02-06  48.16  50.22  48.16  49.45  1682000  49.45
2013-02-05  48.05  48.95  47.44  48.33  1699000  48.33
2013-02-04  47.55  48.01  47.24  47.6  1176800  47.6
2013-02-01  48.38  48.66  47.3  47.65  1853400  47.65
2013-01-31  47.89  48.38  46.9  47.9  1617700  47.9
2013-01-30  47.32  48.9  47.25  48.18  1419000  48.18
2013-01-29  47.63  48.25  47.06  47.24  1782200  47.24
2013-01-28  46.91  47.79  46.72  47.45  1316800  47.45
2013-01-25  47.37  47.84  46.54  46.71  1573700  46.71
2013-01-24  48.55  48.82  46.91  47.27  1683400  47.27
2013-01-23  48.76  48.98  47.74  48.06  1754900  48.06
2013-01-22  47.92  48.63  46.97  48.54  2269600  48.54
2013-01-18  49.91  49.95  45.8  47.82  5940500  47.82
2013-01-17  50.84  50.97  48.84  49.84  2778000  49.84
2013-01-16  50.78  51.09  50.03  50.55  1130100  50.55
2013-01-15  50.76  51.39  50.51  51.05  1122900  51.05
2013-01-14  50.31  50.92  49.8  50.77  1397000  50.77
2013-01-11  48.85  51.06  48.8  50.92  2256400  50.92
2013-01-10  50.8  50.8  47.98  48.76  2444400  48.76
2013-01-09  50.85  50.85  49.87  50.33  965400  50.33
2013-01-08  50.06  50.82  49.32  50.73  2156100  50.73
2013-01-07  51.91  52.33  49.06  50.06  3502100  50.06
2013-01-04  52.26  52.8  51.84  51.89  1614100  51.89
2013-01-03  54.06  54.2  51.96  52.21  2147600  52.21
2013-01-02  53.7  54.34  53.38  54.23  2029700  54.23
2012-12-31  51.87  53.0  51.74  52.84  1169200  52.84
2012-12-28  51.85  52.32  51.77  51.88  602000  51.88
2012-12-27  52.16  52.67  51.64  52.22  929500  52.22
2012-12-26  52.35  52.73  51.87  52.02  624300  52.02
2012-12-24  52.07  52.45  51.5  52.42  458300  52.42
2012-12-21  51.59  52.41  50.81  52.09  2580100  52.09
2012-12-20  53.19  53.41  51.91  52.12  1344800  52.12
2012-12-19  53.45  53.68  52.22  53.06  1273000  53.06
2012-12-18  52.9  53.88  52.11  53.51  2014900  53.51
2012-12-17  53.48  53.84  52.68  52.76  2486300  52.76
2012-12-14  54.63  54.68  53.27  53.38  2369600  53.38
2012-12-13  56.65  56.96  54.57  54.69  2405000  54.69
2012-12-12  55.38  57.36  55.0  56.8  3980100  56.8
2012-12-11  54.6  56.46  53.82  54.91  3935300  54.91
2012-12-10  53.03  53.98  52.43  52.84  2038200  52.84
2012-12-07  51.93  52.9  51.21  52.78  1371700  52.78
2012-12-06  51.9  52.03  51.0  51.85  2169100  51.85
2012-12-05  51.85  52.55  51.51  51.63  1679500  51.63
2012-12-04  51.88  52.18  50.83  51.66  1745800  51.66
2012-12-03  52.37  52.56  51.54  51.88  1621100  51.88
2012-11-30  51.9  52.31  51.31  52.05  2140400  52.05
2012-11-29  52.06  52.39  51.11  51.69  1797000  51.69
2012-11-28  51.82  51.84  50.02  51.36  4228600  51.36
2012-11-27  45.86  53.19  45.56  51.97  13181000  51.97
2012-11-26  45.92  46.24  45.67  45.88  1405100  45.88
2012-11-23  45.78  46.0  45.24  45.94  582200  45.94
2012-11-21  45.12  45.88  44.67  45.74  1299800  45.74
2012-11-20  45.14  45.77  44.1  44.89  2214100  44.89
2012-11-19  46.05  46.43  44.61  45.23  2181800  45.23
2012-11-16  44.81  46.71  44.55  45.47  3263400  45.47
2012-11-15  42.64  44.94  42.44  44.81  4408200  44.81
2012-11-14  46.42  46.42  44.68  44.74  1781600  44.74
2012-11-13  45.28  46.75  45.17  46.39  2110800  46.39
2012-11-12  45.63  45.64  44.97  45.16  2020000  45.16
2012-11-09  44.21  45.59  44.05  45.26  2335100  45.26
2012-11-08  40.29  45.0  39.99  44.4  8167300  44.4
2012-11-07  44.5  45.74  44.09  44.97  3639400  44.97
2012-11-06  45.19  45.71  44.41  45.09  2013100  45.09
2012-11-05  44.0  45.3  43.78  45.04  1990300  45.04
2012-11-02  43.8  44.95  42.87  44.03  2549400  44.03
2012-11-01  44.71  45.58  43.11  44.99  2787200  44.99
2012-10-31  45.81  45.97  44.06  44.65  2590800  44.65
2012-10-26  46.77  47.09  44.4  45.86  3764800  45.86
2012-10-25  47.81  48.07  46.22  47.09  5128000  47.09
2012-10-24  42.98  48.15  42.6  47.97  12763100  47.97
2012-10-23  44.55  44.6  40.06  41.08  19261700  41.08
2012-10-22  53.46  53.54  43.6  45.73  21830400  45.73
2012-10-19  55.99  56.0  52.52  53.32  3356200  53.32
2012-10-18  57.39  57.4  55.81  56.03  2031100  56.03
2012-10-17  58.59  58.76  57.09  57.18  1371100  57.18
2012-10-16  58.65  59.07  58.25  58.42  1825900  58.42
2012-10-15  57.5  58.39  57.24  58.31  2604200  58.31
2012-10-12  54.45  57.25  54.41  57.08  3729400  57.08
2012-10-11  54.49  54.76  54.1  54.44  2145900  54.44
2012-10-10  53.62  55.05  53.5  53.63  3575000  53.63
2012-10-09  56.68  57.24  56.5  56.74  1684300  56.74
2012-10-08  56.79  57.16  56.66  56.99  1382000  56.99
2012-10-05  55.69  57.25  55.38  57.03  1916000  57.03
2012-10-04  54.5  55.73  54.19  55.38  1308900  55.38
2012-10-03  54.82  55.32  54.1  54.38  1371100  54.38
2012-10-02  55.3  55.34  54.34  54.69  1431100  54.69
2012-10-01  54.29  55.96  54.02  55.03  2338300  55.03
2012-09-28  53.5  54.3  53.31  54.06  1678900  54.06
2012-09-27  53.37  53.96  52.84  53.44  1248500  53.44
2012-09-26  53.87  54.39  53.2  53.31  1787300  53.31
2012-09-25  54.55  54.84  53.94  53.99  1779400  53.99
2012-09-24  54.13  54.63  53.61  54.4  2236900  54.4
2012-09-21  56.07  56.32  54.36  54.7  3575900  54.7
2012-09-20  53.76  56.41  53.75  55.52  2928900  55.52
2012-09-19  52.36  54.59  52.36  53.75  2499800  53.75
2012-09-18  53.05  53.15  52.13  52.38  2214300  52.38
2012-09-17  53.85  54.3  53.13  53.22  2320000  53.22
2012-09-14  53.69  54.15  52.4  53.77  2553100  53.77
2012-09-13  50.25  53.72  50.2  53.41  4192400  53.41
2012-09-12  55.67  55.69  50.63  50.78  7288900  50.78
2012-09-11  56.81  57.02  56.05  56.36  2073100  56.36
2012-09-10  58.8  58.8  56.64  57.22  2392000  57.22
2012-09-07  58.07  58.49  57.7  58.22  1692000  58.22
2012-09-06  55.85  58.37  55.78  58.07  1984600  58.07
2012-09-05  57.01  57.03  54.86  55.56  2885400  55.56
2012-09-04  58.52  58.7  57.11  57.25  2036300  57.25
2012-08-31  59.02  59.18  58.36  58.94  1266000  58.94
2012-08-30  59.1  59.19  58.26  58.57  1155500  58.57
2012-08-29  59.36  59.8  59.1  59.28  2209500  59.28
2012-08-28  58.9  60.34  58.53  59.48  3129900  59.48
2012-08-27  59.84  60.22  59.13  60.03  2056600  60.03
2012-08-24  59.48  60.43  58.95  59.75  2249700  59.75
2012-08-23  61.01  61.16  59.38  59.65  2900400  59.65
2012-08-22  60.36  61.58  60.29  61.31  1131100  61.31
2012-08-21  60.32  61.4  60.15  60.68  2765500  60.68
2012-08-20  60.98  60.98  59.39  60.42  2339200  60.42
2012-08-17  60.59  61.13  60.13  60.84  3060000  60.84
2012-08-16  58.54  60.42  58.4  60.26  3918100  60.26
2012-08-15  58.65  59.11  57.55  58.78  4826100  58.78
2012-08-14  54.18  58.71  54.12  58.59  7768600  58.59
2012-08-13  53.29  54.8  52.0  53.27  6991700  53.27
2012-08-10  58.45  58.45  53.53  54.27  11662100  54.27
2012-08-09  62.81  64.22  60.98  61.2  11419900  61.2
2012-08-08  68.53  68.67  67.07  67.77  4217800  67.77
2012-08-07  66.2  69.1  66.05  68.86  2081100  68.86
2012-08-06  67.04  67.35  65.86  66.02  1130700  66.02
2012-08-03  65.06  66.96  64.82  66.78  1326000  66.78
2012-08-02  64.57  65.0  63.66  64.14  1614800  64.14
2012-08-01  66.46  67.5  64.56  64.86  1449500  64.86
2012-07-31  68.0  68.08  66.29  66.42  1190100  66.42
2012-07-30  68.71  68.78  67.11  68.2  1023800  68.2
2012-07-27  69.0  69.65  67.73  68.16  2174800  68.16
2012-07-26  67.25  68.4  67.06  67.72  1327400  67.72
2012-07-25  65.71  66.6  65.54  66.57  1573400  66.57
2012-07-24  66.08  66.08  63.75  65.44  2490900  65.44
2012-07-23  62.5  67.0  61.72  66.16  3569000  66.16
2012-07-20  67.81  67.99  63.02  64.97  5658800  64.97
2012-07-19  72.05  72.17  67.25  67.83  3865500  67.83
2012-07-18  71.3  72.62  71.11  71.9  1045500  71.9
2012-07-17  72.88  73.18  70.23  71.82  1393600  71.82
2012-07-16  73.51  73.89  72.35  72.51  1356700  72.51
2012-07-13  71.76  73.97  71.76  73.73  1052900  73.73
2012-07-12  71.03  72.22  70.83  71.83  1086900  71.83
2012-07-11  72.43  72.77  70.64  71.78  1876500  71.78
2012-07-10  73.0  73.6  72.37  72.66  1268500  72.66
2012-07-09  73.43  73.74  72.18  72.51  1480700  72.51
2012-07-06  73.45  73.61  72.46  73.43  1007800  73.43
2012-07-05  74.74  74.94  73.71  74.1  1032800  74.1
2012-07-03  74.67  74.99  73.26  74.88  1207000  74.88
2012-07-02  71.94  75.0  70.75  74.78  3494400  74.78
2012-06-29  71.05  72.28  69.93  71.2  3253600  71.2
2012-06-28  70.29  70.38  66.37  68.64  38031200  68.64
2012-06-27  74.91  75.15  70.43  71.09  2930700  71.09
2012-06-26  74.17  74.93  73.4  74.62  1597600  74.62
2012-06-25  72.77  74.38  71.35  73.86  2439500  73.86
2012-06-22  76.4  76.4  73.19  73.61  3762200  73.61
2012-06-21  75.77  76.15  74.67  74.74  1487400  74.74
2012-06-20  76.25  76.59  74.88  75.3  1818800  75.3
2012-06-19  77.74  77.94  75.65  76.15  2371800  76.15
2012-06-18  78.76  79.0  77.77  78.72  1348700  78.72
2012-06-15  76.45  78.8  76.13  78.64  2185000  78.64
2012-06-14  74.92  76.7  74.91  76.31  1056600  76.31
2012-06-13  75.54  75.72  74.42  74.77  877600  74.77
2012-06-12  75.4  75.59  74.12  75.39  1180000  75.39
2012-06-11  77.29  77.5  74.61  74.79  1463600  74.79
2012-06-08  74.17  77.01  74.03  76.1  2375600  76.1
2012-06-07  75.07  75.07  73.46  74.5  1373100  74.5
2012-06-06  73.62  75.39  73.23  73.95  1548100  73.95
2012-06-05  72.91  73.45  71.9  72.83  1477800  72.83
2012-06-04  70.91  73.17  70.83  73.11  1601300  73.11
2012-06-01  71.43  72.44  70.33  70.54  1248900  70.54
2012-05-31  73.74  73.97  72.17  72.6  1223800  72.6
2012-05-30  72.42  73.78  71.47  73.64  1699400  73.64
2012-05-29  73.35  73.4  71.87  73.04  1530600  73.04
2012-05-25  72.87  72.96  71.1  71.58  1709900  71.58
2012-05-24  70.14  73.01  69.51  72.95  2706700  72.95
2012-05-23  69.63  70.01  68.82  70.01  838000  70.01
2012-05-22  69.96  70.86  69.42  69.92  1272200  69.92
2012-05-21  68.82  69.65  67.61  69.53  1174200  69.53
2012-05-18  69.93  70.08  68.27  68.6  1508000  68.6
2012-05-17  71.47  72.0  69.73  69.73  1386400  69.73
2012-05-16  71.61  72.15  71.18  71.47  1320000  71.47
2012-05-15  70.97  72.26  70.7  71.59  1400200  71.59
2012-05-14  71.0  71.25  70.25  70.84  1177300  70.84
2012-05-11  71.3  72.1  70.79  71.55  1881200  71.55
2012-05-10  73.98  74.92  71.01  71.17  7755400  71.17
2012-05-09  65.0  65.99  63.2  65.31  2434700  65.31
2012-05-08  67.25  67.61  65.17  65.49  2818300  65.49
2012-05-07  66.43  68.65  65.53  67.56  2362500  67.56
2012-05-04  66.8  67.65  66.31  66.74  2106800  66.74
2012-05-03  68.92  68.95  66.83  67.07  1879100  67.07
2012-05-02  66.86  69.24  66.3  68.67  2146800  68.67
2012-05-01  65.0  67.97  64.0  66.78  8082200  66.78
2012-04-30  65.54  83.96  64.06  65.0  19062400  65.0
2012-04-27  65.84  65.94  65.02  65.53  1287100  65.53
2012-04-26  63.5  65.63  63.29  65.38  1183700  65.38
2012-04-25  63.72  63.74  62.97  63.53  934700  63.53
2012-04-24  63.24  63.5  62.46  62.87  952700  62.87
2012-04-23  63.11  63.24  61.65  63.11  843700  63.11
2012-04-20  63.63  63.96  63.28  63.51  867000  63.51
2012-04-19  63.83  64.2  62.9  63.16  753600  63.16
2012-04-18  63.69  64.49  63.49  64.17  620300  64.17
2012-04-17  63.64  64.18  63.06  63.78  921900  63.78
2012-04-16  65.25  65.29  63.17  63.38  1314100  63.38
2012-04-13  62.44  65.53  62.37  64.26  1443100  64.26
2012-04-12  63.64  63.64  62.26  62.58  819300  62.58
2012-04-11  61.15  63.24  61.15  63.12  953000  63.12
2012-04-10  62.92  63.0  60.66  60.87  1380800  60.87
2012-04-09  62.8  63.29  62.31  62.9  609300  62.9
2012-04-05  62.35  63.69  62.0  63.38  1064900  63.38
2012-04-04  63.5  63.6  62.13  62.46  1130700  62.46
2012-04-03  63.12  64.22  63.05  63.79  1186400  63.79
2012-04-02  62.15  63.63  61.77  63.31  1014000  63.31
2012-03-30  63.16  63.18  62.06  62.09  1073900  62.09
2012-03-29  62.32  62.82  61.35  62.57  792700  62.57
2012-03-28  61.66  62.29  61.18  61.81  555700  61.81
2012-03-27  61.43  62.08  61.16  61.88  730800  61.88
2012-03-26  61.32  61.61  60.86  61.43  708200  61.43
2012-03-23  60.87  61.19  60.28  60.53  593800  60.53
2012-03-22  60.06  61.08  59.84  60.83  673300  60.83
2012-03-21  60.5  61.17  59.83  60.4  1435900  60.4
2012-03-20  59.53  60.67  59.16  60.44  620400  60.44
2012-03-19  59.6  60.07  58.95  59.7  595900  59.7
2012-03-16  59.61  60.16  59.11  59.54  1155500  59.54
2012-03-15  59.44  59.72  59.15  59.71  771300  59.71
2012-03-14  60.52  60.69  59.14  59.24  1001500  59.24
2012-03-13  59.99  60.59  59.55  60.57  1046700  60.57
2012-03-12  59.93  59.93  59.17  59.59  957400  59.59
2012-03-09  58.05  59.9  58.01  59.57  1443900  59.57
2012-03-08  56.92  57.81  56.73  57.69  1142700  57.69
2012-03-07  56.48  57.04  56.25  56.72  753400  56.72
2012-03-06  57.57  58.42  56.33  56.47  1519300  56.47
2012-03-05  58.62  58.83  57.5  57.67  1645300  57.67
2012-03-02  57.59  58.59  57.3  58.59  1459300  58.59
2012-03-01  57.25  57.69  56.86  57.45  1625000  57.45
2012-02-29  57.18  57.58  56.85  57.18  1742000  57.18
2012-02-28  57.84  57.84  56.72  56.99  1415000  56.99
2012-02-27  56.19  57.93  55.59  57.27  1774200  57.27
2012-02-24  54.34  56.96  53.25  56.38  2764500  56.38
2012-02-23  55.65  56.6  54.38  54.87  2341100  54.87
2012-02-22  53.2  55.33  53.2  55.06  1866300  55.06
2012-02-21  53.34  53.67  52.92  53.65  999000  53.65
2012-02-17  52.76  54.03  52.76  53.2  1015200  53.2
2012-02-16  53.69  54.04  52.44  52.99  1464800  52.99
2012-02-15  55.15  55.6  53.16  53.26  2938400  53.26
2012-02-14  54.9  55.14  54.44  55.13  796400  55.13
2012-02-13  54.82  54.93  54.18  54.63  811800  54.63
2012-02-10  53.38  54.31  53.38  54.15  887800  54.15
2012-02-09  53.62  54.26  53.5  54.15  970200  54.15
2012-02-08  52.98  55.13  52.98  53.5  2500200  53.5
2012-02-07  52.55  53.31  52.27  53.04  902000  53.04
2012-02-06  52.73  53.3  52.52  52.69  978200  52.69
2012-02-03  53.27  53.39  52.57  52.85  1675000  52.85
2012-02-02  52.99  53.48  52.59  52.92  1991200  52.92
2012-02-01  52.78  52.85  51.83  52.4  1820000  52.4
2012-01-31  52.56  52.97  52.22  52.26  1600400  52.26
2012-01-30  52.69  53.72  51.62  52.76  1771200  52.76
2012-01-27  53.33  54.19  53.25  53.76  1333200  53.76
2012-01-26  54.17  54.36  53.0  53.24  1264600  53.24
2012-01-25  52.97  54.31  52.64  54.24  1480200  54.24
2012-01-24  52.13  53.41  52.0  53.17  1576800  53.17
2012-01-23  52.4  52.59  51.54  52.5  1558000  52.5
2012-01-20  50.61  52.38  50.53  52.26  2286600  52.26
2012-01-19  50.0  51.33  50.0  50.48  2027800  50.48
2012-01-18  50.71  50.84  49.6  49.96  1404200  49.96
2012-01-17  50.1  50.77  49.63  50.28  3496800  50.28
2012-01-13  47.67  48.56  47.1  48.49  1599200  48.49
2012-01-12  46.56  47.56  46.07  47.51  1005600  47.51
2012-01-11  47.33  47.55  46.18  46.2  839000  46.2
2012-01-10  48.16  48.33  47.39  47.62  847800  47.62
2012-01-09  47.7  48.24  47.3  47.96  703400  47.96
2012-01-06  47.2  48.24  47.02  47.69  1495000  47.69
2012-01-05  46.57  47.09  45.97  46.93  1401600  46.93
2012-01-04  46.06  46.48  45.7  46.29  806800  46.29
2012-01-03  46.78  47.35  45.56  46.25  1592800  46.25
2011-12-30  46.98  46.98  46.06  46.07  845600  46.07
2011-12-29  46.05  46.96  45.88  46.88  1092000  46.88
2011-12-28  47.41  47.41  45.7  45.83  1289400  45.83
2011-12-27  47.45  47.84  47.33  47.49  683800  47.49
2011-12-23  47.48  47.48  46.13  47.47  1492800  47.47
2011-12-22  48.51  48.74  47.77  47.84  701400  47.84
2011-12-21  48.52  48.71  47.8  48.46  715200  48.46
2011-12-20  48.11  48.75  48.11  48.56  1472000  48.56
2011-12-19  48.11  49.17  47.46  47.63  1820400  47.63
2011-12-16  46.52  48.4  46.3  47.94  8021000  47.94
2011-12-15  46.73  46.91  45.56  45.97  2053400  45.97
2011-12-14  47.25  47.25  46.21  46.37  1408000  46.37
2011-12-13  48.15  48.34  47.16  47.35  1681400  47.35
2011-12-12  48.22  48.28  47.01  47.85  1925200  47.85
2011-12-09  47.7  48.59  47.25  48.57  1217800  48.57
2011-12-08  47.61  48.22  47.44  47.67  1232000  47.67
2011-12-07  47.33  47.92  46.93  47.88  1267000  47.88
2011-12-06  46.89  47.69  46.67  47.51  1501000  47.51
2011-12-05  47.2  47.37  46.49  46.77  1199200  46.77
2011-12-02  46.52  47.27  46.36  46.92  1197600  46.92
2011-12-01  45.69  46.62  45.51  46.04  956400  46.04
2011-11-30  45.29  46.45  45.29  46.1  1408400  46.1
2011-11-29  45.11  45.84  44.38  44.56  1114200  44.56
2011-11-28  43.68  45.0  43.6  44.74  1493400  44.74
2011-11-25  42.84  43.34  42.27  42.51  851200  42.51
2011-11-23  43.92  44.12  42.91  42.91  1278200  42.91
2011-11-22  43.99  44.63  43.7  44.45  890400  44.45
2011-11-21  44.78  44.98  43.75  44.07  1705200  44.07
2011-11-18  45.87  45.9  45.27  45.51  679200  45.51
2011-11-17  46.72  46.82  45.26  45.7  1107200  45.7
2011-11-16  47.04  47.65  46.52  46.63  1692600  46.63
2011-11-15  46.41  47.69  46.31  47.46  1285800  47.46
2011-11-14  46.79  47.04  46.36  46.63  1008200  46.63
2011-11-11  45.47  46.99  45.11  46.72  1281800  46.72
2011-11-10  45.69  45.78  44.55  44.99  2046800  44.99
2011-11-09  46.09  46.29  44.8  45.04  2226600  45.04
2011-11-08  46.99  47.35  46.02  47.24  1389200  47.24
2011-11-07  47.9  48.19  46.16  46.74  1948200  46.74
2011-11-04  44.0  48.66  43.51  47.78  6378600  47.78
2011-11-03  44.48  45.42  43.4  45.06  2843200  45.06
2011-11-02  43.3  44.76  43.23  44.11  2249600  44.11
2011-11-01  43.22  43.59  42.3  42.97  2530400  42.97
2011-10-31  43.18  45.54  43.07  44.54  3123000  44.54
2011-10-28  42.72  43.65  42.34  43.36  1635400  43.36
2011-10-27  42.59  44.37  41.96  42.74  3400200  42.74
2011-10-26  42.2  42.7  40.88  41.54  4661000  41.54
2011-10-25  45.73  45.8  41.68  42.24  6070000  42.24
2011-10-24  46.54  46.55  45.81  45.97  2277600  45.97
2011-10-21  46.13  46.69  45.83  46.38  1630400  46.38
2011-10-20  45.71  46.38  45.29  45.49  1548800  45.49
2011-10-19  46.52  47.39  45.74  45.75  1359000  45.75
2011-10-18  46.58  46.97  46.08  46.52  1343200  46.52
2011-10-17  46.85  47.96  46.24  46.47  1306400  46.47
2011-10-14  46.91  48.48  46.75  47.19  2502000  47.19
2011-10-13  45.69  46.56  45.52  46.2  1782200  46.2
2011-10-12  45.47  46.72  45.22  45.59  2893000  45.59
2011-10-11  43.68  45.23  43.19  45.05  1790000  45.05
2011-10-10  43.63  44.34  43.54  43.85  1205400  43.85
2011-10-07  42.31  43.79  42.31  43.03  2347400  43.03
2011-10-06  41.65  42.88  41.4  42.15  2344800  42.15
2011-10-05  41.07  41.92  40.44  41.65  1991600  41.65
2011-10-04  39.24  40.88  38.2  40.85  3685000  40.85
2011-10-03  43.42  43.57  39.83  39.88  4328400  39.88
2011-09-30  43.79  44.81  43.01  43.65  1426000  43.65
2011-09-29  45.42  45.78  43.35  44.16  1640400  44.16
2011-09-28  45.25  45.99  44.5  44.65  1588200  44.65
2011-09-27  46.08  46.69  44.97  45.19  2858600  45.19
2011-09-26  44.39  45.3  43.39  45.22  2037400  45.22
2011-09-23  44.45  44.61  43.03  43.9  2663400  43.9
2011-09-22  44.27  44.93  43.17  44.72  2797200  44.72
2011-09-21  46.14  47.34  45.5  45.51  2546600  45.51
2011-09-20  46.21  47.07  45.5  45.98  2934200  45.98
2011-09-19  45.51  46.73  45.27  46.12  2919400  46.12
2011-09-16  44.2  46.69  44.08  46.06  6602400  46.06
2011-09-15  44.64  44.68  43.31  43.97  2837200  43.97
2011-09-14  44.2  44.63  43.55  44.19  2511600  44.19
2011-09-13  43.27  44.43  42.62  44.21  2265600  44.21
2011-09-12  42.43  43.2  42.29  43.11  1952600  43.11
2011-09-09  43.36  43.66  42.63  43.23  2483600  43.23
2011-09-08  42.15  43.91  41.93  43.62  2633600  43.62
2011-09-07  43.39  43.41  42.19  42.53  2259200  42.53
2011-09-06  40.65  42.78  40.65  42.67  2196400  42.67
2011-09-02  40.91  42.7  39.5  41.81  2779400  41.81
2011-09-01  42.68  43.84  41.91  42.04  2691400  42.04
2011-08-31  44.89  44.94  40.86  42.66  7423400  42.66
2011-08-30  44.45  45.12  44.0  44.79  2236400  44.79
2011-08-29  43.0  44.56  43.0  44.51  2883600  44.51
2011-08-26  42.07  42.67  40.65  42.31  2823800  42.31
2011-08-25  43.39  43.4  42.17  42.26  2127800  42.26
2011-08-24  42.75  43.69  41.9  43.18  4033000  43.18
2011-08-23  40.25  42.81  40.0  42.38  5180000  42.38
2011-08-22  40.41  40.63  39.28  39.9  2258400  39.9
2011-08-19  39.55  40.6  39.5  39.76  3012800  39.76
2011-08-18  39.59  40.53  39.41  40.31  2996800  40.31
2011-08-17  40.14  40.5  39.9  40.46  1295600  40.46
2011-08-16  40.05  40.55  39.92  39.97  1884600  39.97
2011-08-15  40.74  40.81  39.84  40.53  1706000  40.53
2011-08-12  40.88  41.0  40.0  40.44  1873400  40.44
2011-08-11  38.4  40.8  37.91  40.49  2993000  40.49
2011-08-10  37.07  38.97  36.41  38.23  3177200  38.23
2011-08-09  35.15  37.85  34.8  37.85  4054200  37.85
2011-08-08  36.99  37.52  34.43  34.46  3471000  34.46
2011-08-05  35.52  39.08  35.12  37.96  4846400  37.96
2011-08-04  37.35  37.65  34.92  35.02  3550800  35.02
2011-08-03  37.08  37.85  36.65  37.83  2187800  37.83
2011-08-02  38.0  38.42  37.05  37.08  2057800  37.08
2011-08-01  38.77  39.08  37.93  38.31  1883800  38.31
2011-07-29  38.18  38.8  37.78  38.31  1681400  38.31
2011-07-28  37.6  39.35  37.53  38.65  2494000  38.65
2011-07-27  38.59  38.59  37.27  37.6  3403200  37.6
2011-07-26  39.7  39.81  38.74  38.77  1855400  38.77
2011-07-25  39.78  39.98  39.48  39.59  1581200  39.59
2011-07-22  40.76  40.76  40.06  40.26  1249600  40.26
2011-07-21  40.63  41.15  40.36  40.9  1558200  40.9
2011-07-20  40.57  40.74  40.02  40.4  1683400  40.4
2011-07-19  39.49  41.08  39.49  40.74  4228800  40.74
2011-07-18  39.11  39.25  38.45  38.94  1550200  38.94
2011-07-15  39.25  39.36  38.9  39.15  1730400  39.15
2011-07-14  39.45  40.0  38.89  39.12  1585200  39.12
2011-07-13  39.18  39.83  39.16  39.44  2028600  39.44
2011-07-12  39.51  39.53  38.72  38.96  2940600  38.96
2011-07-11  40.12  40.16  39.4  39.53  2043000  39.53
2011-07-08  40.35  40.54  39.13  40.5  2879000  40.5
2011-07-07  41.7  42.0  40.77  40.88  3220200  40.88
2011-07-06  41.29  41.63  41.14  41.49  2248000  41.49
2011-07-05  41.98  42.01  40.98  41.1  2194400  41.1
2011-07-01  40.56  41.96  40.45  41.81  2783000  41.81
2011-06-30  40.09  40.62  39.75  40.47  2310400  40.47
2011-06-29  40.36  40.9  40.0  40.02  2470800  40.02
2011-06-28  39.73  40.42  39.59  40.12  3054200  40.12
2011-06-27  39.13  39.88  39.13  39.56  2204600  39.56
2011-06-24  37.65  39.8  37.65  39.03  4721800  39.03
2011-06-23  37.02  37.61  36.85  37.51  1696400  37.51
2011-06-22  37.54  37.86  37.24  37.4  1552800  37.4
2011-06-21  37.07  37.57  37.02  37.49  1659200  37.49
2011-06-20  36.02  36.97  36.02  36.92  1371000  36.92
2011-06-17  35.62  36.35  35.56  36.15  2032600  36.15
2011-06-16  36.02  36.27  35.32  35.36  2033400  35.36
2011-06-15  36.27  36.42  35.89  36.1  979400  36.1
2011-06-14  35.92  36.55  35.92  36.49  931400  36.49
2011-06-13  35.94  36.19  35.6  35.94  939200  35.94
2011-06-10  36.37  36.55  35.69  35.79  1155000  35.79
2011-06-09  36.45  36.78  36.38  36.56  1432600  36.56
2011-06-08  35.9  36.45  35.75  36.38  1786000  36.38
2011-06-07  36.23  36.31  35.84  35.84  1371000  35.84
2011-06-06  36.43  36.55  35.89  36.06  1122200  36.06
2011-06-03  35.77  36.61  35.77  36.39  1149800  36.39
2011-06-02  36.14  36.33  35.89  36.17  1322800  36.17
2011-06-01  35.8  36.9  35.74  36.13  1730200  36.13
2011-05-31  35.81  35.99  35.42  35.83  1649600  35.83
2011-05-27  35.55  35.67  35.34  35.44  591000  35.44
2011-05-26  35.22  35.42  35.05  35.41  1286600  35.41
2011-05-25  35.36  35.62  34.5  35.36  1946600  35.36
2011-05-24  34.75  34.97  34.6  34.81  1013400  34.81
2011-05-23  34.38  34.66  34.37  34.63  1097200  34.63
2011-05-20  34.48  35.0  34.35  34.78  1673800  34.78
2011-05-19  34.25  34.58  34.06  34.47  1317800  34.47
2011-05-18  33.52  34.12  33.2  34.06  1680400  34.06
2011-05-17  33.11  33.59  33.06  33.53  1360800  33.53
2011-05-16  33.1  33.6  33.01  33.37  1563600  33.37
2011-05-13  33.23  33.44  33.05  33.25  1254000  33.25
2011-05-12  32.35  33.48  32.35  33.38  1348000  33.38
2011-05-11  32.63  32.76  32.38  32.52  1418800  32.52
2011-05-10  32.7  32.9  32.55  32.74  1233000  32.74
2011-05-09  32.48  32.9  32.05  32.76  1930800  32.76
2011-05-06  32.5  34.29  32.2  32.37  4959600  32.37
2011-05-05  31.13  31.36  30.75  30.97  2009000  30.97
2011-05-04  31.73  31.89  31.36  31.37  1371000  31.37
2011-05-03  32.45  32.45  31.34  31.73  2600000  31.73
2011-05-02  33.14  33.25  32.53  32.56  993000  32.56
2011-04-29  33.12  33.25  32.88  33.08  1560000  33.08
2011-04-28  32.96  33.26  32.76  33.14  1225000  33.14
2011-04-27  33.01  33.13  32.84  33.05  1296200  33.05
2011-04-26  32.35  32.94  32.14  32.89  1341200  32.89
2011-04-25  32.63  32.63  32.25  32.3  1173400  32.3
2011-04-21  31.87  32.66  31.85  32.65  2583800  32.65
2011-04-20  32.03  32.35  31.77  31.91  1724600  31.91
2011-04-19  31.39  31.73  31.36  31.7  1469000  31.7
2011-04-18  31.44  31.56  31.21  31.39  1543800  31.39
2011-04-15  31.41  31.75  31.18  31.64  952400  31.64
2011-04-14  31.02  31.4  30.82  31.3  843800  31.3
2011-04-13  31.14  31.2  30.87  31.04  690000  31.04
2011-04-12  31.02  31.13  30.83  30.92  1126800  30.92
2011-04-11  31.05  31.75  30.97  31.13  1202200  31.13
2011-04-08  31.2  31.61  30.8  30.99  1089400  30.99
2011-04-07  30.88  31.41  30.8  31.02  2166600  31.02
2011-04-06  30.52  31.15  30.52  30.97  1541200  30.97
2011-04-05  30.5  30.74  30.38  30.5  1129400  30.5
2011-04-04  30.47  30.67  30.31  30.53  586800  30.53
2011-04-01  30.16  30.55  29.91  30.5  1173400  30.5
2011-03-31  30.17  30.25  29.91  30.11  1123200  30.11
2011-03-30  29.58  30.15  29.54  30.12  1302400  30.12
2011-03-29  29.2  29.72  29.06  29.45  1127600  29.45
2011-03-28  29.5  29.72  29.09  29.17  769800  29.17
2011-03-25  29.09  29.93  29.08  29.54  1839200  29.54
2011-03-24  28.57  28.91  28.3  28.89  1300400  28.89
2011-03-23  27.5  28.57  27.37  28.5  1528200  28.5
2011-03-22  27.47  27.59  27.21  27.5  2133000  27.5
2011-03-21  27.91  28.16  27.43  27.44  1682400  27.44
2011-03-18  27.68  27.75  27.29  27.67  1691600  27.67
2011-03-17  27.77  27.89  27.29  27.47  1267600  27.47
2011-03-16  27.33  27.9  27.02  27.41  1586600  27.41
2011-03-15  26.9  27.61  26.64  27.42  1332200  27.42
2011-03-14  27.63  27.73  27.25  27.65  1336200  27.65
2011-03-11  27.45  27.87  26.77  27.69  2296800  27.69
2011-03-10  27.9  28.25  27.73  28.18  1389800  28.18
2011-03-09  28.0  28.25  27.6  28.18  1109000  28.18
2011-03-08  27.91  28.14  27.72  28.01  1471400  28.01
2011-03-07  28.13  28.13  27.58  27.94  1322600  27.94
2011-03-04  28.24  28.24  27.77  28.09  978200  28.09
2011-03-03  27.79  28.42  27.79  28.28  2874600  28.28
2011-03-02  28.11  28.31  27.55  27.69  2073000  27.69
2011-03-01  28.63  28.82  28.08  28.17  2010000  28.17
2011-02-28  29.46  29.46  28.69  28.77  2948200  28.77
2011-02-25  27.66  29.93  27.59  29.5  7954600  29.5
2011-02-24  27.87  27.93  27.21  27.34  2412200  27.34
2011-02-23  27.8  28.43  27.69  27.93  1801600  27.93
2011-02-22  28.39  28.43  27.79  27.84  1389800  27.84
2011-02-18  28.79  28.93  28.49  28.64  1072400  28.64
2011-02-17  28.6  28.85  28.29  28.7  1099000  28.7
2011-02-16  28.57  28.68  28.36  28.63  1045200  28.63
2011-02-15  28.15  28.54  28.09  28.48  1005600  28.48
2011-02-14  28.28  28.52  27.86  28.19  806200  28.19
2011-02-11  27.5  28.85  27.37  28.28  1742200  28.28
2011-02-10  27.44  27.88  27.28  27.6  1491600  27.6
2011-02-09  27.85  28.07  27.35  27.53  1591400  27.53
2011-02-08  27.87  28.15  27.5  27.83  2003600  27.83
2011-02-07  28.57  28.76  27.63  27.88  2519000  27.88
2011-02-04  28.61  28.89  28.42  28.45  1208600  28.45
2011-02-03  28.72  28.81  28.09  28.51  1536000  28.51
2011-02-02  28.95  29.24  28.64  28.75  1133000  28.75
2011-02-01  28.48  29.06  28.35  28.98  2694800  28.98
2011-01-31  27.55  28.52  27.37  28.32  2371600  28.32
2011-01-28  27.93  28.38  27.48  27.58  1199400  27.58
2011-01-27  27.99  28.08  27.63  27.83  1121400  27.83
2011-01-26  27.77  28.33  27.73  28.0  2001400  28.0
2011-01-25  27.41  27.75  27.25  27.65  1295200  27.65
2011-01-24  28.04  28.04  27.31  27.42  1389400  27.42
2011-01-21  27.64  28.16  27.55  27.84  2129600  27.84
2011-01-20  27.01  27.55  26.92  27.51  2415800  27.51
2011-01-19  27.42  27.47  26.8  27.13  1817800  27.13
2011-01-18  27.13  27.5  27.08  27.5  1277600  27.5
2011-01-14  26.49  27.25  26.39  27.25  1204600  27.25
2011-01-13  26.65  26.76  26.35  26.58  1412600  26.58
2011-01-12  26.81  26.87  26.42  26.6  1239600  26.6
2011-01-11  26.84  26.84  26.57  26.64  787800  26.64
2011-01-10  26.59  26.85  26.41  26.77  878400  26.77
2011-01-07  26.89  26.98  26.23  26.69  1128200  26.69
2011-01-06  26.11  27.24  25.84  26.81  2129400  26.81
2011-01-05  26.14  26.23  25.86  25.98  981200  25.98
2011-01-04  26.87  26.87  26.13  26.15  1658000  26.15
2011-01-03  26.32  27.02  26.32  26.77  1535400  26.77
2010-12-31  26.3  26.4  26.14  26.14  888200  26.14
2010-12-30  26.29  26.49  26.25  26.38  377600  26.38
2010-12-29  26.25  26.4  26.13  26.32  862800  26.32
2010-12-28  26.52  26.58  26.24  26.26  754200  26.26
2010-12-27  26.76  26.76  26.42  26.63  372800  26.63
2010-12-23  27.01  27.09  26.68  26.78  595200  26.78
2010-12-22  27.02  27.18  26.65  26.99  1311600  26.99
2010-12-21  26.94  27.38  26.7  26.92  2329000  26.92
2010-12-20  26.35  26.43  26.02  26.38  1233800  26.38
2010-12-17  25.4  26.69  25.28  26.38  3943000  26.38
2010-12-16  25.3  25.36  25.17  25.36  1491600  25.36
2010-12-15  25.39  25.53  25.23  25.25  1988000  25.25
2010-12-14  24.57  25.79  24.45  25.52  3778000  25.52
2010-12-13  24.69  24.77  24.14  24.55  3574200  24.55
2010-12-10  25.21  25.24  24.47  24.53  3737200  24.53
2010-12-09  25.54  25.65  25.05  25.05  2085600  25.05
2010-12-08  26.0  26.05  25.25  25.52  4451600  25.52
2010-12-07  26.66  26.71  26.3  26.47  1006000  26.47
2010-12-06  26.29  26.5  25.93  26.47  1358600  26.47
2010-12-03  26.44  26.48  26.21  26.38  685400  26.38
2010-12-02  26.23  26.52  26.23  26.47  1096000  26.47
2010-12-01  26.85  26.87  26.07  26.25  2193600  26.25
2010-11-30  26.34  26.78  26.26  26.61  1880400  26.61
2010-11-29  27.03  27.03  26.51  26.57  1795600  26.57
2010-11-26  26.85  27.37  26.76  27.19  1402200  27.19
2010-11-24  26.34  27.06  26.3  27.01  1948800  27.01
2010-11-23  26.26  26.38  26.01  26.24  1210400  26.24
2010-11-22  26.5  26.6  26.15  26.45  1722000  26.45
2010-11-19  25.16  26.69  25.07  26.43  3334400  26.43
2010-11-18  25.08  25.23  24.95  25.1  1939800  25.1
2010-11-17  24.79  25.0  24.67  24.92  1218200  24.92
2010-11-16  24.77  24.96  24.6  24.82  1167400  24.82
2010-11-15  25.02  25.07  24.73  24.83  917000  24.83
2010-11-12  24.83  25.21  24.67  25.08  1239600  25.08
2010-11-11  24.51  24.98  24.42  24.92  1765200  24.92
2010-11-10  24.98  25.13  24.59  24.79  1454000  24.79
2010-11-09  25.49  25.6  24.89  25.02  1701600  25.02
2010-11-08  25.72  25.76  25.36  25.49  1501200  25.49
2010-11-05  25.41  26.27  25.11  25.77  3230600  25.77
2010-11-04  25.95  25.99  25.48  25.56  1892800  25.56
2010-11-03  25.66  25.85  25.41  25.65  1493200  25.65
2010-11-02  25.91  26.08  25.57  25.61  1200600  25.61
2010-11-01  25.73  25.95  25.61  25.74  995200  25.74
2010-10-29  25.64  25.75  25.5  25.6  931400  25.6
2010-10-28  25.66  25.92  25.59  25.69  876800  25.69
2010-10-27  25.5  25.64  25.39  25.45  1033800  25.45
2010-10-26  25.68  25.81  25.43  25.71  1106800  25.71
2010-10-25  26.07  26.18  25.78  25.8  998000  25.8
2010-10-22  25.27  26.42  25.08  25.84  2298000  25.84
2010-10-21  25.28  25.56  24.95  25.15  895400  25.15
2010-10-20  24.96  25.55  24.89  25.17  1449600  25.17
2010-10-19  24.81  25.05  24.6  24.86  1018400  24.86
2010-10-18  25.03  25.3  24.91  25.0  1256200  25.0
2010-10-15  25.47  25.63  24.71  25.08  2880000  25.08
2010-10-14  24.31  25.41  24.13  25.36  3142800  25.36
2010-10-13  23.96  24.41  23.91  24.26  1868000  24.26
2010-10-12  23.65  24.18  23.65  23.93  1628400  23.93
2010-10-11  23.64  23.8  23.5  23.68  708800  23.68
2010-10-08  23.6  23.7  23.32  23.59  1394400  23.59
2010-10-07  23.78  23.83  23.14  23.46  1014000  23.46
2010-10-06  23.57  23.86  23.42  23.79  1389200  23.79
2010-10-05  23.0  23.57  23.0  23.49  1160200  23.49
2010-10-04  23.48  23.52  22.75  22.83  1170600  22.83
2010-10-01  23.46  23.49  22.97  23.48  959400  23.48
2010-09-30  23.43  23.73  23.23  23.31  1408000  23.31
2010-09-29  23.52  23.59  23.34  23.41  651200  23.41
2010-09-28  23.7  23.92  23.19  23.63  1062800  23.63
2010-09-27  23.19  23.69  23.17  23.59  2003400  23.59
2010-09-24  22.98  23.24  22.86  23.13  1506200  23.13
2010-09-23  22.54  22.92  22.25  22.74  1061200  22.74
2010-09-22  22.77  23.02  22.59  22.67  789400  22.67
2010-09-21  22.96  22.96  22.67  22.83  1181800  22.83
2010-09-20  22.81  22.97  22.69  22.93  1608800  22.93
2010-09-17  22.93  22.93  22.71  22.74  2407600  22.74
2010-09-16  23.1  23.25  22.9  22.93  1420600  22.93
2010-09-15  23.1  23.29  23.05  23.08  1715000  23.08
2010-09-14  23.12  23.47  23.07  23.2  2937400  23.2
2010-09-13  23.02  23.19  22.95  23.12  1052600  23.12
2010-09-10  23.12  23.13  22.86  22.94  1279800  22.94
2010-09-09  23.4  23.58  22.91  23.11  1256800  23.11
2010-09-08  23.95  23.98  23.27  23.35  1978200  23.35
2010-09-07  23.59  23.92  23.36  23.77  2465000  23.77
2010-09-03  23.21  23.71  22.98  23.64  2296800  23.64
2010-09-02  22.95  23.14  22.79  23.1  1063600  23.1
2010-09-01  22.75  22.96  22.62  22.84  1171000  22.84
2010-08-31  22.4  22.61  22.32  22.52  2101600  22.52
2010-08-30  22.79  23.0  22.46  22.48  1005600  22.48
2010-08-27  22.64  23.0  22.35  22.89  1530400  22.89
2010-08-26  22.53  22.57  22.31  22.45  788200  22.45
2010-08-25  22.63  22.68  22.21  22.43  1279200  22.43
2010-08-24  22.78  22.97  22.54  22.68  1202600  22.68
2010-08-23  22.91  23.33  22.82  23.06  1547600  23.06
2010-08-20  22.7  22.95  22.53  22.88  1178000  22.88
2010-08-19  22.68  22.93  22.47  22.8  1417400  22.8
2010-08-18  22.47  22.87  22.4  22.7  820600  22.7
2010-08-17  22.27  22.73  22.24  22.54  1242600  22.54
2010-08-16  22.05  22.24  21.88  22.18  816400  22.18
2010-08-13  22.26  22.59  22.12  22.16  1264600  22.16
2010-08-12  22.0  22.46  21.83  22.34  1309400  22.34
2010-08-11  22.3  22.51  22.26  22.31  1279600  22.31
2010-08-10  22.39  22.74  22.25  22.65  2292200  22.65
2010-08-09  22.38  22.9  22.3  22.72  2881000  22.72
2010-08-06  21.93  22.49  21.62  22.34  6944400  22.34
2010-08-05  20.74  20.89  20.4  20.75  3073800  20.75
2010-08-04  21.05  21.11  20.81  20.85  1729200  20.85
2010-08-03  20.95  21.15  20.79  20.94  2364200  20.94
2010-08-02  21.22  21.22  20.84  20.95  1676800  20.95
2010-07-30  20.76  21.07  20.55  20.94  2107200  20.94
2010-07-29  21.09  21.32  20.59  20.88  1666800  20.88
2010-07-28  21.5  21.53  20.9  20.93  1849200  20.93
2010-07-27  21.66  21.75  21.47  21.53  682200  21.53
2010-07-26  21.5  21.62  21.37  21.62  948800  21.62
2010-07-23  21.47  21.61  21.36  21.5  2120600  21.5
2010-07-22  21.39  21.71  21.32  21.47  1903600  21.47
2010-07-21  21.2  21.39  21.05  21.25  1427800  21.25
2010-07-20  20.36  21.18  20.28  21.14  1335200  21.14
2010-07-19  20.5  20.62  20.21  20.56  843600  20.56
2010-07-16  21.02  21.03  20.51  20.55  745400  20.55
2010-07-15  20.93  21.05  20.76  21.03  749200  21.03
2010-07-14  20.78  20.91  20.66  20.89  1494400  20.89
2010-07-13  20.82  20.88  20.66  20.76  1110000  20.76
2010-07-12  21.26  21.26  20.51  20.72  1766600  20.72
2010-07-09  20.94  21.4  20.89  21.36  1864400  21.36
2010-07-08  20.96  21.07  20.61  21.02  2740400  21.02
2010-07-07  20.48  21.09  20.48  20.84  2595000  20.84
2010-07-06  20.23  20.52  20.09  20.38  1621000  20.38
2010-07-02  19.75  20.2  19.66  20.06  2013400  20.06
2010-07-01  19.46  19.74  19.01  19.64  2505600  19.64
2010-06-30  19.72  20.01  19.55  19.56  1473000  19.56
2010-06-29  20.0  20.06  19.7  19.76  1725200  19.76
2010-06-28  19.93  20.31  19.77  20.21  1908800  20.21
2010-06-25  19.82  19.99  19.63  19.86  3032800  19.86
2010-06-24  19.48  20.03  19.4  19.83  3044800  19.83
2010-06-23  19.71  19.71  19.46  19.6  1134000  19.6
2010-06-22  20.02  20.03  19.68  19.73  1534200  19.73
2010-06-21  19.88  20.27  19.82  19.99  1851400  19.99
2010-06-18  19.63  19.89  19.52  19.76  1958200  19.76
2010-06-17  19.53  19.75  19.41  19.59  1130200  19.59
2010-06-16  19.51  19.75  19.43  19.48  1156600  19.48
2010-06-15  19.39  19.75  19.3  19.64  1315200  19.64
2010-06-14  19.48  19.69  19.22  19.43  1652400  19.43
2010-06-11  19.3  19.65  18.8  19.47  1628800  19.47
2010-06-10  19.43  19.5  19.29  19.39  988200  19.39
2010-06-09  19.03  19.48  19.03  19.2  1816800  19.2
2010-06-08  19.5  19.5  18.64  18.98  5918800  18.98
2010-06-07  19.91  19.91  19.5  19.5  1235600  19.5
2010-06-04  19.54  20.15  19.54  19.81  2299400  19.81
2010-06-03  19.75  20.02  19.61  19.86  2110200  19.86
2010-06-02  19.25  19.66  19.16  19.65  2521000  19.65
2010-06-01  19.5  19.69  19.23  19.23  1701200  19.23
2010-05-28  19.56  19.99  19.5  19.52  1271400  19.52
2010-05-27  19.3  19.73  19.25  19.63  1707400  19.63
2010-05-26  18.79  19.35  18.68  19.03  2941600  19.03
2010-05-25  18.76  18.98  18.59  18.76  3364600  18.76
2010-05-24  19.16  19.34  19.09  19.11  1802400  19.11
2010-05-21  19.21  19.42  18.94  19.15  2727000  19.15
2010-05-20  19.46  19.66  19.25  19.33  2551600  19.33
2010-05-19  19.83  20.07  19.7  19.75  2060200  19.75
2010-05-18  20.4  20.69  19.78  19.93  3540000  19.93
2010-05-17  19.48  19.68  19.13  19.49  1641400  19.49
2010-05-14  19.32  19.64  19.32  19.5  1633800  19.5
2010-05-13  20.03  20.14  19.52  19.64  1824800  19.64
2010-05-12  20.11  20.2  19.77  20.16  1517600  20.16
2010-05-11  19.29  20.05  19.14  19.99  2807200  19.99
2010-05-10  19.0  19.34  18.5  19.3  7855800  19.3
2010-05-07  17.67  19.29  17.07  18.67  22253000  18.67
2010-05-06  21.54  21.82  12.01  21.27  2950000  21.27
2010-05-05  21.53  21.97  21.4  21.58  1088200  21.58
2010-05-04  21.74  21.78  21.37  21.73  1190400  21.73
2010-05-03  22.05  22.05  21.62  21.92  1483400  21.92
2010-04-30  22.3  22.5  22.04  22.08  1179200  22.08
2010-04-29  21.5  22.3  21.48  22.2  3099400  22.2
2010-04-28  21.34  21.5  21.3  21.41  655600  21.41
2010-04-27  21.36  21.54  21.27  21.28  975600  21.28
2010-04-26  21.61  21.67  21.41  21.52  1228400  21.52
2010-04-23  20.75  21.64  20.63  21.54  2684400  21.54
2010-04-22  20.55  20.73  20.42  20.66  959400  20.66
2010-04-21  20.6  21.09  20.51  20.62  1709600  20.62
2010-04-20  20.77  20.9  20.48  20.62  1262600  20.62
2010-04-19  20.82  20.83  20.49  20.75  758400  20.75
2010-04-16  20.91  21.0  20.77  20.81  699600  20.81
2010-04-15  21.2  21.2  20.86  20.9  809800  20.9
2010-04-14  21.19  21.19  21.02  21.16  696200  21.16
2010-04-13  20.93  21.13  20.93  21.06  609000  21.06
2010-04-12  21.27  21.35  20.7  21.01  1518000  21.01
2010-04-09  21.06  21.26  20.84  21.23  1541800  21.23
2010-04-08  21.28  21.3  20.97  20.99  1164000  20.99
2010-04-07  21.81  21.85  21.23  21.27  1271600  21.27
2010-04-06  21.66  21.92  21.59  21.81  972200  21.81
2010-04-05  21.81  21.89  21.71  21.79  1176200  21.79
2010-04-01  21.8  21.89  21.61  21.75  1072200  21.75
2010-03-31  21.65  21.97  21.55  21.69  1284200  21.69
2010-03-30  21.54  21.84  21.36  21.66  1987200  21.66
2010-03-29  21.69  21.85  21.44  21.52  745600  21.52
2010-03-26  21.69  21.83  21.5  21.59  1270800  21.59
2010-03-25  21.69  21.87  21.6  21.67  983800  21.67
2010-03-24  21.68  21.78  21.57  21.57  743400  21.57
2010-03-23  21.5  21.72  21.48  21.68  1438800  21.68
2010-03-22  21.41  21.85  21.18  21.44  1381400  21.44
2010-03-19  21.34  21.81  20.88  21.47  3549000  21.47
2010-03-18  21.25  21.3  21.05  21.1  902200  21.1
2010-03-17  21.19  21.55  21.13  21.29  1246800  21.29
2010-03-16  20.96  21.11  20.77  21.1  1471800  21.1
2010-03-15  21.04  21.33  20.86  20.99  2379400  20.99
2010-03-12  20.79  21.01  20.76  21.01  1920200  21.01
2010-03-11  20.37  20.7  20.35  20.69  1291400  20.69
2010-03-10  20.45  20.66  20.36  20.44  1311600  20.44
2010-03-09  20.49  20.69  20.43  20.45  1865800  20.45
2010-03-08  20.65  20.73  20.57  20.58  758400  20.58
2010-03-05  20.89  20.89  20.5  20.7  1585200  20.7
2010-03-04  20.79  20.88  20.63  20.88  1333400  20.88
2010-03-03  20.98  21.0  20.61  20.7  2635800  20.7
2010-03-02  20.85  21.02  20.58  20.9  3801400  20.9
2010-03-01  20.9  21.17  20.81  20.92  2703200  20.92
2010-02-26  20.39  20.8  20.16  20.79  3061400  20.79
2010-02-25  19.85  20.97  19.79  20.2  5709400  20.2
2010-02-24  20.03  20.19  19.73  20.07  1979400  20.07
2010-02-23  20.2  20.46  19.94  19.94  1324400  19.94
2010-02-22  20.48  20.5  20.17  20.27  907000  20.27
2010-02-19  20.29  20.55  19.82  20.42  1278000  20.42
2010-02-18  19.79  20.38  19.78  20.25  1557600  20.25
2010-02-17  19.5  19.78  19.39  19.74  1488600  19.74
2010-02-16  19.65  19.74  19.46  19.52  864000  19.52
2010-02-12  19.45  19.64  19.36  19.61  1086600  19.61
2010-02-11  19.27  19.59  19.14  19.56  919800  19.56
2010-02-10  19.3  19.46  19.04  19.29  701800  19.29
2010-02-09  19.39  19.63  19.27  19.37  991600  19.37
2010-02-08  19.44  19.49  19.1  19.17  809000  19.17
2010-02-05  19.07  19.5  18.91  19.39  1694000  19.39
2010-02-04  19.41  19.45  19.0  19.01  1008800  19.01
2010-02-03  19.43  19.64  19.36  19.47  770000  19.47
2010-02-02  19.66  19.73  19.02  19.54  1044000  19.54
2010-02-01  19.31  19.61  19.16  19.61  1903400  19.61
2010-01-29  19.49  19.63  19.23  19.23  1315600  19.23
2010-01-28  19.7  19.7  19.34  19.46  688800  19.46
2010-01-27  19.68  19.82  19.41  19.74  980600  19.74
2010-01-26  19.76  19.91  19.52  19.61  884200  19.61
2010-01-25  19.89  19.89  19.57  19.73  823200  19.73
2010-01-22  20.22  20.3  19.79  19.82  1205600  19.82
2010-01-21  20.47  20.78  20.23  20.26  1661800  20.26
2010-01-20  20.43  20.47  20.14  20.4  1219000  20.4
2010-01-19  20.2  20.61  20.0  20.48  1000400  20.48
2010-01-15  20.29  20.48  20.05  20.23  1244200  20.23
2010-01-14  20.25  20.48  20.09  20.26  1240600  20.26
2010-01-13  19.96  20.34  19.86  20.28  1773400  20.28
2010-01-12  20.08  20.17  19.64  19.99  1012800  19.99
2010-01-11  20.11  20.27  20.02  20.15  963600  20.15
2010-01-08  20.07  20.16  19.86  20.15  654600  20.15
2010-01-07  20.05  20.18  19.96  20.05  836400  20.05
2010-01-06  19.77  20.34  19.51  20.12  1879800  20.12
2010-01-05  19.7  19.77  19.52  19.72  1261400  19.72
2010-01-04  19.33  19.65  19.25  19.64  1293400  19.64
