Date  Open  High  Low  Close  Volume  Adj Close
2014-02-28  33.4  33.8  33.23  33.5  8611300  33.5
2014-02-27  33.23  33.8  33.05  33.32  6219500  33.32
2014-02-26  33.95  34.04  33.66  33.77  4772900  33.77
2014-02-25  33.93  34.17  33.75  34.03  5386100  34.03
2014-02-24  33.49  34.33  33.48  33.89  6829800  33.89
2014-02-21  33.58  33.58  33.24  33.26  7255100  33.26
2014-02-20  33.34  33.7  33.27  33.48  4224700  33.48
2014-02-19  33.38  34.05  33.3  33.34  6136800  33.34
2014-02-18  33.28  33.6  33.11  33.54  7382400  33.54
2014-02-14  33.03  33.43  32.87  33.22  6096300  33.22
2014-02-13  32.83  33.23  32.53  33.08  6755900  33.08
2014-02-12  32.76  33.16  32.66  33.1  5202500  33.1
2014-02-11  32.16  32.71  32.11  32.51  6140400  32.51
2014-02-10  32.31  32.31  31.87  32.09  5862600  32.09
2014-02-07  31.71  32.64  31.5  32.41  8184400  32.41
2014-02-06  31.5  32.76  31.39  31.63  9408400  31.63
2014-02-05  32.17  32.24  31.41  31.92  6534500  31.92
2014-02-04  32.05  32.23  31.7  32.16  10932900  32.16
2014-02-03  32.6  32.67  31.79  31.88  8983000  31.88
2014-01-31  32.49  32.69  32.21  32.6  6707400  32.6
2014-01-30  32.99  33.17  32.73  32.85  2969400  32.85
2014-01-29  32.97  33.2  32.74  32.85  4636100  32.85
2014-01-28  32.78  33.25  32.75  33.17  3856900  33.17
2014-01-27  32.81  32.97  32.46  32.73  3429200  32.73
2014-01-24  33.32  33.34  32.78  32.81  4768300  32.81
2014-01-23  33.87  34.17  33.46  33.52  4603600  33.52
2014-01-22  34.16  34.29  33.94  34.2  4198800  34.2
2014-01-21  34.13  34.2  33.72  34.08  3846600  34.08
2014-01-17  34.15  34.21  33.76  33.77  3687400  33.77
2014-01-16  33.81  34.1  33.78  33.97  3725200  33.97
2014-01-15  34.37  34.51  33.81  33.82  6921000  33.82
2014-01-14  33.99  34.4  33.8  34.36  5981600  34.36
2014-01-13  34.48  34.55  33.83  33.92  4569800  33.92
2014-01-10  34.34  34.48  34.07  34.44  5967000  34.44
2014-01-09  34.19  34.73  33.98  34.3  4373200  34.3
2014-01-08  34.52  34.55  33.88  34.2  5510000  34.2
2014-01-07  34.25  34.69  34.07  34.68  3868600  34.68
2014-01-06  34.42  34.58  34.2  34.23  4318400  34.23
2014-01-03  34.65  34.84  34.23  34.32  3491800  34.32
2014-01-02  35.05  35.13  34.52  34.71  3675600  34.71
2013-12-31  35.08  35.27  34.84  35.1  3072000  35.1
2013-12-30  35.5  35.57  34.78  35.0  3403700  35.0
2013-12-27  35.16  35.46  34.97  35.43  2558700  35.43
2013-12-26  35.14  35.16  34.97  35.08  1974000  35.08
2013-12-24  34.95  35.09  34.9  35.05  1806400  35.05
2013-12-23  35.16  35.39  34.95  34.98  3503100  34.98
2013-12-20  34.82  35.28  34.7  34.96  9070400  34.96
2013-12-19  34.27  34.8  34.22  34.71  8160900  34.71
2013-12-18  34.81  34.81  33.97  34.52  10090300  34.52
2013-12-17  35.32  35.37  34.63  34.65  6098200  34.65
2013-12-16  35.64  35.87  35.26  35.39  5292100  35.39
2013-12-13  35.95  36.04  35.54  35.6  5182500  35.6
2013-12-12  35.44  36.16  35.4  35.97  6731300  35.97
2013-12-11  36.27  36.27  35.28  35.49  9421400  35.49
2013-12-10  36.19  36.27  35.65  35.89  5759400  35.89
2013-12-09  36.34  36.56  35.78  36.2  5827100  36.2
2013-12-06  36.44  36.61  36.09  36.35  6198500  36.35
2013-12-05  36.47  36.52  35.8  36.1  6858800  36.1
2013-12-04  36.03  36.74  35.87  36.53  5978900  36.53
2013-12-03  36.2  36.32  35.89  36.01  5150500  36.01
2013-12-02  35.81  36.79  35.66  36.25  4867700  36.25
2013-11-29  36.04  36.48  35.81  35.83  2570000  35.83
2013-11-27  36.48  36.71  35.91  36.02  5136100  36.02
2013-11-26  36.81  37.02  36.57  36.57  4725300  36.57
2013-11-25  37.34  37.34  36.35  36.74  4905800  36.74
2013-11-22  37.84  37.88  37.21  37.4  4534900  37.4
2013-11-21  36.99  37.96  36.98  37.71  5761600  37.71
2013-11-20  36.98  37.33  36.87  37.05  5608500  37.05
2013-11-19  36.32  36.93  36.06  36.72  6106500  36.72
2013-11-18  35.95  36.94  35.95  36.3  6730800  36.3
2013-11-15  36.12  36.35  35.9  36.33  3929600  36.33
2013-11-14  35.79  36.13  35.65  36.03  4325200  36.03
2013-11-13  35.2  35.77  35.15  35.76  4378100  35.76
2013-11-12  35.67  35.92  35.31  35.43  5102200  35.43
2013-11-11  36.06  36.18  35.77  35.9  3278400  35.9
2013-11-08  35.37  36.03  35.37  36.0  5570400  36.0
2013-11-07  36.12  36.26  35.13  35.34  8826400  35.34
2013-11-06  35.56  36.14  35.56  36.05  7714000  36.05
2013-11-05  35.17  35.94  35.0  35.28  7771900  35.28
2013-11-04  34.97  35.17  34.58  35.11  6889600  35.11
2013-11-01  34.96  35.07  34.52  34.89  6002000  34.89
2013-10-31  35.41  35.41  34.73  34.88  4233000  34.88
2013-10-30  35.61  35.85  34.95  35.37  3656500  35.37
2013-10-29  35.75  35.98  35.39  35.6  4356400  35.6
2013-10-28  35.24  35.83  35.08  35.68  5993900  35.68
2013-10-25  35.27  35.35  34.86  35.2  4074800  35.2
2013-10-24  34.46  35.3  34.32  35.21  4363200  35.21
2013-10-23  34.74  34.76  34.09  34.47  4512700  34.47
2013-10-22  34.75  35.27  34.65  34.95  7375700  34.95
2013-10-21  34.71  35.02  34.36  34.63  4596000  34.63
2013-10-18  34.85  34.98  34.58  34.9  5680700  34.9
2013-10-17  34.36  34.54  34.07  34.52  5141700  34.52
2013-10-16  34.67  34.98  34.27  34.49  4653600  34.49
2013-10-15  34.4  34.64  34.11  34.33  3728800  34.33
2013-10-14  34.2  34.61  34.03  34.45  4712300  34.45
2013-10-11  34.5  34.87  34.32  34.48  4119900  34.48
2013-10-10  34.17  34.71  34.08  34.68  3585500  34.68
2013-10-09  33.75  34.01  33.45  33.84  3705100  33.84
2013-10-08  34.24  34.39  33.79  33.79  3562200  33.79
2013-10-07  33.99  34.8  33.84  34.34  5566400  34.34
2013-10-04  33.63  34.55  33.56  34.41  6948400  34.41
2013-10-03  34.07  34.15  33.62  33.69  5904400  33.69
2013-10-02  34.45  34.51  33.88  34.22  6529400  34.22
2013-10-01  34.57  34.91  34.44  34.66  5352500  34.66
2013-09-30  34.39  34.81  34.09  34.5  5396400  34.5
2013-09-27  34.45  34.78  34.26  34.52  3614000  34.52
2013-09-26  35.39  35.4  34.54  34.9  4004900  34.9
2013-09-25  35.27  35.36  35.05  35.08  5683300  35.08
2013-09-24  35.22  35.41  34.95  35.18  5140700  35.18
2013-09-23  35.26  35.41  35.05  35.16  4038500  35.16
2013-09-20  36.11  36.13  35.38  35.51  7792200  35.51
2013-09-19  36.04  36.1  35.64  36.02  5611400  36.02
2013-09-18  35.52  36.02  35.19  36.0  7006600  36.0
2013-09-17  35.07  35.66  35.03  35.54  4702000  35.54
2013-09-16  35.5  35.57  34.96  35.08  5071000  35.08
2013-09-13  35.77  35.95  35.1  35.18  5156200  35.18
2013-09-12  36.04  36.27  35.53  35.59  6046900  35.59
2013-09-11  35.38  36.23  35.37  36.09  6645800  36.09
2013-09-10  36.07  36.07  35.1  35.38  10855900  35.38
2013-09-09  35.47  36.01  35.45  35.85  6572200  35.85
2013-09-06  35.59  35.75  34.99  35.3  8676600  35.3
2013-09-05  35.21  35.73  35.14  35.5  6788400  35.5
2013-09-04  34.81  35.43  34.76  35.11  7033500  35.11
2013-09-03  34.48  34.87  34.39  34.79  5976000  34.79
2013-08-30  34.26  34.38  33.93  34.06  6070200  34.06
2013-08-29  34.11  34.52  33.98  34.17  6002100  34.17
2013-08-28  33.22  34.5  33.19  34.22  7136400  34.22
2013-08-27  32.48  33.39  32.48  33.02  6813100  33.02
2013-08-26  33.05  33.19  32.79  32.96  3570300  32.96
2013-08-23  33.1  33.25  32.82  33.02  4325000  33.02
2013-08-22  33.06  33.34  32.84  33.11  4987700  33.11
2013-08-21  32.79  32.88  32.37  32.44  4853600  32.44
2013-08-20  32.3  33.23  32.19  32.89  5812300  32.89
2013-08-19  33.64  33.64  32.22  32.26  8567400  32.26
2013-08-16  33.9  34.07  33.56  33.7  5118200  33.7
2013-08-15  33.85  34.27  33.6  34.08  4428600  34.08
2013-08-14  33.77  34.19  33.77  34.03  5423500  34.03
2013-08-13  34.13  34.14  33.57  33.8  8564000  33.8
2013-08-12  33.63  34.23  33.45  34.08  6153800  34.08
2013-08-09  33.42  34.24  33.36  33.99  9488700  33.99
2013-08-08  34.72  34.79  33.86  34.1  7464400  34.1
2013-08-07  33.66  35.02  33.11  34.56  10446100  34.56
2013-08-06  37.14  37.23  35.99  36.28  5606800  36.28
2013-08-05  36.9  37.25  36.79  37.21  3470500  37.21
2013-08-02  36.68  36.98  36.47  36.95  2934800  36.95
2013-08-01  36.16  36.98  36.16  36.91  3923800  36.91
2013-07-31  35.85  36.15  35.67  35.77  3553300  35.77
2013-07-30  35.66  35.8  35.04  35.69  4256200  35.69
2013-07-29  35.72  35.81  35.19  35.59  2973400  35.59
2013-07-26  35.99  36.16  35.66  35.82  3435300  35.82
2013-07-25  36.08  36.6  35.92  36.2  3609700  36.2
2013-07-24  36.9  36.96  35.94  36.21  4086200  36.21
2013-07-23  36.68  37.15  36.58  37.11  3996300  37.11
2013-07-22  36.92  37.1  36.57  36.62  2546400  36.62
2013-07-19  36.34  36.89  36.2  36.87  4283200  36.87
2013-07-18  36.06  36.39  36.0  36.15  3671100  36.15
2013-07-17  35.9  36.1  35.81  35.95  2495400  35.95
2013-07-16  36.0  36.1  35.33  35.6  3873500  35.6
2013-07-15  36.21  36.24  35.85  35.97  3711100  35.97
2013-07-12  35.96  36.25  35.77  36.24  3726500  36.24
2013-07-11  36.19  36.31  35.73  36.02  2831300  36.02
2013-07-10  35.82  35.93  35.36  35.65  3433800  35.65
2013-07-09  35.53  35.86  35.35  35.78  3859400  35.78
2013-07-08  35.2  35.74  35.16  35.24  3930100  35.24
2013-07-05  34.71  35.06  34.55  35.04  2586400  35.04
2013-07-03  34.01  34.75  33.84  34.6  2569200  34.6
2013-07-02  34.24  34.73  33.92  34.03  4433800  34.03
2013-07-01  34.14  34.87  34.12  34.26  4231600  34.26
2013-06-28  34.42  34.73  33.99  34.01  4406800  34.01
2013-06-27  34.99  35.22  34.35  34.55  5077900  34.55
2013-06-26  34.69  35.17  34.41  34.78  5464400  34.78
2013-06-25  33.68  34.5  33.56  34.44  6889600  34.44
2013-06-24  33.23  33.64  32.61  33.16  6642300  33.16
2013-06-21  33.94  34.1  33.26  33.71  7452100  33.71
2013-06-20  34.6  34.68  33.59  33.73  5948700  33.73
2013-06-19  35.41  35.88  35.09  35.09  5436900  35.09
2013-06-18  34.55  35.58  34.43  35.46  7573200  35.46
2013-06-17  34.14  34.65  34.02  34.42  4741200  34.42
2013-06-14  33.73  34.01  33.51  33.82  3994800  33.82
2013-06-13  32.84  33.94  32.81  33.81  5526300  33.81
2013-06-12  33.86  33.86  32.81  32.85  4696700  32.85
2013-06-11  33.67  33.89  33.35  33.47  2389000  33.47
2013-06-10  34.5  34.54  34.03  34.14  4468100  34.14
2013-06-07  34.28  34.65  33.98  34.16  3967000  34.16
2013-06-06  33.58  34.06  33.28  34.06  3286000  34.06
2013-06-05  34.31  34.34  33.47  33.49  4579500  33.49
2013-06-04  34.76  34.92  34.02  34.37  5578300  34.37
2013-06-03  34.04  34.9  33.93  34.88  5385600  34.88
2013-05-31  34.47  34.63  33.83  33.83  4498400  33.83
2013-05-30  34.81  34.87  34.38  34.58  5438900  34.58
2013-05-29  34.65  35.06  34.45  34.88  3819800  34.88
2013-05-28  35.05  35.19  34.62  34.9  3764200  34.9
2013-05-24  34.29  34.59  34.1  34.58  3220200  34.58
2013-05-23  34.29  34.83  34.04  34.65  5937800  34.65
2013-05-22  35.44  35.86  34.55  34.81  6154800  34.81
2013-05-21  35.75  36.02  35.28  35.5  4558700  35.5
2013-05-20  35.52  36.09  35.49  35.79  5169600  35.79
2013-05-17  34.73  35.65  34.72  35.56  5202200  35.56
2013-05-16  34.33  34.89  34.28  34.58  5597100  34.58
2013-05-15  34.62  34.62  33.9  34.43  4831600  34.43
2013-05-14  33.79  34.85  33.79  34.8  5887100  34.8
2013-05-13  33.47  33.83  33.38  33.73  5412900  33.73
2013-05-10  33.91  33.91  33.22  33.62  5640000  33.62
2013-05-09  33.99  34.26  33.33  34.04  5648000  34.04
2013-05-08  33.94  34.21  33.37  33.98  7150300  33.98
2013-05-07  33.24  33.63  32.94  33.6  6090900  33.6
2013-05-06  32.76  33.11  32.48  32.87  4711200  32.87
2013-05-03  32.07  32.89  32.06  32.82  6622100  32.82
2013-05-02  31.29  31.86  31.13  31.77  4213500  31.77
2013-05-01  31.61  31.62  31.1  31.21  5256900  31.21
2013-04-30  31.87  32.09  31.61  31.98  4788400  31.98
2013-04-29  31.58  31.95  31.19  31.91  4865300  31.91
2013-04-26  31.14  31.34  30.67  31.05  4694900  31.05
2013-04-25  30.84  31.79  30.68  31.19  6809700  31.19
2013-04-24  30.16  30.81  30.11  30.71  5492200  30.71
2013-04-23  29.85  30.28  29.57  30.04  6127800  30.04
2013-04-22  29.24  29.9  28.85  29.76  5114800  29.76
2013-04-19  29.55  29.78  29.07  29.22  5002000  29.22
2013-04-18  29.53  29.89  29.11  29.47  5149800  29.47
2013-04-17  30.05  30.1  29.07  29.35  6266100  29.35
2013-04-16  30.44  30.66  29.88  30.4  5592600  30.4
2013-04-15  31.42  31.42  29.97  29.97  7584800  29.97
2013-04-12  32.79  32.86  31.57  31.85  6103000  31.85
2013-04-11  33.26  33.39  33.02  33.08  4023000  33.08
2013-04-10  32.83  33.27  32.77  33.19  4784800  33.19
2013-04-09  32.27  32.89  32.11  32.76  3180200  32.76
2013-04-08  31.81  32.24  31.73  32.14  3224800  32.14
2013-04-05  31.42  32.0  31.16  31.79  4739600  31.79
2013-04-04  32.41  32.45  31.74  32.0  5019200  32.0
2013-04-03  33.16  33.23  32.37  32.49  5922700  32.49
2013-04-02  32.93  33.18  32.71  32.86  3475100  32.86
2013-04-01  33.11  33.18  32.67  32.89  2652200  32.89
2013-03-28  33.24  33.44  32.94  33.01  4425500  33.01
2013-03-27  33.21  33.38  32.79  33.29  3431400  33.29
2013-03-26  33.24  33.51  33.16  33.35  3598900  33.35
2013-03-25  33.65  33.71  32.86  33.01  5087000  33.01
2013-03-22  33.61  33.71  33.33  33.44  3475700  33.44
2013-03-21  33.7  33.93  33.43  33.43  3847000  33.43
2013-03-20  33.72  33.99  33.4  33.87  5669400  33.87
2013-03-19  34.13  34.28  33.0  33.24  7438000  33.24
2013-03-18  33.89  34.52  33.76  34.24  4470000  34.24
2013-03-15  33.88  34.51  33.85  34.33  5770100  34.33
2013-03-14  33.76  34.11  33.72  34.02  3866300  34.02
2013-03-13  33.34  33.69  33.27  33.64  3746800  33.64
2013-03-12  33.0  33.43  32.85  33.35  3688700  33.35
2013-03-11  32.65  33.11  32.48  33.01  3193000  33.01
2013-03-08  32.9  33.04  32.7  32.8  5065200  32.8
2013-03-07  32.15  32.73  32.02  32.63  5377900  32.63
2013-03-06  32.05  32.19  31.82  32.06  3847200  32.06
2013-03-05  31.77  32.07  31.41  31.85  5021300  31.85
2013-03-04  32.05  32.09  31.46  31.68  5221400  31.68
2013-03-01  32.59  32.62  31.89  32.19  6030100  32.19
2013-02-28  32.76  33.2  32.66  32.79  4417100  32.79
2013-02-27  32.14  32.84  32.1  32.71  4463200  32.71
2013-02-26  32.36  32.46  31.51  32.16  7125800  32.16
2013-02-25  34.2  34.22  32.24  32.24  8732100  32.24
2013-02-22  33.77  34.13  33.42  33.97  5303100  33.97
2013-02-21  33.73  33.83  33.19  33.65  7724900  33.65
2013-02-20  34.92  34.97  33.81  33.84  5735100  33.84
2013-02-19  34.24  35.1  34.19  34.95  8169400  34.95
2013-02-15  34.48  34.63  33.45  33.93  7522800  33.93
2013-02-14  33.94  34.5  33.87  34.42  5101600  34.42
2013-02-13  33.77  34.09  33.76  34.05  5093200  34.05
2013-02-12  33.48  33.78  33.28  33.71  5129800  33.71
2013-02-11  33.67  33.83  33.28  33.42  4660000  33.42
2013-02-08  33.23  33.64  33.16  33.64  5659800  33.64
2013-02-07  33.31  33.6  32.61  33.12  4926800  33.12
2013-02-06  33.0  33.56  32.88  33.51  9432600  33.51
2013-02-05  33.44  33.82  33.32  33.82  7007700  33.82
2013-02-04  33.09  33.37  32.87  33.28  4646900  33.28
2013-02-01  33.01  33.35  32.74  33.32  5309500  33.32
2013-01-31  32.55  32.92  32.26  32.74  4848800  32.74
2013-01-30  33.09  33.31  32.6  32.68  4464800  32.68
2013-01-29  32.71  33.12  32.51  33.05  4309100  33.05
2013-01-28  33.08  33.08  32.33  32.65  3983800  32.65
2013-01-25  33.02  33.17  32.72  32.91  4061200  32.91
2013-01-24  32.86  33.37  32.79  32.9  5171600  32.9
2013-01-23  32.6  32.9  32.47  32.79  4656600  32.79
2013-01-22  32.24  32.68  31.95  32.67  5088700  32.67
2013-01-18  32.08  32.46  31.85  32.22  5106900  32.22
2013-01-17  31.68  32.49  31.58  32.3  7178500  32.3
2013-01-16  31.02  31.54  30.75  31.48  5637400  31.48
2013-01-15  30.99  31.23  30.78  31.1  4484800  31.1
2013-01-14  31.27  31.42  30.99  31.23  3304000  31.23
2013-01-11  31.46  31.62  31.07  31.32  3337200  31.32
2013-01-10  31.04  31.55  31.02  31.44  4423900  31.44
2013-01-09  31.17  31.24  30.66  30.83  3178100  30.83
2013-01-08  30.94  31.17  30.68  31.11  3447900  31.11
2013-01-07  30.99  31.27  30.83  31.03  4781000  31.03
2013-01-04  30.7  31.18  30.7  31.18  3450400  31.18
2013-01-03  30.74  31.1  30.56  30.77  3656200  30.77
2013-01-02  30.62  30.83  30.23  30.83  5297800  30.83
2012-12-31  28.92  29.9  28.84  29.87  5021900  29.87
2012-12-28  29.27  29.3  28.98  29.04  3434100  29.04
2012-12-27  29.66  29.72  29.1  29.53  3537900  29.53
2012-12-26  30.06  30.2  29.61  29.68  2847800  29.68
2012-12-24  30.12  30.2  29.78  29.9  1720400  29.9
2012-12-21  30.25  30.46  30.0  30.25  5595600  30.25
2012-12-20  30.43  30.66  30.32  30.65  3620000  30.65
2012-12-19  30.39  30.74  30.29  30.42  3692600  30.42
2012-12-18  29.89  30.53  29.81  30.47  6184500  30.47
2012-12-17  30.06  30.18  29.76  29.9  5525500  29.9
2012-12-14  29.81  30.1  29.59  30.02  4604700  30.02
2012-12-13  29.69  29.7  29.33  29.41  4412900  29.41
2012-12-12  29.6  29.99  29.35  29.72  7072800  29.72
2012-12-11  29.68  29.72  29.35  29.44  6737000  29.44
2012-12-10  30.12  30.15  28.96  29.57  12293600  29.57
2012-12-07  30.1  30.17  29.76  30.12  3649500  30.12
2012-12-06  29.62  29.93  29.41  29.92  4378500  29.92
2012-12-05  29.24  29.97  29.23  29.68  5525400  29.68
2012-12-04  29.82  29.97  29.25  29.26  7191800  29.26
2012-12-03  30.23  30.38  29.92  30.0  6106700  30.0
2012-11-30  29.97  30.18  29.83  30.05  4655500  30.05
2012-11-29  30.45  30.64  29.8  29.9  6336800  29.9
2012-11-28  29.96  30.33  29.62  30.27  5777900  30.27
2012-11-27  30.1  30.35  29.93  30.24  9302800  30.24
2012-11-26  30.68  30.87  30.16  30.2  8155900  30.2
2012-11-23  30.84  31.1  30.82  31.1  2364700  31.1
2012-11-21  30.79  30.85  30.56  30.68  4021000  30.68
2012-11-20  30.32  30.7  30.02  30.68  7900400  30.68
2012-11-19  30.29  30.74  30.28  30.32  11473000  30.32
2012-11-16  29.6  29.96  29.24  29.9  10504500  29.9
2012-11-15  29.09  29.77  29.03  29.58  10562400  29.58
2012-11-14  29.22  29.46  29.04  29.11  8373200  29.11
2012-11-13  29.02  29.54  28.9  29.22  6680600  29.22
2012-11-12  29.5  29.62  29.25  29.28  5584200  29.28
2012-11-09  28.96  29.68  28.78  29.49  9850300  29.49
2012-11-08  29.16  29.26  28.77  28.93  9158300  28.93
2012-11-07  30.14  30.41  28.98  29.02  12033100  29.02
2012-11-06  29.7  30.81  29.55  30.23  11304500  30.23
2012-11-05  28.59  29.65  28.32  29.56  6560500  29.56
2012-11-02  29.3  29.63  28.88  29.01  4909200  29.01
2012-11-01  29.12  29.45  29.11  29.42  4293400  29.42
2012-10-31  29.08  29.3  28.93  29.12  3899800  29.12
2012-10-26  29.12  29.39  28.86  28.97  3500800  28.97
2012-10-25  29.22  29.36  28.92  29.26  4818100  29.26
2012-10-24  28.98  29.44  28.56  28.93  9209400  28.93
2012-10-23  28.45  28.75  27.74  28.64  12233000  28.64
2012-10-22  29.51  29.64  28.73  29.15  6093200  29.15
2012-10-19  30.16  30.33  29.57  29.63  6051800  29.63
2012-10-18  30.1  30.6  30.1  30.25  8884900  30.25
2012-10-17  29.88  30.41  29.72  30.35  6527500  30.35
2012-10-16  29.15  29.71  29.0  29.68  5959500  29.68
2012-10-15  28.25  29.02  28.21  28.94  6589500  28.94
2012-10-12  28.44  28.61  28.25  28.46  4633400  28.46
2012-10-11  28.87  28.99  28.38  28.38  6259500  28.38
2012-10-10  28.59  28.91  28.39  28.64  7178600  28.64
2012-10-09  28.73  28.95  28.57  28.67  6955100  28.67
2012-10-08  28.42  28.73  28.33  28.67  3706100  28.67
2012-10-05  29.03  29.09  28.53  28.62  5320700  28.62
2012-10-04  28.71  29.08  28.6  28.91  7599200  28.91
2012-10-03  28.98  29.18  28.35  28.49  4918000  28.49
2012-10-02  29.06  29.08  28.75  28.95  5511900  28.95
2012-10-01  28.78  29.13  28.71  28.92  8022400  28.92
2012-09-28  28.86  28.87  28.46  28.65  6749900  28.65
2012-09-27  28.88  29.12  28.72  29.08  5984000  29.08
2012-09-26  28.83  28.87  28.46  28.65  7634100  28.65
2012-09-25  29.56  29.66  29.08  29.09  9664700  29.09
2012-09-24  29.45  29.56  29.33  29.39  5840300  29.39
2012-09-21  29.8  29.85  29.66  29.82  8161800  29.82
2012-09-20  29.19  29.6  29.07  29.44  6283900  29.44
2012-09-19  29.92  29.93  29.12  29.45  12119600  29.45
2012-09-18  29.74  29.77  29.17  29.36  8092300  29.36
2012-09-17  30.05  30.24  29.68  29.84  8415100  29.84
2012-09-14  29.08  30.22  29.05  30.12  11525200  30.12
2012-09-13  28.22  28.96  27.93  28.92  7928200  28.92
2012-09-12  28.36  28.38  28.01  28.15  5813900  28.15
2012-09-11  27.91  28.53  27.83  28.31  7840600  28.31
2012-09-10  27.75  27.91  27.57  27.58  5914600  27.58
2012-09-07  27.46  27.74  27.42  27.72  6541600  27.72
2012-09-06  26.62  27.61  26.58  27.4  10527400  27.4
2012-09-05  26.67  26.76  26.23  26.33  4666700  26.33
2012-09-04  26.88  26.93  26.3  26.59  3880700  26.59
2012-08-31  26.64  27.08  26.5  26.95  5762100  26.95
2012-08-30  26.67  26.72  26.32  26.41  4634600  26.41
2012-08-29  27.08  27.11  26.65  26.8  5670400  26.8
2012-08-28  26.69  27.16  26.51  27.09  6715800  27.09
2012-08-27  26.99  27.13  26.67  26.76  5623200  26.76
2012-08-24  26.71  27.06  26.42  26.97  5726600  26.97
2012-08-23  26.79  27.16  26.69  26.83  8661100  26.83
2012-08-22  26.04  26.84  25.99  26.81  9489900  26.81
2012-08-21  26.48  26.69  26.11  26.18  6660200  26.18
2012-08-20  26.23  26.41  26.16  26.31  5129100  26.31
2012-08-17  26.44  26.58  26.15  26.25  5006800  26.25
2012-08-16  26.58  26.78  26.35  26.5  8132700  26.5
2012-08-15  26.4  26.67  26.28  26.62  4991600  26.62
2012-08-14  26.71  26.88  26.4  26.52  4695800  26.52
2012-08-13  26.88  26.91  26.38  26.52  4284900  26.52
2012-08-10  26.34  26.88  26.31  26.86  6052300  26.86
2012-08-09  26.52  26.75  26.22  26.56  5359600  26.56
2012-08-08  26.18  26.61  26.1  26.55  6503700  26.55
2012-08-07  25.95  26.51  25.9  26.38  7238600  26.38
2012-08-06  25.72  25.8  25.49  25.72  7717300  25.72
2012-08-03  25.33  25.96  25.27  25.72  7088300  25.72
2012-08-02  25.37  25.51  24.56  24.77  8623000  24.77
2012-08-01  25.79  26.03  25.04  25.53  12264800  25.53
2012-07-31  25.8  26.07  25.48  25.48  6760900  25.48
2012-07-30  25.99  26.1  25.69  25.9  4429200  25.9
2012-07-27  25.39  26.17  25.22  26.02  8175300  26.02
2012-07-26  24.81  25.38  24.81  25.32  7354900  25.32
2012-07-25  24.61  24.69  24.12  24.4  7025500  24.4
2012-07-24  24.95  25.09  24.1  24.47  5874500  24.47
2012-07-23  24.99  25.03  24.63  24.98  6510000  24.98
2012-07-20  25.5  25.69  25.34  25.55  7078800  25.55
2012-07-19  25.9  25.99  25.64  25.75  10179200  25.75
2012-07-18  24.94  25.72  24.81  25.59  9242900  25.59
2012-07-17  24.64  25.09  24.42  25.04  8750700  25.04
2012-07-16  24.11  24.71  23.93  24.63  8708300  24.63
2012-07-13  23.47  24.02  23.45  23.94  5670600  23.94
2012-07-12  23.4  23.55  23.12  23.37  7838100  23.37
2012-07-11  23.27  24.02  23.27  23.72  8095800  23.72
2012-07-10  23.74  23.9  23.04  23.19  5785400  23.19
2012-07-09  23.96  23.98  23.4  23.64  7059600  23.64
2012-07-06  24.1  24.28  23.88  24.03  4813900  24.03
2012-07-05  24.84  24.97  24.46  24.52  5244900  24.52
2012-07-03  24.49  25.08  24.49  25.04  3615100  25.04
2012-07-02  24.61  24.7  24.21  24.36  6282200  24.36
2012-06-29  24.33  24.64  24.33  24.62  8551000  24.62
2012-06-28  23.33  23.78  23.18  23.74  6450900  23.74
2012-06-27  23.32  23.61  23.14  23.49  5650100  23.49
2012-06-26  22.76  23.21  22.63  23.11  6819500  23.11
2012-06-25  22.53  22.83  22.39  22.81  7879500  22.81
2012-06-22  22.64  23.0  22.31  22.86  9713000  22.86
2012-06-21  23.83  23.87  22.42  22.45  8355200  22.45
2012-06-20  23.92  24.21  23.58  23.77  8350200  23.77
2012-06-19  23.58  24.0  23.47  23.89  6853800  23.89
2012-06-18  23.73  23.77  23.24  23.31  8292200  23.31
2012-06-15  23.85  23.96  23.69  23.94  7644400  23.94
2012-06-14  23.59  23.89  23.41  23.69  5729500  23.69
2012-06-13  23.68  24.08  23.43  23.56  6957400  23.56
2012-06-12  23.74  24.03  23.58  23.84  7616100  23.84
2012-06-11  24.38  24.5  23.48  23.51  5456500  23.51
2012-06-08  23.89  24.14  23.69  24.1  4153100  24.1
2012-06-07  24.48  24.77  24.06  24.07  9683800  24.07
2012-06-06  23.35  24.08  23.35  24.03  8701100  24.03
2012-06-05  22.86  23.33  22.86  23.1  7461600  23.1
2012-06-04  23.08  23.18  22.43  22.95  11350200  22.95
2012-06-01  23.35  23.44  23.0  23.0  9058000  23.0
2012-05-31  23.89  24.16  23.32  23.98  8369400  23.98
2012-05-30  24.14  24.15  23.52  23.93  8785900  23.93
2012-05-29  24.61  24.86  24.19  24.57  8425000  24.57
2012-05-25  23.88  24.49  23.88  24.35  8092800  24.35
2012-05-24  23.68  23.95  23.44  23.95  9374600  23.95
2012-05-23  23.16  23.68  22.98  23.61  5269300  23.61
2012-05-22  23.81  24.16  23.29  23.42  7936600  23.42
2012-05-21  23.35  23.63  23.16  23.61  9584700  23.61
2012-05-18  23.35  23.5  23.06  23.23  8389500  23.23
2012-05-17  23.61  23.8  23.21  23.26  6046800  23.26
2012-05-16  23.97  24.56  23.59  23.6  7340500  23.6
2012-05-15  24.61  24.67  23.81  23.89  7993900  23.89
2012-05-14  24.77  24.79  24.39  24.5  7692400  24.5
2012-05-11  25.54  25.66  24.95  25.04  8226900  25.04
2012-05-10  25.51  26.08  25.39  25.81  11273900  25.81
2012-05-09  24.7  25.43  24.4  25.29  10768200  25.29
2012-05-08  24.78  25.14  24.4  25.03  12392600  25.03
2012-05-07  25.44  25.73  25.14  25.18  11535600  25.18
2012-05-04  26.01  26.13  25.14  25.63  10640300  25.63
2012-05-03  27.59  27.62  26.38  26.45  10502800  26.45
2012-05-02  28.03  28.39  27.54  27.62  10968200  27.62
2012-05-01  28.24  29.21  28.09  28.88  6515000  28.88
2012-04-30  28.26  28.33  27.84  28.06  7547900  28.06
2012-04-27  28.63  28.68  28.23  28.42  4307100  28.42
2012-04-26  28.03  28.66  27.98  28.6  4492300  28.6
2012-04-25  28.35  28.49  27.82  28.02  6421500  28.02
2012-04-24  28.09  28.34  27.9  28.11  4496600  28.11
2012-04-23  27.52  28.19  27.44  28.11  6456900  28.11
2012-04-20  28.29  28.54  28.14  28.19  4287800  28.19
2012-04-19  28.33  28.53  28.0  28.13  4743700  28.13
2012-04-18  28.14  28.39  28.08  28.23  5179300  28.23
2012-04-17  28.6  28.78  28.26  28.26  5773700  28.26
2012-04-16  28.43  28.62  27.98  28.2  5067400  28.2
2012-04-13  28.9  28.95  28.23  28.41  6461100  28.41
2012-04-12  28.01  29.08  27.91  29.02  7097400  29.02
2012-04-11  28.33  28.33  27.91  27.96  6026600  27.96
2012-04-10  28.85  28.92  27.93  27.98  7334900  27.98
2012-04-09  28.74  29.16  28.55  28.83  5177900  28.83
2012-04-05  29.51  29.67  29.05  29.21  6300000  29.21
2012-04-04  29.92  30.14  29.58  29.59  7141600  29.59
2012-04-03  30.71  30.91  29.96  30.27  5418600  30.27
2012-04-02  30.24  31.03  29.99  30.83  4429600  30.83
2012-03-30  30.55  30.61  30.18  30.32  5147300  30.32
2012-03-29  29.97  30.41  29.67  30.37  4954700  30.37
2012-03-28  30.52  30.75  29.85  30.29  7330300  30.29
2012-03-27  31.23  31.39  30.6  30.65  6180200  30.65
2012-03-26  31.36  31.43  30.87  31.1  5226200  31.1
2012-03-23  30.94  31.26  30.72  31.05  5845100  31.05
2012-03-22  31.41  31.42  30.71  30.82  5982100  30.82
2012-03-21  32.26  32.28  31.7  31.79  5453300  31.79
2012-03-20  32.65  32.65  32.17  32.35  4672600  32.35
2012-03-19  33.02  33.19  32.71  32.99  4335300  32.99
2012-03-16  32.3  33.14  32.3  33.1  6979600  33.1
2012-03-15  32.26  32.35  31.9  32.19  3851000  32.19
2012-03-14  32.54  32.86  32.1  32.21  4355100  32.21
2012-03-13  32.39  32.55  31.87  32.51  4961800  32.51
2012-03-12  31.87  32.28  31.67  32.21  5199700  32.21
2012-03-09  32.15  32.47  31.79  31.89  4322100  31.89
2012-03-08  31.81  32.16  31.54  32.07  5118500  32.07
2012-03-07  30.99  31.65  30.9  31.54  6740000  31.54
2012-03-06  31.62  31.62  30.68  31.01  7060800  31.01
2012-03-05  31.94  32.08  31.62  32.0  5274800  32.0
2012-03-02  32.71  32.78  31.83  32.06  6713700  32.06
2012-03-01  32.55  32.96  32.47  32.77  5927900  32.77
2012-02-29  33.19  33.38  32.03  32.42  11242600  32.42
2012-02-28  33.51  33.95  33.42  33.54  8440500  33.54
2012-02-27  33.45  33.69  33.12  33.51  5307200  33.51
2012-02-24  33.61  33.86  33.29  33.49  5764500  33.49
2012-02-23  32.92  33.46  32.47  33.32  5044700  33.32
2012-02-22  33.13  33.43  32.8  32.89  5355400  32.89
2012-02-21  32.74  33.28  32.65  33.06  7268600  33.06
2012-02-17  32.34  32.52  31.89  32.3  5994700  32.3
2012-02-16  31.3  32.28  31.12  32.13  6903700  32.13
2012-02-15  31.75  31.77  31.18  31.23  7292500  31.23
2012-02-14  31.71  31.76  31.19  31.54  6382600  31.54
2012-02-13  31.92  31.93  31.43  31.63  4931700  31.63
2012-02-10  30.71  31.56  30.49  31.55  9239000  31.55
2012-02-09  31.2  31.31  30.64  31.02  7468400  31.02
2012-02-08  31.63  31.88  30.88  31.11  7053100  31.11
2012-02-07  31.46  31.66  30.94  31.56  6122000  31.56
2012-02-06  30.75  31.31  30.56  31.31  6052200  31.31
2012-02-03  29.83  30.81  29.74  30.74  7722000  30.74
2012-02-02  30.03  30.62  29.62  29.91  6532000  29.91
2012-02-01  30.1  31.06  29.84  30.05  10368900  30.05
2012-01-31  29.76  30.0  29.38  29.87  11024400  29.87
2012-01-30  29.36  29.56  28.94  29.46  7756600  29.46
2012-01-27  29.94  30.05  29.64  29.73  6468600  29.73
2012-01-26  31.23  31.28  29.85  30.01  7419000  30.01
2012-01-25  30.32  31.07  29.77  30.99  6593400  30.99
2012-01-24  30.3  30.69  30.05  30.63  4973300  30.63
2012-01-23  30.6  30.84  30.31  30.67  6541200  30.67
2012-01-20  30.59  30.72  30.07  30.49  6213100  30.49
2012-01-19  30.41  30.61  30.17  30.42  5888900  30.42
2012-01-18  29.67  30.46  29.3  30.36  10433000  30.36
2012-01-17  29.54  29.57  29.15  29.44  7747500  29.44
2012-01-13  28.88  29.07  28.65  29.0  6457300  29.0
2012-01-12  29.29  29.47  28.9  29.17  10247600  29.17
2012-01-11  29.49  29.59  29.0  29.1  5782200  29.1
2012-01-10  29.73  29.87  29.44  29.58  7004900  29.58
2012-01-09  29.28  29.36  28.92  29.16  6854200  29.16
2012-01-06  29.77  29.78  29.18  29.2  6020500  29.2
2012-01-05  29.22  29.8  29.02  29.75  7248500  29.75
2012-01-04  29.33  29.7  29.15  29.53  6815300  29.53
2012-01-03  28.51  29.6  28.47  29.46  10541900  29.46
2011-12-30  27.83  28.37  27.79  27.85  5949900  27.85
2011-12-29  27.59  27.93  27.49  27.88  3473900  27.88
2011-12-28  28.09  28.09  27.33  27.43  4989500  27.43
2011-12-27  27.79  28.06  27.55  27.92  3702800  27.92
2011-12-23  27.59  27.81  27.49  27.81  3828200  27.81
2011-12-22  26.98  27.58  26.88  27.48  8245700  27.48
2011-12-21  26.25  26.88  26.02  26.78  7726400  26.78
2011-12-20  25.86  26.32  25.86  26.17  6171200  26.17
2011-12-19  25.89  26.01  25.08  25.17  6775500  25.17
2011-12-16  25.76  26.1  25.66  26.06  8658100  26.06
2011-12-15  25.99  26.27  25.69  25.77  8390300  25.77
2011-12-14  25.85  26.03  25.29  25.68  6914000  25.68
2011-12-13  26.64  27.15  26.06  26.3  8770100  26.3
2011-12-12  26.61  26.65  25.55  26.0  5474400  26.0
2011-12-09  26.2  27.05  25.96  26.96  6638900  26.96
2011-12-08  26.91  26.94  25.95  26.04  7212400  26.04
2011-12-07  27.14  27.25  26.55  27.04  6670500  27.04
2011-12-06  27.2  27.34  26.72  27.1  6636900  27.1
2011-12-05  27.14  27.45  26.88  27.15  8727400  27.15
2011-12-02  26.86  26.89  26.28  26.43  6103900  26.43
2011-12-01  26.35  26.89  26.26  26.38  5931400  26.38
2011-11-30  26.12  26.74  26.12  26.61  7880300  26.61
2011-11-29  24.85  25.42  24.73  25.24  6191700  25.24
2011-11-28  24.62  25.01  24.43  24.72  7141500  24.72
2011-11-25  23.64  23.91  23.43  23.47  2507100  23.47
2011-11-23  24.36  24.38  23.6  23.64  6442600  23.64
2011-11-22  25.03  25.16  24.51  24.75  6836200  24.75
2011-11-21  24.29  25.13  24.14  25.03  8434800  25.03
2011-11-18  25.46  25.57  24.76  24.87  7282600  24.87
2011-11-17  26.2  26.23  24.95  25.18  9241500  25.18
2011-11-16  26.04  26.99  25.93  26.29  8109700  26.29
2011-11-15  25.81  26.63  25.72  26.42  6775300  26.42
2011-11-14  26.88  26.97  26.17  26.33  5169400  26.33
2011-11-11  26.37  26.97  26.3  26.82  6618200  26.82
2011-11-10  25.89  26.2  25.34  25.87  6118700  25.87
2011-11-09  25.86  26.19  25.33  25.42  8494000  25.42
2011-11-08  26.39  26.78  25.96  26.75  8371900  26.75
2011-11-07  25.56  26.14  25.52  26.05  7086900  26.05
2011-11-04  25.12  25.75  24.97  25.59  7781600  25.59
2011-11-03  25.08  25.46  24.69  25.31  7488200  25.31
2011-11-02  24.6  24.85  24.14  24.62  9426100  24.62
2011-11-01  23.62  24.39  23.2  24.02  12818700  24.02
2011-10-31  25.97  26.04  24.64  24.64  10040700  24.64
2011-10-28  26.04  26.63  25.94  26.48  6312300  26.48
2011-10-27  25.81  26.55  25.56  26.28  7523300  26.28
2011-10-26  24.82  25.06  24.22  24.93  5959400  24.93
2011-10-25  24.71  24.75  24.02  24.36  6741300  24.36
2011-10-24  24.5  24.93  24.41  24.86  9293200  24.86
2011-10-21  23.99  24.62  23.92  24.43  7937500  24.43
2011-10-20  23.36  23.6  22.84  23.51  5957300  23.51
2011-10-19  23.51  23.76  23.18  23.33  7376800  23.33
2011-10-18  22.51  23.66  22.15  23.51  6680500  23.51
2011-10-17  23.07  23.17  22.43  22.57  6417900  22.57
2011-10-14  22.8  23.24  22.8  23.24  5673300  23.24
2011-10-13  22.25  22.5  21.77  22.39  6328200  22.39
2011-10-12  22.64  22.67  22.2  22.24  8565200  22.24
2011-10-11  22.34  22.8  22.13  22.29  8064300  22.29
2011-10-10  21.78  22.67  21.78  22.62  5424900  22.62
2011-10-07  22.25  22.32  21.25  21.33  7676400  21.33
2011-10-06  21.34  21.98  21.11  21.96  9906000  21.96
2011-10-05  21.02  21.53  20.28  21.43  11157600  21.43
2011-10-04  18.72  19.98  18.11  19.96  13200000  19.96
2011-10-03  20.17  20.27  19.18  19.19  10678100  19.19
2011-09-30  20.96  21.02  20.43  20.43  9987700  20.43
2011-09-29  21.63  21.73  20.63  21.13  8212300  21.13
2011-09-28  22.02  22.15  20.94  20.97  6969300  20.97
2011-09-27  22.55  22.98  21.77  21.92  8122900  21.92
2011-09-26  21.04  22.03  20.49  21.99  10562700  21.99
2011-09-23  21.02  21.35  20.65  20.88  7873100  20.88
2011-09-22  21.62  21.66  20.43  20.87  12991500  20.87
2011-09-21  23.33  23.65  22.43  22.46  8530800  22.46
2011-09-20  23.97  24.21  23.43  23.45  4497100  23.45
2011-09-19  23.47  24.06  23.19  23.83  7383100  23.83
2011-09-16  24.5  24.54  23.78  23.98  8965800  23.98
2011-09-15  23.66  24.37  23.47  24.32  6617400  24.32
2011-09-14  23.38  23.61  22.86  23.31  12872300  23.31
2011-09-13  23.2  23.71  23.08  23.27  14552200  23.27
2011-09-12  23.11  23.56  22.52  23.09  10836200  23.09
2011-09-09  24.01  24.07  23.2  23.49  11000200  23.49
2011-09-08  25.0  25.29  24.25  24.42  6912500  24.42
2011-09-07  24.71  25.12  24.42  25.09  7832800  25.09
2011-09-06  23.14  23.74  22.74  23.71  10127700  23.71
2011-09-02  24.58  24.75  24.23  24.4  5412500  24.4
2011-09-01  25.61  26.0  25.28  25.35  6001500  25.35
2011-08-31  25.39  25.83  25.12  25.48  8067400  25.48
2011-08-30  24.72  25.25  24.54  25.08  9359300  25.08
2011-08-29  24.87  25.15  24.55  25.0  6269300  25.0
2011-08-26  23.66  24.59  23.15  24.51  7279800  24.51
2011-08-25  24.51  24.63  23.73  23.84  6736800  23.84
2011-08-24  24.53  24.79  23.81  24.33  8553000  24.33
2011-08-23  24.01  24.6  23.8  24.6  10106200  24.6
2011-08-22  24.8  25.01  23.59  23.95  9103200  23.95
2011-08-19  23.78  24.59  23.67  23.83  9753300  23.83
2011-08-18  25.0  25.0  23.95  24.22  11485200  24.22
2011-08-17  26.36  26.73  25.56  25.96  8716900  25.96
2011-08-16  25.95  26.11  25.41  25.66  9161200  25.66
2011-08-15  25.62  26.1  25.48  26.07  8948200  26.07
2011-08-12  25.38  25.53  24.8  25.08  10311000  25.08
2011-08-11  24.07  25.23  23.66  24.88  25157800  24.88
2011-08-10  23.57  24.78  23.56  23.8  24681600  23.8
2011-08-09  22.92  24.14  22.21  23.97  20454800  23.97
2011-08-08  22.72  23.63  21.95  22.0  22394400  22.0
2011-08-05  25.09  25.15  22.69  24.59  28428700  24.59
2011-08-04  25.58  25.59  23.58  23.63  18139600  23.63
2011-08-03  26.32  26.95  25.25  26.01  22157800  26.01
2011-08-02  28.29  28.64  27.41  27.41  10827500  27.41
2011-08-01  29.56  29.58  28.57  28.84  8193200  28.84
2011-07-29  28.94  29.29  28.71  29.15  8861300  29.15
2011-07-28  29.59  29.8  29.25  29.26  7689200  29.26
2011-07-27  30.21  30.21  29.33  29.65  6882500  29.65
2011-07-26  30.73  30.75  30.23  30.43  5720600  30.43
2011-07-25  29.88  30.9  29.83  30.57  7747300  30.57
2011-07-22  30.19  30.19  29.88  30.13  4938900  30.13
2011-07-21  29.57  30.17  29.43  30.11  7770400  30.11
2011-07-20  29.92  29.93  29.15  29.21  8226100  29.21
2011-07-19  29.8  30.0  29.11  29.4  12320800  29.4
2011-07-18  29.63  29.74  29.28  29.56  7228000  29.56
2011-07-15  29.6  29.93  29.31  29.82  8761800  29.82
2011-07-14  30.02  30.18  29.41  29.46  7605900  29.46
2011-07-13  30.12  30.4  29.69  29.85  10133700  29.85
2011-07-12  29.86  30.0  29.65  29.67  8328100  29.67
2011-07-11  30.43  30.47  29.81  30.13  9712900  30.13
2011-07-08  30.71  31.03  30.42  30.75  9070300  30.75
2011-07-07  31.62  31.63  30.5  31.16  14330200  31.16
2011-07-06  32.86  32.91  30.61  30.88  18806000  30.88
2011-07-05  31.84  32.37  31.4  32.07  17142200  32.07
2011-07-01  31.32  31.32  30.19  31.01  12950000  31.01
2011-06-30  29.11  29.62  28.96  29.58  13829300  29.58
2011-06-29  28.94  29.29  28.63  28.99  12529400  28.99
2011-06-28  27.9  28.91  27.76  28.85  14636200  28.85
2011-06-27  27.51  27.73  27.3  27.54  17043400  27.54
2011-06-24  29.0  29.07  27.7  27.82  22634900  27.82
2011-06-23  29.03  29.03  28.23  28.98  18295600  28.98
2011-06-22  29.15  29.94  29.06  29.64  11779700  29.64
2011-06-21  28.71  29.54  28.51  29.28  12114000  29.28
2011-06-20  28.19  28.69  28.08  28.69  8720400  28.69
2011-06-17  28.99  29.05  28.34  28.4  13311700  28.4
2011-06-16  28.56  29.12  28.27  28.74  11359600  28.74
2011-06-15  28.79  28.91  28.18  28.51  13979700  28.51
2011-06-14  28.28  29.41  28.26  29.2  15744700  29.2
2011-06-13  27.95  28.53  27.56  27.95  9721700  27.95
2011-06-10  28.58  28.58  28.12  28.21  15379000  28.21
2011-06-09  28.83  29.05  28.66  28.72  8705800  28.72
2011-06-08  28.75  29.05  28.32  28.56  8867900  28.56
2011-06-07  28.58  29.23  28.47  28.75  11104100  28.75
2011-06-06  29.0  29.18  28.37  28.4  10030300  28.4
2011-06-03  28.89  29.37  28.84  29.08  10011700  29.08
2011-06-02  29.61  29.75  28.97  29.48  9890400  29.48
2011-06-01  29.92  30.03  29.32  29.56  16810700  29.56
2011-05-31  30.21  30.43  30.03  30.41  12052600  30.41
2011-05-27  30.13  30.44  29.59  29.96  11142000  29.96
2011-05-26  29.53  30.11  29.42  30.08  11010200  30.08
2011-05-25  29.62  29.88  28.85  29.62  13493500  29.62
2011-05-24  28.67  29.48  28.54  29.13  14122700  29.13
2011-05-23  28.35  28.47  27.82  28.34  14156700  28.34
2011-05-20  29.17  29.23  28.67  28.75  10753600  28.75
2011-05-19  29.0  29.35  28.7  29.15  9514800  29.15
2011-05-18  28.31  29.08  28.23  28.93  11408400  28.93
2011-05-17  28.02  28.2  27.62  28.09  10779200  28.09
2011-05-16  28.5  28.85  28.13  28.24  8370200  28.24
2011-05-13  28.77  28.88  28.14  28.55  11092400  28.55
2011-05-12  28.17  28.8  27.68  28.59  11399800  28.59
2011-05-11  29.18  29.22  27.98  28.4  13453100  28.4
2011-05-10  29.1  29.42  28.83  29.29  11464500  29.29
2011-05-09  28.08  29.23  27.97  29.16  13246800  29.16
2011-05-06  27.97  28.53  27.62  27.7  18002700  27.7
2011-05-05  28.39  28.44  27.42  27.68  18301100  27.68
2011-05-04  29.15  29.15  28.55  28.8  11765600  28.8
2011-05-03  29.46  29.73  28.51  29.37  17831200  29.37
2011-05-02  30.23  30.35  29.57  29.84  12521400  29.84
2011-04-29  29.43  30.23  29.34  30.19  9986900  30.19
2011-04-28  29.33  29.46  28.98  29.39  7276600  29.39
2011-04-27  29.48  29.58  28.85  29.41  8612200  29.41
2011-04-26  29.41  29.54  28.97  29.42  9224500  29.42
2011-04-25  30.11  30.19  29.31  29.38  8143000  29.38
2011-04-21  29.91  30.11  29.62  30.08  7207700  30.08
2011-04-20  29.07  29.83  29.02  29.79  11114500  29.79
2011-04-19  28.41  28.65  28.1  28.65  9498200  28.65
2011-04-18  28.3  28.7  28.01  28.54  8882300  28.54
2011-04-15  28.67  28.9  28.5  28.68  8580200  28.68
2011-04-14  28.07  28.64  27.87  28.59  8478500  28.59
2011-04-13  28.32  28.47  27.81  28.12  7674600  28.12
2011-04-12  28.63  28.64  27.81  28.04  15762600  28.04
2011-04-11  29.42  29.62  28.81  28.92  8303800  28.92
2011-04-08  29.73  29.92  29.33  29.48  8445300  29.48
2011-04-07  29.63  30.1  29.27  29.61  8799700  29.61
2011-04-06  30.07  30.12  29.47  29.56  6372500  29.56
2011-04-05  29.84  30.06  29.5  29.85  7785100  29.85
2011-04-04  30.06  30.1  29.5  29.66  9245900  29.66
2011-04-01  30.07  30.28  29.81  29.92  9565600  29.92
2011-03-31  29.75  30.02  29.6  29.78  11252600  29.78
2011-03-30  29.33  29.68  29.16  29.58  9751400  29.58
2011-03-29  28.63  29.28  28.61  29.18  11366600  29.18
2011-03-28  28.99  29.3  28.57  28.57  12194600  28.57
2011-03-25  28.42  28.92  28.31  28.89  12998800  28.89
2011-03-24  28.34  28.5  28.05  28.34  9548200  28.34
2011-03-23  28.51  28.69  28.22  28.25  9883200  28.25
2011-03-22  29.01  29.02  28.37  28.61  9304300  28.61
2011-03-21  28.81  29.02  28.4  28.96  12992500  28.96
2011-03-18  27.97  28.11  27.66  27.74  15731300  27.74
2011-03-17  27.38  27.82  27.38  27.68  13581200  27.68
2011-03-16  27.57  28.07  26.84  27.23  17394300  27.23
2011-03-15  26.64  27.63  26.36  27.36  12599000  27.36
2011-03-14  27.9  28.32  27.48  27.75  11504100  27.75
2011-03-11  26.94  28.13  26.88  28.03  11457200  28.03
2011-03-10  27.42  27.64  27.12  27.15  13826800  27.15
2011-03-09  28.03  28.15  27.57  27.72  13361600  27.72
2011-03-08  28.48  28.49  27.72  28.04  14865700  28.04
2011-03-07  29.34  29.34  28.38  28.73  10473900  28.73
2011-03-04  29.49  29.49  28.73  28.86  15132400  28.86
2011-03-03  29.06  29.48  28.84  29.42  13896400  29.42
2011-03-02  28.42  28.6  28.01  28.45  14486000  28.45
2011-03-01  29.24  29.26  28.15  28.35  28725900  28.35
2011-02-28  27.32  27.97  27.28  27.71  12382600  27.71
2011-02-25  27.06  27.25  26.8  27.16  11685000  27.16
2011-02-24  27.3  27.38  26.57  26.89  17350500  26.89
2011-02-23  26.96  28.06  26.88  27.48  21534300  27.48
2011-02-22  27.46  27.65  26.58  26.66  21026300  26.66
2011-02-18  27.98  28.04  27.41  27.66  15611400  27.66
2011-02-17  27.55  28.25  27.41  27.98  14465700  27.98
2011-02-16  27.19  27.64  26.99  27.55  16724900  27.55
2011-02-15  27.23  27.28  26.8  26.86  11807700  26.86
2011-02-14  25.98  27.56  25.84  27.4  21307000  27.4
2011-02-11  25.74  25.9  25.55  25.83  10831300  25.83
2011-02-10  25.64  25.89  25.48  25.8  11349400  25.8
2011-02-09  25.69  25.79  25.39  25.75  9630300  25.75
2011-02-08  25.79  25.86  25.52  25.72  10484000  25.72
2011-02-07  25.92  26.34  25.67  25.78  12317000  25.78
2011-02-04  25.56  25.64  25.18  25.48  10115200  25.48
2011-02-03  25.44  25.59  24.97  25.53  11223600  25.53
2011-02-02  25.56  26.12  25.21  25.5  17381600  25.5
2011-02-01  25.58  25.98  25.32  25.9  17406400  25.9
2011-01-31  24.99  25.43  24.72  25.4  14051500  25.4
2011-01-28  24.5  25.1  24.5  24.87  15764800  24.87
2011-01-27  25.13  25.22  24.72  24.82  19626700  24.82
2011-01-26  24.64  25.37  24.59  25.22  26831500  25.22
2011-01-25  23.44  24.22  23.37  24.2  21007900  24.2
2011-01-24  23.34  23.46  23.28  23.42  15901400  23.42
2011-01-21  23.39  23.5  23.28  23.36  16841900  23.36
2011-01-20  23.35  23.48  22.98  23.26  15983700  23.26
2011-01-19  23.64  23.81  23.33  23.37  18327400  23.37
2011-01-18  23.56  23.96  23.54  23.6  16243900  23.6
2011-01-14  23.64  23.9  23.39  23.67  20703900  23.67
2011-01-13  24.61  24.95  23.78  23.88  74340000  23.88
2011-01-12  22.23  22.65  22.15  22.52  13980600  22.52
2011-01-11  21.89  22.23  21.78  22.07  12562600  22.07
2011-01-10  21.58  21.83  21.46  21.76  12057500  21.76
2011-01-07  21.25  21.53  21.12  21.47  13017300  21.47
2011-01-06  20.79  20.95  20.73  20.89  9321000  20.89
2011-01-05  20.74  20.82  20.54  20.75  7193300  20.75
2011-01-04  21.0  21.04  20.55  20.77  8221300  20.77
2011-01-03  20.78  21.02  20.62  20.89  7336000  20.89
2010-12-31  20.47  20.68  20.38  20.58  4227200  20.58
2010-12-30  20.5  20.59  20.43  20.47  4969000  20.47
2010-12-29  20.29  20.64  20.25  20.52  4918000  20.52
2010-12-28  20.37  20.4  20.2  20.28  4807200  20.28
2010-12-27  20.2  20.33  20.14  20.29  3928200  20.29
2010-12-23  20.32  20.41  20.14  20.23  4678500  20.23
2010-12-22  20.17  20.38  20.06  20.3  5235900  20.3
2010-12-21  20.03  20.23  19.95  20.11  7029700  20.11
2010-12-20  19.67  20.07  19.64  19.96  9274900  19.96
2010-12-17  19.53  19.61  19.43  19.57  7328900  19.57
2010-12-16  19.39  19.56  19.22  19.54  6522200  19.54
2010-12-15  19.39  19.56  19.34  19.37  6559600  19.37
2010-12-14  19.4  19.58  19.31  19.43  7583400  19.43
2010-12-13  19.6  19.61  19.2  19.43  11133400  19.43
2010-12-10  19.49  19.6  19.39  19.53  7809400  19.53
2010-12-09  19.66  19.69  19.28  19.36  8385800  19.36
2010-12-08  19.5  19.58  19.32  19.54  7941300  19.54
2010-12-07  19.61  19.67  19.38  19.45  12879600  19.45
2010-12-06  19.52  19.59  19.33  19.33  7394000  19.33
2010-12-03  19.48  19.63  19.36  19.51  9420500  19.51
2010-12-02  18.98  19.48  18.97  19.47  8974000  19.47
2010-12-01  18.88  19.05  18.8  18.98  8739300  18.98
2010-11-30  18.45  18.8  18.39  18.6  8863900  18.6
2010-11-29  18.57  18.78  18.34  18.72  7283000  18.72
2010-11-26  18.64  18.73  18.57  18.6  2400500  18.6
2010-11-24  18.68  18.81  18.58  18.78  5882000  18.78
2010-11-23  18.86  18.86  18.46  18.52  10619800  18.52
2010-11-22  18.97  19.15  18.75  19.06  9943200  19.06
2010-11-19  18.95  19.05  18.75  19.04  6976700  19.04
2010-11-18  18.8  19.01  18.67  18.98  7986100  18.98
2010-11-17  18.53  18.64  18.39  18.47  8625800  18.47
2010-11-16  18.56  18.64  18.29  18.51  11244800  18.51
2010-11-15  18.77  18.98  18.67  18.71  7651600  18.71
2010-11-12  18.73  18.78  18.48  18.61  9568300  18.61
2010-11-11  18.7  18.9  18.64  18.83  8537300  18.83
2010-11-10  18.53  18.77  18.36  18.77  8340000  18.77
2010-11-09  18.87  18.94  18.46  18.54  10516500  18.54
2010-11-08  18.69  18.89  18.6  18.72  14854000  18.72
2010-11-05  18.63  18.74  18.43  18.71  14844400  18.71
2010-11-04  18.4  18.75  18.28  18.66  17372200  18.66
2010-11-03  18.59  18.6  17.9  18.24  24354200  18.24
2010-11-02  18.86  19.15  18.49  18.54  30087200  18.54
2010-11-01  19.81  19.92  19.48  19.58  7195800  19.58
2010-10-29  19.36  19.65  19.36  19.62  6702800  19.62
2010-10-28  19.63  19.69  19.37  19.45  11072100  19.45
2010-10-27  19.47  19.59  19.3  19.47  8075400  19.47
2010-10-26  19.74  19.79  19.58  19.64  9984400  19.64
2010-10-25  19.9  20.1  19.77  19.8  8028800  19.8
2010-10-22  19.66  19.73  19.54  19.64  4640400  19.64
2010-10-21  19.64  19.78  19.41  19.61  7821600  19.61
2010-10-20  19.45  19.77  19.41  19.68  6178900  19.68
2010-10-19  19.53  19.54  19.18  19.36  11949900  19.36
2010-10-18  19.78  19.86  19.67  19.79  7228200  19.79
2010-10-15  19.71  19.82  19.49  19.72  9684200  19.72
2010-10-14  19.69  19.83  19.44  19.59  7411100  19.59
2010-10-13  19.55  19.83  19.51  19.69  7670100  19.69
2010-10-12  19.36  19.55  19.16  19.46  6160900  19.46
2010-10-11  19.48  19.59  19.37  19.45  6853500  19.45
2010-10-08  19.02  19.6  19.01  19.57  8136500  19.57
2010-10-07  19.46  19.46  19.04  19.22  7455500  19.22
2010-10-06  18.87  19.38  18.8  19.36  16450000  19.36
2010-10-05  18.62  19.03  18.54  18.93  13587800  18.93
2010-10-04  18.53  18.61  18.26  18.41  8260200  18.41
2010-10-01  18.44  18.7  18.39  18.65  10448100  18.65
2010-09-30  18.33  18.55  18.07  18.26  9988300  18.26
2010-09-29  17.87  18.35  17.8  18.21  10494900  18.21
2010-09-28  17.84  17.95  17.66  17.92  7813200  17.92
2010-09-27  17.85  17.93  17.75  17.76  6358600  17.76
2010-09-24  17.56  17.84  17.49  17.77  7458800  17.77
2010-09-23  17.5  17.54  17.27  17.35  9491000  17.35
2010-09-22  17.83  17.98  17.61  17.65  6259700  17.65
2010-09-21  18.01  18.01  17.65  17.79  8690200  17.79
2010-09-20  17.45  17.88  17.44  17.84  6550900  17.84
2010-09-17  17.79  17.79  17.42  17.44  9133400  17.44
2010-09-16  17.59  17.68  17.51  17.65  5555900  17.65
2010-09-15  17.57  17.73  17.47  17.71  8062400  17.71
2010-09-14  17.79  17.94  17.59  17.67  10127200  17.67
2010-09-13  18.0  18.03  17.68  17.79  7933400  17.79
2010-09-10  17.63  17.96  17.6  17.83  9778500  17.83
2010-09-09  17.78  17.96  17.39  17.52  6566300  17.52
2010-09-08  17.52  17.71  17.46  17.51  6786300  17.51
2010-09-07  17.55  17.65  17.39  17.51  6270600  17.51
2010-09-03  17.65  17.82  17.61  17.74  6913000  17.74
2010-09-02  17.41  17.59  17.34  17.58  7879100  17.58
2010-09-01  17.02  17.41  16.95  17.4  9120400  17.4
2010-08-31  16.78  16.91  16.66  16.82  9045800  16.82
2010-08-30  17.04  17.14  16.85  16.85  6342700  16.85
2010-08-27  16.76  17.11  16.57  17.07  8420100  17.07
2010-08-26  17.07  17.1  16.58  16.66  10411900  16.66
2010-08-25  17.12  17.12  16.71  16.97  12404900  16.97
2010-08-24  17.27  17.43  17.18  17.23  10322200  17.23
2010-08-23  17.38  17.6  17.38  17.46  7794300  17.46
2010-08-20  17.54  17.59  17.21  17.39  8051100  17.39
2010-08-19  17.88  17.91  17.61  17.65  7817900  17.65
2010-08-18  17.95  18.02  17.72  17.95  7288500  17.95
2010-08-17  18.2  18.2  17.94  18.0  8790300  18.0
2010-08-16  17.84  18.01  17.75  17.94  5938000  17.94
2010-08-13  18.03  18.2  17.92  17.93  6006200  17.93
2010-08-12  18.04  18.14  17.96  18.05  7245100  18.05
2010-08-11  18.41  18.46  18.13  18.2  8347400  18.2
2010-08-10  18.72  18.81  18.61  18.71  9273300  18.71
2010-08-09  18.91  19.0  18.72  18.87  5662200  18.87
2010-08-06  18.92  19.08  18.5  18.82  12286300  18.82
2010-08-05  18.92  19.15  18.78  19.15  6919000  19.15
2010-08-04  18.67  19.03  18.49  18.99  10309000  18.99
2010-08-03  18.64  18.93  18.5  18.69  8535300  18.69
2010-08-02  18.58  18.8  18.57  18.76  12227500  18.76
2010-07-30  18.12  18.43  17.99  18.31  9111700  18.31
2010-07-29  18.25  18.41  18.04  18.26  8541000  18.26
2010-07-28  18.11  18.21  18.07  18.16  7015300  18.16
2010-07-27  18.36  18.47  18.12  18.19  8189600  18.19
2010-07-26  17.97  18.27  17.97  18.27  5733300  18.27
2010-07-23  17.82  18.03  17.68  18.0  7208000  18.0
2010-07-22  17.85  18.15  17.81  17.9  10945200  17.9
2010-07-21  17.95  17.98  17.48  17.64  9716800  17.64
2010-07-20  17.17  17.92  17.01  17.89  9404000  17.89
2010-07-19  17.47  17.59  17.27  17.4  8869100  17.4
2010-07-16  17.66  17.8  17.27  17.35  12043300  17.35
2010-07-15  17.82  17.87  17.51  17.8  6926900  17.8
2010-07-14  17.96  18.02  17.63  17.81  10215900  17.81
2010-07-13  17.79  18.14  17.78  18.05  9838700  18.05
2010-07-12  17.55  17.65  17.45  17.57  5951400  17.57
2010-07-09  17.57  17.6  17.42  17.56  8948700  17.56
2010-07-08  17.77  17.79  17.36  17.56  16469600  17.56
2010-07-07  17.06  17.54  17.04  17.54  11036000  17.54
2010-07-06  17.05  17.29  16.79  16.97  8231000  16.97
2010-07-02  16.96  17.16  16.74  16.88  7859000  16.88
2010-07-01  17.09  17.16  16.7  16.89  15682300  16.89
2010-06-30  17.26  17.44  16.99  17.02  10220300  17.02
2010-06-29  17.46  17.49  17.08  17.17  11666700  17.17
2010-06-28  17.98  18.06  17.67  17.67  10126900  17.67
2010-06-25  18.12  18.21  17.72  17.93  17271600  17.93
2010-06-24  18.08  18.3  17.91  17.98  14114700  17.98
2010-06-23  18.1  18.3  18.01  18.2  8523200  18.2
2010-06-22  18.52  18.71  18.09  18.12  11424300  18.12
2010-06-21  18.67  18.83  18.59  18.67  17711500  18.67
2010-06-18  18.29  18.52  18.26  18.5  9788600  18.5
2010-06-17  18.03  18.33  18.02  18.28  10437200  18.28
2010-06-16  18.14  18.31  18.04  18.18  10297400  18.18
2010-06-15  18.05  18.33  17.98  18.28  14134500  18.28
2010-06-14  17.89  18.06  17.78  17.82  10957600  17.82
2010-06-11  17.47  17.73  17.39  17.72  8533600  17.72
2010-06-10  17.3  17.64  17.24  17.62  12919700  17.62
2010-06-09  17.37  17.43  16.84  16.92  15948900  16.92
2010-06-08  17.07  17.29  16.83  17.25  14086000  17.25
2010-06-07  16.91  17.28  16.84  16.99  16686000  16.99
2010-06-04  16.95  17.3  16.71  16.8  14243400  16.8
2010-06-03  17.27  17.38  16.97  17.37  7848100  17.37
2010-06-02  16.69  17.16  16.64  17.15  12000200  17.15
2010-06-01  16.81  17.21  16.51  16.53  16636500  16.53
2010-05-28  17.32  17.38  16.91  17.02  14387300  17.02
2010-05-27  16.96  17.34  16.94  17.32  16442600  17.32
2010-05-26  17.02  17.09  16.54  16.62  18210600  16.62
2010-05-25  16.75  16.84  16.37  16.76  24928400  16.76
2010-05-24  17.15  17.57  17.0  17.3  16922700  17.3
2010-05-21  16.58  17.22  16.53  17.2  28063200  17.2
2010-05-20  17.36  17.61  17.15  17.19  24905600  17.19
2010-05-19  17.56  17.95  17.49  17.81  23217400  17.81
2010-05-18  17.64  17.96  17.54  17.65  23993300  17.65
2010-05-17  17.12  17.33  16.76  17.3  19431700  17.3
2010-05-14  17.11  17.16  16.84  16.99  15407900  16.99
2010-05-13  17.14  17.43  17.02  17.2  11835700  17.2
2010-05-12  16.91  17.27  16.79  17.22  10147200  17.22
2010-05-11  16.88  17.12  16.82  16.87  12152100  16.87
2010-05-10  17.12  17.26  16.87  17.15  16742700  17.15
2010-05-07  16.57  16.99  16.3  16.53  19759400  16.53
2010-05-06  17.17  17.25  15.73  16.65  19680000  16.65
2010-05-05  17.2  17.43  17.03  17.25  11113500  17.25
2010-05-04  17.75  17.86  17.19  17.46  19181400  17.46
2010-05-03  17.5  17.72  17.43  17.52  11300900  17.52
2010-04-30  17.66  17.74  17.41  17.46  11216300  17.46
2010-04-29  17.59  17.76  17.5  17.59  8422000  17.59
2010-04-28  17.48  17.54  17.2  17.49  11305100  17.49
2010-04-27  17.82  17.92  17.34  17.37  11096700  17.37
2010-04-26  17.95  18.03  17.83  17.94  9078000  17.94
2010-04-23  17.57  17.96  17.53  17.96  9614400  17.96
2010-04-22  17.47  17.66  17.34  17.64  7662400  17.64
2010-04-21  17.79  17.87  17.52  17.67  8882100  17.67
2010-04-20  17.52  17.77  17.47  17.7  8206700  17.7
2010-04-19  17.18  17.44  17.08  17.4  8549700  17.4
2010-04-16  17.63  17.69  17.25  17.39  12714500  17.39
2010-04-15  17.77  17.94  17.71  17.76  12140700  17.76
2010-04-14  17.58  17.83  17.54  17.82  10775500  17.82
2010-04-13  17.5  17.61  17.33  17.49  10963500  17.49
2010-04-12  17.43  17.58  17.39  17.48  9995800  17.48
2010-04-09  17.45  17.49  17.22  17.48  11756400  17.48
2010-04-08  17.07  17.38  16.97  17.31  14872100  17.31
2010-04-07  17.65  17.65  17.23  17.35  12830300  17.35
2010-04-06  17.53  17.84  17.46  17.69  8234700  17.69
2010-04-05  17.53  17.68  17.43  17.6  8234200  17.6
2010-04-01  17.33  17.54  17.27  17.42  10133800  17.42
2010-03-31  17.05  17.38  17.04  17.18  11941500  17.18
2010-03-30  17.13  17.14  16.98  17.05  7406000  17.05
2010-03-29  16.85  17.13  16.85  17.08  8640400  17.08
2010-03-26  16.99  17.04  16.69  16.75  9847400  16.75
2010-03-25  17.18  17.25  16.87  16.89  11358100  16.89
2010-03-24  17.01  17.24  16.93  17.04  11269600  17.04
2010-03-23  17.21  17.26  17.09  17.23  8036700  17.23
2010-03-22  17.03  17.27  16.96  17.19  10004000  17.19
2010-03-19  17.48  17.54  17.07  17.37  14573500  17.37
2010-03-18  17.54  17.61  17.29  17.43  7991800  17.43
2010-03-17  17.35  17.58  17.27  17.56  11200500  17.56
2010-03-16  17.05  17.24  16.92  17.22  9930300  17.22
2010-03-15  17.05  17.05  16.77  16.96  8566500  16.96
2010-03-12  17.26  17.31  17.03  17.09  8925700  17.09
2010-03-11  17.08  17.32  17.05  17.2  12716200  17.2
2010-03-10  16.82  17.11  16.78  17.1  14411200  17.1
2010-03-09  16.57  16.88  16.57  16.77  9741800  16.77
2010-03-08  16.67  16.79  16.64  16.72  10321700  16.72
2010-03-05  16.27  16.65  16.2  16.62  13035400  16.62
2010-03-04  16.03  16.1  15.9  16.06  10755400  16.06
2010-03-03  16.01  16.21  15.95  16.0  11756100  16.0
2010-03-02  15.92  16.04  15.86  15.94  9523100  15.94
2010-03-01  15.82  15.92  15.74  15.83  7777400  15.83
2010-02-26  15.78  15.84  15.57  15.72  9610200  15.72
2010-02-25  15.61  15.74  15.42  15.71  8107500  15.71
2010-02-24  15.74  15.88  15.58  15.84  8167600  15.84
2010-02-23  15.98  15.98  15.63  15.68  11364800  15.68
2010-02-22  16.37  16.39  15.95  16.02  10973700  16.02
2010-02-19  16.23  16.36  16.11  16.27  8888900  16.27
2010-02-18  16.08  16.27  16.02  16.26  7325200  16.26
2010-02-17  16.18  16.25  16.02  16.09  10593100  16.09
2010-02-16  15.99  16.17  15.88  16.12  12352100  16.12
2010-02-12  15.39  15.67  15.28  15.54  15203000  15.54
2010-02-11  15.23  15.6  15.16  15.52  9453800  15.52
2010-02-10  15.37  15.4  15.05  15.29  10912800  15.29
2010-02-09  15.31  15.59  15.2  15.41  11879800  15.41
2010-02-08  15.38  15.39  15.08  15.1  14588300  15.1
2010-02-05  15.46  15.52  14.89  15.33  20336000  15.33
2010-02-04  16.21  16.24  15.52  15.54  16487300  15.54
2010-02-03  16.6  16.61  16.23  16.35  10842100  16.35
2010-02-02  16.16  16.65  16.15  16.64  17208500  16.64
2010-02-01  16.24  16.51  16.15  16.5  9755600  16.5
2010-01-29  16.44  16.56  15.95  16.05  11986400  16.05
2010-01-28  16.4  16.51  16.12  16.25  12324200  16.25
2010-01-27  16.36  17.12  16.13  16.35  10633700  16.35
2010-01-26  16.43  16.62  16.25  16.37  9124600  16.37
2010-01-25  16.56  16.78  16.52  16.54  7210700  16.54
2010-01-22  16.81  16.97  16.45  16.47  11845800  16.47
2010-01-21  17.35  17.43  16.91  16.96  12399300  16.96
2010-01-20  17.17  17.38  17.02  17.33  12106000  17.33
2010-01-19  16.94  17.32  16.92  17.3  11069700  17.3
2010-01-15  17.19  17.19  16.7  17.04  14417100  17.04
2010-01-14  17.38  17.38  17.11  17.22  8469600  17.22
2010-01-13  17.36  17.39  17.04  17.31  9796000  17.31
2010-01-12  17.41  17.49  17.31  17.37  9018100  17.37
2010-01-11  17.76  17.8  17.47  17.61  10013100  17.61
2010-01-08  17.49  17.66  17.42  17.61  7585200  17.61
2010-01-07  17.63  17.63  17.35  17.58  7803000  17.58
2010-01-06  17.29  17.72  17.24  17.69  15233900  17.69
2010-01-05  17.36  17.42  17.25  17.31  9483300  17.31
2010-01-04  17.1  17.32  17.03  17.29  9214200  17.29
