Date  Open  High  Low  Close  Volume  Adj Close
2014-02-28  37.98  38.46  37.82  38.31  41215000  38.31
2014-02-27  37.45  37.89  37.23  37.86  33903400  37.86
2014-02-26  37.58  37.74  37.19  37.47  41041800  37.47
2014-02-25  37.61  37.85  37.35  37.54  30736500  37.54
2014-02-24  37.69  37.98  37.54  37.69  32085100  37.69
2014-02-21  37.94  38.35  37.86  37.98  38021300  37.98
2014-02-20  37.57  37.87  37.4  37.75  27526100  37.75
2014-02-19  37.22  37.75  37.21  37.51  29750400  37.51
2014-02-18  37.63  37.78  37.41  37.42  32834000  37.42
2014-02-14  37.11  37.5  37.05  37.34  31407500  37.34
2014-02-13  37.05  37.58  37.05  37.33  37635500  37.33
2014-02-12  37.07  37.32  37.02  37.19  27051800  37.19
2014-02-11  36.6  36.98  36.58  36.89  32141400  36.89
2014-02-10  36.36  36.53  36.02  36.53  26767000  36.53
2014-02-07  36.05  36.32  35.74  36.29  33260500  36.29
2014-02-06  35.53  35.98  35.42  35.91  35351800  35.91
2014-02-05  36.02  36.2  35.53  35.55  55814400  35.55
2014-02-04  36.7  36.91  35.98  36.08  54697900  36.08
2014-02-03  37.46  37.71  36.16  36.21  64063100  36.21
2014-01-31  36.68  37.61  36.29  37.56  93162300  37.56
2014-01-30  36.52  36.61  35.96  36.59  35036300  36.59
2014-01-29  35.72  36.61  35.64  36.39  52745900  36.39
2014-01-28  35.85  36.12  35.48  36.0  36205500  36.0
2014-01-27  36.59  36.61  35.71  35.76  44420800  35.76
2014-01-24  37.18  37.27  36.26  36.54  76395500  36.54
2014-01-23  35.82  35.86  35.25  35.79  43954000  35.79
2014-01-22  35.99  36.05  35.48  35.66  21904300  35.66
2014-01-21  36.55  36.55  35.79  35.9  31567300  35.9
2014-01-17  36.56  36.56  35.88  36.11  46267500  36.11
2014-01-16  36.42  36.73  36.04  36.62  38018700  36.62
2014-01-15  35.64  36.52  35.59  36.49  44812600  36.49
2014-01-14  34.47  35.61  34.37  35.51  41623300  35.51
2014-01-13  35.72  35.75  34.57  34.72  45901900  34.72
2014-01-10  35.63  35.88  35.48  35.77  40548800  35.77
2014-01-09  35.62  35.65  35.14  35.27  36516300  35.27
2014-01-08  35.73  35.87  35.31  35.49  59971700  35.49
2014-01-07  36.06  36.22  35.94  36.14  35802800  36.14
2014-01-06  36.57  36.61  35.84  35.86  43603700  35.86
2014-01-03  36.93  36.95  36.33  36.64  31134800  36.64
2014-01-02  37.07  37.12  36.82  36.88  30632200  36.88
2013-12-31  37.12  37.3  36.94  37.13  17503500  37.13
2013-12-30  36.94  37.1  36.62  37.01  16290500  37.01
2013-12-27  37.3  37.34  36.89  37.01  14563000  37.01
2013-12-26  36.92  37.21  36.89  37.16  17612800  37.16
2013-12-24  36.44  36.89  36.36  36.8  14243000  36.8
2013-12-23  36.54  36.62  36.28  36.35  25128700  36.35
2013-12-20  35.93  36.66  35.92  36.53  62649100  36.53
2013-12-19  36.24  36.28  35.81  35.98  34160100  35.98
2013-12-18  36.09  36.33  35.27  36.31  63192100  36.31
2013-12-17  36.67  36.84  36.06  36.25  45687700  36.25
2013-12-16  36.46  36.73  36.27  36.62  31734200  36.62
2013-12-13  37.14  37.17  36.35  36.42  40066100  36.42
2013-12-12  37.36  37.36  36.9  36.94  36012800  36.94
2013-12-11  37.78  38.01  37.11  37.33  39853400  37.33
2013-12-10  38.33  38.61  37.74  37.83  37828600  37.83
2013-12-09  38.27  38.58  38.08  38.42  30286000  38.42
2013-12-06  38.13  38.26  37.7  38.07  36457300  38.07
2013-12-05  38.56  38.59  36.91  37.72  116305000  37.72
2013-12-04  37.93  38.69  37.84  38.65  51923600  38.65
2013-12-03  37.85  38.2  37.79  38.02  52109800  38.02
2013-12-02  37.8  38.49  37.77  38.16  42950400  38.16
2013-11-29  37.54  38.01  37.54  37.85  22090400  37.85
2013-11-27  37.29  37.48  37.21  37.32  26002100  37.32
2013-11-26  37.29  37.37  37.07  37.07  34465300  37.07
2013-11-25  37.65  37.67  37.29  37.36  30646800  37.36
2013-11-22  37.25  37.4  37.05  37.29  27982000  37.29
2013-11-21  36.99  37.25  36.98  37.12  23064700  37.12
2013-11-20  36.64  37.13  36.58  36.8  32229900  36.8
2013-11-19  36.58  36.96  36.4  36.47  44275000  36.47
2013-11-18  36.8  37.02  36.52  36.65  53277500  36.65
2013-11-15  37.39  37.46  37.16  37.28  50601300  37.28
2013-11-14  37.3  37.56  37.15  37.45  46183700  37.45
2013-11-13  36.43  37.59  36.35  37.59  44957600  37.59
2013-11-12  36.82  37.04  36.64  36.8  31651600  36.8
2013-11-11  37.13  37.22  36.79  37.03  26872500  37.03
2013-11-08  37.11  37.22  36.79  37.22  36737800  37.22
2013-11-07  37.39  37.44  36.87  36.94  60437400  36.94
2013-11-06  36.68  37.65  36.51  37.61  88948800  37.61
2013-11-05  35.25  36.16  35.23  36.09  51681900  36.09
2013-11-04  35.06  35.44  35.02  35.4  28060700  35.4
2013-11-01  35.14  35.16  34.86  35.0  40264600  35.0
2013-10-31  35.13  35.16  34.81  34.88  41682300  34.88
2013-10-30  35.0  35.26  34.9  35.01  36997700  35.01
2013-10-29  35.1  35.19  34.73  34.99  31702200  34.99
2013-10-28  35.08  35.2  34.74  35.04  38383600  35.04
2013-10-25  35.35  35.75  34.94  35.2  113494000  35.2
2013-10-24  33.32  33.59  33.07  33.22  53209700  33.22
2013-10-23  33.84  33.98  33.17  33.26  58600500  33.26
2013-10-22  34.49  34.57  34.0  34.06  40438500  34.06
2013-10-21  34.46  34.68  34.39  34.47  27433500  34.47
2013-10-18  34.3  34.47  33.82  34.44  41811700  34.44
2013-10-17  33.94  34.47  33.86  34.4  31359200  34.4
2013-10-16  34.08  34.38  34.04  34.12  35111600  34.12
2013-10-15  34.16  34.47  33.96  33.98  47097800  33.98
2013-10-14  33.4  33.99  33.28  33.94  27757900  33.94
2013-10-11  33.18  33.63  33.18  33.62  30033300  33.62
2013-10-10  32.82  33.39  32.77  33.26  42875100  33.26
2013-10-09  32.58  32.86  32.47  32.58  35878600  32.58
2013-10-08  32.82  32.84  32.31  32.52  41017600  32.52
2013-10-07  33.1  33.2  32.7  32.8  35069300  32.8
2013-10-04  33.18  33.48  33.11  33.37  33008100  33.37
2013-10-03  33.38  33.5  32.93  33.36  38703800  33.36
2013-10-02  32.86  33.52  32.79  33.41  46946800  33.41
2013-10-01  32.85  33.11  32.8  33.08  36718700  33.08
2013-09-30  32.5  32.81  32.21  32.78  39839500  32.78
2013-09-27  32.39  33.24  32.38  32.77  55348000  32.77
2013-09-26  32.15  32.51  32.1  32.28  28504000  32.28
2013-09-25  32.01  32.32  31.92  32.03  28907500  32.03
2013-09-24  32.38  32.38  31.67  31.97  40685000  31.97
2013-09-23  32.05  32.48  32.01  32.25  39826100  32.25
2013-09-20  32.91  32.98  32.2  32.3  102904900  32.3
2013-09-19  32.98  33.18  32.82  33.14  42026600  33.14
2013-09-18  32.49  32.9  32.34  32.82  64099900  32.82
2013-09-17  32.92  32.97  32.41  32.44  84716500  32.44
2013-09-16  32.88  33.0  32.24  32.31  52839700  32.31
2013-09-13  32.28  32.58  32.03  32.54  40899000  32.54
2013-09-12  32.23  32.29  32.1  32.2  32860200  32.2
2013-09-11  32.08  32.44  32.04  32.25  39087500  32.25
2013-09-10  31.43  31.92  31.32  31.91  56881200  31.91
2013-09-09  30.76  31.32  30.74  31.19  49628500  31.19
2013-09-06  30.85  30.93  30.67  30.69  75434900  30.69
2013-09-05  30.63  30.97  30.48  30.76  71644900  30.76
2013-09-04  30.92  31.0  30.64  30.73  142320600  30.73
2013-09-03  31.27  31.59  30.82  31.4  154507000  31.4
2013-08-30  32.87  32.98  32.59  32.9  42790200  32.9
2013-08-29  32.44  33.1  32.31  33.05  45284700  33.05
2013-08-28  32.89  33.1  32.51  32.53  44257400  32.53
2013-08-27  33.02  33.59  32.65  32.76  58522300  32.76
2013-08-26  33.89  34.15  33.52  33.64  72786800  33.64
2013-08-23  34.64  34.67  33.49  34.23  225493800  34.23
2013-08-22  31.71  32.01  31.62  31.91  31169900  31.91
2013-08-21  31.14  31.53  31.07  31.14  37409100  31.14
2013-08-20  30.97  31.43  30.9  31.15  22979600  31.15
2013-08-19  31.28  31.49  30.91  30.92  27902500  30.92
2013-08-16  31.32  31.52  31.19  31.33  32866300  31.33
2013-08-15  31.53  31.7  30.38  31.32  33338000  31.32
2013-08-14  31.66  32.87  31.23  31.87  48519600  31.87
2013-08-13  32.03  32.07  31.73  31.75  39464100  31.75
2013-08-12  31.75  32.25  31.75  32.15  25493700  32.15
2013-08-09  32.06  32.19  31.76  31.99  26800700  31.99
2013-08-08  31.53  32.35  31.35  32.17  59034400  32.17
2013-08-07  30.85  31.4  30.57  31.36  38078600  31.36
2013-08-06  30.86  30.98  30.69  30.89  36331500  30.89
2013-08-05  31.21  31.3  30.95  31.01  30984000  31.01
2013-08-02  30.99  31.2  30.88  31.19  29199900  31.19
2013-08-01  31.36  31.39  30.91  30.98  42557900  30.98
2013-07-31  31.28  31.36  31.02  31.15  43898400  31.15
2013-07-30  31.09  31.42  30.87  31.16  45799500  31.16
2013-07-29  30.78  30.91  30.71  30.85  28870700  30.85
2013-07-26  30.58  30.93  30.53  30.93  38633600  30.93
2013-07-25  30.94  30.96  30.57  30.71  63213000  30.71
2013-07-24  31.34  31.48  31.19  31.26  52803100  31.26
2013-07-23  31.22  31.35  31.02  31.13  65810400  31.13
2013-07-22  31.01  31.31  30.91  31.31  79040700  31.31
2013-07-19  31.7  31.96  30.35  30.72  248428500  30.72
2013-07-18  34.94  35.11  34.45  34.67  49547100  34.67
2013-07-17  35.55  35.6  34.72  34.96  37285100  34.96
2013-07-16  35.23  35.64  35.18  35.48  36378500  35.48
2013-07-15  34.88  35.43  34.8  35.38  34142600  35.38
2013-07-12  34.8  34.95  34.51  34.89  35501200  34.89
2013-07-11  34.24  34.99  34.14  34.91  53638300  34.91
2013-07-10  33.59  34.05  33.57  33.94  29658800  33.94
2013-07-09  33.82  33.84  33.39  33.6  25318500  33.6
2013-07-08  33.6  33.83  33.24  33.58  32396900  33.58
2013-07-05  33.34  33.49  32.84  33.46  26085900  33.46
2013-07-03  32.93  33.62  32.87  33.27  15994400  33.27
2013-07-02  33.66  33.69  32.9  33.2  37630000  33.2
2013-07-01  33.99  34.23  33.58  33.61  31055400  33.61
2013-06-28  33.63  34.03  33.59  33.79  65545500  33.79
2013-06-27  33.77  34.03  33.75  33.87  28993100  33.87
2013-06-26  33.38  33.73  33.15  33.6  48665900  33.6
2013-06-25  33.34  33.63  32.73  32.94  44073400  32.94
2013-06-24  32.22  33.45  31.86  32.98  56109000  32.98
2013-06-21  32.92  32.99  32.32  32.54  85338500  32.54
2013-06-20  33.51  33.58  32.64  32.76  54493700  32.76
2013-06-19  34.2  34.33  33.84  33.84  30816200  33.84
2013-06-18  34.21  34.41  34.14  34.22  28616500  34.22
2013-06-17  33.94  34.4  33.88  34.24  49670100  34.24
2013-06-14  33.8  33.93  33.5  33.65  53192600  33.65
2013-06-13  34.22  34.25  33.83  33.96  45654900  33.96
2013-06-12  34.38  34.5  34.09  34.24  37372700  34.24
2013-06-11  34.29  34.41  33.92  34.08  39435900  34.08
2013-06-10  34.74  34.88  34.38  34.7  35994500  34.7
2013-06-07  34.48  35.0  34.29  34.89  40757300  34.89
2013-06-06  34.08  34.35  33.74  34.2  37618500  34.2
2013-06-05  33.84  34.13  33.68  34.02  46025100  34.02
2013-06-04  34.85  34.96  34.01  34.23  65529500  34.23
2013-06-03  34.15  34.85  34.07  34.81  51252600  34.81
2013-05-31  34.06  34.51  34.03  34.14  56165700  34.14
2013-05-30  34.09  34.49  34.05  34.27  51131000  34.27
2013-05-29  33.98  34.26  33.82  34.12  38412200  34.12
2013-05-28  33.67  34.42  33.66  34.26  48212100  34.26
2013-05-24  33.18  33.53  33.16  33.52  33174400  33.52
2013-05-23  33.49  33.8  33.17  33.41  51102700  33.41
2013-05-22  34.04  34.09  33.62  33.86  66047500  33.86
2013-05-21  34.33  34.5  33.96  34.09  48702400  34.09
2013-05-20  33.98  34.34  33.93  34.32  54020800  34.32
2013-05-17  33.39  34.11  33.36  34.11  60666700  34.11
2013-05-16  32.91  33.41  32.82  33.34  59382900  33.34
2013-05-15  32.72  33.16  32.7  33.11  46303900  33.11
2013-05-14  32.14  32.8  32.09  32.8  56870100  32.8
2013-05-13  31.67  32.12  31.61  32.08  36027600  32.08
2013-05-10  31.73  31.78  31.39  31.75  36394900  31.75
2013-05-09  31.91  32.06  31.66  31.73  46417800  31.73
2013-05-08  32.13  32.29  31.72  32.05  51595700  32.05
2013-05-07  32.69  32.83  32.29  32.36  43078300  32.36
2013-05-06  32.46  32.94  32.29  32.78  40978300  32.78
2013-05-03  32.28  32.56  32.13  32.53  46784600  32.53
2013-05-02  31.7  32.22  31.46  32.21  46059500  32.21
2013-05-01  31.98  32.13  31.66  31.78  54330900  31.78
2013-04-30  31.63  32.16  31.35  32.15  75165200  32.15
2013-04-29  30.89  31.75  30.86  31.68  59116400  31.68
2013-04-26  30.99  31.06  30.55  30.88  47799300  30.88
2013-04-25  30.81  31.9  30.64  31.03  110700200  31.03
2013-04-24  29.74  31.01  29.72  30.85  90946600  30.85
2013-04-23  29.82  30.01  29.51  29.72  59126900  29.72
2013-04-22  29.44  30.29  29.41  29.95  137904000  29.95
2013-04-19  28.77  29.38  28.76  28.92  99790700  28.92
2013-04-18  28.13  28.15  27.69  27.97  56906600  27.97
2013-04-17  28.02  28.2  27.78  28.0  52840700  28.0
2013-04-16  28.07  28.31  27.88  28.14  52797300  28.14
2013-04-15  27.83  28.15  27.7  27.87  56332900  27.87
2013-04-12  28.03  28.19  27.84  27.97  62886300  27.97
2013-04-11  28.27  28.36  27.91  28.11  130923200  28.11
2013-04-10  28.72  29.45  28.67  29.41  71116700  29.41
2013-04-09  27.91  28.96  27.86  28.76  77733800  28.76
2013-04-08  27.91  27.91  27.65  27.77  34759500  27.77
2013-04-05  27.41  27.96  27.31  27.88  50927300  27.88
2013-04-04  27.58  27.79  27.46  27.78  45263200  27.78
2013-04-03  27.92  28.12  27.72  27.74  35062800  27.74
2013-04-02  27.78  28.03  27.71  27.98  28456500  27.98
2013-04-01  27.82  27.84  27.55  27.79  29201100  27.79
2013-03-28  27.51  27.84  27.45  27.79  55453800  27.79
2013-03-27  27.34  27.64  27.28  27.56  36047400  27.56
2013-03-26  27.43  27.52  27.3  27.35  27824300  27.35
2013-03-25  27.49  27.53  27.16  27.35  44154000  27.35
2013-03-22  27.38  27.53  27.29  27.44  28720900  27.44
2013-03-21  27.31  27.55  27.25  27.31  34233200  27.31
2013-03-20  27.53  27.68  27.37  27.51  35447800  27.51
2013-03-19  27.31  27.41  27.22  27.37  51901600  27.37
2013-03-18  27.09  27.47  27.02  27.3  44809400  27.3
2013-03-15  27.23  27.36  27.18  27.24  92710300  27.24
2013-03-14  27.19  27.35  27.13  27.33  55914800  27.33
2013-03-13  27.07  27.22  26.95  27.12  29093400  27.12
2013-03-12  27.04  27.15  26.85  27.11  39255200  27.11
2013-03-11  27.14  27.17  26.88  27.07  36627500  27.07
2013-03-08  27.44  27.52  27.16  27.2  37667800  27.2
2013-03-07  27.3  27.47  27.2  27.33  29196700  27.33
2013-03-06  27.41  27.43  26.99  27.29  51448500  27.29
2013-03-05  27.48  27.72  27.36  27.54  41432200  27.54
2013-03-04  27.05  27.34  26.9  27.34  38157500  27.34
2013-03-01  26.93  27.18  26.73  27.15  34849700  27.15
2013-02-28  27.08  27.17  26.94  27.0  35840200  27.0
2013-02-27  26.63  27.19  26.54  27.01  36394700  27.01
2013-02-26  26.6  26.81  26.56  26.59  49923300  26.59
2013-02-25  27.17  27.25  26.59  26.59  48011800  26.59
2013-02-22  26.89  26.97  26.7  26.97  31425900  26.97
2013-02-21  26.94  26.94  26.45  26.7  49078500  26.7
2013-02-20  27.32  27.39  27.03  27.07  44110200  27.07
2013-02-19  27.08  27.29  27.01  27.25  38781400  27.25
2013-02-15  27.01  27.12  26.85  26.98  49650900  26.98
2013-02-14  26.89  27.03  26.85  27.01  32663200  27.01
2013-02-13  26.9  27.08  26.86  27.0  41715600  27.0
2013-02-12  26.86  26.98  26.73  26.86  35990900  26.86
2013-02-11  26.64  26.9  26.49  26.84  32247700  26.84
2013-02-08  26.35  26.69  26.31  26.54  33318500  26.54
2013-02-07  26.35  26.39  26.11  26.28  38028300  26.28
2013-02-06  26.38  26.53  26.25  26.34  41889600  26.34
2013-02-05  26.61  26.64  26.36  26.49  35410400  26.49
2013-02-04  26.85  27.0  26.42  26.44  50540000  26.44
2013-02-01  26.66  27.03  26.54  26.91  55565900  26.91
2013-01-31  26.78  26.95  26.4  26.45  50530000  26.45
2013-01-30  26.98  27.16  26.74  26.83  43580500  26.83
2013-01-29  26.8  27.1  26.59  26.98  49242600  26.98
2013-01-28  26.99  27.2  26.75  26.89  56056500  26.89
2013-01-25  26.57  27.2  26.39  26.86  81847700  26.86
2013-01-24  26.69  27.04  26.47  26.62  101739300  26.62
2013-01-23  26.2  26.63  26.2  26.6  50387700  26.6
2013-01-22  26.3  26.45  26.02  26.16  58650600  26.16
2013-01-18  26.11  26.29  26.05  26.25  52167700  26.25
2013-01-17  26.19  26.46  26.07  26.25  51685900  26.25
2013-01-16  26.16  26.23  26.02  26.05  41077400  26.05
2013-01-15  25.84  26.29  25.84  26.21  48244500  26.21
2013-01-14  25.92  26.09  25.78  25.91  48324400  25.91
2013-01-11  25.52  25.95  25.32  25.85  55512100  25.85
2013-01-10  25.67  25.99  25.33  25.49  71431300  25.49
2013-01-09  25.74  25.77  25.59  25.72  49047900  25.72
2013-01-08  25.77  25.81  25.49  25.58  44703100  25.58
2013-01-07  25.79  25.89  25.66  25.71  37110400  25.71
2013-01-04  26.27  26.34  25.75  25.76  52521100  25.76
2013-01-03  26.62  26.64  26.16  26.25  48294400  26.25
2013-01-02  26.25  26.72  26.16  26.61  52899300  26.61
2012-12-31  25.61  25.79  25.4  25.73  42749500  25.73
2012-12-28  25.73  25.92  25.58  25.58  28239900  25.58
2012-12-27  25.9  26.1  25.59  25.97  39394000  25.97
2012-12-26  26.04  26.21  25.73  25.88  31631100  25.88
2012-12-24  26.2  26.25  26.01  26.07  20842400  26.07
2012-12-21  26.45  26.49  26.02  26.45  98776500  26.45
2012-12-20  26.36  26.67  26.16  26.67  52607300  26.67
2012-12-19  26.68  26.71  26.25  26.31  53519900  26.31
2012-12-18  26.25  26.62  26.15  26.55  50486900  26.55
2012-12-17  25.81  26.23  25.71  26.11  42046100  26.11
2012-12-14  26.12  26.14  25.72  25.83  42077500  25.83
2012-12-13  26.32  26.52  25.97  26.12  45080100  26.12
2012-12-12  26.52  26.61  26.09  26.24  43966300  26.24
2012-12-11  26.06  26.48  26.06  26.32  52282800  26.32
2012-12-10  25.58  25.98  25.55  25.95  47031100  25.95
2012-12-07  25.84  25.84  25.4  25.49  46162100  25.49
2012-12-06  25.83  25.99  25.63  25.75  39182300  25.75
2012-12-05  25.41  25.94  25.3  25.69  68283800  25.69
2012-12-04  25.54  25.66  25.38  25.41  49777500  25.41
2012-12-03  25.8  25.84  25.43  25.46  53173800  25.46
2012-11-30  26.06  26.14  25.52  25.65  83690200  25.65
2012-11-29  26.11  26.35  25.87  25.96  69551400  25.96
2012-11-28  26.02  26.39  25.79  26.36  53018400  26.36
2012-11-27  26.36  26.38  26.05  26.09  45018600  26.09
2012-11-26  26.53  26.57  26.18  26.39  85198700  26.39
2012-11-23  26.24  26.76  26.21  26.69  57845700  26.69
2012-11-21  25.73  26.17  25.69  25.96  66360300  25.96
2012-11-20  25.78  25.82  25.49  25.73  47070400  25.73
2012-11-19  25.82  25.82  25.5  25.75  57179300  25.75
2012-11-16  25.69  25.72  25.38  25.55  64083300  25.55
2012-11-15  25.89  25.98  25.65  25.68  50955600  25.68
2012-11-14  26.25  26.29  25.82  25.86  76086100  25.86
2012-11-13  26.03  26.3  25.77  26.1  131689200  26.1
2012-11-12  27.66  27.73  26.96  26.97  61112300  26.97
2012-11-09  27.6  27.89  27.53  27.55  43291200  27.55
2012-11-08  27.83  28.07  27.52  27.53  49841800  27.53
2012-11-07  28.22  28.51  27.76  27.79  57871800  27.79
2012-11-06  28.49  28.85  28.29  28.53  43401500  28.53
2012-11-05  28.3  28.42  28.02  28.31  38070800  28.31
2012-11-02  28.28  28.45  28.03  28.19  57131600  28.19
2012-11-01  27.56  28.25  27.54  28.21  72047900  28.21
2012-10-31  27.28  27.59  27.23  27.27  69464100  27.27
2012-10-26  26.63  27.08  26.61  26.96  57790000  26.96
2012-10-25  26.94  26.95  26.62  26.64  54084300  26.64
2012-10-24  26.91  26.95  26.63  26.66  53320400  26.66
2012-10-23  26.53  26.94  26.52  26.8  64414800  26.8
2012-10-22  27.46  27.55  26.6  26.76  83374000  26.76
2012-10-19  27.76  27.79  27.24  27.37  90470800  27.37
2012-10-18  28.33  28.41  27.96  28.19  59238500  28.19
2012-10-17  27.99  28.32  27.79  28.27  44206100  28.27
2012-10-16  28.14  28.42  28.02  28.18  47739400  28.18
2012-10-15  28.07  28.4  27.95  28.2  42440200  28.2
2012-10-12  27.68  28.01  27.52  27.9  46464700  27.9
2012-10-11  27.92  27.95  27.58  27.66  41488500  27.66
2012-10-10  27.85  28.01  27.66  27.69  47227100  27.69
2012-10-09  28.36  28.42  27.88  27.98  45121100  27.98
2012-10-08  28.33  28.59  28.24  28.46  29752000  28.46
2012-10-05  28.88  28.9  28.41  28.52  41133900  28.52
2012-10-04  28.64  28.7  28.26  28.7  43634900  28.7
2012-10-03  28.42  28.65  28.35  28.53  46655900  28.53
2012-10-02  28.36  28.56  28.19  28.34  43338900  28.34
2012-10-01  28.49  28.65  28.11  28.18  54042700  28.18
2012-09-28  28.84  28.92  28.42  28.44  54229300  28.44
2012-09-27  28.83  29.05  28.56  28.82  47129900  28.82
2012-09-26  28.94  29.24  28.71  28.83  54672000  28.83
2012-09-25  29.58  29.62  29.01  29.04  54266400  29.04
2012-09-24  29.62  29.69  29.28  29.41  46825900  29.41
2012-09-21  30.03  30.2  29.7  29.8  102348900  29.8
2012-09-20  29.57  30.08  29.53  30.05  45543000  30.05
2012-09-19  29.71  29.8  29.66  29.67  48871900  29.67
2012-09-18  29.71  29.82  29.65  29.79  34542700  29.79
2012-09-17  29.8  29.87  29.66  29.82  36488500  29.82
2012-09-14  29.63  29.86  29.44  29.82  51422800  29.82
2012-09-13  29.51  29.79  29.04  29.56  45047300  29.56
2012-09-12  29.56  29.79  29.36  29.41  32775800  29.41
2012-09-11  29.32  29.53  29.25  29.42  25191800  29.42
2012-09-10  29.46  29.52  29.15  29.35  40524000  29.35
2012-09-07  29.66  29.68  29.36  29.57  42649100  29.57
2012-09-06  29.15  29.97  29.11  29.96  48371700  29.96
2012-09-05  28.88  29.17  28.87  29.04  33650000  29.04
2012-09-04  29.1  29.3  28.81  29.04  48556700  29.04
2012-08-31  29.24  29.58  29.03  29.45  36590100  29.45
2012-08-30  29.17  29.25  28.87  28.97  23982100  28.97
2012-08-29  29.29  29.39  29.09  29.29  23346800  29.29
2012-08-28  29.34  29.43  29.16  29.27  23947900  29.27
2012-08-27  29.56  29.59  29.23  29.33  34691100  29.33
2012-08-24  28.9  29.27  28.84  29.2  22943300  29.2
2012-08-23  29.04  29.05  28.75  28.92  28355600  28.92
2012-08-22  29.23  29.39  29.11  29.18  33437400  29.18
2012-08-21  29.39  29.58  29.25  29.43  28822700  29.43
2012-08-20  29.45  29.48  29.22  29.37  23737700  29.37
2012-08-17  29.55  29.55  29.23  29.53  32589900  29.53
2012-08-16  29.01  29.56  28.91  29.41  35787200  29.41
2012-08-15  28.77  28.94  28.69  28.86  24351000  28.86
2012-08-14  28.95  29.04  28.68  28.79  34551400  28.79
2012-08-13  28.81  28.92  28.63  28.85  23049100  28.85
2012-08-10  28.96  29.07  28.72  28.88  27810300  28.88
2012-08-09  28.85  29.09  28.76  28.95  24920800  28.95
2012-08-08  28.68  28.92  28.58  28.79  26257600  28.79
2012-08-07  28.54  28.81  28.35  28.72  28002900  28.72
2012-08-06  28.48  28.58  28.3  28.43  27471800  28.43
2012-08-03  28.03  28.42  27.98  28.24  35859400  28.24
2012-08-02  27.73  28.03  27.5  27.71  39520500  27.71
2012-08-01  28.09  28.15  27.73  27.92  31721800  27.92
2012-07-31  27.98  28.2  27.84  27.97  37620900  27.97
2012-07-30  28.24  28.31  27.97  28.14  28905000  28.14
2012-07-27  27.98  28.34  27.7  28.25  44242600  28.25
2012-07-26  27.75  28.0  27.61  27.68  45301400  27.68
2012-07-25  27.76  27.84  27.32  27.37  45579500  27.37
2012-07-24  27.76  27.87  27.43  27.67  47723300  27.67
2012-07-23  28.07  28.07  27.53  27.79  55151900  27.79
2012-07-20  29.43  29.47  28.52  28.59  64021700  28.59
2012-07-19  28.96  29.23  28.83  29.11  46663200  29.11
2012-07-18  28.1  28.91  27.97  28.91  41090400  28.91
2012-07-17  28.14  28.35  27.72  28.16  33771300  28.16
2012-07-16  27.99  28.04  27.57  27.95  27900600  27.95
2012-07-13  27.3  27.99  27.26  27.9  39085000  27.9
2012-07-12  27.67  27.7  27.09  27.18  63523600  27.18
2012-07-11  28.2  28.23  27.63  27.81  39184900  27.81
2012-07-10  28.55  28.69  28.01  28.23  37534100  28.23
2012-07-09  28.59  28.7  28.27  28.48  30680800  28.48
2012-07-06  29.06  29.14  28.43  28.66  38294800  28.66
2012-07-05  29.04  29.22  28.84  29.14  28801900  29.14
2012-07-03  28.7  29.2  28.64  29.2  20938100  29.2
2012-07-02  29.07  29.07  28.68  29.01  30589100  29.01
2012-06-29  28.91  29.13  28.61  29.04  55227200  29.04
2012-06-28  28.46  28.52  27.92  28.39  45328400  28.39
2012-06-27  28.66  28.95  28.51  28.64  33781700  28.64
2012-06-26  28.48  28.74  28.42  28.5  38421300  28.5
2012-06-25  28.76  28.78  28.11  28.35  42217200  28.35
2012-06-22  28.76  29.17  28.5  29.14  45098100  29.14
2012-06-21  29.39  29.56  28.53  28.61  48456600  28.61
2012-06-20  29.36  29.47  29.08  29.36  36257100  29.36
2012-06-19  28.66  29.53  28.52  29.14  75725800  29.14
2012-06-18  28.47  28.51  28.21  28.33  58679900  28.33
2012-06-15  28.09  28.56  28.0  28.5  62314400  28.5
2012-06-14  27.84  27.96  27.41  27.85  39458900  27.85
2012-06-13  27.74  27.94  27.57  27.65  32984600  27.65
2012-06-12  27.62  27.81  27.37  27.8  35337900  27.8
2012-06-11  28.22  28.29  27.35  27.43  46361900  27.43
2012-06-08  27.73  28.18  27.58  28.15  42551100  28.15
2012-06-07  28.14  28.2  27.69  27.75  37792800  27.75
2012-06-06  27.41  27.88  27.35  27.86  46860500  27.86
2012-06-05  27.06  27.29  26.95  27.06  45715400  27.06
2012-06-04  27.17  27.32  26.88  27.1  47926300  27.1
2012-06-01  27.3  27.49  27.0  27.01  56634300  27.01
2012-05-31  27.81  27.93  27.47  27.71  39134000  27.71
2012-05-30  27.86  27.98  27.64  27.85  41585500  27.85
2012-05-29  27.89  28.21  27.74  28.06  37758800  28.06
2012-05-25  27.72  27.87  27.54  27.59  29507200  27.59
2012-05-24  27.69  27.82  27.31  27.6  52575000  27.6
2012-05-23  27.86  27.91  27.18  27.63  65171000  27.63
2012-05-22  28.18  28.36  28.0  28.25  39504900  28.25
2012-05-21  27.62  28.28  27.59  28.24  38787900  28.24
2012-05-18  28.27  28.29  27.69  27.78  56205300  27.78
2012-05-17  28.47  28.68  28.2  28.21  48484000  28.21
2012-05-16  28.77  28.78  28.23  28.38  60083700  28.38
2012-05-15  29.09  29.24  28.62  28.68  61822800  28.68
2012-05-14  29.06  29.27  28.89  28.93  40528900  28.93
2012-05-11  28.95  29.75  28.95  29.39  43459300  29.39
2012-05-10  29.1  29.25  28.72  28.99  43839200  28.99
2012-05-09  28.47  29.08  28.39  29.01  50309300  29.01
2012-05-08  28.74  29.02  28.45  28.76  46328300  28.76
2012-05-07  28.96  29.11  28.83  28.91  48641400  28.91
2012-05-04  29.66  29.78  29.16  29.22  57927200  29.22
2012-05-03  30.06  30.08  29.81  29.95  31501300  29.95
2012-05-02  30.04  30.11  29.84  29.99  37385300  29.99
2012-05-01  30.23  30.5  30.13  30.19  43832300  30.19
2012-04-30  30.16  30.28  30.11  30.2  35697200  30.2
2012-04-27  30.29  30.39  30.07  30.16  41419100  30.16
2012-04-26  30.29  30.39  30.1  30.28  40308100  30.28
2012-04-25  30.11  30.48  30.06  30.37  62495500  30.37
2012-04-24  30.37  30.67  30.02  30.1  40871100  30.1
2012-04-23  30.47  30.65  30.21  30.29  61398200  30.29
2012-04-20  30.32  31.01  30.22  30.57  106045000  30.57
2012-04-19  29.35  29.87  29.17  29.24  54781200  29.24
2012-04-18  29.5  29.53  29.28  29.37  40552900  29.37
2012-04-17  29.49  29.81  29.42  29.65  34361500  29.65
2012-04-16  29.23  29.41  29.02  29.31  38124800  29.31
2012-04-13  29.14  29.39  28.98  29.06  39749200  29.06
2012-04-12  28.75  29.28  28.69  29.22  38304000  29.22
2012-04-11  28.7  28.79  28.51  28.62  43014000  28.62
2012-04-10  29.3  29.42  28.58  28.74  54131300  28.74
2012-04-09  29.44  29.61  29.21  29.33  31056400  29.33
2012-04-05  29.38  29.83  29.29  29.73  50368600  29.73
2012-04-04  29.85  29.88  29.28  29.43  49455900  29.43
2012-04-03  30.33  30.36  29.86  30.12  42752100  30.12
2012-04-02  30.38  30.61  30.13  30.45  35853600  30.45
2012-03-30  30.55  30.56  30.21  30.42  31749400  30.42
2012-03-29  30.23  30.36  30.0  30.29  37038500  30.29
2012-03-28  30.67  30.84  30.22  30.36  41344800  30.36
2012-03-27  30.79  30.84  30.56  30.67  36274900  30.67
2012-03-26  30.35  30.75  30.32  30.73  36758300  30.73
2012-03-23  30.27  30.28  29.92  30.19  35912200  30.19
2012-03-22  30.0  30.26  29.98  30.18  31749500  30.18
2012-03-21  30.14  30.32  30.01  30.09  37928600  30.09
2012-03-20  30.27  30.32  29.93  30.17  41566800  30.17
2012-03-19  30.69  30.76  30.32  30.37  44789200  30.37
2012-03-16  31.03  31.07  30.65  30.74  65626400  30.74
2012-03-15  30.92  31.06  30.73  30.98  49068300  30.98
2012-03-14  30.67  31.0  30.64  30.9  41986900  30.9
2012-03-13  30.4  30.83  30.32  30.81  48951700  30.81
2012-03-12  30.15  30.37  30.01  30.22  34073600  30.22
2012-03-09  30.27  30.33  30.1  30.17  34628400  30.17
2012-03-08  30.22  30.38  30.09  30.19  36747400  30.19
2012-03-07  29.87  30.11  29.74  30.03  34340400  30.03
2012-03-06  29.74  30.16  29.69  29.76  51932900  29.76
2012-03-05  30.19  30.23  29.82  29.99  45240000  29.99
2012-03-02  30.47  30.59  30.17  30.25  47314200  30.25
2012-03-01  30.11  30.54  30.04  30.45  77344100  30.45
2012-02-29  30.07  30.18  29.81  29.93  59323600  29.93
2012-02-28  29.63  30.12  29.6  30.06  45230600  30.06
2012-02-27  29.47  29.71  29.33  29.57  34568400  29.57
2012-02-24  29.69  29.71  29.46  29.69  35575400  29.69
2012-02-23  29.42  29.79  29.23  29.58  35034700  29.58
2012-02-22  29.66  29.88  29.41  29.49  49253200  29.49
2012-02-21  29.4  29.81  29.38  29.65  50829900  29.65
2012-02-17  29.42  29.54  29.19  29.47  70036500  29.47
2012-02-16  28.59  29.76  28.58  29.51  94705100  29.51
2012-02-15  28.6  28.66  28.32  28.34  43311300  28.34
2012-02-14  28.61  28.73  28.15  28.53  59644000  28.53
2012-02-13  28.7  28.83  28.51  28.65  33319800  28.65
2012-02-10  28.71  28.86  28.45  28.58  44605300  28.58
2012-02-09  28.75  28.86  28.56  28.83  50481600  28.83
2012-02-08  28.36  28.74  28.32  28.73  49659100  28.73
2012-02-07  28.25  28.57  28.16  28.44  39242400  28.44
2012-02-06  28.14  28.31  28.07  28.29  28039700  28.29
2012-02-03  28.24  28.48  28.19  28.33  41838500  28.33
2012-02-02  28.01  28.27  27.84  28.06  52223300  28.06
2012-02-01  27.91  28.15  27.88  28.0  67409900  28.0
2012-01-31  27.79  27.83  27.39  27.67  50572400  27.67
2012-01-30  27.14  27.75  27.01  27.74  51114800  27.74
2012-01-27  27.6  27.67  27.33  27.39  44187700  27.39
2012-01-26  27.74  27.83  27.55  27.64  49102800  27.64
2012-01-25  27.24  27.78  27.24  27.7  59231700  27.7
2012-01-24  27.61  27.71  27.34  27.49  51703300  27.49
2012-01-23  27.68  28.06  27.49  27.85  76078100  27.85
2012-01-20  27.01  27.87  26.94  27.84  165902900  27.84
2012-01-19  26.39  26.65  26.27  26.35  74053500  26.35
2012-01-18  26.52  26.61  26.21  26.45  64860600  26.45
2012-01-17  26.61  26.85  26.4  26.48  72395300  26.48
2012-01-13  26.17  26.47  26.04  26.47  60196100  26.47
2012-01-12  26.11  26.25  25.9  26.23  49370800  26.23
2012-01-11  25.7  26.21  25.64  25.97  65582400  25.97
2012-01-10  26.16  26.37  26.0  26.08  60014400  26.08
2012-01-09  26.28  26.33  25.97  25.99  59706800  25.99
2012-01-06  25.8  26.41  25.8  26.34  99455500  26.34
2012-01-05  25.65  25.98  25.56  25.93  56081400  25.93
2012-01-04  25.13  25.74  25.09  25.67  80516100  25.67
2012-01-03  24.87  25.26  24.72  25.08  64731500  25.08
2011-12-30  24.36  24.47  24.27  24.32  27395700  24.32
2011-12-29  24.31  24.41  24.23  24.38  22616900  24.38
2011-12-28  24.46  24.5  24.13  24.19  29822500  24.19
2011-12-27  24.33  24.49  24.3  24.4  21287200  24.4
2011-12-23  24.28  24.4  24.11  24.39  23205800  24.39
2011-12-22  24.19  24.23  23.87  24.18  35794100  24.18
2011-12-21  24.36  24.53  23.83  24.13  64132500  24.13
2011-12-20  24.23  24.46  24.18  24.39  60767600  24.39
2011-12-19  24.38  24.47  23.85  23.92  52258300  23.92
2011-12-16  24.05  24.52  24.01  24.36  101408100  24.36
2011-12-15  24.1  24.25  23.93  23.95  46213900  23.95
2011-12-14  24.1  24.23  23.96  23.98  47926400  23.98
2011-12-13  24.12  24.45  24.03  24.13  54581100  24.13
2011-12-12  23.81  23.96  23.69  23.9  38945900  23.9
2011-12-09  23.91  24.24  23.89  24.08  53788500  24.08
2011-12-08  23.87  24.1  23.77  23.8  60522200  23.8
2011-12-07  24.05  24.13  23.74  23.98  62667000  23.98
2011-12-06  24.18  24.24  23.99  24.04  46175300  24.04
2011-12-05  24.15  24.17  23.89  24.08  56818400  24.08
2011-12-02  23.98  24.0  23.57  23.63  52293800  23.63
2011-12-01  23.95  24.02  23.62  23.69  48545400  23.69
2011-11-30  23.77  23.98  23.56  23.97  81350900  23.97
2011-11-29  23.25  23.46  23.19  23.27  40917100  23.27
2011-11-28  23.37  23.39  23.13  23.3  46766700  23.3
2011-11-25  22.84  23.12  22.77  22.77  26164600  22.77
2011-11-23  23.06  23.23  22.93  22.93  49099700  22.93
2011-11-22  23.32  23.39  23.1  23.23  49204500  23.23
2011-11-21  23.64  23.65  23.33  23.42  61882500  23.42
2011-11-18  23.87  23.89  23.56  23.7  47626200  23.7
2011-11-17  24.37  24.4  23.84  23.93  70977500  23.93
2011-11-16  24.8  24.84  24.4  24.43  53262800  24.43
2011-11-15  24.88  25.24  24.73  25.05  43874200  25.05
2011-11-14  24.99  25.1  24.78  24.88  34199200  24.88
2011-11-11  24.71  25.18  24.7  25.02  37903000  25.02
2011-11-10  24.62  24.64  24.29  24.44  32514400  24.44
2011-11-09  24.72  24.87  24.23  24.36  62950900  24.36
2011-11-08  25.12  25.3  24.82  25.26  47822500  25.26
2011-11-07  24.37  24.94  24.3  24.92  42589700  24.92
2011-11-04  24.53  24.55  24.18  24.41  36549200  24.41
2011-11-03  24.4  24.73  24.16  24.67  65836100  24.67
2011-11-02  24.27  24.37  23.9  24.19  53533100  24.19
2011-11-01  24.36  24.48  24.05  24.17  61182600  24.17
2011-10-31  24.88  25.1  24.75  24.76  46799000  24.76
2011-10-28  25.24  25.29  24.91  25.09  57712100  25.09
2011-10-27  25.23  25.48  24.78  25.34  74512400  25.34
2011-10-26  25.14  25.17  24.27  24.73  63029900  24.73
2011-10-25  25.18  25.32  24.85  24.93  53554600  24.93
2011-10-24  25.16  25.48  25.14  25.28  56897800  25.28
2011-10-21  25.25  25.29  24.93  25.26  76620600  25.26
2011-10-20  25.34  25.42  24.54  25.14  76300200  25.14
2011-10-19  25.45  25.55  25.12  25.23  42880000  25.23
2011-10-18  25.06  25.48  24.93  25.4  52487900  25.4
2011-10-17  25.21  25.5  24.97  25.09  39453300  25.09
2011-10-14  25.4  25.57  25.13  25.36  50947700  25.36
2011-10-13  24.88  25.29  24.75  25.27  43823500  25.27
2011-10-12  25.27  25.4  25.01  25.07  52489800  25.07
2011-10-11  24.98  25.18  24.85  25.11  38826200  25.11
2011-10-10  24.72  25.08  24.61  25.05  41815300  25.05
2011-10-07  24.49  24.65  24.36  24.41  52741600  24.41
2011-10-06  24.08  24.55  23.89  24.49  55111400  24.49
2011-10-05  23.64  24.33  23.4  24.08  94061300  24.08
2011-10-04  22.59  23.61  22.56  23.56  83485400  23.56
2011-10-03  22.99  23.56  22.8  22.81  64592500  22.81
2011-09-30  23.44  23.72  23.14  23.15  54060500  23.15
2011-09-29  24.16  24.34  23.34  23.67  63407300  23.67
2011-09-28  24.12  24.52  23.72  23.79  60736200  23.79
2011-09-27  23.86  24.1  23.67  23.87  55620700  23.87
2011-09-26  23.43  23.73  23.0  23.66  51057600  23.66
2011-09-23  23.15  23.38  22.96  23.3  64768100  23.3
2011-09-22  23.52  23.85  22.87  23.3  96278300  23.3
2011-09-21  25.16  25.17  24.15  24.17  72750700  24.17
2011-09-20  25.4  25.57  25.04  25.09  49211900  25.09
2011-09-19  24.92  25.39  24.73  25.3  52324900  25.3
2011-09-16  25.15  25.36  24.95  25.22  89681500  25.22
2011-09-15  24.86  25.14  24.47  25.1  67808300  25.1
2011-09-14  24.33  24.92  24.07  24.64  66739200  24.64
2011-09-13  24.1  24.35  24.0  24.21  48792300  24.21
2011-09-12  23.66  24.12  23.5  24.08  55046100  24.08
2011-09-09  24.18  24.35  23.72  23.94  64529200  23.94
2011-09-08  24.18  24.79  24.13  24.38  65811900  24.38
2011-09-07  23.89  24.18  23.78  24.18  41961000  24.18
2011-09-06  23.43  23.79  23.35  23.72  54929300  23.72
2011-09-02  23.97  24.18  23.86  23.99  43894400  23.99
2011-09-01  24.6  24.97  24.37  24.37  60510800  24.37
2011-08-31  24.45  24.84  24.42  24.74  59300800  24.74
2011-08-30  23.93  24.58  23.9  24.39  57341400  24.39
2011-08-29  23.74  24.05  23.59  24.03  38863200  24.03
2011-08-26  22.79  23.56  22.71  23.48  71957000  23.48
2011-08-25  23.32  23.4  22.78  22.85  48192000  22.85
2011-08-24  22.92  23.18  22.7  23.15  45329700  23.15
2011-08-23  22.35  23.02  22.35  22.99  59670600  22.99
2011-08-22  22.71  22.77  22.12  22.3  54721000  22.3
2011-08-19  22.69  22.89  22.23  22.36  77397900  22.36
2011-08-18  22.85  23.33  22.34  22.94  105714200  22.94
2011-08-17  23.48  23.9  23.18  23.48  50923700  23.48
2011-08-16  23.45  23.79  23.29  23.57  54251500  23.57
2011-08-15  23.32  23.63  23.24  23.57  56529400  23.57
2011-08-12  23.22  23.41  22.77  23.19  64787100  23.19
2011-08-11  22.64  23.46  22.55  23.28  90690100  23.28
2011-08-10  23.05  23.18  22.27  22.36  127819900  22.36
2011-08-09  22.84  23.68  22.21  23.64  126268900  23.64
2011-08-08  23.12  23.65  22.54  22.62  134257200  22.62
2011-08-05  24.0  24.12  23.31  23.73  112071700  23.73
2011-08-04  24.52  24.83  23.96  23.97  92949500  23.97
2011-08-03  24.8  24.95  24.47  24.88  64581200  24.88
2011-08-02  24.94  25.37  24.73  24.77  63883100  24.77
2011-08-01  25.42  25.59  24.72  25.2  61838400  25.2
2011-07-29  25.43  25.61  25.19  25.32  104394800  25.32
2011-07-28  25.22  25.94  25.15  25.62  83761400  25.62
2011-07-27  25.76  25.86  25.13  25.25  71488700  25.25
2011-07-26  25.71  26.01  25.67  25.95  74636500  25.95
2011-07-25  25.19  25.96  25.12  25.79  108482400  25.79
2011-07-22  24.82  25.46  24.65  25.44  76380600  25.44
2011-07-21  24.98  25.23  24.62  25.04  81737400  25.04
2011-07-20  25.21  25.28  24.94  25.01  49795400  25.01
2011-07-19  24.78  25.54  24.75  25.45  86730600  25.45
2011-07-18  24.61  24.86  24.27  24.57  44501900  24.57
2011-07-15  24.46  24.89  24.46  24.75  49132400  24.75
2011-07-14  24.6  24.96  24.36  24.46  46382300  24.46
2011-07-13  24.58  24.91  24.5  24.61  40861800  24.61
2011-07-12  24.53  24.75  24.34  24.52  47319300  24.52
2011-07-11  24.6  24.77  24.48  24.61  43999800  24.61
2011-07-08  24.53  24.94  24.5  24.88  58332500  24.88
2011-07-07  24.48  24.84  24.36  24.74  51946500  24.74
2011-07-06  24.0  24.37  23.99  24.33  48744200  24.33
2011-07-05  24.11  24.16  23.93  24.05  37805300  24.05
2011-07-01  23.96  24.18  23.87  24.04  52906200  24.04
2011-06-30  23.79  24.03  23.72  24.03  52535400  24.03
2011-06-29  23.75  23.75  23.43  23.67  66051000  23.67
2011-06-28  23.38  23.95  23.25  23.84  81032100  23.84
2011-06-27  22.39  23.53  22.39  23.29  92044200  23.29
2011-06-24  22.64  22.67  22.35  22.45  101387200  22.45
2011-06-23  22.58  22.78  22.36  22.76  59470400  22.76
2011-06-22  22.73  22.93  22.72  22.78  44287300  22.78
2011-06-21  22.66  22.97  22.55  22.88  49708700  22.88
2011-06-20  22.33  22.79  22.32  22.61  54338400  22.61
2011-06-17  22.38  22.46  22.16  22.42  83320400  22.42
2011-06-16  21.95  22.27  21.86  22.18  57184100  22.18
2011-06-15  22.18  22.19  21.88  21.94  49410200  21.94
2011-06-14  22.45  22.59  22.35  22.38  42894500  22.38
2011-06-13  22.21  22.35  21.9  22.21  47574100  22.21
2011-06-10  22.2  22.2  21.89  21.91  49327200  21.91
2011-06-09  22.19  22.21  22.01  22.14  42878700  22.14
2011-06-08  22.08  22.19  22.05  22.12  42205000  22.12
2011-06-07  22.26  22.33  22.08  22.23  41112600  22.23
2011-06-06  22.08  22.41  21.97  22.19  54778700  22.19
2011-06-03  22.22  22.3  22.03  22.09  60697700  22.09
2011-06-02  22.63  22.78  22.34  22.38  51487800  22.38
2011-06-01  23.1  23.2  22.52  22.58  74033500  22.58
2011-05-31  23.06  23.16  22.82  23.11  60196300  23.11
2011-05-27  22.81  23.01  22.78  22.88  50251000  22.88
2011-05-26  22.5  23.13  22.48  22.8  78016600  22.8
2011-05-25  22.35  22.46  22.32  22.35  34904200  22.35
2011-05-24  22.37  22.45  22.22  22.32  47691800  22.32
2011-05-23  22.37  22.4  22.2  22.33  52692500  22.33
2011-05-20  22.84  22.98  22.58  22.63  45451500  22.63
2011-05-19  22.96  22.99  22.64  22.84  37783600  22.84
2011-05-18  22.67  22.87  22.41  22.82  53931100  22.82
2011-05-17  22.55  22.83  22.43  22.66  82882100  22.66
2011-05-16  22.92  23.02  22.5  22.56  91350900  22.56
2011-05-13  23.21  23.25  22.91  22.98  66812300  22.98
2011-05-12  23.28  23.31  23.05  23.25  77400000  23.25
2011-05-11  23.55  23.56  23.14  23.28  78600000  23.28
2011-05-10  23.3  23.74  23.18  23.57  120798700  23.57
2011-05-09  23.68  23.83  23.56  23.71  38696400  23.71
2011-05-06  23.93  24.07  23.64  23.75  55993000  23.75
2011-05-05  23.92  23.95  23.58  23.68  55600000  23.68
2011-05-04  23.73  24.09  23.67  23.92  73292300  23.92
2011-05-03  23.51  23.74  23.41  23.7  71892900  23.7
2011-05-02  23.82  23.87  23.39  23.56  89825600  23.56
2011-04-29  24.38  24.46  23.29  23.8  319317900  23.8
2011-04-28  24.29  24.67  24.24  24.52  80200000  24.52
2011-04-27  24.15  24.23  23.99  24.22  52689000  24.22
2011-04-26  23.63  24.27  23.56  24.04  69200000  24.04
2011-04-25  23.46  23.52  23.26  23.51  33525100  23.51
2011-04-21  23.68  23.77  23.28  23.43  46892300  23.43
2011-04-20  23.45  23.87  23.42  23.65  61608600  23.65
2011-04-19  22.95  23.11  22.83  23.09  38892400  23.09
2011-04-18  23.04  23.2  22.69  23.02  58045100  23.02
2011-04-15  23.37  23.46  23.12  23.29  65080400  23.29
2011-04-14  23.34  23.36  23.04  23.34  55239900  23.34
2011-04-13  23.55  23.75  23.47  23.53  38144700  23.53
2011-04-12  23.71  23.73  23.46  23.54  36920400  23.54
2011-04-11  24.04  24.1  23.68  23.85  34286300  23.85
2011-04-08  24.02  24.12  23.83  23.93  39887600  23.93
2011-04-07  24.04  24.11  23.84  24.05  46134700  24.05
2011-04-06  23.85  24.16  23.74  24.01  65581400  24.01
2011-04-05  23.71  24.04  23.63  23.67  73694500  23.67
2011-04-04  23.37  23.56  23.33  23.46  35433700  23.46
2011-04-01  23.44  23.44  23.23  23.39  63114200  23.39
2011-03-31  23.5  23.58  23.26  23.31  63233700  23.31
2011-03-30  23.5  23.61  23.41  23.51  41999300  23.51
2011-03-29  23.26  23.43  23.23  23.4  40763500  23.4
2011-03-28  23.56  23.61  23.3  23.33  48973200  23.33
2011-03-25  23.8  23.82  23.49  23.52  57029800  23.52
2011-03-24  23.51  23.76  23.42  23.7  38696700  23.7
2011-03-23  23.17  23.51  23.12  23.45  43969000  23.45
2011-03-22  23.23  23.38  23.17  23.23  30895600  23.23
2011-03-21  23.11  23.48  23.08  23.25  46878100  23.25
2011-03-18  23.01  23.12  22.77  22.77  85486700  22.77
2011-03-17  23.01  23.15  22.72  22.75  62497000  22.75
2011-03-16  23.15  23.21  22.66  22.76  100725400  22.76
2011-03-15  23.03  23.38  22.95  23.31  76067300  23.31
2011-03-14  23.4  23.64  23.27  23.58  54473400  23.58
2011-03-11  23.33  23.74  23.29  23.58  49905800  23.58
2011-03-10  23.52  23.61  23.27  23.33  66549500  23.33
2011-03-09  23.7  23.85  23.56  23.77  39789100  23.77
2011-03-08  23.66  23.89  23.55  23.79  50549800  23.79
2011-03-07  23.99  24.11  23.45  23.61  64980400  23.61
2011-03-04  24.07  24.09  23.68  23.82  70437200  23.82
2011-03-03  24.11  24.23  24.03  24.05  68271500  24.05
2011-03-02  23.97  24.21  23.9  23.94  48658200  23.94
2011-03-01  24.42  24.59  24.01  24.02  60055000  24.02
2011-02-28  24.5  24.66  24.34  24.4  51379900  24.4
2011-02-25  24.7  24.74  24.32  24.37  53006300  24.37
2011-02-24  24.46  24.85  24.33  24.58  64494200  24.58
2011-02-23  24.35  24.66  24.26  24.41  60234100  24.41
2011-02-22  24.58  24.88  24.35  24.41  60889000  24.41
2011-02-18  24.9  24.98  24.78  24.84  68667800  24.84
2011-02-17  24.76  25.13  24.7  24.98  57207300  24.98
2011-02-16  24.84  24.86  24.42  24.81  70817900  24.81
2011-02-15  24.82  25.09  24.74  24.75  44116500  24.75
2011-02-14  24.83  24.89  24.59  24.85  56766200  24.85
2011-02-11  25.34  25.38  24.71  24.87  83939700  24.87
2011-02-10  25.49  25.5  24.91  25.1  76672400  25.1
2011-02-09  25.73  25.79  25.48  25.53  52905100  25.53
2011-02-08  25.65  25.86  25.6  25.81  34904200  25.81
2011-02-07  25.37  25.87  25.37  25.74  68980900  25.74
2011-02-04  25.28  25.4  25.1  25.34  40412200  25.34
2011-02-03  25.53  25.53  25.14  25.24  60340100  25.24
2011-02-02  25.49  25.66  25.45  25.5  45824000  25.5
2011-02-01  25.38  25.61  25.2  25.55  62810700  25.55
2011-01-31  25.35  25.47  25.03  25.31  65029000  25.31
2011-01-28  26.38  26.41  25.06  25.33  141249400  25.33
2011-01-27  26.24  26.89  26.0  26.35  146938600  26.35
2011-01-26  26.02  26.46  26.01  26.27  74628800  26.27
2011-01-25  25.69  25.97  25.67  25.97  42436600  25.97
2011-01-24  25.57  26.06  25.54  25.9  52047800  25.9
2011-01-21  25.92  25.94  25.57  25.57  58080300  25.57
2011-01-20  26.01  26.05  25.67  25.87  58613600  25.87
2011-01-19  25.97  26.17  25.8  25.98  50005900  25.98
2011-01-18  25.7  26.23  25.69  26.16  53322700  26.16
2011-01-14  25.63  25.9  25.47  25.83  62688400  25.83
2011-01-13  25.86  25.91  25.57  25.73  67077600  25.73
2011-01-12  25.67  26.1  25.62  26.06  52631100  26.06
2011-01-11  25.73  25.78  25.6  25.65  50298900  25.65
2011-01-10  25.8  25.92  25.6  25.76  57573600  25.76
2011-01-07  26.14  26.23  25.78  26.1  73762000  26.1
2011-01-06  25.59  26.33  25.42  26.3  87992900  26.3
2011-01-05  25.46  25.56  25.34  25.55  58998700  25.55
2011-01-04  25.5  25.71  25.42  25.64  54405600  25.64
2011-01-03  25.6  25.72  25.49  25.54  53443800  25.54
2010-12-31  25.37  25.48  25.21  25.47  24752000  25.47
2010-12-30  25.48  25.56  25.36  25.42  20786100  25.42
2010-12-29  25.5  25.67  25.45  25.53  19502500  25.53
2010-12-28  25.52  25.71  25.51  25.56  23042200  25.56
2010-12-27  25.67  25.74  25.45  25.62  21652800  25.62
2010-12-23  25.53  25.85  25.52  25.83  24902500  25.83
2010-12-22  25.57  25.92  25.54  25.73  42252300  25.73
2010-12-21  25.42  25.68  25.34  25.62  38153000  25.62
2010-12-20  25.51  25.54  25.26  25.38  52811000  25.38
2010-12-17  25.48  25.63  25.32  25.46  87456500  25.46
2010-12-16  25.34  25.55  25.25  25.55  57680200  25.55
2010-12-15  25.13  25.55  25.13  25.42  69634200  25.42
2010-12-14  24.93  25.33  24.88  25.21  64070500  25.21
2010-12-13  24.89  25.05  24.8  24.87  47943900  24.87
2010-12-10  24.81  25.0  24.74  24.95  37625800  24.95
2010-12-09  24.89  24.95  24.65  24.71  47148300  24.71
2010-12-08  24.48  24.86  24.46  24.85  41666800  24.85
2010-12-07  24.71  24.76  24.5  24.52  57860500  24.52
2010-12-06  24.58  24.63  24.43  24.5  36264200  24.5
2010-12-03  24.47  24.7  24.44  24.66  52622000  24.66
2010-12-02  23.95  24.62  23.91  24.54  91759200  24.54
2010-12-01  23.34  23.96  23.33  23.77  74123500  23.77
2010-11-30  22.86  23.24  22.81  23.05  75282100  23.05
2010-11-29  22.99  23.2  22.75  23.1  56603600  23.1
2010-11-26  23.0  23.19  22.97  23.04  21356500  23.04
2010-11-24  22.99  23.23  22.96  23.15  56825900  23.15
2010-11-23  23.34  23.37  22.9  22.93  69742500  22.93
2010-11-22  23.41  23.49  23.22  23.48  53350500  23.48
2010-11-19  23.55  23.58  23.37  23.45  52423200  23.45
2010-11-18  23.46  23.8  23.37  23.58  59514000  23.58
2010-11-17  23.64  23.65  23.32  23.34  58299700  23.34
2010-11-16  23.77  23.77  23.41  23.56  65339200  23.56
2010-11-15  23.89  24.04  23.74  23.77  51794600  23.77
2010-11-12  24.01  24.06  23.68  23.83  64962200  23.83
2010-11-11  24.2  24.24  23.84  24.2  62073100  24.2
2010-11-10  24.5  24.57  24.32  24.44  52277300  24.44
2010-11-09  24.32  24.6  24.23  24.45  58538600  24.45
2010-11-08  24.2  26.19  24.11  24.32  71670800  24.32
2010-11-05  24.65  24.67  24.07  24.36  110953700  24.36
2010-11-04  24.86  24.88  24.5  24.62  93599300  24.62
2010-11-03  24.91  24.94  24.46  24.52  110255300  24.52
2010-11-02  24.55  24.88  24.51  24.85  54402100  24.85
2010-11-01  24.39  24.69  24.22  24.45  61912100  24.45
2010-10-29  24.63  24.67  24.02  24.19  114193200  24.19
2010-10-28  23.78  23.93  23.51  23.84  80730300  23.84
2010-10-27  23.39  23.68  23.24  23.63  64805500  23.63
2010-10-26  22.78  23.55  22.73  23.49  69304200  23.49
2010-10-25  22.9  23.0  22.83  22.85  50912400  22.85
2010-10-22  23.15  23.17  22.92  23.02  25837900  23.02
2010-10-21  23.04  23.17  22.72  23.06  50032400  23.06
2010-10-20  22.91  23.04  22.77  22.96  56283600  22.96
2010-10-19  22.92  23.01  22.63  22.77  66150900  22.77
2010-10-18  23.21  23.54  23.08  23.42  48330500  23.42
2010-10-15  23.01  23.18  22.89  23.17  68954800  23.17
2010-10-14  22.94  22.99  22.68  22.89  51949100  22.89
2010-10-13  22.7  23.17  22.58  22.99  75336500  22.99
2010-10-12  22.36  22.61  22.16  22.52  50141500  22.52
2010-10-11  22.45  22.45  22.23  22.31  27587800  22.31
2010-10-08  22.34  22.36  22.11  22.29  41327800  22.29
2010-10-07  22.33  22.45  22.02  22.25  50096100  22.25
2010-10-06  22.06  22.26  21.89  22.16  50489700  22.16
2010-10-05  21.83  22.18  21.69  22.09  78152900  22.09
2010-10-04  21.74  21.76  21.57  21.69  98143400  21.69
2010-10-01  22.46  22.51  22.04  22.11  62672300  22.11
2010-09-30  22.32  22.52  22.09  22.21  61262700  22.21
2010-09-29  22.34  22.37  22.13  22.22  44318900  22.22
2010-09-28  22.5  22.59  22.09  22.39  56041200  22.39
2010-09-27  22.54  22.67  22.3  22.43  43603300  22.43
2010-09-24  22.35  22.5  22.3  22.48  51948800  22.48
2010-09-23  22.23  22.31  22.1  22.16  46201800  22.16
2010-09-22  22.57  22.65  22.09  22.32  94299400  22.32
2010-09-21  23.05  23.05  22.75  22.81  52675700  22.81
2010-09-20  22.93  23.15  22.78  23.07  49838700  23.07
2010-09-17  23.04  23.16  22.75  22.88  70341600  22.88
2010-09-16  22.74  23.02  22.73  22.98  44548300  22.98
2010-09-15  22.77  22.88  22.61  22.79  56201900  22.79
2010-09-14  22.71  22.99  22.57  22.7  87160400  22.7
2010-09-13  21.95  22.94  21.85  22.78  114680400  22.78
2010-09-10  21.75  21.79  21.58  21.63  58284300  21.63
2010-09-09  21.94  21.96  21.76  21.78  46028900  21.78
2010-09-08  21.84  21.95  21.54  21.71  65512400  21.71
2010-09-07  21.86  22.04  21.69  21.73  51928700  21.73
2010-09-03  21.98  22.18  21.95  22.03  64189100  22.03
2010-09-02  21.67  21.73  21.51  21.72  48837100  21.72
2010-09-01  21.47  21.73  21.35  21.68  65235900  21.68
2010-08-31  21.41  21.53  21.15  21.29  66074600  21.29
2010-08-30  21.53  21.6  21.4  21.44  45453100  21.44
2010-08-27  21.66  21.79  21.33  21.71  60939400  21.71
2010-08-26  21.85  21.95  21.58  21.61  49105300  21.61
2010-08-25  21.77  21.97  21.65  21.86  47404800  21.86
2010-08-24  21.86  22.09  21.77  21.81  66522500  21.81
2010-08-23  22.17  22.35  21.98  22.02  51643000  22.02
2010-08-20  22.05  22.13  21.95  21.98  49560100  21.98
2010-08-19  22.33  22.44  21.96  22.17  54064600  22.17
2010-08-18  22.38  22.63  22.14  22.51  46818900  22.51
2010-08-17  22.41  22.64  22.31  22.41  52912600  22.41
2010-08-16  21.98  22.21  21.93  22.11  40909700  22.11
2010-08-13  21.97  22.26  21.88  22.02  45263500  22.02
2010-08-12  22.04  22.27  21.98  22.1  70240500  22.1
2010-08-11  22.27  22.47  22.16  22.43  76746900  22.43
2010-08-10  22.85  22.86  22.45  22.62  87257700  22.62
2010-08-09  23.06  23.22  22.89  23.11  57096500  23.11
2010-08-06  22.72  23.06  22.57  23.05  55982100  23.05
2010-08-05  23.0  23.08  22.75  22.89  64922100  22.89
2010-08-04  23.6  23.68  22.96  23.22  78531900  23.22
2010-08-03  23.64  23.77  23.43  23.6  56877700  23.6
2010-08-02  23.45  23.81  23.24  23.76  55044600  23.76
2010-07-30  23.24  23.32  22.87  23.29  83534800  23.29
2010-07-29  23.58  23.83  23.1  23.49  69446200  23.49
2010-07-28  23.52  23.63  23.3  23.41  69704800  23.41
2010-07-27  23.58  23.67  23.42  23.6  60672100  23.6
2010-07-26  23.33  23.64  23.28  23.55  67249900  23.55
2010-07-23  23.32  23.48  22.78  23.29  108520100  23.29
2010-07-22  23.01  23.45  22.98  23.31  73016400  23.31
2010-07-21  23.1  23.15  22.54  22.67  73297300  22.67
2010-07-20  22.43  22.99  22.29  22.99  45530700  22.99
2010-07-19  22.52  22.82  22.47  22.76  38181800  22.76
2010-07-16  23.02  23.14  22.45  22.46  65064800  22.46
2010-07-15  23.01  23.09  22.54  23.02  56934700  23.02
2010-07-14  23.0  23.1  22.66  22.95  72808100  22.95
2010-07-13  22.68  22.82  22.46  22.67  61928700  22.67
2010-07-12  22.04  22.45  22.03  22.4  49854200  22.4
2010-07-09  21.95  22.03  21.79  21.9  53806100  21.9
2010-07-08  22.19  22.21  21.62  22.02  50758100  22.02
2010-07-07  21.5  21.95  21.31  21.93  79965300  21.93
2010-07-06  21.38  21.73  21.27  21.49  73592000  21.49
2010-07-02  21.08  21.19  20.8  21.0  62485100  21.0
2010-07-01  20.84  21.04  20.51  20.9  92239400  20.9
2010-06-30  21.02  21.36  20.71  20.76  81050500  20.76
2010-06-29  21.77  21.83  20.85  21.03  119882100  21.03
2010-06-28  22.11  22.2  21.76  21.93  73784800  21.93
2010-06-25  22.6  22.65  21.93  22.13  156256700  22.13
2010-06-24  22.98  23.21  22.5  22.56  85243400  22.56
2010-06-23  23.26  23.26  22.76  22.84  61466200  22.84
2010-06-22  23.6  23.86  23.24  23.25  55985400  23.25
2010-06-21  24.16  24.26  23.36  23.41  54625300  23.41
2010-06-18  23.8  23.94  23.62  23.86  52075600  23.86
2010-06-17  23.96  24.06  23.49  23.79  47995500  23.79
2010-06-16  23.89  23.98  23.67  23.75  48698000  23.75
2010-06-15  23.23  24.04  23.22  23.98  81641500  23.98
2010-06-14  23.33  23.43  22.98  23.01  50972400  23.01
2010-06-11  22.59  23.2  22.35  23.15  68057700  23.15
2010-06-10  22.68  22.7  22.36  22.56  78930900  22.56
2010-06-09  22.76  23.03  22.33  22.37  87794000  22.37
2010-06-08  22.79  22.8  22.24  22.66  87355000  22.66
2010-06-07  23.3  23.31  22.77  22.82  80456200  22.82
2010-06-04  23.55  23.97  23.12  23.27  89832200  23.27
2010-06-03  23.96  24.3  23.83  24.24  67837000  24.24
2010-06-02  23.51  23.89  23.21  23.87  65718800  23.87
2010-06-01  23.04  23.74  23.03  23.36  76152400  23.36
2010-05-28  23.32  23.57  23.15  23.28  67496900  23.28
2010-05-27  23.22  23.78  23.22  23.46  136433600  23.46
2010-05-26  23.67  24.01  22.16  22.57  176684100  22.57
2010-05-25  23.14  23.75  22.9  23.52  98373600  23.52
2010-05-24  24.22  24.23  23.69  23.7  73711700  23.7
2010-05-21  24.03  24.46  23.86  24.22  117596300  24.22
2010-05-20  24.95  25.12  24.4  24.46  87991100  24.46
2010-05-19  25.73  25.89  25.07  25.48  61746700  25.48
2010-05-18  26.05  26.17  25.63  25.81  52690600  25.81
2010-05-17  26.15  26.25  25.55  25.99  46053300  25.99
2010-05-14  26.23  26.24  25.73  25.99  63334000  25.99
2010-05-13  26.28  26.7  26.21  26.26  45188800  26.26
2010-05-12  26.03  26.57  25.97  26.44  47146800  26.44
2010-05-11  25.76  26.63  25.66  25.94  63789400  25.94
2010-05-10  26.05  26.47  25.78  25.99  86653300  25.99
2010-05-07  25.99  26.0  24.54  25.34  173718100  25.34
2010-05-06  26.58  26.84  25.07  26.03  128613000  26.03
2010-05-05  26.74  27.03  26.67  26.81  66833800  26.81
2010-05-04  27.41  27.44  26.72  27.06  82085600  27.06
2010-05-03  27.55  27.9  27.47  27.72  43989500  27.72
2010-04-30  27.91  27.92  27.41  27.43  63214800  27.43
2010-04-29  27.78  28.23  27.54  27.84  52665200  27.84
2010-04-28  27.77  27.84  27.5  27.76  64557900  27.76
2010-04-27  27.8  28.07  27.62  27.71  68730900  27.71
2010-04-26  27.84  28.09  27.72  27.94  63649300  27.94
2010-04-23  27.95  28.37  27.53  27.81  126766600  27.81
2010-04-22  27.89  28.33  27.76  28.2  84847600  28.2
2010-04-21  28.14  28.29  28.05  28.14  55343100  28.14
2010-04-20  28.04  28.24  27.96  28.17  52199500  28.17
2010-04-19  27.64  28.07  27.63  27.88  64970300  27.88
2010-04-16  27.66  27.83  27.49  27.55  88703100  27.55
2010-04-15  27.69  27.8  27.59  27.73  52745400  27.73
2010-04-14  27.65  27.84  27.54  27.68  68941200  27.68
2010-04-13  27.08  27.39  27.06  27.35  41374600  27.35
2010-04-12  27.17  27.38  27.13  27.23  37068800  27.23
2010-04-09  26.9  27.31  26.85  27.25  54752500  27.25
2010-04-08  26.33  26.92  26.31  26.87  63713800  26.87
2010-04-07  26.19  26.55  26.17  26.36  58318800  26.36
2010-04-06  26.19  26.57  26.03  26.34  47366800  26.34
2010-04-05  26.16  26.43  26.07  26.29  34331200  26.29
2010-04-01  26.36  26.53  25.71  26.19  74768100  26.19
2010-03-31  26.62  26.7  26.2  26.31  63760000  26.31
2010-03-30  26.61  26.82  26.5  26.74  34954800  26.74
2010-03-29  26.69  26.79  26.54  26.58  33336000  26.58
2010-03-26  27.03  27.13  26.58  26.64  55595500  26.64
2010-03-25  26.8  27.46  26.77  26.96  73168700  26.96
2010-03-24  26.69  26.81  26.59  26.63  33987700  26.63
2010-03-23  26.58  26.86  26.42  26.84  42026600  26.84
2010-03-22  26.5  26.68  26.4  26.59  37718200  26.59
2010-03-19  26.73  26.86  26.36  26.58  81332100  26.58
2010-03-18  26.62  26.7  26.5  26.6  43845200  26.6
2010-03-17  26.49  26.83  26.4  26.61  50385700  26.61
2010-03-16  26.42  26.49  26.23  26.38  36723500  26.38
2010-03-15  26.21  26.38  26.06  26.31  37512000  26.31
2010-03-12  26.33  26.39  26.08  26.29  31700200  26.29
2010-03-11  25.95  26.22  25.91  26.21  35349700  26.21
2010-03-10  25.92  26.15  25.87  26.02  44891400  26.02
2010-03-09  25.65  26.15  25.65  25.87  50271600  25.87
2010-03-08  25.62  25.99  25.6  25.72  39414500  25.72
2010-03-05  25.74  25.76  25.53  25.68  56001800  25.68
2010-03-04  25.57  25.74  25.4  25.72  42890600  25.72
2010-03-03  25.6  25.69  25.46  25.56  48442100  25.56
2010-03-02  26.12  26.31  25.36  25.56  93123900  25.56
2010-03-01  25.85  26.1  25.63  26.07  43805400  26.07
2010-02-26  25.73  25.91  25.61  25.75  40370600  25.75
2010-02-25  25.39  25.73  25.17  25.69  48735300  25.69
2010-02-24  25.62  25.86  25.5  25.72  43165900  25.72
2010-02-23  25.76  25.9  25.23  25.45  52266200  25.45
2010-02-22  25.91  26.0  25.74  25.81  36707100  25.81
2010-02-19  25.86  25.97  25.77  25.84  44451800  25.84
2010-02-18  25.68  26.07  25.61  26.02  42856500  26.02
2010-02-17  25.63  25.73  25.47  25.68  45882900  25.68
2010-02-16  25.26  25.48  25.16  25.46  51935600  25.46
2010-02-12  24.86  25.09  24.66  24.97  81117200  24.97
2010-02-11  24.97  25.39  24.76  25.14  65993700  25.14
2010-02-10  25.06  25.24  24.89  25.02  48591300  25.02
2010-02-09  25.0  25.34  24.81  25.04  59195800  25.04
2010-02-08  25.04  25.1  24.65  24.78  52820600  24.78
2010-02-05  25.03  25.28  24.65  25.05  80960100  25.05
2010-02-04  25.37  25.48  24.86  24.89  77850000  24.89
2010-02-03  25.27  25.74  25.14  25.6  61397900  25.6
2010-02-02  25.36  25.48  25.15  25.44  54413700  25.44
2010-02-01  25.38  25.46  24.96  25.4  85931100  25.4
2010-01-29  26.73  26.75  24.73  25.19  193888500  25.19
2010-01-28  26.68  26.7  25.83  26.07  117513700  26.07
2010-01-27  26.24  26.66  25.95  26.53  63949500  26.53
2010-01-26  26.1  26.68  26.0  26.37  66639900  26.37
2010-01-25  26.14  26.51  26.01  26.21  63373000  26.21
2010-01-22  26.82  27.0  25.78  25.89  102004600  25.89
2010-01-21  27.37  27.46  26.82  26.83  73086700  26.83
2010-01-20  27.55  27.66  27.1  27.35  54849500  27.35
2010-01-19  27.49  27.93  27.42  27.8  46575700  27.8
2010-01-15  27.79  27.93  27.46  27.59  79913200  27.59
2010-01-14  27.1  27.81  27.05  27.68  63228100  27.68
2010-01-13  27.05  27.28  26.83  27.13  51863500  27.13
2010-01-12  26.95  27.17  26.74  26.88  65912100  26.88
2010-01-11  27.45  27.5  26.93  27.06  68754700  27.06
2010-01-08  27.07  27.61  27.03  27.41  51197400  27.41
2010-01-07  27.38  27.44  26.99  27.22  50559700  27.22
2010-01-06  27.61  27.79  27.29  27.51  58182400  27.51
2010-01-05  27.58  27.81  27.39  27.68  49749600  27.68
2010-01-04  27.37  27.8  27.35  27.67  38409100  27.67
