Date  Open  High  Low  Close  Volume  Adj Close
2014-02-28  90.69  92.48  90.57  91.91  1923400  91.91
2014-02-27  90.41  90.71  89.76  90.61  1929200  90.61
2014-02-26  90.75  91.69  90.43  90.69  1680600  90.69
2014-02-25  91.11  91.21  89.92  90.64  2149800  90.64
2014-02-24  90.86  92.05  90.41  91.27  2309700  91.27
2014-02-21  91.26  91.64  90.3  90.47  2484200  90.47
2014-02-20  90.48  91.47  90.13  91.02  2112100  91.02
2014-02-19  91.15  91.56  90.28  90.32  3099700  90.32
2014-02-18  92.87  92.88  90.43  91.4  3351700  91.4
2014-02-14  92.43  93.15  92.22  92.84  1847000  92.84
2014-02-13  92.57  92.75  91.96  92.47  2076300  92.47
2014-02-12  93.46  93.68  92.67  93.6  2372000  93.6
2014-02-11  93.25  93.76  92.96  93.11  2345500  93.11
2014-02-10  94.52  94.65  92.73  92.92  2522800  92.92
2014-02-07  93.7  94.93  92.8  94.74  2643400  94.74
2014-02-06  91.9  93.75  91.68  93.57  2505500  93.57
2014-02-05  91.39  92.12  89.91  91.76  3272900  91.76
2014-02-04  90.79  91.96  89.05  91.25  8301200  91.25
2014-02-03  92.58  93.15  88.93  89.05  2960800  89.05
2014-01-31  90.99  92.74  90.78  92.05  2540900  92.05
2014-01-30  90.1  92.72  90.08  92.21  2081300  92.21
2014-01-29  90.0  90.23  88.8  89.27  2195200  89.27
2014-01-28  89.71  91.46  89.58  90.72  1660000  90.72
2014-01-27  89.27  90.64  88.88  89.79  2963400  89.79
2014-01-24  91.48  91.6  89.06  89.08  3062500  89.08
2014-01-23  93.26  94.54  92.69  93.11  3194600  93.11
2014-01-22  91.0  94.19  90.77  92.39  5877200  92.39
2014-01-21  88.74  89.21  87.73  88.19  2420300  88.19
2014-01-17  87.12  89.35  87.1  88.47  2862300  88.47
2014-01-16  87.97  88.45  86.62  87.24  3841300  87.24
2014-01-15  90.29  90.64  89.87  90.62  1344300  90.62
2014-01-14  89.72  90.64  89.17  90.23  1421800  90.23
2014-01-13  91.1  91.5  89.38  89.66  1284300  89.66
2014-01-10  90.46  91.29  90.23  91.05  892900  91.05
2014-01-09  89.77  90.84  89.53  90.77  1451200  90.77
2014-01-08  90.01  90.1  88.66  89.38  1435900  89.38
2014-01-07  89.87  90.21  89.55  90.01  1672400  90.01
2014-01-06  90.95  91.6  89.42  89.47  1690200  89.47
2014-01-03  91.26  91.98  90.6  90.83  1016100  90.83
2014-01-02  91.78  92.04  90.53  90.77  1319900  90.77
2013-12-31  91.55  92.48  91.5  92.28  892100  92.28
2013-12-30  91.77  92.16  91.2  91.42  855500  91.42
2013-12-27  92.42  92.57  91.57  91.79  743400  91.79
2013-12-26  91.85  92.62  91.76  92.32  1054100  92.32
2013-12-24  91.25  91.86  91.15  91.66  414300  91.66
2013-12-23  91.43  91.8  91.1  91.29  1695600  91.29
2013-12-20  89.94  91.46  89.75  90.78  2850100  90.78
2013-12-19  89.82  90.0  88.98  89.98  1453600  89.98
2013-12-18  88.74  90.26  88.16  90.21  1472900  90.21
2013-12-17  88.83  89.08  88.38  88.64  1790200  88.64
2013-12-16  88.3  89.31  88.18  88.88  1408000  88.88
2013-12-13  87.19  88.05  86.97  87.45  765400  87.45
2013-12-12  87.23  87.53  86.85  87.0  1343900  87.0
2013-12-11  88.95  89.24  87.45  87.54  1681800  87.54
2013-12-10  89.96  90.42  89.16  89.25  1102500  89.25
2013-12-09  89.59  90.52  89.36  89.96  2520400  89.96
2013-12-06  88.51  89.22  88.23  89.14  1570400  89.14
2013-12-05  86.78  88.47  86.39  87.65  2381800  87.65
2013-12-04  87.02  87.68  86.04  86.68  2763400  86.68
2013-12-03  87.4  87.7  86.74  87.27  1463400  87.27
2013-12-02  87.18  88.35  86.89  87.73  1501200  87.73
2013-11-29  87.07  87.9  86.62  87.17  907200  87.17
2013-11-27  86.47  87.35  86.29  87.15  1079100  87.15
2013-11-26  86.71  86.77  85.94  86.47  918500  86.47
2013-11-25  86.64  86.92  86.44  86.51  710100  86.51
2013-11-22  86.29  86.69  85.9  86.61  890300  86.61
2013-11-21  85.82  86.6  85.27  86.31  1443100  86.31
2013-11-20  86.0  86.32  85.33  85.54  1185800  85.54
2013-11-19  86.75  86.75  85.47  85.79  1270700  85.79
2013-11-18  86.49  87.25  86.44  86.72  1018200  86.72
2013-11-15  86.78  87.11  86.29  86.64  1320400  86.64
2013-11-14  87.24  87.35  86.76  86.83  1636500  86.83
2013-11-13  85.71  87.13  85.52  87.1  1382100  87.1
2013-11-12  85.8  86.24  85.41  86.14  1511300  86.14
2013-11-11  84.93  86.35  84.91  85.85  1492600  85.85
2013-11-08  85.05  85.26  84.5  85.12  2090600  85.12
2013-11-07  86.4  86.83  84.73  84.98  1763600  84.98
2013-11-06  86.08  86.42  85.31  85.95  1839800  85.95
2013-11-05  86.09  86.43  85.75  85.92  1574400  85.92
2013-11-04  86.95  87.36  86.0  86.33  1651000  86.33
2013-11-01  85.89  86.83  85.74  86.49  2027400  86.49
2013-10-31  85.78  86.34  85.38  85.51  1804900  85.51
2013-10-30  87.2  87.34  85.73  86.01  2254100  86.01
2013-10-29  87.37  87.95  86.84  86.96  1949400  86.96
2013-10-28  86.72  87.69  86.47  87.07  1834500  87.07
2013-10-25  86.74  86.88  86.15  86.62  2289200  86.62
2013-10-24  83.72  86.9  83.53  86.84  3359700  86.84
2013-10-23  81.39  85.56  81.39  85.05  5226100  85.05
2013-10-22  78.72  79.83  78.72  79.65  2397600  79.65
2013-10-21  78.95  79.06  78.48  79.06  1374000  79.06
2013-10-18  78.08  79.05  78.01  78.95  2288600  78.95
2013-10-17  77.92  77.92  76.55  77.6  2665600  77.6
2013-10-16  78.16  79.03  77.64  78.97  2504500  78.97
2013-10-15  78.02  78.22  77.54  77.81  1785300  77.81
2013-10-14  77.45  78.17  77.28  78.13  1152900  78.13
2013-10-11  78.03  78.31  77.8  77.82  1321200  77.82
2013-10-10  76.83  78.23  76.82  78.03  1573100  78.03
2013-10-09  75.44  76.26  75.31  75.98  1665700  75.98
2013-10-08  75.9  76.13  75.18  75.37  2100500  75.37
2013-10-07  76.01  76.69  75.6  75.92  1513400  75.92
2013-10-04  76.2  76.67  75.5  76.6  2053700  76.6
2013-10-03  77.43  77.48  75.69  76.46  2258500  76.46
2013-10-02  76.99  77.62  76.65  77.6  1843100  77.6
2013-10-01  76.46  77.84  76.31  77.31  1706200  77.31
2013-09-30  76.12  76.83  75.99  76.44  2043300  76.44
2013-09-27  77.18  77.43  76.39  76.88  1072100  76.88
2013-09-26  77.02  77.48  76.7  77.38  1108500  77.38
2013-09-25  77.49  77.98  76.68  76.94  1816700  76.94
2013-09-24  77.13  77.95  76.52  77.36  1890500  77.36
2013-09-23  76.49  77.29  76.46  77.19  1496100  77.19
2013-09-20  77.49  77.9  76.61  76.81  1762800  76.81
2013-09-19  77.0  77.58  76.92  77.25  1181000  77.25
2013-09-18  76.0  77.22  75.59  76.9  1589500  76.9
2013-09-17  75.45  76.02  75.02  75.96  1381400  75.96
2013-09-16  75.69  76.01  75.41  75.54  2170800  75.54
2013-09-13  74.51  75.05  74.38  74.75  890400  74.75
2013-09-12  75.46  75.5  74.38  74.51  872300  74.51
2013-09-11  75.44  75.6  74.66  75.42  1728600  75.42
2013-09-10  74.62  75.56  74.62  75.44  1805000  75.44
2013-09-09  73.93  74.26  73.36  74.09  1181100  74.09
2013-09-06  73.26  74.45  72.87  73.52  1431300  73.52
2013-09-05  73.01  73.55  72.86  73.26  1181500  73.26
2013-09-04  71.79  73.3  71.79  73.07  1400900  73.07
2013-09-03  72.04  72.52  71.04  71.72  1283500  71.72
2013-08-30  72.12  72.12  71.01  71.31  1322300  71.31
2013-08-29  72.04  72.33  71.72  71.85  1082300  71.85
2013-08-28  71.96  72.51  71.32  72.22  1090900  72.22
2013-08-27  72.8  73.1  71.96  72.03  1507900  72.03
2013-08-26  73.63  74.12  73.5  73.77  1768300  73.77
2013-08-23  72.94  73.61  72.55  73.58  1215700  73.58
2013-08-22  71.81  73.12  71.69  72.88  1055900  72.88
2013-08-21  72.12  72.16  71.53  71.67  1785400  71.67
2013-08-20  72.24  72.68  71.8  72.16  1469500  72.16
2013-08-19  72.95  73.07  72.06  72.09  1147200  72.09
2013-08-16  72.72  73.39  72.49  73.13  1706200  73.13
2013-08-15  72.1  72.95  71.65  72.69  1634300  72.69
2013-08-14  73.02  73.25  72.82  72.9  1628400  72.9
2013-08-13  73.4  73.69  72.84  73.42  1006700  73.42
2013-08-12  72.74  73.53  72.5  73.48  923100  73.48
2013-08-09  73.63  73.63  72.7  73.11  1294800  73.11
2013-08-08  73.51  73.79  73.03  73.54  1317600  73.54
2013-08-07  72.93  73.35  72.51  73.22  1346600  73.22
2013-08-06  73.61  74.1  72.93  73.06  1511900  73.06
2013-08-05  74.6  74.75  73.73  73.94  1220500  73.94
2013-08-02  75.08  75.65  74.41  74.61  1848500  74.61
2013-08-01  73.09  75.23  73.08  75.11  3025400  75.11
2013-07-31  72.62  73.01  72.18  72.3  1831100  72.3
2013-07-30  72.93  73.1  71.75  72.17  1830900  72.17
2013-07-29  72.49  72.96  72.25  72.48  1168200  72.48
2013-07-26  72.5  72.66  71.81  72.53  1457800  72.53
2013-07-25  73.1  73.12  72.22  72.68  2469700  72.68
2013-07-24  73.3  74.56  71.1  73.26  6425000  73.26
2013-07-23  76.24  76.24  75.35  75.43  1807300  75.43
2013-07-22  76.67  76.73  75.62  75.93  1457900  75.93
2013-07-19  76.22  76.72  76.03  76.62  1669500  76.62
2013-07-18  75.15  76.3  74.83  76.18  1704900  76.18
2013-07-17  75.28  75.88  74.78  75.04  1704600  75.04
2013-07-16  74.26  75.08  73.95  74.73  2041300  74.73
2013-07-15  73.71  74.56  73.71  74.21  1189500  74.21
2013-07-12  73.13  74.1  72.97  73.79  1569200  73.79
2013-07-11  73.21  73.65  72.91  73.54  1791500  73.54
2013-07-10  72.55  72.68  71.36  72.04  2443900  72.04
2013-07-09  71.99  73.16  71.96  73.0  2070800  73.0
2013-07-08  71.12  71.93  70.75  71.49  1349000  71.49
2013-07-05  71.06  71.41  70.25  70.97  1923200  70.97
2013-07-03  70.71  70.9  70.17  70.32  1530100  70.32
2013-07-02  71.12  71.95  70.45  70.89  2011200  70.89
2013-07-01  71.62  72.03  70.89  71.25  2028000  71.25
2013-06-28  71.93  72.32  71.27  71.29  3102300  71.29
2013-06-27  72.53  72.96  71.62  72.11  2396500  72.11
2013-06-26  71.89  72.85  71.34  71.98  2341900  71.98
2013-06-25  69.8  71.23  69.56  71.14  2338300  71.14
2013-06-24  70.76  70.78  68.95  69.14  3352000  69.14
2013-06-21  72.65  72.65  70.97  71.53  3510900  71.53
2013-06-20  73.05  73.29  71.69  72.1  3997900  72.1
2013-06-19  75.65  75.93  74.01  74.04  2070500  74.04
2013-06-18  75.15  75.88  74.95  75.59  1473600  75.59
2013-06-17  75.12  75.5  74.51  75.03  1440900  75.03
2013-06-14  75.22  75.96  74.7  74.74  1924600  74.74
2013-06-13  74.2  75.63  73.84  75.56  1576800  75.56
2013-06-12  75.88  76.0  74.14  74.23  1820000  74.23
2013-06-11  75.89  76.42  75.03  75.08  1996600  75.08
2013-06-10  76.49  76.59  75.84  76.52  2254200  76.52
2013-06-07  75.64  76.89  75.56  75.96  2275900  75.96
2013-06-06  74.06  75.37  72.67  75.37  1875000  75.37
2013-06-05  75.17  75.3  73.96  74.22  2526000  74.22
2013-06-04  75.52  76.12  75.05  75.56  1769500  75.56
2013-06-03  75.57  75.85  74.44  75.63  2036200  75.63
2013-05-31  75.89  77.16  75.12  75.15  2639800  75.15
2013-05-30  75.71  76.91  75.53  76.31  1895200  76.31
2013-05-29  75.59  76.37  75.14  75.45  2353800  75.45
2013-05-28  77.32  77.49  76.1  76.16  2185400  76.16
2013-05-24  75.82  76.34  75.36  76.18  1153900  76.18
2013-05-23  75.56  76.22  74.77  76.0  2460400  76.0
2013-05-22  78.6  78.68  76.18  76.37  3882600  76.37
2013-05-21  78.83  79.48  78.44  78.48  1179000  78.48
2013-05-20  78.73  79.28  78.32  78.75  1899000  78.75
2013-05-17  77.92  78.82  77.57  78.73  1324400  78.73
2013-05-16  78.45  78.68  77.52  77.84  2071600  77.84
2013-05-15  78.27  78.95  77.99  78.85  1571900  78.85
2013-05-14  76.94  78.56  76.55  78.55  1598500  78.55
2013-05-13  77.27  77.49  76.52  76.93  1115900  76.93
2013-05-10  77.19  77.53  76.89  77.53  1408200  77.53
2013-05-09  77.73  77.86  76.91  77.12  1478900  77.12
2013-05-08  76.78  77.64  76.31  77.62  1573100  77.62
2013-05-07  76.37  77.02  76.11  76.94  1865000  76.94
2013-05-06  76.29  76.92  76.16  76.36  1315800  76.36
2013-05-03  75.71  77.31  75.71  76.35  2223200  76.35
2013-05-02  73.98  75.18  73.49  75.04  1807200  75.04
2013-05-01  75.41  75.5  73.51  73.79  2319000  73.79
2013-04-30  74.51  75.66  74.12  75.48  2709800  75.48
2013-04-29  73.75  75.27  73.67  74.68  1665600  74.68
2013-04-26  73.94  74.3  73.39  73.66  1767800  73.66
2013-04-25  73.12  74.16  73.07  73.94  1934900  73.94
2013-04-24  74.34  74.34  71.81  73.04  2799300  73.04
2013-04-23  73.73  74.43  73.66  73.94  1398300  73.94
2013-04-22  72.88  73.61  72.26  73.18  1344000  73.18
2013-04-19  72.03  73.04  71.52  72.88  1737200  72.88
2013-04-18  72.09  72.42  71.25  72.01  1824200  72.01
2013-04-17  73.44  73.44  71.6  71.86  2225300  71.86
2013-04-16  72.82  74.13  72.52  73.97  1919100  73.97
2013-04-15  74.37  74.39  72.22  72.25  3155100  72.25
2013-04-12  74.84  76.12  74.46  74.88  2192900  74.88
2013-04-11  73.74  74.61  73.23  74.28  2032600  74.28
2013-04-10  72.86  73.94  72.76  73.93  1816800  73.93
2013-04-09  73.5  73.85  72.48  72.51  2612800  72.51
2013-04-08  72.58  73.6  72.48  73.47  1637000  73.47
2013-04-05  70.9  72.92  70.45  72.65  3132900  72.65
2013-04-04  72.55  72.77  71.45  72.01  4070300  72.01
2013-04-03  74.44  74.63  72.94  73.27  2420600  73.27
2013-04-02  74.65  75.39  74.1  74.34  1578100  74.34
2013-04-01  75.01  75.07  74.09  74.21  1655100  74.21
2013-03-28  74.58  75.48  74.14  75.15  1795900  75.15
2013-03-27  73.3  74.52  72.95  74.37  1590200  74.37
2013-03-26  72.97  73.85  72.82  73.85  1474200  73.85
2013-03-25  73.29  73.47  72.19  72.51  2461700  72.51
2013-03-22  73.12  73.59  72.59  72.78  2103300  72.78
2013-03-21  73.74  74.15  72.87  72.98  1997700  72.98
2013-03-20  73.86  74.34  73.71  74.11  1710600  74.11
2013-03-19  73.8  74.14  72.73  73.56  1436500  73.56
2013-03-18  72.97  73.91  72.86  73.23  1774700  73.23
2013-03-15  72.96  73.72  72.67  73.72  2775200  73.72
2013-03-14  72.68  73.18  72.21  73.18  1410500  73.18
2013-03-13  72.8  72.94  72.04  72.44  1773600  72.44
2013-03-12  73.12  73.43  72.29  72.61  1486300  72.61
2013-03-11  72.73  73.33  72.67  73.14  1749300  73.14
2013-03-08  71.98  73.05  71.98  72.89  2202700  72.89
2013-03-07  72.66  72.67  71.28  71.55  2507400  71.55
2013-03-06  73.59  73.81  72.18  72.53  1871200  72.53
2013-03-05  72.63  73.55  72.46  73.4  2617300  73.4
2013-03-04  71.67  72.54  71.38  72.41  2429700  72.41
2013-03-01  70.79  72.24  70.4  71.9  3252900  71.9
2013-02-28  71.03  71.94  70.8  71.22  2420200  71.22
2013-02-27  69.54  71.21  69.38  70.88  2927100  70.88
2013-02-26  69.78  69.87  69.05  69.55  1879200  69.55
2013-02-25  71.51  71.66  69.64  69.65  2690700  69.65
2013-02-22  69.9  71.47  69.6  71.28  2338200  71.28
2013-02-21  70.44  70.73  69.61  69.76  2548000  69.76
2013-02-20  71.28  71.58  70.33  70.44  2386200  70.44
2013-02-19  70.08  71.42  69.88  71.36  2465700  71.36
2013-02-15  70.04  70.05  69.37  69.71  1934800  69.71
2013-02-14  69.72  70.19  69.4  70.16  1497700  70.16
2013-02-13  69.96  70.93  69.72  70.08  2022600  70.08
2013-02-12  68.71  69.85  68.34  69.84  2820400  69.84
2013-02-11  67.45  68.92  67.42  68.8  2315000  68.8
2013-02-08  67.12  67.43  66.88  67.27  1178100  67.27
2013-02-07  67.45  67.45  66.47  67.05  2231900  67.05
2013-02-06  66.83  67.91  66.63  67.42  5516500  67.42
2013-02-05  67.5  67.5  66.93  67.13  1798500  67.13
2013-02-04  67.86  67.99  66.87  66.9  2098700  66.9
2013-02-01  67.52  67.94  67.22  67.85  2907600  67.85
2013-01-31  67.15  67.74  66.91  67.14  3953200  67.14
2013-01-30  68.95  68.97  67.12  67.16  2850400  67.16
2013-01-29  67.52  68.96  67.52  68.47  2646400  68.47
2013-01-28  67.97  68.1  67.31  67.71  2442700  67.71
2013-01-25  67.76  67.76  66.85  67.46  2121500  67.46
2013-01-24  66.34  67.72  66.24  67.6  3605100  67.6
2013-01-23  64.86  66.62  64.37  66.22  4520800  66.22
2013-01-22  64.5  65.01  64.06  64.8  3004000  64.8
2013-01-18  63.81  64.61  63.49  64.57  2554000  64.57
2013-01-17  63.7  63.97  63.4  63.84  2299700  63.84
2013-01-16  63.16  63.58  62.92  63.36  1746300  63.36
2013-01-15  62.71  63.47  62.52  63.37  2316300  63.37
2013-01-14  63.13  63.56  62.45  62.8  2292100  62.8
2013-01-11  62.85  63.12  61.71  61.99  2401600  61.99
2013-01-10  62.44  62.83  61.93  62.6  2356000  62.6
2013-01-09  62.25  63.14  62.08  62.68  2143400  62.68
2013-01-08  62.72  63.19  61.81  61.94  2745400  61.94
2013-01-07  63.05  63.11  62.23  62.76  2573400  62.76
2013-01-04  61.77  63.65  61.73  63.28  2779800  63.28
2013-01-03  60.65  62.44  60.65  61.43  2516800  61.43
2013-01-02  61.12  61.75  60.81  61.27  2395700  61.27
2012-12-31  58.87  59.9  58.76  59.86  2009900  59.86
2012-12-28  58.77  59.72  58.72  59.12  1625600  59.12
2012-12-27  59.54  59.69  58.65  59.26  1935100  59.26
2012-12-26  60.07  60.42  59.48  59.63  1412200  59.63
2012-12-24  60.53  60.55  59.8  60.01  1015600  60.01
2012-12-21  59.97  60.72  59.97  60.55  3707200  60.55
2012-12-20  60.21  60.98  59.83  60.96  3173900  60.96
2012-12-19  60.61  60.74  60.08  60.16  2435700  60.16
2012-12-18  59.68  60.66  59.64  60.44  8857300  60.44
2012-12-17  59.8  60.21  59.32  59.65  1991900  59.65
2012-12-14  59.16  60.1  59.16  59.4  2226300  59.4
2012-12-13  59.64  60.24  59.13  59.28  1791800  59.28
2012-12-12  59.89  60.3  59.48  59.56  2241200  59.56
2012-12-11  60.33  60.39  59.33  59.58  2248800  59.58
2012-12-10  59.55  60.11  59.48  60.1  1835800  60.1
2012-12-07  59.53  59.9  59.26  59.54  1585200  59.54
2012-12-06  59.68  59.85  58.88  59.42  1989600  59.42
2012-12-05  58.47  60.07  58.38  59.62  3760700  59.62
2012-12-04  57.54  58.42  57.53  58.28  3004200  58.28
2012-12-03  58.73  58.78  57.37  57.53  2469600  57.53
2012-11-30  58.58  58.65  58.08  58.45  3228500  58.45
2012-11-29  58.11  58.71  57.98  58.55  4095200  58.55
2012-11-28  56.72  57.87  56.3  57.8  3572900  57.8
2012-11-27  56.32  57.4  56.26  57.06  4038100  57.06
2012-11-26  55.68  56.52  55.6  56.39  2142100  56.39
2012-11-23  55.37  55.94  55.25  55.91  924300  55.91
2012-11-21  55.3  55.5  54.95  55.21  1819800  55.21
2012-11-20  56.06  56.06  54.68  55.09  3295600  55.09
2012-11-19  54.99  56.17  54.84  56.17  2932700  56.17
2012-11-16  55.19  55.29  54.26  54.54  3885700  54.54
2012-11-15  55.63  55.84  54.92  55.2  3443000  55.2
2012-11-14  56.69  56.93  55.45  55.67  3741000  55.67
2012-11-13  55.91  57.2  55.91  56.64  2833300  56.64
2012-11-12  56.23  56.75  56.09  56.2  3468600  56.2
2012-11-09  57.07  57.46  56.04  56.15  5314900  56.15
2012-11-08  58.08  58.26  57.22  57.25  5077100  57.25
2012-11-07  58.49  59.03  58.05  58.06  3976700  58.06
2012-11-06  59.22  59.67  58.91  59.53  4570700  59.53
2012-11-05  59.05  60.04  58.77  59.04  3520900  59.04
2012-11-02  59.6  60.53  59.18  59.18  4030700  59.18
2012-11-01  59.63  60.54  59.35  59.79  5165500  59.79
2012-10-31  60.77  60.88  59.32  59.39  4023400  59.39
2012-10-26  60.34  60.49  59.97  60.28  2891600  60.28
2012-10-25  58.81  60.3  58.81  60.09  4009400  60.09
2012-10-24  60.37  60.56  58.55  58.67  11507400  58.67
2012-10-23  63.45  63.75  62.65  63.39  2745400  63.39
2012-10-22  63.04  64.48  62.95  64.18  3350100  64.18
2012-10-19  63.88  63.93  62.94  63.04  3650000  63.04
2012-10-18  64.22  64.6  63.95  64.05  4619500  64.05
2012-10-17  65.09  65.17  63.56  64.54  3337700  64.54
2012-10-16  65.12  65.31  64.9  65.02  1706400  65.02
2012-10-15  64.62  64.99  64.1  64.93  1652200  64.93
2012-10-12  63.53  64.78  63.36  64.61  2800500  64.61
2012-10-11  63.8  64.15  63.33  63.34  2061000  63.34
2012-10-10  64.18  64.46  63.3  63.76  1494800  63.76
2012-10-09  64.58  64.82  63.86  64.29  1953600  64.29
2012-10-08  63.92  64.73  63.86  64.61  1590500  64.61
2012-10-05  63.9  64.35  63.78  64.25  2343200  64.25
2012-10-04  63.27  63.67  63.05  63.55  2270100  63.55
2012-10-03  62.89  63.31  62.21  63.0  3253100  63.0
2012-10-02  62.64  62.9  61.68  62.44  3951300  62.44
2012-10-01  61.47  62.26  61.25  61.89  4173500  61.89
2012-09-28  61.46  61.48  60.74  61.1  3930800  61.1
2012-09-27  62.45  62.55  61.6  61.63  3186000  61.63
2012-09-26  62.24  62.51  61.8  62.01  3327200  62.01
2012-09-25  63.87  63.87  62.49  62.49  2700200  62.49
2012-09-24  62.51  63.86  62.36  63.65  3570600  63.65
2012-09-21  63.84  63.84  62.37  62.42  6849200  62.42
2012-09-20  65.34  65.74  62.98  63.49  12189700  63.49
2012-09-19  69.65  70.48  69.01  69.81  2412500  69.81
2012-09-18  71.26  71.36  70.08  71.0  1526400  71.0
2012-09-17  71.54  71.63  70.95  71.28  1131900  71.28
2012-09-14  71.53  72.16  71.37  71.73  1476600  71.73
2012-09-13  71.31  71.93  70.36  71.57  1499100  71.57
2012-09-12  70.79  71.24  70.37  71.08  1122200  71.08
2012-09-11  69.57  70.88  69.52  70.6  1504900  70.6
2012-09-10  69.25  70.0  69.01  69.53  1669400  69.53
2012-09-07  69.16  69.29  68.75  69.07  1317600  69.07
2012-09-06  67.78  69.18  67.63  69.16  1820600  69.16
2012-09-05  68.12  68.25  66.94  67.3  2022200  67.3
2012-09-04  69.05  69.14  67.87  68.24  2152100  68.24
2012-08-31  70.12  70.37  69.47  69.58  1695600  69.58
2012-08-30  70.16  70.3  69.36  69.76  1503800  69.76
2012-08-29  70.67  70.83  70.19  70.74  1362600  70.74
2012-08-28  70.35  70.86  70.27  70.74  1255200  70.74
2012-08-27  70.74  71.04  70.35  70.46  863200  70.46
2012-08-24  70.51  70.87  70.29  70.68  1549600  70.68
2012-08-23  71.62  71.62  70.05  70.66  1861700  70.66
2012-08-22  71.86  71.94  71.33  71.71  1133200  71.71
2012-08-21  71.86  72.56  71.7  71.91  1025900  71.91
2012-08-20  71.99  72.19  71.52  71.86  936100  71.86
2012-08-17  71.95  72.34  71.86  72.12  1135700  72.12
2012-08-16  71.61  72.17  71.5  71.73  1353800  71.73
2012-08-15  70.87  71.92  70.86  71.75  996500  71.75
2012-08-14  71.76  71.84  70.98  71.15  897200  71.15
2012-08-13  71.46  71.51  70.97  71.33  874100  71.33
2012-08-10  70.65  71.62  70.3  71.6  1256300  71.6
2012-08-09  70.9  71.0  70.44  70.77  1473100  70.77
2012-08-08  71.26  71.88  71.15  71.36  1200200  71.36
2012-08-07  71.38  71.96  71.3  71.51  1468800  71.51
2012-08-06  71.52  71.73  71.24  71.28  1273900  71.28
2012-08-03  70.9  71.75  70.83  71.49  1494200  71.49
2012-08-02  69.67  70.06  69.05  70.02  1579500  70.02
2012-08-01  71.14  71.24  69.84  69.93  1362800  69.93
2012-07-31  70.66  71.55  70.61  70.64  2120800  70.64
2012-07-30  71.07  71.59  70.43  70.76  1547700  70.76
2012-07-27  70.11  71.77  70.01  71.25  2148500  71.25
2012-07-26  69.51  69.82  68.93  69.63  1859300  69.63
2012-07-25  68.33  69.36  67.94  68.39  2015900  68.39
2012-07-24  68.73  69.24  67.79  68.64  2049800  68.64
2012-07-23  68.71  69.12  67.95  68.86  1766700  68.86
2012-07-20  69.92  70.18  69.43  69.62  1896300  69.62
2012-07-19  70.61  71.42  70.49  70.76  2348400  70.76
2012-07-18  70.45  70.87  69.77  70.4  2382800  70.4
2012-07-17  70.29  70.87  69.56  70.48  2413900  70.48
2012-07-16  69.91  70.36  69.55  70.35  2172000  70.35
2012-07-13  68.48  70.29  68.48  70.29  1997200  70.29
2012-07-12  67.73  68.88  67.69  68.53  3124000  68.53
2012-07-11  67.86  68.9  67.66  67.98  2044100  67.98
2012-07-10  69.28  69.43  67.51  67.72  1687600  67.72
2012-07-09  68.47  69.14  68.4  68.75  1644300  68.75
2012-07-06  67.94  68.92  67.85  68.87  1676100  68.87
2012-07-05  68.38  68.9  68.06  68.59  1101400  68.59
2012-07-03  68.15  68.65  68.03  68.59  771400  68.59
2012-07-02  68.46  68.68  67.71  68.13  1745500  68.13
2012-06-29  67.97  68.46  67.75  68.46  1776300  68.46
2012-06-28  66.15  66.92  65.58  66.84  1688500  66.84
2012-06-27  66.33  66.82  65.86  66.54  1287600  66.54
2012-06-26  65.81  66.43  65.27  66.11  1888900  66.11
2012-06-25  66.06  66.17  65.03  65.57  2825300  65.57
2012-06-22  67.17  67.47  66.46  66.77  3228500  66.77
2012-06-21  68.45  68.84  67.76  67.86  3281000  67.86
2012-06-20  67.93  68.44  67.31  68.38  2209300  68.38
2012-06-19  68.04  68.44  67.53  68.02  2164500  68.02
2012-06-18  65.53  67.82  65.31  67.79  2460700  67.79
2012-06-15  65.63  66.06  65.25  65.79  3075800  65.79
2012-06-14  64.12  65.45  63.79  65.06  2103400  65.06
2012-06-13  63.8  64.86  63.4  64.07  2340600  64.07
2012-06-12  63.02  64.1  62.87  64.09  2049300  64.09
2012-06-11  64.05  64.15  62.7  62.88  2349600  62.88
2012-06-08  62.66  63.48  62.07  63.38  2071900  63.38
2012-06-07  63.27  64.09  62.73  62.96  3106600  62.96
2012-06-06  61.23  62.53  61.21  62.53  1940900  62.53
2012-06-05  60.61  61.09  60.23  60.73  1712000  60.73
2012-06-04  61.1  61.7  59.92  60.75  2473800  60.75
2012-06-01  61.37  62.3  61.25  61.33  3584300  61.33
2012-05-31  62.33  63.1  61.68  62.5  3821800  62.5
2012-05-30  62.96  63.05  62.22  62.33  2732100  62.33
2012-05-29  63.91  64.17  63.4  63.43  2746400  63.43
2012-05-25  64.51  64.59  63.25  63.37  1894600  63.37
2012-05-24  64.86  65.26  63.62  64.33  2200400  64.33
2012-05-23  63.64  65.12  63.18  64.95  2122100  64.95
2012-05-22  65.02  65.23  63.81  64.18  2294000  64.18
2012-05-21  62.06  64.38  62.06  64.3  2259600  64.3
2012-05-18  63.43  63.65  62.13  62.33  2553700  62.33
2012-05-17  64.95  65.36  63.08  63.16  2653100  63.16
2012-05-16  64.97  65.69  64.4  64.81  2924400  64.81
2012-05-15  64.85  65.39  64.5  64.76  1783900  64.76
2012-05-14  64.59  65.54  64.39  64.87  1819500  64.87
2012-05-11  64.71  66.04  64.71  65.28  2270300  65.28
2012-05-10  65.85  66.03  64.9  65.03  3290000  65.03
2012-05-09  66.45  66.82  65.15  65.24  4858500  65.24
2012-05-08  68.2  68.33  66.73  66.99  4926400  66.99
2012-05-07  68.07  69.15  68.07  68.67  1701400  68.67
2012-05-04  69.26  69.26  68.16  68.33  2923400  68.33
2012-05-03  70.5  70.89  69.47  69.61  1744500  69.61
2012-05-02  70.14  70.59  69.63  70.32  2077500  70.32
2012-05-01  69.14  70.98  69.07  70.53  2553400  70.53
2012-04-30  69.5  69.73  68.6  69.13  2265200  69.13
2012-04-27  69.64  69.92  68.74  69.55  2286900  69.55
2012-04-26  68.94  69.66  68.49  69.41  2368600  69.41
2012-04-25  68.27  69.64  68.05  69.11  4901700  69.11
2012-04-24  66.03  66.77  65.84  66.56  2887700  66.56
2012-04-23  65.05  65.89  64.64  65.78  3010000  65.78
2012-04-20  65.27  65.96  65.14  65.91  2831600  65.91
2012-04-19  65.82  66.31  64.68  65.12  3522700  65.12
2012-04-18  65.68  66.28  64.94  66.04  3213500  66.04
2012-04-17  64.98  65.81  64.57  65.45  2855700  65.45
2012-04-16  64.28  65.24  64.07  64.68  2532700  64.68
2012-04-13  64.06  64.62  63.76  63.92  2585800  63.92
2012-04-12  62.84  64.85  62.84  64.37  2822500  64.37
2012-04-11  62.72  63.33  62.53  62.72  2403400  62.72
2012-04-10  63.14  63.17  61.52  61.91  3567900  61.91
2012-04-09  63.58  63.78  63.06  63.23  2861800  63.23
2012-04-05  63.12  64.51  63.03  64.29  3999200  64.29
2012-04-04  62.53  63.76  62.53  63.49  4236600  63.49
2012-04-03  63.33  63.48  62.35  62.82  4351500  62.82
2012-04-02  62.24  63.99  62.01  63.53  3086200  63.53
2012-03-30  63.02  63.32  62.24  62.4  2825000  62.4
2012-03-29  61.93  62.79  61.47  62.72  3151000  62.72
2012-03-28  62.89  62.96  62.13  62.46  3681400  62.46
2012-03-27  62.7  62.98  62.28  62.84  3381800  62.84
2012-03-26  61.81  62.79  61.81  62.68  2739100  62.68
2012-03-23  61.63  61.86  61.0  61.09  3356700  61.09
2012-03-22  63.09  63.09  61.17  61.33  4278100  61.33
2012-03-21  63.63  63.98  63.31  63.7  2190300  63.7
2012-03-20  64.33  64.47  63.41  63.46  2854600  63.46
2012-03-19  65.1  65.44  64.46  64.74  2751500  64.74
2012-03-16  65.05  65.77  64.74  65.38  5423000  65.38
2012-03-15  61.13  65.4  60.76  64.96  8076900  64.96
2012-03-14  63.43  63.56  61.36  61.56  4353900  61.56
2012-03-13  63.1  63.59  62.59  63.55  2958000  63.55
2012-03-12  63.21  63.28  62.54  62.64  2773600  62.64
2012-03-09  63.48  63.74  62.61  63.01  2500100  63.01
2012-03-08  62.29  63.61  62.07  63.29  4535200  63.29
2012-03-07  62.95  62.95  61.85  61.87  4304100  61.87
2012-03-06  63.32  63.32  61.97  62.51  5800900  62.51
2012-03-05  64.53  65.16  63.42  64.15  3219700  64.15
2012-03-02  65.28  65.75  64.27  64.55  3429800  64.55
2012-03-01  65.26  65.72  64.83  65.37  3116600  65.37
2012-02-29  65.9  66.2  65.02  65.31  4850500  65.31
2012-02-28  67.12  67.3  65.77  65.94  4497400  65.94
2012-02-27  65.91  67.63  65.88  66.91  3912900  66.91
2012-02-24  65.41  66.69  65.41  66.38  3621000  66.38
2012-02-23  65.07  65.79  64.36  65.7  3331300  65.7
2012-02-22  65.08  65.77  64.59  64.88  3727000  64.88
2012-02-21  64.83  65.36  64.51  65.14  4640100  65.14
2012-02-17  65.01  65.73  64.88  65.22  4287900  65.22
2012-02-16  64.36  65.3  64.3  64.87  5179900  64.87
2012-02-15  66.93  67.25  64.03  64.3  6510300  64.3
2012-02-14  67.27  67.51  66.34  66.73  2609900  66.73
2012-02-13  68.28  68.62  66.62  67.35  2672600  67.35
2012-02-10  67.88  68.4  67.33  67.8  2810700  67.8
2012-02-09  69.01  69.28  68.27  68.56  2103300  68.56
2012-02-08  68.57  68.93  67.9  68.77  2786800  68.77
2012-02-07  68.25  68.85  67.54  68.57  3922400  68.57
2012-02-06  69.24  69.35  68.28  68.38  3112400  68.38
2012-02-03  69.42  70.14  69.07  69.77  3351200  69.77
2012-02-02  68.66  69.05  68.45  68.61  3201000  68.61
2012-02-01  68.7  69.63  68.52  68.89  4378200  68.89
2012-01-31  69.24  69.5  67.71  67.99  8481800  67.99
2012-01-30  68.29  69.42  67.9  68.91  5473300  68.91
2012-01-27  70.02  70.5  69.58  69.63  3443000  69.63
2012-01-26  70.92  71.4  70.12  70.51  3062800  70.51
2012-01-25  69.45  71.01  68.18  70.79  5402500  70.79
2012-01-24  70.84  71.38  70.21  71.08  3807300  71.08
2012-01-23  72.97  73.16  71.28  71.52  2543600  71.52
2012-01-20  73.6  73.66  72.12  72.76  2445900  72.76
2012-01-19  72.45  73.54  71.78  73.4  4088100  73.4
2012-01-18  71.57  72.21  71.07  71.88  2755100  71.88
2012-01-17  72.64  72.73  70.63  71.86  2828500  71.86
2012-01-13  72.97  72.97  70.62  72.04  2994300  72.04
2012-01-12  73.75  73.92  72.7  73.68  1946400  73.68
2012-01-11  73.07  73.72  72.9  73.45  2282000  73.45
2012-01-10  72.89  73.45  72.59  73.19  2426200  73.19
2012-01-09  71.51  72.17  70.79  71.98  2056800  71.98
2012-01-06  71.49  71.83  70.84  70.92  1506700  70.92
2012-01-05  70.87  71.9  70.06  71.34  2795600  71.34
2012-01-04  69.46  70.78  69.07  70.67  1933700  70.67
2012-01-03  69.68  70.39  69.27  69.49  2032300  69.49
2011-12-30  68.6  69.08  68.43  68.61  1050300  68.61
2011-12-29  67.61  68.68  67.61  68.6  1217100  68.6
2011-12-28  68.76  68.87  67.36  67.6  1283500  67.6
2011-12-27  68.53  68.96  68.25  68.52  669000  68.52
2011-12-23  68.16  68.72  67.91  68.52  920200  68.52
2011-12-22  67.81  68.13  67.41  68.07  1491900  68.07
2011-12-21  66.53  67.65  66.14  67.41  2084900  67.41
2011-12-20  66.11  67.09  66.11  66.73  2167500  66.73
2011-12-19  66.1  66.65  65.02  65.16  3799900  65.16
2011-12-16  66.46  66.85  65.33  65.75  5309400  65.75
2011-12-15  66.88  66.9  65.05  65.6  3079300  65.6
2011-12-14  66.82  66.92  65.69  65.94  4003900  65.94
2011-12-13  68.86  69.49  66.9  67.25  2397300  67.25
2011-12-12  69.04  69.27  68.16  68.82  1622500  68.82
2011-12-09  69.13  69.75  68.6  69.49  2254100  69.49
2011-12-08  69.82  70.17  68.59  68.78  2397400  68.78
2011-12-07  70.17  70.87  69.68  70.38  1929300  70.38
2011-12-06  71.38  71.65  69.9  70.5  2422100  70.5
2011-12-05  71.4  72.03  70.75  71.33  2022900  71.33
2011-12-02  70.82  71.55  70.49  70.64  2345900  70.64
2011-12-01  70.81  71.05  70.21  70.42  2859500  70.42
2011-11-30  70.78  71.57  70.39  71.14  3367500  71.14
2011-11-29  68.88  69.91  68.68  68.71  3000400  68.71
2011-11-28  68.51  68.93  68.15  68.78  3120400  68.78
2011-11-25  66.18  67.05  65.92  66.33  1662600  66.33
2011-11-23  66.82  66.91  66.06  66.25  2505700  66.25
2011-11-22  67.52  68.16  67.1  67.47  2976900  67.47
2011-11-21  68.13  68.5  66.98  67.53  3225500  67.53
2011-11-18  68.79  69.37  68.31  69.02  2892400  69.02
2011-11-17  69.17  69.44  67.59  68.43  3704800  68.43
2011-11-16  70.12  71.08  69.68  69.76  1782300  69.76
2011-11-15  70.35  71.45  69.93  70.97  1657500  70.97
2011-11-14  70.76  71.23  70.31  70.64  1464900  70.64
2011-11-11  70.32  71.76  70.32  71.28  2452200  71.28
2011-11-10  68.76  69.86  68.29  69.49  2484600  69.49
2011-11-09  68.28  68.7  67.5  67.76  2580800  67.76
2011-11-08  69.82  70.11  68.41  70.04  2580700  70.04
2011-11-07  69.27  69.86  68.29  69.53  2453900  69.53
2011-11-04  68.72  69.39  67.43  69.25  3591700  69.25
2011-11-03  69.68  69.75  68.55  69.59  2988100  69.59
2011-11-02  69.76  70.46  67.94  68.67  3051700  68.67
2011-11-01  66.39  69.11  65.72  68.06  4387900  68.06
2011-10-31  69.51  70.27  68.86  69.26  2741900  69.26
2011-10-28  69.67  70.68  69.05  70.19  3749200  70.19
2011-10-27  68.72  71.02  68.71  70.36  5424100  70.36
2011-10-26  65.82  66.04  64.59  65.31  3216300  65.31
2011-10-25  65.37  65.58  63.94  64.95  2076600  64.95
2011-10-24  66.46  66.57  65.61  66.07  3686800  66.07
2011-10-21  64.98  66.44  64.87  66.37  2143400  66.37
2011-10-20  63.38  64.82  63.38  64.4  2596200  64.4
2011-10-19  64.1  64.66  62.86  63.08  2963200  63.08
2011-10-18  62.07  64.73  61.96  64.09  2540000  64.09
2011-10-17  63.71  63.71  62.03  62.14  1706200  62.14
2011-10-14  63.24  63.93  62.82  63.82  1805500  63.82
2011-10-13  62.67  63.36  62.03  62.76  2322200  62.76
2011-10-12  63.03  64.11  62.53  63.13  2464000  63.13
2011-10-11  62.38  63.95  61.97  62.92  3060000  62.92
2011-10-10  61.84  63.17  61.57  63.14  2050300  63.14
2011-10-07  61.64  61.83  60.06  60.73  2799600  60.73
2011-10-06  58.87  61.3  58.4  61.27  3734500  61.27
2011-10-05  57.59  59.52  57.16  59.28  2443800  59.28
2011-10-04  55.15  57.97  53.9  57.81  4200000  57.81
2011-10-03  56.65  57.57  56.02  56.18  3581600  56.18
2011-09-30  58.41  58.64  57.12  57.12  3004300  57.12
2011-09-29  58.48  59.43  58.16  59.42  3131200  59.42
2011-09-28  59.51  59.66  57.36  57.46  2525100  57.46
2011-09-27  59.84  60.45  59.06  59.43  3332400  59.43
2011-09-26  58.15  58.72  56.84  58.62  2854300  58.62
2011-09-23  55.68  57.95  55.49  57.6  3621500  57.6
2011-09-22  56.43  58.58  55.61  56.58  6787900  56.58
2011-09-21  61.68  62.21  57.92  57.97  8745100  57.97
2011-09-20  63.86  65.07  63.13  63.23  2340100  63.23
2011-09-19  64.71  64.71  63.13  63.86  3187600  63.86
2011-09-16  65.53  66.27  65.26  65.92  4526400  65.92
2011-09-15  64.67  65.34  63.98  65.27  3748300  65.27
2011-09-14  62.78  64.33  61.12  63.94  3739400  63.94
2011-09-13  60.84  62.88  60.7  62.61  3580700  62.61
2011-09-12  59.71  60.68  59.1  60.62  3089500  60.62
2011-09-09  61.54  61.9  60.33  60.69  4404600  60.69
2011-09-08  61.95  62.8  61.75  62.23  4283300  62.23
2011-09-07  61.73  62.65  61.51  62.59  4213200  62.59
2011-09-06  59.1  60.93  58.46  60.88  4578700  60.88
2011-09-02  61.41  61.71  60.58  60.96  2849400  60.96
2011-09-01  63.39  64.23  62.48  62.58  2489600  62.58
2011-08-31  63.66  64.31  62.7  63.36  2718200  63.36
2011-08-30  61.97  63.66  61.81  63.29  3906200  63.29
2011-08-29  61.99  62.31  61.18  62.22  2090100  62.22
2011-08-26  59.71  61.06  58.14  61.02  3601300  61.02
2011-08-25  61.51  62.08  59.97  60.13  2847200  60.13
2011-08-24  60.38  61.36  59.64  61.25  2778500  61.25
2011-08-23  58.74  60.38  57.91  60.38  3446000  60.38
2011-08-22  60.17  60.51  58.34  58.56  4270100  58.56
2011-08-19  59.44  61.07  58.82  59.03  3645400  59.03
2011-08-18  62.21  62.24  59.37  60.14  4497500  60.14
2011-08-17  64.15  64.83  63.14  63.94  2382900  63.94
2011-08-16  64.35  64.72  63.16  63.86  3305900  63.86
2011-08-15  64.26  64.96  63.72  64.88  2007900  64.88
2011-08-12  64.41  65.04  63.39  63.82  3399900  63.82
2011-08-11  62.66  64.46  61.9  63.66  4802300  63.66
2011-08-10  62.8  64.5  61.68  62.45  6414900  62.45
2011-08-09  62.07  63.73  59.86  63.54  6109000  63.54
2011-08-08  61.85  63.1  60.69  60.76  6617900  60.76
2011-08-05  65.26  65.92  62.91  64.77  4166800  64.77
2011-08-04  66.5  67.07  64.44  64.46  4739300  64.46
2011-08-03  68.22  68.22  66.29  67.27  4273000  67.27
2011-08-02  69.23  69.88  67.79  67.9  3707500  67.9
2011-08-01  71.29  71.34  69.2  70.02  3199400  70.02
2011-07-29  70.52  70.84  69.2  70.45  2852000  70.45
2011-07-28  70.95  72.48  70.75  71.2  2850300  71.2
2011-07-27  71.1  72.96  70.73  70.84  5142200  70.84
2011-07-26  71.02  71.02  69.14  70.31  2359700  70.31
2011-07-25  70.24  71.55  70.09  71.15  1438900  71.15
2011-07-22  71.25  71.55  70.69  70.92  1161500  70.92
2011-07-21  70.29  71.75  70.29  71.33  1934800  71.33
2011-07-20  70.21  70.21  69.2  69.88  2142200  69.88
2011-07-19  68.69  69.51  68.49  69.45  1477200  69.45
2011-07-18  68.67  68.72  67.66  68.34  2125300  68.34
2011-07-15  69.2  69.2  68.0  68.78  1827100  68.78
2011-07-14  69.68  70.12  68.43  68.9  1826800  68.9
2011-07-13  69.3  70.25  69.04  69.43  1489900  69.43
2011-07-12  69.19  69.53  68.58  68.79  1987600  68.79
2011-07-11  69.56  69.77  69.17  69.49  1672800  69.49
2011-07-08  70.61  71.06  69.99  70.43  1841000  70.43
2011-07-07  71.73  71.85  70.91  71.65  2091800  71.65
2011-07-06  70.66  71.48  70.48  71.13  1790200  71.13
2011-07-05  71.41  71.47  70.51  70.69  2060500  70.69
2011-07-01  69.79  71.73  69.26  71.59  2896000  71.59
2011-06-30  69.07  70.56  69.01  69.73  2161300  69.73
2011-06-29  68.38  69.18  68.14  69.06  2705900  69.06
2011-06-28  67.49  68.07  67.05  67.96  1629500  67.96
2011-06-27  66.45  67.39  66.43  67.12  1570300  67.12
2011-06-24  67.33  67.57  66.56  66.7  2563900  66.7
2011-06-23  66.53  67.46  66.53  67.35  2907200  67.35
2011-06-22  67.88  68.85  67.8  68.12  2505200  68.12
2011-06-21  66.96  68.37  66.86  68.1  1867600  68.1
2011-06-20  65.37  67.0  65.37  66.64  2008300  66.64
2011-06-17  66.14  66.39  65.54  66.05  2444800  66.05
2011-06-16  66.19  66.38  64.84  65.34  2806900  65.34
2011-06-15  66.6  67.01  65.86  66.08  2687500  66.08
2011-06-14  66.46  67.57  66.39  67.11  2518300  67.11
2011-06-13  65.69  66.24  65.26  65.69  1642400  65.69
2011-06-10  66.32  66.61  65.41  65.49  2250300  65.49
2011-06-09  65.78  66.87  65.52  66.48  2058500  66.48
2011-06-08  66.12  66.14  65.47  65.64  2471800  65.64
2011-06-07  65.73  66.74  65.59  66.33  2435500  66.33
2011-06-06  65.61  66.37  65.36  65.49  2105200  65.49
2011-06-03  65.7  66.26  65.44  65.81  2149800  65.81
2011-06-02  66.01  67.17  65.97  66.65  2025700  66.65
2011-06-01  68.18  68.4  65.82  65.88  3156100  65.88
2011-05-31  68.04  68.37  67.38  68.22  2265200  68.22
2011-05-27  67.38  67.93  67.33  67.53  1602800  67.53
2011-05-26  66.38  67.1  66.03  67.01  2542100  67.01
2011-05-25  67.13  67.4  65.67  67.13  1840400  67.13
2011-05-24  66.84  67.03  65.95  66.24  1800600  66.24
2011-05-23  66.39  66.94  65.91  66.8  2075700  66.8
2011-05-20  67.45  67.65  66.79  67.25  1596200  67.25
2011-05-19  67.38  68.2  67.35  67.66  1738900  67.66
2011-05-18  65.83  67.23  65.44  67.11  1939100  67.11
2011-05-17  66.35  66.7  65.63  65.93  2683400  65.93
2011-05-16  66.44  67.16  66.31  66.42  1967700  66.42
2011-05-13  67.93  68.12  66.3  66.6  2369700  66.6
2011-05-12  67.95  68.23  67.16  67.92  1800000  67.92
2011-05-11  69.09  69.09  67.69  67.96  2416300  67.96
2011-05-10  68.8  69.3  68.41  69.07  1908400  69.07
2011-05-09  67.77  68.34  67.32  68.07  1708000  68.07
2011-05-06  68.18  68.4  67.56  67.89  2398300  67.89
2011-05-05  66.76  67.96  66.37  67.21  3120000  67.21
2011-05-04  68.46  68.94  67.13  67.29  3486300  67.29
2011-05-03  68.63  69.27  68.37  69.1  2130500  69.1
2011-05-02  69.05  69.42  68.59  69.06  2978100  69.06
2011-04-29  68.21  69.39  67.97  69.13  3575000  69.13
2011-04-28  66.61  68.83  65.73  68.38  6960900  68.38
2011-04-27  63.31  63.7  62.93  63.32  2529600  63.32
2011-04-26  62.23  63.39  62.07  63.33  2000000  63.33
2011-04-25  61.52  62.13  61.38  62.05  2092600  62.05
2011-04-21  62.01  62.4  61.23  61.34  2787900  61.34
2011-04-20  62.65  63.05  61.04  61.72  3464300  61.72
2011-04-19  62.02  62.43  61.77  62.25  2157800  62.25
2011-04-18  62.12  62.33  61.44  61.92  2556200  61.92
2011-04-15  62.19  62.94  61.95  62.7  2414700  62.7
2011-04-14  62.05  62.13  61.39  62.0  2721000  62.0
2011-04-13  62.9  63.12  62.44  62.79  1549400  62.79
2011-04-12  62.37  63.19  62.12  62.73  1659900  62.73
2011-04-11  62.77  63.03  62.37  62.63  1369200  62.63
2011-04-08  63.47  63.47  62.11  62.66  1961200  62.66
2011-04-07  63.34  63.69  62.87  63.06  1228500  63.06
2011-04-06  63.92  64.02  62.95  63.54  1588700  63.54
2011-04-05  64.14  64.16  63.52  63.64  1845800  63.64
2011-04-04  64.46  64.71  63.95  64.41  1431200  64.41
2011-04-01  64.46  64.79  64.02  64.16  1382400  64.16
2011-03-31  63.67  64.76  63.67  64.12  2126900  64.12
2011-03-30  64.76  64.79  63.8  63.86  2956800  63.86
2011-03-29  63.58  64.42  63.4  64.39  1978700  64.39
2011-03-28  63.62  63.87  63.35  63.66  1700400  63.66
2011-03-25  62.79  63.87  62.76  63.57  2271200  63.57
2011-03-24  61.93  62.75  61.89  62.71  2125500  62.71
2011-03-23  62.1  62.32  61.55  61.72  1919700  61.72
2011-03-22  62.85  63.39  62.17  62.29  2241900  62.29
2011-03-21  62.02  62.95  61.83  62.77  1986500  62.77
2011-03-18  61.91  62.12  61.08  61.35  3607000  61.35
2011-03-17  60.49  61.78  60.23  60.94  3587000  60.94
2011-03-16  60.6  60.75  59.19  59.55  3846400  59.55
2011-03-15  59.28  61.09  59.14  60.68  3508900  60.68
2011-03-14  60.95  61.33  60.14  61.03  3330000  61.03
2011-03-11  60.84  61.94  60.52  61.58  4716800  61.58
2011-03-10  60.14  60.58  59.24  60.12  3519300  60.12
2011-03-09  60.54  61.02  60.08  60.54  2094700  60.54
2011-03-08  60.18  60.91  59.93  60.78  2774700  60.78
2011-03-07  60.77  61.02  59.5  60.02  2720700  60.02
2011-03-04  60.82  60.86  59.89  60.44  2776600  60.44
2011-03-03  60.75  60.91  60.24  60.84  2842900  60.84
2011-03-02  59.93  60.82  59.83  60.31  2324800  60.31
2011-03-01  61.0  61.1  59.84  59.98  3658700  59.98
2011-02-28  60.24  60.78  60.06  60.7  3063200  60.7
2011-02-25  59.7  60.15  59.51  59.85  1917800  59.85
2011-02-24  58.9  59.67  58.48  59.34  3955600  59.34
2011-02-23  59.69  59.74  58.12  58.96  5796600  58.96
2011-02-22  59.5  60.26  59.25  59.61  4641000  59.61
2011-02-18  60.28  60.59  59.97  60.17  3136200  60.17
2011-02-17  60.15  60.55  59.86  60.35  2661900  60.35
2011-02-16  59.96  60.63  59.8  60.08  3055000  60.08
2011-02-15  59.57  59.83  59.47  59.67  2227400  59.67
2011-02-14  59.15  59.78  58.96  59.64  2465600  59.64
2011-02-11  57.97  59.55  57.97  59.33  2999200  59.33
2011-02-10  57.27  58.52  57.2  58.35  3505700  58.35
2011-02-09  56.8  57.64  56.76  57.5  2612500  57.5
2011-02-08  56.93  57.12  56.56  57.02  1977500  57.02
2011-02-07  56.86  57.22  56.56  56.93  2007000  56.93
2011-02-04  56.34  56.6  55.95  56.53  3027200  56.53
2011-02-03  56.37  56.81  56.18  56.31  3856500  56.31
2011-02-02  57.11  57.52  56.28  56.37  2775400  56.37
2011-02-01  56.75  57.22  56.62  57.13  3050000  57.13
2011-01-31  55.69  56.45  55.65  56.27  4333100  56.27
2011-01-28  57.33  57.48  55.38  55.53  5749800  55.53
2011-01-27  57.76  58.14  57.26  57.3  3013400  57.3
2011-01-26  57.84  58.52  57.09  57.69  5082500  57.69
2011-01-25  58.83  59.13  57.71  57.87  8380800  57.87
2011-01-24  58.52  59.34  58.44  59.14  3306100  59.14
2011-01-21  59.58  59.74  58.55  58.65  3202200  58.65
2011-01-20  59.08  59.36  58.35  59.02  3503800  59.02
2011-01-19  60.1  60.1  59.32  59.64  2688200  59.64
2011-01-18  60.37  60.57  59.58  60.04  2437500  60.04
2011-01-14  60.36  60.57  59.93  60.15  2214600  60.15
2011-01-13  60.21  60.69  59.96  60.4  1389900  60.4
2011-01-12  60.29  60.44  59.64  60.16  1746900  60.16
2011-01-11  60.7  60.7  59.43  59.74  3301300  59.74
2011-01-10  59.6  60.62  59.37  60.34  2964700  60.34
2011-01-07  58.85  60.08  58.85  59.82  4310200  59.82
2011-01-06  58.73  58.86  58.33  58.67  2600000  58.67
2011-01-05  57.93  58.77  57.93  58.6  2874200  58.6
2011-01-04  58.67  58.73  57.79  58.3  2261300  58.3
2011-01-03  58.17  59.01  58.17  58.61  3477900  58.61
2010-12-31  57.59  57.94  57.57  57.77  1132300  57.77
2010-12-30  57.73  57.97  57.49  57.7  1178200  57.7
2010-12-29  57.76  58.06  57.68  57.7  1156700  57.7
2010-12-28  57.83  57.89  57.37  57.67  1024100  57.67
2010-12-27  57.16  57.86  57.15  57.74  942100  57.74
2010-12-23  57.81  57.9  57.23  57.42  1337300  57.42
2010-12-22  57.73  57.91  57.29  57.64  1208400  57.64
2010-12-21  57.41  57.78  57.34  57.62  1497000  57.62
2010-12-20  57.86  57.88  57.08  57.29  1575200  57.29
2010-12-17  57.81  57.88  57.17  57.64  2652700  57.64
2010-12-16  57.55  57.99  56.93  57.93  1512900  57.93
2010-12-15  57.13  57.91  57.13  57.5  2040900  57.5
2010-12-14  57.49  57.97  57.13  57.35  2231700  57.35
2010-12-13  57.98  57.99  57.23  57.24  2005500  57.24
2010-12-10  57.76  57.82  57.36  57.65  1434100  57.65
2010-12-09  57.41  57.93  57.22  57.47  1436900  57.47
2010-12-08  57.85  57.96  56.89  57.07  2400400  57.07
2010-12-07  58.3  58.55  57.65  57.78  2469200  57.78
2010-12-06  57.71  57.91  57.29  57.67  1218000  57.67
2010-12-03  57.33  57.94  57.3  57.83  1398100  57.83
2010-12-02  56.6  57.84  56.6  57.47  2843200  57.47
2010-12-01  56.18  56.71  56.18  56.58  2944000  56.58
2010-11-30  55.5  55.94  55.11  55.34  2744000  55.34
2010-11-29  55.55  56.08  55.16  56.02  2207300  56.02
2010-11-26  55.5  56.38  55.48  55.95  1055400  55.95
2010-11-24  55.35  56.33  55.26  56.12  1915800  56.12
2010-11-23  55.53  55.66  54.44  54.84  2912200  54.84
2010-11-22  56.18  56.38  55.58  56.15  1518500  56.15
2010-11-19  56.1  56.46  55.91  56.45  2209500  56.45
2010-11-18  56.27  56.95  56.13  56.24  2385400  56.24
2010-11-17  55.21  55.67  54.81  55.49  3210200  55.49
2010-11-16  56.1  56.23  55.35  55.69  2379500  55.69
2010-11-15  56.34  57.29  56.33  56.4  1681100  56.4
2010-11-12  56.49  56.9  55.69  56.06  2049800  56.06
2010-11-11  56.69  57.22  56.48  56.99  1740000  56.99
2010-11-10  56.47  57.24  56.15  57.11  2077100  57.11
2010-11-09  57.43  57.61  56.56  56.73  2053600  56.73
2010-11-08  57.15  57.66  56.98  57.35  1536600  57.35
2010-11-05  57.49  58.23  57.1  57.3  2779300  57.3
2010-11-04  57.78  58.53  57.39  57.68  4515100  57.68
2010-11-03  57.33  57.54  56.53  57.14  2118300  57.14
2010-11-02  56.89  57.21  56.32  57.04  2148300  57.04
2010-11-01  56.62  57.49  56.19  56.48  2760900  56.48
2010-10-29  55.55  56.66  55.21  56.22  2862800  56.22
2010-10-28  56.07  56.09  54.41  55.58  4376800  55.58
2010-10-27  56.35  56.39  55.25  56.1  3589700  56.1
2010-10-26  56.39  57.31  56.24  56.87  2163900  56.87
2010-10-25  57.13  57.77  56.63  56.66  1974700  56.66
2010-10-22  56.35  56.82  56.23  56.78  1137600  56.78
2010-10-21  56.45  56.6  55.55  56.29  2277900  56.29
2010-10-20  55.56  56.93  55.5  56.57  2160800  56.57
2010-10-19  55.41  56.01  54.78  55.36  2549300  55.36
2010-10-18  56.41  56.45  55.97  56.22  1503400  56.22
2010-10-15  56.84  56.93  55.82  56.24  2341700  56.24
2010-10-14  56.88  56.88  55.91  56.49  2537100  56.49
2010-10-13  55.45  57.34  55.4  56.88  4924200  56.88
2010-10-12  55.19  55.19  54.0  54.61  3614600  54.61
2010-10-11  55.32  55.92  54.87  55.47  1586300  55.47
2010-10-08  54.44  55.48  54.21  55.35  2389300  55.35
2010-10-07  54.81  54.85  53.9  54.52  3008200  54.52
2010-10-06  54.4  54.7  53.99  54.56  3312500  54.56
2010-10-05  54.04  54.69  53.82  54.41  4465600  54.41
2010-10-04  53.86  54.42  52.95  53.37  2186500  53.37
2010-10-01  54.03  54.36  53.4  53.97  2614400  53.97
2010-09-30  55.1  55.59  54.1  54.41  2409600  54.41
2010-09-29  54.27  55.28  53.93  54.65  3690100  54.65
2010-09-28  54.65  54.67  53.57  54.53  2947700  54.53
2010-09-27  54.82  54.95  54.44  54.47  3187600  54.47
2010-09-24  53.17  54.85  53.17  54.75  2981200  54.75
2010-09-23  53.27  53.85  52.86  53.02  2069800  53.02
2010-09-22  54.06  54.31  53.42  53.88  2957600  53.88
2010-09-21  54.03  54.87  53.88  54.28  2527800  54.28
2010-09-20  53.62  54.21  53.43  53.88  2502100  53.88
2010-09-17  53.71  53.85  53.08  53.44  3206300  53.44
2010-09-16  53.76  54.0  53.2  53.43  1768900  53.43
2010-09-15  53.57  54.21  53.4  53.94  2137600  53.94
2010-09-14  54.06  54.33  53.71  53.74  2283300  53.74
2010-09-13  54.44  54.53  53.9  54.12  2376100  54.12
2010-09-10  53.13  53.95  53.13  53.81  2440800  53.81
2010-09-09  53.93  53.97  52.66  52.96  1974900  52.96
2010-09-08  52.77  53.62  52.66  53.38  2612800  53.38
2010-09-07  52.68  53.15  52.28  52.72  2565000  52.72
2010-09-03  52.58  53.6  52.45  52.95  2272500  52.95
2010-09-02  51.21  52.24  51.15  52.24  2199200  52.24
2010-09-01  49.68  51.38  49.6  51.22  3483300  51.22
2010-08-31  48.67  49.8  48.52  49.08  3493200  49.08
2010-08-30  49.79  50.24  48.91  48.96  1770100  48.96
2010-08-27  48.96  49.96  48.46  49.88  2262100  49.88
2010-08-26  48.84  49.39  48.42  48.51  2270600  48.51
2010-08-25  47.69  48.77  47.28  48.49  3527400  48.49
2010-08-24  48.21  48.57  47.12  48.18  3787200  48.18
2010-08-23  50.11  50.11  48.72  48.88  2617600  48.88
2010-08-20  49.52  49.88  48.78  49.78  2560300  49.78
2010-08-19  51.08  51.1  49.13  49.89  3030600  49.89
2010-08-18  50.75  51.5  50.35  51.29  2021100  51.29
2010-08-17  50.55  51.38  50.4  50.73  2480900  50.73
2010-08-16  49.61  50.1  49.37  49.88  1795000  49.88
2010-08-13  49.96  50.52  49.84  50.0  1696600  50.0
2010-08-12  49.61  50.39  49.38  50.21  2176600  50.21
2010-08-11  51.62  51.92  50.15  50.53  3195400  50.53
2010-08-10  52.23  53.02  51.83  52.78  2350500  52.78
2010-08-09  52.53  53.03  52.19  52.96  1998600  52.96
2010-08-06  52.49  52.84  51.31  52.17  2817400  52.17
2010-08-05  52.37  53.03  52.24  52.96  2077500  52.96
2010-08-04  52.42  52.83  52.23  52.68  2491000  52.68
2010-08-03  51.95  52.51  51.44  52.18  1971800  52.18
2010-08-02  52.1  52.3  51.42  52.25  2526600  52.25
2010-07-30  50.28  51.37  49.97  51.13  2253500  51.13
2010-07-29  51.34  51.52  50.46  50.82  3149900  50.82
2010-07-28  49.58  51.0  49.37  50.91  5759600  50.91
2010-07-27  52.22  52.38  51.03  51.36  3961200  51.36
2010-07-26  51.57  52.59  51.29  51.94  4370800  51.94
2010-07-23  49.7  51.47  49.59  51.3  5270100  51.3
2010-07-22  49.18  50.53  49.17  49.72  3692100  49.72
2010-07-21  49.34  49.39  47.85  48.29  3321100  48.29
2010-07-20  47.16  49.14  46.99  49.06  4252900  49.06
2010-07-19  48.78  48.84  47.74  48.1  3672800  48.1
2010-07-16  49.52  49.69  48.28  48.48  4347600  48.48
2010-07-15  49.97  50.13  49.09  50.0  3085900  50.0
2010-07-14  49.84  50.59  49.51  49.97  3817800  49.97
2010-07-13  50.12  50.99  49.62  50.24  8167700  50.24
2010-07-12  48.82  49.32  48.34  49.24  4187100  49.24
2010-07-09  48.08  48.99  47.64  48.89  5546500  48.89
2010-07-08  47.62  47.7  46.85  47.21  8140800  47.21
2010-07-07  46.09  47.12  45.87  47.03  8498900  47.03
2010-07-06  46.86  47.13  45.46  45.89  5546400  45.89
2010-07-02  48.01  48.16  46.12  46.26  5808600  46.26
2010-07-01  48.25  48.98  47.26  47.88  5716100  47.88
2010-06-30  48.52  49.26  48.05  48.2  4090300  48.2
2010-06-29  50.52  50.52  48.13  48.56  5458300  48.56
2010-06-28  51.8  52.06  51.2  51.43  1773100  51.43
2010-06-25  51.16  51.8  50.78  51.5  3063100  51.5
2010-06-24  52.02  52.04  50.84  51.09  2428000  51.09
2010-06-23  52.26  52.46  51.31  52.22  2617000  52.22
2010-06-22  54.39  54.53  52.0  52.22  3363700  52.22
2010-06-21  54.45  55.28  54.06  54.49  4853000  54.49
2010-06-18  53.34  53.7  53.14  53.69  3610200  53.69
2010-06-17  52.97  53.42  52.02  53.3  3418500  53.3
2010-06-16  52.59  53.47  52.51  52.96  4798300  52.96
2010-06-15  51.57  53.17  51.57  53.12  2965900  53.12
2010-06-14  52.16  52.34  50.99  51.05  2220400  51.05
2010-06-11  50.39  51.71  50.3  51.61  2177900  51.61
2010-06-10  49.69  51.08  49.69  51.03  3581200  51.03
2010-06-09  48.9  50.41  48.46  48.7  2996200  48.7
2010-06-08  47.63  48.64  47.25  48.47  3002200  48.47
2010-06-07  48.62  48.95  47.39  47.42  3348700  47.42
2010-06-04  50.41  50.74  48.24  48.52  4303000  48.52
2010-06-03  51.8  52.16  50.96  51.61  2698200  51.61
2010-06-02  50.39  51.55  49.88  51.51  3437200  51.51
2010-06-01  50.84  52.05  49.95  50.0  6398700  50.0
2010-05-28  51.66  51.84  50.66  51.3  2747400  51.3
2010-05-27  50.56  51.6  50.02  51.54  2538000  51.54
2010-05-26  49.91  50.85  49.6  49.97  2795900  49.97
2010-05-25  48.04  49.4  47.71  49.35  2949900  49.35
2010-05-24  49.59  50.52  49.36  49.4  2252900  49.4
2010-05-21  47.63  50.27  47.31  49.8  3747700  49.8
2010-05-20  49.67  50.16  48.28  48.53  3468700  48.53
2010-05-19  51.71  52.4  49.93  50.87  3431500  50.87
2010-05-18  53.24  53.31  51.43  51.89  2748800  51.89
2010-05-17  52.98  53.5  51.38  52.82  2212500  52.82
2010-05-14  53.77  54.09  52.55  52.96  2287100  52.96
2010-05-13  54.92  55.21  54.16  54.33  1999400  54.33
2010-05-12  54.13  55.35  53.82  55.18  2121800  55.18
2010-05-11  52.72  54.24  52.72  53.75  2832700  53.75
2010-05-10  53.22  53.45  52.0  53.42  3508100  53.42
2010-05-07  51.12  51.63  49.51  50.17  4769300  50.17
2010-05-06  52.75  53.38  47.19  51.23  4866400  51.23
2010-05-05  52.96  53.79  52.63  53.01  3226600  53.01
2010-05-04  54.36  54.5  53.37  53.89  3007600  53.89
2010-05-03  54.01  55.65  53.99  55.25  3149900  55.25
2010-04-30  54.67  55.24  53.53  53.6  2971900  53.6
2010-04-29  53.84  55.0  53.68  54.67  4304700  54.67
2010-04-28  52.95  53.97  52.51  53.46  5057700  53.46
2010-04-27  54.97  55.19  53.77  53.89  2900400  53.89
2010-04-26  55.04  55.35  54.82  55.19  1973400  55.19
2010-04-23  54.41  55.02  54.13  55.0  2923900  55.0
2010-04-22  53.93  54.74  53.26  54.69  2448900  54.69
2010-04-21  54.39  54.51  53.92  54.38  2266900  54.38
2010-04-20  54.12  54.71  53.88  54.38  1695800  54.38
2010-04-19  53.59  53.79  52.98  53.66  1605000  53.66
2010-04-16  54.56  54.74  52.92  53.73  2910500  53.73
2010-04-15  54.22  54.9  54.0  54.76  2565600  54.76
2010-04-14  54.03  54.75  53.67  54.32  3401700  54.32
2010-04-13  52.74  53.56  52.29  53.46  2902900  53.46
2010-04-12  52.29  52.77  51.97  52.75  2503500  52.75
2010-04-09  52.82  52.96  51.77  52.32  2643900  52.32
2010-04-08  51.87  52.91  51.84  52.82  4164100  52.82
2010-04-07  51.9  52.32  51.41  52.11  3886500  52.11
2010-04-06  51.78  52.19  51.6  52.03  2509200  52.03
2010-04-05  51.64  52.23  51.11  52.0  2602200  52.0
2010-04-01  50.82  51.5  50.82  51.49  2853800  51.49
2010-03-31  50.39  50.67  50.06  50.49  1945800  50.49
2010-03-30  50.37  51.04  50.32  50.77  3059800  50.77
2010-03-29  49.84  50.53  49.65  50.42  1796200  50.42
2010-03-26  49.71  49.75  48.93  49.54  1909200  49.54
2010-03-25  49.75  50.41  49.33  49.42  2887700  49.42
2010-03-24  49.72  49.72  48.91  49.38  2841400  49.38
2010-03-23  50.21  50.43  49.21  49.91  2933700  49.91
2010-03-22  49.72  50.33  49.28  50.05  2811500  50.05
2010-03-19  50.33  50.75  49.7  49.99  3175700  49.99
2010-03-18  49.71  50.61  49.67  50.3  2248900  50.3
2010-03-17  49.88  50.18  49.68  49.94  1742900  49.94
2010-03-16  49.43  49.88  49.26  49.81  2142400  49.81
2010-03-15  49.1  49.4  48.78  49.29  1277700  49.29
2010-03-12  49.5  49.5  48.77  49.19  1272100  49.19
2010-03-11  48.74  49.28  48.67  49.11  1878900  49.11
2010-03-10  48.79  49.18  48.17  48.67  1979600  48.67
2010-03-09  47.84  48.82  47.78  48.55  2369400  48.55
2010-03-08  47.99  48.23  47.49  47.86  1839300  47.86
2010-03-05  47.7  48.02  47.53  47.86  2668300  47.86
2010-03-04  47.0  47.68  46.98  47.4  2614400  47.4
2010-03-03  47.64  47.88  47.11  47.18  1834400  47.18
2010-03-02  47.9  47.97  47.41  47.62  1423400  47.62
2010-03-01  47.5  47.94  47.16  47.56  2915200  47.56
2010-02-26  46.64  46.73  46.11  46.46  2579400  46.46
2010-02-25  45.77  46.74  45.25  46.66  2563100  46.66
2010-02-24  45.93  46.23  45.67  46.18  1715300  46.18
2010-02-23  46.09  46.24  45.34  45.79  1997400  45.79
2010-02-22  46.29  46.41  45.91  46.2  1665500  46.2
2010-02-19  45.14  46.34  45.14  46.08  3290700  46.08
2010-02-18  44.62  45.49  44.47  45.4  2693600  45.4
2010-02-17  45.08  45.17  44.17  44.5  2253500  44.5
2010-02-16  44.06  45.1  43.72  45.07  2512100  45.07
2010-02-12  43.46  43.86  43.14  43.8  2419000  43.8
2010-02-11  42.33  44.2  42.25  43.89  3510200  43.89
2010-02-10  42.55  42.8  41.84  42.45  2391300  42.45
2010-02-09  42.71  43.14  42.4  42.59  1898500  42.59
2010-02-08  42.47  43.01  41.79  41.84  3128000  41.84
2010-02-05  42.22  42.72  41.72  42.55  3011500  42.55
2010-02-04  43.38  43.5  42.26  42.31  2929400  42.31
2010-02-03  43.9  44.49  43.59  43.77  1710700  43.77
2010-02-02  43.44  44.44  43.11  43.96  2867500  43.96
2010-02-01  42.42  43.52  42.42  43.14  2305800  43.14
2010-01-29  43.06  43.55  42.15  42.22  3038300  42.22
2010-01-28  44.8  44.81  42.9  43.15  4524100  43.15
2010-01-27  44.46  45.46  44.13  45.24  3019000  45.24
2010-01-26  44.59  45.3  44.3  44.63  2461000  44.63
2010-01-25  45.04  45.15  44.41  44.74  1600900  44.74
2010-01-22  45.22  45.67  44.46  44.55  2728300  44.55
2010-01-21  46.3  47.1  45.2  45.22  3712600  45.22
2010-01-20  46.66  46.73  45.67  46.43  3114800  46.43
2010-01-19  47.47  47.69  47.08  47.6  1779200  47.6
2010-01-15  47.87  47.87  46.93  47.35  2805900  47.35
2010-01-14  48.23  48.42  47.34  47.69  2677100  47.69
2010-01-13  48.48  48.65  47.83  48.45  1497600  48.45
2010-01-12  48.31  48.75  48.08  48.47  2466200  48.47
2010-01-11  49.1  49.1  48.2  48.65  1452500  48.65
2010-01-08  47.05  49.13  47.05  48.77  3042400  48.77
2010-01-07  47.56  47.58  46.76  47.15  3161500  47.15
2010-01-06  47.66  48.41  47.55  47.77  2116000  47.77
2010-01-05  47.16  48.11  47.1  47.91  1803900  47.91
2010-01-04  47.4  47.4  46.69  47.18  1884500  47.18
