Date  Open  High  Low  Close  Volume  Adj Close
2014-02-28  50.31  50.6  49.85  50.24  1181000  50.24
2014-02-27  49.64  50.44  49.64  50.36  1184300  50.36
2014-02-26  49.36  49.85  49.21  49.56  1250400  49.56
2014-02-25  49.54  49.67  48.66  49.24  2132900  49.24
2014-02-24  50.52  50.52  49.69  49.7  1852800  49.7
2014-02-21  51.18  51.23  50.38  50.42  1933200  50.42
2014-02-20  50.64  51.15  50.46  51.09  1425800  51.09
2014-02-19  51.05  51.49  50.63  50.67  2038100  50.67
2014-02-18  51.3  51.55  51.04  51.33  1828300  51.33
2014-02-14  50.54  51.4  50.45  51.33  1592600  51.33
2014-02-13  49.76  50.58  49.73  50.55  1619400  50.55
2014-02-12  49.12  50.5  49.12  50.23  3051600  50.23
2014-02-11  48.29  49.07  48.18  48.9  4272200  48.9
2014-02-10  48.46  48.5  48.03  48.21  1848100  48.21
2014-02-07  48.59  48.77  47.83  48.45  2212200  48.45
2014-02-06  47.21  48.42  47.16  48.32  3527700  48.32
2014-02-05  46.83  47.32  46.65  47.19  2135100  47.19
2014-02-04  46.95  47.07  46.39  46.78  2315100  46.78
2014-02-03  48.25  48.46  46.55  46.62  2358200  46.62
2014-01-31  48.18  48.84  47.77  48.35  1873300  48.35
2014-01-30  48.67  48.8  47.84  48.59  1976600  48.59
2014-01-29  48.36  48.86  47.82  48.43  3126400  48.43
2014-01-28  49.0  50.96  48.25  48.99  3535900  48.99
2014-01-27  48.78  49.08  48.03  48.42  2667100  48.42
2014-01-24  49.79  49.81  48.62  48.76  3209600  48.76
2014-01-23  50.54  50.61  49.93  50.16  1848000  50.16
2014-01-22  50.9  51.08  50.39  50.7  2034300  50.7
2014-01-21  51.57  51.58  50.42  50.75  2351700  50.75
2014-01-17  51.92  52.1  51.3  51.38  3290300  51.38
2014-01-16  51.63  51.95  51.49  51.82  1501500  51.82
2014-01-15  51.53  51.88  51.29  51.54  1576800  51.54
2014-01-14  51.46  51.72  50.82  51.57  2686400  51.57
2014-01-13  52.78  53.05  51.43  51.54  2298700  51.54
2014-01-10  52.88  52.99  52.38  52.95  1410700  52.95
2014-01-09  53.32  53.36  52.52  52.74  1684200  52.74
2014-01-08  52.77  53.4  52.44  53.07  2121300  53.07
2014-01-07  52.62  53.12  52.59  52.79  1725500  52.79
2014-01-06  52.92  53.0  52.2  52.53  1459600  52.53
2014-01-03  52.75  52.94  52.51  52.78  849000  52.78
2014-01-02  53.29  53.38  52.51  52.73  1604200  52.73
2013-12-31  53.49  53.81  53.19  53.38  1210900  53.38
2013-12-30  53.88  54.17  53.41  53.49  1167200  53.49
2013-12-27  53.55  54.13  53.41  54.0  1850700  54.0
2013-12-26  53.05  53.45  52.97  53.28  1089500  53.28
2013-12-24  52.23  53.12  52.07  52.95  856700  52.95
2013-12-23  51.96  52.23  51.68  52.06  1394500  52.06
2013-12-20  52.2  52.38  51.59  51.63  2018500  51.63
2013-12-19  51.26  52.31  51.15  52.03  1617300  52.03
2013-12-18  51.35  51.4  50.04  51.28  1961000  51.28
2013-12-17  51.59  51.69  50.58  51.15  1979700  51.15
2013-12-16  51.34  51.87  51.14  51.69  1827100  51.69
2013-12-13  50.92  51.36  50.9  51.23  1094800  51.23
2013-12-12  50.93  51.15  50.66  50.87  1077500  50.87
2013-12-11  52.51  52.51  51.03  51.1  1767600  51.1
2013-12-10  52.23  52.63  51.96  52.51  1591300  52.51
2013-12-09  51.83  52.3  51.83  52.15  1068400  52.15
2013-12-06  51.95  52.24  51.55  51.85  1288700  51.85
2013-12-05  51.11  51.69  50.98  51.5  1860300  51.5
2013-12-04  50.23  51.64  50.13  51.12  2124600  51.12
2013-12-03  50.32  50.95  49.98  50.2  1715600  50.2
2013-12-02  50.8  50.8  50.2  50.26  1307900  50.26
2013-11-29  50.91  51.07  50.07  50.71  1012400  50.71
2013-11-27  51.21  51.42  50.57  50.62  1273700  50.62
2013-11-26  51.18  51.3  50.82  51.03  1494300  51.03
2013-11-25  51.6  51.61  51.11  51.3  1113700  51.3
2013-11-22  52.03  52.2  51.12  51.61  1652800  51.61
2013-11-21  52.57  52.73  52.15  52.68  994400  52.68
2013-11-20  52.95  53.24  52.17  52.34  1235500  52.34
2013-11-19  52.6  53.27  52.51  52.84  1236300  52.84
2013-11-18  52.82  53.15  52.36  52.64  1231900  52.64
2013-11-15  52.85  53.44  52.7  53.24  1268100  53.24
2013-11-14  52.23  52.96  51.72  52.73  2436500  52.73
2013-11-13  52.46  52.6  51.67  52.03  4295900  52.03
2013-11-12  53.94  53.94  52.96  53.41  1177700  53.41
2013-11-11  54.25  54.25  53.84  54.09  1013500  54.09
2013-11-08  53.14  54.35  52.95  54.24  1543800  54.24
2013-11-07  53.88  53.92  53.04  53.14  1731700  53.14
2013-11-06  53.34  53.81  53.19  53.72  1553900  53.72
2013-11-05  52.64  53.37  52.2  53.15  1743100  53.15
2013-11-04  52.67  53.22  52.67  52.93  1869400  52.93
2013-11-01  51.54  52.83  51.45  52.39  2349900  52.39
2013-10-31  50.94  51.91  50.8  51.41  1818700  51.41
2013-10-30  51.14  51.3  50.71  51.03  1257800  51.03
2013-10-29  50.93  51.24  50.67  51.19  1566900  51.19
2013-10-28  50.9  51.16  50.58  50.78  919900  50.78
2013-10-25  51.0  51.09  50.75  51.05  1352400  51.05
2013-10-24  51.09  51.45  50.91  51.0  1206200  51.0
2013-10-23  50.66  51.03  50.08  50.83  1177800  50.83
2013-10-22  50.55  51.28  50.48  51.07  1632000  51.07
2013-10-21  50.84  51.13  50.03  50.38  1831200  50.38
2013-10-18  50.64  50.9  50.15  50.74  2703400  50.74
2013-10-17  49.63  50.59  48.96  50.44  2564900  50.44
2013-10-16  49.72  49.99  49.16  49.48  1904200  49.48
2013-10-15  48.9  49.94  48.9  49.14  2339200  49.14
2013-10-14  48.25  49.14  48.24  48.94  1302600  48.94
2013-10-11  48.01  48.75  47.96  48.59  1259000  48.59
2013-10-10  47.62  48.08  47.58  48.05  1976800  48.05
2013-10-09  47.87  47.87  47.04  47.25  1678600  47.25
2013-10-08  48.24  48.41  47.55  47.69  1334200  47.69
2013-10-07  47.96  48.5  47.67  48.21  1151100  48.21
2013-10-04  48.1  48.54  47.86  48.44  1360900  48.44
2013-10-03  48.5  48.78  47.85  48.11  1947400  48.11
2013-10-02  48.32  48.75  48.25  48.49  2198500  48.49
2013-10-01  48.55  49.27  48.4  48.62  1399900  48.62
2013-09-30  47.93  49.07  47.76  48.68  1755900  48.68
2013-09-27  48.63  48.68  48.02  48.46  1399000  48.46
2013-09-26  49.2  49.47  48.5  48.98  1721800  48.98
2013-09-25  49.73  49.75  49.14  49.14  1735400  49.14
2013-09-24  49.21  49.76  49.1  49.59  2684800  49.59
2013-09-23  49.5  49.81  49.16  49.17  3727300  49.17
2013-09-20  49.48  49.83  49.41  49.66  2995000  49.66
2013-09-19  50.27  50.53  49.49  49.49  2707200  49.49
2013-09-18  48.79  50.35  48.53  50.15  3559400  50.15
2013-09-17  48.46  49.42  48.42  48.77  2738500  48.77
2013-09-16  48.31  48.47  48.13  48.39  3050000  48.39
2013-09-13  47.64  47.78  47.36  47.62  1443000  47.62
2013-09-12  47.72  47.8  47.45  47.67  1688700  47.67
2013-09-11  47.23  48.07  47.05  47.99  1876900  47.99
2013-09-10  47.26  47.82  47.05  47.29  1410300  47.29
2013-09-09  46.17  47.1  46.14  47.0  1588300  47.0
2013-09-06  46.11  46.29  45.41  45.95  1761600  45.95
2013-09-05  45.68  46.18  45.66  45.94  1430300  45.94
2013-09-04  44.94  45.71  44.85  45.69  1088200  45.69
2013-09-03  45.36  45.75  44.84  45.03  1614700  45.03
2013-08-30  45.15  45.34  44.68  44.85  1748900  44.85
2013-08-29  44.81  45.46  44.7  45.07  1314500  45.07
2013-08-28  44.86  45.22  44.67  45.01  1555800  45.01
2013-08-27  45.08  45.24  44.75  44.89  2222300  44.89
2013-08-26  45.77  46.06  45.54  45.59  1239500  45.59
2013-08-23  45.9  46.03  45.48  45.66  1378100  45.66
2013-08-22  45.3  46.2  45.23  45.8  1201100  45.8
2013-08-21  45.65  45.71  44.91  45.08  1197200  45.08
2013-08-20  45.38  46.14  45.18  45.82  1649100  45.82
2013-08-19  46.18  46.24  45.39  45.52  1609900  45.52
2013-08-16  46.4  46.68  46.07  46.26  1704000  46.26
2013-08-15  46.57  46.74  46.17  46.56  1782500  46.56
2013-08-14  47.45  47.84  47.04  47.04  1888600  47.04
2013-08-13  48.16  48.29  47.22  47.46  2125400  47.46
2013-08-12  48.44  48.99  47.73  47.95  3265100  47.95
2013-08-09  46.82  48.95  46.8  48.52  4299700  48.52
2013-08-08  46.05  47.02  46.03  46.65  2180900  46.65
2013-08-07  45.72  46.06  45.4  45.59  1439500  45.59
2013-08-06  45.97  46.12  45.71  45.84  1641500  45.84
2013-08-05  46.48  46.48  45.95  46.03  1176800  46.03
2013-08-02  46.36  46.54  45.94  46.52  1572700  46.52
2013-08-01  46.5  46.75  46.24  46.47  1056100  46.47
2013-07-31  46.16  46.67  46.07  46.12  1980100  46.12
2013-07-30  46.15  46.39  45.65  46.13  1321300  46.13
2013-07-29  46.21  46.42  45.73  46.15  1645300  46.15
2013-07-26  45.66  46.27  45.54  46.25  1551600  46.25
2013-07-25  45.11  45.99  44.97  45.94  2018500  45.94
2013-07-24  45.61  45.61  44.79  45.19  2414800  45.19
2013-07-23  45.73  46.0  45.49  45.84  1697700  45.84
2013-07-22  45.12  45.63  45.12  45.42  1388800  45.42
2013-07-19  45.12  45.22  44.2  44.99  3217100  44.99
2013-07-18  44.65  45.56  44.51  45.0  2243800  45.0
2013-07-17  44.4  44.79  44.28  44.65  1406200  44.65
2013-07-16  44.78  44.86  43.75  44.13  1350900  44.13
2013-07-15  44.09  44.84  44.04  44.64  1112400  44.64
2013-07-12  44.83  44.95  43.96  44.24  1930100  44.24
2013-07-11  44.36  45.33  44.23  44.97  2832100  44.97
2013-07-10  44.18  44.33  43.15  43.53  2165900  43.53
2013-07-09  43.68  44.4  43.68  44.16  1844100  44.16
2013-07-08  43.5  43.72  43.08  43.26  1337300  43.26
2013-07-05  43.29  43.43  42.5  43.23  963200  43.23
2013-07-03  42.76  43.18  42.61  42.93  877600  42.93
2013-07-02  43.08  43.41  42.6  43.18  1634100  43.18
2013-07-01  43.06  43.56  42.94  43.22  1430700  43.22
2013-06-28  43.46  43.55  42.68  42.71  2244700  42.71
2013-06-27  43.33  43.96  43.33  43.46  1353300  43.46
2013-06-26  43.26  43.26  42.37  43.04  1656800  43.04
2013-06-25  42.62  42.91  42.06  42.7  1744500  42.7
2013-06-24  42.52  42.54  41.27  42.16  2347800  42.16
2013-06-21  43.43  43.69  42.79  43.01  2763300  43.01
2013-06-20  43.23  44.23  42.79  43.01  3213600  43.01
2013-06-19  43.74  44.29  43.62  43.84  1684700  43.84
2013-06-18  43.9  44.17  43.61  43.86  2371200  43.86
2013-06-17  43.99  44.33  43.7  43.97  2087100  43.97
2013-06-14  44.29  44.4  43.34  43.7  2172200  43.7
2013-06-13  42.58  44.43  42.58  44.22  3576300  44.22
2013-06-12  42.91  43.2  42.51  42.93  2497500  42.93
2013-06-11  42.71  43.06  42.48  42.65  1987600  42.65
2013-06-10  43.42  43.7  43.14  43.37  1741100  43.37
2013-06-07  43.61  43.94  43.0  43.49  1534400  43.49
2013-06-06  43.37  43.59  43.01  43.48  1551500  43.48
2013-06-05  43.87  44.18  43.31  43.34  1307600  43.34
2013-06-04  43.96  44.5  43.63  44.15  1700400  44.15
2013-06-03  43.65  44.1  43.3  43.95  1774900  43.95
2013-05-31  44.4  44.76  43.51  43.51  2471800  43.51
2013-05-30  44.79  45.03  44.54  44.62  1228500  44.62
2013-05-29  44.69  45.03  44.44  44.7  1841900  44.7
2013-05-28  44.68  45.3  44.5  45.11  2190100  45.11
2013-05-24  44.33  44.68  44.05  44.21  1160800  44.21
2013-05-23  44.4  44.86  44.2  44.67  1841500  44.67
2013-05-22  46.15  46.34  44.43  45.07  3562000  45.07
2013-05-21  45.16  46.33  45.15  46.04  2564200  46.04
2013-05-20  44.64  45.33  44.46  45.11  1716600  45.11
2013-05-17  44.25  44.9  44.18  44.74  1379600  44.74
2013-05-16  44.05  44.98  43.84  43.98  2192500  43.98
2013-05-15  43.95  44.38  43.53  44.21  1460000  44.21
2013-05-14  43.76  44.57  43.64  44.32  1320500  44.32
2013-05-13  44.18  44.25  43.71  43.88  984200  43.88
2013-05-10  44.45  44.71  43.92  44.33  1854500  44.33
2013-05-09  44.79  44.93  44.27  44.43  1549500  44.43
2013-05-08  44.17  45.29  43.96  44.84  1852100  44.84
2013-05-07  43.78  44.11  43.6  44.05  1310400  44.05
2013-05-06  43.98  43.99  43.46  43.65  1462600  43.65
2013-05-03  42.96  44.1  42.95  43.91  2389500  43.91
2013-05-02  42.09  42.67  41.7  42.43  1481500  42.43
2013-05-01  42.49  42.49  41.72  41.97  1536900  41.97
2013-04-30  41.92  42.66  41.48  42.64  2057100  42.64
2013-04-29  41.96  42.32  41.8  42.17  1817200  42.17
2013-04-26  42.35  42.48  41.72  41.83  1964900  41.83
2013-04-25  42.86  43.23  42.25  42.46  3034300  42.46
2013-04-24  41.53  42.85  41.46  42.7  3446700  42.7
2013-04-23  41.49  41.69  41.06  41.35  2398700  41.35
2013-04-22  41.52  41.59  40.67  41.38  2455700  41.38
2013-04-19  41.59  41.96  40.39  41.43  4157700  41.43
2013-04-18  41.83  41.96  40.67  41.28  3589200  41.28
2013-04-17  41.92  42.05  41.05  41.58  3082500  41.58
2013-04-16  42.3  42.46  42.0  42.42  1980400  42.42
2013-04-15  42.86  42.89  41.73  41.83  3752200  41.83
2013-04-12  43.87  44.11  42.95  43.32  1999100  43.32
2013-04-11  43.94  44.39  43.62  43.98  3074300  43.98
2013-04-10  43.64  44.06  43.27  43.97  2622400  43.97
2013-04-09  43.01  43.79  42.99  43.44  2390400  43.44
2013-04-08  42.73  42.96  42.29  42.95  1965200  42.95
2013-04-05  41.93  42.92  41.55  42.78  2504100  42.78
2013-04-04  42.24  43.13  42.03  42.52  2767300  42.52
2013-04-03  42.62  43.22  41.69  42.1  3774300  42.1
2013-04-02  44.25  44.72  42.48  42.67  3661000  42.67
2013-04-01  45.13  45.21  43.9  44.13  3244400  44.13
2013-03-28  44.89  45.39  44.53  45.11  2570300  45.11
2013-03-27  44.53  45.02  44.34  44.98  1921200  44.98
2013-03-26  44.58  45.01  44.42  44.96  3001100  44.96
2013-03-25  44.92  45.0  44.12  44.5  2710800  44.5
2013-03-22  45.08  45.21  44.58  44.75  2754700  44.75
2013-03-21  45.13  45.76  44.89  45.0  1697200  45.0
2013-03-20  45.09  45.53  44.66  45.35  2229400  45.35
2013-03-19  44.83  45.1  44.35  44.75  2328600  44.75
2013-03-18  44.43  45.09  44.43  44.85  2149400  44.85
2013-03-15  44.66  45.53  44.64  45.19  3527900  45.19
2013-03-14  44.74  45.05  44.24  45.02  4328600  45.02
2013-03-13  45.84  45.89  44.54  45.13  4185900  45.13
2013-03-12  46.11  46.54  45.71  45.91  2530600  45.91
2013-03-11  46.06  46.34  45.53  46.12  2985900  46.12
2013-03-08  45.53  46.42  45.42  46.21  2665600  46.21
2013-03-07  45.1  45.72  45.08  45.36  2351200  45.36
2013-03-06  44.28  45.45  44.21  45.08  3792600  45.08
2013-03-05  44.23  44.72  43.95  44.04  2767100  44.04
2013-03-04  43.3  43.68  42.65  43.66  3116000  43.66
2013-03-01  43.34  43.63  42.9  43.03  2626600  43.03
2013-02-28  43.6  44.23  43.38  43.69  2595800  43.69
2013-02-27  42.47  43.72  42.45  43.57  2301400  43.57
2013-02-26  42.7  42.83  42.09  42.52  2945000  42.52
2013-02-25  44.1  44.18  42.36  42.39  3033200  42.39
2013-02-22  43.78  44.12  43.44  43.81  2359200  43.81
2013-02-21  44.28  44.38  42.98  43.35  4741300  43.35
2013-02-20  46.11  46.29  44.45  44.56  3406600  44.56
2013-02-19  46.78  47.13  46.14  46.28  2253600  46.28
2013-02-15  46.77  46.84  46.48  46.66  1985800  46.66
2013-02-14  45.87  46.88  45.82  46.77  2881100  46.77
2013-02-13  45.78  46.18  45.57  46.03  2237600  46.03
2013-02-12  45.4  46.08  45.37  45.81  1516200  45.81
2013-02-11  45.2  45.65  45.09  45.45  1367400  45.45
2013-02-08  44.96  45.48  44.96  45.33  1197200  45.33
2013-02-07  45.45  45.5  44.62  44.88  3010200  44.88
2013-02-06  44.74  45.85  44.67  45.54  2938100  45.54
2013-02-05  44.85  45.04  44.64  44.83  2141900  44.83
2013-02-04  45.08  45.25  44.63  44.72  2107900  44.72
2013-02-01  45.07  45.71  44.79  45.56  2594300  45.56
2013-01-31  44.92  44.99  44.61  44.62  2422200  44.62
2013-01-30  45.58  45.71  44.82  44.9  2672900  44.9
2013-01-29  46.1  46.21  45.11  45.62  2732200  45.62
2013-01-28  46.33  46.33  45.37  45.76  3392700  45.76
2013-01-25  46.55  46.55  45.76  46.24  2058600  46.24
2013-01-24  46.66  46.87  46.16  46.33  2651700  46.33
2013-01-23  46.78  46.78  46.19  46.53  2294700  46.53
2013-01-22  46.18  46.9  45.96  46.65  3244100  46.65
2013-01-18  45.34  46.24  45.14  46.08  5357800  46.08
2013-01-17  44.71  45.46  44.42  45.23  3114500  45.23
2013-01-16  44.38  44.67  43.99  44.52  2765100  44.52
2013-01-15  43.95  44.74  43.93  44.67  2129500  44.67
2013-01-14  44.11  44.6  43.9  44.15  1811700  44.15
2013-01-11  44.02  44.13  43.73  44.06  1442400  44.06
2013-01-10  44.12  44.22  43.83  44.09  1893200  44.09
2013-01-09  43.74  43.97  43.68  43.88  1351200  43.88
2013-01-08  44.04  44.19  43.36  43.65  2448000  43.65
2013-01-07  43.71  44.49  43.52  44.1  2484500  44.1
2013-01-04  43.35  43.94  43.26  43.91  1839200  43.91
2013-01-03  43.42  43.9  43.15  43.34  2448000  43.34
2013-01-02  42.76  43.54  42.75  43.42  3100400  43.42
2012-12-31  41.06  41.9  41.02  41.85  2423300  41.85
2012-12-28  41.55  41.76  41.0  41.16  2431300  41.16
2012-12-27  42.35  42.47  41.32  41.84  2486600  41.84
2012-12-26  42.02  42.31  41.9  42.06  1951200  42.06
2012-12-24  41.68  42.02  41.68  41.86  906800  41.86
2012-12-21  41.81  41.95  41.44  41.85  3566300  41.85
2012-12-20  41.77  42.29  41.59  42.28  1984600  42.28
2012-12-19  42.07  42.12  41.58  41.78  2150700  41.78
2012-12-18  40.81  42.17  40.81  41.96  4070900  41.96
2012-12-17  40.74  41.15  40.5  41.12  2567900  41.12
2012-12-14  39.61  40.87  39.47  40.66  3476700  40.66
2012-12-13  39.7  40.12  39.41  39.61  1867700  39.61
2012-12-12  40.26  40.37  39.53  39.64  2701400  39.64
2012-12-11  39.38  40.37  39.38  40.15  3327400  40.15
2012-12-10  39.12  39.3  38.85  39.21  1639900  39.21
2012-12-07  39.25  39.41  38.71  39.16  1539000  39.16
2012-12-06  39.22  39.25  38.64  39.12  1762300  39.12
2012-12-05  39.27  39.55  38.68  39.24  2053100  39.24
2012-12-04  38.74  39.41  38.73  39.18  2112100  39.18
2012-12-03  39.78  39.88  38.68  38.73  2294100  38.73
2012-11-30  39.64  39.73  39.35  39.6  1658900  39.6
2012-11-29  39.48  40.25  39.17  39.46  2000800  39.46
2012-11-28  38.68  39.18  38.31  39.17  2002000  39.17
2012-11-27  39.35  39.73  38.87  38.92  1546100  38.92
2012-11-26  39.38  39.66  39.15  39.48  1172400  39.48
2012-11-23  39.34  39.7  39.18  39.56  692800  39.56
2012-11-21  38.9  39.34  38.7  39.12  950700  39.12
2012-11-20  38.78  38.99  38.45  38.78  1611000  38.78
2012-11-19  38.49  38.95  38.44  38.95  1644900  38.95
2012-11-16  37.81  38.23  37.34  37.92  2223400  37.92
2012-11-15  38.03  38.41  37.7  37.85  2004400  37.85
2012-11-14  38.77  38.91  37.91  38.03  1878400  38.03
2012-11-13  38.45  39.03  38.39  38.59  1916400  38.59
2012-11-12  39.19  39.19  38.71  38.85  758500  38.85
2012-11-09  38.41  39.58  38.36  38.98  2017500  38.98
2012-11-08  38.91  39.12  38.42  38.5  1566000  38.5
2012-11-07  39.25  39.29  38.6  39.0  2419100  39.0
2012-11-06  39.59  40.35  39.46  39.89  1682100  39.89
2012-11-05  38.92  39.57  38.86  39.38  1467700  39.38
2012-11-02  40.09  40.39  38.99  39.08  5362800  39.08
2012-11-01  38.78  40.26  38.75  39.94  2824700  39.94
2012-10-31  38.94  39.42  38.44  38.59  2090100  38.59
2012-10-26  38.79  39.11  38.37  38.68  1763900  38.68
2012-10-25  39.29  39.38  38.49  38.69  2039700  38.69
2012-10-24  38.92  39.07  38.62  38.94  2430200  38.94
2012-10-23  38.89  39.02  38.37  38.82  2228900  38.82
2012-10-22  39.03  39.89  38.89  39.54  3342200  39.54
2012-10-19  39.32  39.49  38.9  38.97  3708600  38.97
2012-10-18  38.45  39.62  38.09  39.43  3756500  39.43
2012-10-17  38.58  39.02  38.38  38.86  4829100  38.86
2012-10-16  37.84  38.51  37.65  38.34  2161500  38.34
2012-10-15  37.13  37.59  36.9  37.55  1581300  37.55
2012-10-12  37.48  37.6  36.93  37.1  1290100  37.1
2012-10-11  37.66  37.81  37.36  37.51  1431200  37.51
2012-10-10  37.9  38.01  37.3  37.37  1785200  37.37
2012-10-09  37.88  38.45  37.84  37.98  2361800  37.98
2012-10-08  36.85  37.82  36.73  37.82  2054100  37.82
2012-10-05  37.44  37.61  36.96  37.1  1209000  37.1
2012-10-04  36.76  37.45  36.76  37.18  1883500  37.18
2012-10-03  36.46  36.71  36.25  36.52  1334700  36.52
2012-10-02  36.98  37.11  36.25  36.37  1870400  36.37
2012-10-01  36.94  37.54  36.68  36.8  2127600  36.8
2012-09-28  36.7  36.9  36.52  36.79  1700200  36.79
2012-09-27  36.95  37.09  36.42  36.88  2307200  36.88
2012-09-26  36.67  37.01  36.25  36.63  2350800  36.63
2012-09-25  37.75  37.96  36.49  36.57  3427700  36.57
2012-09-24  37.51  37.87  37.2  37.67  2308900  37.67
2012-09-21  38.03  38.09  37.54  37.61  2910200  37.61
2012-09-20  37.36  37.82  36.95  37.82  2320100  37.82
2012-09-19  37.97  38.02  37.53  37.7  1978900  37.7
2012-09-18  37.81  37.99  37.05  37.94  3250400  37.94
2012-09-17  38.66  38.66  37.73  37.96  11148200  37.96
2012-09-14  38.69  38.98  38.43  38.81  9385200  38.81
2012-09-13  37.03  38.64  36.86  38.55  7389800  38.55
2012-09-12  37.39  37.62  36.78  37.15  2603500  37.15
2012-09-11  37.28  37.71  37.22  37.41  2093100  37.41
2012-09-10  37.21  37.63  37.18  37.27  2600200  37.27
2012-09-07  36.65  37.65  36.55  37.53  2534900  37.53
2012-09-06  35.47  36.35  35.43  36.28  2807100  36.28
2012-09-05  35.39  35.47  35.11  35.24  3304900  35.24
2012-09-04  35.9  36.02  35.32  35.35  3427800  35.35
2012-08-31  36.16  36.25  35.76  35.86  1933100  35.86
2012-08-30  36.21  36.21  35.77  35.91  1335900  35.91
2012-08-29  36.53  36.54  36.29  36.42  1644300  36.42
2012-08-28  36.51  36.73  36.36  36.48  1955900  36.48
2012-08-27  36.96  37.1  36.61  36.67  1811800  36.67
2012-08-24  37.14  37.16  36.67  36.86  2570500  36.86
2012-08-23  38.25  38.25  37.2  37.28  2188300  37.28
2012-08-22  38.24  38.65  38.03  38.62  1557300  38.62
2012-08-21  38.49  39.02  38.3  38.42  1440800  38.42
2012-08-20  38.0  38.45  37.86  38.31  1523200  38.31
2012-08-17  38.05  38.44  37.92  38.07  1357900  38.07
2012-08-16  37.69  38.21  37.59  38.06  1328800  38.06
2012-08-15  37.76  37.79  37.4  37.68  1273200  37.68
2012-08-14  38.39  38.61  37.64  37.79  1719600  37.79
2012-08-13  38.71  38.8  38.0  38.23  2009600  38.23
2012-08-10  38.69  38.93  38.33  38.82  2059900  38.82
2012-08-09  38.45  38.98  38.43  38.75  1444900  38.75
2012-08-08  38.53  38.83  38.42  38.63  1603900  38.63
2012-08-07  38.58  38.95  38.48  38.74  2070400  38.74
2012-08-06  37.71  38.54  37.58  38.31  1913600  38.31
2012-08-03  37.27  37.71  37.1  37.57  1958700  37.57
2012-08-02  36.81  37.36  36.15  36.65  2231200  36.65
2012-08-01  37.48  37.55  37.15  37.16  2404000  37.16
2012-07-31  36.8  37.51  36.67  37.34  3071000  37.34
2012-07-30  36.62  36.7  36.25  36.67  1857400  36.67
2012-07-27  35.84  36.95  35.59  36.65  3264000  36.65
2012-07-26  35.62  35.83  34.87  35.53  3161900  35.53
2012-07-25  35.52  35.77  35.01  35.07  1818800  35.07
2012-07-24  36.01  36.38  35.08  35.36  2124100  35.36
2012-07-23  35.84  36.28  35.24  36.05  2851000  36.05
2012-07-20  36.22  36.5  35.7  36.16  5310000  36.16
2012-07-19  36.17  36.73  35.82  36.41  3590600  36.41
2012-07-18  36.23  36.95  36.21  36.87  2062000  36.87
2012-07-17  36.44  36.59  36.06  36.46  2362100  36.46
2012-07-16  36.41  36.49  36.03  36.22  1815100  36.22
2012-07-13  35.98  36.69  35.98  36.59  1829000  36.59
2012-07-12  35.61  36.15  35.04  35.91  2186800  35.91
2012-07-11  36.0  36.37  35.79  35.99  1844400  35.99
2012-07-10  36.31  36.86  35.71  35.91  2675000  35.91
2012-07-09  36.54  36.6  36.19  36.44  1389200  36.44
2012-07-06  36.59  36.81  36.29  36.53  1846200  36.53
2012-07-05  36.89  37.33  36.67  37.01  1965200  37.01
2012-07-03  36.21  37.14  36.19  37.05  2011100  37.05
2012-07-02  36.12  36.38  35.46  36.07  2318300  36.07
2012-06-29  36.13  36.29  35.88  36.1  2851000  36.1
2012-06-28  34.67  35.37  34.55  35.33  2107600  35.33
2012-06-27  34.58  35.05  34.19  34.93  1760000  34.93
2012-06-26  34.16  34.57  34.1  34.42  2991800  34.42
2012-06-25  34.34  34.41  33.72  34.0  7914200  34.0
2012-06-22  35.42  35.58  34.75  34.81  8470300  34.81
2012-06-21  36.11  36.11  35.2  35.23  11346800  35.23
2012-06-20  36.18  36.44  35.78  36.05  2186300  36.05
2012-06-19  35.66  36.43  35.49  36.24  3230100  36.24
2012-06-18  35.24  35.41  34.82  35.4  2797700  35.4
2012-06-15  34.63  35.49  34.48  35.46  4055300  35.46
2012-06-14  34.01  34.61  33.7  34.45  3012200  34.45
2012-06-13  33.09  34.42  33.09  34.0  6566700  34.0
2012-06-12  34.15  34.38  33.68  34.05  4728900  34.05
2012-06-11  35.47  35.58  34.02  34.07  4232600  34.07
2012-06-08  34.94  35.14  34.49  35.1  2340500  35.1
2012-06-07  35.15  35.81  34.97  35.17  8381000  35.17
2012-06-06  34.1  34.7  34.02  34.67  3006400  34.67
2012-06-05  33.38  33.8  33.26  33.67  2826200  33.67
2012-06-04  33.69  33.84  33.03  33.63  4085700  33.63
2012-06-01  33.08  34.01  33.0  33.73  4572200  33.73
2012-05-31  33.83  33.97  33.08  33.72  2991100  33.72
2012-05-30  33.99  34.07  33.68  33.86  2346500  33.86
2012-05-29  34.45  34.87  34.09  34.52  2264400  34.52
2012-05-25  33.65  34.3  33.62  34.05  2928100  34.05
2012-05-24  34.0  34.14  33.29  33.69  4374900  33.69
2012-05-23  33.08  33.84  32.68  33.84  3400000  33.84
2012-05-22  33.22  33.93  33.06  33.37  4117300  33.37
2012-05-21  32.58  33.18  32.53  33.1  2996400  33.1
2012-05-18  33.01  33.16  32.28  32.43  3328700  32.43
2012-05-17  33.15  33.45  32.72  32.8  3181900  32.8
2012-05-16  33.93  34.31  33.07  33.07  3601300  33.07
2012-05-15  34.64  34.78  33.66  33.75  4171600  33.75
2012-05-14  34.41  34.8  34.03  34.62  2711300  34.62
2012-05-11  34.84  35.36  34.61  34.78  2252100  34.78
2012-05-10  35.48  35.67  34.83  34.94  2883500  34.94
2012-05-09  34.58  35.61  34.58  35.13  4537400  35.13
2012-05-08  35.12  35.28  34.65  35.22  2793700  35.22
2012-05-07  35.56  35.83  35.19  35.41  2773200  35.41
2012-05-04  36.26  36.33  35.53  35.67  2865000  35.67
2012-05-03  36.81  37.02  36.33  36.38  2075000  36.38
2012-05-02  36.91  36.99  36.47  36.77  2069400  36.77
2012-05-01  36.89  37.56  36.8  37.19  1916300  37.19
2012-04-30  36.94  37.08  36.7  36.97  1665500  36.97
2012-04-27  37.35  37.5  36.84  37.09  2322700  37.09
2012-04-26  36.87  37.34  36.68  37.25  1780500  37.25
2012-04-25  37.09  37.29  36.82  37.1  2374500  37.1
2012-04-24  36.78  37.03  36.42  36.68  2852000  36.68
2012-04-23  36.78  36.86  36.23  36.7  3940600  36.7
2012-04-20  37.94  38.02  37.16  37.41  5069300  37.41
2012-04-19  39.6  39.61  37.6  37.8  7786500  37.8
2012-04-18  39.74  40.02  39.63  39.79  2187400  39.79
2012-04-17  39.71  40.23  39.6  39.91  2120500  39.91
2012-04-16  39.54  39.92  39.14  39.3  3944800  39.3
2012-04-13  39.76  39.76  39.14  39.2  5597300  39.2
2012-04-12  38.91  39.98  38.91  39.84  2139600  39.84
2012-04-11  38.97  39.2  38.75  38.8  2329800  38.8
2012-04-10  38.6  39.07  38.05  38.38  3791100  38.38
2012-04-09  38.8  39.14  38.57  38.77  2661300  38.77
2012-04-05  39.7  40.14  39.22  39.31  2308600  39.31
2012-04-04  39.9  40.02  39.43  39.7  2770600  39.7
2012-04-03  40.88  40.97  39.98  40.38  3836300  40.38
2012-04-02  40.51  41.48  40.3  41.01  3896900  41.01
2012-03-30  40.8  40.91  40.07  40.5  2428900  40.5
2012-03-29  39.73  40.37  39.59  40.37  1831600  40.37
2012-03-28  40.42  40.62  39.62  40.12  2479600  40.12
2012-03-27  40.94  41.3  40.61  40.65  2083400  40.65
2012-03-26  40.71  40.94  40.39  40.92  2338100  40.92
2012-03-23  40.12  40.61  39.88  40.35  2382700  40.35
2012-03-22  40.25  40.28  39.51  40.1  2970600  40.1
2012-03-21  40.98  41.06  40.48  40.75  2823100  40.75
2012-03-20  41.45  41.45  40.62  40.98  4507900  40.98
2012-03-19  41.92  42.26  41.52  41.89  4070100  41.89
2012-03-16  41.86  41.86  41.05  41.36  4798400  41.36
2012-03-15  40.41  41.06  39.95  40.63  5698500  40.63
2012-03-14  40.73  41.7  40.71  41.06  3687100  41.06
2012-03-13  39.83  40.82  39.57  40.77  3628700  40.77
2012-03-12  39.43  39.94  39.35  39.57  2773400  39.57
2012-03-09  39.07  40.01  38.89  39.5  2167900  39.5
2012-03-08  39.02  39.22  38.56  38.94  1583800  38.94
2012-03-07  38.77  38.85  38.42  38.76  3926300  38.76
2012-03-06  39.12  39.16  38.42  38.63  3988800  38.63
2012-03-05  40.63  40.65  39.47  39.76  3062400  39.76
2012-03-02  40.89  41.19  40.61  40.74  1831300  40.74
2012-03-01  40.91  41.28  40.81  40.98  1817200  40.98
2012-02-29  41.17  41.37  40.48  40.7  2244600  40.7
2012-02-28  41.42  41.49  40.98  41.17  2854100  41.17
2012-02-27  40.63  41.34  40.46  41.28  2024600  41.28
2012-02-24  40.87  41.22  40.75  41.01  1784800  41.01
2012-02-23  40.73  40.81  40.25  40.79  2026600  40.79
2012-02-22  40.79  41.3  40.64  40.74  2867900  40.74
2012-02-21  41.3  42.25  41.14  41.48  3087500  41.48
2012-02-17  41.47  41.5  40.91  41.06  1801400  41.06
2012-02-16  40.43  41.27  40.12  41.27  2934800  41.27
2012-02-15  40.72  40.8  40.13  40.36  2257800  40.36
2012-02-14  41.01  41.1  40.06  40.55  3957800  40.55
2012-02-13  41.82  41.98  41.05  41.07  3280100  41.07
2012-02-10  41.9  41.9  41.07  41.58  3223800  41.58
2012-02-09  42.57  42.78  41.95  42.45  2192800  42.45
2012-02-08  42.5  42.7  42.21  42.37  2103100  42.37
2012-02-07  42.12  42.65  41.73  42.38  2378100  42.38
2012-02-06  42.26  42.47  41.94  42.2  3376100  42.2
2012-02-03  42.19  42.77  42.01  42.46  2651600  42.46
2012-02-02  41.98  42.19  41.61  41.66  2375000  41.66
2012-02-01  42.0  42.41  41.83  41.91  2365600  41.91
2012-01-31  41.76  42.07  41.24  41.6  3776700  41.6
2012-01-30  41.04  41.93  40.76  41.7  3366600  41.7
2012-01-27  40.5  41.87  40.25  41.61  3737000  41.61
2012-01-26  41.17  41.7  41.05  41.26  2980000  41.26
2012-01-25  40.44  41.25  40.07  40.9  3201300  40.9
2012-01-24  39.65  40.48  39.49  40.39  1898100  40.39
2012-01-23  40.15  40.38  39.84  40.11  1914500  40.11
2012-01-20  40.18  40.38  39.66  40.08  1999800  40.08
2012-01-19  39.9  40.32  39.88  40.11  2838200  40.11
2012-01-18  39.19  39.99  38.92  39.85  2693500  39.85
2012-01-17  39.64  39.74  39.07  39.26  2147800  39.26
2012-01-13  39.02  39.15  38.47  39.14  2331400  39.14
2012-01-12  39.5  39.69  39.04  39.52  2666500  39.52
2012-01-11  38.87  39.51  38.76  39.37  3619400  39.37
2012-01-10  38.83  39.09  38.52  38.88  2581100  38.88
2012-01-09  38.66  38.79  38.22  38.41  1918500  38.41
2012-01-06  38.31  38.52  37.77  38.49  3428200  38.49
2012-01-05  37.88  38.33  37.48  38.29  2190200  38.29
2012-01-04  37.78  38.39  37.58  38.22  2521300  38.22
2012-01-03  37.91  38.51  37.69  37.89  3128000  37.89
2011-12-30  36.87  37.26  36.87  37.0  1524100  37.0
2011-12-29  37.01  37.3  36.8  37.02  1995800  37.02
2011-12-28  37.46  37.64  36.74  36.99  2960700  36.99
2011-12-27  37.39  37.74  37.31  37.53  2190100  37.53
2011-12-23  37.24  37.49  37.0  37.48  1441500  37.48
2011-12-22  36.88  37.37  36.74  37.17  2279300  37.17
2011-12-21  36.99  37.06  36.01  36.66  3005500  36.66
2011-12-20  36.21  37.06  36.2  36.79  3285600  36.79
2011-12-19  36.4  36.44  35.28  35.41  2861900  35.41
2011-12-16  36.16  36.6  35.81  36.13  4272300  36.13
2011-12-15  36.22  36.44  35.2  35.78  4525100  35.78
2011-12-14  35.76  36.43  35.53  35.88  4368400  35.88
2011-12-13  37.2  37.61  35.75  35.97  4241500  35.97
2011-12-12  36.93  36.99  36.41  36.92  3200000  36.92
2011-12-09  36.97  37.81  36.85  37.63  2989500  37.63
2011-12-08  37.8  37.8  36.55  36.67  4192800  36.67
2011-12-07  37.87  38.31  37.35  38.15  8240100  38.15
2011-12-06  37.74  38.52  37.45  38.13  3517100  38.13
2011-12-05  38.07  38.22  37.59  37.89  3807700  37.89
2011-12-02  37.11  38.16  36.98  37.36  5630900  37.36
2011-12-01  36.27  36.85  36.13  36.57  4167900  36.57
2011-11-30  35.55  36.56  35.22  36.54  5819800  36.54
2011-11-29  34.19  34.57  33.66  34.13  3866700  34.13
2011-11-28  34.32  34.62  33.63  34.05  4788000  34.05
2011-11-25  32.66  33.38  32.66  32.96  1380300  32.96
2011-11-23  33.96  34.07  32.83  32.88  3818400  32.88
2011-11-22  34.67  34.91  34.05  34.47  2509300  34.47
2011-11-21  34.53  34.92  34.01  34.7  3328200  34.7
2011-11-18  35.54  35.82  35.11  35.36  2472900  35.36
2011-11-17  35.88  36.29  34.97  35.22  3769700  35.22
2011-11-16  36.13  36.8  35.97  36.05  2846800  36.05
2011-11-15  36.14  36.86  35.98  36.65  2077500  36.65
2011-11-14  36.61  36.71  36.1  36.39  2460400  36.39
2011-11-11  36.28  37.05  36.19  36.79  3363900  36.79
2011-11-10  35.43  35.92  34.99  35.56  3259900  35.56
2011-11-09  35.51  35.91  34.74  34.93  4548500  34.93
2011-11-08  36.29  36.69  35.95  36.67  3123200  36.67
2011-11-07  36.14  36.66  35.46  36.12  2871600  36.12
2011-11-04  35.41  36.35  35.09  36.15  3009700  36.15
2011-11-03  35.42  35.9  34.84  35.7  2778800  35.7
2011-11-02  35.19  35.55  34.65  35.07  4126800  35.07
2011-11-01  33.55  35.1  33.2  34.37  5843600  34.37
2011-10-31  35.78  35.95  34.99  35.01  4974500  35.01
2011-10-28  35.99  36.52  35.71  36.42  4121000  36.42
2011-10-27  35.55  36.92  35.41  36.5  6252300  36.5
2011-10-26  34.5  34.75  33.61  34.48  3486000  34.48
2011-10-25  34.73  34.84  33.84  33.88  4068700  33.88
2011-10-24  34.49  34.92  34.32  34.84  3219200  34.84
2011-10-21  33.82  34.34  33.61  34.1  3945800  34.1
2011-10-20  32.78  33.42  32.13  33.27  4431400  33.27
2011-10-19  32.94  32.94  32.16  32.33  3678500  32.33
2011-10-18  32.0  33.23  31.51  32.98  3732100  32.98
2011-10-17  32.98  33.1  31.82  32.03  3406700  32.03
2011-10-14  33.33  33.5  32.82  33.25  2199200  33.25
2011-10-13  32.62  32.99  32.02  32.81  2929900  32.81
2011-10-12  32.52  33.49  32.52  32.96  4639300  32.96
2011-10-11  31.61  32.44  31.55  32.14  4060900  32.14
2011-10-10  31.19  31.85  31.19  31.78  3126100  31.78
2011-10-07  31.64  31.69  30.24  30.46  4444300  30.46
2011-10-06  30.72  31.54  30.54  31.35  3587900  31.35
2011-10-05  29.23  30.68  28.99  30.64  3958400  30.64
2011-10-04  28.12  29.3  27.63  29.25  6100000  29.25
2011-10-03  29.09  29.63  28.46  28.64  5071200  28.64
2011-09-30  29.69  30.11  29.29  29.32  4250100  29.32
2011-09-29  30.32  30.56  29.41  30.08  4310100  30.08
2011-09-28  30.76  30.92  29.49  29.57  4075400  29.57
2011-09-27  30.78  31.55  30.51  30.66  3714800  30.66
2011-09-26  29.35  30.06  28.49  30.05  5225500  30.05
2011-09-23  28.65  29.52  28.58  28.94  5115600  28.94
2011-09-22  29.26  29.36  28.15  28.64  10240500  28.64
2011-09-21  31.19  31.42  30.16  30.17  4895500  30.17
2011-09-20  31.57  31.95  31.16  31.26  2693300  31.26
2011-09-19  31.18  31.65  30.67  31.52  2822300  31.52
2011-09-16  32.25  32.42  31.61  32.12  4012100  32.12
2011-09-15  31.76  32.25  31.46  32.15  3438800  32.15
2011-09-14  31.01  31.62  30.34  31.25  3293500  31.25
2011-09-13  30.34  31.0  30.03  30.85  3760900  30.85
2011-09-12  29.97  30.46  29.45  30.2  4493000  30.2
2011-09-09  30.89  31.15  30.12  30.37  4853000  30.37
2011-09-08  31.45  31.79  31.24  31.44  2721500  31.44
2011-09-07  30.98  31.87  30.88  31.84  3065700  31.84
2011-09-06  29.66  30.73  29.66  30.5  4849400  30.5
2011-09-02  31.74  31.79  31.02  31.23  3190300  31.23
2011-09-01  33.01  33.31  32.4  32.46  3736800  32.46
2011-08-31  33.49  33.56  32.74  33.07  4170700  33.07
2011-08-30  32.47  33.34  32.34  33.11  3352000  33.11
2011-08-29  32.02  32.77  31.79  32.73  2519100  32.73
2011-08-26  30.24  31.52  29.74  31.49  3987000  31.49
2011-08-25  31.36  31.54  30.4  30.47  3454000  30.47
2011-08-24  30.41  31.17  30.27  31.16  5002900  31.16
2011-08-23  28.96  29.9  28.74  29.89  3190700  29.89
2011-08-22  29.65  29.77  28.75  28.85  2962300  28.85
2011-08-19  28.93  30.02  28.86  28.88  3498200  28.88
2011-08-18  30.37  30.37  29.15  29.31  4825100  29.31
2011-08-17  31.44  31.81  30.93  31.07  2634800  31.07
2011-08-16  31.52  31.94  31.14  31.32  3205800  31.32
2011-08-15  31.51  31.9  31.38  31.89  2643600  31.89
2011-08-12  31.71  31.87  31.04  31.33  3327200  31.33
2011-08-11  30.06  31.45  29.63  31.19  6023100  31.19
2011-08-10  30.12  30.88  29.67  29.73  5983200  29.73
2011-08-09  30.19  31.13  28.92  31.12  9445300  31.12
2011-08-08  31.16  31.45  29.36  29.37  10879800  29.37
2011-08-05  32.57  32.91  31.03  32.03  6097700  32.03
2011-08-04  33.64  33.65  31.99  32.03  6078800  32.03
2011-08-03  34.27  34.55  33.38  34.22  4079600  34.22
2011-08-02  34.89  35.23  34.24  34.24  3680500  34.24
2011-08-01  36.2  36.29  34.87  35.25  3277300  35.25
2011-07-29  35.32  36.01  35.07  35.64  2853400  35.64
2011-07-28  35.74  36.24  35.57  35.67  2861500  35.67
2011-07-27  36.2  36.31  35.69  35.74  6013900  35.74
2011-07-26  37.19  37.19  36.21  36.4  3640700  36.4
2011-07-25  37.1  37.57  37.07  37.3  2640900  37.3
2011-07-22  37.28  37.91  37.26  37.67  3954300  37.67
2011-07-21  36.68  37.41  36.43  37.24  5275700  37.24
2011-07-20  36.3  36.8  36.02  36.48  2858900  36.48
2011-07-19  35.95  36.27  35.73  36.25  2648200  36.25
2011-07-18  36.11  36.28  35.56  35.67  2611500  35.67
2011-07-15  36.06  36.23  35.74  36.19  2608000  36.19
2011-07-14  36.56  36.85  35.66  35.96  3477700  35.96
2011-07-13  36.53  37.12  36.34  36.5  2378800  36.5
2011-07-12  36.37  36.78  36.29  36.34  2170200  36.34
2011-07-11  36.92  36.92  36.17  36.5  3947300  36.5
2011-07-08  37.61  37.73  37.02  37.51  2740000  37.51
2011-07-07  37.76  38.22  37.59  38.05  2584000  38.05
2011-07-06  37.74  37.74  37.16  37.41  3232100  37.41
2011-07-05  37.94  38.03  37.56  37.77  2563500  37.77
2011-07-01  37.74  38.17  37.49  38.1  2533000  38.1
2011-06-30  37.04  37.9  36.8  37.78  4113800  37.78
2011-06-29  36.61  37.34  36.57  36.88  3736900  36.88
2011-06-28  36.08  36.4  35.98  36.38  3036200  36.38
2011-06-27  35.82  35.92  35.48  35.85  3359900  35.85
2011-06-24  36.41  36.62  35.63  35.92  6031800  35.92
2011-06-23  36.12  36.46  35.43  36.32  4935900  36.32
2011-06-22  36.39  37.12  36.38  36.59  3859500  36.59
2011-06-21  36.35  36.71  36.27  36.61  7020300  36.61
2011-06-20  35.78  36.33  35.65  36.08  2800300  36.08
2011-06-17  36.19  36.25  35.42  35.82  3985000  35.82
2011-06-16  36.22  36.53  35.32  35.83  4701400  35.83
2011-06-15  37.45  37.73  36.05  36.14  7483000  36.14
2011-06-14  36.25  37.17  36.13  36.97  4239500  36.97
2011-06-13  35.83  36.47  35.59  35.83  3842200  35.83
2011-06-10  35.77  36.82  35.77  36.31  5955200  36.31
2011-06-09  35.87  36.28  35.83  36.02  2885800  36.02
2011-06-08  36.3  36.42  35.79  35.86  3525200  35.86
2011-06-07  36.55  36.87  36.35  36.36  2563600  36.36
2011-06-06  36.68  36.99  36.31  36.32  2703100  36.32
2011-06-03  36.72  37.26  36.61  36.69  2846500  36.69
2011-06-02  37.16  37.4  36.72  37.15  3734100  37.15
2011-06-01  38.2  38.2  37.07  37.18  4114300  37.18
2011-05-31  38.7  38.71  37.73  38.45  3103700  38.45
2011-05-27  38.24  38.52  37.99  38.22  2231700  38.22
2011-05-26  37.77  38.24  37.36  38.04  4258300  38.04
2011-05-25  37.94  38.24  37.71  37.94  3228800  37.94
2011-05-24  38.06  38.63  38.05  38.09  3814300  38.09
2011-05-23  37.44  37.88  37.36  37.73  3342000  37.73
2011-05-20  38.93  38.93  37.89  37.96  3614700  37.96
2011-05-19  39.22  39.31  38.52  38.9  2355600  38.9
2011-05-18  38.75  39.1  38.35  38.99  2910900  38.99
2011-05-17  38.94  39.19  38.26  38.65  3978200  38.65
2011-05-16  38.87  39.75  38.66  39.12  3513300  39.12
2011-05-13  40.29  40.32  38.91  39.01  3883300  39.01
2011-05-12  40.21  40.41  39.67  40.21  2918000  40.21
2011-05-11  40.72  40.72  40.02  40.19  3502900  40.19
2011-05-10  40.98  41.02  40.46  40.83  2190500  40.83
2011-05-09  40.31  41.05  40.21  40.82  2651100  40.82
2011-05-06  41.17  41.3  39.88  40.15  5984700  40.15
2011-05-05  40.86  41.28  40.34  40.59  3490300  40.59
2011-05-04  41.6  41.91  40.93  41.18  3649400  41.18
2011-05-03  41.37  41.87  41.15  41.85  6774300  41.85
2011-05-02  42.67  42.69  41.29  41.46  2691000  41.46
2011-04-29  42.23  42.68  41.8  42.64  2561000  42.64
2011-04-28  41.88  42.46  41.73  42.22  2210300  42.22
2011-04-27  42.26  42.26  41.13  42.03  3635800  42.03
2011-04-26  41.16  42.24  40.98  42.13  3400000  42.13
2011-04-25  41.21  41.5  40.63  40.96  2702700  40.96
2011-04-21  42.93  42.93  41.57  41.91  3028700  41.91
2011-04-20  42.15  42.46  41.77  42.21  3450800  42.21
2011-04-19  40.78  41.65  40.78  41.5  2450400  41.5
2011-04-18  40.5  40.79  40.14  40.67  2192600  40.67
2011-04-15  40.9  41.48  40.63  41.07  3100700  41.07
2011-04-14  40.46  40.97  40.44  40.84  2280200  40.84
2011-04-13  41.46  41.48  40.34  40.73  3683700  40.73
2011-04-12  41.41  41.81  40.92  41.06  4020600  41.06
2011-04-11  42.34  42.45  41.63  42.01  2976900  42.01
2011-04-08  43.27  43.48  41.93  42.15  3023100  42.15
2011-04-07  43.26  43.59  43.04  43.11  3973300  43.11
2011-04-06  43.25  43.41  43.09  43.26  2967600  43.26
2011-04-05  42.59  43.41  42.39  43.1  3114500  43.1
2011-04-04  42.01  42.68  42.0  42.56  2455300  42.56
2011-04-01  42.15  42.32  41.74  41.95  3088400  41.95
2011-03-31  42.15  42.33  41.77  41.79  3203100  41.79
2011-03-30  42.67  42.77  41.78  42.35  2710900  42.35
2011-03-29  41.69  42.39  41.48  42.34  2357400  42.34
2011-03-28  41.97  42.26  41.62  41.66  2138900  41.66
2011-03-25  42.03  42.26  41.8  41.95  1895800  41.95
2011-03-24  41.81  41.9  41.36  41.78  1904700  41.78
2011-03-23  41.08  41.71  40.86  41.5  2266500  41.5
2011-03-22  41.03  41.21  40.63  41.17  2226100  41.17
2011-03-21  41.36  41.44  40.87  41.13  2460600  41.13
2011-03-18  41.28  41.44  40.65  40.88  5371100  40.88
2011-03-17  41.03  41.28  40.46  40.76  4030100  40.76
2011-03-16  41.83  42.01  39.94  40.35  7306400  40.35
2011-03-15  40.82  42.37  40.73  41.96  9864900  41.96
2011-03-14  42.37  42.8  41.71  42.21  3920900  42.21
2011-03-11  40.31  42.5  40.31  42.43  5193300  42.43
2011-03-10  41.25  41.35  40.32  40.61  5325600  40.61
2011-03-09  42.34  42.48  41.21  41.71  3606100  41.71
2011-03-08  42.4  42.8  41.93  42.53  2412200  42.53
2011-03-07  43.23  43.41  42.2  42.24  6112500  42.24
2011-03-04  43.14  43.4  42.62  43.19  4711800  43.19
2011-03-03  42.73  43.28  42.55  43.22  4849900  43.22
2011-03-02  42.11  42.82  41.86  42.21  3750500  42.21
2011-03-01  43.32  43.67  41.98  41.99  3335800  41.99
2011-02-28  42.69  43.25  42.61  43.21  2555600  43.21
2011-02-25  42.51  42.78  41.83  42.27  2982200  42.27
2011-02-24  42.22  42.86  41.69  42.27  2766500  42.27
2011-02-23  42.4  43.13  41.68  42.25  4087700  42.25
2011-02-22  43.49  44.0  42.59  42.65  4069100  42.65
2011-02-18  44.06  44.36  43.59  43.91  2584100  43.91
2011-02-17  43.8  44.15  43.45  44.04  2574100  44.04
2011-02-16  43.94  44.35  43.6  43.79  2731400  43.79
2011-02-15  43.39  44.23  43.34  43.55  3010100  43.55
2011-02-14  43.03  44.03  43.01  43.44  2602700  43.44
2011-02-11  42.51  43.13  42.31  43.08  2901400  43.08
2011-02-10  42.22  42.89  42.02  42.61  2677000  42.61
2011-02-09  42.67  42.89  41.9  42.39  3919000  42.39
2011-02-08  43.4  43.57  42.4  42.9  3731800  42.9
2011-02-07  43.34  43.73  43.13  43.24  2679600  43.24
2011-02-04  43.45  43.7  42.48  43.22  3352000  43.22
2011-02-03  43.04  43.52  42.46  43.44  3969400  43.44
2011-02-02  42.39  43.8  42.12  43.08  4611300  43.08
2011-02-01  41.66  42.67  41.59  42.53  4091100  42.53
2011-01-31  40.85  41.48  40.83  41.36  5621500  41.36
2011-01-28  41.55  41.89  40.53  40.63  5882700  40.63
2011-01-27  42.1  42.1  40.38  40.9  5751800  40.9
2011-01-26  40.77  42.04  40.77  41.9  6451500  41.9
2011-01-25  40.13  40.72  39.8  40.49  4050600  40.49
2011-01-24  40.24  40.96  40.11  40.61  2985700  40.61
2011-01-21  40.59  40.83  40.04  40.14  8182300  40.14
2011-01-20  39.26  40.22  39.02  40.2  5277200  40.2
2011-01-19  40.6  40.71  39.32  39.45  4926400  39.45
2011-01-18  40.19  40.72  40.08  40.58  2968700  40.58
2011-01-14  40.14  40.31  39.73  39.82  3069100  39.82
2011-01-13  40.3  40.76  40.14  40.29  2791300  40.29
2011-01-12  40.53  40.77  39.97  40.3  3211900  40.3
2011-01-11  39.52  40.38  39.5  40.29  4475700  40.29
2011-01-10  39.52  39.79  38.9  39.42  4221000  39.42
2011-01-07  39.54  40.04  39.03  39.63  5602700  39.63
2011-01-06  39.86  40.1  39.47  39.56  2835100  39.56
2011-01-05  39.23  40.27  38.87  39.93  3852600  39.93
2011-01-04  39.88  40.1  38.57  39.49  4724300  39.49
2011-01-03  39.86  40.17  39.57  39.83  3071500  39.83
2010-12-31  39.92  40.07  39.35  39.48  2436000  39.48
2010-12-30  39.81  40.28  39.81  40.06  1805300  40.06
2010-12-29  39.98  40.17  39.82  39.87  2316500  39.87
2010-12-28  39.77  39.97  39.64  39.82  2169700  39.82
2010-12-27  39.74  39.92  39.43  39.7  1731000  39.7
2010-12-23  39.63  40.07  39.63  39.83  2436200  39.83
2010-12-22  39.86  39.94  39.54  39.77  3369700  39.77
2010-12-21  39.7  40.1  39.32  39.83  3882600  39.83
2010-12-20  39.96  40.04  39.46  39.58  4083800  39.58
2010-12-17  39.68  39.98  39.18  39.84  6991300  39.84
2010-12-16  38.08  39.74  37.89  39.63  10680400  39.63
2010-12-15  38.4  38.96  38.28  38.75  5173200  38.75
2010-12-14  38.19  38.68  38.12  38.6  7021300  38.6
2010-12-13  37.75  38.39  37.57  38.17  6524300  38.17
2010-12-10  37.07  37.47  36.71  37.43  3031300  37.43
2010-12-09  36.97  37.22  36.53  37.03  3797100  37.03
2010-12-08  37.05  37.52  36.47  36.82  5489200  36.82
2010-12-07  36.17  37.03  36.17  36.93  7834400  36.93
2010-12-06  35.64  35.73  35.32  35.51  7125400  35.51
2010-12-03  35.91  36.0  35.41  35.67  4228800  35.67
2010-12-02  35.01  36.03  35.01  35.98  4648200  35.98
2010-12-01  34.4  35.08  34.33  35.05  4124100  35.05
2010-11-30  33.27  34.31  33.25  33.73  4301500  33.73
2010-11-29  33.41  33.66  33.07  33.62  3311800  33.62
2010-11-26  33.65  33.68  33.41  33.55  1233200  33.55
2010-11-24  33.63  33.97  33.46  33.92  3622300  33.92
2010-11-23  33.8  33.8  33.29  33.51  3066400  33.51
2010-11-22  33.79  34.24  33.6  34.19  3028700  34.19
2010-11-19  33.82  34.17  33.52  33.92  4082600  33.92
2010-11-18  34.09  34.38  33.7  33.8  4029800  33.8
2010-11-17  33.9  34.45  33.62  33.64  4949400  33.64
2010-11-16  34.9  34.93  33.86  33.93  6064900  33.93
2010-11-15  35.99  36.05  35.16  35.17  2969000  35.17
2010-11-12  35.9  36.41  35.61  35.8  3787600  35.8
2010-11-11  35.94  36.38  35.8  36.32  2253400  36.32
2010-11-10  35.71  36.24  35.4  36.19  2954400  36.19
2010-11-09  36.12  36.58  35.56  35.67  3813700  35.67
2010-11-08  35.92  36.06  35.73  36.0  2620500  36.0
2010-11-05  35.17  36.47  35.17  36.1  4964700  36.1
2010-11-04  34.96  35.27  34.76  35.21  5102800  35.21
2010-11-03  34.82  34.82  33.87  34.44  3551900  34.44
2010-11-02  34.41  35.01  34.41  34.62  2788100  34.62
2010-11-01  34.31  34.69  33.93  34.14  2945900  34.14
2010-10-29  33.89  34.28  33.69  34.15  2297800  34.15
2010-10-28  33.78  34.05  33.65  33.92  2814700  33.92
2010-10-27  33.51  33.67  33.08  33.57  3291600  33.57
2010-10-26  33.64  34.02  33.4  33.85  2870000  33.85
2010-10-25  34.18  34.4  33.86  34.19  3553900  34.19
2010-10-22  34.09  34.18  33.69  33.85  3429000  33.85
2010-10-21  35.02  35.12  33.39  33.86  8120100  33.86
2010-10-20  34.56  35.29  34.56  35.19  3214100  35.19
2010-10-19  34.67  35.3  34.27  34.42  3867400  34.42
2010-10-18  34.87  35.36  34.68  35.31  2319100  35.31
2010-10-15  35.65  35.75  34.74  35.08  8579400  35.08
2010-10-14  35.88  35.97  35.09  35.42  3790200  35.42
2010-10-13  36.08  36.08  35.63  35.88  3586900  35.88
2010-10-12  35.65  35.91  35.33  35.64  3222400  35.64
2010-10-11  35.78  36.13  35.6  35.82  2239800  35.82
2010-10-08  34.78  35.79  34.78  35.67  3570300  35.67
2010-10-07  35.74  35.75  34.53  34.84  3896800  34.84
2010-10-06  35.34  36.03  35.3  35.59  3887900  35.59
2010-10-05  34.81  35.38  34.66  35.33  3699000  35.33
2010-10-04  34.53  34.66  34.18  34.45  3765800  34.45
2010-10-01  34.51  34.74  34.24  34.74  3526900  34.74
2010-09-30  34.47  34.68  33.99  34.14  3418600  34.14
2010-09-29  33.74  34.44  33.65  34.31  3750100  34.31
2010-09-28  33.43  34.03  33.04  33.98  4321700  33.98
2010-09-27  33.31  33.39  33.03  33.23  3056600  33.23
2010-09-24  33.18  33.43  32.94  33.31  3142800  33.31
2010-09-23  33.15  33.32  32.68  32.75  4822400  32.75
2010-09-22  33.66  34.24  33.38  33.49  4332900  33.49
2010-09-21  34.15  34.18  33.46  33.69  8789600  33.69
2010-09-20  33.96  34.36  33.72  34.31  3528800  34.31
2010-09-17  34.52  34.64  34.12  34.29  3206500  34.29
2010-09-16  34.52  34.98  34.42  34.47  3473300  34.47
2010-09-15  34.64  34.88  34.54  34.76  3623300  34.76
2010-09-14  34.78  35.45  33.68  34.88  6728600  34.88
2010-09-13  35.81  36.19  35.81  35.99  2187500  35.99
2010-09-10  35.34  35.71  35.06  35.48  1732500  35.48
2010-09-09  36.2  36.2  35.06  35.25  3022800  35.25
2010-09-08  34.91  35.8  34.84  35.43  3567600  35.43
2010-09-07  34.08  35.16  33.99  34.85  4104500  34.85
2010-09-03  34.42  34.47  33.9  34.23  2966100  34.23
2010-09-02  33.61  34.02  33.32  34.02  1935600  34.02
2010-09-01  33.03  33.69  32.93  33.6  3012900  33.6
2010-08-31  32.29  32.95  32.22  32.55  3036400  32.55
2010-08-30  32.74  33.18  32.45  32.45  2604900  32.45
2010-08-27  32.43  32.99  32.19  32.97  3039500  32.97
2010-08-26  32.72  32.87  32.16  32.2  2999900  32.2
2010-08-25  32.21  32.58  31.6  32.46  8353900  32.46
2010-08-24  33.07  33.15  32.39  32.46  4952600  32.46
2010-08-23  34.09  34.15  33.41  33.42  2847400  33.42
2010-08-20  33.89  34.01  33.63  33.96  2534900  33.96
2010-08-19  34.76  35.11  33.95  34.11  2837700  34.11
2010-08-18  34.76  35.09  34.47  34.82  2480200  34.82
2010-08-17  34.22  35.12  34.22  34.8  2843400  34.8
2010-08-16  33.65  34.14  33.48  34.0  1881100  34.0
2010-08-13  33.9  34.03  33.64  33.71  1993200  33.71
2010-08-12  33.62  34.32  33.48  34.13  2865900  34.13
2010-08-11  34.57  34.69  33.94  33.95  3107400  33.95
2010-08-10  35.0  35.41  34.52  35.14  2791600  35.14
2010-08-09  35.46  35.54  35.12  35.42  1551000  35.42
2010-08-06  35.05  35.71  34.89  35.39  3078900  35.39
2010-08-05  35.49  35.51  35.02  35.39  2415800  35.39
2010-08-04  35.48  35.71  35.16  35.67  2313300  35.67
2010-08-03  35.54  35.84  35.09  35.28  3184300  35.28
2010-08-02  35.15  35.76  35.01  35.64  2310400  35.64
2010-07-30  34.27  34.77  34.19  34.64  2608600  34.64
2010-07-29  35.24  35.45  34.36  34.66  2861100  34.66
2010-07-28  34.98  35.4  34.86  35.0  2791200  35.0
2010-07-27  35.88  35.93  34.65  35.23  3945300  35.23
2010-07-26  35.2  35.56  34.97  35.5  3228000  35.5
2010-07-23  35.4  35.4  34.39  35.26  5863800  35.26
2010-07-22  35.39  35.99  34.78  35.11  4412900  35.11
2010-07-21  35.52  35.76  34.34  34.62  4570300  34.62
2010-07-20  33.63  35.32  33.59  35.24  4047600  35.24
2010-07-19  33.95  34.25  33.71  34.03  2578400  34.03
2010-07-16  34.49  34.49  33.64  33.71  3872100  33.71
2010-07-15  34.99  34.99  34.17  34.76  3305200  34.76
2010-07-14  34.89  35.08  34.19  34.87  3892400  34.87
2010-07-13  34.72  34.92  34.43  34.7  2781800  34.7
2010-07-12  35.01  35.01  34.0  34.23  3633000  34.23
2010-07-09  34.6  35.33  34.53  35.06  2693400  35.06
2010-07-08  34.91  34.92  34.01  34.62  4634900  34.62
2010-07-07  33.0  34.59  32.86  34.58  5371800  34.58
2010-07-06  33.55  33.92  32.71  33.08  4605700  33.08
2010-07-02  33.64  33.69  33.02  33.03  3749100  33.03
2010-07-01  33.92  34.44  33.06  33.42  6919700  33.42
2010-06-30  34.01  34.71  33.79  33.88  4621700  33.88
2010-06-29  34.96  35.06  33.88  34.06  7586400  34.06
2010-06-28  36.31  36.31  35.49  35.53  4063400  35.53
2010-06-25  35.67  36.25  35.13  36.11  5737800  36.11
2010-06-24  36.27  36.48  35.5  35.57  4973600  35.57
2010-06-23  36.04  36.81  35.83  36.6  4594800  36.6
2010-06-22  36.63  36.9  35.96  36.04  4751300  36.04
2010-06-21  37.12  37.67  36.4  36.65  5653700  36.65
2010-06-18  36.64  36.83  36.17  36.4  5197200  36.4
2010-06-17  37.08  37.08  35.98  36.58  5274800  36.58
2010-06-16  37.0  37.18  36.77  37.0  4092500  37.0
2010-06-15  37.15  37.49  36.22  37.42  6498700  37.42
2010-06-14  37.77  37.98  37.15  37.23  3767600  37.23
2010-06-11  36.85  37.53  36.85  37.4  3535600  37.4
2010-06-10  36.76  37.28  36.58  37.23  4642400  37.23
2010-06-09  36.22  36.8  35.86  36.05  6426200  36.05
2010-06-08  35.25  36.02  34.95  35.93  6361800  35.93
2010-06-07  36.02  36.17  35.2  35.2  4526000  35.2
2010-06-04  36.58  36.93  35.68  35.91  5618900  35.91
2010-06-03  37.82  37.9  36.69  37.32  3936900  37.32
2010-06-02  36.51  37.57  36.48  37.51  4452800  37.51
2010-06-01  37.34  37.72  36.35  36.35  4082000  36.35
2010-05-28  38.22  38.36  37.39  37.77  3816200  37.77
2010-05-27  38.43  38.51  37.71  38.47  5412400  38.47
2010-05-26  37.92  38.6  37.13  37.24  6652500  37.24
2010-05-25  35.81  37.72  35.59  37.64  7794200  37.64
2010-05-24  37.51  38.14  37.07  37.07  4467000  37.07
2010-05-21  36.7  38.11  36.6  37.68  9555600  37.68
2010-05-20  38.01  38.51  37.08  37.47  7989000  37.47
2010-05-19  38.67  39.59  38.38  39.09  6450700  39.09
2010-05-18  40.39  40.75  38.93  39.05  6269500  39.05
2010-05-17  40.32  40.39  39.09  39.94  6162700  39.94
2010-05-14  40.22  40.43  39.46  40.26  5772100  40.26
2010-05-13  41.21  41.66  40.53  40.65  4872000  40.65
2010-05-12  40.66  41.12  40.31  41.03  3945400  41.03
2010-05-11  40.29  41.01  40.03  40.35  3919000  40.35
2010-05-10  40.87  41.04  40.27  40.86  5379600  40.86
2010-05-07  39.02  40.15  37.76  39.39  8373100  39.39
2010-05-06  39.83  40.97  37.41  39.22  7931300  39.22
2010-05-05  38.69  41.25  38.69  40.16  7855300  40.16
2010-05-04  39.7  40.01  39.18  39.62  5433900  39.62
2010-05-03  40.19  40.49  39.38  40.3  4699300  40.3
2010-04-30  40.23  40.51  39.72  39.76  6374400  39.76
2010-04-29  39.82  40.3  39.58  40.06  4459200  40.06
2010-04-28  39.6  39.6  38.87  39.49  4818900  39.49
2010-04-27  40.08  40.38  39.04  39.15  7392200  39.15
2010-04-26  40.71  41.06  40.1  40.15  4307500  40.15
2010-04-23  40.1  40.57  39.49  40.41  5576600  40.41
2010-04-22  39.39  39.87  38.32  39.72  6567400  39.72
2010-04-21  39.78  39.97  39.09  39.58  5332900  39.58
2010-04-20  40.33  40.58  39.24  39.71  6513700  39.71
2010-04-19  39.73  40.0  39.26  39.94  5724700  39.94
2010-04-16  40.63  40.89  39.61  40.04  6421000  40.04
2010-04-15  41.76  41.76  40.82  40.93  6026500  40.93
2010-04-14  41.76  41.91  41.38  41.82  5042100  41.82
2010-04-13  41.36  41.62  40.72  41.23  4527700  41.23
2010-04-12  41.63  41.88  41.2  41.37  3261500  41.37
2010-04-09  41.86  41.95  41.2  41.59  4397600  41.59
2010-04-08  41.45  41.75  41.2  41.66  4715700  41.66
2010-04-07  41.62  42.16  41.45  41.77  6488500  41.77
2010-04-06  41.66  42.16  41.34  41.8  4088900  41.8
2010-04-05  40.74  41.98  40.43  41.7  5907200  41.7
2010-04-01  40.34  40.55  39.98  40.31  2971000  40.31
2010-03-31  39.85  40.2  39.69  39.81  3034600  39.81
2010-03-30  40.76  40.76  39.65  39.97  2833400  39.97
2010-03-29  40.35  40.69  40.09  40.39  3409800  40.39
2010-03-26  39.35  40.04  39.25  39.75  4033900  39.75
2010-03-25  40.41  40.41  38.96  39.06  5180200  39.06
2010-03-24  40.08  40.13  39.71  39.88  4313600  39.88
2010-03-23  39.02  40.38  38.92  40.33  5863900  40.33
2010-03-22  38.07  38.91  37.9  38.87  3256700  38.87
2010-03-19  39.02  39.18  38.27  38.64  6494400  38.64
2010-03-18  39.29  39.59  38.57  38.94  4503600  38.94
2010-03-17  39.92  40.23  39.05  39.26  7720600  39.26
2010-03-16  39.86  40.21  39.21  40.1  6990500  40.1
2010-03-15  39.16  39.34  38.84  39.27  5030800  39.27
2010-03-12  39.36  39.57  38.96  39.41  6052300  39.41
2010-03-11  38.65  39.2  38.45  39.18  4522300  39.18
2010-03-10  39.16  39.59  38.77  39.19  4868800  39.19
2010-03-09  38.74  39.45  38.57  39.11  4952400  39.11
2010-03-08  39.12  39.4  38.93  39.03  5328200  39.03
2010-03-05  38.35  38.93  38.26  38.79  4963900  38.79
2010-03-04  37.57  38.02  37.35  37.87  4517200  37.87
2010-03-03  37.63  38.28  37.54  37.57  4400600  37.57
2010-03-02  37.37  37.68  36.99  37.35  5721400  37.35
2010-03-01  36.37  37.09  36.11  36.88  5729600  36.88
2010-02-26  36.54  36.62  35.58  36.04  6456900  36.04
2010-02-25  35.78  36.53  35.25  36.45  5943500  36.45
2010-02-24  36.86  37.35  36.28  36.64  5767200  36.64
2010-02-23  37.87  38.04  36.29  36.56  6989100  36.56
2010-02-22  38.7  38.72  37.89  38.0  5398900  38.0
2010-02-19  37.65  39.2  37.6  38.6  7040500  38.6
2010-02-18  36.95  38.11  36.8  37.97  6230100  37.97
2010-02-17  37.41  37.41  36.73  36.94  4983200  36.94
2010-02-16  36.54  37.23  36.32  37.16  7459600  37.16
2010-02-12  35.11  36.08  34.82  35.8  5982400  35.8
2010-02-11  34.89  35.84  34.73  35.82  5957000  35.82
2010-02-10  34.91  35.02  34.16  34.75  6147800  34.75
2010-02-09  35.19  35.67  34.72  35.22  5038000  35.22
2010-02-08  35.35  35.55  34.43  34.44  4748000  34.44
2010-02-05  34.79  35.29  33.89  35.22  8421400  35.22
2010-02-04  35.4  35.95  34.38  34.38  9175200  34.38
2010-02-03  36.93  37.59  36.39  36.51  5049400  36.51
2010-02-02  36.86  37.46  36.31  37.36  5357900  37.36
2010-02-01  35.95  36.7  35.75  36.53  4801700  36.53
2010-01-29  36.59  36.81  35.31  35.51  6653700  35.51
2010-01-28  37.7  37.7  35.78  36.04  6786700  36.04
2010-01-27  37.77  38.35  36.25  37.07  7340000  37.07
2010-01-26  37.37  38.83  37.21  37.92  7585900  37.92
2010-01-25  39.11  39.47  38.29  38.41  5990800  38.41
2010-01-22  38.67  39.59  37.88  38.46  7093600  38.46
2010-01-21  41.01  41.13  39.69  39.77  5712900  39.77
2010-01-20  41.42  41.51  40.87  41.01  5049300  41.01
2010-01-19  41.31  42.0  41.02  41.88  3438400  41.88
2010-01-15  41.72  41.85  40.91  41.28  3922200  41.28
2010-01-14  42.12  42.25  41.24  41.7  4450700  41.7
2010-01-13  42.13  42.54  41.24  42.15  3397200  42.15
2010-01-12  42.48  42.6  41.66  42.14  5210800  42.14
2010-01-11  44.12  44.15  42.62  43.21  4522300  43.21
2010-01-08  42.76  43.9  42.5  43.46  6611200  43.46
2010-01-07  42.9  42.9  41.88  42.85  4732000  42.85
2010-01-06  41.83  43.61  41.83  43.15  6650900  43.15
2010-01-05  41.58  42.0  41.24  41.88  3610000  41.88
2010-01-04  41.24  42.03  41.19  41.6  4923600  41.6
