Date  Open  High  Low  Close  Volume  Adj Close
2014-02-28  150.97  151.88  149.77  150.85  734500  150.85
2014-02-27  152.0  152.29  149.55  150.5  857900  150.5
2014-02-26  154.09  154.67  150.54  151.43  1049900  151.43
2014-02-25  153.61  155.06  152.86  153.34  515100  153.34
2014-02-24  154.41  155.39  153.02  153.87  764100  153.87
2014-02-21  154.31  154.5  153.01  153.79  571800  153.79
2014-02-20  154.48  154.98  153.18  154.26  489400  154.26
2014-02-19  154.25  155.05  153.1  153.21  660100  153.21
2014-02-18  155.94  155.94  153.72  154.76  664300  154.76
2014-02-14  152.39  155.16  151.48  154.81  1001100  154.81
2014-02-13  150.68  152.87  150.3  152.82  898300  152.82
2014-02-12  151.0  151.85  150.35  151.33  842800  151.33
2014-02-11  147.09  151.5  147.01  150.55  1584500  150.55
2014-02-10  149.13  149.48  147.16  148.19  824900  148.19
2014-02-07  146.91  149.37  146.03  149.2  1124300  149.2
2014-02-06  142.32  149.99  141.93  146.72  2707500  146.72
2014-02-05  132.86  134.97  131.84  134.56  1394000  134.56
2014-02-04  132.47  134.74  131.69  134.49  1817600  134.49
2014-02-03  133.39  134.11  129.72  131.0  1273900  131.0
2014-01-31  130.92  131.86  129.78  130.98  762500  130.98
2014-01-30  131.18  132.34  130.05  132.29  557600  132.29
2014-01-29  131.45  131.74  130.23  130.3  1058500  130.3
2014-01-28  133.0  133.97  131.61  132.06  781800  132.06
2014-01-27  132.96  134.26  131.98  133.06  859100  133.06
2014-01-24  133.99  134.42  132.48  132.56  727900  132.56
2014-01-23  135.02  136.15  133.6  134.35  588500  134.35
2014-01-22  136.16  137.28  135.25  136.02  581100  136.02
2014-01-21  135.89  136.44  134.96  135.99  715500  135.99
2014-01-17  133.44  135.54  133.23  135.48  830200  135.48
2014-01-16  133.0  133.75  132.04  133.72  391300  133.72
2014-01-15  132.49  133.7  132.42  133.14  444800  133.14
2014-01-14  130.69  133.02  130.06  132.6  685000  132.6
2014-01-13  132.92  133.97  130.0  130.22  685400  130.22
2014-01-10  132.82  133.24  132.31  132.99  430700  132.99
2014-01-09  133.22  133.82  132.32  132.49  606200  132.49
2014-01-08  132.76  133.33  131.53  132.58  1055100  132.58
2014-01-07  129.89  133.12  129.75  133.01  1007100  133.01
2014-01-06  129.5  130.69  129.03  129.52  779000  129.52
2014-01-03  128.66  129.97  128.48  129.04  472900  129.04
2014-01-02  128.42  129.64  128.2  128.76  537600  128.76
2013-12-31  128.63  129.37  128.12  128.71  330400  128.71
2013-12-30  129.11  129.11  127.61  128.46  337300  128.46
2013-12-27  129.94  129.99  128.43  128.87  232400  128.87
2013-12-26  129.35  129.81  128.15  129.64  290800  129.64
2013-12-24  128.61  129.59  128.25  129.21  155800  129.21
2013-12-23  128.97  129.46  127.34  128.25  650400  128.25
2013-12-20  129.65  129.82  128.57  128.76  1049600  128.76
2013-12-19  129.53  129.82  128.19  129.14  457700  129.14
2013-12-18  127.5  129.63  126.68  129.53  635200  129.53
2013-12-17  127.91  128.26  127.29  127.34  634600  127.34
2013-12-16  126.89  128.1  126.71  127.94  708900  127.94
2013-12-13  125.52  126.66  124.99  126.47  732000  126.47
2013-12-12  124.67  127.97  124.42  124.92  798700  124.92
2013-12-11  125.34  126.11  124.69  124.86  897800  124.86
2013-12-10  123.33  125.82  123.33  125.02  877400  125.02
2013-12-09  125.0  125.22  123.24  123.86  1044900  123.86
2013-12-06  122.28  125.08  121.7  125.0  1190500  125.0
2013-12-05  121.06  122.19  120.92  120.96  1102000  120.96
2013-12-04  123.61  124.5  120.34  121.08  2158700  121.08
2013-12-03  123.78  124.8  123.78  124.36  539500  124.36
2013-12-02  124.3  125.3  124.17  124.57  468200  124.57
2013-11-29  124.87  125.58  124.73  124.96  222900  124.96
2013-11-27  124.51  124.9  123.93  124.8  856000  124.8
2013-11-26  125.13  125.28  124.25  124.51  800400  124.51
2013-11-25  125.88  126.4  124.93  125.28  444500  125.28
2013-11-22  124.71  125.91  124.28  125.74  771500  125.74
2013-11-21  125.04  126.04  124.51  125.09  513400  125.09
2013-11-20  123.77  124.59  123.03  124.28  492700  124.28
2013-11-19  124.46  125.32  123.82  123.9  388300  123.9
2013-11-18  125.96  126.22  123.9  124.48  610400  124.48
2013-11-15  125.55  126.22  125.08  126.22  579800  126.22
2013-11-14  125.5  125.89  124.27  125.62  454000  125.62
2013-11-13  123.71  125.29  123.54  125.2  538200  125.2
2013-11-12  123.75  125.1  123.54  124.04  773600  124.04
2013-11-11  123.74  124.74  123.27  124.2  389700  124.2
2013-11-08  123.31  123.92  122.42  123.52  659900  123.52
2013-11-07  124.93  124.93  123.0  123.1  672900  123.1
2013-11-06  124.37  124.89  123.59  124.25  418900  124.25
2013-11-05  123.98  125.31  123.53  124.26  607100  124.26
2013-11-04  124.28  125.67  123.89  124.24  534100  124.24
2013-11-01  124.81  124.86  123.57  124.21  566000  124.21
2013-10-31  124.17  124.8  123.51  123.81  709200  123.81
2013-10-30  123.91  124.66  123.51  123.97  1034800  123.97
2013-10-29  124.0  124.65  123.39  124.06  1013100  124.06
2013-10-28  125.74  126.39  123.52  123.71  851500  123.71
2013-10-25  126.97  126.97  124.44  125.86  1246400  125.86
2013-10-24  125.8  127.2  122.75  125.08  3329900  125.08
2013-10-23  133.28  134.56  131.9  134.31  1192400  134.31
2013-10-22  135.15  135.35  133.46  133.77  548700  133.77
2013-10-21  131.2  134.78  131.2  134.71  662000  134.71
2013-10-18  135.56  135.56  132.95  133.93  1008500  133.93
2013-10-17  132.08  135.62  131.62  135.19  1052400  135.19
2013-10-16  131.1  132.54  130.43  132.17  1161400  132.17
2013-10-15  129.49  129.98  128.4  129.08  627700  129.08
2013-10-14  127.5  129.24  127.23  129.11  382400  129.11
2013-10-11  126.07  128.21  126.0  128.19  961100  128.19
2013-10-10  123.8  126.15  123.12  125.94  666400  125.94
2013-10-09  124.93  125.21  122.66  123.0  681500  123.0
2013-10-08  126.89  127.68  124.89  124.99  708200  124.99
2013-10-07  125.95  127.44  125.32  126.88  624800  126.88
2013-10-04  125.44  127.14  125.13  127.04  379500  127.04
2013-10-03  126.62  127.4  125.22  125.61  370900  125.61
2013-10-02  127.09  127.23  125.69  127.11  485700  127.11
2013-10-01  127.3  128.45  127.0  127.6  568200  127.6
2013-09-30  126.15  127.97  125.37  127.59  1096300  127.59
2013-09-27  124.84  126.85  124.65  126.7  487300  126.7
2013-09-26  125.63  126.37  124.78  125.86  463700  125.86
2013-09-25  124.36  125.78  123.87  125.03  828000  125.03
2013-09-24  125.26  125.26  123.62  124.1  738300  124.1
2013-09-23  125.01  125.49  123.9  124.84  566900  124.84
2013-09-20  126.93  127.71  124.98  125.74  1308500  125.74
2013-09-19  127.08  127.5  126.1  126.64  697100  126.64
2013-09-18  125.28  127.15  124.84  126.95  608600  126.95
2013-09-17  124.39  126.01  124.39  125.38  515800  125.38
2013-09-16  127.04  127.25  124.86  125.18  455100  125.18
2013-09-13  125.56  126.03  124.54  125.83  443200  125.83
2013-09-12  125.58  126.29  125.02  125.75  490800  125.75
2013-09-11  125.59  126.71  125.33  126.22  509500  126.22
2013-09-10  124.62  126.3  124.05  125.34  581500  125.34
2013-09-09  122.36  124.04  122.36  123.76  370400  123.76
2013-09-06  124.3  124.3  122.06  122.35  430300  122.35
2013-09-05  123.67  124.48  123.05  123.5  323700  123.5
2013-09-04  122.9  124.34  121.61  123.8  562200  123.8
2013-09-03  123.97  124.74  122.25  122.95  455600  122.95
2013-08-30  123.4  123.89  121.5  122.71  677000  122.71
2013-08-29  121.72  123.53  121.44  123.07  428600  123.07
2013-08-28  121.79  122.62  121.41  121.97  479500  121.97
2013-08-27  122.83  123.41  121.91  122.02  444600  122.02
2013-08-26  123.34  124.48  123.28  123.94  393800  123.94
2013-08-23  123.0  123.7  122.0  123.66  334200  123.66
2013-08-22  122.58  123.62  121.51  122.33  431000  122.33
2013-08-21  123.08  123.64  121.57  122.18  347000  122.18
2013-08-20  122.26  123.69  122.26  123.59  563700  123.59
2013-08-19  122.9  123.86  121.94  121.96  699000  121.96
2013-08-16  122.83  124.11  122.8  123.14  578300  123.14
2013-08-15  125.66  126.14  123.12  123.18  434100  123.18
2013-08-14  127.47  127.71  126.18  126.39  451700  126.39
2013-08-13  127.36  127.75  126.34  127.54  435000  127.54
2013-08-12  125.28  127.24  125.07  126.96  669800  126.96
2013-08-09  122.06  126.05  122.06  125.75  342100  125.75
2013-08-08  125.91  126.2  123.58  125.61  894900  125.61
2013-08-07  127.15  127.2  124.85  125.45  550000  125.45
2013-08-06  127.61  128.29  126.4  127.2  730300  127.2
2013-08-05  127.5  128.45  127.2  128.2  577400  128.2
2013-08-02  127.45  128.01  126.67  127.81  625700  127.81
2013-08-01  126.23  128.24  126.09  128.09  763900  128.09
2013-07-31  124.97  126.14  124.56  125.3  740700  125.3
2013-07-30  123.23  124.72  123.23  124.56  576200  124.56
2013-07-29  123.39  123.69  122.64  123.57  378800  123.57
2013-07-26  122.8  123.95  122.18  123.06  706100  123.06
2013-07-25  124.03  124.28  120.8  122.63  1866200  122.63
2013-07-24  118.95  119.98  117.09  117.83  595500  117.83
2013-07-23  120.15  120.3  118.42  118.54  822200  118.54
2013-07-22  120.25  120.35  118.11  119.61  908200  119.61
2013-07-19  118.17  118.45  116.31  118.42  706400  118.42
2013-07-18  116.26  118.35  115.01  117.03  586700  117.03
2013-07-17  116.28  117.25  115.3  115.77  622200  115.77
2013-07-16  116.61  117.0  116.0  116.21  589200  116.21
2013-07-15  117.23  117.47  115.91  116.23  778400  116.23
2013-07-12  117.62  118.01  116.63  116.95  648100  116.95
2013-07-11  117.68  117.98  116.64  117.4  609600  117.4
2013-07-10  116.25  116.83  115.58  116.48  601200  116.48
2013-07-09  118.35  118.37  116.14  116.49  493700  116.49
2013-07-08  116.47  117.52  116.23  117.38  551000  117.38
2013-07-05  115.2  116.14  114.61  115.75  326500  115.75
2013-07-03  113.3  114.91  112.93  114.56  310200  114.56
2013-07-02  114.99  115.85  113.57  113.91  629500  113.91
2013-07-01  113.03  115.0  112.72  114.73  866900  114.73
2013-06-28  111.33  113.62  111.3  112.62  1112900  112.62
2013-06-27  111.05  112.14  111.05  111.8  554200  111.8
2013-06-26  109.61  111.18  109.44  110.31  1084800  110.31
2013-06-25  111.48  112.0  110.89  111.33  642800  111.33
2013-06-24  110.0  111.94  109.86  111.17  666800  111.17
2013-06-21  111.45  111.89  110.07  110.99  1055600  110.99
2013-06-20  112.03  112.58  110.47  110.82  609900  110.82
2013-06-19  113.09  114.06  112.88  113.01  672900  113.01
2013-06-18  112.05  113.14  111.71  113.09  683000  113.09
2013-06-17  111.57  112.56  111.17  111.95  727900  111.95
2013-06-14  111.18  112.47  110.97  111.56  446100  111.56
2013-06-13  110.29  111.81  109.86  111.45  470400  111.45
2013-06-12  110.77  110.99  109.98  110.03  384100  110.03
2013-06-11  110.07  111.23  110.05  110.54  300900  110.54
2013-06-10  110.97  111.35  110.05  111.1  363900  111.1
2013-06-07  110.0  111.51  109.81  110.99  365200  110.99
2013-06-06  107.84  109.43  107.84  109.39  521200  109.39
2013-06-05  109.49  110.18  107.8  108.0  523500  108.0
2013-06-04  109.84  110.72  108.61  109.53  508100  109.53
2013-06-03  109.24  110.26  109.0  110.17  722900  110.17
2013-05-31  109.5  111.28  108.68  108.85  970400  108.85
2013-05-30  110.54  111.32  109.91  109.98  516100  109.98
2013-05-29  110.09  110.63  109.21  110.43  487600  110.43
2013-05-28  111.19  111.72  109.67  110.75  523600  110.75
2013-05-24  109.44  111.27  109.44  110.74  424700  110.74
2013-05-23  110.18  110.79  109.07  110.23  539900  110.23
2013-05-22  112.09  112.29  110.15  110.56  585300  110.56
2013-05-21  111.02  112.92  110.77  112.21  554400  112.21
2013-05-20  109.32  111.53  109.28  110.91  612200  110.91
2013-05-17  111.0  111.45  110.33  110.95  619100  110.95
2013-05-16  111.24  111.84  110.22  110.71  707400  110.71
2013-05-15  111.3  112.17  111.14  111.96  489700  111.96
2013-05-14  109.47  112.12  109.47  111.89  926200  111.89
2013-05-13  109.75  110.44  108.58  109.65  486400  109.65
2013-05-10  109.94  110.49  109.22  110.2  479300  110.2
2013-05-09  109.59  110.61  109.59  110.06  445100  110.06
2013-05-08  110.91  111.0  108.67  109.45  820600  109.45
2013-05-07  109.93  110.79  109.69  110.78  422000  110.78
2013-05-06  109.58  110.52  109.45  110.27  583900  110.27
2013-05-03  108.85  110.03  108.48  109.89  794400  109.89
2013-05-02  107.44  108.5  106.79  108.13  504300  108.13
2013-05-01  107.5  108.29  107.21  107.46  666600  107.46
2013-04-30  107.2  107.6  105.81  107.32  664500  107.32
2013-04-29  106.81  108.17  106.55  107.69  920200  107.69
2013-04-26  106.15  106.7  105.34  106.44  746900  106.44
2013-04-25  104.17  108.99  103.99  106.13  1577600  106.13
2013-04-24  102.15  102.57  100.91  101.12  871400  101.12
2013-04-23  100.0  101.55  99.7  101.37  1366800  101.37
2013-04-22  99.17  99.75  98.8  99.48  642900  99.48
2013-04-19  98.56  99.82  98.37  99.36  1243300  99.36
2013-04-18  99.0  99.8  98.01  98.84  840700  98.84
2013-04-17  99.67  99.95  97.77  98.67  1255200  98.67
2013-04-16  101.02  101.11  99.8  99.99  1220600  99.99
2013-04-15  102.88  103.14  99.56  99.99  1272700  99.99
2013-04-12  104.05  104.94  102.54  103.14  998500  103.14
2013-04-11  103.79  105.4  103.51  104.01  1231700  104.01
2013-04-10  101.99  103.81  101.54  103.5  1269600  103.5
2013-04-09  102.38  103.08  100.8  102.06  939400  102.06
2013-04-08  102.91  104.16  102.91  103.91  545900  103.91
2013-04-05  102.88  103.19  101.75  103.05  551400  103.05
2013-04-04  103.32  104.21  103.27  103.77  377400  103.77
2013-04-03  104.28  104.63  103.21  103.48  670500  103.48
2013-04-02  103.3  104.9  102.76  104.38  837300  104.38
2013-04-01  103.13  103.4  101.6  102.7  729200  102.7
2013-03-28  102.58  103.1  101.86  102.44  1629800  102.44
2013-03-27  102.78  103.71  102.23  102.75  636700  102.75
2013-03-26  103.33  103.9  102.82  103.59  767700  103.59
2013-03-25  103.67  104.04  102.55  103.33  867300  103.33
2013-03-22  103.1  103.54  102.47  103.26  621300  103.26
2013-03-21  103.26  103.8  101.95  102.77  797900  102.77
2013-03-20  103.86  104.0  103.1  103.49  741700  103.49
2013-03-19  104.28  104.75  102.84  103.25  787100  103.25
2013-03-18  103.28  105.22  103.02  104.36  870000  104.36
2013-03-15  103.03  104.34  102.94  103.76  1541900  103.76
2013-03-14  104.57  104.57  103.16  103.5  856200  103.5
2013-03-13  104.22  104.99  103.89  104.3  744700  104.3
2013-03-12  104.3  104.45  103.32  103.87  777600  103.87
2013-03-11  104.38  104.71  103.9  104.3  519400  104.3
2013-03-08  104.7  104.89  103.77  104.7  662100  104.7
2013-03-07  103.76  104.94  103.14  104.38  779200  104.38
2013-03-06  104.57  104.78  103.19  103.44  721100  103.44
2013-03-05  104.0  104.95  103.78  104.57  1048200  104.57
2013-03-04  102.67  104.26  102.34  103.61  1163100  103.61
2013-03-01  101.68  102.86  101.13  102.62  1351800  102.62
2013-02-28  102.12  103.12  101.66  101.79  1537900  101.79
2013-02-27  101.74  102.79  101.01  102.25  954500  102.25
2013-02-26  101.35  103.0  100.55  101.76  1206000  101.76
2013-02-25  102.5  103.7  101.17  101.35  1577800  101.35
2013-02-22  101.41  102.31  100.71  102.25  954000  102.25
2013-02-21  101.05  101.93  100.61  100.77  1091800  100.77
2013-02-20  102.17  102.35  101.17  101.39  839900  101.39
2013-02-19  101.5  102.31  101.33  102.16  840200  102.16
2013-02-15  101.91  102.78  100.42  101.31  1039800  101.31
2013-02-14  101.6  102.24  101.26  101.68  1131800  101.68
2013-02-13  101.59  103.15  101.29  102.0  979000  102.0
2013-02-12  102.05  102.34  100.73  101.56  1080800  101.56
2013-02-11  101.68  102.87  101.0  102.4  1327200  102.4
2013-02-08  100.66  103.66  100.64  101.57  2285500  101.57
2013-02-07  100.0  102.77  99.1  100.04  4734900  100.04
2013-02-06  92.73  93.53  92.39  92.59  1389600  92.59
2013-02-05  92.76  93.72  92.59  93.08  981600  93.08
2013-02-04  93.31  93.59  92.21  92.63  1099300  92.63
2013-02-01  92.86  93.99  92.61  93.39  1092200  93.39
2013-01-31  91.83  92.8  91.39  92.65  1139500  92.65
2013-01-30  92.08  92.95  91.63  91.74  696600  91.74
2013-01-29  92.12  92.52  91.61  91.92  1012300  91.92
2013-01-28  92.28  92.96  91.94  92.44  988700  92.44
2013-01-25  91.69  92.66  91.25  92.17  957600  92.17
2013-01-24  90.27  92.12  90.27  91.8  1329400  91.8
2013-01-23  88.52  90.17  87.75  89.86  1445400  89.86
2013-01-22  88.77  89.72  88.06  88.7  1058900  88.7
2013-01-18  87.56  89.49  87.51  88.91  1092900  88.91
2013-01-17  88.11  89.05  87.72  87.79  919700  87.79
2013-01-16  89.22  90.23  87.85  88.17  872900  88.17
2013-01-15  87.91  89.96  87.56  89.72  895900  89.72
2013-01-14  87.62  89.33  87.57  88.55  592200  88.55
2013-01-11  88.17  88.77  87.06  88.01  1081700  88.01
2013-01-10  88.47  89.87  87.53  87.74  1122200  87.74
2013-01-09  89.41  90.18  88.18  88.39  811200  88.39
2013-01-08  89.62  90.32  88.32  89.2  967600  89.2
2013-01-07  89.41  91.3  88.76  90.05  1346500  90.05
2013-01-04  90.53  91.86  90.22  91.65  1048900  91.65
2013-01-03  90.1  91.48  89.23  90.21  1151800  90.21
2013-01-02  90.66  90.74  88.97  89.87  1574400  89.87
2012-12-31  87.85  89.48  87.76  89.42  716300  89.42
2012-12-28  88.48  88.98  87.64  88.1  751700  88.1
2012-12-27  88.97  89.25  87.32  88.71  973700  88.71
2012-12-26  90.23  90.37  88.45  88.84  672500  88.84
2012-12-24  89.76  90.45  89.0  90.0  348700  90.0
2012-12-21  90.98  91.17  89.8  89.99  2693400  89.99
2012-12-20  91.55  92.15  91.0  91.8  954500  91.8
2012-12-19  92.09  92.57  91.15  91.39  1088600  91.39
2012-12-18  90.94  92.56  90.72  91.99  1312300  91.99
2012-12-17  89.57  90.7  89.4  90.59  2343500  90.59
2012-12-14  90.52  91.6  89.34  89.48  1385100  89.48
2012-12-13  92.55  92.96  90.6  90.79  1545800  90.79
2012-12-12  92.41  94.86  92.41  92.82  2791600  92.82
2012-12-11  90.57  92.58  90.55  91.89  1962300  91.89
2012-12-10  91.67  92.45  90.08  90.24  1430100  90.24
2012-12-07  91.4  91.59  90.5  90.73  822700  90.73
2012-12-06  91.27  91.47  90.57  90.68  1215000  90.68
2012-12-05  92.95  93.02  90.74  91.38  1217900  91.38
2012-12-04  92.7  93.32  92.05  92.9  1382900  92.9
2012-12-03  94.68  94.88  93.07  93.32  1046900  93.32
2012-11-30  93.1  94.39  93.1  94.08  1941900  94.08
2012-11-29  92.11  93.44  90.39  92.85  1335500  92.85
2012-11-28  91.46  93.14  90.96  93.01  933000  93.01
2012-11-27  92.08  92.88  91.72  92.0  894100  92.0
2012-11-26  92.33  93.21  91.64  92.46  1082500  92.46
2012-11-23  91.56  93.0  91.09  92.63  463800  92.63
2012-11-21  90.84  92.08  90.48  91.55  744200  91.55
2012-11-20  91.5  92.41  90.66  91.37  865900  91.37
2012-11-19  90.1  91.69  89.97  91.48  1221000  91.48
2012-11-16  90.26  90.26  88.72  89.97  1141000  89.97
2012-11-15  88.94  90.0  87.99  89.77  1055700  89.77
2012-11-14  89.9  90.64  88.34  88.51  1172100  88.51
2012-11-13  88.58  90.43  87.97  89.61  1079100  89.61
2012-11-12  89.27  89.5  87.94  88.19  970900  88.19
2012-11-09  88.82  91.86  88.7  89.27  2078400  89.27
2012-11-08  88.5  89.79  88.5  88.93  1770600  88.93
2012-11-07  89.38  89.8  88.12  88.37  1354200  88.37
2012-11-06  88.29  90.08  87.76  89.71  1347400  89.71
2012-11-05  87.82  89.19  87.23  88.02  1695400  88.02
2012-11-02  88.67  91.53  87.37  88.35  1560500  88.35
2012-11-01  85.95  91.94  85.0  88.05  4338300  88.05
2012-10-31  84.7  86.52  84.0  85.85  1383500  85.85
2012-10-26  84.63  85.0  83.81  84.58  1315400  84.58
2012-10-25  86.41  88.45  83.13  84.46  3858900  84.46
2012-10-24  83.43  83.51  80.89  81.7  2296100  81.7
2012-10-23  79.49  83.31  79.24  82.64  2430000  82.64
2012-10-22  78.9  80.6  78.7  80.32  1971100  80.32
2012-10-19  79.76  80.91  79.67  80.58  1731000  80.58
2012-10-18  80.0  81.09  78.58  79.92  5091300  79.92
2012-10-17  81.62  81.66  78.91  80.44  3980000  80.44
2012-10-16  82.22  82.59  81.2  81.62  2251600  81.62
2012-10-15  83.71  83.91  82.05  82.51  1358600  82.51
2012-10-12  84.62  84.62  83.02  83.3  860000  83.3
2012-10-11  85.37  85.97  84.02  84.34  883200  84.34
2012-10-10  85.65  86.13  84.46  84.67  843800  84.67
2012-10-09  85.76  86.28  85.14  85.62  854700  85.62
2012-10-08  85.71  86.42  85.34  85.64  754100  85.64
2012-10-05  86.25  87.58  85.97  86.26  1812100  86.26
2012-10-04  83.76  86.11  83.7  86.01  1572500  86.01
2012-10-03  84.58  85.0  83.34  83.47  1114500  83.47
2012-10-02  84.13  85.18  83.44  83.99  1275200  83.99
2012-10-01  83.58  85.08  83.25  83.84  1350900  83.84
2012-09-28  84.05  84.25  83.14  83.62  1548200  83.62
2012-09-27  84.47  84.72  83.77  84.19  847200  84.19
2012-09-26  84.34  85.32  84.02  84.24  851500  84.24
2012-09-25  84.16  85.25  83.97  84.45  1234100  84.45
2012-09-24  84.0  84.47  83.62  84.24  1181700  84.24
2012-09-21  84.0  85.11  83.78  83.89  2429900  83.89
2012-09-20  82.12  84.56  81.77  84.08  2382200  84.08
2012-09-19  81.17  83.98  81.13  82.48  3012400  82.48
2012-09-18  80.45  82.0  80.07  81.17  1630200  81.17
2012-09-17  80.37  82.21  80.25  80.48  2381700  80.48
2012-09-14  82.24  82.33  80.06  80.37  2707700  80.37
2012-09-13  85.34  85.56  81.34  81.53  4530300  81.53
2012-09-12  85.82  86.49  85.33  85.64  991000  85.64
2012-09-11  84.97  86.25  84.97  85.64  1313900  85.64
2012-09-10  83.05  85.34  83.05  85.06  1652500  85.06
2012-09-07  84.13  84.68  82.94  83.25  1319700  83.25
2012-09-06  84.6  85.76  83.42  83.66  1645800  83.66
2012-09-05  83.17  84.17  83.04  83.98  1666200  83.98
2012-09-04  84.82  85.42  82.95  83.42  1563100  83.42
2012-08-31  85.56  85.64  84.41  84.95  1236700  84.95
2012-08-30  85.58  85.94  84.88  84.95  1104400  84.95
2012-08-29  86.55  86.83  85.73  85.97  883900  85.97
2012-08-28  86.5  87.38  86.37  86.6  1139800  86.6
2012-08-27  87.43  87.43  86.5  86.72  728000  86.72
2012-08-24  86.61  87.5  85.98  86.87  1053500  86.87
2012-08-23  85.47  86.95  85.25  86.46  840200  86.46
2012-08-22  85.84  86.04  85.0  85.42  2082800  85.42
2012-08-21  86.44  87.0  85.6  85.78  686700  85.78
2012-08-20  87.46  87.97  86.0  86.49  1328700  86.49
2012-08-17  87.38  88.9  86.5  87.99  1542100  87.99
2012-08-16  84.98  87.33  84.35  87.21  1091900  87.21
2012-08-15  84.79  85.77  84.61  84.95  862900  84.95
2012-08-14  85.16  86.16  84.44  84.64  828800  84.64
2012-08-13  84.5  85.43  84.49  84.95  1216300  84.95
2012-08-10  84.99  85.63  84.34  84.62  846700  84.62
2012-08-09  85.67  86.38  84.55  85.0  1789800  85.0
2012-08-08  86.81  87.6  86.56  86.7  1146400  86.7
2012-08-07  86.01  87.69  85.98  87.21  1038700  87.21
2012-08-06  85.72  86.52  85.21  86.1  1118200  86.1
2012-08-03  85.88  86.24  85.0  85.72  901500  85.72
2012-08-02  84.48  86.0  84.06  84.56  1204400  84.56
2012-08-01  86.29  87.3  84.99  85.07  1163300  85.07
2012-07-31  85.65  86.76  85.17  85.74  1262300  85.74
2012-07-30  84.4  87.45  83.88  86.05  2086000  86.05
2012-07-27  87.95  89.06  86.17  87.17  1975700  87.17
2012-07-26  88.9  90.62  85.0  86.97  3943200  86.97
2012-07-25  88.93  90.98  88.15  90.1  1877700  90.1
2012-07-24  90.36  90.76  88.28  88.88  1021500  88.88
2012-07-23  89.78  90.86  88.8  90.3  1421700  90.3
2012-07-20  93.85  93.85  90.99  91.31  1852900  91.31
2012-07-19  94.59  97.0  92.24  94.15  2511200  94.15
2012-07-18  92.55  94.82  92.33  94.56  1211800  94.56
2012-07-17  91.54  92.98  91.3  92.53  1202100  92.53
2012-07-16  91.3  91.54  90.36  90.59  1525200  90.59
2012-07-13  91.36  92.49  91.21  91.7  1559800  91.7
2012-07-12  87.28  92.03  87.28  91.21  2984600  91.21
2012-07-11  87.01  88.4  86.89  88.02  1462300  88.02
2012-07-10  86.95  87.53  85.57  87.22  1566700  87.22
2012-07-09  86.5  86.83  85.31  86.73  1333200  86.73
2012-07-06  86.51  86.87  85.44  86.74  1105700  86.74
2012-07-05  84.36  86.97  84.06  86.58  1746200  86.58
2012-07-03  85.0  85.24  84.23  84.36  812900  84.36
2012-07-02  84.25  85.49  82.46  85.1  2738900  85.1
2012-06-29  82.21  85.06  82.2  83.77  2354400  83.77
2012-06-28  82.11  82.91  80.27  81.34  3599300  81.34
2012-06-27  77.6  83.44  75.61  82.61  12858100  82.61
2012-06-26  95.52  97.03  94.55  96.44  1178400  96.44
2012-06-25  96.96  97.23  95.05  95.23  1010400  95.23
2012-06-22  97.59  97.85  96.58  97.35  916500  97.35
2012-06-21  100.59  100.77  96.97  97.15  1227100  97.15
2012-06-20  101.1  101.43  99.91  100.2  884400  100.2
2012-06-19  101.75  102.96  100.5  101.11  1338100  101.11
2012-06-18  99.06  101.49  98.78  101.48  1105500  101.48
2012-06-15  98.83  99.45  98.35  99.05  1418800  99.05
2012-06-14  97.96  99.5  97.75  98.34  997900  98.34
2012-06-13  99.63  100.34  97.47  97.59  1043900  97.59
2012-06-12  97.56  100.12  97.2  99.98  1336100  99.98
2012-06-11  98.52  99.23  96.96  97.07  971800  97.07
2012-06-08  96.56  98.14  96.56  98.09  1000000  98.09
2012-06-07  99.49  99.59  96.91  97.21  1363000  97.21
2012-06-06  95.51  99.1  95.46  98.46  1418600  98.46
2012-06-05  94.08  95.64  93.38  95.18  1079300  95.18
2012-06-04  93.38  94.29  93.0  94.01  1721800  94.01
2012-06-01  94.7  95.31  92.85  93.05  1753200  93.05
2012-05-31  96.21  96.49  95.27  95.79  1476800  95.79
2012-05-30  96.62  96.7  95.71  95.72  1454700  95.72
2012-05-29  96.89  97.76  96.08  97.08  1115700  97.08
2012-05-25  96.57  97.47  96.16  96.3  961600  96.3
2012-05-24  97.16  97.75  95.85  96.28  1084500  96.28
2012-05-23  94.76  96.94  94.76  96.73  1400000  96.73
2012-05-22  92.93  96.29  91.65  95.32  1938400  95.32
2012-05-21  93.58  96.12  92.15  95.76  1624200  95.76
2012-05-18  94.97  97.21  92.38  93.3  2507100  93.3
2012-05-17  98.0  98.71  94.08  94.32  3200700  94.32
2012-05-16  100.96  102.49  100.88  101.95  1100300  101.95
2012-05-15  101.17  102.62  99.26  101.03  1357500  101.03
2012-05-14  103.1  103.11  100.8  100.89  1506100  100.89
2012-05-11  103.02  104.66  102.79  103.84  938100  103.84
2012-05-10  102.71  103.7  102.01  103.13  882000  103.13
2012-05-09  101.73  103.35  101.27  102.39  1280800  102.39
2012-05-08  103.63  103.76  101.0  102.29  1310200  102.29
2012-05-07  104.07  104.69  103.39  104.12  931200  104.12
2012-05-04  105.14  105.93  104.21  104.3  694900  104.3
2012-05-03  106.51  107.08  105.53  105.89  678100  105.89
2012-05-02  105.14  107.13  105.02  106.71  1287400  106.71
2012-05-01  105.01  106.9  104.36  105.6  1221200  105.6
2012-04-30  105.53  106.12  105.14  105.5  1085400  105.5
2012-04-27  103.11  106.82  102.64  105.98  1620800  105.98
2012-04-26  100.99  104.81  97.51  102.64  3778900  102.64
2012-04-25  95.71  96.73  95.08  96.62  1039900  96.62
2012-04-24  96.5  98.09  93.34  95.0  1360100  95.0
2012-04-23  95.9  95.94  94.44  95.35  854400  95.35
2012-04-20  96.2  96.9  95.86  96.45  740500  96.45
2012-04-19  96.43  96.75  95.52  95.99  1110300  95.99
2012-04-18  95.49  97.03  95.37  96.92  589900  96.92
2012-04-17  95.46  95.8  94.55  95.54  608100  95.54
2012-04-16  94.53  95.15  93.84  94.76  761500  94.76
2012-04-13  93.95  94.76  93.94  94.35  743900  94.35
2012-04-12  94.0  94.41  93.37  94.28  709000  94.28
2012-04-11  92.06  93.86  92.06  93.82  930300  93.82
2012-04-10  92.88  93.0  91.18  91.47  1117600  91.47
2012-04-09  92.12  93.28  91.71  93.03  822900  93.03
2012-04-05  92.68  93.43  92.32  92.65  564300  92.65
2012-04-04  92.79  93.25  91.93  92.86  843200  92.86
2012-04-03  93.1  94.27  92.84  93.65  1187800  93.65
2012-04-02  91.19  93.09  91.09  92.86  1021100  92.86
2012-03-30  91.02  91.79  90.5  91.35  1175800  91.35
2012-03-29  90.08  90.59  89.81  90.56  845100  90.56
2012-03-28  91.08  91.22  90.04  90.69  584600  90.69
2012-03-27  91.38  91.62  90.63  91.27  459200  91.27
2012-03-26  90.62  91.77  90.56  91.51  863500  91.51
2012-03-23  90.21  90.47  89.01  90.04  663900  90.04
2012-03-22  89.47  90.81  89.21  90.36  778800  90.36
2012-03-21  89.71  90.26  89.63  89.77  867500  89.77
2012-03-20  89.23  90.0  89.1  89.85  694200  89.85
2012-03-19  89.1  89.78  88.68  89.51  760200  89.51
2012-03-16  89.91  90.16  88.95  89.04  1036900  89.04
2012-03-15  90.11  90.32  89.61  90.21  899500  90.21
2012-03-14  90.11  90.27  89.94  90.21  801100  90.21
2012-03-13  90.46  90.85  89.55  90.07  918200  90.07
2012-03-12  90.46  90.53  89.95  90.06  844500  90.06
2012-03-09  90.28  90.68  89.75  90.42  846300  90.42
2012-03-08  90.27  90.94  89.89  89.92  825200  89.92
2012-03-07  89.5  90.31  88.98  90.1  847000  90.1
2012-03-06  89.17  90.16  89.1  89.35  719700  89.35
2012-03-05  88.33  89.98  88.31  89.85  852400  89.85
2012-03-02  88.01  88.71  87.7  88.33  628300  88.33
2012-03-01  86.64  88.18  86.52  88.08  1062800  88.08
2012-02-29  87.05  87.05  86.33  86.5  1509400  86.5
2012-02-28  86.0  87.36  85.77  87.34  1279800  87.34
2012-02-27  85.2  86.18  85.2  85.69  911200  85.69
2012-02-24  86.33  86.72  85.39  85.67  1128500  85.67
2012-02-23  84.69  86.59  84.4  86.4  1676400  86.4
2012-02-22  84.23  85.08  84.22  84.77  841600  84.77
2012-02-21  84.46  84.88  83.97  84.46  958000  84.46
2012-02-17  84.55  85.18  84.17  84.55  1693700  84.55
2012-02-16  83.66  85.11  83.66  84.51  1560700  84.51
2012-02-15  84.0  84.21  83.0  83.45  1076000  83.45
2012-02-14  83.1  84.01  82.98  84.0  1048200  84.0
2012-02-13  83.66  83.99  82.99  83.23  1038800  83.23
2012-02-10  82.5  84.15  82.5  83.45  1075900  83.45
2012-02-09  81.92  84.76  81.9  84.34  1946300  84.34
2012-02-08  83.9  84.0  82.35  83.44  1594400  83.44
2012-02-07  82.27  83.86  82.0  83.85  1011300  83.85
2012-02-06  82.5  83.38  82.06  82.36  796500  82.36
2012-02-03  82.43  83.75  82.29  82.83  1028300  82.83
2012-02-02  82.09  82.38  81.42  81.54  942600  81.54
2012-02-01  81.53  82.19  81.49  81.98  1029100  81.98
2012-01-31  82.59  82.59  81.39  81.51  954200  81.51
2012-01-30  82.31  82.8  81.56  82.35  681000  82.35
2012-01-27  82.04  83.01  81.84  82.56  756800  82.56
2012-01-26  83.23  83.8  81.81  81.99  963000  81.99
2012-01-25  81.88  82.72  81.62  82.57  713000  82.57
2012-01-24  80.95  82.17  80.9  81.81  879600  81.81
2012-01-23  82.18  82.78  80.98  81.26  1222500  81.26
2012-01-20  84.94  85.09  82.09  82.28  1872100  82.28
2012-01-19  83.89  85.32  83.87  84.78  1179000  84.78
2012-01-18  82.2  83.91  81.88  83.68  692300  83.68
2012-01-17  82.0  82.81  81.7  82.3  714500  82.3
2012-01-13  81.5  81.96  81.12  81.6  385700  81.6
2012-01-12  81.64  81.89  80.9  81.82  647400  81.82
2012-01-11  81.07  81.5  81.0  81.38  460400  81.38
2012-01-10  80.93  81.38  80.65  80.9  712500  80.9
2012-01-09  80.06  80.54  79.96  80.4  761900  80.4
2012-01-06  80.28  80.4  79.51  79.86  414300  79.86
2012-01-05  79.22  80.67  78.54  80.41  723000  80.41
2012-01-04  78.37  79.96  77.77  79.34  1121500  79.34
2012-01-03  80.95  81.23  78.1  78.15  1233900  78.15
2011-12-30  80.88  80.98  79.94  79.95  587300  79.95
2011-12-29  81.13  81.58  80.73  80.99  470500  80.99
2011-12-28  81.85  82.17  80.64  80.97  551600  80.97
2011-12-27  81.26  82.08  81.13  81.7  380600  81.7
2011-12-23  80.66  81.58  80.09  81.55  504700  81.55
2011-12-22  80.8  81.12  79.91  80.11  753100  80.11
2011-12-21  81.58  81.83  80.4  80.71  643000  80.71
2011-12-20  79.95  81.43  79.95  81.31  803400  81.31
2011-12-19  80.4  80.47  78.73  78.97  512700  78.97
2011-12-16  79.42  80.9  79.2  79.88  2014400  79.88
2011-12-15  78.95  79.49  78.56  78.95  912700  78.95
2011-12-14  78.85  79.18  77.69  78.58  980500  78.58
2011-12-13  81.1  81.21  78.57  78.91  939100  78.91
2011-12-12  80.59  81.11  80.1  80.93  1273300  80.93
2011-12-09  79.28  81.24  79.06  81.04  995900  81.04
2011-12-08  78.41  79.66  78.4  78.92  886800  78.92
2011-12-07  79.03  79.4  78.47  79.02  825900  79.02
2011-12-06  80.0  80.42  79.44  79.54  827000  79.54
2011-12-05  78.33  80.67  78.15  79.53  1288500  79.53
2011-12-02  78.1  78.24  77.03  77.03  609000  77.03
2011-12-01  77.31  78.26  76.92  77.7  641000  77.7
2011-11-30  77.0  77.67  76.38  77.24  1086000  77.24
2011-11-29  75.62  76.77  75.49  75.92  801600  75.92
2011-11-28  76.96  77.09  75.39  75.73  941300  75.73
2011-11-25  74.07  75.59  73.9  75.51  1088600  75.51
2011-11-23  74.85  75.33  74.15  74.42  866000  74.42
2011-11-22  76.07  76.1  75.06  75.36  726800  75.36
2011-11-21  75.03  75.98  74.53  75.78  1064300  75.78
2011-11-18  75.96  76.05  75.09  75.47  1324900  75.47
2011-11-17  76.65  77.0  75.26  76.05  876300  76.05
2011-11-16  77.75  77.86  76.38  76.62  760300  76.62
2011-11-15  77.51  78.52  77.31  78.29  624100  78.29
2011-11-14  78.75  78.99  77.43  77.77  501600  77.77
2011-11-11  77.22  78.99  76.96  78.7  750200  78.7
2011-11-10  77.35  77.35  76.19  76.38  1066300  76.38
2011-11-09  76.42  77.99  76.19  76.99  2348600  76.99
2011-11-08  77.47  77.87  76.39  77.31  940400  77.31
2011-11-07  76.7  76.92  75.89  76.92  1447700  76.92
2011-11-04  76.8  77.44  75.96  76.9  877000  76.9
2011-11-03  76.45  77.49  75.58  77.36  1042400  77.36
2011-11-02  77.02  77.07  75.91  76.32  716200  76.32
2011-11-01  74.14  77.18  74.14  76.45  1410500  76.45
2011-10-31  75.67  77.29  75.5  76.05  863300  76.05
2011-10-28  75.75  77.35  75.71  76.07  1564900  76.07
2011-10-27  74.38  76.88  73.97  76.13  3004100  76.13
2011-10-26  72.1  72.12  69.14  70.2  1521000  70.2
2011-10-25  70.91  71.77  70.29  70.91  882900  70.91
2011-10-24  70.31  71.86  70.31  71.06  1461700  71.06
2011-10-21  71.44  71.44  69.77  70.42  1543900  70.42
2011-10-20  70.14  70.91  69.58  70.74  873600  70.74
2011-10-19  69.63  71.2  69.63  69.89  754300  69.89
2011-10-18  69.03  70.12  68.72  69.74  703100  69.74
2011-10-17  70.0  71.22  68.77  69.0  1547300  69.0
2011-10-14  69.33  69.85  68.48  69.82  633100  69.82
2011-10-13  68.35  69.08  68.05  68.71  852900  68.71
2011-10-12  69.85  69.94  68.04  68.37  1232100  68.37
2011-10-11  69.45  69.82  68.66  69.65  558300  69.65
2011-10-10  68.4  69.61  67.77  69.57  839300  69.57
2011-10-07  67.85  68.36  67.01  67.67  973200  67.67
2011-10-06  67.01  67.69  66.33  67.57  1359200  67.57
2011-10-05  67.33  67.64  65.57  66.91  1009900  66.91
2011-10-04  63.97  67.38  63.75  67.26  1438100  67.26
2011-10-03  66.34  66.67  64.88  64.97  1236400  64.97
2011-09-30  66.42  68.13  66.06  66.63  1475400  66.63
2011-09-29  69.7  69.73  65.58  67.35  1545500  67.35
2011-09-28  69.03  70.25  68.73  68.81  1320800  68.81
2011-09-27  70.38  70.96  68.16  68.56  1685000  68.56
2011-09-26  69.41  69.96  68.66  69.36  1253300  69.36
2011-09-23  68.57  69.5  68.18  69.14  862700  69.14
2011-09-22  68.66  69.6  67.95  68.61  1353800  68.61
2011-09-21  70.53  71.29  69.76  69.79  1045200  69.79
2011-09-20  71.74  71.78  70.09  70.42  1449900  70.42
2011-09-19  70.6  72.0  70.54  71.72  1114500  71.72
2011-09-16  70.8  71.7  70.51  71.14  2078800  71.14
2011-09-15  69.97  70.82  69.46  70.63  929300  70.63
2011-09-14  68.32  70.56  67.53  69.75  1694100  69.75
2011-09-13  67.0  68.29  66.62  68.11  1793900  68.11
2011-09-12  66.48  67.59  66.21  66.76  2005400  66.76
2011-09-09  67.24  68.25  66.91  67.29  1415700  67.29
2011-09-08  68.1  68.35  67.32  67.41  1097200  67.41
2011-09-07  67.0  68.49  66.65  68.43  1539700  68.43
2011-09-06  64.11  66.7  64.05  66.6  1388900  66.6
2011-09-02  64.57  66.37  64.56  65.75  2072900  65.75
2011-09-01  64.47  66.1  63.39  65.72  2186100  65.72
2011-08-31  65.44  66.02  64.54  64.88  1982400  64.88
2011-08-30  64.76  65.47  64.76  65.15  1912400  65.15
2011-08-29  64.37  65.25  63.75  65.24  1647000  65.24
2011-08-26  62.81  64.16  62.22  63.93  2064600  63.93
2011-08-25  63.98  64.22  62.85  62.93  1792800  62.93
2011-08-24  62.87  64.8  62.86  63.96  2884900  63.96
2011-08-23  62.0  63.64  61.8  63.19  3233200  63.19
2011-08-22  62.06  62.45  61.45  61.84  1804200  61.84
2011-08-19  60.55  62.59  60.55  61.07  2355200  61.07
2011-08-18  59.88  61.62  59.03  61.36  2971700  61.36
2011-08-17  60.86  61.7  60.25  61.06  1411900  61.06
2011-08-16  60.09  60.95  59.61  60.66  1365900  60.66
2011-08-15  60.37  60.83  59.85  60.74  1492700  60.74
2011-08-12  59.15  60.72  58.84  60.23  1856600  60.23
2011-08-11  58.01  59.59  58.01  59.02  3398200  59.02
2011-08-10  58.9  59.08  57.45  57.53  2804900  57.53
2011-08-09  58.16  59.99  57.48  59.99  4339600  59.99
2011-08-08  57.41  59.16  57.41  57.51  4917200  57.51
2011-08-05  57.69  58.64  56.25  58.35  3781500  58.35
2011-08-04  57.58  58.06  56.62  56.91  3357400  56.91
2011-08-03  57.07  58.46  56.79  58.13  2079500  58.13
2011-08-02  58.14  59.24  56.92  56.98  2750500  56.98
2011-08-01  59.08  59.62  58.34  58.69  2232300  58.69
2011-07-29  59.25  60.39  59.04  59.5  2046500  59.5
2011-07-28  59.0  61.32  58.32  59.54  4579000  59.54
2011-07-27  61.69  61.97  61.17  61.45  1767600  61.45
2011-07-26  62.18  62.41  61.59  62.11  1073700  62.11
2011-07-25  61.67  62.7  61.67  62.06  853700  62.06
2011-07-22  62.0  62.59  61.97  62.19  1362000  62.19
2011-07-21  62.23  62.51  61.61  61.9  1764100  61.9
2011-07-20  62.18  62.45  61.5  61.89  1244100  61.89
2011-07-19  62.52  62.87  62.02  62.36  1203700  62.36
2011-07-18  62.88  62.91  61.9  62.2  1199700  62.2
2011-07-15  63.82  64.0  62.63  63.09  1189300  63.09
2011-07-14  64.43  64.6  63.35  63.69  999700  63.69
2011-07-13  65.0  65.34  64.12  64.34  1072000  64.34
2011-07-12  64.55  65.18  64.39  64.64  1139500  64.64
2011-07-11  64.91  65.47  64.11  64.42  1248800  64.42
2011-07-08  65.22  65.99  65.14  65.42  999000  65.42
2011-07-07  66.16  66.39  65.61  65.77  1470000  65.77
2011-07-06  65.92  66.46  65.62  65.7  1187100  65.7
2011-07-05  66.22  66.35  65.65  66.04  1160900  66.04
2011-07-01  65.61  66.52  65.55  66.21  1663100  66.21
2011-06-30  64.84  65.63  64.5  65.51  1188700  65.51
2011-06-29  65.14  65.37  64.26  64.6  764000  64.6
2011-06-28  64.52  65.11  64.26  64.99  621700  64.99
2011-06-27  63.99  64.7  63.49  64.4  1073300  64.4
2011-06-24  64.4  64.58  63.58  64.0  767600  64.0
2011-06-23  63.09  64.65  62.95  64.6  1574600  64.6
2011-06-22  63.62  64.61  63.54  63.56  928400  63.56
2011-06-21  63.16  63.75  62.55  63.75  1335500  63.75
2011-06-20  61.94  63.03  61.88  63.0  1085500  63.0
2011-06-17  61.9  62.45  61.54  62.02  2101000  62.02
2011-06-16  60.25  61.29  59.92  61.17  1350200  61.17
2011-06-15  59.62  60.15  59.51  59.97  824000  59.97
2011-06-14  59.74  60.5  59.48  60.08  1265200  60.08
2011-06-13  59.2  59.89  59.16  59.5  1017000  59.5
2011-06-10  59.75  59.75  59.22  59.27  1038900  59.27
2011-06-09  58.96  59.9  58.71  59.8  974200  59.8
2011-06-08  59.4  59.4  58.82  58.96  1512600  58.96
2011-06-07  59.0  59.76  58.9  59.49  1824200  59.49
2011-06-06  58.78  59.18  58.58  58.92  1443300  58.92
2011-06-03  59.01  59.37  58.79  58.99  1157700  58.99
2011-06-02  59.31  59.65  59.03  59.58  1199600  59.58
2011-06-01  59.9  60.34  59.43  59.5  1206100  59.5
2011-05-31  59.93  60.11  59.61  60.11  1634200  60.11
2011-05-27  59.57  59.9  59.53  59.69  620500  59.69
2011-05-26  59.29  59.86  59.11  59.69  855800  59.69
2011-05-25  59.5  59.71  58.73  59.5  909100  59.5
2011-05-24  59.38  59.9  59.05  59.17  1640000  59.17
2011-05-23  57.36  59.46  57.11  59.02  2200000  59.02
2011-05-20  58.42  58.42  57.62  57.89  2299900  57.89
2011-05-19  59.38  59.39  57.92  58.59  2633200  58.59
2011-05-18  59.37  60.22  59.2  60.19  1006400  60.19
2011-05-17  60.17  60.28  59.41  59.51  1221500  59.51
2011-05-16  61.13  61.13  59.96  60.26  901000  60.26
2011-05-13  61.25  61.29  60.53  60.9  711100  60.9
2011-05-12  59.56  61.24  59.56  61.17  711000  61.17
2011-05-11  60.06  60.86  59.96  60.77  1200000  60.77
2011-05-10  59.75  60.3  59.71  60.26  793300  60.26
2011-05-09  59.67  59.97  59.3  59.66  585100  59.66
2011-05-06  60.32  60.6  59.7  59.7  795500  59.7
2011-05-05  59.55  60.32  59.0  59.87  1300000  59.87
2011-05-04  59.6  60.26  59.36  59.65  1092900  59.65
2011-05-03  59.29  60.0  59.29  59.67  1300000  59.67
2011-05-02  59.27  59.89  59.22  59.55  1344400  59.55
2011-04-29  58.56  59.5  58.39  59.06  2111900  59.06
2011-04-28  58.89  58.98  57.27  58.55  1900000  58.55
2011-04-27  58.02  58.69  57.98  58.45  1203600  58.45
2011-04-26  59.21  59.21  57.77  57.97  1100000  57.97
2011-04-25  58.1  58.2  57.55  58.07  529000  58.07
2011-04-21  58.09  58.24  57.55  58.03  565500  58.03
2011-04-20  57.29  58.1  57.24  58.09  891300  58.09
2011-04-19  56.72  56.95  56.22  56.64  578300  56.64
2011-04-18  55.7  56.87  55.47  56.78  974800  56.78
2011-04-15  55.61  56.55  55.61  56.34  1077700  56.34
2011-04-14  55.08  55.96  55.08  55.84  943000  55.84
2011-04-13  55.15  55.6  54.98  55.38  1435700  55.38
2011-04-12  56.1  56.59  55.99  56.05  848800  56.05
2011-04-11  56.5  56.68  55.64  56.31  1159200  56.31
2011-04-08  57.33  57.4  56.26  56.5  770200  56.5
2011-04-07  57.43  58.04  56.93  57.2  917300  57.2
2011-04-06  58.57  58.63  57.44  57.49  982100  57.49
2011-04-05  57.52  59.09  57.52  58.23  1399700  58.23
2011-04-04  57.75  57.84  56.12  57.67  1451300  57.67
2011-04-01  57.6  58.31  57.6  57.88  662700  57.88
2011-03-31  57.8  57.98  56.82  57.46  1088200  57.46
2011-03-30  57.32  57.89  56.96  57.85  585400  57.85
2011-03-29  56.78  57.01  56.51  56.83  830100  56.83
2011-03-28  58.34  58.55  56.71  56.72  799300  56.72
2011-03-25  57.99  58.5  57.79  58.12  642500  58.12
2011-03-24  57.41  58.28  57.19  57.89  682700  57.89
2011-03-23  56.37  57.32  55.8  57.13  562400  57.13
2011-03-22  56.32  56.58  56.04  56.51  847900  56.51
2011-03-21  56.13  57.29  56.03  56.45  981000  56.45
2011-03-18  56.15  56.16  55.05  55.47  1754700  55.47
2011-03-17  55.69  56.02  55.0  55.46  847200  55.46
2011-03-16  54.97  55.58  54.56  55.07  1168800  55.07
2011-03-15  54.64  55.95  54.5  55.33  1062200  55.33
2011-03-14  55.54  55.77  54.81  55.57  878400  55.57
2011-03-11  55.44  56.15  54.78  56.02  847500  56.02
2011-03-10  55.48  55.95  55.27  55.73  987300  55.73
2011-03-09  55.83  56.26  55.57  55.96  633700  55.96
2011-03-08  55.46  56.28  55.11  56.0  801500  56.0
2011-03-07  56.66  56.83  55.38  55.38  1409900  55.38
2011-03-04  56.34  56.67  55.87  56.38  704500  56.38
2011-03-03  56.15  56.79  55.74  56.55  838300  56.55
2011-03-02  55.04  56.08  55.04  55.91  1007000  55.91
2011-03-01  55.62  55.96  54.85  55.15  1294200  55.15
2011-02-28  55.68  56.8  55.18  55.58  1439000  55.58
2011-02-25  54.64  55.43  54.6  55.34  1453600  55.34
2011-02-24  54.42  54.94  53.33  54.58  2543300  54.58
2011-02-23  54.89  55.23  54.04  54.42  1916000  54.42
2011-02-22  53.87  55.58  53.44  55.02  1980200  55.02
2011-02-18  54.94  55.92  54.72  55.25  1927900  55.25
2011-02-17  56.87  57.0  55.14  55.25  4410900  55.25
2011-02-16  59.09  59.35  57.96  58.28  1371100  58.28
2011-02-15  57.25  57.7  56.9  57.7  956300  57.7
2011-02-14  57.31  57.63  56.64  57.33  974700  57.33
2011-02-11  57.36  57.78  56.69  57.63  1061500  57.63
2011-02-10  58.0  58.0  56.52  57.39  1381500  57.39
2011-02-09  58.09  58.51  57.8  58.31  819200  58.31
2011-02-08  57.67  58.23  57.52  58.21  790600  58.21
2011-02-07  57.58  57.98  57.51  57.74  773700  57.74
2011-02-04  56.4  57.65  56.27  57.58  1051700  57.58
2011-02-03  55.62  56.63  55.5  56.5  828700  56.5
2011-02-02  56.71  57.15  55.52  55.65  989800  55.65
2011-02-01  57.31  57.46  56.85  56.92  875600  56.92
2011-01-31  56.55  57.44  56.29  56.83  835400  56.83
2011-01-28  57.64  57.77  56.44  56.51  1092500  56.51
2011-01-27  57.18  57.82  56.88  57.73  1212700  57.73
2011-01-26  56.3  57.03  55.6  56.99  1081500  56.99
2011-01-25  57.0  57.03  55.85  56.29  1073900  56.29
2011-01-24  57.33  57.49  56.51  57.25  908500  57.25
2011-01-21  58.03  58.05  57.02  57.5  1009200  57.5
2011-01-20  57.36  58.6  57.36  57.88  1198200  57.88
2011-01-19  56.65  57.61  56.47  57.4  1504500  57.4
2011-01-18  57.45  57.92  56.68  56.91  836400  56.91
2011-01-14  56.67  57.31  56.45  57.31  852300  57.31
2011-01-13  57.15  57.15  56.62  56.71  760400  56.71
2011-01-12  56.82  57.49  56.41  57.16  1041900  57.16
2011-01-11  56.83  57.49  56.23  56.25  1128000  56.25
2011-01-10  56.3  56.93  56.2  56.76  1455000  56.76
2011-01-07  56.64  56.71  56.02  56.43  1445400  56.43
2011-01-06  58.18  58.18  56.35  56.44  1342200  56.44
2011-01-05  58.04  58.59  57.39  58.27  1349100  58.27
2011-01-04  60.51  60.62  57.9  58.11  1658000  58.11
2011-01-03  60.99  61.7  60.43  60.69  945100  60.69
2010-12-31  60.96  61.06  60.28  60.42  422000  60.42
2010-12-30  60.7  61.06  60.5  60.95  360700  60.95
2010-12-29  60.88  61.12  60.5  60.64  615500  60.64
2010-12-28  60.47  60.85  60.3  60.64  503300  60.64
2010-12-27  60.15  60.96  59.21  60.54  839700  60.54
2010-12-23  61.07  61.15  60.06  60.24  1390800  60.24
2010-12-22  61.89  62.1  61.12  61.21  789400  61.21
2010-12-21  62.82  62.98  61.81  61.93  729400  61.93
2010-12-20  62.98  63.04  62.25  62.54  955300  62.54
2010-12-17  62.97  63.03  62.3  62.77  3166000  62.77
2010-12-16  61.98  63.05  61.86  63.04  1633700  63.04
2010-12-15  61.83  62.24  61.51  62.01  950200  62.01
2010-12-14  61.56  62.03  61.2  61.81  1135000  61.81
2010-12-13  61.86  62.04  61.11  61.27  936900  61.27
2010-12-10  61.65  61.8  61.18  61.45  689400  61.45
2010-12-09  61.4  61.54  60.53  61.54  1271400  61.54
2010-12-08  60.68  61.18  60.68  61.13  1121700  61.13
2010-12-07  61.96  62.4  60.22  60.54  1771400  60.54
2010-12-06  61.63  61.82  61.11  61.19  710900  61.19
2010-12-03  61.54  61.86  61.24  61.61  1023900  61.61
2010-12-02  60.77  61.75  60.63  61.75  1167000  61.75
2010-12-01  60.74  61.32  60.52  60.71  919100  60.71
2010-11-30  59.51  60.34  59.01  60.18  1467100  60.18
2010-11-29  60.27  60.49  59.26  59.92  970900  59.92
2010-11-26  60.39  60.91  60.3  60.67  294400  60.67
2010-11-24  60.27  61.0  60.08  60.71  1058600  60.71
2010-11-23  59.93  59.95  59.26  59.87  834000  59.87
2010-11-22  60.0  60.82  59.5  60.24  1194500  60.24
2010-11-19  59.47  59.63  59.09  59.5  681300  59.5
2010-11-18  59.27  60.0  59.0  59.44  1056700  59.44
2010-11-17  58.35  58.98  58.07  58.82  1199500  58.82
2010-11-16  58.86  59.68  58.37  58.38  1090100  58.38
2010-11-15  59.92  59.98  59.18  59.32  783700  59.32
2010-11-12  59.88  60.25  59.01  59.63  1102300  59.63
2010-11-11  59.0  60.82  58.64  60.36  2043700  60.36
2010-11-10  58.38  59.15  58.1  59.15  739800  59.15
2010-11-09  58.88  58.92  57.87  58.29  580700  58.29
2010-11-08  58.33  59.04  58.21  58.71  531300  58.71
2010-11-05  58.21  58.79  58.13  58.43  676400  58.43
2010-11-04  58.09  58.42  57.54  58.2  1222500  58.2
2010-11-03  57.12  57.75  56.93  57.51  1234000  57.51
2010-11-02  57.63  57.86  57.04  57.17  1505300  57.17
2010-11-01  58.65  58.82  57.37  57.65  1567700  57.65
2010-10-29  57.1  58.6  56.87  58.5  1769200  58.5
2010-10-28  55.0  57.59  54.79  57.12  2617500  57.12
2010-10-27  53.91  54.43  53.42  54.4  1026700  54.4
2010-10-26  54.43  54.82  53.93  54.35  1029600  54.35
2010-10-25  54.25  54.84  54.21  54.6  1097400  54.6
2010-10-22  53.63  54.06  53.31  54.02  826700  54.02
2010-10-21  53.49  53.96  53.04  53.64  917600  53.64
2010-10-20  53.17  53.99  52.97  53.73  900200  53.73
2010-10-19  52.8  53.33  52.61  53.01  1210900  53.01
2010-10-18  53.53  53.71  52.99  53.12  715600  53.12
2010-10-15  53.59  53.79  53.02  53.69  1331800  53.69
2010-10-14  52.79  53.42  52.46  53.26  1488500  53.26
2010-10-13  53.44  53.53  52.75  52.84  1061000  52.84
2010-10-12  52.73  53.45  52.4  53.36  723100  53.36
2010-10-11  53.37  53.45  52.71  52.85  1157000  52.85
2010-10-08  53.77  54.05  53.2  53.49  908900  53.49
2010-10-07  53.92  54.0  53.34  53.8  712900  53.8
2010-10-06  53.83  54.18  53.52  53.65  1104900  53.65
2010-10-05  53.78  54.42  53.57  54.06  950000  54.06
2010-10-04  53.27  53.77  52.88  53.39  1055300  53.39
2010-10-01  53.67  54.35  53.14  53.36  1450600  53.36
2010-09-30  53.88  53.89  52.62  53.2  1539700  53.2
2010-09-29  53.64  54.19  53.63  54.07  690100  54.07
2010-09-28  53.38  54.0  52.74  53.9  1365600  53.9
2010-09-27  53.31  53.33  52.71  52.99  862700  52.99
2010-09-24  53.3  53.54  52.9  53.47  1032800  53.47
2010-09-23  52.89  53.5  52.59  52.73  915800  52.73
2010-09-22  52.35  53.37  52.31  53.34  1499600  53.34
2010-09-21  52.57  52.66  51.71  52.39  892200  52.39
2010-09-20  51.97  52.74  51.87  52.66  825100  52.66
2010-09-17  51.84  52.0  51.37  51.95  1309300  51.95
2010-09-16  51.32  51.76  51.09  51.66  669600  51.66
2010-09-15  50.87  51.52  50.8  51.52  567900  51.52
2010-09-14  51.04  51.6  51.04  51.08  940700  51.08
2010-09-13  50.27  51.24  50.17  51.18  865500  51.18
2010-09-10  50.08  50.54  49.98  50.12  699500  50.12
2010-09-09  50.6  50.94  49.8  50.16  1092100  50.16
2010-09-08  49.67  50.29  49.55  50.26  954600  50.26
2010-09-07  50.29  50.31  49.48  49.58  1053500  49.58
2010-09-03  49.83  50.44  49.53  50.13  1028500  50.13
2010-09-02  48.57  49.65  48.57  49.65  1362000  49.65
2010-09-01  47.5  49.0  47.5  48.87  1594500  48.87
2010-08-31  46.82  47.37  46.56  47.27  1538200  47.27
2010-08-30  47.45  47.57  46.93  46.93  573700  46.93
2010-08-27  47.43  47.78  46.89  47.61  614300  47.61
2010-08-26  47.45  47.6  47.18  47.21  697400  47.21
2010-08-25  47.0  47.5  46.84  47.33  984600  47.33
2010-08-24  46.77  47.48  46.09  47.17  1138300  47.17
2010-08-23  47.81  48.02  47.06  47.1  1085800  47.1
2010-08-20  47.46  47.84  46.95  47.82  1165000  47.82
2010-08-19  47.75  48.04  47.15  47.47  1117800  47.47
2010-08-18  47.85  48.45  47.51  48.08  1629400  48.08
2010-08-17  47.41  48.01  47.2  47.8  2414500  47.8
2010-08-16  46.59  47.18  46.52  47.13  1413500  47.13
2010-08-13  46.64  47.0  46.25  46.84  1113100  46.84
2010-08-12  45.75  47.22  45.74  46.97  2169200  46.97
2010-08-11  46.42  46.55  45.75  46.27  1313900  46.27
2010-08-10  46.88  47.14  46.57  46.83  1127400  46.83
2010-08-09  47.91  47.91  46.91  47.27  2187000  47.27
2010-08-06  48.01  48.01  46.78  47.14  2088500  47.14
2010-08-05  47.45  48.0  47.09  47.85  1165400  47.85
2010-08-04  48.1  48.25  47.3  47.75  1637300  47.75
2010-08-03  48.28  48.91  48.0  48.16  1408200  48.16
2010-08-02  49.88  49.9  49.02  49.08  1698500  49.08
2010-07-30  48.86  49.37  48.62  49.28  1909900  49.28
2010-07-29  49.39  49.65  48.23  48.99  2289600  48.99
2010-07-28  49.03  49.79  48.85  49.39  1443500  49.39
2010-07-27  50.0  50.17  48.88  48.98  1162300  48.98
2010-07-26  49.28  49.96  48.7  49.94  1623500  49.94
2010-07-23  47.76  49.12  47.76  49.04  846500  49.04
2010-07-22  47.54  48.34  47.54  48.0  907100  48.0
2010-07-21  48.78  48.91  46.8  47.03  1628200  47.03
2010-07-20  47.35  48.79  47.13  48.74  897400  48.74
2010-07-19  47.09  48.4  47.01  47.91  958200  47.91
2010-07-16  48.39  48.39  47.03  47.09  1151700  47.09
2010-07-15  47.4  48.42  47.35  48.32  1173500  48.32
2010-07-14  47.52  47.83  47.15  47.52  1411900  47.52
2010-07-13  46.49  47.81  46.37  47.6  1623600  47.6
2010-07-12  46.09  46.32  45.65  46.19  900600  46.19
2010-07-09  46.42  46.53  45.79  46.07  1418100  46.07
2010-07-08  46.87  47.0  45.66  46.35  2451700  46.35
2010-07-07  46.7  47.15  46.06  46.8  2231600  46.8
2010-07-06  48.1  48.43  46.31  46.75  1927000  46.75
2010-07-02  48.02  48.12  47.62  47.68  893300  47.68
2010-07-01  47.45  48.15  46.86  48.0  1508600  48.0
2010-06-30  47.64  48.47  47.3  47.56  1068300  47.56
2010-06-29  48.33  48.42  47.23  47.83  1340500  47.83
2010-06-28  49.12  49.15  48.41  48.61  740900  48.61
2010-06-25  48.84  49.46  48.51  49.15  1000800  49.15
2010-06-24  49.68  49.89  48.53  48.87  1022100  48.87
2010-06-23  49.25  50.18  49.25  49.9  1115500  49.9
2010-06-22  49.66  50.43  48.94  49.07  1066500  49.07
2010-06-21  50.06  50.44  49.39  49.66  839300  49.66
2010-06-18  50.34  50.8  49.7  49.93  2370400  49.93
2010-06-17  50.87  50.93  50.15  50.38  1320400  50.38
2010-06-16  51.07  51.12  50.53  50.62  1096400  50.62
2010-06-15  50.67  51.16  50.21  51.13  1077200  51.13
2010-06-14  50.51  50.97  50.27  50.32  1137100  50.32
2010-06-11  48.82  50.07  48.81  49.81  1067400  49.81
2010-06-10  49.38  49.71  48.51  49.48  1553700  49.48
2010-06-09  49.58  50.2  48.73  48.95  1281800  48.95
2010-06-08  48.4  49.5  48.05  49.4  1595200  49.4
2010-06-07  49.77  49.94  48.41  48.49  1074600  48.49
2010-06-04  50.56  50.74  49.33  49.63  1754800  49.63
2010-06-03  51.26  51.6  50.81  51.4  1408800  51.4
2010-06-02  50.97  51.43  50.3  51.39  1512200  51.39
2010-06-01  50.93  51.28  50.34  50.62  2386500  50.62
2010-05-28  50.42  51.7  50.21  51.02  2701700  51.02
2010-05-27  49.95  50.73  49.73  50.67  2002800  50.67
2010-05-26  49.75  50.27  49.04  49.16  3613300  49.16
2010-05-25  46.85  49.72  46.7  49.49  3188800  49.49
2010-05-24  47.18  48.33  47.18  47.6  1306500  47.6
2010-05-21  47.07  48.62  47.0  47.89  2352200  47.89
2010-05-20  48.17  49.62  47.77  47.77  2674900  47.77
2010-05-19  47.99  49.18  47.59  48.78  1712800  48.78
2010-05-18  48.73  49.2  47.93  48.09  1473200  48.09
2010-05-17  48.16  48.58  47.4  48.4  2132800  48.4
2010-05-14  47.96  48.38  47.52  47.92  1638300  47.92
2010-05-13  48.59  48.84  48.04  48.07  1364700  48.07
2010-05-12  48.3  48.98  48.06  48.94  1009900  48.94
2010-05-11  48.03  48.85  47.76  48.23  1323200  48.23
2010-05-10  48.16  48.6  47.68  48.37  1733900  48.37
2010-05-07  47.07  47.72  45.85  46.35  1869600  46.35
2010-05-06  47.46  48.18  45.22  46.92  2050200  46.92
2010-05-05  48.3  49.34  48.17  48.31  1720500  48.31
2010-05-04  48.2  48.76  47.53  48.45  2187300  48.45
2010-05-03  48.78  49.72  48.6  49.72  1505100  49.72
2010-04-30  49.0  49.69  48.85  48.87  2865700  48.87
2010-04-29  49.5  50.09  48.63  49.6  3769800  49.6
2010-04-28  45.94  46.75  45.67  46.34  2068700  46.34
2010-04-27  46.56  46.79  45.8  45.88  2158700  45.88
2010-04-26  46.38  46.83  46.32  46.56  1831400  46.56
2010-04-23  46.19  46.31  45.62  46.27  2052100  46.27
2010-04-22  44.51  46.15  44.5  46.03  2210900  46.03
2010-04-21  44.35  44.77  43.98  44.67  1128900  44.67
2010-04-20  43.96  44.44  43.82  44.35  1072600  44.35
2010-04-19  43.64  43.94  43.23  43.84  1129500  43.84
2010-04-16  43.73  43.99  43.38  43.58  1839700  43.58
2010-04-15  43.41  44.0  43.41  43.82  1333700  43.82
2010-04-14  42.39  43.57  42.33  43.53  1477600  43.53
2010-04-13  41.96  42.21  41.73  42.15  668300  42.15
2010-04-12  41.81  42.0  41.46  41.88  1115100  41.88
2010-04-09  41.7  41.88  41.31  41.83  859900  41.83
2010-04-08  41.58  41.67  41.3  41.61  2617500  41.61
2010-04-07  41.4  41.95  41.4  41.73  1408200  41.73
2010-04-06  41.84  42.16  41.79  41.91  1274100  41.91
2010-04-05  41.98  42.12  41.67  42.07  1091200  42.07
2010-04-01  41.81  42.03  41.56  41.93  1188200  41.93
2010-03-31  41.65  41.94  41.45  41.71  1617400  41.71
2010-03-30  41.88  42.08  41.42  41.83  969200  41.83
2010-03-29  41.02  42.05  40.77  41.76  1835700  41.76
2010-03-26  41.91  42.22  41.75  42.03  1055200  42.03
2010-03-25  42.33  42.35  41.93  41.96  1167400  41.96
2010-03-24  42.71  42.75  41.88  42.04  1488100  42.04
2010-03-23  42.78  43.0  42.45  43.0  909700  43.0
2010-03-22  41.99  42.92  41.93  42.76  1512600  42.76
2010-03-19  42.11  42.18  41.72  42.0  2248100  42.0
2010-03-18  41.97  42.21  41.65  41.91  1707800  41.91
2010-03-17  40.97  41.9  40.94  41.89  2061900  41.89
2010-03-16  40.5  41.12  40.35  41.11  1283200  41.11
2010-03-15  40.44  40.56  40.2  40.46  929900  40.46
2010-03-12  40.35  40.43  40.13  40.43  697500  40.43
2010-03-11  40.06  40.4  39.91  40.33  966700  40.33
2010-03-10  40.11  40.4  39.62  40.26  1354100  40.26
2010-03-09  39.58  40.02  39.57  39.74  1192500  39.74
2010-03-08  39.65  40.09  39.55  39.77  1073400  39.77
2010-03-05  39.55  39.8  39.39  39.72  1495100  39.72
2010-03-04  38.89  39.59  38.88  39.52  1525100  39.52
2010-03-03  39.51  39.65  39.14  39.26  1564300  39.26
2010-03-02  39.52  39.69  39.25  39.53  1408600  39.53
2010-03-01  39.29  39.58  38.91  39.57  1459800  39.57
2010-02-26  39.63  39.68  39.14  39.3  1602300  39.3
2010-02-25  38.83  39.5  38.51  39.5  1560100  39.5
2010-02-24  38.8  39.37  38.72  39.29  1570600  39.29
2010-02-23  38.75  38.95  38.42  38.6  1758100  38.6
2010-02-22  39.0  39.15  38.52  38.72  1510700  38.72
2010-02-19  38.52  39.18  38.4  38.91  4191000  38.91
2010-02-18  38.45  38.72  37.58  38.36  9171000  38.36
2010-02-17  39.84  40.98  39.75  40.79  2016600  40.79
2010-02-16  39.9  40.16  39.61  39.85  1921400  39.85
2010-02-12  39.24  39.87  39.13  39.8  1368600  39.8
2010-02-11  39.35  39.62  38.65  39.52  1713000  39.52
2010-02-10  38.9  39.17  38.58  39.02  1568600  39.02
2010-02-09  38.57  39.06  38.28  38.88  1105800  38.88
2010-02-08  38.43  38.83  38.18  38.19  988400  38.19
2010-02-05  38.22  38.68  37.92  38.47  1969900  38.47
2010-02-04  38.61  38.82  38.14  38.28  1850100  38.28
2010-02-03  38.65  39.02  38.49  38.93  1264200  38.93
2010-02-02  38.15  38.95  38.1  38.85  1478100  38.85
2010-02-01  38.05  38.31  37.76  38.24  1291200  38.24
2010-01-29  38.39  38.49  37.78  37.8  1804600  37.8
2010-01-28  38.48  38.48  37.47  37.73  1701000  37.73
2010-01-27  38.17  38.42  37.69  38.27  1523600  38.27
2010-01-26  38.4  38.69  37.92  38.46  1388500  38.46
2010-01-25  38.72  38.87  38.35  38.58  1751400  38.58
2010-01-22  37.81  38.77  37.66  37.86  1383500  37.86
2010-01-21  37.85  38.43  37.57  37.84  1404700  37.84
2010-01-20  38.25  38.36  37.7  37.95  989700  37.95
2010-01-19  38.21  38.71  38.0  38.61  924200  38.61
2010-01-15  38.45  39.15  38.02  38.21  1359300  38.21
2010-01-14  38.77  38.98  38.46  38.79  684800  38.79
2010-01-13  38.95  39.21  38.75  38.98  1386200  38.98
2010-01-12  38.9  39.46  38.67  38.85  1660700  38.85
2010-01-11  37.93  38.17  37.55  38.13  778200  38.13
2010-01-08  38.11  38.31  37.89  37.93  875000  37.93
2010-01-07  38.22  38.58  38.15  38.27  695300  38.27
2010-01-06  38.44  38.75  38.18  38.39  1105000  38.39
2010-01-05  38.35  38.57  38.07  38.56  1134100  38.56
2010-01-04  39.24  39.24  38.1  38.5  1278200  38.5
