Date  Open  High  Low  Close  Volume  Adj Close
2014-02-28  95.75  97.17  95.75  96.52  3998300  96.52
2014-02-27  95.09  95.55  94.68  95.53  2841900  95.53
2014-02-26  96.0  96.0  94.63  95.2  3750400  95.2
2014-02-25  95.87  96.05  95.11  95.82  2894900  95.82
2014-02-24  96.17  96.58  95.71  96.07  4626500  96.07
2014-02-21  95.32  95.97  94.91  95.39  3696100  95.39
2014-02-20  95.0  95.59  94.75  95.4  3827600  95.4
2014-02-19  96.05  96.5  94.87  94.94  5371100  94.94
2014-02-18  96.1  96.53  95.31  96.28  5798700  96.28
2014-02-14  94.66  96.06  94.27  95.76  8779500  95.76
2014-02-13  91.41  92.51  91.15  92.27  3708100  92.27
2014-02-12  92.08  92.7  91.85  92.19  3349700  92.19
2014-02-11  90.8  92.1  90.73  91.6  3772000  91.6
2014-02-10  90.45  91.12  90.16  90.69  4345500  90.69
2014-02-07  88.8  90.91  88.35  90.59  4941900  90.59
2014-02-06  87.61  88.96  87.61  88.48  5376000  88.48
2014-02-05  87.41  87.78  85.9  87.29  5590600  87.29
2014-02-04  87.42  88.04  86.58  87.14  6187600  87.14
2014-02-03  87.8  88.35  87.17  87.24  6228300  87.24
2014-01-31  87.78  88.73  86.81  87.57  5798500  87.57
2014-01-30  88.74  89.23  86.5  88.3  5523000  88.3
2014-01-29  87.29  88.39  87.0  87.82  4094700  87.82
2014-01-28  87.28  88.55  87.18  88.31  2963800  88.31
2014-01-27  87.95  88.14  86.8  87.09  3585600  87.09
2014-01-24  88.76  88.83  87.59  88.0  4734100  88.0
2014-01-23  90.66  90.66  89.17  89.42  4373900  89.42
2014-01-22  90.52  91.28  89.65  90.96  3924700  90.96
2014-01-21  91.22  91.52  89.38  89.97  4978900  89.97
2014-01-17  91.74  91.96  90.55  90.57  3931900  90.57
2014-01-16  91.33  91.94  91.06  91.77  3777000  91.77
2014-01-15  92.76  92.87  90.74  91.46  4890400  91.46
2014-01-14  91.93  92.36  91.47  92.31  4383200  92.31
2014-01-13  93.36  94.1  91.45  91.54  5150800  91.54
2014-01-10  95.05  95.08  93.41  93.85  3406400  93.85
2014-01-09  94.84  95.12  94.07  94.84  3129900  94.84
2014-01-08  94.99  95.4  94.2  94.79  3520400  94.79
2014-01-07  94.57  95.69  94.09  95.55  3691000  95.55
2014-01-06  93.86  94.11  93.2  93.8  3176800  93.8
2014-01-03  93.91  94.25  92.88  93.52  2848000  93.52
2014-01-02  94.51  94.84  93.41  93.85  2752600  93.85
2013-12-31  94.95  95.32  94.23  95.1  2689600  95.1
2013-12-30  94.64  95.32  94.35  94.55  2230200  94.55
2013-12-27  94.16  94.95  93.88  94.85  2001700  94.85
2013-12-26  93.47  94.11  93.13  94.03  2047900  94.03
2013-12-24  93.24  93.54  92.66  93.48  954700  93.48
2013-12-23  93.41  93.88  93.17  93.23  2237400  93.23
2013-12-20  92.8  93.52  92.54  92.8  4970000  92.8
2013-12-19  91.87  93.13  91.5  92.93  4232800  92.93
2013-12-18  90.75  92.34  90.39  92.26  4846100  92.26
2013-12-17  90.95  90.96  90.13  90.21  4578300  90.21
2013-12-16  91.32  91.83  90.73  90.95  3641700  90.95
2013-12-13  91.24  91.49  90.63  91.11  3310500  91.11
2013-12-12  91.44  92.12  90.98  91.24  4265700  91.24
2013-12-11  92.36  92.79  91.33  91.54  4622800  91.54
2013-12-10  93.15  93.2  92.45  92.49  4071200  92.49
2013-12-09  92.57  93.78  92.37  93.14  5059300  93.14
2013-12-06  93.94  94.54  92.54  92.65  4220900  92.65
2013-12-05  93.75  93.79  92.72  92.79  4570100  92.79
2013-12-04  93.65  94.41  93.11  93.94  3998500  93.94
2013-12-03  94.08  94.94  93.41  93.65  4863600  93.65
2013-12-02  94.48  94.74  93.43  94.11  3079200  94.11
2013-11-29  94.56  95.29  93.87  94.31  2252400  94.31
2013-11-27  96.82  96.93  94.14  94.55  4513700  94.55
2013-11-26  96.82  97.42  96.38  96.96  2511000  96.96
2013-11-25  98.63  98.63  96.63  96.8  3815100  96.8
2013-11-22  98.09  98.74  97.29  98.69  3016300  98.69
2013-11-21  96.83  98.04  96.46  97.97  2637200  97.97
2013-11-20  96.46  97.13  96.12  96.51  2817300  96.51
2013-11-19  96.24  96.67  95.36  96.24  2810800  96.24
2013-11-18  96.93  97.09  95.99  96.41  2712000  96.41
2013-11-15  96.9  97.09  96.14  96.87  3344000  96.87
2013-11-14  96.35  96.98  95.82  96.81  3309300  96.81
2013-11-13  94.64  96.38  94.45  96.34  3249900  96.34
2013-11-12  96.0  96.16  94.68  94.98  3048600  94.98
2013-11-11  95.8  96.42  95.52  96.35  2281200  96.35
2013-11-08  95.05  95.81  94.91  95.67  4794600  95.67
2013-11-07  96.04  96.22  94.76  95.19  3864800  95.19
2013-11-06  96.4  96.83  95.38  96.35  3530300  96.35
2013-11-05  96.71  96.71  95.57  96.03  3700300  96.03
2013-11-04  95.57  97.15  95.27  97.06  4228500  97.06
2013-11-01  95.39  95.61  93.94  94.99  3102400  94.99
2013-10-31  95.54  96.57  94.73  95.42  3576000  95.42
2013-10-30  96.2  97.3  94.49  95.4  3899200  95.4
2013-10-29  97.21  97.33  95.34  95.82  5125600  95.82
2013-10-28  96.21  97.12  94.85  96.87  3387300  96.87
2013-10-25  96.24  96.42  95.44  96.22  2281000  96.22
2013-10-24  95.31  96.65  94.84  96.37  2238600  96.37
2013-10-23  96.58  96.61  94.75  95.0  3632800  95.0
2013-10-22  96.72  97.32  96.15  97.15  3615600  97.15
2013-10-21  97.54  97.54  96.1  96.39  3591200  96.39
2013-10-18  97.87  98.03  95.55  97.62  6848400  97.62
2013-10-17  96.14  97.41  96.01  97.41  3553100  97.41
2013-10-16  95.34  96.58  95.04  96.31  3978600  96.31
2013-10-15  94.9  95.64  94.38  94.58  3061400  94.58
2013-10-14  94.33  95.28  93.96  95.05  2375400  95.05
2013-10-11  94.03  95.16  93.6  94.84  2698600  94.84
2013-10-10  94.33  95.22  93.72  94.45  3286100  94.45
2013-10-09  93.18  93.67  92.29  93.32  3048100  93.32
2013-10-08  94.4  94.58  92.87  92.92  3254500  92.92
2013-10-07  93.96  95.28  93.79  94.63  2784400  94.63
2013-10-04  93.79  94.98  93.5  94.76  2538900  94.76
2013-10-03  94.09  94.35  93.07  93.75  3619600  93.75
2013-10-02  93.53  94.32  92.49  94.16  3378800  94.16
2013-10-01  92.8  93.82  92.72  93.74  2383600  93.74
2013-09-30  92.74  93.01  92.16  92.9  4000500  92.9
2013-09-27  93.23  93.85  92.66  93.81  4234700  93.81
2013-09-26  93.11  93.75  92.42  92.94  5120000  92.94
2013-09-25  92.56  92.66  91.75  92.27  3833500  92.27
2013-09-24  90.79  92.84  90.76  92.16  3875700  92.16
2013-09-23  90.5  91.01  90.29  90.74  4498500  90.74
2013-09-20  91.59  91.75  90.93  90.93  4765600  90.93
2013-09-19  91.81  92.25  91.17  91.48  2984700  91.48
2013-09-18  90.46  92.22  90.18  91.68  3778700  91.68
2013-09-17  89.2  90.78  89.07  90.36  2751900  90.36
2013-09-16  89.63  89.83  88.85  89.07  4198100  89.07
2013-09-13  90.67  92.24  88.68  88.88  9304500  88.88
2013-09-12  89.93  91.01  89.7  90.39  3774600  90.39
2013-09-11  89.05  90.2  88.93  90.2  2377900  90.2
2013-09-10  89.13  89.38  88.17  89.05  2756700  89.05
2013-09-09  88.38  89.24  88.37  89.09  2688100  89.09
2013-09-06  88.93  89.15  88.01  88.39  2488900  88.39
2013-09-05  88.46  89.14  88.35  88.49  2007500  88.49
2013-09-04  87.1  88.99  87.0  88.52  3516900  88.52
2013-09-03  87.7  87.75  86.49  87.24  2463800  87.24
2013-08-30  88.52  88.62  86.72  86.98  3012500  86.98
2013-08-29  86.78  87.83  86.72  86.98  3682300  86.98
2013-08-28  86.15  87.51  86.15  86.94  2751400  86.94
2013-08-27  86.11  86.77  85.89  86.13  3022600  86.13
2013-08-26  87.1  87.74  86.62  86.7  2936300  86.7
2013-08-23  85.12  87.17  84.94  86.94  3858600  86.94
2013-08-22  84.32  85.59  84.15  84.92  2460100  84.92
2013-08-21  84.39  84.88  83.73  84.19  4339700  84.19
2013-08-20  84.9  85.54  84.58  84.75  2803500  84.75
2013-08-19  85.2  86.31  84.82  84.91  2869100  84.91
2013-08-16  85.66  85.76  84.49  85.3  4069800  85.3
2013-08-15  86.13  86.29  85.49  85.78  3447800  85.78
2013-08-14  86.71  87.07  86.2  86.46  3222400  86.46
2013-08-13  87.09  87.1  86.57  86.65  4270000  86.65
2013-08-12  86.63  87.19  86.3  87.06  3038900  87.06
2013-08-09  86.99  87.8  86.69  87.05  3589400  87.05
2013-08-08  86.87  87.59  85.94  87.25  3994600  87.25
2013-08-07  86.77  87.08  86.4  86.66  3030000  86.66
2013-08-06  87.04  87.51  86.59  86.95  3257800  86.95
2013-08-05  87.61  87.65  86.84  86.92  3630100  86.92
2013-08-02  88.43  88.71  87.23  87.68  3564400  87.68
2013-08-01  88.4  88.85  87.87  88.6  3400700  88.6
2013-07-31  87.29  88.55  86.94  87.81  5292400  87.81
2013-07-30  89.14  89.29  84.92  87.09  8134600  87.09
2013-07-29  89.46  89.48  88.18  89.22  3807600  89.22
2013-07-26  89.06  89.64  88.53  89.49  2480000  89.49
2013-07-25  89.45  89.96  88.92  89.78  2308400  89.78
2013-07-24  90.87  90.98  89.12  89.73  3006000  89.73
2013-07-23  90.75  91.38  90.52  90.75  2693500  90.75
2013-07-22  90.82  91.3  90.34  90.69  2496900  90.69
2013-07-19  90.37  91.13  89.66  90.81  4020000  90.81
2013-07-18  88.94  90.39  88.89  90.0  2838500  90.0
2013-07-17  88.55  88.98  88.16  88.69  3161600  88.69
2013-07-16  89.38  89.63  87.5  88.41  4145300  88.41
2013-07-15  88.92  89.69  88.25  89.25  2696400  89.25
2013-07-12  88.96  89.13  88.23  88.96  3994300  88.96
2013-07-11  89.19  89.46  88.2  89.16  3877100  89.16
2013-07-10  88.91  88.96  87.88  88.04  4572300  88.04
2013-07-09  90.18  90.41  88.34  88.69  5232300  88.69
2013-07-08  90.27  90.9  89.27  89.57  3032000  89.57
2013-07-05  88.79  89.82  88.1  89.56  2361300  89.56
2013-07-03  88.85  88.94  87.79  88.51  2435300  88.51
2013-07-02  88.82  90.09  88.66  89.31  3289400  89.31
2013-07-01  88.67  89.34  88.45  88.77  2835300  88.77
2013-06-28  88.74  89.02  87.97  87.99  3441600  87.99
2013-06-27  88.66  89.99  88.27  89.05  3372800  89.05
2013-06-26  88.68  88.8  87.06  88.01  3457400  88.01
2013-06-25  88.0  88.0  86.66  87.43  3465400  87.43
2013-06-24  87.61  88.36  86.34  87.4  5642200  87.4
2013-06-21  88.51  89.35  87.33  88.67  7413900  88.67
2013-06-20  89.55  89.67  87.26  87.7  5442800  87.7
2013-06-19  91.34  91.9  90.48  90.48  3064600  90.48
2013-06-18  91.11  91.95  90.91  91.14  2840100  91.14
2013-06-17  91.37  91.94  90.53  91.32  2665800  91.32
2013-06-14  91.86  92.05  90.05  90.61  2403700  90.61
2013-06-13  89.74  92.22  89.54  91.74  3989300  91.74
2013-06-12  90.62  91.0  89.36  89.68  3028700  89.68
2013-06-11  90.12  91.25  89.35  89.98  4845800  89.98
2013-06-10  91.77  92.08  90.8  91.0  4297600  91.0
2013-06-07  91.71  92.31  90.76  91.82  6449000  91.82
2013-06-06  91.64  92.1  90.58  91.26  5802100  91.26
2013-06-05  91.5  92.46  90.85  91.45  5204400  91.45
2013-06-04  92.01  93.34  91.84  92.31  6425000  92.31
2013-06-03  91.08  92.35  90.55  92.32  6765400  92.32
2013-05-31  92.78  93.59  90.16  90.16  9605700  90.16
2013-05-30  92.51  93.58  91.96  92.79  6121300  92.79
2013-05-29  90.52  92.93  90.24  92.59  6962900  92.59
2013-05-28  90.58  91.55  90.33  90.73  5013600  90.73
2013-05-24  88.33  89.33  87.58  88.9  3863800  88.9
2013-05-23  88.14  88.7  87.06  88.66  4647600  88.66
2013-05-22  90.67  91.42  88.43  89.22  7651300  89.22
2013-05-21  91.65  92.46  91.09  91.13  4248600  91.13
2013-05-20  90.92  91.8  90.76  91.75  3358000  91.75
2013-05-17  89.26  90.92  88.79  90.92  6474800  90.92
2013-05-16  88.67  90.03  88.37  89.15  4366500  89.15
2013-05-15  88.65  89.21  88.06  89.05  4027100  89.05
2013-05-14  88.63  89.54  88.41  89.15  5986500  89.15
2013-05-13  87.23  88.66  87.01  88.66  5584000  88.66
2013-05-10  86.08  87.33  86.08  87.32  5225100  87.32
2013-05-09  87.44  87.5  86.08  86.38  5901900  86.38
2013-05-08  87.39  88.07  87.01  87.43  4263300  87.43
2013-05-07  87.68  88.09  86.8  87.4  5558800  87.4
2013-05-06  88.81  89.12  87.26  87.51  6250300  87.51
2013-05-03  87.08  90.08  87.06  88.88  11853000  88.88
2013-05-02  86.27  86.63  85.11  86.27  5356800  86.27
2013-05-01  86.65  87.01  85.25  85.74  7252600  85.74
2013-04-30  86.57  88.03  86.35  87.41  7831800  87.41
2013-04-29  85.56  86.22  84.22  86.04  9361600  86.04
2013-04-26  83.64  85.13  82.76  84.87  5649400  84.87
2013-04-25  81.86  86.1  80.84  83.78  9543600  83.78
2013-04-24  80.17  82.82  80.17  82.59  7388900  82.59
2013-04-23  79.21  80.84  78.81  80.0  5485700  80.0
2013-04-22  78.03  79.07  77.36  78.89  3994500  78.89
2013-04-19  78.68  78.93  77.52  77.96  4512300  77.96
2013-04-18  78.93  79.46  77.76  78.26  4783800  78.26
2013-04-17  79.28  79.64  77.83  78.79  5925300  78.79
2013-04-16  80.15  80.16  78.86  79.91  4478700  79.91
2013-04-15  80.83  81.09  79.01  79.03  6114600  79.03
2013-04-12  81.83  82.01  80.75  81.66  7831400  81.66
2013-04-11  82.26  82.99  81.77  82.46  14673700  82.46
2013-04-10  79.93  80.11  79.33  79.68  4952500  79.68
2013-04-09  79.89  80.38  78.8  79.88  6422800  79.88
2013-04-08  81.12  81.51  78.32  79.44  10521900  79.44
2013-04-05  79.14  80.31  79.14  80.16  5306900  80.16
2013-04-04  79.32  80.39  78.85  80.13  7351600  80.13
2013-04-03  78.92  79.99  78.43  79.38  8303300  79.38
2013-04-02  77.95  80.04  77.61  79.01  8575200  79.01
2013-04-01  76.83  77.57  76.3  77.32  4193100  77.32
2013-03-28  76.49  77.11  76.21  76.75  5361700  76.75
2013-03-27  75.98  76.73  75.91  76.51  3933900  76.51
2013-03-26  76.54  76.82  75.62  76.4  5807700  76.4
2013-03-25  77.3  77.62  76.19  76.44  6052400  76.44
2013-03-22  76.97  77.51  76.79  77.03  3909400  77.03
2013-03-21  76.63  77.42  76.33  76.74  6152200  76.74
2013-03-20  79.1  79.22  76.87  77.0  7706800  77.0
2013-03-19  80.13  80.24  77.66  78.52  8114300  78.52
2013-03-18  80.99  81.55  80.55  80.79  4761200  80.79
2013-03-15  82.28  82.76  81.59  81.94  7630700  81.94
2013-03-14  81.86  82.94  81.7  82.65  5322800  82.65
2013-03-13  81.9  82.23  81.48  81.56  4668000  81.56
2013-03-12  81.39  82.5  81.3  81.86  3807900  81.86
2013-03-11  80.54  81.61  80.25  81.17  2985800  81.17
2013-03-08  80.37  80.84  80.15  80.7  3999300  80.7
2013-03-07  80.33  80.51  79.92  80.0  4042700  80.0
2013-03-06  80.91  80.91  79.69  80.2  3737200  80.2
2013-03-05  79.85  80.49  79.61  80.12  3681200  80.12
2013-03-04  80.06  80.15  78.64  79.33  3796300  79.33
2013-03-01  79.54  80.51  78.91  80.31  3568800  80.31
2013-02-28  79.91  80.21  79.6  80.0  4912800  80.0
2013-02-27  79.34  80.29  79.16  79.9  5078900  79.9
2013-02-26  80.18  80.48  78.82  79.47  5508800  79.47
2013-02-25  82.63  83.13  79.79  79.81  6381200  79.81
2013-02-22  81.62  81.62  81.0  81.24  3755200  81.24
2013-02-21  81.62  81.9  80.74  81.07  4187300  81.07
2013-02-20  83.33  83.72  82.03  82.12  5808500  82.12
2013-02-19  82.69  83.86  82.69  83.37  5789800  83.37
2013-02-15  84.73  84.78  82.22  82.31  9407000  82.31
2013-02-14  84.28  84.84  84.0  84.45  4147200  84.45
2013-02-13  84.64  84.91  84.12  84.48  2388200  84.48
2013-02-12  84.84  85.02  84.04  84.47  3520600  84.47
2013-02-11  85.74  85.75  84.62  84.74  3413800  84.74
2013-02-08  85.67  86.09  85.61  85.86  3173100  85.86
2013-02-07  86.12  86.23  85.27  85.68  4147300  85.68
2013-02-06  85.36  86.21  85.03  86.17  4098900  86.17
2013-02-05  86.02  86.23  85.33  85.91  4771900  85.91
2013-02-04  85.25  86.02  85.02  85.5  6808800  85.5
2013-02-01  86.01  86.01  84.69  85.2  7258300  85.2
2013-01-31  83.61  86.08  83.22  85.77  13890800  85.77
2013-01-30  82.75  83.9  82.64  82.91  6012000  82.91
2013-01-29  81.65  82.84  81.44  82.7  4201400  82.7
2013-01-28  82.14  82.19  80.67  81.47  3355700  81.47
2013-01-25  81.24  81.76  80.87  81.68  3374900  81.68
2013-01-24  80.7  81.46  80.7  81.04  3312000  81.04
2013-01-23  81.23  81.35  80.36  80.57  4144000  80.57
2013-01-22  80.05  81.29  79.84  81.23  5006300  81.23
2013-01-18  80.1  80.24  79.3  80.24  4782000  80.24
2013-01-17  80.39  80.64  80.05  80.06  3392000  80.06
2013-01-16  80.06  80.22  79.75  79.96  3071600  79.96
2013-01-15  80.0  80.48  79.88  80.16  2594200  80.16
2013-01-14  80.75  81.14  79.88  80.33  3077700  80.33
2013-01-11  80.58  80.82  80.25  80.73  3470800  80.73
2013-01-10  80.63  80.82  79.9  80.66  5150100  80.66
2013-01-09  79.3  80.12  79.29  79.79  5419500  79.79
2013-01-08  78.01  79.68  77.66  79.41  8392300  79.41
2013-01-07  77.31  77.9  77.02  77.62  3595900  77.62
2013-01-04  76.29  77.62  76.25  77.58  3775600  77.58
2013-01-03  75.81  77.08  75.65  76.25  3237900  76.25
2013-01-02  76.12  76.28  75.09  75.95  3854200  75.95
2012-12-31  73.04  74.51  72.7  74.44  4444700  74.44
2012-12-28  74.17  74.43  73.17  73.25  3289500  73.25
2012-12-27  75.02  75.02  73.89  74.76  2846500  74.76
2012-12-26  75.73  75.82  74.52  74.71  2617200  74.71
2012-12-24  75.64  76.0  75.16  75.33  1550000  75.33
2012-12-21  75.65  76.17  75.23  75.93  6937400  75.93
2012-12-20  76.23  76.88  75.96  76.78  4217600  76.78
2012-12-19  76.57  76.82  76.01  76.03  5067700  76.03
2012-12-18  74.5  76.41  74.32  76.25  5011800  76.25
2012-12-17  74.23  74.63  73.91  74.36  3827300  74.36
2012-12-14  73.1  74.16  73.08  74.01  3380200  74.01
2012-12-13  74.32  74.36  72.91  73.3  4727100  73.3
2012-12-12  74.15  74.74  73.65  74.26  5046700  74.26
2012-12-11  73.75  74.34  73.48  73.86  5092100  73.86
2012-12-10  73.19  73.41  72.75  73.22  3614200  73.22
2012-12-07  72.87  73.41  72.67  73.24  4995200  73.24
2012-12-06  72.04  72.45  71.34  72.41  4317800  72.41
2012-12-05  70.94  72.35  70.66  71.86  5367000  71.86
2012-12-04  70.74  71.2  70.13  71.09  5682300  71.09
2012-12-03  73.11  73.24  70.81  70.98  6854400  70.98
2012-11-30  73.57  73.58  72.26  72.55  6447600  72.55
2012-11-29  73.88  74.28  73.25  73.57  4397500  73.57
2012-11-28  72.17  73.6  72.05  73.51  4642700  73.51
2012-11-27  72.3  73.17  71.62  72.81  5977800  72.81
2012-11-26  72.78  73.26  71.99  72.58  3928100  72.58
2012-11-23  73.25  73.49  72.72  73.48  2050700  73.48
2012-11-21  72.22  72.7  71.64  72.46  3222900  72.46
2012-11-20  72.41  72.69  71.7  72.22  6058300  72.22
2012-11-19  72.23  73.01  72.03  72.79  5450600  72.79
2012-11-16  71.27  71.3  69.87  71.2  8592300  71.2
2012-11-15  71.72  72.3  70.89  71.31  5385500  71.31
2012-11-14  72.44  72.59  71.1  71.36  6238300  71.36
2012-11-13  73.24  73.42  72.13  72.21  6978000  72.21
2012-11-12  74.18  74.45  73.61  73.83  2948400  73.83
2012-11-09  73.57  74.92  73.46  73.94  5429300  73.94
2012-11-08  75.07  75.42  73.67  73.71  4898200  73.71
2012-11-07  75.5  75.8  74.15  74.71  6857700  74.71
2012-11-06  75.54  76.91  75.1  76.77  6584400  76.77
2012-11-05  75.38  75.73  74.93  75.08  5676400  75.08
2012-11-02  76.91  77.55  75.16  75.56  5759000  75.56
2012-11-01  76.5  77.42  75.97  76.27  6514100  76.27
2012-10-31  78.77  78.77  75.32  76.17  8668000  76.17
2012-10-26  78.61  79.71  77.34  77.6  7261700  77.6
2012-10-25  80.41  80.93  76.97  79.6  11045600  79.6
2012-10-24  78.69  79.11  77.48  77.83  4869300  77.83
2012-10-23  78.82  79.14  77.8  78.41  4088000  78.41
2012-10-22  81.04  81.19  79.4  79.88  4369100  79.88
2012-10-19  82.59  82.6  80.83  81.37  3689900  81.37
2012-10-18  81.49  83.04  81.33  82.5  4253800  82.5
2012-10-17  80.75  81.78  80.47  81.61  5061200  81.61
2012-10-16  79.41  80.62  79.12  80.23  5944100  80.23
2012-10-15  79.04  79.26  77.76  78.81  5679200  78.81
2012-10-12  79.58  80.29  78.9  79.03  3486200  79.03
2012-10-11  80.2  80.83  79.7  79.7  3426400  79.7
2012-10-10  80.26  80.5  79.12  79.31  4691200  79.31
2012-10-09  81.42  81.95  80.39  80.46  4216800  80.46
2012-10-08  81.39  81.79  81.06  81.22  2349400  81.22
2012-10-05  82.97  83.07  81.46  82.01  3958900  82.01
2012-10-04  81.32  82.5  80.87  82.37  4683100  82.37
2012-10-03  82.22  82.26  80.26  80.72  4850600  80.72
2012-10-02  83.34  83.68  81.53  82.14  6029400  82.14
2012-10-01  83.58  84.3  83.04  83.33  3654200  83.33
2012-09-28  82.72  83.54  82.28  83.02  3793400  83.02
2012-09-27  82.68  83.3  81.53  83.21  3732200  83.21
2012-09-26  82.0  82.59  81.59  82.01  3229200  82.01
2012-09-25  84.19  84.33  82.13  82.31  4165100  82.31
2012-09-24  83.32  84.19  82.96  83.74  2866200  83.74
2012-09-21  85.13  85.23  83.84  84.3  7542600  84.3
2012-09-20  83.69  84.74  83.1  84.5  6595700  84.5
2012-09-19  85.7  85.96  84.26  84.38  4610100  84.38
2012-09-18  86.88  87.11  85.81  86.1  3868300  86.1
2012-09-17  88.41  88.67  86.75  86.88  6462300  86.88
2012-09-14  87.61  90.29  87.42  88.7  6049700  88.7
2012-09-13  84.03  87.38  83.94  87.26  4913800  87.26
2012-09-12  83.88  84.12  82.88  83.79  2927300  83.79
2012-09-11  83.84  84.51  83.32  83.39  2950400  83.39
2012-09-10  83.78  84.22  83.25  83.27  2368900  83.27
2012-09-07  81.74  84.11  81.69  84.07  4632900  84.07
2012-09-06  80.11  82.11  79.89  81.32  4544400  81.32
2012-09-05  78.96  79.73  78.83  79.21  4857900  79.21
2012-09-04  81.65  82.01  79.17  79.65  5270400  79.65
2012-08-31  81.62  81.9  80.93  81.47  3504600  81.47
2012-08-30  82.24  82.33  80.72  80.77  3805000  80.77
2012-08-29  84.07  84.07  82.56  82.64  2362100  82.64
2012-08-28  83.76  84.26  83.28  83.81  1955000  83.81
2012-08-27  84.24  84.76  83.34  83.86  2033500  83.86
2012-08-24  83.21  84.49  82.6  84.24  2699600  84.24
2012-08-23  84.65  84.8  83.6  83.63  3948700  83.63
2012-08-22  84.1  85.25  83.79  85.13  3256900  85.13
2012-08-21  85.19  85.76  84.11  84.46  2578200  84.46
2012-08-20  84.82  85.28  84.64  84.93  2192600  84.93
2012-08-17  85.74  86.0  84.89  85.02  3119100  85.02
2012-08-16  85.67  85.8  85.05  85.54  3309200  85.54
2012-08-15  86.05  86.16  84.84  85.32  4905600  85.32
2012-08-14  86.93  87.04  85.79  86.15  2763100  86.15
2012-08-13  87.11  87.3  85.81  86.3  2941100  86.3
2012-08-10  86.11  87.69  85.62  87.59  2374100  87.59
2012-08-09  86.92  87.69  86.5  86.74  2644900  86.74
2012-08-08  86.58  87.73  86.39  87.34  3314200  87.34
2012-08-07  85.3  87.81  85.3  86.96  3810500  86.96
2012-08-06  85.32  85.88  84.56  84.58  3191400  84.58
2012-08-03  83.84  85.55  83.77  84.88  3206900  84.88
2012-08-02  83.06  83.06  80.71  82.08  4443700  82.08
2012-08-01  84.0  84.65  82.42  84.16  3261300  84.16
2012-07-31  85.22  85.83  83.17  83.41  3478500  83.41
2012-07-30  85.06  85.95  84.62  85.51  3120700  85.51
2012-07-27  84.01  85.6  82.7  84.93  4657800  84.93
2012-07-26  81.93  83.86  80.7  83.68  5215500  83.68
2012-07-25  80.78  81.22  79.3  80.04  4566100  80.04
2012-07-24  81.38  81.66  78.95  80.25  3409100  80.25
2012-07-23  81.55  81.96  80.67  81.42  3900700  81.42
2012-07-20  82.63  83.62  82.24  83.57  3828200  83.57
2012-07-19  83.71  84.2  82.79  83.54  3791400  83.54
2012-07-18  82.9  83.83  82.2  83.32  2800600  83.32
2012-07-17  82.46  83.03  80.54  82.95  3963900  82.95
2012-07-16  81.61  82.3  80.98  81.92  2273600  81.92
2012-07-13  80.74  82.12  80.5  81.78  2926500  81.78
2012-07-12  80.1  80.98  79.44  80.44  4748200  80.44
2012-07-11  80.08  81.99  80.08  81.05  3643200  81.05
2012-07-10  81.87  82.4  79.43  79.77  3304100  79.77
2012-07-09  81.5  81.9  80.68  81.64  3300400  81.64
2012-07-06  81.27  82.3  80.83  81.7  3087500  81.7
2012-07-05  83.75  84.22  82.66  82.87  3237300  82.87
2012-07-03  83.13  85.02  82.8  84.37  4070800  84.37
2012-07-02  82.35  82.6  80.77  82.36  5104400  82.36
2012-06-29  80.12  82.26  79.8  82.2  7964700  82.2
2012-06-28  76.3  77.7  75.71  77.57  4763700  77.57
2012-06-27  76.12  77.65  75.88  76.95  6254800  76.95
2012-06-26  74.04  76.17  73.89  75.74  6179300  75.74
2012-06-25  75.78  75.8  73.73  74.11  7924700  74.11
2012-06-22  76.45  77.22  75.36  76.18  11251400  76.18
2012-06-21  80.95  81.2  75.81  75.97  10465400  75.97
2012-06-20  80.78  81.57  79.81  80.9  6493300  80.9
2012-06-19  80.98  81.46  80.03  80.51  4263800  80.51
2012-06-18  80.88  80.93  79.61  80.32  6074800  80.32
2012-06-15  80.7  81.7  80.03  81.69  5062400  81.69
2012-06-14  80.09  80.85  79.25  80.0  4685300  80.0
2012-06-13  79.58  80.67  79.3  79.8  4637900  79.8
2012-06-12  80.53  81.06  79.41  80.1  4800600  80.1
2012-06-11  82.19  82.6  79.54  79.7  4718600  79.7
2012-06-08  80.76  81.99  80.01  81.51  4215100  81.51
2012-06-07  82.14  84.5  81.07  81.4  7415000  81.4
2012-06-06  78.58  81.11  78.52  81.05  6074300  81.05
2012-06-05  76.51  77.63  76.16  77.28  5462300  77.28
2012-06-04  75.37  76.67  74.46  76.31  7103300  76.31
2012-06-01  74.13  75.28  72.92  74.8  8127000  74.8
2012-05-31  76.28  76.55  74.37  75.46  6740300  75.46
2012-05-30  77.58  77.64  75.78  76.43  4641300  76.43
2012-05-29  78.1  79.73  78.1  78.91  3820900  78.91
2012-05-25  77.59  77.93  76.91  77.13  2976800  77.13
2012-05-24  77.89  77.89  76.48  77.47  3966200  77.47
2012-05-23  76.22  77.28  74.34  77.22  5212400  77.22
2012-05-22  77.03  78.54  76.33  76.96  3874600  76.96
2012-05-21  76.14  77.14  75.95  76.99  4941200  76.99
2012-05-18  75.45  77.43  75.33  75.83  9197300  75.83
2012-05-17  75.07  76.35  74.66  74.89  5937100  74.89
2012-05-16  76.83  77.76  75.35  75.43  5365100  75.43
2012-05-15  77.85  78.47  75.76  76.06  6892800  76.06
2012-05-14  78.35  78.7  77.53  77.74  5198900  77.74
2012-05-11  80.11  81.36  79.57  79.74  3736600  79.74
2012-05-10  81.46  81.95  80.72  80.94  3804000  80.94
2012-05-09  81.15  81.36  79.54  80.23  7635100  80.23
2012-05-08  82.67  82.95  80.37  82.76  5612000  82.76
2012-05-07  83.55  84.06  82.76  83.49  3236500  83.49
2012-05-04  84.49  84.87  82.76  83.66  5605600  83.66
2012-05-03  88.23  88.26  85.26  85.51  4641900  85.51
2012-05-02  87.45  88.13  86.82  87.94  3586700  87.94
2012-05-01  87.09  89.28  86.83  88.43  3694700  88.43
2012-04-30  87.19  87.32  86.35  86.84  3597000  86.84
2012-04-27  88.02  88.32  87.08  87.34  4295200  87.34
2012-04-26  85.42  87.65  84.55  87.49  5617400  87.49
2012-04-25  84.82  85.92  83.91  85.78  4308800  85.78
2012-04-24  83.99  84.08  82.99  83.98  3262900  83.98
2012-04-23  82.95  83.8  82.32  83.7  3246300  83.7
2012-04-20  84.34  84.81  83.43  84.36  4334300  84.36
2012-04-19  83.92  85.08  83.51  83.98  3359100  83.98
2012-04-18  84.03  84.54  83.46  83.75  3290000  83.75
2012-04-17  84.14  84.7  83.46  84.47  4383400  84.47
2012-04-16  84.96  85.39  82.97  83.07  6084900  83.07
2012-04-13  86.28  86.5  84.16  84.32  4886400  84.32
2012-04-12  85.16  86.81  84.97  86.74  4059700  86.74
2012-04-11  86.44  86.68  84.43  84.55  4571800  84.55
2012-04-10  86.95  87.05  85.11  85.31  5534500  85.31
2012-04-09  86.63  87.67  86.4  86.99  4326400  86.99
2012-04-05  89.4  90.58  88.8  88.81  3831800  88.81
2012-04-04  90.76  90.99  89.25  89.89  2947600  89.89
2012-04-03  92.81  92.81  90.75  91.84  3298400  91.84
2012-04-02  90.47  93.52  89.97  92.8  4644700  92.8
2012-03-30  90.36  91.15  89.66  90.66  3470700  90.66
2012-03-29  89.49  90.0  87.44  89.9  6787600  89.9
2012-03-28  92.25  92.87  90.18  90.3  5968700  90.3
2012-03-27  94.94  95.08  93.63  93.68  3278000  93.68
2012-03-26  94.14  94.57  93.3  94.41  3657300  94.41
2012-03-23  91.22  93.35  90.91  92.93  4287700  92.93
2012-03-22  91.87  92.0  90.44  91.15  3981000  91.15
2012-03-21  93.18  93.77  92.83  93.04  3236400  93.04
2012-03-20  95.71  95.71  93.19  93.26  4265400  93.26
2012-03-19  96.12  97.08  95.28  96.63  2645000  96.63
2012-03-16  94.49  96.04  94.31  95.75  4812400  95.75
2012-03-15  94.14  94.95  93.16  94.15  2874000  94.15
2012-03-14  95.16  95.59  93.76  94.17  2665100  94.17
2012-03-13  94.33  95.19  93.3  95.18  3575700  95.18
2012-03-12  95.56  95.81  93.4  93.71  3855200  93.71
2012-03-09  96.07  96.92  95.57  95.86  2584900  95.86
2012-03-08  96.27  96.65  95.69  96.02  2610400  96.02
2012-03-07  96.02  96.12  94.91  95.09  4392000  95.09
2012-03-06  96.1  96.41  95.06  95.67  4988500  95.67
2012-03-05  98.59  98.88  97.01  98.02  3141900  98.02
2012-03-02  98.95  99.15  98.2  98.82  2808400  98.82
2012-03-01  99.23  99.82  97.98  99.3  3667400  99.3
2012-02-29  99.79  100.68  98.53  98.83  4958600  98.83
2012-02-28  99.09  101.02  99.0  99.86  3587800  99.86
2012-02-27  97.86  99.29  97.53  98.94  3130100  98.94
2012-02-24  99.21  99.29  97.96  98.34  3712200  98.34
2012-02-23  98.02  99.2  97.47  99.11  3108500  99.11
2012-02-22  97.78  98.48  97.31  97.78  3460300  97.78
2012-02-21  99.24  99.66  98.41  98.87  3340300  98.87
2012-02-17  99.13  99.38  97.6  98.4  2965000  98.4
2012-02-16  98.63  99.03  97.61  98.79  3095000  98.79
2012-02-15  99.08  99.09  97.8  98.25  2733300  98.25
2012-02-14  98.71  99.34  97.77  98.48  3425100  98.48
2012-02-13  98.31  98.63  97.43  98.53  2324100  98.53
2012-02-10  97.13  97.34  96.22  97.25  3415300  97.25
2012-02-09  98.4  99.96  98.14  98.7  3000300  98.7
2012-02-08  100.02  100.02  97.25  98.29  3688000  98.29
2012-02-07  98.57  99.66  97.62  99.27  4772400  99.27
2012-02-06  96.58  98.48  96.11  98.48  3146000  98.48
2012-02-03  94.79  97.41  93.96  97.18  4297500  97.18
2012-02-02  94.11  94.52  92.2  93.25  4199800  93.25
2012-02-01  95.06  95.43  93.66  94.03  4235200  94.03
2012-01-31  95.09  95.27  93.29  94.47  4108100  94.47
2012-01-30  93.72  94.62  92.89  94.33  3890600  94.33
2012-01-27  94.35  96.09  94.26  94.93  3607200  94.93
2012-01-26  97.92  98.16  94.56  94.87  4931200  94.87
2012-01-25  95.93  98.32  93.9  97.97  6186100  97.97
2012-01-24  95.29  96.09  94.24  95.56  4749400  95.56
2012-01-23  96.18  96.98  94.55  96.64  5041400  96.64
2012-01-20  95.13  95.25  93.23  95.04  5017900  95.04
2012-01-19  95.89  95.89  94.03  94.56  4135200  94.56
2012-01-18  94.13  95.64  92.89  95.57  4335800  95.57
2012-01-17  93.87  94.91  93.59  94.03  4024600  94.03
2012-01-13  92.0  92.46  91.12  92.44  4059500  92.44
2012-01-12  91.55  94.47  91.47  92.63  6241400  92.63
2012-01-11  92.01  92.32  90.9  91.45  3411100  91.45
2012-01-10  93.48  94.14  92.29  92.68  4356500  92.68
2012-01-09  90.57  92.25  90.54  91.78  3332900  91.78
2012-01-06  91.79  91.88  89.75  90.68  3052100  90.68
2012-01-05  91.64  92.03  90.25  91.04  3513300  91.04
2012-01-04  91.32  92.18  90.61  91.77  3757700  91.77
2012-01-03  91.59  92.67  90.35  91.5  4349200  91.5
2011-12-30  88.33  89.35  88.33  88.72  2271300  88.72
2011-12-29  88.3  88.89  87.66  88.74  2480700  88.74
2011-12-28  90.33  90.47  87.79  87.92  2875100  87.92
2011-12-27  89.4  90.58  89.26  90.38  1762500  90.38
2011-12-23  89.69  89.89  88.79  89.6  2275900  89.6
2011-12-22  88.31  89.41  87.69  89.21  3475300  89.21
2011-12-21  87.66  88.4  86.32  88.17  3618300  88.17
2011-12-20  84.76  87.58  84.66  87.28  4540500  87.28
2011-12-19  84.65  84.73  82.41  82.68  3854400  82.68
2011-12-16  83.76  84.71  82.9  84.53  6401400  84.53
2011-12-15  84.39  85.45  82.32  82.87  4540000  82.87
2011-12-14  85.61  86.1  83.33  83.72  4465400  83.72
2011-12-13  87.67  89.2  85.91  86.81  4799500  86.81
2011-12-12  87.59  87.59  85.19  86.91  4659000  86.91
2011-12-09  87.8  89.62  87.69  89.39  3745300  89.39
2011-12-08  89.91  91.06  87.41  87.75  4483600  87.75
2011-12-07  90.73  91.85  89.64  91.16  5089000  91.16
2011-12-06  92.68  92.79  91.13  91.56  3535900  91.56
2011-12-05  92.59  94.22  91.37  92.56  5342100  92.56
2011-12-02  91.99  92.62  90.19  90.4  4240400  90.4
2011-12-01  92.55  93.48  90.79  91.25  5179100  91.25
2011-11-30  90.56  93.39  90.34  93.2  6462400  93.2
2011-11-29  85.6  87.83  85.41  86.88  4452400  86.88
2011-11-28  83.97  85.99  83.86  85.41  4465500  85.41
2011-11-25  82.5  83.91  81.7  81.7  2113100  81.7
2011-11-23  85.16  85.26  82.7  82.72  4844500  82.72
2011-11-22  87.26  87.57  85.52  86.35  4083800  86.35
2011-11-21  87.71  87.97  86.37  87.08  4265800  87.08
2011-11-18  89.76  90.16  87.99  88.89  4210000  88.89
2011-11-17  91.78  92.11  88.02  88.99  4918800  88.99
2011-11-16  92.53  95.07  91.79  91.98  5299700  91.98
2011-11-15  91.73  93.8  91.18  93.12  5282700  93.12
2011-11-14  93.14  93.82  91.5  92.18  3560400  92.18
2011-11-11  93.93  94.9  93.67  94.06  3499800  94.06
2011-11-10  92.7  93.63  90.62  92.49  3465200  92.49
2011-11-09  91.81  93.49  90.38  90.95  6678800  90.95
2011-11-08  93.74  95.8  93.08  95.46  6980200  95.46
2011-11-07  92.35  93.94  90.74  92.85  4615900  92.85
2011-11-04  89.37  92.29  89.13  92.02  5540000  92.02
2011-11-03  89.02  89.88  87.6  89.73  4132400  89.73
2011-11-02  87.21  88.16  86.21  87.82  4249500  87.82
2011-11-01  83.72  86.79  82.3  85.34  7756400  85.34
2011-10-31  89.59  90.38  87.53  87.59  6518000  87.59
2011-10-28  89.95  92.71  89.93  92.14  5739700  92.14
2011-10-27  85.28  91.61  85.28  90.15  10759100  90.15
2011-10-26  81.38  82.4  79.75  82.18  4533800  82.18
2011-10-25  82.07  82.51  79.79  80.24  4278400  80.24
2011-10-24  81.76  83.09  81.44  82.28  3329100  82.28
2011-10-21  80.9  82.22  80.27  81.74  4602300  81.74
2011-10-20  79.15  80.46  78.03  79.72  4923700  79.72
2011-10-19  79.84  81.47  78.56  79.12  4599300  79.12
2011-10-18  77.77  80.74  76.91  80.09  6441400  80.09
2011-10-17  79.88  80.84  77.72  77.92  4536800  77.92
2011-10-14  78.28  80.55  78.28  80.5  4731100  80.5
2011-10-13  75.59  77.25  74.5  76.81  4382600  76.81
2011-10-12  76.81  78.63  76.33  76.34  5415400  76.34
2011-10-11  75.93  77.75  75.58  76.23  4304200  76.23
2011-10-10  74.4  77.0  74.4  76.96  3959700  76.96
2011-10-07  74.41  74.95  72.2  72.8  6198600  72.8
2011-10-06  71.77  74.96  71.47  74.04  6680000  74.04
2011-10-05  70.44  71.72  69.74  71.36  7779900  71.36
2011-10-04  63.58  69.29  62.54  69.04  10500600  69.04
2011-10-03  67.28  67.6  64.39  64.63  8013200  64.63
2011-09-30  68.94  69.52  67.21  67.38  7928300  67.38
2011-09-29  72.79  72.89  69.59  71.01  5291800  71.01
2011-09-28  73.13  74.3  70.43  70.67  4906600  70.67
2011-09-27  74.72  76.39  73.49  73.93  7914600  73.93
2011-09-26  68.66  72.74  67.52  72.56  8509900  72.56
2011-09-23  66.56  69.51  65.88  68.1  7737900  68.1
2011-09-22  69.08  69.65  66.4  67.76  11024400  67.76
2011-09-21  76.02  76.13  71.83  71.93  6619200  71.93
2011-09-20  78.36  79.1  75.95  76.13  5378500  76.13
2011-09-19  77.15  78.21  76.18  77.71  3962400  77.71
2011-09-16  79.99  80.15  77.61  78.52  6627200  78.52
2011-09-15  79.12  79.72  78.18  79.55  3805300  79.55
2011-09-14  76.33  78.96  75.0  78.06  5277700  78.06
2011-09-13  75.32  76.34  74.28  75.82  6162800  75.82
2011-09-12  74.44  75.79  72.71  74.96  9063400  74.96
2011-09-09  77.39  77.86  75.16  75.9  5438200  75.9
2011-09-08  79.24  80.35  77.99  78.42  4387100  78.42
2011-09-07  79.08  79.7  78.61  79.67  4396900  79.67
2011-09-06  75.82  77.63  74.43  77.52  5034200  77.52
2011-09-02  78.26  79.17  77.63  78.17  4038400  78.17
2011-09-01  81.63  83.12  80.43  80.5  3866000  80.5
2011-08-31  81.51  83.04  80.37  81.29  5976500  81.29
2011-08-30  79.16  81.1  78.6  80.69  5867500  80.69
2011-08-29  78.24  79.81  77.19  79.72  4764700  79.72
2011-08-26  75.51  77.39  74.14  76.93  4851000  76.93
2011-08-25  78.24  78.84  75.68  76.17  4370300  76.17
2011-08-24  77.13  78.07  76.35  77.86  5113600  77.86
2011-08-23  75.5  77.51  74.76  77.49  6752200  77.49
2011-08-22  78.07  78.45  74.58  75.4  5305900  75.4
2011-08-19  76.5  78.46  75.59  75.83  7234700  75.83
2011-08-18  79.98  79.98  76.4  77.55  9310700  77.55
2011-08-17  83.92  84.81  81.82  82.11  5463400  82.11
2011-08-16  82.28  82.99  80.29  81.88  6484600  81.88
2011-08-15  80.29  83.76  80.25  83.7  5967000  83.7
2011-08-12  80.4  81.23  78.72  79.77  4587600  79.77
2011-08-11  76.61  80.57  76.51  79.47  10279800  79.47
2011-08-10  77.69  79.22  75.73  76.15  8710000  76.15
2011-08-09  76.91  79.31  73.82  79.11  14110300  79.11
2011-08-08  79.36  80.38  74.21  74.63  12387500  74.63
2011-08-05  84.03  84.55  79.51  81.85  8649000  81.85
2011-08-04  86.48  86.73  82.15  82.25  9312800  82.25
2011-08-03  88.84  89.13  86.22  88.31  7072700  88.31
2011-08-02  90.84  91.44  88.56  88.66  6859100  88.66
2011-08-01  93.47  93.66  90.85  91.64  6016500  91.64
2011-07-29  92.49  93.28  91.88  92.01  6997800  92.01
2011-07-28  95.03  95.38  93.37  93.48  5599600  93.48
2011-07-27  96.08  96.08  94.33  95.03  7628200  95.03
2011-07-26  99.11  100.34  97.96  98.24  5492500  98.24
2011-07-25  99.38  101.3  99.2  100.62  2984800  100.62
2011-07-22  101.21  101.43  99.98  101.1  1932700  101.1
2011-07-21  100.46  102.23  100.2  101.29  4707400  101.29
2011-07-20  100.33  100.55  99.2  99.52  2779300  99.52
2011-07-19  99.57  100.84  99.21  100.25  3122900  100.25
2011-07-18  98.06  98.94  97.94  98.65  3131400  98.65
2011-07-15  97.3  98.92  96.99  98.72  4754300  98.72
2011-07-14  97.08  98.37  96.72  96.87  4243500  96.87
2011-07-13  96.25  98.11  96.13  96.5  2547900  96.5
2011-07-12  94.89  97.41  94.61  95.62  3489800  95.62
2011-07-11  97.96  99.27  95.0  95.37  4933800  95.37
2011-07-08  99.38  100.4  98.87  99.59  2495000  99.59
2011-07-07  100.37  101.11  99.89  100.84  2670100  100.84
2011-07-06  100.19  100.26  98.71  99.14  2519300  99.14
2011-07-05  98.96  100.74  98.86  100.04  3295700  100.04
2011-07-01  97.5  99.12  95.79  98.89  3215200  98.89
2011-06-30  96.9  98.06  96.74  97.5  4470700  97.5
2011-06-29  95.04  96.94  94.77  96.42  5406400  96.42
2011-06-28  93.23  94.66  92.94  94.59  4835600  94.59
2011-06-27  91.81  93.29  91.62  92.71  3510800  92.71
2011-06-24  93.33  93.62  91.99  92.27  5059600  92.27
2011-06-23  92.38  93.19  90.68  93.15  6983300  93.15
2011-06-22  95.44  96.6  94.35  94.59  5138100  94.59
2011-06-21  95.75  96.98  95.2  95.97  4167400  95.97
2011-06-20  95.11  96.17  94.28  95.12  3560500  95.12
2011-06-17  97.36  97.5  94.91  95.77  4735000  95.77
2011-06-16  95.16  97.44  94.83  96.36  3972100  96.36
2011-06-15  97.06  97.6  95.21  95.73  5120500  95.73
2011-06-14  97.65  98.79  97.25  98.2  3940000  98.2
2011-06-13  95.72  98.09  95.2  95.72  4685500  95.72
2011-06-10  96.85  97.93  96.08  96.89  4978200  96.89
2011-06-09  96.65  98.33  96.32  97.43  3705400  97.43
2011-06-08  94.97  97.45  94.97  96.05  4046400  96.05
2011-06-07  96.04  96.32  94.26  94.65  3579500  94.65
2011-06-06  97.25  97.52  94.69  95.1  3397000  95.1
2011-06-03  94.91  98.18  94.91  97.21  3479900  97.21
2011-06-02  96.92  97.91  95.41  96.83  3389600  96.83
2011-06-01  100.61  100.87  96.41  96.73  4520400  96.73
2011-05-31  100.96  101.68  99.83  100.62  6132900  100.62
2011-05-27  98.23  100.89  98.23  99.42  4700900  99.42
2011-05-26  97.23  98.43  96.17  97.95  4284900  97.95
2011-05-25  97.23  97.77  94.41  97.23  6986900  97.23
2011-05-24  93.61  96.11  93.33  95.62  7540400  95.62
2011-05-23  92.41  93.21  91.66  92.31  3631400  92.31
2011-05-20  93.43  94.34  92.46  93.67  5455500  93.67
2011-05-19  95.36  95.95  93.41  93.65  5352000  93.65
2011-05-18  94.84  96.88  94.14  95.34  6022500  95.34
2011-05-17  93.85  95.8  93.0  94.6  4485000  94.6
2011-05-16  95.04  96.56  93.94  94.23  3917600  94.23
2011-05-13  96.56  96.81  94.16  95.49  4024800  95.49
2011-05-12  97.3  97.3  95.39  96.18  5389600  96.18
2011-05-11  99.24  99.54  95.95  96.68  5090600  96.68
2011-05-10  100.23  100.51  99.02  99.8  4123500  99.8
2011-05-09  99.35  101.13  97.7  100.27  5681000  100.27
2011-05-06  99.7  102.15  98.09  99.28  5024100  99.28
2011-05-05  100.62  101.73  97.8  98.85  6846100  98.85
2011-05-04  104.01  104.01  100.39  101.59  7129300  101.59
2011-05-03  107.13  107.44  103.04  104.15  6497100  104.15
2011-05-02  107.39  109.99  106.43  107.98  9536700  107.98
2011-04-29  98.91  106.86  98.81  106.62  14800000  106.62
2011-04-28  96.09  98.37  94.51  98.08  6331700  98.08
2011-04-27  96.14  96.56  94.22  96.09  3872200  96.09
2011-04-26  94.32  96.18  93.59  96.01  5500000  96.01
2011-04-25  93.58  93.83  92.2  93.66  2124900  93.66
2011-04-21  94.15  94.36  93.02  93.79  3095200  93.79
2011-04-20  93.35  94.29  92.36  94.09  3740100  94.09
2011-04-19  90.72  92.52  90.14  92.09  4807600  92.09
2011-04-18  90.73  90.83  89.25  90.55  3231000  90.55
2011-04-15  90.55  92.2  89.89  92.14  4216600  92.14
2011-04-14  90.82  91.32  89.8  91.01  3897100  91.01
2011-04-13  90.3  91.32  89.97  90.39  3714500  90.39
2011-04-12  92.99  93.11  90.03  90.4  5487900  90.4
2011-04-11  96.95  97.02  93.46  93.68  5109000  93.68
2011-04-08  95.16  97.15  95.04  96.76  4294000  96.76
2011-04-07  93.91  94.87  93.12  94.35  3208200  94.35
2011-04-06  96.52  96.52  93.99  94.26  3150200  94.26
2011-04-05  95.42  97.18  94.76  95.84  4443300  95.84
2011-04-04  97.38  98.04  96.49  96.58  2815300  96.58
2011-04-01  98.77  98.88  96.89  97.3  3233400  97.3
2011-03-31  97.1  98.67  96.98  97.48  3607900  97.48
2011-03-30  97.31  97.96  96.06  96.8  2536000  96.8
2011-03-29  93.98  96.87  93.76  96.83  3762800  96.83
2011-03-28  94.07  95.6  93.85  94.1  2665900  94.1
2011-03-25  93.2  94.96  92.78  94.09  4260000  94.09
2011-03-24  93.7  94.05  92.85  93.1  4051600  93.1
2011-03-23  93.46  93.98  92.74  93.39  2518700  93.39
2011-03-22  93.77  94.82  93.15  93.44  3479700  93.44
2011-03-21  92.9  94.73  92.71  94.21  4416400  94.21
2011-03-18  92.5  94.42  91.0  91.73  5548900  91.73
2011-03-17  91.1  92.08  90.38  91.3  4324100  91.3
2011-03-16  91.1  92.08  88.38  89.5  5328300  89.5
2011-03-15  89.67  92.15  88.67  91.4  4461600  91.4
2011-03-14  91.32  92.79  90.64  92.38  3623500  92.38
2011-03-11  90.14  92.51  89.85  92.13  3463400  92.13
2011-03-10  93.22  93.23  90.3  90.89  4248600  90.89
2011-03-09  94.43  95.76  93.94  94.1  3746300  94.1
2011-03-08  96.71  96.71  93.94  94.15  4719200  94.15
2011-03-07  96.53  98.29  96.0  96.16  4317500  96.16
2011-03-04  95.76  96.39  94.43  95.8  4222600  95.8
2011-03-03  94.47  96.19  94.01  96.05  4157000  96.05
2011-03-02  93.31  94.11  92.37  93.61  3870200  93.61
2011-03-01  96.7  97.04  92.93  93.08  4212400  93.08
2011-02-28  95.96  96.57  94.03  94.71  5294300  94.71
2011-02-25  95.1  95.94  94.42  95.76  2896600  95.76
2011-02-24  96.53  96.96  94.27  94.51  5215400  94.51
2011-02-23  95.25  97.52  95.25  95.63  7285900  95.63
2011-02-22  96.98  99.17  94.36  94.87  8863900  94.87
2011-02-18  99.47  99.9  97.77  99.72  5062300  99.72
2011-02-17  96.74  98.68  96.7  98.31  3283000  98.31
2011-02-16  96.23  97.83  95.65  97.54  4329200  97.54
2011-02-15  93.94  97.51  93.5  95.73  7343100  95.73
2011-02-14  92.75  94.16  92.41  94.04  3164600  94.04
2011-02-11  91.47  93.81  90.79  92.64  4208400  92.64
2011-02-10  90.29  91.92  89.68  91.88  3969100  91.88
2011-02-09  90.33  91.43  89.41  90.32  4416400  90.32
2011-02-08  90.87  91.23  89.96  90.8  2891600  90.8
2011-02-07  90.64  91.08  90.13  90.59  3188000  90.59
2011-02-04  91.46  91.55  90.08  90.57  3386400  90.57
2011-02-03  91.52  91.52  89.28  91.19  3809800  91.19
2011-02-02  91.7  92.08  91.18  91.63  3800600  91.63
2011-02-01  90.82  92.64  90.57  91.88  6718400  91.88
2011-01-31  87.36  89.81  86.6  89.79  6388800  89.79
2011-01-28  89.81  90.26  87.03  87.13  9464000  87.13
2011-01-27  90.4  91.2  88.82  90.06  5296700  90.06
2011-01-26  89.12  90.33  87.33  90.04  9793200  90.04
2011-01-25  90.19  90.35  88.98  90.23  3985200  90.23
2011-01-24  90.65  91.02  89.95  90.26  3709400  90.26
2011-01-21  90.67  91.32  89.76  90.99  4039100  90.99
2011-01-20  90.44  90.91  89.09  89.54  4558300  89.54
2011-01-19  91.73  91.94  90.85  91.27  3232300  91.27
2011-01-18  90.23  91.73  90.09  91.53  3165800  91.53
2011-01-14  89.39  90.53  89.05  90.39  3541300  90.39
2011-01-13  90.82  90.88  88.89  89.55  4526800  89.55
2011-01-12  91.02  91.24  90.12  90.56  4720200  90.56
2011-01-11  89.49  90.31  88.88  90.02  4044300  90.02
2011-01-10  88.81  89.54  88.28  88.97  3838100  88.97
2011-01-07  89.74  90.24  88.77  89.34  3808100  89.34
2011-01-06  90.35  90.62  89.02  89.59  3772900  89.59
2011-01-05  89.37  90.64  88.57  90.11  3597600  90.11
2011-01-04  91.38  91.49  87.58  89.78  6459000  89.78
2011-01-03  91.75  92.09  90.88  91.02  3580700  91.02
2010-12-31  90.65  91.65  90.41  91.11  2524400  91.11
2010-12-30  91.85  92.22  90.56  90.66  3223700  90.66
2010-12-29  91.16  92.48  90.77  91.98  2392600  91.98
2010-12-28  90.17  91.14  90.02  90.74  2384900  90.74
2010-12-27  89.99  90.56  89.73  89.97  2016700  89.97
2010-12-23  90.81  91.04  90.32  90.5  1903900  90.5
2010-12-22  89.72  90.93  89.45  90.8  2894400  90.8
2010-12-21  88.77  90.21  88.63  89.75  2963500  89.75
2010-12-20  88.63  88.93  87.72  88.67  2197200  88.67
2010-12-17  88.17  88.86  87.68  88.42  4852800  88.42
2010-12-16  87.98  88.2  86.77  88.09  3574900  88.09
2010-12-15  86.95  88.16  86.95  88.05  3934000  88.05
2010-12-14  87.46  88.14  86.85  87.4  2590300  87.4
2010-12-13  87.45  88.94  86.88  87.19  6068400  87.19
2010-12-10  86.01  86.56  85.23  86.41  4696400  86.41
2010-12-09  84.9  85.1  83.88  84.58  3263600  84.58
2010-12-08  85.79  86.54  83.93  84.42  4813300  84.42
2010-12-07  86.98  87.81  85.72  85.76  5043000  85.76
2010-12-06  84.46  86.42  84.31  86.07  3550100  86.07
2010-12-03  83.8  85.05  83.67  84.86  3251200  84.86
2010-12-02  83.55  84.24  83.27  83.93  5814900  83.93
2010-12-01  82.57  83.92  82.23  83.48  4423300  83.48
2010-11-30  81.53  82.77  80.91  81.55  4599400  81.55
2010-11-29  80.84  82.6  80.62  82.3  3485800  82.3
2010-11-26  81.82  82.43  80.89  81.07  1391400  81.07
2010-11-24  82.07  82.44  81.35  82.27  3462400  82.27
2010-11-23  80.57  81.74  80.34  81.47  4783300  81.47
2010-11-22  81.28  82.23  80.18  81.83  3776900  81.83
2010-11-19  80.71  81.64  80.24  81.57  4191600  81.57
2010-11-18  80.36  81.79  80.26  80.77  3886700  80.77
2010-11-17  78.69  79.45  78.28  79.22  3312100  79.22
2010-11-16  80.16  80.28  77.92  78.78  5858300  78.78
2010-11-15  80.67  81.96  80.34  81.17  4075600  81.17
2010-11-12  80.53  81.61  80.03  80.9  5875400  80.9
2010-11-11  77.73  81.77  77.54  81.18  8703700  81.18
2010-11-10  77.88  78.38  76.74  78.25  3689200  78.25
2010-11-09  77.95  79.06  77.29  77.71  3431400  77.71
2010-11-08  77.16  78.15  77.05  77.95  2770400  77.95
2010-11-05  77.91  78.5  77.23  77.91  3669400  77.91
2010-11-04  76.85  78.46  76.75  78.15  6359800  78.15
2010-11-03  75.83  76.24  74.07  75.59  4859500  75.59
2010-11-02  74.4  76.06  74.32  75.39  4581300  75.39
2010-11-01  73.78  74.67  73.57  73.84  4536500  73.84
2010-10-29  72.74  73.2  72.34  72.73  3409300  72.73
2010-10-28  74.07  74.11  72.87  72.95  3274000  72.95
2010-10-27  72.4  73.51  71.94  73.45  6658700  73.45
2010-10-26  73.56  73.64  72.81  73.11  6563000  73.11
2010-10-25  74.3  74.92  73.99  74.05  4365900  74.05
2010-10-22  73.37  73.86  72.75  73.61  4319800  73.61
2010-10-21  75.33  75.34  72.2  72.89  8737100  72.89
2010-10-20  75.08  75.34  73.62  74.9  7284200  74.9
2010-10-19  77.65  78.09  74.06  75.11  9478100  75.11
2010-10-18  78.42  79.47  78.11  79.04  3575900  79.04
2010-10-15  78.99  79.07  77.9  78.57  3638200  78.57
2010-10-14  78.02  79.09  77.83  78.54  4158700  78.54
2010-10-13  77.59  78.57  77.49  77.97  4152600  77.97
2010-10-12  77.19  77.7  75.94  76.99  4355600  76.99
2010-10-11  76.78  77.6  76.77  77.44  2575700  77.44
2010-10-08  76.47  77.13  75.84  76.94  2785000  76.94
2010-10-07  76.88  77.06  75.12  76.21  3753400  76.21
2010-10-06  76.13  77.15  76.05  76.71  3936200  76.71
2010-10-05  75.14  76.52  74.98  76.27  5954700  76.27
2010-10-04  74.11  75.59  74.11  74.54  4444400  74.54
2010-10-01  73.17  75.84  72.98  74.71  8803500  74.71
2010-09-30  71.47  72.81  71.35  72.43  7420900  72.43
2010-09-29  69.35  71.18  69.16  70.88  5741400  70.88
2010-09-28  69.49  70.01  68.31  69.84  5155300  69.84
2010-09-27  70.38  70.62  69.06  69.2  6656100  69.2
2010-09-24  69.54  70.71  69.16  70.58  6365500  70.58
2010-09-23  69.73  69.73  68.49  68.98  5425600  68.98
2010-09-22  71.23  72.09  70.03  70.24  4044100  70.24
2010-09-21  71.69  71.7  70.22  71.15  3510500  71.15
2010-09-20  70.64  71.78  70.51  71.44  3368600  71.44
2010-09-17  71.01  71.24  70.1  70.48  7114000  70.48
2010-09-16  72.12  72.37  70.37  70.71  5146500  70.71
2010-09-15  71.86  72.55  71.69  72.28  2650400  72.28
2010-09-14  72.72  73.22  72.19  72.49  2480100  72.49
2010-09-13  73.11  73.31  72.46  72.71  3226200  72.71
2010-09-10  71.93  73.19  71.93  72.33  3394400  72.33
2010-09-09  72.35  72.88  71.61  71.75  3180600  71.75
2010-09-08  70.32  71.5  70.32  71.43  3535000  71.43
2010-09-07  71.41  71.42  69.89  70.36  3839900  70.36
2010-09-03  72.1  72.63  71.31  72.08  3100200  72.08
2010-09-02  70.64  71.64  70.28  71.64  3298200  71.64
2010-09-01  68.49  70.87  68.49  70.74  5295400  70.74
2010-08-31  67.64  68.34  67.04  67.26  4382000  67.26
2010-08-30  69.04  69.25  67.88  67.91  3944400  67.91
2010-08-27  66.92  69.54  66.7  69.41  5779600  69.41
2010-08-26  67.68  68.22  66.39  66.48  4704300  66.48
2010-08-25  67.82  67.82  66.42  67.1  6356400  67.1
2010-08-24  68.7  69.27  67.89  68.13  4833900  68.13
2010-08-23  69.27  70.3  69.13  69.55  4930800  69.55
2010-08-20  68.8  69.76  68.54  69.08  5476000  69.08
2010-08-19  69.39  69.68  68.35  69.39  4676500  69.39
2010-08-18  70.33  70.44  69.14  69.6  4644500  69.6
2010-08-17  70.68  71.0  69.82  70.71  3749200  70.71
2010-08-16  69.16  69.97  68.02  69.86  4711700  69.86
2010-08-13  70.08  70.69  69.31  69.39  3498300  69.39
2010-08-12  69.5  71.1  69.49  70.37  3977800  70.37
2010-08-11  69.97  70.87  69.86  70.26  6172100  70.26
2010-08-10  69.82  71.91  69.81  71.61  6265100  71.61
2010-08-09  70.96  71.25  70.35  70.82  4555100  70.82
2010-08-06  70.69  71.2  69.35  70.25  6353500  70.25
2010-08-05  71.89  72.12  70.89  71.42  5547900  71.42
2010-08-04  72.3  73.23  72.13  72.52  4858200  72.52
2010-08-03  73.06  73.54  72.3  72.41  5519900  72.41
2010-08-02  73.26  74.44  72.94  73.8  4756500  73.8
2010-07-30  70.94  72.14  70.74  71.72  3712600  71.72
2010-07-29  73.16  73.44  71.05  71.5  5977800  71.5
2010-07-28  73.6  74.09  72.23  72.6  4330100  72.6
2010-07-27  76.4  76.4  73.05  73.57  5821100  73.57
2010-07-26  75.64  76.56  75.5  76.32  4026800  76.32
2010-07-23  75.25  75.63  74.27  75.6  4398100  75.6
2010-07-22  74.86  76.05  74.43  75.58  4190600  75.58
2010-07-21  74.88  75.36  73.16  73.68  4557200  73.68
2010-07-20  72.25  74.7  72.25  74.5  3482000  74.5
2010-07-19  73.35  74.04  72.64  73.19  3004500  73.19
2010-07-16  75.21  75.21  72.6  73.06  5465700  73.06
2010-07-15  76.03  76.08  73.88  75.56  3671100  75.56
2010-07-14  75.3  76.11  74.88  75.54  2697000  75.54
2010-07-13  75.39  76.09  75.13  75.75  3630900  75.75
2010-07-12  74.38  75.28  73.91  74.47  2633400  74.47
2010-07-09  74.36  74.99  74.04  74.65  3938000  74.65
2010-07-08  74.18  74.79  73.52  74.47  4432500  74.47
2010-07-07  71.24  73.28  71.1  73.24  5569100  73.24
2010-07-06  70.93  72.17  70.0  70.87  4953400  70.87
2010-07-02  70.78  71.62  69.68  70.29  3625600  70.29
2010-07-01  71.21  71.85  69.43  70.64  6494900  70.64
2010-06-30  72.46  73.16  70.94  71.01  5812400  71.01
2010-06-29  74.11  74.11  71.64  72.27  5966500  72.27
2010-06-28  75.62  75.92  74.22  74.47  3685900  74.47
2010-06-25  75.39  76.1  74.17  75.22  9468800  75.22
2010-06-24  76.91  77.3  74.62  74.97  5193100  74.97
2010-06-23  76.57  77.9  76.12  77.14  4177300  77.14
2010-06-22  79.19  79.48  76.75  77.0  5210900  77.0
2010-06-21  81.11  81.77  78.33  78.97  6392600  78.97
2010-06-18  79.76  80.57  79.31  80.05  4824100  80.05
2010-06-17  80.42  80.63  78.73  79.72  4143100  79.72
2010-06-16  79.21  80.79  78.65  80.15  3916000  80.15
2010-06-15  78.73  80.12  78.39  79.83  4962300  79.83
2010-06-14  78.91  80.25  77.87  77.96  6481900  77.96
2010-06-11  75.94  78.33  75.7  78.24  5693800  78.24
2010-06-10  74.87  76.99  74.69  76.84  5378700  76.84
2010-06-09  74.83  75.43  73.07  73.6  5744500  73.6
2010-06-08  72.28  73.9  71.87  73.71  4910900  73.71
2010-06-07  72.17  73.69  71.89  72.12  5842000  72.12
2010-06-04  73.99  74.9  71.07  71.83  8345800  71.83
2010-06-03  75.05  76.41  73.46  75.95  7087200  75.95
2010-06-02  73.94  75.04  72.74  74.97  7227500  74.97
2010-06-01  74.65  76.44  73.28  73.34  9419100  73.34
2010-05-28  75.48  76.82  74.75  75.57  6659200  75.57
2010-05-27  73.27  75.58  73.0  75.5  6316200  75.5
2010-05-26  73.19  73.64  71.38  71.61  6565600  71.61
2010-05-25  69.61  72.38  68.6  72.3  7548800  72.3
2010-05-24  72.82  72.94  71.23  71.35  5661700  71.35
2010-05-21  69.68  73.01  69.27  72.73  9072100  72.73
2010-05-20  71.09  72.91  70.17  71.13  10753900  71.13
2010-05-19  73.73  74.18  71.6  72.85  7894000  72.85
2010-05-18  75.11  75.82  73.8  74.13  7882600  74.13
2010-05-17  75.17  75.63  72.65  73.76  6971800  73.76
2010-05-14  75.78  76.25  73.53  75.07  5465000  75.07
2010-05-13  77.3  77.67  76.24  76.41  4671500  76.41
2010-05-12  76.19  77.86  76.19  77.63  4934900  77.63
2010-05-11  76.1  77.43  75.69  76.05  5380600  76.05
2010-05-10  76.23  78.11  75.68  77.08  8177900  77.08
2010-05-07  73.52  74.75  71.24  73.83  12369200  73.83
2010-05-06  75.42  76.61  67.96  73.66  11560900  73.66
2010-05-05  77.87  78.1  75.42  75.91  8825400  75.91
2010-05-04  80.61  80.69  78.08  79.26  5760700  79.26
2010-05-03  81.67  83.34  81.49  82.42  6658700  82.42
2010-04-30  79.36  82.83  79.16  81.21  9954900  81.21
2010-04-29  77.79  79.33  77.6  79.0  5441800  79.0
2010-04-28  77.73  78.14  76.82  77.76  4917400  77.76
2010-04-27  79.52  80.18  76.98  77.26  5494700  77.26
2010-04-26  80.29  81.31  79.85  80.06  3873700  80.06
2010-04-23  78.27  80.17  77.47  80.13  4627600  80.13
2010-04-22  77.9  78.24  77.13  78.13  4556700  78.13
2010-04-21  79.18  79.89  77.95  78.66  4306800  78.66
2010-04-20  78.39  80.19  78.21  79.31  4832300  79.31
2010-04-19  77.08  77.69  76.39  77.57  4680800  77.57
2010-04-16  78.58  79.32  77.48  77.91  6834600  77.91
2010-04-15  78.81  79.62  78.14  79.2  4824300  79.2
2010-04-14  78.93  78.95  77.86  78.92  4926000  78.92
2010-04-13  79.09  79.38  77.62  78.49  4457200  78.49
2010-04-12  79.42  79.69  79.05  79.49  4951900  79.49
2010-04-09  79.33  79.76  78.39  79.28  4527200  79.28
2010-04-08  78.56  79.48  77.58  79.3  5645000  79.3
2010-04-07  80.65  80.68  78.78  79.05  8444500  79.05
2010-04-06  80.67  81.33  80.49  81.05  4296300  81.05
2010-04-05  79.7  81.28  79.51  80.98  4603100  80.98
2010-04-01  78.08  79.66  78.08  79.32  5436300  79.32
2010-03-31  77.27  77.9  76.83  77.43  5475600  77.43
2010-03-30  77.58  77.68  76.94  77.19  5093400  77.19
2010-03-29  75.33  77.36  75.05  77.07  8140700  77.07
2010-03-26  75.03  75.16  74.32  74.86  8075500  74.86
2010-03-25  76.7  76.89  74.57  74.66  6761700  74.66
2010-03-24  75.91  76.53  75.44  75.98  5154900  75.98
2010-03-23  75.63  76.45  75.06  76.32  7503700  76.32
2010-03-22  74.69  75.88  74.43  75.63  3759700  75.63
2010-03-19  76.2  76.2  74.96  75.64  6781100  75.64
2010-03-18  75.91  76.28  74.67  75.57  4552500  75.57
2010-03-17  75.7  76.7  75.58  76.21  6983100  76.21
2010-03-16  74.73  75.52  74.13  75.45  5519700  75.45
2010-03-15  74.62  74.78  73.43  74.25  3190300  74.25
2010-03-12  75.45  75.56  74.58  74.96  3944100  74.96
2010-03-11  74.79  75.52  74.6  74.98  3902200  74.98
2010-03-10  74.5  75.32  74.18  75.08  4322100  75.08
2010-03-09  74.1  75.45  74.01  74.64  6125700  74.64
2010-03-08  74.9  75.18  74.22  74.64  3469500  74.64
2010-03-05  74.77  75.02  74.19  74.75  3836300  74.75
2010-03-04  73.82  74.67  73.74  74.12  4340300  74.12
2010-03-03  74.38  74.87  73.75  73.92  6757000  73.92
2010-03-02  74.1  74.67  73.8  74.07  4038200  74.07
2010-03-01  73.21  74.0  73.1  73.66  4165000  73.66
2010-02-26  72.55  73.07  71.76  72.84  4398000  72.84
2010-02-25  71.14  72.23  70.27  72.09  5130300  72.09
2010-02-24  72.77  72.93  71.86  72.57  3658700  72.57
2010-02-23  73.07  73.37  71.97  72.08  7339100  72.08
2010-02-22  74.81  74.91  72.83  72.99  5310700  72.99
2010-02-19  73.68  74.81  73.51  74.36  3877900  74.36
2010-02-18  73.54  74.05  72.79  73.88  4118900  73.88
2010-02-17  74.06  74.3  72.85  73.84  4749400  73.84
2010-02-16  73.9  74.32  72.87  74.06  5824800  74.06
2010-02-12  72.26  72.89  71.42  72.8  6187800  72.8
2010-02-11  71.58  73.45  70.93  73.4  6212300  73.4
2010-02-10  71.53  71.99  70.33  71.51  5895800  71.51
2010-02-09  70.6  71.97  69.77  71.07  8068600  71.07
2010-02-08  70.03  71.68  69.34  69.6  6633500  69.6
2010-02-05  69.68  70.39  67.75  69.98  10234900  69.98
2010-02-04  72.46  72.46  69.6  69.73  7646700  69.73
2010-02-03  73.58  74.01  72.65  73.1  3532000  73.1
2010-02-02  73.08  73.83  72.26  73.69  5158700  73.69
2010-02-01  72.14  72.9  72.02  72.82  6083000  72.82
2010-01-29  71.29  72.82  70.93  71.47  10751600  71.47
2010-01-28  70.66  71.9  67.85  70.7  11353800  70.7
2010-01-27  69.97  70.42  68.77  69.72  5060700  69.72
2010-01-26  69.52  71.12  69.52  69.93  8728100  69.93
2010-01-25  70.27  71.64  70.06  70.84  6442600  70.84
2010-01-22  69.87  71.3  69.07  69.42  9715400  69.42
2010-01-21  71.29  71.62  69.23  69.34  7288300  69.34
2010-01-20  71.71  71.71  70.07  71.35  6026000  71.35
2010-01-19  71.75  72.46  71.39  72.4  5461000  72.4
2010-01-15  73.01  73.22  71.47  71.99  7906800  71.99
2010-01-14  72.21  73.37  72.18  73.21  4519700  73.21
2010-01-13  73.29  73.62  71.7  72.64  7363200  72.64
2010-01-12  74.63  74.96  72.9  73.13  6775100  73.13
2010-01-11  76.77  77.39  75.08  75.68  3908300  75.68
2010-01-08  75.28  76.42  74.37  76.37  4154600  76.37
2010-01-07  75.67  76.29  75.14  75.6  4120200  75.6
2010-01-06  75.17  76.51  74.65  76.16  5344700  76.16
2010-01-05  75.88  75.93  74.83  75.26  3368000  75.26
2010-01-04  75.41  76.18  74.99  75.81  3478100  75.81
