Date  Open  High  Low  Close  Volume  Adj Close
2014-02-28  81.16  81.6  80.51  80.91  4569000  80.91
2014-02-27  79.5  81.14  79.35  80.78  5974200  80.78
2014-02-26  80.05  80.08  78.92  79.5  5278200  79.5
2014-02-25  79.4  80.09  79.33  79.93  5361500  79.93
2014-02-24  78.79  79.64  78.52  79.17  5043600  79.17
2014-02-21  79.64  79.94  78.9  78.97  5425100  78.97
2014-02-20  79.63  80.15  79.25  79.71  4545900  79.71
2014-02-19  79.77  80.19  79.5  79.6  4469700  79.6
2014-02-18  80.21  80.94  80.0  80.01  5987900  80.01
2014-02-14  79.31  80.55  78.88  80.39  6641400  80.39
2014-02-13  78.25  79.32  77.55  79.24  4595200  79.24
2014-02-12  79.64  79.66  78.31  78.44  5160000  78.44
2014-02-11  78.61  79.5  78.01  79.46  6011300  79.46
2014-02-10  79.95  80.1  78.44  78.81  6526000  78.81
2014-02-07  78.33  80.29  78.17  80.25  8628100  80.25
2014-02-06  76.88  78.79  76.66  78.11  8400900  78.11
2014-02-05  76.56  77.08  76.06  76.9  7038800  76.9
2014-02-04  75.85  77.23  75.57  76.88  7917900  76.88
2014-02-03  78.09  78.19  75.28  75.39  9837000  75.39
2014-01-31  78.31  78.95  77.19  78.14  8001800  78.14
2014-01-30  79.61  79.8  78.93  79.09  7011600  79.09
2014-01-29  80.47  80.47  78.33  79.44  10371500  79.44
2014-01-28  80.89  81.01  80.51  80.81  5951100  80.81
2014-01-27  81.63  81.86  80.77  80.78  5444200  80.78
2014-01-24  82.96  83.18  81.5  81.5  8040200  81.5
2014-01-23  83.61  84.41  83.0  83.54  4534300  83.54
2014-01-22  83.92  84.41  83.45  84.19  3401900  84.19
2014-01-21  84.32  84.54  83.41  83.99  4528100  83.99
2014-01-17  84.13  84.26  83.2  83.33  6171600  83.33
2014-01-16  82.96  84.55  82.62  84.52  6866200  84.52
2014-01-15  82.45  83.3  82.35  83.08  5525800  83.08
2014-01-14  82.74  83.0  82.31  82.45  6103200  82.45
2014-01-13  82.44  82.96  82.27  82.45  6999000  82.45
2014-01-10  83.96  84.05  82.41  82.57  9047600  82.57
2014-01-09  83.25  83.63  82.61  83.31  6690100  83.31
2014-01-08  84.5  84.61  82.93  83.27  10906300  83.27
2014-01-07  85.12  85.67  84.53  84.68  7502500  84.68
2014-01-06  85.55  85.57  84.55  84.93  5323900  84.93
2014-01-03  86.25  86.5  85.51  85.53  3847000  85.53
2014-01-02  87.0  87.2  85.75  86.02  3748000  86.02
2013-12-31  86.63  87.34  86.42  87.13  3799000  87.13
2013-12-30  86.57  86.89  85.84  86.6  3908300  86.6
2013-12-27  86.2  86.93  86.09  86.74  3046000  86.74
2013-12-26  85.48  86.14  85.43  86.01  2624000  86.01
2013-12-24  85.09  85.99  85.01  85.43  1909600  85.43
2013-12-23  84.84  85.39  84.33  85.25  4166600  85.25
2013-12-20  84.61  84.92  84.37  84.58  9643600  84.58
2013-12-19  84.39  84.74  83.89  84.54  5667300  84.54
2013-12-18  84.06  84.62  82.89  84.54  6874300  84.54
2013-12-17  83.78  83.93  83.39  83.72  5663200  83.72
2013-12-16  84.33  84.33  83.69  83.82  5500600  83.82
2013-12-13  84.51  84.64  83.96  84.3  3650000  84.3
2013-12-12  84.79  84.9  84.27  84.38  4616800  84.38
2013-12-11  85.07  85.35  84.57  84.98  5352100  84.98
2013-12-10  85.3  85.54  84.44  84.85  4756300  84.85
2013-12-09  85.09  85.49  84.65  85.4  4597600  85.4
2013-12-06  85.36  85.6  84.66  84.89  4844800  84.89
2013-12-05  84.75  85.14  84.17  84.57  5591800  84.57
2013-12-04  84.39  85.1  84.08  84.97  4495400  84.97
2013-12-03  83.92  84.82  83.92  84.82  5200800  84.82
2013-12-02  84.39  84.75  84.06  84.13  3904000  84.13
2013-11-29  84.81  85.06  84.36  84.6  2990400  84.6
2013-11-27  84.5  84.83  84.31  84.56  3626400  84.56
2013-11-26  85.17  85.42  83.93  84.54  8403300  84.54
2013-11-25  86.18  86.22  85.26  85.34  4688400  85.34
2013-11-22  85.82  86.33  85.33  85.99  7114700  85.99
2013-11-21  86.38  87.0  83.97  85.65  15638000  85.65
2013-11-20  90.53  90.8  87.63  88.32  10067500  88.32
2013-11-19  90.44  90.67  90.03  90.46  3162500  90.46
2013-11-18  90.31  90.8  90.31  90.63  3463800  90.63
2013-11-15  89.56  90.4  89.49  90.36  4089300  90.36
2013-11-14  89.67  90.23  89.59  89.7  3765700  89.7
2013-11-13  88.41  89.72  88.37  89.62  3723300  89.62
2013-11-12  88.62  88.77  87.85  88.76  3910100  88.76
2013-11-11  88.37  89.97  88.27  88.74  3417700  88.74
2013-11-08  88.76  88.81  87.74  88.43  4972600  88.43
2013-11-07  90.04  90.25  88.6  88.98  5184400  88.98
2013-11-06  89.45  90.24  89.29  90.01  3902600  90.01
2013-11-05  89.08  89.5  88.84  89.14  3085100  89.14
2013-11-04  89.16  89.36  88.61  89.26  3589200  89.26
2013-11-01  88.37  89.16  88.22  88.77  4094500  88.77
2013-10-31  88.25  89.11  87.82  88.14  5339800  88.14
2013-10-30  89.6  89.67  88.33  88.36  3723500  88.36
2013-10-29  89.11  89.51  88.42  89.37  4294300  89.37
2013-10-28  87.75  89.38  87.54  88.91  5250800  88.91
2013-10-25  86.81  87.68  86.73  87.63  4610000  87.63
2013-10-24  87.67  88.23  87.04  87.21  5116000  87.21
2013-10-23  86.44  87.84  86.33  87.15  4229100  87.15
2013-10-22  85.82  86.96  85.27  86.82  5247600  86.82
2013-10-21  85.69  86.02  85.44  85.9  3437900  85.9
2013-10-18  85.89  86.28  85.16  85.97  5654300  85.97
2013-10-17  84.88  86.53  84.84  85.93  6286300  85.93
2013-10-16  85.0  85.3  84.46  85.14  4808700  85.14
2013-10-15  85.61  85.61  84.46  84.56  4978700  84.56
2013-10-14  83.76  86.1  83.73  85.74  4534500  85.74
2013-10-11  85.35  85.76  83.78  84.1  5988600  84.1
2013-10-10  83.86  85.25  83.86  85.21  5831400  85.21
2013-10-09  85.13  85.47  83.23  83.23  7307300  83.23
2013-10-08  85.47  86.08  84.96  85.0  4643400  85.0
2013-10-07  85.68  86.3  85.52  85.63  3728500  85.63
2013-10-04  86.48  86.72  85.78  86.08  3600100  86.08
2013-10-03  86.58  86.98  85.85  86.53  3987700  86.53
2013-10-02  86.03  86.81  85.62  86.76  4335900  86.76
2013-10-01  85.78  86.47  85.57  86.41  3538600  86.41
2013-09-30  85.77  86.25  85.33  85.64  4288500  85.64
2013-09-27  86.3  86.5  85.77  86.37  3319400  86.37
2013-09-26  86.07  86.76  85.82  86.73  3597600  86.73
2013-09-25  86.43  86.63  85.6  85.95  3990000  85.95
2013-09-24  87.52  87.58  86.31  86.45  5731000  86.45
2013-09-23  88.19  88.23  87.35  87.83  13825500  87.83
2013-09-20  88.73  89.02  88.43  88.54  20793500  88.54
2013-09-19  88.16  89.3  87.97  88.61  4761800  88.61
2013-09-18  86.43  88.29  85.96  88.03  5829800  88.03
2013-09-17  85.9  86.47  85.85  86.34  4154100  86.34
2013-09-16  86.78  87.17  85.85  85.97  4262900  85.97
2013-09-13  84.65  86.01  84.65  85.91  4455700  85.91
2013-09-12  84.75  84.88  84.15  84.44  4237800  84.44
2013-09-11  82.88  84.73  82.8  84.71  5591800  84.71
2013-09-10  82.98  83.1  82.24  82.43  4462500  82.43
2013-09-09  82.61  82.72  81.95  82.71  3965200  82.71
2013-09-06  82.58  82.81  81.77  82.39  3574500  82.39
2013-09-05  82.16  82.94  81.9  82.3  4310700  82.3
2013-09-04  81.5  82.51  81.42  82.06  3708000  82.06
2013-09-03  82.04  82.59  81.39  81.62  4725500  81.62
2013-08-30  81.89  82.21  81.38  81.66  4386000  81.66
2013-08-29  81.26  82.62  81.09  82.09  4510700  82.09
2013-08-28  81.98  82.02  81.13  81.18  6096300  81.18
2013-08-27  82.19  82.78  81.74  82.31  5002600  82.31
2013-08-26  83.68  83.82  82.61  82.61  3420100  82.61
2013-08-23  82.55  83.81  82.47  83.55  4331400  83.55
2013-08-22  81.95  82.57  81.95  82.37  4718800  82.37
2013-08-21  82.33  83.0  81.88  81.98  7091700  81.98
2013-08-20  83.4  83.42  82.38  82.41  5963200  82.41
2013-08-19  83.77  83.97  83.24  83.34  4447100  83.34
2013-08-16  84.85  85.29  83.77  83.92  4711100  83.92
2013-08-15  85.92  86.15  85.09  85.28  3630400  85.28
2013-08-14  86.63  87.08  85.94  86.3  2942200  86.3
2013-08-13  86.32  86.69  85.71  86.44  3035900  86.44
2013-08-12  86.32  86.83  86.12  86.41  2918500  86.41
2013-08-09  87.45  87.66  86.55  86.81  3338200  86.81
2013-08-08  86.63  87.88  86.52  87.45  4193400  87.45
2013-08-07  86.76  86.76  86.01  86.33  4218900  86.33
2013-08-06  87.1  87.26  86.66  86.87  4230000  86.87
2013-08-05  87.49  87.65  86.82  87.32  2791100  87.32
2013-08-02  87.48  87.84  87.21  87.68  3507000  87.68
2013-08-01  87.69  87.98  87.46  87.79  5262700  87.79
2013-07-31  87.24  88.02  86.94  87.28  5371200  87.28
2013-07-30  87.2  87.53  86.78  87.27  3672200  87.27
2013-07-29  86.71  87.24  86.47  86.78  3250200  86.78
2013-07-26  86.78  87.09  85.84  86.98  3825700  86.98
2013-07-25  86.21  87.76  86.21  87.32  3956400  87.32
2013-07-24  86.94  87.03  86.01  86.65  5171600  86.65
2013-07-23  87.29  87.76  86.68  86.88  4164800  86.88
2013-07-22  87.09  88.17  86.67  87.32  4326700  87.32
2013-07-19  87.41  87.58  86.56  86.72  5242400  86.72
2013-07-18  86.39  88.27  85.77  87.34  6148200  87.34
2013-07-17  88.33  88.71  87.79  87.79  4354200  87.79
2013-07-16  87.61  88.81  87.4  88.03  4933700  88.03
2013-07-15  87.77  88.26  87.31  87.7  3612400  87.7
2013-07-12  89.04  89.44  87.13  87.78  4957000  87.78
2013-07-11  87.92  89.13  87.74  88.41  5808600  88.41
2013-07-10  87.31  87.99  86.33  86.54  5005700  86.54
2013-07-09  87.38  87.98  87.04  87.28  4290500  87.28
2013-07-08  86.13  87.22  85.91  86.68  4373500  86.68
2013-07-05  86.24  86.36  84.73  85.64  3039500  85.64
2013-07-03  85.22  86.3  84.95  85.88  2070400  85.88
2013-07-02  85.52  86.49  85.19  85.69  4775900  85.69
2013-07-01  85.25  86.08  85.25  85.66  5338100  85.66
2013-06-28  85.63  86.43  84.71  84.77  11121000  84.77
2013-06-27  86.49  87.06  85.82  85.91  5276500  85.91
2013-06-26  85.26  86.52  85.08  85.67  6448100  85.67
2013-06-25  84.72  85.08  84.21  84.65  6387200  84.65
2013-06-24  83.93  85.3  83.38  84.16  6824800  84.16
2013-06-21  84.78  85.71  83.98  84.76  11088400  84.76
2013-06-20  87.08  87.08  83.66  83.95  9511400  83.95
2013-06-19  89.86  90.25  87.47  87.47  4843400  87.47
2013-06-18  89.64  90.0  89.09  89.78  2888100  89.78
2013-06-17  89.57  90.12  88.98  89.61  4584500  89.61
2013-06-14  89.46  90.29  89.12  89.27  3811100  89.27
2013-06-13  88.91  89.9  88.54  89.72  3899900  89.72
2013-06-12  88.87  89.3  88.29  88.82  4194800  88.82
2013-06-11  88.27  89.48  88.04  88.41  3648100  88.41
2013-06-10  89.41  89.87  88.59  88.8  3888200  88.8
2013-06-07  89.78  90.19  88.25  89.24  5650600  89.24
2013-06-06  87.36  89.15  86.66  89.15  9930500  89.15
2013-06-05  88.82  88.88  87.61  87.67  4480200  87.67
2013-06-04  89.52  89.95  88.59  89.05  4728500  89.05
2013-06-03  88.13  89.79  87.41  89.52  6554000  89.52
2013-05-31  89.13  89.71  88.08  88.1  7408600  88.1
2013-05-30  89.4  90.03  89.17  89.56  4373900  89.56
2013-05-29  89.81  89.87  88.62  89.4  6789000  89.4
2013-05-28  91.95  92.64  90.28  90.47  6276300  90.47
2013-05-24  90.96  91.51  90.44  91.21  3815700  91.21
2013-05-23  90.51  91.67  90.41  91.39  5458000  91.39
2013-05-22  91.03  92.38  90.85  91.06  7011900  91.06
2013-05-21  92.0  92.03  90.79  91.48  5202400  91.48
2013-05-20  92.72  92.79  91.82  92.06  3855300  92.06
2013-05-17  92.57  93.04  92.02  92.72  5141000  92.72
2013-05-16  92.85  93.34  92.31  92.49  5138800  92.49
2013-05-15  92.12  93.33  92.03  93.32  5042600  93.32
2013-05-14  91.06  92.1  90.93  92.02  4634400  92.02
2013-05-13  90.28  91.61  90.15  91.13  4749300  91.13
2013-05-10  91.04  91.19  90.12  90.43  5357900  90.43
2013-05-09  91.46  91.61  90.54  90.81  3770900  90.81
2013-05-08  90.76  91.64  90.58  91.59  4239000  91.59
2013-05-07  90.24  90.98  90.12  90.71  4977600  90.71
2013-05-06  90.88  91.17  89.98  90.23  6189600  90.23
2013-05-03  92.5  92.64  91.14  91.34  5661500  91.34
2013-05-02  92.91  93.07  91.61  92.07  5691600  92.07
2013-05-01  92.37  93.74  92.27  92.71  5123100  92.71
2013-04-30  92.86  92.93  92.12  92.63  3716400  92.63
2013-04-29  92.36  93.15  92.02  92.99  3802700  92.99
2013-04-26  91.84  92.76  91.74  92.36  4369700  92.36
2013-04-25  91.55  91.87  91.29  91.71  3363200  91.71
2013-04-24  90.87  92.0  90.74  91.14  5209100  91.14
2013-04-23  90.4  90.98  89.16  90.71  4274000  90.71
2013-04-22  89.06  90.08  88.84  89.95  4176900  89.95
2013-04-19  89.1  89.74  88.67  89.11  5951000  89.11
2013-04-18  89.15  89.75  87.89  88.85  8277400  88.85
2013-04-17  91.64  91.79  90.63  91.13  4342800  91.13
2013-04-16  91.54  92.28  90.83  92.03  5630000  92.03
2013-04-15  92.97  93.2  91.18  91.2  5015900  91.2
2013-04-12  92.71  93.62  92.36  93.46  3944500  93.46
2013-04-11  92.38  93.1  92.09  92.64  3718300  92.64
2013-04-10  91.95  92.47  91.32  92.31  3744500  92.31
2013-04-09  91.84  92.16  91.15  91.62  3295400  91.62
2013-04-08  90.07  91.57  89.93  91.52  3674300  91.52
2013-04-05  90.89  91.09  89.47  89.85  5033400  89.85
2013-04-04  91.81  92.32  91.44  91.61  3820000  91.61
2013-04-03  91.65  92.37  91.16  91.44  6293500  91.44
2013-04-02  90.17  91.53  90.03  91.49  4619000  91.49
2013-04-01  89.87  89.94  89.22  89.91  2946600  89.91
2013-03-28  89.19  90.06  89.1  89.84  4424700  89.84
2013-03-27  88.46  89.77  88.41  89.15  4168300  89.15
2013-03-26  88.71  88.97  88.17  88.92  4675200  88.92
2013-03-25  88.32  88.93  88.12  88.32  14448600  88.32
2013-03-22  87.37  88.31  87.23  87.97  13665900  87.97
2013-03-21  87.49  87.89  87.26  87.42  4008600  87.42
2013-03-20  87.37  88.05  87.36  87.77  4184500  87.77
2013-03-19  86.98  87.58  86.69  87.19  3717900  87.19
2013-03-18  86.93  87.31  86.65  86.76  4503000  86.76
2013-03-15  87.36  87.98  86.65  87.73  9899400  87.73
2013-03-14  87.31  87.95  87.21  87.67  5079000  87.67
2013-03-13  87.22  87.28  86.45  86.94  4122500  86.94
2013-03-12  87.74  87.78  86.7  87.27  4420000  87.27
2013-03-11  87.27  87.9  87.2  87.57  3249400  87.57
2013-03-08  88.21  88.26  87.29  87.48  3946700  87.48
2013-03-07  87.76  88.29  87.76  88.15  3178600  88.15
2013-03-06  88.66  88.94  87.77  87.95  4083800  87.95
2013-03-05  88.81  89.21  88.25  88.6  4552800  88.6
2013-03-04  87.84  88.88  87.83  88.68  4116200  88.68
2013-03-01  88.03  88.97  87.5  87.79  4554100  87.79
2013-02-28  88.02  88.57  87.73  88.09  6038900  88.09
2013-02-27  87.71  88.15  87.11  87.78  4801300  87.78
2013-02-26  88.36  88.9  87.53  87.95  5150100  87.95
2013-02-25  89.56  89.84  87.9  87.91  6398900  87.91
2013-02-22  89.5  89.75  88.93  89.69  4070600  89.69
2013-02-21  87.96  89.88  87.71  89.42  5990900  89.42
2013-02-20  87.64  89.09  87.13  88.42  4866700  88.42
2013-02-19  86.77  87.76  86.5  87.67  4428500  87.67
2013-02-15  86.47  87.37  85.83  86.4  5235600  86.4
2013-02-14  87.24  87.36  86.27  86.42  5268700  86.42
2013-02-13  86.82  87.82  86.82  87.36  3852800  87.36
2013-02-12  87.02  87.12  86.43  86.55  3638500  86.55
2013-02-11  86.8  87.2  86.64  86.75  3283400  86.75
2013-02-08  86.06  87.22  86.06  86.84  4366500  86.84
2013-02-07  83.68  86.41  83.39  86.24  7478500  86.24
2013-02-06  84.25  84.41  83.87  84.19  3920500  84.19
2013-02-05  83.94  84.62  83.83  84.45  4546200  84.45
2013-02-04  84.04  84.54  83.34  83.85  5808700  83.85
2013-02-01  85.38  85.43  84.17  84.62  5420400  84.62
2013-01-31  84.3  85.47  84.15  84.64  5045200  84.64
2013-01-30  84.91  85.13  83.91  84.15  6468300  84.15
2013-01-29  85.1  85.98  85.01  85.36  4972700  85.36
2013-01-28  85.75  85.83  85.33  85.45  4549700  85.45
2013-01-25  86.24  86.41  85.45  85.85  4499700  85.85
2013-01-24  85.57  86.41  85.22  86.18  4403600  86.18
2013-01-23  86.15  86.41  85.01  85.3  4865200  85.3
2013-01-22  86.34  86.69  85.69  86.44  5937000  86.44
2013-01-18  85.84  86.39  85.35  86.39  5443600  86.39
2013-01-17  85.12  85.82  84.94  85.58  4568300  85.58
2013-01-16  84.92  85.24  84.4  84.82  3400400  84.82
2013-01-15  85.11  85.74  85.01  85.37  4439700  85.37
2013-01-14  85.78  86.09  85.23  85.52  4521100  85.52
2013-01-11  85.0  86.25  85.0  85.67  8106000  85.67
2013-01-10  82.94  83.81  82.88  83.81  5312800  83.81
2013-01-09  82.91  83.21  82.1  82.41  4776300  82.41
2013-01-08  82.78  83.11  82.54  82.66  4426100  82.66
2013-01-07  82.73  83.24  82.48  82.81  3980800  82.81
2013-01-04  82.57  83.19  82.45  83.07  4205800  83.07
2013-01-03  83.48  83.84  82.0  82.44  5817000  82.44
2013-01-02  81.32  83.31  80.97  83.28  6499100  83.28
2012-12-31  79.42  80.4  79.15  80.3  5705000  80.3
2012-12-28  79.88  80.64  79.3  79.35  3911100  79.35
2012-12-27  79.83  80.58  79.6  80.43  5230400  80.43
2012-12-26  80.48  80.5  79.51  79.64  3509600  79.64
2012-12-24  80.27  80.9  80.27  80.4  2435100  80.4
2012-12-21  80.98  81.52  79.94  80.75  10896300  80.75
2012-12-20  80.26  81.34  79.64  81.27  7770400  81.27
2012-12-19  82.2  82.42  80.39  80.42  9307000  80.42
2012-12-18  82.92  83.08  81.12  82.19  8176600  82.19
2012-12-17  83.56  84.06  82.76  83.03  5717300  83.03
2012-12-14  83.14  83.89  83.14  83.37  4875800  83.37
2012-12-13  84.27  84.75  83.52  83.8  3898500  83.8
2012-12-12  84.46  85.22  84.09  84.35  4600700  84.35
2012-12-11  85.02  85.24  83.76  84.04  4918500  84.04
2012-12-10  84.71  85.47  84.54  84.62  3619300  84.62
2012-12-07  84.24  85.22  84.24  85.0  3897500  85.0
2012-12-06  84.22  85.1  83.96  84.24  4198900  84.24
2012-12-05  84.62  84.96  83.78  84.11  6070300  84.11
2012-12-04  85.33  85.46  84.51  84.51  4145400  84.51
2012-12-03  85.52  85.98  85.25  85.32  3848200  85.32
2012-11-30  85.44  85.88  85.09  85.39  7562500  85.39
2012-11-29  85.48  86.3  85.02  85.82  5658300  85.82
2012-11-28  84.56  85.54  83.84  85.42  5520800  85.42
2012-11-27  86.0  86.0  84.62  84.68  4474400  84.68
2012-11-26  85.35  85.5  84.69  85.38  3384100  85.38
2012-11-23  84.56  85.92  84.47  85.9  2169500  85.9
2012-11-21  83.78  84.44  83.62  84.29  3296700  84.29
2012-11-20  82.59  83.73  82.52  83.7  5853300  83.7
2012-11-19  81.31  82.52  81.27  82.52  5035500  82.52
2012-11-16  80.01  80.95  79.7  80.69  6501000  80.69
2012-11-15  78.1  79.84  78.0  79.78  7166800  79.78
2012-11-14  80.19  80.92  78.14  78.28  8158500  78.28
2012-11-13  80.37  81.28  80.14  80.21  5288800  80.21
2012-11-12  81.06  81.91  80.66  80.74  3493200  80.74
2012-11-09  80.54  82.17  80.31  81.16  3982600  81.16
2012-11-08  82.11  82.87  81.25  81.28  4271600  81.28
2012-11-07  82.81  83.22  82.03  82.04  5175400  82.04
2012-11-06  82.66  83.48  82.58  83.03  4059800  83.03
2012-11-05  82.29  83.09  81.39  82.46  4741200  82.46
2012-11-02  83.27  84.05  82.53  82.59  9707000  82.59
2012-11-01  84.53  84.97  83.19  83.22  5298000  83.22
2012-10-31  84.79  85.03  83.85  84.14  5379100  84.14
2012-10-26  83.56  84.53  83.11  83.87  4375000  83.87
2012-10-25  83.91  84.14  83.16  83.35  3710500  83.35
2012-10-24  83.42  84.02  83.14  83.35  3948800  83.35
2012-10-23  84.09  84.09  83.04  83.52  4171500  83.52
2012-10-22  83.88  84.95  83.7  84.75  4386700  84.75
2012-10-19  83.76  85.1  83.61  83.72  7140900  83.72
2012-10-18  84.64  85.85  83.57  83.61  8848900  83.61
2012-10-17  87.6  88.18  87.24  87.26  4829300  87.26
2012-10-16  87.87  88.17  87.35  87.9  2996300  87.9
2012-10-15  87.55  87.7  86.93  87.46  4761400  87.46
2012-10-12  86.91  88.15  86.81  87.12  3617300  87.12
2012-10-11  87.25  87.25  86.09  86.3  4422300  86.3
2012-10-10  87.09  87.75  86.17  86.25  3794600  86.25
2012-10-09  88.15  88.57  86.92  86.93  4057500  86.93
2012-10-08  89.02  89.17  88.39  88.69  2944600  88.69
2012-10-05  89.07  89.43  88.74  89.06  3906800  89.06
2012-10-04  88.39  89.31  88.35  88.65  3516700  88.65
2012-10-03  87.33  88.3  87.27  88.14  3823800  88.14
2012-10-02  86.55  87.4  86.55  87.26  3879800  87.26
2012-10-01  85.76  86.62  85.51  86.18  4336200  86.18
2012-09-28  85.98  85.98  85.25  85.45  5092900  85.45
2012-09-27  86.03  86.47  85.45  86.13  3860900  86.13
2012-09-26  85.6  86.41  85.45  85.9  3910900  85.9
2012-09-25  86.92  87.36  85.56  85.58  4973400  85.58
2012-09-24  86.61  86.9  86.13  86.72  3907400  86.72
2012-09-21  86.88  87.15  86.63  86.73  6761500  86.73
2012-09-20  86.14  86.83  86.14  86.72  5467100  86.72
2012-09-19  85.94  86.53  85.49  86.26  4209700  86.26
2012-09-18  85.37  86.46  85.2  86.14  4473800  86.14
2012-09-17  84.12  85.58  84.11  85.37  18849900  85.37
2012-09-14  84.34  84.77  83.63  84.23  19859500  84.23
2012-09-13  81.92  85.26  81.71  84.86  17534600  84.86
2012-09-12  83.39  83.39  81.05  81.58  8388100  81.58
2012-09-11  83.5  83.84  83.19  83.19  4193300  83.19
2012-09-10  83.44  83.64  82.81  83.42  4862200  83.42
2012-09-07  84.16  84.61  83.47  83.62  4860000  83.62
2012-09-06  83.88  84.81  83.78  84.23  5497600  84.23
2012-09-05  84.26  84.6  83.78  83.86  3766600  83.86
2012-09-04  84.19  84.67  83.94  84.37  3917000  84.37
2012-08-31  85.48  86.19  84.06  84.06  6626500  84.06
2012-08-30  85.51  85.63  85.01  85.24  2666900  85.24
2012-08-29  86.11  86.59  85.43  85.45  4027700  85.45
2012-08-28  84.53  85.89  84.51  85.55  3094500  85.55
2012-08-27  84.52  85.18  84.41  84.8  2943300  84.8
2012-08-24  83.36  84.71  83.1  84.49  5397900  84.49
2012-08-23  85.35  85.51  83.47  83.48  6914900  83.48
2012-08-22  86.03  86.22  85.52  85.54  3905800  85.54
2012-08-21  87.68  87.82  86.22  86.33  3779700  86.33
2012-08-20  87.91  88.1  87.53  87.7  2919500  87.7
2012-08-17  87.99  88.01  87.29  87.9  4161600  87.9
2012-08-16  87.03  87.99  86.67  87.81  4595400  87.81
2012-08-15  87.52  87.78  86.85  87.51  4163600  87.51
2012-08-14  87.06  87.99  86.7  87.67  4051500  87.67
2012-08-13  86.59  87.07  86.3  87.01  2418100  87.01
2012-08-10  85.76  87.01  85.72  86.8  2640000  86.8
2012-08-09  86.39  86.58  85.7  86.02  2807700  86.02
2012-08-08  85.84  86.61  85.24  86.38  3403700  86.38
2012-08-07  87.22  87.44  85.89  85.96  4299500  85.96
2012-08-06  86.6  87.69  86.42  86.82  4546100  86.82
2012-08-03  85.81  86.6  85.4  86.53  4123300  86.53
2012-08-02  85.0  85.58  84.29  84.78  3962700  84.78
2012-08-01  86.08  86.4  84.95  85.32  3362100  85.32
2012-07-31  85.82  86.42  85.51  86.07  5541000  86.07
2012-07-30  84.63  86.03  84.6  85.83  4151500  85.83
2012-07-27  83.23  85.65  82.6  85.0  6680300  85.0
2012-07-26  82.73  83.79  82.73  83.4  5348600  83.4
2012-07-25  82.66  82.9  81.73  81.79  4566700  81.79
2012-07-24  82.73  83.21  81.91  82.54  4915000  82.54
2012-07-23  83.13  83.74  82.63  82.83  4037100  82.83
2012-07-20  83.61  84.07  83.01  83.67  6255300  83.67
2012-07-19  84.25  85.4  84.06  84.29  6410400  84.29
2012-07-18  84.62  84.72  83.7  84.16  5162400  84.16
2012-07-17  85.22  85.66  84.01  84.71  4634100  84.71
2012-07-16  84.81  85.66  84.74  85.51  4117800  85.51
2012-07-13  84.8  85.18  84.49  84.92  3507600  84.92
2012-07-12  85.19  85.54  84.61  84.62  4797900  84.62
2012-07-11  85.31  85.73  84.95  85.23  4618800  85.23
2012-07-10  85.72  86.03  85.09  85.38  4399100  85.38
2012-07-09  84.07  85.65  83.98  85.29  5976200  85.29
2012-07-06  83.27  84.32  83.0  84.2  3780700  84.2
2012-07-05  83.99  84.32  83.4  83.76  3772700  83.76
2012-07-03  83.67  84.32  83.44  84.24  2487200  84.24
2012-07-02  82.22  83.84  82.09  83.78  4728400  83.78
2012-06-29  81.81  82.46  81.33  82.14  6269100  82.14
2012-06-28  79.4  80.77  79.15  80.59  4093200  80.59
2012-06-27  79.22  80.25  79.22  79.92  4641300  79.92
2012-06-26  79.12  79.5  78.87  79.1  4600100  79.1
2012-06-25  79.67  79.78  79.0  79.06  5044400  79.06
2012-06-22  80.31  80.78  79.81  80.24  7178700  80.24
2012-06-21  81.79  82.12  79.76  79.85  9160700  79.85
2012-06-20  82.54  82.85  81.94  82.57  4612600  82.57
2012-06-19  82.51  82.96  82.19  82.58  4908700  82.58
2012-06-18  81.64  82.72  81.44  82.21  4128500  82.21
2012-06-15  82.04  82.27  81.34  81.84  8794800  81.84
2012-06-14  80.22  82.09  80.13  81.48  4914600  81.48
2012-06-13  80.1  81.21  79.48  79.95  6411300  79.95
2012-06-12  78.95  79.73  78.67  79.3  4642200  79.3
2012-06-11  78.75  79.47  78.44  78.72  14009800  78.72
2012-06-08  77.8  78.46  77.64  78.33  3821300  78.33
2012-06-07  78.32  78.44  77.8  77.99  3599800  77.99
2012-06-06  76.5  77.49  76.41  77.49  4818100  77.49
2012-06-05  75.94  76.6  75.65  76.41  4298300  76.41
2012-06-04  77.07  77.15  75.88  76.41  6040300  76.41
2012-06-01  77.58  78.15  76.92  77.23  7960100  77.23
2012-05-31  79.15  79.54  78.75  78.84  5967600  78.84
2012-05-30  79.25  79.73  78.96  79.18  4203500  79.18
2012-05-29  79.7  79.98  79.22  79.85  3809500  79.85
2012-05-25  79.61  80.14  79.53  79.65  3603300  79.65
2012-05-24  78.76  79.76  78.68  79.61  5261700  79.61
2012-05-23  79.04  79.27  78.35  78.67  4938500  78.67
2012-05-22  79.28  80.01  79.01  79.35  4994900  79.35
2012-05-21  78.92  79.16  78.15  79.05  4646100  79.05
2012-05-18  78.85  79.58  78.46  78.64  6538900  78.64
2012-05-17  79.41  79.59  78.54  78.55  4578200  78.55
2012-05-16  79.09  79.91  78.9  79.52  4998800  79.52
2012-05-15  79.54  79.92  78.87  79.03  4777200  79.03
2012-05-14  79.9  80.23  79.42  79.66  4833200  79.66
2012-05-11  79.83  80.67  79.83  80.37  4842300  80.37
2012-05-10  80.53  80.92  80.22  80.38  5120600  80.38
2012-05-09  81.01  81.14  79.89  79.89  7574900  79.89
2012-05-08  82.2  82.47  81.26  81.83  6154600  81.83
2012-05-07  83.01  83.19  82.29  82.35  5218200  82.35
2012-05-04  83.73  84.06  83.03  83.15  3710000  83.15
2012-05-03  83.98  84.55  83.51  83.92  5300000  83.92
2012-05-02  83.78  84.6  83.78  84.25  5132600  84.25
2012-05-01  83.32  84.94  83.32  83.96  5911600  83.96
2012-04-30  83.78  83.94  83.02  83.5  6439100  83.5
2012-04-27  83.02  84.54  82.72  83.78  7067800  83.78
2012-04-26  81.93  82.8  81.59  82.61  4545700  82.61
2012-04-25  80.6  81.98  80.4  81.76  6191900  81.76
2012-04-24  81.25  81.41  80.34  80.39  5064700  80.39
2012-04-23  81.31  81.7  80.79  81.1  4677700  81.1
2012-04-20  80.59  82.4  80.36  81.92  6637800  81.92
2012-04-19  82.1  82.1  80.32  80.93  6089700  80.93
2012-04-18  81.16  82.2  80.81  81.85  4861600  81.85
2012-04-17  81.4  82.0  80.96  81.58  4819400  81.58
2012-04-16  82.25  82.34  80.72  81.2  5765900  81.2
2012-04-13  81.67  82.83  81.54  81.94  6023400  81.94
2012-04-12  81.85  81.89  80.8  81.4  5058900  81.4
2012-04-11  81.76  82.28  81.44  81.65  5166600  81.65
2012-04-10  82.18  82.31  81.06  81.21  5615400  81.21
2012-04-09  82.05  82.75  82.05  82.44  3422700  82.44
2012-04-05  83.12  83.26  82.2  82.69  6328000  82.69
2012-04-04  82.68  84.05  82.65  83.48  7032900  83.48
2012-04-03  82.83  83.05  82.37  83.01  7640600  83.01
2012-04-02  82.89  83.6  82.89  83.38  4848300  83.38
2012-03-30  81.22  82.89  81.22  82.66  6974800  82.66
2012-03-29  80.7  81.16  80.35  80.83  4906400  80.83
2012-03-28  81.62  81.71  80.8  81.13  6090500  81.13
2012-03-27  82.23  82.49  81.65  81.65  5187900  81.65
2012-03-26  80.54  81.85  80.46  81.52  6321400  81.52
2012-03-23  80.32  80.59  79.92  80.29  6264900  80.29
2012-03-22  79.5  80.58  79.45  80.3  6051300  80.3
2012-03-21  80.03  80.18  79.58  79.64  4892200  79.64
2012-03-20  79.37  80.14  79.36  80.03  4578900  80.03
2012-03-19  79.36  80.08  79.03  79.84  3724600  79.84
2012-03-16  79.5  79.68  79.1  79.35  7930600  79.35
2012-03-15  79.02  79.43  78.82  79.43  4849500  79.43
2012-03-14  78.92  79.31  78.56  79.02  5170700  79.02
2012-03-13  78.4  79.31  78.22  79.26  5132900  79.26
2012-03-12  78.54  79.12  77.59  78.18  8037600  78.18
2012-03-09  78.55  78.82  78.24  78.24  3601500  78.24
2012-03-08  78.43  78.75  78.18  78.25  3738200  78.25
2012-03-07  77.71  78.04  76.99  77.74  4852700  77.74
2012-03-06  78.43  78.99  77.65  77.73  6932900  77.73
2012-03-05  78.05  79.0  77.81  78.99  4097400  78.99
2012-03-02  77.95  78.36  77.49  78.19  4183300  78.19
2012-03-01  77.21  77.98  76.67  77.89  4944700  77.89
2012-02-29  77.67  77.95  77.23  77.23  5817000  77.23
2012-02-28  76.92  77.63  76.75  77.55  4728900  77.55
2012-02-27  76.39  77.09  76.29  76.85  4340200  76.85
2012-02-24  76.29  76.83  76.09  76.77  4023000  76.77
2012-02-23  75.81  76.17  75.19  75.99  4272600  75.99
2012-02-22  75.92  76.54  75.41  76.1  5085700  76.1
2012-02-21  76.08  76.46  75.74  76.08  5134700  76.08
2012-02-17  76.14  76.44  75.38  75.59  5418400  75.59
2012-02-16  75.49  76.11  75.15  75.77  4548900  75.77
2012-02-15  75.72  75.87  75.06  75.41  4965800  75.41
2012-02-14  75.1  75.5  74.9  75.5  5689100  75.5
2012-02-13  74.62  75.73  74.37  75.47  7551400  75.47
2012-02-10  74.06  74.43  73.71  74.39  7602800  74.39
2012-02-09  72.03  74.89  71.98  74.03  10988900  74.03
2012-02-08  71.75  72.05  71.27  72.02  5024600  72.02
2012-02-07  70.75  72.11  70.73  71.76  5607100  71.76
2012-02-06  70.71  71.38  70.52  71.07  3733700  71.07
2012-02-03  70.69  71.02  70.1  70.85  3496200  70.85
2012-02-02  70.3  70.3  69.66  70.13  2967200  70.13
2012-02-01  69.53  70.36  69.5  70.05  4321500  70.05
2012-01-31  69.38  69.55  68.89  69.14  5688800  69.14
2012-01-30  69.46  69.57  68.9  69.26  4698900  69.26
2012-01-27  70.55  70.95  69.56  69.78  5934500  69.78
2012-01-26  71.34  71.34  70.15  70.63  5419800  70.63
2012-01-25  68.27  71.14  68.15  71.03  8417000  71.03
2012-01-24  69.03  69.54  68.31  68.57  4608700  68.57
2012-01-23  68.8  69.45  68.52  69.23  5924200  69.23
2012-01-20  68.39  69.0  68.11  68.91  6017200  68.91
2012-01-19  68.15  68.91  67.63  68.23  8226400  68.23
2012-01-18  70.11  70.11  67.37  67.75  13761200  67.75
2012-01-17  71.3  71.64  70.06  70.19  6676900  70.19
2012-01-13  70.48  71.57  70.34  71.5  4916800  71.5
2012-01-12  70.82  71.32  70.66  70.7  4698700  70.7
2012-01-11  71.36  71.99  70.77  70.83  5095800  70.83
2012-01-10  71.81  72.04  71.13  71.5  4937000  71.5
2012-01-09  71.25  71.44  70.83  71.07  4766400  71.07
2012-01-06  71.83  71.96  70.88  71.28  6745900  71.28
2012-01-05  72.28  72.75  71.94  72.32  5407000  72.32
2012-01-04  72.27  72.6  71.95  72.55  5589500  72.55
2012-01-03  73.2  73.94  72.61  72.67  6708400  72.67
2011-12-30  73.2  73.28  72.29  72.57  3678000  72.57
2011-12-29  72.95  73.23  72.75  73.15  3511000  73.15
2011-12-28  72.76  73.19  72.46  72.6  2656300  72.6
2011-12-27  73.05  73.45  72.52  72.9  2510600  72.9
2011-12-23  72.17  72.96  72.08  72.82  3037300  72.82
2011-12-22  72.54  72.64  71.62  71.99  4308300  71.99
2011-12-21  71.09  72.4  70.85  72.3  6912800  72.3
2011-12-20  70.5  71.03  70.22  70.93  6665400  70.93
2011-12-19  69.6  70.31  69.37  69.75  6178100  69.75
2011-12-16  69.96  70.14  68.92  69.2  8857800  69.2
2011-12-15  69.27  69.84  68.92  69.5  6055100  69.5
2011-12-14  68.93  70.0  68.3  68.53  7792600  68.53
2011-12-13  69.43  70.06  68.97  69.12  6092300  69.12
2011-12-12  68.95  69.44  68.44  68.79  7101500  68.79
2011-12-09  68.83  69.46  68.62  69.18  5647700  69.18
2011-12-08  68.95  69.18  68.09  68.25  6465200  68.25
2011-12-07  68.86  69.45  68.42  69.18  5676400  69.18
2011-12-06  69.37  69.42  68.92  69.18  5314700  69.18
2011-12-05  70.22  70.51  68.98  69.45  5335900  69.45
2011-12-02  69.54  69.97  68.94  69.08  5414500  69.08
2011-12-01  69.67  70.49  69.19  69.29  5938000  69.29
2011-11-30  69.51  69.94  68.74  69.79  9494900  69.79
2011-11-29  67.17  69.07  67.17  68.16  8016600  68.16
2011-11-28  66.0  66.96  65.91  66.91  6827800  66.91
2011-11-25  65.01  66.13  64.98  65.28  3575400  65.28
2011-11-23  65.41  65.56  64.83  65.01  5685900  65.01
2011-11-22  66.01  66.45  65.77  65.92  5401500  65.92
2011-11-21  65.75  66.4  65.49  65.91  6422600  65.91
2011-11-18  66.24  67.09  66.21  66.91  8647300  66.91
2011-11-17  65.42  67.24  65.42  65.98  7073200  65.98
2011-11-16  65.45  66.98  65.05  65.56  7934600  65.56
2011-11-15  65.33  65.68  64.9  65.47  4392700  65.47
2011-11-14  65.57  65.6  64.86  65.18  5024100  65.18
2011-11-11  65.45  66.02  65.31  65.58  4136400  65.58
2011-11-10  64.09  65.18  64.09  64.99  5708800  64.99
2011-11-09  64.1  64.37  63.27  63.73  6214900  63.73
2011-11-08  64.63  65.29  64.15  65.18  4631200  65.18
2011-11-07  64.19  64.6  63.6  64.53  3976600  64.53
2011-11-04  64.68  64.87  63.96  64.27  5754100  64.27
2011-11-03  64.25  64.96  64.1  64.8  5399200  64.8
2011-11-02  63.24  64.23  63.1  63.96  7788500  63.96
2011-11-01  62.41  63.44  62.02  62.94  9908100  62.94
2011-10-31  65.55  65.92  63.84  63.96  10206300  63.96
2011-10-28  65.96  66.36  65.29  66.02  6246000  66.02
2011-10-27  65.73  66.34  64.99  65.91  10180400  65.91
2011-10-26  63.86  64.84  63.29  64.81  10327100  64.81
2011-10-25  62.71  63.53  62.69  63.02  10066800  63.02
2011-10-24  64.18  64.33  63.45  63.6  7631000  63.6
2011-10-21  63.15  64.42  63.07  64.08  13618000  64.08
2011-10-20  62.04  63.26  61.66  62.42  12115700  62.42
2011-10-19  60.88  61.41  60.39  60.44  5661600  60.44
2011-10-18  61.04  61.39  59.83  60.7  7378300  60.7
2011-10-17  61.78  62.3  61.21  61.37  6575000  61.37
2011-10-14  61.51  61.7  61.24  61.7  7242200  61.7
2011-10-13  60.67  61.1  60.25  60.83  5656500  60.83
2011-10-12  60.34  61.01  59.78  60.7  8097100  60.7
2011-10-11  60.81  60.82  59.58  59.77  6601800  59.77
2011-10-10  60.34  60.77  59.98  60.46  4575700  60.46
2011-10-07  59.46  60.02  59.13  59.62  7334000  59.62
2011-10-06  58.06  59.14  57.78  59.12  6452300  59.12
2011-10-05  58.09  58.32  57.49  57.93  7835900  57.93
2011-10-04  56.01  57.66  55.34  57.49  10000000  57.49
2011-10-03  56.97  57.93  56.52  56.53  10959400  56.53
2011-09-30  58.11  58.72  57.05  57.1  9173800  57.1
2011-09-29  58.77  59.29  57.78  58.59  5979400  58.59
2011-09-28  59.49  59.51  57.91  58.02  6536200  58.02
2011-09-27  59.82  59.99  58.91  59.23  8374400  59.23
2011-09-26  58.84  59.22  58.15  59.12  8132000  59.12
2011-09-23  58.51  58.67  58.13  58.41  10699100  58.41
2011-09-22  59.49  59.49  57.58  58.76  16868000  58.76
2011-09-21  62.12  62.26  60.34  60.42  8637700  60.42
2011-09-20  62.09  62.57  61.73  61.76  7621700  61.76
2011-09-19  61.66  62.03  61.19  61.43  11023400  61.43
2011-09-16  62.17  62.66  61.51  62.49  15149600  62.49
2011-09-15  61.79  61.95  61.2  61.77  7060200  61.77
2011-09-14  60.47  61.8  60.17  61.14  11287700  61.14
2011-09-13  59.69  60.11  58.96  59.67  6781000  59.67
2011-09-12  58.78  59.76  58.27  59.72  28147800  59.72
2011-09-09  61.55  61.73  59.25  59.61  17242000  59.61
2011-09-08  61.94  62.4  61.89  62.01  6845900  62.01
2011-09-07  61.76  62.38  61.46  62.38  9280000  62.38
2011-09-06  60.52  61.44  60.35  61.34  9626100  61.34
2011-09-02  62.21  62.72  61.62  61.73  6369800  61.73
2011-09-01  62.79  63.38  62.47  62.68  8491200  62.68
2011-08-31  63.67  63.89  62.49  62.7  9735100  62.7
2011-08-30  63.6  63.78  63.14  63.43  6688100  63.43
2011-08-29  63.22  63.93  63.14  63.77  6213400  63.77
2011-08-26  62.23  62.9  61.29  62.59  7422300  62.59
2011-08-25  63.42  63.55  62.04  62.3  8085500  62.3
2011-08-24  63.31  63.84  63.07  63.44  7765100  63.44
2011-08-23  62.14  63.59  61.86  63.56  8924700  63.56
2011-08-22  63.53  63.81  61.96  62.16  8068300  62.16
2011-08-19  61.18  64.02  61.18  62.26  11874700  62.26
2011-08-18  61.38  62.3  61.17  61.96  11290600  61.96
2011-08-17  61.59  63.07  61.53  62.47  8695500  62.47
2011-08-16  61.39  61.95  60.91  61.24  7347100  61.24
2011-08-15  60.53  61.81  60.32  61.81  11101600  61.81
2011-08-12  60.08  60.43  59.46  60.27  10255600  60.27
2011-08-11  59.04  59.91  58.58  59.29  13389700  59.29
2011-08-10  60.68  60.75  58.47  58.7  14335000  58.7
2011-08-09  60.23  61.11  58.1  60.97  19274200  60.97
2011-08-08  61.35  62.56  59.78  59.94  16489300  59.94
2011-08-05  61.55  63.1  60.71  62.72  14179900  62.72
2011-08-04  62.63  62.75  60.81  60.97  11139300  60.97
2011-08-03  63.23  63.32  62.57  63.28  7725000  63.28
2011-08-02  63.7  64.12  63.09  63.09  7059000  63.09
2011-08-01  64.78  64.82  63.19  63.97  6034800  63.97
2011-07-29  64.86  65.12  64.38  64.38  9143900  64.38
2011-07-28  65.02  65.79  64.77  65.44  6880200  65.44
2011-07-27  64.66  65.63  64.66  64.92  5796400  64.92
2011-07-26  65.13  65.57  64.76  65.05  4713400  65.05
2011-07-25  64.88  65.41  64.14  65.24  5292500  65.24
2011-07-22  64.57  65.37  64.5  65.23  7298100  65.23
2011-07-21  63.1  64.91  63.09  64.67  11095700  64.67
2011-07-20  61.95  61.96  60.77  61.68  5556300  61.68
2011-07-19  60.75  62.16  60.66  61.97  6245100  61.97
2011-07-18  60.42  61.0  60.13  60.45  4252400  60.45
2011-07-15  60.26  60.67  59.85  60.54  5462700  60.54
2011-07-14  60.22  60.51  59.91  60.08  4561600  60.08
2011-07-13  61.01  61.08  60.25  60.46  4570300  60.46
2011-07-12  62.07  62.23  60.6  60.69  7765900  60.69
2011-07-11  62.97  63.0  61.89  62.12  5363900  62.12
2011-07-08  62.08  62.83  61.93  62.78  5314400  62.78
2011-07-07  62.1  62.76  62.1  62.54  6035400  62.54
2011-07-06  60.9  62.05  60.77  61.73  6418300  61.73
2011-07-05  60.52  61.66  60.42  60.78  7157800  60.78
2011-07-01  60.3  60.73  60.14  60.38  5212800  60.38
2011-06-30  60.11  60.44  59.76  60.4  5419900  60.4
2011-06-29  60.01  60.25  59.71  59.85  5401600  59.85
2011-06-28  59.84  59.85  59.27  59.6  4977400  59.6
2011-06-27  59.16  59.85  58.98  59.63  7110000  59.63
2011-06-24  59.85  59.85  58.51  58.89  10964100  58.89
2011-06-23  59.95  60.02  59.25  59.85  7146100  59.85
2011-06-22  61.17  61.36  60.28  60.29  8345900  60.29
2011-06-21  62.17  62.3  61.44  61.55  5184600  61.55
2011-06-20  61.35  62.21  61.33  61.91  4984300  61.91
2011-06-17  60.9  61.84  60.9  61.37  8793900  61.37
2011-06-16  60.44  60.97  60.11  60.51  5429900  60.51
2011-06-15  61.47  61.6  59.61  60.5  7271300  60.5
2011-06-14  61.08  62.29  60.78  61.76  8348300  61.76
2011-06-13  60.31  60.79  59.87  60.52  8626400  60.52
2011-06-10  60.78  61.01  60.36  60.36  5328300  60.36
2011-06-09  61.22  61.49  60.52  61.05  5635300  61.05
2011-06-08  60.53  61.22  60.15  60.97  6347100  60.97
2011-06-07  61.48  61.5  60.75  60.77  8337900  60.77
2011-06-06  61.65  61.83  61.17  61.23  7685600  61.23
2011-06-03  62.06  62.42  61.62  61.83  5985700  61.83
2011-06-02  63.56  63.62  62.4  62.65  6427200  62.65
2011-06-01  64.25  64.3  63.65  63.69  6768900  63.69
2011-05-31  63.47  64.3  63.41  64.3  8216000  64.3
2011-05-27  62.95  63.39  62.91  63.2  3858500  63.2
2011-05-26  62.24  63.33  61.9  63.0  6382100  63.0
2011-05-25  62.21  62.47  61.94  62.27  5681400  62.27
2011-05-24  61.84  62.82  61.76  62.61  6350000  62.61
2011-05-23  62.2  62.55  61.75  61.92  5524500  61.92
2011-05-20  63.28  63.34  62.72  62.9  4671400  62.9
2011-05-19  62.33  63.42  62.32  63.34  7536400  63.34
2011-05-18  61.61  62.2  61.36  62.09  8409000  62.09
2011-05-17  61.17  61.6  61.16  61.47  4512600  61.47
2011-05-16  60.95  61.56  60.79  61.33  6765700  61.33
2011-05-13  61.18  61.91  61.18  61.22  7165000  61.22
2011-05-12  61.06  61.17  60.9  61.13  6820300  61.13
2011-05-11  61.21  61.46  60.92  61.09  6203500  61.09
2011-05-10  61.32  61.38  61.09  61.19  7360200  61.19
2011-05-09  61.69  61.84  61.09  61.2  5464700  61.2
2011-05-06  61.66  62.19  61.45  61.48  6071600  61.48
2011-05-05  62.0  62.24  61.16  61.29  6422100  61.29
2011-05-04  62.33  62.58  61.91  62.15  5015800  62.15
2011-05-03  61.86  62.4  61.7  62.33  7870000  62.33
2011-05-02  62.56  62.66  61.98  62.11  6088800  62.11
2011-04-29  61.98  62.54  61.5  62.23  5600000  62.23
2011-04-28  60.46  62.03  60.42  61.86  6409200  61.86
2011-04-27  60.52  60.57  59.99  60.51  6112300  60.51
2011-04-26  60.76  61.02  60.35  60.57  8000000  60.57
2011-04-25  60.71  60.86  60.36  60.58  4779900  60.58
2011-04-21  60.05  61.13  59.9  60.59  6478100  60.59
2011-04-20  59.91  60.36  59.53  59.58  5661300  59.58
2011-04-19  58.79  59.31  58.53  59.26  4527100  59.26
2011-04-18  59.22  59.58  58.68  58.93  5865500  58.93
2011-04-15  59.5  59.81  59.11  59.65  5609400  59.65
2011-04-14  59.13  59.55  59.0  59.32  6947900  59.32
2011-04-13  59.05  59.33  58.89  59.24  5847900  59.24
2011-04-12  59.67  59.88  58.98  59.18  5358400  59.18
2011-04-11  59.39  60.29  59.37  59.89  6952500  59.89
2011-04-08  58.84  59.18  58.71  58.99  5467400  58.99
2011-04-07  58.81  58.87  58.31  58.86  6408000  58.86
2011-04-06  58.93  59.2  58.68  58.98  4979000  58.98
2011-04-05  58.03  59.12  57.93  58.74  4984900  58.74
2011-04-04  58.19  58.3  57.79  58.18  7125200  58.18
2011-04-01  59.03  59.17  58.17  58.19  6334500  58.19
2011-03-31  58.92  59.05  58.55  58.81  7642000  58.81
2011-03-30  59.01  59.08  58.47  58.88  7714000  58.88
2011-03-29  58.06  58.51  57.9  58.48  6213400  58.48
2011-03-28  58.59  58.8  58.4  58.4  4712700  58.4
2011-03-25  57.94  58.67  57.83  58.36  7119500  58.36
2011-03-24  57.4  58.02  57.17  57.82  6869100  57.82
2011-03-23  56.69  57.45  56.53  57.21  5225800  57.21
2011-03-22  55.77  57.25  55.75  56.76  2472600  56.76
2011-03-21  55.18  56.35  54.92  55.84  6364200  55.84
2011-03-18  54.73  55.47  54.42  54.75  11876800  54.75
2011-03-17  55.4  55.69  54.7  54.81  7963900  54.81
2011-03-16  55.39  55.56  54.51  54.88  11373200  54.88
2011-03-15  55.43  55.81  54.89  55.62  11350200  55.62
2011-03-14  56.37  56.63  56.09  56.4  5935100  56.4
2011-03-11  56.27  56.76  56.22  56.58  5529200  56.58
2011-03-10  56.61  56.94  56.41  56.56  6675000  56.56
2011-03-09  56.92  57.17  56.67  57.08  4946700  57.08
2011-03-08  56.64  57.3  56.57  56.99  5591300  56.99
2011-03-07  56.47  57.14  56.34  56.45  10173200  56.45
2011-03-04  56.5  56.67  55.91  56.33  12608500  56.33
2011-03-03  56.2  56.73  55.97  56.48  9531500  56.48
2011-03-02  55.27  56.17  55.11  55.81  6570300  55.81
2011-03-01  55.94  56.45  55.19  55.24  7321700  55.24
2011-02-28  55.6  55.99  55.35  55.69  7559500  55.69
2011-02-25  55.38  55.61  55.0  55.22  5441100  55.22
2011-02-24  54.82  55.88  54.81  55.25  7587600  55.25
2011-02-23  54.6  55.33  54.55  54.98  9054600  54.98
2011-02-22  53.95  54.99  53.67  54.59  7172900  54.59
2011-02-18  53.98  54.68  53.93  54.49  5768600  54.49
2011-02-17  53.57  54.01  53.49  53.97  5427200  53.97
2011-02-16  53.33  53.89  53.17  53.84  5718100  53.84
2011-02-15  52.75  53.39  52.73  53.13  5315500  53.13
2011-02-14  52.8  53.02  52.41  52.99  4933700  52.99
2011-02-11  52.26  53.1  52.22  52.89  5341300  52.89
2011-02-10  52.6  53.14  52.24  52.49  7236200  52.49
2011-02-09  51.99  52.93  51.89  52.81  5387000  52.81
2011-02-08  52.34  52.43  52.03  52.39  4411400  52.39
2011-02-07  52.26  52.34  51.86  52.34  4570200  52.34
2011-02-04  51.51  52.12  51.37  52.04  5990400  52.04
2011-02-03  51.0  51.53  51.0  51.46  4650800  51.46
2011-02-02  50.98  51.23  50.85  51.16  4924700  51.16
2011-02-01  51.02  51.63  51.0  51.2  6181300  51.2
2011-01-31  50.42  50.8  50.08  50.77  6955400  50.77
2011-01-28  50.83  50.84  50.17  50.21  7435200  50.21
2011-01-27  51.05  51.07  50.51  50.55  6060600  50.55
2011-01-26  51.16  51.23  50.86  50.9  5347600  50.9
2011-01-25  50.44  51.11  50.31  51.03  5851600  51.03
2011-01-24  50.19  50.72  49.9  50.65  6127900  50.65
2011-01-21  50.41  50.57  49.91  50.3  10525700  50.3
2011-01-20  50.23  50.45  49.91  50.11  6740200  50.11
2011-01-19  49.93  50.23  49.82  50.2  7535000  50.2
2011-01-18  50.15  50.56  49.66  49.87  8001300  49.87
2011-01-14  49.93  50.36  49.84  50.27  5394100  50.27
2011-01-13  50.0  50.19  49.77  50.12  6032900  50.12
2011-01-12  49.96  50.2  49.68  50.2  7355300  50.2
2011-01-11  50.34  50.51  49.6  49.69  7971000  49.69
2011-01-10  50.06  50.33  49.54  50.13  8867000  50.13
2011-01-07  50.77  51.0  49.61  50.05  12085800  50.05
2011-01-06  51.67  51.8  50.88  51.2  7922300  51.2
2011-01-05  52.16  52.26  51.26  51.89  5635800  51.89
2011-01-04  51.87  52.29  51.58  52.04  5779500  52.04
2011-01-03  52.23  52.32  51.83  52.04  5053700  52.04
2010-12-31  51.88  52.2  51.72  51.92  2738300  51.92
2010-12-30  52.01  52.11  51.74  51.88  2303700  51.88
2010-12-29  52.08  52.27  51.9  52.11  2783100  52.11
2010-12-28  51.96  52.19  51.65  51.92  3018800  51.92
2010-12-27  51.9  52.13  51.83  51.98  2641900  51.98
2010-12-23  52.05  52.26  51.78  52.04  2824500  52.04
2010-12-22  52.01  52.28  51.67  52.22  4701000  52.22
2010-12-21  52.69  52.82  51.71  51.87  6149600  51.87
2010-12-20  52.46  52.77  52.15  52.27  7457100  52.27
2010-12-17  52.36  52.54  51.92  52.38  11569500  52.38
2010-12-16  52.1  52.43  51.74  52.4  5942700  52.4
2010-12-15  51.66  52.3  51.66  52.13  6643400  52.13
2010-12-14  51.62  52.16  51.56  52.12  5581900  52.12
2010-12-13  51.82  51.98  51.19  51.51  7765600  51.51
2010-12-10  52.23  52.58  51.67  51.77  6760500  51.77
2010-12-09  52.4  52.48  51.94  52.12  4848900  52.12
2010-12-08  52.17  52.21  51.84  52.08  6173000  52.08
2010-12-07  51.73  52.12  51.67  52.12  10943400  52.12
2010-12-06  50.97  51.47  50.73  51.36  9234000  51.36
2010-12-03  50.54  51.37  50.42  51.0  7030100  51.0
2010-12-02  50.46  50.9  50.28  50.83  6584600  50.83
2010-12-01  50.34  50.87  49.76  50.63  8113900  50.63
2010-11-30  50.44  50.53  49.8  49.92  11511900  49.92
2010-11-29  51.2  51.21  50.31  50.74  11539600  50.74
2010-11-26  51.7  51.85  51.33  51.58  2064500  51.58
2010-11-24  51.93  52.03  51.65  51.96  6333700  51.96
2010-11-23  51.58  51.74  51.25  51.57  8530600  51.57
2010-11-22  51.98  52.23  51.65  52.19  7451000  52.19
2010-11-19  52.17  52.52  51.74  52.48  7446400  52.48
2010-11-18  51.35  52.52  51.2  52.17  9374300  52.17
2010-11-17  51.49  51.72  50.71  50.71  7483900  50.71
2010-11-16  51.97  52.22  51.12  51.37  9158000  51.37
2010-11-15  52.31  52.62  52.08  52.17  4685000  52.17
2010-11-12  52.36  52.55  52.03  52.34  5838700  52.34
2010-11-11  51.81  52.53  51.79  52.49  5694300  52.49
2010-11-10  52.2  52.47  51.92  52.31  5302300  52.31
2010-11-09  52.65  52.82  52.13  52.26  5744300  52.26
2010-11-08  52.67  52.99  52.52  52.84  6237200  52.84
2010-11-05  53.42  53.42  52.81  53.04  7494700  53.04
2010-11-04  52.55  53.38  52.39  53.37  8143400  53.37
2010-11-03  51.43  52.24  51.25  52.04  6331200  52.04
2010-11-02  51.23  51.77  51.02  51.3  7546100  51.3
2010-11-01  51.43  52.05  51.0  51.15  7299800  51.15
2010-10-29  51.82  52.0  51.33  51.34  6335200  51.34
2010-10-28  52.01  52.39  51.71  52.0  5686200  52.0
2010-10-27  51.75  51.9  51.23  51.76  6200700  51.76
2010-10-26  51.9  52.24  51.71  52.21  5663400  52.21
2010-10-25  51.37  52.52  51.31  52.19  9071800  52.19
2010-10-22  50.83  51.15  50.53  51.01  4375200  51.01
2010-10-21  49.91  50.76  49.57  50.51  6863900  50.51
2010-10-20  50.21  50.62  50.03  50.44  5809400  50.44
2010-10-19  50.73  50.93  49.72  50.08  8711400  50.08
2010-10-18  51.19  51.39  50.95  51.23  6675100  51.23
2010-10-15  50.91  51.58  50.91  51.37  13173400  51.37
2010-10-14  50.37  50.81  50.36  50.68  5885000  50.68
2010-10-13  50.36  50.67  50.02  50.33  6376000  50.33
2010-10-12  49.57  50.29  49.5  50.18  5307600  50.18
2010-10-11  49.98  50.16  49.43  49.51  3329800  49.51
2010-10-08  49.8  50.19  49.66  49.69  6366700  49.69
2010-10-07  49.64  49.72  49.1  49.4  6645900  49.4
2010-10-06  48.61  49.95  48.59  49.41  10977500  49.41
2010-10-05  48.84  49.11  48.39  48.57  10135400  48.57
2010-10-04  48.61  48.89  48.35  48.52  5167600  48.52
2010-10-01  49.18  49.59  48.66  48.75  7624400  48.75
2010-09-30  49.56  50.12  48.98  49.16  7636400  49.16
2010-09-29  49.11  49.71  48.92  49.42  6343600  49.42
2010-09-28  48.61  49.31  48.41  49.21  7329000  49.21
2010-09-27  49.13  49.34  48.66  48.67  5742800  48.67
2010-09-24  48.77  49.58  48.76  49.23  6991400  49.23
2010-09-23  48.1  48.83  47.97  48.36  5943700  48.36
2010-09-22  48.38  48.61  48.18  48.43  8079000  48.43
2010-09-21  48.6  48.79  48.11  48.61  9415100  48.61
2010-09-20  47.97  48.78  47.72  48.54  7959000  48.54
2010-09-17  47.98  48.5  47.78  47.82  9668900  47.82
2010-09-16  47.89  47.97  47.55  47.81  7305200  47.81
2010-09-15  47.59  48.23  47.39  48.18  6853500  48.18
2010-09-14  47.32  47.71  47.07  47.59  7006900  47.59
2010-09-13  47.67  47.7  47.12  47.51  6024400  47.51
2010-09-10  46.74  47.6  46.68  47.37  6993300  47.37
2010-09-09  46.57  46.82  46.17  46.63  7495000  46.63
2010-09-08  46.51  46.73  46.33  46.52  7384600  46.52
2010-09-07  46.77  47.06  46.47  46.53  5649600  46.53
2010-09-03  46.07  46.93  46.07  46.88  6718500  46.88
2010-09-02  45.95  46.29  45.87  46.23  6497500  46.23
2010-09-01  45.0  46.05  45.0  45.95  8452400  45.95
2010-08-31  44.56  44.91  44.26  44.55  6513000  44.55
2010-08-30  44.32  45.04  44.32  44.62  3937900  44.62
2010-08-27  44.36  44.78  43.93  44.62  6943100  44.62
2010-08-26  44.71  44.97  43.84  44.29  6954300  44.29
2010-08-25  44.39  44.89  44.18  44.69  10833600  44.69
2010-08-24  44.51  44.84  44.29  44.68  7319800  44.68
2010-08-23  45.2  45.54  44.86  44.88  5506500  44.88
2010-08-20  44.89  45.48  44.89  45.09  7730100  45.09
2010-08-19  45.73  45.73  44.78  45.11  9741700  45.11
2010-08-18  45.59  45.97  45.3  45.77  9184200  45.77
2010-08-17  45.4  46.01  45.1  45.6  6503900  45.6
2010-08-16  44.81  45.16  44.21  45.1  5486600  45.1
2010-08-13  44.75  45.35  44.75  45.1  6276000  45.1
2010-08-12  44.43  45.25  44.4  44.98  7476900  44.98
2010-08-11  45.3  45.51  44.79  44.89  7369600  44.89
2010-08-10  45.19  46.18  45.15  45.95  8210600  45.95
2010-08-09  45.44  45.65  45.26  45.58  6837600  45.58
2010-08-06  44.7  45.29  44.44  45.27  6231900  45.27
2010-08-05  45.18  45.18  44.85  44.95  6634300  44.95
2010-08-04  45.22  45.55  45.08  45.32  4903000  45.32
2010-08-03  44.95  45.54  44.95  45.24  6826800  45.24
2010-08-02  44.64  45.1  44.45  45.07  6944000  45.07
2010-07-30  44.07  44.51  43.9  44.28  7115800  44.28
2010-07-29  44.38  44.72  44.05  44.4  7213200  44.4
2010-07-28  44.56  44.64  44.16  44.28  5187200  44.28
2010-07-27  44.47  44.57  44.2  44.54  7215100  44.54
2010-07-26  43.87  44.44  43.87  44.41  5317700  44.41
2010-07-23  44.09  44.22  43.61  43.95  7968500  43.95
2010-07-22  43.7  44.32  43.28  44.1  8090500  44.1
2010-07-21  44.05  44.12  42.68  43.28  8427300  43.28
2010-07-20  43.08  44.02  43.05  43.92  6860200  43.92
2010-07-19  42.95  43.46  42.88  43.34  5500900  43.34
2010-07-16  43.37  44.15  42.95  43.09  8352500  43.09
2010-07-15  43.04  43.63  42.79  43.46  8227500  43.46
2010-07-14  42.67  43.14  42.47  42.96  5539000  42.96
2010-07-13  42.61  42.9  42.51  42.77  5681200  42.77
2010-07-12  42.14  42.5  41.87  42.37  5136000  42.37
2010-07-09  42.33  42.42  41.83  42.15  5783600  42.15
2010-07-08  41.6  42.23  41.36  42.11  8888200  42.11
2010-07-07  40.42  41.26  40.24  41.24  11016500  41.24
2010-07-06  40.55  40.93  40.2  40.57  9049400  40.57
2010-07-02  40.46  40.67  40.11  40.3  6941700  40.3
2010-07-01  39.7  40.49  39.51  40.38  12567400  40.38
2010-06-30  40.04  40.22  39.69  39.77  10800400  39.77
2010-06-29  39.82  40.6  39.5  39.66  11364000  39.66
2010-06-28  39.91  40.5  39.82  40.16  9271200  40.16
2010-06-25  40.39  40.77  39.82  39.82  17658200  39.82
2010-06-24  40.15  40.53  39.94  40.28  13230100  40.28
2010-06-23  39.87  40.84  39.82  40.33  15496300  40.33
2010-06-22  39.74  39.91  39.0  39.03  8248600  39.03
2010-06-21  39.64  39.95  39.34  39.65  10605200  39.65
2010-06-18  39.12  39.65  39.06  39.33  13155400  39.33
2010-06-17  39.21  39.37  38.84  39.06  7420800  39.06
2010-06-16  38.88  39.22  38.66  39.02  6227700  39.02
2010-06-15  39.6  39.6  38.95  39.03  9119600  39.03
2010-06-14  38.22  39.37  38.22  39.04  11379200  39.04
2010-06-11  38.41  38.5  36.91  37.99  15482400  37.99
2010-06-10  38.19  39.04  38.19  38.64  9979300  38.64
2010-06-09  37.67  38.67  37.5  37.82  11085700  37.82
2010-06-08  36.95  37.49  36.78  37.46  11988100  37.46
2010-06-07  37.45  37.91  36.89  36.98  10536000  36.98
2010-06-04  38.18  38.34  37.27  37.47  11855100  37.47
2010-06-03  38.6  38.86  38.29  38.57  6411200  38.57
2010-06-02  37.72  38.6  37.72  38.59  9575200  38.59
2010-06-01  37.5  38.2  37.28  37.67  9173500  37.67
2010-05-28  38.34  38.37  37.7  37.79  14109100  37.79
2010-05-27  37.89  38.38  37.77  38.29  11520600  38.29
2010-05-26  37.56  38.17  37.3  37.43  14571200  37.43
2010-05-25  37.35  37.62  36.81  37.45  15891000  37.45
2010-05-24  37.73  38.31  37.32  37.95  12667000  37.95
2010-05-21  37.6  38.3  37.16  37.91  16035700  37.91
2010-05-20  38.95  39.33  38.11  38.16  13066700  38.16
2010-05-19  38.87  39.85  38.64  39.63  11069300  39.63
2010-05-18  39.78  40.06  38.87  39.03  10435700  39.03
2010-05-17  39.92  40.12  39.31  39.62  9076800  39.62
2010-05-14  40.49  40.66  39.65  39.88  10548700  39.88
2010-05-13  41.0  41.28  40.53  40.57  6602600  40.57
2010-05-12  41.06  41.38  40.71  41.11  8489700  41.11
2010-05-11  40.9  41.66  40.9  41.42  8924200  41.42
2010-05-10  41.04  42.01  40.86  41.42  9709700  41.42
2010-05-07  39.52  40.26  39.33  39.76  14566200  39.76
2010-05-06  41.54  41.9  37.69  40.26  16460800  40.26
2010-05-05  41.88  42.45  41.55  41.73  7506100  41.73
2010-05-04  41.98  42.61  41.85  41.97  9986300  41.97
2010-05-03  42.24  42.55  42.1  42.33  6482700  42.33
2010-04-30  42.37  42.67  41.99  42.04  6884400  42.04
2010-04-29  42.36  43.09  42.26  42.47  7819100  42.47
2010-04-28  41.69  42.26  41.57  42.05  9074100  42.05
2010-04-27  42.83  42.89  41.3  41.49  12135800  41.49
2010-04-26  43.72  43.81  42.88  42.94  7802200  42.94
2010-04-23  43.84  43.89  43.35  43.81  6457700  43.81
2010-04-22  43.15  43.96  42.9  43.89  10098900  43.89
2010-04-21  44.52  45.29  44.38  44.54  6611300  44.54
2010-04-20  44.1  46.18  43.83  44.48  6890900  44.48
2010-04-19  43.3  44.07  43.3  43.99  5769800  43.99
2010-04-16  44.08  44.28  43.32  43.47  8822900  43.47
2010-04-15  43.38  44.22  43.38  44.19  6596800  44.19
2010-04-14  44.62  44.62  43.51  43.94  12739900  43.94
2010-04-13  45.21  45.25  44.61  44.94  4531800  44.94
2010-04-12  45.28  45.57  45.18  45.36  5055600  45.36
2010-04-09  45.2  45.24  44.57  45.19  4844300  45.19
2010-04-08  44.79  45.16  44.72  44.86  4755700  44.86
2010-04-07  45.03  45.23  44.79  44.99  5572600  44.99
2010-04-06  45.09  45.36  45.01  45.1  4451200  45.1
2010-04-05  45.06  45.39  44.85  45.27  4390900  45.27
2010-04-01  44.75  45.13  44.68  44.95  5846800  44.95
2010-03-31  44.97  44.97  44.5  44.68  6486100  44.68
2010-03-30  45.07  45.33  44.68  44.96  4820600  44.96
2010-03-29  44.78  45.18  44.76  45.0  7271600  45.0
2010-03-26  44.36  44.93  44.27  44.65  5112400  44.65
2010-03-25  44.64  44.99  44.25  44.3  6076200  44.3
2010-03-24  44.91  45.14  44.41  44.45  8034100  44.45
2010-03-23  44.71  44.92  44.28  44.92  7052200  44.92
2010-03-22  44.39  44.96  44.25  44.81  6994400  44.81
2010-03-19  43.99  44.77  43.91  44.63  15243800  44.63
2010-03-18  44.0  44.04  43.76  43.9  6092500  43.9
2010-03-17  43.59  43.99  43.44  43.91  6784300  43.91
2010-03-16  43.19  43.57  43.05  43.41  5970200  43.41
2010-03-15  42.4  43.31  42.2  43.14  9131000  43.14
2010-03-12  42.57  42.79  42.32  42.48  6118200  42.48
2010-03-11  42.6  42.79  42.09  42.56  8066600  42.56
2010-03-10  42.58  42.71  42.24  42.62  5967300  42.62
2010-03-09  42.87  43.02  42.53  42.68  6203800  42.68
2010-03-08  43.32  43.45  42.95  43.03  6970700  43.03
2010-03-05  43.0  43.53  42.8  43.42  7140400  43.42
2010-03-04  42.5  43.04  42.41  42.92  7350200  42.92
2010-03-03  42.2  42.5  42.12  42.34  7166800  42.34
2010-03-02  41.84  42.44  41.61  42.2  7126700  42.2
2010-03-01  41.55  41.72  41.33  41.45  8198300  41.45
2010-02-26  42.04  42.05  41.47  41.5  8502800  41.5
2010-02-25  41.88  42.26  41.51  42.03  9596000  42.03
2010-02-24  41.79  42.34  41.49  42.22  8305900  42.22
2010-02-23  42.15  42.36  41.67  41.77  10514700  41.77
2010-02-22  42.36  42.42  42.09  42.15  8233500  42.15
2010-02-19  42.53  42.7  42.19  42.34  8931900  42.34
2010-02-18  42.02  42.66  42.02  42.6  7533300  42.6
2010-02-17  41.95  42.27  41.81  42.22  7402400  42.22
2010-02-16  42.02  42.29  41.56  41.87  11304100  41.87
2010-02-12  40.96  42.3  40.84  41.76  13040700  41.76
2010-02-11  39.52  41.45  39.01  41.23  16677800  41.23
2010-02-10  39.66  39.9  39.3  39.66  6480000  39.66
2010-02-09  38.91  39.82  38.72  39.69  8742400  39.69
2010-02-08  38.38  39.21  38.38  38.57  5242500  38.57
2010-02-05  39.15  39.15  38.13  38.68  8451200  38.68
2010-02-04  39.48  39.66  38.89  38.92  6728400  38.92
2010-02-03  40.09  40.19  39.65  39.79  5001800  39.79
2010-02-02  39.15  40.43  39.03  40.33  8715600  40.33
2010-02-01  38.76  39.17  38.66  39.07  8066200  39.07
2010-01-29  39.42  39.9  38.49  38.56  7064100  38.56
2010-01-28  39.53  39.9  38.99  39.15  5594200  39.15
2010-01-27  39.69  39.9  39.15  39.51  5177700  39.51
2010-01-26  39.56  40.16  39.56  39.82  5858200  39.82
2010-01-25  39.89  40.35  39.83  39.86  5880900  39.86
2010-01-22  40.33  40.47  39.58  39.66  8717000  39.66
2010-01-21  41.7  41.78  40.32  40.44  10276000  40.44
2010-01-20  42.28  42.29  41.26  41.72  6461400  41.72
2010-01-19  42.02  42.53  41.95  42.44  8804100  42.44
2010-01-15  42.07  42.34  41.9  42.04  8269200  42.04
2010-01-14  41.92  42.34  41.92  42.02  4602200  42.02
2010-01-13  41.66  42.27  41.66  42.08  5926400  42.08
2010-01-12  41.83  41.83  41.39  41.66  6752900  41.66
2010-01-11  42.18  42.2  41.73  41.89  6090900  41.89
2010-01-08  41.78  41.95  41.32  41.73  6580800  41.73
2010-01-07  41.32  42.02  41.14  41.96  8905400  41.96
2010-01-06  41.23  41.52  40.92  41.45  11777200  41.45
2010-01-05  41.83  42.0  41.31  41.45  7168600  41.45
2010-01-04  40.95  42.01  40.88  41.81  7844500  41.81
