Date  Open  High  Low  Close  Volume  Adj Close
2014-02-28  81.48  82.65  81.41  81.78  2453000  81.78
2014-02-27  80.99  81.35  80.4  81.34  1643300  81.34
2014-02-26  81.07  81.34  80.16  81.13  1185600  81.13
2014-02-25  81.26  81.34  80.28  80.71  2008700  80.71
2014-02-24  80.28  81.82  80.22  81.34  2518900  81.34
2014-02-21  80.0  80.77  79.81  80.23  1858900  80.23
2014-02-20  79.97  80.3  79.06  79.98  2147700  79.98
2014-02-19  81.16  81.46  79.47  79.67  2625900  79.67
2014-02-18  83.53  83.53  81.41  81.55  1551800  81.55
2014-02-14  81.01  81.8  80.95  81.62  1833400  81.62
2014-02-13  80.45  81.24  80.11  81.14  1589700  81.14
2014-02-12  81.14  81.77  80.62  81.02  1395700  81.02
2014-02-11  79.82  81.27  79.65  81.0  2198000  81.0
2014-02-10  80.09  80.37  79.24  79.84  1702100  79.84
2014-02-07  80.02  80.8  79.57  79.89  1981000  79.89
2014-02-06  78.91  79.87  78.58  79.83  2213500  79.83
2014-02-05  78.87  79.13  78.03  78.81  2453100  78.81
2014-02-04  78.87  79.45  78.16  78.88  2493600  78.88
2014-02-03  79.88  80.38  78.32  78.43  3092900  78.43
2014-01-31  80.33  80.8  79.78  79.88  2234900  79.88
2014-01-30  80.9  81.72  80.43  81.62  2028900  81.62
2014-01-29  80.6  81.3  79.85  79.87  3148000  79.87
2014-01-28  81.39  81.54  80.74  81.24  2296300  81.24
2014-01-27  81.15  81.66  80.22  80.8  3382800  80.8
2014-01-24  82.13  82.29  81.03  81.03  2325000  81.03
2014-01-23  83.66  83.78  82.23  82.66  2985900  82.66
2014-01-22  84.22  84.43  83.45  84.21  2679700  84.21
2014-01-21  82.75  84.28  82.62  84.11  4349600  84.11
2014-01-17  82.15  84.41  81.76  82.26  4840100  82.26
2014-01-16  80.69  81.28  78.84  80.93  4537600  80.93
2014-01-15  78.14  79.12  78.14  78.84  2355800  78.84
2014-01-14  77.62  78.19  77.08  78.0  1673600  78.0
2014-01-13  78.03  78.35  77.17  77.37  1543100  77.37
2014-01-10  78.64  78.7  77.77  78.33  1975900  78.33
2014-01-09  78.51  78.85  78.21  78.75  3017800  78.75
2014-01-08  77.07  78.39  77.07  78.28  2929400  78.28
2014-01-07  76.26  77.32  76.26  77.0  1997700  77.0
2014-01-06  76.86  77.5  76.42  76.43  2966300  76.43
2014-01-03  76.38  76.8  76.24  76.53  1362200  76.53
2014-01-02  75.63  76.79  75.63  76.17  1742100  76.17
2013-12-31  77.11  77.35  76.92  77.15  1292300  77.15
2013-12-30  77.77  77.86  76.93  77.08  1251200  77.08
2013-12-27  77.07  77.92  76.76  77.76  2022000  77.76
2013-12-26  76.89  77.04  76.7  76.83  663400  76.83
2013-12-24  76.66  76.89  76.43  76.7  415400  76.7
2013-12-23  76.3  76.96  75.95  76.59  1553700  76.59
2013-12-20  75.85  76.31  75.78  75.94  2630100  75.94
2013-12-19  74.96  75.89  74.5  75.58  2535900  75.58
2013-12-18  74.34  75.23  73.51  75.22  3258300  75.22
2013-12-17  75.05  75.08  73.99  74.23  2492000  74.23
2013-12-16  74.68  75.25  74.67  75.06  2370500  75.06
2013-12-13  75.35  75.85  74.72  74.96  1690100  74.96
2013-12-12  75.07  75.69  74.84  75.4  1884300  75.4
2013-12-11  76.03  76.13  74.81  75.06  2430000  75.06
2013-12-10  75.48  76.46  75.38  76.13  2867400  76.13
2013-12-09  76.34  76.36  75.64  75.85  1402500  75.85
2013-12-06  75.53  75.9  75.01  75.74  1717300  75.74
2013-12-05  74.94  75.1  74.38  74.6  2031100  74.6
2013-12-04  75.17  76.02  74.76  75.3  2309200  75.3
2013-12-03  76.79  76.92  74.99  75.2  3207500  75.2
2013-12-02  76.42  77.47  76.42  77.07  2303400  77.07
2013-11-29  77.22  77.41  76.49  76.52  1015800  76.52
2013-11-27  76.12  77.06  75.97  76.98  1834100  76.98
2013-11-26  76.04  76.42  75.74  76.18  2615100  76.18
2013-11-25  76.52  76.89  75.82  75.89  1821700  75.89
2013-11-22  75.91  76.55  75.7  76.39  2259700  76.39
2013-11-21  75.0  76.15  74.83  75.9  1996100  75.9
2013-11-20  75.28  75.43  74.41  74.78  1813700  74.78
2013-11-19  75.02  75.48  74.76  75.08  1699800  75.08
2013-11-18  74.78  75.58  74.6  74.89  1559100  74.89
2013-11-15  74.52  75.18  74.3  74.72  2082800  74.72
2013-11-14  73.49  74.31  73.14  74.26  2485900  74.26
2013-11-13  73.54  73.86  72.93  73.86  2426400  73.86
2013-11-12  74.74  74.79  73.46  73.77  2225400  73.77
2013-11-11  75.1  75.39  74.61  75.0  1563400  75.0
2013-11-08  72.87  75.25  72.51  75.1  3490200  75.1
2013-11-07  73.67  73.82  72.44  72.49  1917300  72.49
2013-11-06  73.56  73.59  73.02  73.47  1483100  73.47
2013-11-05  72.54  73.61  72.51  72.88  1939000  72.88
2013-11-04  73.04  73.17  72.59  72.76  1228700  72.76
2013-11-01  73.21  73.57  72.58  72.96  1796800  72.96
2013-10-31  74.19  74.47  73.12  73.12  2181200  73.12
2013-10-30  74.89  75.03  74.14  74.39  1615500  74.39
2013-10-29  75.17  75.25  74.4  74.78  1607600  74.78
2013-10-28  74.85  75.44  74.57  75.08  1629300  75.08
2013-10-25  74.4  74.95  74.26  74.94  1816700  74.94
2013-10-24  74.85  74.92  74.26  74.4  2247600  74.4
2013-10-23  74.83  75.12  74.65  74.82  1818400  74.82
2013-10-22  74.67  75.37  74.37  75.14  1989500  75.14
2013-10-21  74.6  74.79  74.18  74.7  1854200  74.7
2013-10-18  74.13  74.73  73.45  74.62  3070400  74.62
2013-10-17  73.17  74.35  73.02  74.26  2655700  74.26
2013-10-16  73.35  73.97  72.03  73.46  3450800  73.46
2013-10-15  72.0  72.82  71.77  72.1  2007000  72.1
2013-10-14  72.15  72.67  71.74  72.57  2159500  72.57
2013-10-11  71.93  72.71  71.4  72.55  1807800  72.55
2013-10-10  71.01  72.3  70.92  72.21  2423700  72.21
2013-10-09  70.2  70.37  69.8  70.04  2049400  70.04
2013-10-08  70.92  71.09  70.08  70.11  1904800  70.11
2013-10-07  71.5  71.53  70.85  71.03  1497400  71.03
2013-10-04  71.93  72.3  71.51  72.11  1645500  72.11
2013-10-03  71.61  71.85  71.16  71.57  2411400  71.57
2013-10-02  71.39  72.14  71.36  71.83  2526100  71.83
2013-10-01  71.55  72.06  71.32  71.82  2017300  71.82
2013-09-30  71.11  71.83  70.64  71.6  2040100  71.6
2013-09-27  71.41  72.07  71.24  71.78  2070100  71.78
2013-09-26  72.27  72.6  71.19  71.59  2064900  71.59
2013-09-25  71.81  72.78  71.37  72.19  3092500  72.19
2013-09-24  71.92  72.4  71.66  71.86  2044000  71.86
2013-09-23  72.91  73.0  71.79  72.1  1659400  72.1
2013-09-20  73.25  73.61  72.89  73.18  2765000  73.18
2013-09-19  73.69  73.94  72.56  73.18  1936500  73.18
2013-09-18  73.95  74.66  73.42  73.53  3036100  73.53
2013-09-17  73.38  73.96  72.82  73.89  1986800  73.89
2013-09-16  73.47  73.69  72.79  73.32  1385700  73.32
2013-09-13  72.42  72.61  71.88  72.39  1379600  72.39
2013-09-12  72.79  72.84  72.17  72.25  1312300  72.25
2013-09-11  72.73  72.93  72.22  72.69  1573500  72.69
2013-09-10  72.58  72.98  72.41  72.78  1395300  72.78
2013-09-09  72.37  72.45  71.51  72.09  1872600  72.09
2013-09-06  72.74  72.81  71.14  72.33  2075200  72.33
2013-09-05  71.69  72.75  71.37  72.49  1144700  72.49
2013-09-04  71.59  72.09  71.29  71.69  1990800  71.69
2013-09-03  72.19  72.91  71.19  71.63  1762500  71.63
2013-08-30  71.84  71.85  71.12  71.42  1383300  71.42
2013-08-29  71.51  72.27  71.16  71.73  842700  71.73
2013-08-28  71.42  72.39  71.13  71.7  1480700  71.7
2013-08-27  72.46  72.64  71.27  71.39  1847700  71.39
2013-08-26  74.13  74.22  73.32  73.34  1310800  73.34
2013-08-23  74.43  74.49  73.68  74.14  806100  74.14
2013-08-22  73.61  74.4  73.5  74.11  1457100  74.11
2013-08-21  73.47  74.1  72.88  73.53  1565200  73.53
2013-08-20  73.02  73.98  72.85  73.71  1324300  73.71
2013-08-19  73.88  74.0  73.03  73.06  1574100  73.06
2013-08-16  73.68  74.5  73.59  74.03  2274800  74.03
2013-08-15  74.37  74.81  73.65  74.04  1758000  74.04
2013-08-14  75.15  75.7  74.98  74.99  1475700  74.99
2013-08-13  75.36  75.4  74.59  75.09  1069600  75.09
2013-08-12  74.73  75.62  74.58  75.21  1643700  75.21
2013-08-09  75.27  75.6  74.78  75.07  1781100  75.07
2013-08-08  75.28  75.76  74.65  75.32  1776900  75.32
2013-08-07  75.31  75.4  74.65  74.9  1534500  74.9
2013-08-06  76.22  76.25  75.24  75.63  1746000  75.63
2013-08-05  76.38  76.67  75.93  76.25  1499200  76.25
2013-08-02  76.49  77.01  76.05  76.52  3327000  76.52
2013-08-01  75.9  76.92  75.53  76.74  2999800  76.74
2013-07-31  74.75  76.07  74.75  75.16  3130800  75.16
2013-07-30  75.16  75.52  74.52  74.65  1992400  74.65
2013-07-29  74.98  75.19  74.42  74.98  1702900  74.98
2013-07-26  74.96  75.07  74.41  75.01  1650600  75.01
2013-07-25  75.53  76.06  74.91  75.11  2692700  75.11
2013-07-24  76.36  76.99  75.97  76.19  2643600  76.19
2013-07-23  75.76  76.73  75.5  76.23  2547600  76.23
2013-07-22  76.28  76.53  75.77  76.27  2026700  76.27
2013-07-19  75.37  76.4  74.81  76.28  3851300  76.28
2013-07-18  73.04  75.25  72.85  75.02  3269800  75.02
2013-07-17  72.35  73.55  71.73  72.69  4665800  72.69
2013-07-16  74.14  74.44  72.84  73.62  2716300  73.62
2013-07-15  74.11  74.6  73.91  74.18  2265000  74.18
2013-07-12  73.43  74.08  72.83  74.03  2819800  74.03
2013-07-11  74.28  74.29  72.6  73.23  2786800  73.23
2013-07-10  74.35  74.42  72.69  73.28  4016900  73.28
2013-07-09  75.29  75.44  74.53  74.92  2442200  74.92
2013-07-08  74.91  75.37  74.5  75.01  2263600  75.01
2013-07-05  73.2  74.6  73.16  74.58  2250800  74.58
2013-07-03  72.2  72.79  71.92  72.67  997700  72.67
2013-07-02  71.98  73.02  71.97  72.55  2091500  72.55
2013-07-01  71.94  73.03  71.76  72.2  2475200  72.2
2013-06-28  72.19  72.23  71.29  71.64  2114300  71.64
2013-06-27  72.4  72.82  72.13  72.33  2128900  72.33
2013-06-26  72.14  72.88  71.75  71.89  2838900  71.89
2013-06-25  70.09  71.56  69.61  71.42  3307800  71.42
2013-06-24  69.88  69.89  68.92  69.29  2714000  69.29
2013-06-21  70.56  70.96  69.77  70.45  5150100  70.45
2013-06-20  69.11  70.43  68.92  69.8  4514000  69.8
2013-06-19  70.5  70.68  69.54  69.63  2728500  69.63
2013-06-18  70.2  70.55  69.91  70.48  1644200  70.48
2013-06-17  70.3  70.65  69.62  70.04  1862100  70.04
2013-06-14  70.36  70.68  69.46  69.75  1833300  69.75
2013-06-13  69.6  70.59  68.88  70.5  2016600  70.5
2013-06-12  70.91  70.96  69.2  69.59  2595300  69.59
2013-06-11  70.99  71.31  70.34  70.49  2563300  70.49
2013-06-10  70.22  71.83  70.03  71.65  3553900  71.65
2013-06-07  69.55  69.99  69.17  69.85  2563900  69.85
2013-06-06  68.42  69.05  67.93  69.03  2035500  69.03
2013-06-05  69.61  69.97  68.2  68.6  3554600  68.6
2013-06-04  70.64  71.08  69.62  69.84  2053500  69.84
2013-06-03  70.49  70.8  69.23  70.57  2668200  70.57
2013-05-31  71.22  71.76  70.38  70.38  2803600  70.38
2013-05-30  70.51  71.94  70.26  71.6  2864700  71.6
2013-05-29  69.26  70.93  69.08  70.54  3106400  70.54
2013-05-28  70.79  70.95  69.52  69.78  2555600  69.78
2013-05-24  69.27  69.89  68.84  69.86  1830900  69.86
2013-05-23  69.28  69.94  68.85  69.69  2443600  69.69
2013-05-22  70.89  71.85  69.7  69.99  3708400  69.99
2013-05-21  70.04  71.08  69.93  70.93  3156400  70.93
2013-05-20  70.12  70.68  69.9  70.03  2460800  70.03
2013-05-17  69.51  70.42  69.41  70.25  2119200  70.25
2013-05-16  69.29  69.79  69.11  69.22  2097300  69.22
2013-05-15  68.87  69.72  68.8  69.6  2678600  69.6
2013-05-14  67.65  69.17  67.54  68.94  3046600  68.94
2013-05-13  67.29  67.81  66.77  67.55  2038200  67.55
2013-05-10  67.67  67.78  67.17  67.36  1787100  67.36
2013-05-09  67.75  67.87  67.29  67.51  2711200  67.51
2013-05-08  67.48  67.82  67.2  67.76  3326600  67.76
2013-05-07  67.27  67.65  66.81  67.55  2611600  67.55
2013-05-06  66.92  67.26  66.78  67.06  2605900  67.06
2013-05-03  66.72  67.36  66.7  66.91  2596800  66.91
2013-05-02  66.04  66.36  65.85  66.0  2393700  66.0
2013-05-01  66.61  66.79  65.9  65.99  2585300  65.99
2013-04-30  67.02  67.14  66.36  66.69  4437400  66.69
2013-04-29  66.97  67.37  66.84  67.21  2656900  67.21
2013-04-26  67.4  67.76  66.69  66.9  3146200  66.9
2013-04-25  67.48  68.42  67.31  67.49  6241300  67.49
2013-04-24  66.16  67.27  65.83  67.24  4529600  67.24
2013-04-23  64.41  66.26  64.04  66.03  4874800  66.03
2013-04-22  64.28  64.55  63.97  64.26  2835200  64.26
2013-04-19  64.35  64.4  63.79  64.08  3972000  64.08
2013-04-18  64.11  64.79  63.62  64.09  4073500  64.09
2013-04-17  64.46  65.09  63.34  63.91  5697800  63.91
2013-04-16  63.15  63.72  62.57  63.65  3717500  63.65
2013-04-15  64.54  65.34  62.62  62.63  3143200  62.63
2013-04-12  65.16  65.31  64.47  64.65  2716500  64.65
2013-04-11  65.66  65.94  65.35  65.69  2878800  65.69
2013-04-10  64.99  65.71  64.94  65.58  2891500  65.58
2013-04-09  64.55  65.07  64.4  64.76  2278100  64.76
2013-04-08  63.58  64.5  63.23  64.48  1695100  64.48
2013-04-05  63.17  63.78  62.66  63.67  1848900  63.67
2013-04-04  63.81  64.4  63.43  64.02  2481200  64.02
2013-04-03  65.08  65.16  63.36  63.57  3052800  63.57
2013-04-02  64.57  65.27  64.38  65.21  3206100  65.21
2013-04-01  64.82  64.95  64.03  64.21  1259300  64.21
2013-03-28  64.47  64.98  64.22  64.9  2089500  64.9
2013-03-27  64.32  64.68  63.96  64.6  2342200  64.6
2013-03-26  65.03  65.04  64.49  64.69  1681500  64.69
2013-03-25  64.84  65.03  64.15  64.55  1684900  64.55
2013-03-22  64.6  64.88  64.39  64.62  1950300  64.62
2013-03-21  64.73  65.02  64.24  64.44  2724500  64.44
2013-03-20  65.03  65.32  64.85  65.1  2279800  65.1
2013-03-19  64.69  65.05  64.13  64.66  2333900  64.66
2013-03-18  64.32  64.87  63.95  64.66  2055800  64.66
2013-03-15  64.42  65.33  64.26  65.2  3445500  65.2
2013-03-14  64.44  64.88  64.24  64.67  2127700  64.67
2013-03-13  63.98  64.41  63.74  64.35  1643300  64.35
2013-03-12  64.2  64.29  63.55  63.85  1747300  63.85
2013-03-11  63.47  64.32  63.39  64.29  1991900  64.29
2013-03-08  63.47  63.63  62.89  63.46  3631900  63.46
2013-03-07  62.75  63.43  62.62  63.25  2665500  63.25
2013-03-06  62.56  62.91  61.84  62.62  3746400  62.62
2013-03-05  62.36  62.81  61.85  62.13  5066600  62.13
2013-03-04  61.13  62.05  60.92  61.99  2322100  61.99
2013-03-01  60.53  61.43  60.04  61.27  3522200  61.27
2013-02-28  60.16  61.1  60.09  60.89  3825700  60.89
2013-02-27  59.66  60.32  59.38  60.2  2511700  60.2
2013-02-26  59.66  59.82  58.92  59.67  3306300  59.67
2013-02-25  61.73  61.73  59.36  59.36  3890300  59.36
2013-02-22  61.27  61.47  60.72  61.39  3342400  61.39
2013-02-21  61.41  62.06  60.85  60.89  4956800  60.89
2013-02-20  61.85  62.04  61.5  61.65  4372300  61.65
2013-02-19  62.43  62.47  61.88  61.99  2933000  61.99
2013-02-15  62.62  62.69  62.2  62.34  2413800  62.34
2013-02-14  62.36  62.68  62.17  62.34  2176000  62.34
2013-02-13  63.24  63.26  62.41  62.63  1704200  62.63
2013-02-12  62.6  63.33  62.2  63.21  3038200  63.21
2013-02-11  61.96  62.56  61.79  62.46  2571900  62.46
2013-02-08  62.04  62.18  61.71  61.83  2197600  61.83
2013-02-07  61.73  62.32  61.47  62.12  2742900  62.12
2013-02-06  61.17  61.9  61.17  61.82  6757400  61.82
2013-02-05  61.44  61.87  61.16  61.67  2132900  61.67
2013-02-04  61.27  61.47  60.82  60.99  2430300  60.99
2013-02-01  60.72  61.82  60.59  61.68  3416000  61.68
2013-01-31  60.31  60.53  59.96  60.32  2968000  60.32
2013-01-30  60.42  60.54  60.0  60.34  1835100  60.34
2013-01-29  59.85  60.66  59.77  60.42  1989500  60.42
2013-01-28  60.5  60.81  59.96  60.48  2557500  60.48
2013-01-25  60.56  60.88  60.31  60.48  2607600  60.48
2013-01-24  60.44  60.68  59.98  60.37  4158200  60.37
2013-01-23  59.94  60.49  59.94  60.36  3008500  60.36
2013-01-22  60.22  60.76  60.03  60.63  3078600  60.63
2013-01-18  60.77  60.9  59.8  60.36  3564200  60.36
2013-01-17  59.54  60.88  59.24  60.52  7112300  60.52
2013-01-16  58.31  58.63  57.92  58.34  3483000  58.34
2013-01-15  57.7  58.4  57.67  58.33  2553100  58.33
2013-01-14  58.49  58.64  57.8  58.02  3241200  58.02
2013-01-11  59.51  59.51  58.34  58.61  2770300  58.61
2013-01-10  58.66  59.29  58.42  59.28  3386000  59.28
2013-01-09  57.21  58.72  57.17  58.34  6196700  58.34
2013-01-08  58.96  59.03  58.23  58.42  2875300  58.42
2013-01-07  58.41  59.33  58.25  59.17  3987900  59.17
2013-01-04  58.11  58.73  57.73  58.64  2859900  58.64
2013-01-03  57.73  58.09  57.43  57.93  3822200  57.93
2013-01-02  57.7  57.83  57.17  57.73  4558700  57.73
2012-12-31  55.68  56.55  55.46  56.54  2640400  56.54
2012-12-28  55.72  56.38  55.64  55.71  1729100  55.71
2012-12-27  56.3  56.51  55.63  56.19  2467100  56.19
2012-12-26  56.84  56.99  55.91  56.29  2169200  56.29
2012-12-24  56.46  56.9  56.35  56.79  1315600  56.79
2012-12-21  56.35  56.92  55.96  56.54  5403700  56.54
2012-12-20  56.85  57.41  56.77  57.37  3746800  57.37
2012-12-19  58.06  58.06  56.85  56.85  4391800  56.85
2012-12-18  56.14  57.77  55.82  57.71  9490300  57.71
2012-12-17  54.49  56.16  54.36  56.11  3844400  56.11
2012-12-14  54.64  55.08  54.05  54.15  3557900  54.15
2012-12-13  54.84  55.08  54.66  54.82  3851800  54.82
2012-12-12  54.64  55.26  54.5  54.98  4329300  54.98
2012-12-11  54.22  54.95  54.07  54.53  3711000  54.53
2012-12-10  54.01  54.32  53.8  54.18  3364900  54.18
2012-12-07  54.01  54.16  53.64  54.1  4521500  54.1
2012-12-06  54.2  54.24  53.35  53.65  3861100  53.65
2012-12-05  53.73  54.67  53.69  54.19  4416200  54.19
2012-12-04  53.5  53.88  52.69  53.41  4250700  53.41
2012-12-03  54.67  54.75  53.47  53.63  4484500  53.63
2012-11-30  53.77  54.64  53.57  54.43  4378900  54.43
2012-11-29  53.8  54.05  53.53  53.67  2294500  53.67
2012-11-28  53.09  53.7  52.72  53.67  3136200  53.67
2012-11-27  53.79  54.23  53.29  53.36  2947700  53.36
2012-11-26  53.8  53.97  53.37  53.86  2861500  53.86
2012-11-23  53.34  54.09  53.18  54.06  1734800  54.06
2012-11-21  53.16  53.3  52.62  53.14  2915200  53.14
2012-11-20  53.21  53.78  52.98  53.13  3798200  53.13
2012-11-19  53.4  53.72  52.98  53.24  3257800  53.24
2012-11-16  52.82  52.91  51.74  52.69  6198100  52.69
2012-11-15  52.19  53.14  52.12  52.72  5109900  52.72
2012-11-14  53.48  53.57  51.78  52.06  7488400  52.06
2012-11-13  54.19  54.62  53.2  53.29  5579100  53.29
2012-11-12  54.79  55.02  54.42  54.6  1507200  54.6
2012-11-09  54.4  55.08  54.32  54.55  2661500  54.55
2012-11-08  55.02  55.9  54.54  54.54  3646400  54.54
2012-11-07  56.48  56.56  54.7  54.88  7921500  54.88
2012-11-06  57.09  57.83  57.02  57.28  4008000  57.28
2012-11-05  57.13  57.13  55.94  56.94  3011800  56.94
2012-11-02  57.91  57.93  57.21  57.39  3094000  57.39
2012-11-01  56.39  57.53  56.01  57.45  3956300  57.45
2012-10-31  56.2  56.69  55.77  56.43  2699200  56.43
2012-10-26  56.64  56.75  55.89  56.0  2895700  56.0
2012-10-25  56.72  56.94  55.98  56.66  4653200  56.66
2012-10-24  57.2  57.32  56.18  56.24  4008300  56.24
2012-10-23  56.56  57.02  56.28  56.86  4315300  56.86
2012-10-22  57.45  57.6  56.77  57.29  3140600  57.29
2012-10-19  58.01  58.09  57.38  57.61  3281200  57.61
2012-10-18  57.91  58.5  57.83  58.02  5057100  58.02
2012-10-17  58.18  58.33  57.21  57.95  11395900  57.95
2012-10-16  59.43  59.72  58.11  58.56  10576300  58.56
2012-10-15  61.08  61.22  60.46  61.02  3014500  61.02
2012-10-12  61.4  61.95  60.37  60.82  3984600  60.82
2012-10-11  62.73  62.82  62.4  62.59  2384200  62.59
2012-10-10  62.38  62.47  62.01  62.2  2391100  62.2
2012-10-09  62.2  62.42  61.99  62.06  2905900  62.06
2012-10-08  62.07  62.44  61.92  62.14  1503400  62.14
2012-10-05  62.87  63.34  62.21  62.44  3288500  62.44
2012-10-04  62.42  62.57  62.0  62.4  3578900  62.4
2012-10-03  61.87  62.25  61.58  62.04  2519400  62.04
2012-10-02  61.22  61.81  61.02  61.61  4219900  61.61
2012-10-01  61.16  61.49  60.36  60.48  2890200  60.48
2012-09-28  61.24  61.28  60.7  60.81  3503400  60.81
2012-09-27  61.41  61.93  61.1  61.51  2698800  61.51
2012-09-26  62.27  62.4  61.14  61.2  5162800  61.2
2012-09-25  63.26  63.7  62.19  62.19  3349200  62.19
2012-09-24  63.07  63.58  62.97  63.2  2090600  63.2
2012-09-21  64.01  64.11  63.45  63.46  4485900  63.46
2012-09-20  63.25  63.49  62.72  63.35  2806100  63.35
2012-09-19  63.28  64.07  63.09  63.75  3368000  63.75
2012-09-18  63.27  63.73  63.03  63.28  2425200  63.28
2012-09-17  64.06  64.32  63.07  63.27  2412400  63.27
2012-09-14  63.44  64.6  62.56  64.35  4270600  64.35
2012-09-13  61.69  63.52  61.35  63.35  4091200  63.35
2012-09-12  61.83  62.26  61.63  61.82  2159100  61.82
2012-09-11  61.7  62.03  61.47  61.63  2276300  61.63
2012-09-10  61.83  62.46  61.54  61.56  2781400  61.56
2012-09-07  60.99  61.67  60.8  61.48  2548500  61.48
2012-09-06  59.73  60.84  59.69  60.72  3421400  60.72
2012-09-05  59.96  60.19  59.59  59.59  1349100  59.59
2012-09-04  59.77  60.26  59.55  60.07  1441200  60.07
2012-08-31  60.03  60.46  59.7  59.9  1513000  59.9
2012-08-30  59.84  59.99  59.4  59.78  1177600  59.78
2012-08-29  59.89  60.53  59.88  60.29  1259100  60.29
2012-08-28  59.6  60.16  59.43  59.72  1986200  59.72
2012-08-27  60.07  60.42  59.74  59.75  2366000  59.75
2012-08-24  59.39  60.12  59.39  59.79  1365200  59.79
2012-08-23  59.85  59.93  59.45  59.58  1853300  59.58
2012-08-22  59.71  60.4  59.45  59.9  2060400  59.9
2012-08-21  59.65  60.76  59.54  59.94  2767800  59.94
2012-08-20  59.7  59.81  59.32  59.45  2084800  59.45
2012-08-17  59.54  59.84  59.12  59.79  1727500  59.79
2012-08-16  58.78  59.52  58.56  59.31  1906700  59.31
2012-08-15  58.09  59.05  57.97  58.75  2047000  58.75
2012-08-14  58.49  58.64  58.08  58.23  1347000  58.23
2012-08-13  58.28  58.4  57.69  58.22  1253800  58.22
2012-08-10  58.36  58.63  57.86  58.52  1653000  58.52
2012-08-09  58.68  59.02  58.32  58.56  1825600  58.56
2012-08-08  58.32  58.95  58.01  58.82  2171400  58.82
2012-08-07  58.21  59.06  57.96  58.56  1872200  58.56
2012-08-06  58.44  58.52  57.88  57.94  1870800  57.94
2012-08-03  57.24  58.26  57.03  58.06  3080200  58.06
2012-08-02  56.23  56.43  55.7  56.37  3973400  56.37
2012-08-01  57.05  57.54  56.83  56.95  3284900  56.95
2012-07-31  57.35  57.64  56.93  56.95  4061400  56.95
2012-07-30  57.19  57.85  56.87  57.64  2544800  57.64
2012-07-27  56.63  57.72  56.3  57.39  5950200  57.39
2012-07-26  56.5  56.7  55.86  56.31  4988200  56.31
2012-07-25  55.41  55.95  55.24  55.57  4165300  55.57
2012-07-24  55.67  55.86  54.77  55.28  4764800  55.28
2012-07-23  56.35  56.37  54.69  55.51  6388700  55.51
2012-07-20  58.55  58.58  56.96  56.99  5441200  56.99
2012-07-19  58.65  59.88  58.56  59.08  3730700  59.08
2012-07-18  58.98  59.19  58.17  58.79  4575100  58.79
2012-07-17  59.24  59.47  58.57  59.35  2957200  59.35
2012-07-16  59.26  59.26  58.7  58.89  1409200  58.89
2012-07-13  58.09  59.28  57.77  59.19  2511700  59.19
2012-07-12  57.78  58.09  57.57  57.77  2535100  57.77
2012-07-11  57.24  58.93  57.23  58.78  3360600  58.78
2012-07-10  57.97  58.51  57.0  57.11  3121200  57.11
2012-07-09  57.86  58.21  57.24  57.66  1785100  57.66
2012-07-06  57.81  58.48  57.81  58.1  1581500  58.1
2012-07-05  59.12  59.48  58.38  58.48  1906700  58.48
2012-07-03  58.84  59.64  58.84  59.48  1365300  59.48
2012-07-02  59.02  59.48  58.25  58.86  2251100  58.86
2012-06-29  58.35  58.5  57.73  58.5  2905300  58.5
2012-06-28  56.67  57.05  56.01  56.97  2195500  56.97
2012-06-27  56.51  57.22  56.05  57.05  1824700  57.05
2012-06-26  56.19  56.66  55.56  56.34  2763800  56.34
2012-06-25  55.91  56.12  55.23  56.06  2824300  56.06
2012-06-22  56.5  56.82  55.92  56.62  2293200  56.62
2012-06-21  57.48  58.01  56.05  56.13  2378300  56.13
2012-06-20  57.02  57.63  56.4  57.3  3380500  57.3
2012-06-19  55.95  57.16  55.73  56.99  3189800  56.99
2012-06-18  56.2  56.45  55.49  55.58  3758500  55.58
2012-06-15  55.95  56.49  55.51  56.49  3665700  56.49
2012-06-14  55.5  55.73  54.93  55.42  3392000  55.42
2012-06-13  54.91  56.24  54.8  55.34  5162300  55.34
2012-06-12  53.55  55.04  53.22  55.04  7561400  55.04
2012-06-11  57.16  57.52  55.63  55.68  2852600  55.68
2012-06-08  55.78  56.85  55.37  56.81  2823500  56.81
2012-06-07  56.68  57.09  56.03  56.12  4203500  56.12
2012-06-06  55.43  56.19  54.91  56.19  3454300  56.19
2012-06-05  54.19  55.5  54.14  54.78  3130400  54.78
2012-06-04  55.82  55.85  54.08  54.41  4050700  54.41
2012-06-01  57.63  57.76  55.45  55.59  4249900  55.59
2012-05-31  58.81  59.35  58.0  58.79  2990100  58.79
2012-05-30  59.65  59.7  58.43  58.73  2412400  58.73
2012-05-29  59.84  60.18  59.48  60.11  2081300  60.11
2012-05-25  59.37  59.94  59.22  59.44  1829200  59.44
2012-05-24  59.59  59.65  58.64  59.54  2638200  59.54
2012-05-23  58.98  59.39  58.19  59.26  3942200  59.26
2012-05-22  59.76  60.48  58.9  59.37  3299000  59.37
2012-05-21  58.77  59.97  58.47  59.6  3106100  59.6
2012-05-18  59.23  59.53  58.43  58.71  3591900  58.71
2012-05-17  59.75  60.07  59.0  59.0  3472900  59.0
2012-05-16  60.7  61.49  59.85  59.85  3639800  59.85
2012-05-15  61.42  61.63  60.51  60.68  3683900  60.68
2012-05-14  61.79  62.3  61.47  61.51  3732500  61.51
2012-05-11  62.21  63.03  61.69  62.68  3196000  62.68
2012-05-10  62.54  63.25  62.43  62.73  2324200  62.73
2012-05-09  62.38  62.48  61.6  61.87  3475900  61.87
2012-05-08  62.98  63.24  62.36  63.07  2629000  63.07
2012-05-07  62.39  63.53  62.3  63.23  2081100  63.23
2012-05-04  63.14  63.29  62.28  62.47  2317600  62.47
2012-05-03  63.94  63.97  63.27  63.44  2336000  63.44
2012-05-02  64.06  64.12  63.28  63.88  2227400  63.88
2012-05-01  63.62  64.99  63.54  64.45  3397500  64.45
2012-04-30  63.83  64.05  63.11  63.48  2484600  63.48
2012-04-27  64.55  64.59  63.69  63.88  3843400  63.88
2012-04-26  63.18  64.39  63.1  64.35  3361700  64.35
2012-04-25  63.17  63.44  62.62  63.43  3548000  63.43
2012-04-24  62.22  62.81  62.05  62.77  3335800  62.77
2012-04-23  61.8  62.27  61.46  62.2  4297300  62.2
2012-04-20  61.84  62.66  61.73  62.58  6729200  62.58
2012-04-19  61.23  62.07  61.23  61.84  5543600  61.84
2012-04-18  60.8  62.06  60.6  61.05  4313900  61.05
2012-04-17  59.85  60.95  59.83  60.7  3728500  60.7
2012-04-16  59.25  59.87  58.81  59.48  3559500  59.48
2012-04-13  60.15  60.15  58.63  58.66  3869200  58.66
2012-04-12  59.52  60.47  59.28  60.32  3263800  60.32
2012-04-11  59.69  59.75  59.18  59.42  2981700  59.42
2012-04-10  59.63  59.69  58.59  58.74  4150800  58.74
2012-04-09  59.43  60.03  59.31  59.58  3203800  59.58
2012-04-05  60.45  61.11  60.08  60.43  3265100  60.43
2012-04-04  61.05  61.44  60.67  60.75  3979200  60.75
2012-04-03  61.31  61.63  60.82  61.54  3235600  61.54
2012-04-02  61.1  61.68  60.83  61.56  3576700  61.56
2012-03-30  61.23  61.34  60.49  61.34  3385400  61.34
2012-03-29  60.33  60.94  59.93  60.83  4196600  60.83
2012-03-28  60.11  61.63  59.78  61.54  5285400  61.54
2012-03-27  60.88  61.03  60.01  60.03  4345200  60.03
2012-03-26  60.38  60.87  59.96  60.87  3603300  60.87
2012-03-23  59.41  60.3  59.29  60.27  2826500  60.27
2012-03-22  59.91  60.04  59.17  59.55  3078000  59.55
2012-03-21  60.56  60.68  59.97  60.35  2672300  60.35
2012-03-20  60.29  60.57  59.77  60.39  3136800  60.39
2012-03-19  60.14  61.11  59.75  60.53  2962600  60.53
2012-03-16  60.44  60.57  59.83  60.33  5009600  60.33
2012-03-15  58.41  60.14  57.79  59.93  5861500  59.93
2012-03-14  58.88  59.23  57.63  58.36  5665900  58.36
2012-03-13  57.07  58.98  56.85  58.92  5077200  58.92
2012-03-12  56.36  56.66  55.82  56.6  2142400  56.6
2012-03-09  55.95  56.78  55.91  56.5  2805700  56.5
2012-03-08  55.31  55.99  55.01  55.86  2651300  55.86
2012-03-07  54.46  55.31  54.27  55.09  2329100  55.09
2012-03-06  55.1  55.28  54.1  54.35  3752900  54.35
2012-03-05  56.52  56.64  55.18  55.89  3249300  55.89
2012-03-02  57.22  57.75  56.57  56.7  2391100  56.7
2012-03-01  56.79  57.73  56.7  57.35  2959700  57.35
2012-02-29  56.64  57.21  56.21  56.62  3849800  56.62
2012-02-28  56.52  56.76  56.17  56.63  3080800  56.63
2012-02-27  56.22  56.77  55.91  56.52  3783100  56.52
2012-02-24  56.97  57.07  56.19  56.48  2504000  56.48
2012-02-23  56.78  57.0  56.46  56.77  3134600  56.77
2012-02-22  58.05  58.22  56.7  56.8  2515600  56.8
2012-02-21  58.37  58.83  57.78  58.27  2647500  58.27
2012-02-17  58.2  58.33  57.75  58.16  3186800  58.16
2012-02-16  56.61  57.75  56.21  57.74  2421300  57.74
2012-02-15  56.84  57.25  56.39  56.61  2284800  56.61
2012-02-14  57.01  57.01  56.05  56.65  2967600  56.65
2012-02-13  57.18  57.34  56.59  57.16  1748600  57.16
2012-02-10  56.7  56.85  55.42  56.76  2403400  56.76
2012-02-09  57.7  58.02  56.97  57.44  2785600  57.44
2012-02-08  57.71  58.0  57.08  57.48  4411200  57.48
2012-02-07  57.77  58.23  57.4  57.74  3279100  57.74
2012-02-06  58.48  58.93  57.94  58.09  2448300  58.09
2012-02-03  57.55  59.27  57.55  59.17  3913700  59.17
2012-02-02  57.01  57.2  56.79  56.89  2780600  56.89
2012-02-01  56.71  57.57  56.6  56.94  3043500  56.94
2012-01-31  56.57  57.0  55.93  56.05  3648100  56.05
2012-01-30  55.41  56.32  54.97  56.14  2939500  56.14
2012-01-27  55.71  56.49  55.6  56.2  3083900  56.2
2012-01-26  57.08  57.76  55.66  56.03  3932600  56.03
2012-01-25  56.25  57.0  56.2  56.71  3324900  56.71
2012-01-24  56.37  56.83  56.08  56.62  3423000  56.62
2012-01-23  56.85  57.82  56.59  56.82  3084000  56.82
2012-01-20  56.45  56.92  56.04  56.72  4820600  56.72
2012-01-19  56.46  56.89  56.27  56.5  5972700  56.5
2012-01-18  56.87  57.23  55.59  56.73  9043600  56.73
2012-01-17  59.13  59.8  57.91  58.25  5805200  58.25
2012-01-13  58.39  58.79  57.26  58.72  4744800  58.72
2012-01-12  58.65  59.1  57.89  59.06  3768400  59.06
2012-01-11  57.95  58.39  57.51  58.31  3438100  58.31
2012-01-10  57.9  58.4  57.43  58.23  5814300  58.23
2012-01-09  56.77  57.24  56.17  57.13  4803200  57.13
2012-01-06  56.36  56.78  55.52  56.66  4741600  56.66
2012-01-05  55.79  56.99  55.39  56.57  4180400  56.57
2012-01-04  55.58  56.33  54.87  56.01  2681800  56.01
2012-01-03  55.74  56.35  55.51  55.83  4762900  55.83
2011-12-30  55.05  55.24  54.33  54.54  1827200  54.54
2011-12-29  54.44  55.2  54.44  55.14  2570400  55.14
2011-12-28  55.12  55.2  54.18  54.36  2543100  54.36
2011-12-27  55.43  55.43  54.96  55.21  1671900  55.21
2011-12-23  55.13  55.52  54.67  55.4  2264800  55.4
2011-12-22  53.88  55.14  53.88  54.86  3647200  54.86
2011-12-21  53.26  53.91  52.42  53.8  2674800  53.8
2011-12-20  52.5  53.38  52.44  53.11  3957600  53.11
2011-12-19  52.14  52.63  51.14  51.43  4860000  51.43
2011-12-16  51.64  52.52  51.63  52.1  5320900  52.1
2011-12-15  51.69  52.11  50.91  50.98  3175300  50.98
2011-12-14  50.67  51.69  50.51  51.12  4053400  51.12
2011-12-13  51.78  52.34  50.5  50.93  3792800  50.93
2011-12-12  52.19  52.43  51.1  51.66  2868400  51.66
2011-12-09  51.84  53.06  51.64  52.88  3077400  52.88
2011-12-08  52.6  52.97  51.3  51.45  4809500  51.45
2011-12-07  51.78  53.2  51.57  52.93  3565100  52.93
2011-12-06  52.2  52.33  51.49  51.99  2575400  51.99
2011-12-05  52.0  52.63  51.63  52.19  3260900  52.19
2011-12-02  51.21  51.84  50.89  51.05  3284200  51.05
2011-12-01  51.0  51.07  49.77  50.57  2505500  50.57
2011-11-30  49.99  51.4  49.11  51.27  5665400  51.27
2011-11-29  48.03  48.77  47.45  48.08  3299000  48.08
2011-11-28  47.92  48.07  47.03  47.53  3010600  47.53
2011-11-25  46.15  47.37  46.15  46.41  1725400  46.41
2011-11-23  47.18  47.18  46.22  46.23  4555800  46.23
2011-11-22  48.07  48.36  47.4  47.49  3861100  47.49
2011-11-21  49.15  49.15  48.08  48.21  5226700  48.21
2011-11-18  49.41  50.09  48.82  49.83  3810500  49.83
2011-11-17  49.84  50.83  48.94  49.2  4704600  49.2
2011-11-16  49.91  51.48  49.84  49.96  4225500  49.96
2011-11-15  49.74  51.08  49.69  50.7  2908000  50.7
2011-11-14  50.43  50.71  49.51  49.95  2866800  49.95
2011-11-11  50.72  51.39  50.65  50.95  2481800  50.95
2011-11-10  49.81  50.24  49.36  49.8  3816600  49.8
2011-11-09  50.24  50.61  48.78  49.0  5344600  49.0
2011-11-08  51.07  51.73  50.41  51.6  2994100  51.6
2011-11-07  49.81  50.9  49.71  50.85  4286000  50.85
2011-11-04  50.02  50.06  48.71  49.82  3723700  49.82
2011-11-03  50.62  50.82  48.97  50.52  4177500  50.52
2011-11-02  49.65  50.31  49.18  49.75  4057200  49.75
2011-11-01  48.55  49.92  48.14  48.6  6150400  48.6
2011-10-31  51.08  52.5  50.76  50.8  4788000  50.8
2011-10-28  52.83  53.05  51.76  52.09  4221100  52.09
2011-10-27  53.55  53.71  51.92  52.94  6164000  52.94
2011-10-26  51.02  51.51  50.18  50.97  5300100  50.97
2011-10-25  51.08  51.41  49.98  50.15  4589900  50.15
2011-10-24  51.13  52.51  51.04  52.0  4375300  52.0
2011-10-21  51.03  51.51  50.32  51.13  6667200  51.13
2011-10-20  48.98  50.35  48.25  50.22  6796000  50.22
2011-10-19  48.29  50.79  48.14  48.55  7594600  48.55
2011-10-18  46.78  49.08  46.72  48.44  6738800  48.44
2011-10-17  47.69  48.04  46.28  46.35  5267800  46.35
2011-10-14  48.67  48.96  47.4  48.06  4841400  48.06
2011-10-13  48.27  48.63  46.98  48.17  4038100  48.17
2011-10-12  47.19  49.66  47.17  48.82  7338500  48.82
2011-10-11  46.73  47.43  46.14  46.87  10684200  46.87
2011-10-10  46.0  47.25  45.91  47.25  6917900  47.25
2011-10-07  46.7  46.7  44.65  44.85  12992500  44.85
2011-10-06  44.15  46.39  43.52  46.28  13093800  46.28
2011-10-05  43.88  44.76  43.07  44.35  7257300  44.35
2011-10-04  42.48  43.85  42.02  43.76  12300000  43.76
2011-10-03  44.88  45.76  43.4  43.43  6096800  43.43
2011-09-30  45.91  46.2  45.27  45.27  5468300  45.27
2011-09-29  46.2  46.78  45.34  46.77  4718100  46.77
2011-09-28  46.44  47.11  44.99  44.99  4653700  44.99
2011-09-27  47.29  47.85  45.85  46.22  5310500  46.22
2011-09-26  45.04  46.56  44.51  46.42  4394700  46.42
2011-09-23  43.59  44.47  43.41  44.42  4045300  44.42
2011-09-22  43.5  44.51  43.16  43.9  7502900  43.9
2011-09-21  47.24  47.56  44.78  44.8  5024300  44.8
2011-09-20  46.97  48.06  46.8  47.15  4357900  47.15
2011-09-19  47.09  47.38  46.37  46.91  4019600  46.91
2011-09-16  48.17  49.07  47.51  48.23  6778500  48.23
2011-09-15  47.31  48.22  47.05  48.16  5419500  48.16
2011-09-14  46.03  47.36  45.57  46.74  5507900  46.74
2011-09-13  45.53  46.44  45.19  45.69  5297700  45.69
2011-09-12  42.74  45.29  42.74  45.25  8285900  45.25
2011-09-09  44.19  44.83  43.39  43.57  5880600  43.57
2011-09-08  45.42  45.67  44.52  44.9  6747700  44.9
2011-09-07  43.92  46.14  43.63  46.1  6913300  46.1
2011-09-06  41.97  43.28  41.52  43.21  6766500  43.21
2011-09-02  44.61  44.75  43.2  43.43  5836300  43.43
2011-09-01  47.02  47.19  45.53  45.6  5170700  45.6
2011-08-31  46.74  47.67  46.5  47.1  5846400  47.1
2011-08-30  45.92  46.67  45.36  46.27  5290900  46.27
2011-08-29  44.72  46.34  44.72  46.32  4278600  46.32
2011-08-26  43.01  44.33  42.57  44.0  5974800  44.0
2011-08-25  45.26  46.01  43.21  43.75  8893800  43.75
2011-08-24  42.27  44.03  42.09  44.03  6949000  44.03
2011-08-23  40.54  42.29  40.11  42.27  8212900  42.27
2011-08-22  41.72  41.72  40.28  40.37  7411900  40.37
2011-08-19  41.63  42.62  40.48  40.5  9081700  40.5
2011-08-18  43.03  43.41  41.84  42.27  10651600  42.27
2011-08-17  44.4  45.27  43.94  44.44  5188500  44.44
2011-08-16  44.29  44.46  43.51  44.19  5601500  44.19
2011-08-15  44.63  45.0  44.32  44.88  5062800  44.88
2011-08-12  45.3  45.98  43.7  44.04  5906500  44.04
2011-08-11  42.86  45.39  42.77  44.76  10379500  44.76
2011-08-10  44.84  44.99  42.24  42.53  14049700  42.53
2011-08-09  45.16  46.36  43.03  46.33  12112200  46.33
2011-08-08  46.83  48.81  44.08  44.14  12641000  44.14
2011-08-05  48.84  49.32  46.85  48.08  10545700  48.08
2011-08-04  49.88  50.2  48.14  48.22  6613000  48.22
2011-08-03  49.94  50.6  49.34  50.53  5551600  50.53
2011-08-02  51.01  51.48  49.98  49.99  6919000  49.99
2011-08-01  51.57  51.73  50.73  51.57  5326400  51.57
2011-07-29  50.86  51.42  50.5  51.0  3704100  51.0
2011-07-28  51.21  51.97  51.18  51.28  3659700  51.28
2011-07-27  52.18  52.35  51.19  51.19  5413300  51.19
2011-07-26  53.05  53.06  52.33  52.43  4781600  52.43
2011-07-25  52.68  53.17  52.4  53.08  2974500  53.08
2011-07-22  53.37  53.52  53.03  53.16  2966000  53.16
2011-07-21  52.65  53.51  52.47  53.33  9846900  53.33
2011-07-20  52.61  53.17  51.56  52.22  10425700  52.22
2011-07-19  52.97  52.97  52.02  52.44  9713900  52.44
2011-07-18  53.01  53.27  52.33  52.54  4208400  52.54
2011-07-15  54.09  54.46  53.1  53.37  5832100  53.37
2011-07-14  54.67  54.78  53.5  53.79  3630600  53.79
2011-07-13  54.59  55.21  54.06  54.16  4279700  54.16
2011-07-12  54.31  55.17  54.16  54.2  3884600  54.2
2011-07-11  55.01  55.51  54.45  54.6  3902100  54.6
2011-07-08  55.82  56.11  55.35  55.86  3733900  55.86
2011-07-07  55.79  56.86  55.68  56.57  4772000  56.57
2011-07-06  56.23  56.29  55.33  55.81  4155600  55.81
2011-07-05  57.15  57.15  55.64  56.27  3088800  56.27
2011-07-01  55.81  56.99  55.65  56.85  3503600  56.85
2011-06-30  54.94  55.7  54.45  55.66  3946100  55.66
2011-06-29  54.43  55.15  54.07  55.03  4678000  55.03
2011-06-28  54.19  54.36  53.56  54.07  2964400  54.07
2011-06-27  53.03  54.19  52.98  54.01  4555600  54.01
2011-06-24  53.03  53.28  52.44  52.85  5016500  52.85
2011-06-23  52.29  53.3  51.87  52.93  7409200  52.93
2011-06-22  53.11  53.3  52.7  52.85  5235300  52.85
2011-06-21  52.77  53.18  52.41  53.13  7471900  53.13
2011-06-20  53.4  53.86  52.33  52.9  11845300  52.9
2011-06-17  55.16  55.26  53.75  53.96  10302200  53.96
2011-06-16  55.04  55.99  54.55  55.53  4268000  55.53
2011-06-15  55.41  55.54  54.28  54.62  4107200  54.62
2011-06-14  55.83  56.24  55.59  55.89  3268000  55.89
2011-06-13  55.32  55.55  54.69  55.32  2680000  55.32
2011-06-10  54.89  55.67  54.28  55.15  5017000  55.15
2011-06-09  55.46  55.6  54.89  55.22  3237100  55.22
2011-06-08  55.41  56.18  55.23  55.27  4058100  55.27
2011-06-07  55.56  56.25  55.45  55.64  3551900  55.64
2011-06-06  55.34  55.91  54.37  55.25  4383400  55.25
2011-06-03  55.42  56.25  55.33  55.4  3144600  55.4
2011-06-02  56.1  56.59  55.61  56.2  3149200  56.2
2011-06-01  58.11  58.18  55.88  55.99  5169500  55.99
2011-05-31  58.82  59.03  57.91  58.28  3706800  58.28
2011-05-27  58.0  58.54  57.77  58.39  1997300  58.39
2011-05-26  56.87  57.78  56.67  57.64  2666600  57.64
2011-05-25  57.06  57.27  56.41  57.06  2798400  57.06
2011-05-24  57.2  57.41  56.34  56.66  2598300  56.66
2011-05-23  56.96  57.47  56.93  57.04  2820600  57.04
2011-05-20  58.48  58.96  57.5  57.58  3038800  57.58
2011-05-19  58.98  59.0  58.3  58.79  3486200  58.79
2011-05-18  58.52  58.86  58.18  58.85  1959300  58.85
2011-05-17  57.48  58.6  57.48  58.6  3418500  58.6
2011-05-16  57.39  58.41  57.39  57.79  2602900  57.79
2011-05-13  58.9  59.0  57.63  57.7  2953700  57.7
2011-05-12  59.03  59.18  58.36  59.0  3062400  59.0
2011-05-11  59.06  59.93  58.55  59.23  4971600  59.23
2011-05-10  58.12  59.32  58.06  59.25  2772300  59.25
2011-05-09  58.22  58.39  57.87  57.96  2083100  57.96
2011-05-06  59.23  59.31  58.2  58.37  2253600  58.37
2011-05-05  59.02  59.45  58.16  58.35  4288000  58.35
2011-05-04  59.9  59.99  59.1  59.3  3906800  59.3
2011-05-03  58.77  59.97  58.52  59.88  4157300  59.88
2011-05-02  58.63  58.96  58.44  58.72  3538600  58.72
2011-04-29  58.41  58.41  57.81  58.2  2825200  58.2
2011-04-28  58.01  58.51  57.6  58.36  3309600  58.36
2011-04-27  58.14  58.33  57.81  58.12  2902400  58.12
2011-04-26  57.28  57.98  57.13  57.9  3700000  57.9
2011-04-25  57.5  57.76  56.91  57.12  2817400  57.12
2011-04-21  57.94  58.22  56.39  57.53  6447300  57.53
2011-04-20  57.63  57.63  56.37  56.72  4814500  56.72
2011-04-19  57.09  57.38  56.58  56.93  2932900  56.93
2011-04-18  57.25  57.51  56.72  56.93  3360300  56.93
2011-04-15  57.85  58.4  57.59  57.79  3419300  57.79
2011-04-14  57.72  58.12  57.15  57.77  3336500  57.77
2011-04-13  59.04  59.05  57.92  58.06  3311000  58.06
2011-04-12  58.49  59.06  58.21  58.61  2955000  58.61
2011-04-11  58.83  59.32  58.71  58.73  2242600  58.73
2011-04-08  59.38  59.52  58.5  58.71  2863500  58.71
2011-04-07  59.76  59.77  58.93  58.95  5686600  58.95
2011-04-06  58.7  59.42  58.29  59.21  4185600  59.21
2011-04-05  58.93  58.93  58.47  58.5  3248600  58.5
2011-04-04  59.21  59.41  58.73  59.05  1590200  59.05
2011-04-01  59.13  59.51  58.68  59.16  2618600  59.16
2011-03-31  58.21  58.71  57.75  58.48  3621000  58.48
2011-03-30  57.99  58.66  57.63  58.43  3400000  58.43
2011-03-29  57.03  57.61  56.72  57.59  2345600  57.59
2011-03-28  57.41  57.7  57.01  57.07  1988300  57.07
2011-03-25  57.32  57.8  56.92  57.35  1774300  57.35
2011-03-24  57.12  57.16  56.36  57.02  1932300  57.02
2011-03-23  56.81  57.08  56.05  56.89  2767300  56.89
2011-03-22  57.84  57.97  56.99  57.03  3282800  57.03
2011-03-21  59.01  59.05  57.59  57.84  3262900  57.84
2011-03-18  58.46  59.19  58.12  58.27  6258300  58.27
2011-03-17  57.38  57.71  56.75  57.57  4363600  57.57
2011-03-16  57.6  57.97  56.0  56.41  6000200  56.41
2011-03-15  56.47  58.06  56.35  57.68  4843600  57.68
2011-03-14  58.05  58.53  57.68  58.08  3939700  58.08
2011-03-11  57.63  58.65  57.49  58.41  4218300  58.41
2011-03-10  57.83  58.29  57.27  57.76  4640200  57.76
2011-03-09  58.49  58.79  57.9  58.58  3426800  58.58
2011-03-08  56.72  59.02  56.68  58.84  6026300  58.84
2011-03-07  57.04  57.27  56.15  56.36  3941700  56.36
2011-03-04  56.63  57.01  55.91  56.59  3646200  56.59
2011-03-03  56.35  56.88  56.23  56.59  4238000  56.59
2011-03-02  55.81  56.2  55.4  55.7  3748900  55.7
2011-03-01  57.41  57.41  56.02  56.03  3580000  56.03
2011-02-28  57.63  57.68  56.96  57.28  3188600  57.28
2011-02-25  57.22  57.73  57.02  57.45  2511500  57.45
2011-02-24  56.97  57.27  56.25  56.79  3552200  56.79
2011-02-23  57.36  57.59  55.91  57.15  4573300  57.15
2011-02-22  58.53  58.79  57.26  57.43  4900800  57.43
2011-02-18  59.65  59.85  59.35  59.41  2384500  59.41
2011-02-17  59.92  60.11  59.38  59.45  2685900  59.45
2011-02-16  60.1  60.41  59.93  60.25  3278700  60.25
2011-02-15  59.94  60.53  59.83  59.99  3726700  59.99
2011-02-14  59.45  60.31  59.45  60.29  2673600  60.29
2011-02-11  59.17  60.25  58.62  59.88  2586800  59.88
2011-02-10  59.68  59.83  58.88  59.28  2418300  59.28
2011-02-09  59.35  60.05  59.09  59.62  3732300  59.62
2011-02-08  58.36  59.72  58.08  59.71  4236500  59.71
2011-02-07  57.72  58.72  57.49  58.26  2495000  58.26
2011-02-04  57.62  57.68  57.11  57.56  1949100  57.56
2011-02-03  57.63  58.26  57.4  57.67  2965800  57.67
2011-02-02  57.61  58.23  57.46  57.87  3447700  57.87
2011-02-01  56.0  58.2  55.82  57.83  5519600  57.83
2011-01-31  56.04  56.4  55.49  55.71  4851700  55.71
2011-01-28  57.24  57.56  55.77  55.81  4421600  55.81
2011-01-27  56.86  57.4  56.22  57.26  2519600  57.26
2011-01-26  56.63  57.1  56.1  56.79  3822000  56.79
2011-01-25  55.9  56.59  55.55  56.52  4771300  56.52
2011-01-24  56.19  56.61  55.94  56.15  3178100  56.15
2011-01-21  57.56  57.63  55.9  56.48  6557200  56.48
2011-01-20  56.37  57.03  55.63  56.64  6808600  56.64
2011-01-19  58.2  58.82  57.08  57.39  5511300  57.39
2011-01-18  58.78  59.48  58.35  58.71  4071700  58.71
2011-01-14  56.75  59.73  56.7  59.62  7076600  59.62
2011-01-13  57.84  57.85  56.68  56.76  3388700  56.76
2011-01-12  57.78  58.33  57.67  57.75  3794700  57.75
2011-01-11  57.37  57.59  56.76  57.21  3343700  57.21
2011-01-10  56.89  57.52  56.69  57.12  2296900  57.12
2011-01-07  57.96  58.11  56.64  57.41  4480500  57.41
2011-01-06  57.2  58.56  56.96  57.73  4905100  57.73
2011-01-05  56.21  57.33  56.06  57.28  5537400  57.28
2011-01-04  57.16  57.37  55.74  56.2  3621000  56.2
2011-01-03  56.81  57.4  56.81  56.97  3871600  56.97
2010-12-31  56.33  56.56  56.16  56.28  1329500  56.28
2010-12-30  56.53  56.63  56.09  56.43  2431700  56.43
2010-12-29  56.43  56.78  56.17  56.72  2691300  56.72
2010-12-28  56.0  56.47  55.53  56.35  2161000  56.35
2010-12-27  55.61  56.01  55.37  55.99  1499700  55.99
2010-12-23  56.03  56.24  55.4  55.72  2369600  55.72
2010-12-22  55.68  56.84  55.68  56.19  3220900  56.19
2010-12-21  54.61  55.83  54.45  55.72  3137400  55.72
2010-12-20  54.44  54.88  54.34  54.35  2758100  54.35
2010-12-17  54.24  54.59  54.05  54.23  3687200  54.23
2010-12-16  54.5  55.05  53.65  54.15  5137000  54.15
2010-12-15  55.99  56.01  54.21  54.28  6991200  54.28
2010-12-14  55.64  56.53  55.64  56.0  4573800  56.0
2010-12-13  56.77  56.87  55.41  55.62  7282100  55.62
2010-12-10  57.02  57.27  55.92  56.24  7532900  56.24
2010-12-09  56.12  57.27  56.01  57.07  9553600  57.07
2010-12-08  53.69  55.78  53.54  55.78  7516300  55.78
2010-12-07  53.83  53.97  53.34  53.63  6348300  53.63
2010-12-06  52.81  53.28  52.65  53.12  2951800  53.12
2010-12-03  52.18  53.19  51.78  53.08  3655500  53.08
2010-12-02  51.1  52.6  51.02  52.44  6182600  52.44
2010-12-01  50.63  51.2  50.29  51.14  4177400  51.14
2010-11-30  49.92  50.4  49.8  49.92  4796400  49.92
2010-11-29  49.91  50.67  49.74  50.35  3170300  50.35
2010-11-26  50.09  50.93  50.09  50.17  1170200  50.17
2010-11-24  50.99  51.1  50.33  50.67  2928300  50.67
2010-11-23  50.72  51.19  50.52  50.66  3790800  50.66
2010-11-22  51.66  51.97  51.18  51.52  2992900  51.52
2010-11-19  51.92  52.26  51.53  52.18  2859600  52.18
2010-11-18  52.07  52.79  51.78  52.12  4984900  52.12
2010-11-17  51.67  52.05  51.23  51.35  3842800  51.35
2010-11-16  52.51  52.55  50.98  51.55  5268600  51.55
2010-11-15  52.79  53.14  52.5  52.8  3207800  52.8
2010-11-12  53.14  53.78  52.34  52.5  4113600  52.5
2010-11-11  52.72  53.84  52.62  53.59  5629400  53.59
2010-11-10  52.18  53.16  51.82  53.13  4722000  53.13
2010-11-09  53.68  53.81  51.98  52.14  5330700  52.14
2010-11-08  53.62  54.01  52.59  53.44  4569100  53.44
2010-11-05  52.34  54.69  52.02  54.14  10117500  54.14
2010-11-04  50.55  51.9  50.34  51.84  6551600  51.84
2010-11-03  49.03  50.13  48.71  50.11  5808300  50.11
2010-11-02  49.57  49.59  48.81  49.04  3271600  49.04
2010-11-01  50.13  50.62  48.69  49.29  3979100  49.29
2010-10-29  49.6  50.22  49.46  49.96  2380300  49.96
2010-10-28  50.13  50.33  49.37  49.72  2417900  49.72
2010-10-27  49.75  50.62  49.55  49.82  4741400  49.82
2010-10-26  49.83  50.36  49.68  50.05  3305900  50.05
2010-10-25  50.98  50.98  49.91  50.05  4102200  50.05
2010-10-22  49.86  50.73  49.73  50.72  5072800  50.72
2010-10-21  48.75  50.39  48.57  49.65  7742200  49.65
2010-10-20  49.09  49.55  48.2  48.89  5958000  48.89
2010-10-19  48.59  49.88  48.59  49.16  6011700  49.16
2010-10-18  47.35  49.2  47.29  49.14  3886500  49.14
2010-10-15  48.23  48.42  46.99  47.57  7616600  47.57
2010-10-14  48.88  48.88  47.25  47.97  7674500  47.97
2010-10-13  49.47  49.94  48.93  49.05  4751900  49.05
2010-10-12  48.77  49.27  48.2  49.08  5104700  49.08
2010-10-11  49.07  49.32  48.66  48.89  3057100  48.89
2010-10-08  49.21  49.44  48.81  49.11  3511500  49.11
2010-10-07  50.08  50.29  48.75  49.13  3949300  49.13
2010-10-06  49.29  49.94  48.98  49.76  4380400  49.76
2010-10-05  48.58  49.91  48.39  49.48  5938600  49.48
2010-10-04  48.72  49.28  47.96  48.2  3654700  48.2
2010-10-01  48.63  49.04  48.06  48.89  5008800  48.89
2010-09-30  48.38  48.82  47.84  48.03  5454000  48.03
2010-09-29  48.23  48.42  47.7  47.92  4432200  47.92
2010-09-28  47.64  48.75  47.52  48.57  5146000  48.57
2010-09-27  48.98  48.99  47.56  47.62  4718200  47.62
2010-09-24  48.33  49.15  47.65  49.11  6342900  49.11
2010-09-23  47.04  48.57  46.95  47.58  8654800  47.58
2010-09-22  48.41  48.64  46.99  47.43  11254300  47.43
2010-09-21  50.23  50.54  48.61  48.62  8350700  48.62
2010-09-20  50.48  50.53  49.8  49.94  5667300  49.94
2010-09-17  50.66  50.98  49.76  50.28  3378600  50.28
2010-09-16  50.67  50.82  49.82  50.4  2378100  50.4
2010-09-15  50.76  50.86  49.65  50.73  4044000  50.73
2010-09-14  51.86  51.94  50.71  51.14  3986700  51.14
2010-09-13  51.57  53.09  51.57  52.13  4368500  52.13
2010-09-10  50.63  51.2  50.33  50.66  2487400  50.66
2010-09-09  50.67  51.14  49.96  50.61  3554200  50.61
2010-09-08  48.97  50.23  48.73  49.9  2807700  49.9
2010-09-07  50.36  50.36  48.9  49.02  3543900  49.02
2010-09-03  50.59  51.04  50.11  50.82  3447400  50.82
2010-09-02  49.12  50.11  49.03  50.06  3942000  50.06
2010-09-01  48.0  49.44  47.56  49.21  6432000  49.21
2010-08-31  46.62  47.63  46.36  47.18  3758400  47.18
2010-08-30  47.7  47.8  46.54  46.59  2738100  46.59
2010-08-27  47.02  48.16  46.44  48.08  4797400  48.08
2010-08-26  46.86  48.0  46.71  46.75  8426600  46.75
2010-08-25  46.48  46.95  45.73  46.76  6213900  46.76
2010-08-24  47.63  47.86  46.72  46.78  7631000  46.78
2010-08-23  49.31  49.5  48.23  48.25  4843800  48.25
2010-08-20  50.21  50.29  48.56  48.79  7096800  48.79
2010-08-19  51.75  52.12  50.2  50.23  4463000  50.23
2010-08-18  51.38  52.14  50.9  52.05  4148700  52.05
2010-08-17  52.03  52.14  51.14  51.27  5436900  51.27
2010-08-16  50.71  51.61  50.62  51.48  2822900  51.48
2010-08-13  51.95  52.23  50.91  50.97  4700500  50.97
2010-08-12  51.57  52.67  51.57  51.89  4220000  51.89
2010-08-11  53.3  53.8  52.4  52.5  5081600  52.5
2010-08-10  53.0  54.77  53.0  54.32  4110600  54.32
2010-08-09  54.75  54.78  53.33  53.68  4955000  53.68
2010-08-06  54.76  55.03  53.37  54.43  3957700  54.43
2010-08-05  55.37  55.85  55.05  55.67  2984600  55.67
2010-08-04  55.93  55.98  55.3  55.82  3008500  55.82
2010-08-03  56.15  56.27  55.47  55.84  2688600  55.84
2010-08-02  55.71  56.44  55.02  56.4  3153000  56.4
2010-07-30  54.57  55.37  54.28  54.95  2326600  54.95
2010-07-29  56.18  56.38  54.5  55.14  3289200  55.14
2010-07-28  56.35  56.85  54.52  55.17  5685300  55.17
2010-07-27  57.36  58.04  56.68  56.71  3473100  56.71
2010-07-26  56.59  57.61  55.97  57.22  2995400  57.22
2010-07-23  55.02  56.9  54.61  56.46  3771400  56.46
2010-07-22  55.37  56.53  55.05  55.31  6205100  55.31
2010-07-21  55.51  55.58  53.72  54.16  5534700  54.16
2010-07-20  52.88  54.61  52.47  54.53  5042000  54.53
2010-07-19  54.06  54.17  52.46  53.63  4397700  53.63
2010-07-16  55.48  55.9  53.56  53.87  5482800  53.87
2010-07-15  56.77  56.93  54.81  56.33  3487300  56.33
2010-07-14  57.57  57.57  55.79  56.71  5863100  56.71
2010-07-13  57.72  58.28  57.36  58.05  3465000  58.05
2010-07-12  57.03  57.29  56.1  56.89  2238800  56.89
2010-07-09  56.38  57.32  56.13  57.17  3836500  57.17
2010-07-08  56.66  56.89  55.47  56.47  4902900  56.47
2010-07-07  52.93  56.55  52.67  56.48  8428900  56.48
2010-07-06  52.36  52.99  51.72  52.41  4127900  52.41
2010-07-02  52.37  52.61  51.06  51.42  3034100  51.42
2010-07-01  52.19  53.01  50.37  52.02  5283900  52.02
2010-06-30  53.02  53.78  52.01  52.19  3691300  52.19
2010-06-29  54.47  55.05  52.89  53.19  5042000  53.19
2010-06-28  56.55  56.62  55.18  55.26  3066500  55.26
2010-06-25  55.31  56.55  54.95  56.37  4655600  56.37
2010-06-24  55.52  55.8  54.39  54.56  3909400  54.56
2010-06-23  56.01  56.75  55.68  56.08  3348300  56.08
2010-06-22  57.27  57.37  55.9  56.0  3664800  56.0
2010-06-21  58.83  58.94  56.84  57.15  3327300  57.15
2010-06-18  57.69  58.15  57.2  57.99  4931000  57.99
2010-06-17  57.62  57.72  56.63  57.44  2891900  57.44
2010-06-16  56.81  58.03  56.77  57.59  3366300  57.59
2010-06-15  56.2  57.28  55.6  57.23  4289200  57.23
2010-06-14  56.97  56.99  55.54  55.61  3723000  55.61
2010-06-11  55.12  56.65  55.08  56.58  3648300  56.58
2010-06-10  54.35  56.1  54.35  55.96  3891900  55.96
2010-06-09  54.8  54.91  53.34  53.58  4650200  53.58
2010-06-08  53.99  54.82  53.2  54.72  4785000  54.72
2010-06-07  54.57  55.62  53.79  53.86  5197800  53.86
2010-06-04  56.2  56.63  54.03  54.2  7212200  54.2
2010-06-03  59.09  59.11  57.04  57.31  5001500  57.31
2010-06-02  57.13  58.84  56.77  58.83  4386400  58.83
2010-06-01  57.46  58.88  56.45  56.49  3816300  56.49
2010-05-28  59.33  59.38  57.56  57.96  3666500  57.96
2010-05-27  57.75  59.63  57.39  59.55  4436300  59.55
2010-05-26  57.26  57.96  56.37  56.93  7511900  56.93
2010-05-25  54.5  57.17  54.28  57.08  6460200  57.08
2010-05-24  57.49  57.73  55.81  55.94  6539200  55.94
2010-05-21  54.98  58.07  54.76  57.97  7506900  57.97
2010-05-20  56.59  57.4  55.77  55.93  6822600  55.93
2010-05-19  58.29  59.26  56.6  57.99  6555200  57.99
2010-05-18  61.37  61.37  58.35  58.82  7212100  58.82
2010-05-17  60.71  61.42  59.35  60.83  4444900  60.83
2010-05-14  61.32  61.63  59.76  60.6  5403200  60.6
2010-05-13  62.96  63.54  61.87  61.88  3898300  61.88
2010-05-12  63.71  63.91  62.87  63.29  3676400  63.29
2010-05-11  61.64  64.36  61.45  63.37  4931200  63.37
2010-05-10  62.3  63.22  61.32  62.66  5981400  62.66
2010-05-07  59.58  60.65  58.48  59.25  6822800  59.25
2010-05-06  62.04  62.83  56.22  59.5  9571500  59.5
2010-05-05  60.76  63.62  60.43  62.43  7599000  62.43
2010-05-04  62.52  62.6  60.94  61.39  5319000  61.39
2010-05-03  62.31  63.39  61.94  63.34  4947600  63.34
2010-04-30  60.87  62.53  60.86  62.08  9616700  62.08
2010-04-29  61.18  62.17  60.77  61.02  7641300  61.02
2010-04-28  61.05  61.86  59.77  60.47  7214900  60.47
2010-04-27  61.6  63.23  60.99  61.05  5800900  61.05
2010-04-26  64.56  64.56  61.62  61.68  4366300  61.68
2010-04-23  64.19  65.08  63.62  64.33  6376800  64.33
2010-04-22  61.75  63.96  61.33  63.57  10169800  63.57
2010-04-21  59.93  61.42  59.23  60.32  6041400  60.32
2010-04-20  59.18  59.99  58.42  59.97  3336600  59.97
2010-04-19  57.81  59.0  57.42  58.65  5084600  58.65
2010-04-16  59.13  59.13  56.15  58.21  9749100  58.21
2010-04-15  60.01  60.36  59.12  59.26  3869100  59.26
2010-04-14  58.99  60.66  58.99  60.19  4288500  60.19
2010-04-13  59.84  60.04  58.53  58.77  5822200  58.77
2010-04-12  59.88  60.73  59.88  60.29  4676600  60.29
2010-04-09  59.45  59.86  58.65  59.86  4953900  59.86
2010-04-08  57.52  59.74  57.36  59.12  6012100  59.12
2010-04-07  57.82  58.42  57.29  57.64  4354800  57.64
2010-04-06  56.6  57.77  56.59  57.71  3588900  57.71
2010-04-05  55.8  56.91  55.65  56.87  3057700  56.87
2010-04-01  55.5  56.01  55.24  55.56  3070600  55.56
2010-03-31  53.89  55.34  53.75  55.06  3886900  55.06
2010-03-30  54.85  54.95  53.6  54.13  4012300  54.13
2010-03-29  55.34  55.49  54.38  54.85  2715900  54.85
2010-03-26  55.32  56.22  54.58  54.94  3660000  54.94
2010-03-25  55.53  56.99  55.19  55.27  5465700  55.27
2010-03-24  54.99  55.86  54.75  55.22  3476900  55.22
2010-03-23  55.16  55.32  54.23  55.16  2574600  55.16
2010-03-22  54.38  55.42  54.27  55.2  3035600  55.2
2010-03-19  54.86  55.47  54.27  54.98  4548000  54.98
2010-03-18  55.25  55.32  53.89  54.6  4277000  54.6
2010-03-17  54.28  55.43  54.04  55.3  6055100  55.3
2010-03-16  52.96  54.06  52.87  54.06  4174600  54.06
2010-03-15  52.96  53.11  51.97  52.85  4619100  52.85
2010-03-12  54.2  54.34  53.18  53.36  3832100  53.36
2010-03-11  52.81  53.91  52.51  53.9  5273800  53.9
2010-03-10  52.1  53.12  51.76  52.94  6290900  52.94
2010-03-09  51.13  52.11  50.77  51.82  5344600  51.82
2010-03-08  51.89  51.91  51.18  51.21  3620200  51.21
2010-03-05  50.4  51.35  50.1  51.25  5536200  51.25
2010-03-04  49.75  50.08  49.52  49.99  4973800  49.99
2010-03-03  49.42  50.11  49.26  49.57  4097500  49.57
2010-03-02  49.37  50.01  48.98  49.35  6209200  49.35
2010-03-01  49.7  49.81  49.14  49.63  3469300  49.63
2010-02-26  49.43  49.86  49.0  49.58  7781200  49.58
2010-02-25  49.33  49.48  48.51  49.47  4679600  49.47
2010-02-24  48.71  49.64  48.23  49.6  5567400  49.6
2010-02-23  48.94  49.24  48.04  48.47  6263700  48.47
2010-02-22  48.31  49.45  48.3  49.04  6449300  49.04
2010-02-19  47.63  48.09  47.32  47.68  5378500  47.68
2010-02-18  47.47  48.16  47.44  47.84  3664900  47.84
2010-02-17  48.7  48.7  47.4  47.82  6298200  47.82
2010-02-16  47.71  48.42  47.28  48.36  6835200  48.36
2010-02-12  47.41  47.59  46.66  47.51  7488900  47.51
2010-02-11  47.32  47.68  46.79  47.4  4962000  47.4
2010-02-10  47.2  47.98  46.95  47.29  5768000  47.29
2010-02-09  47.49  48.03  46.54  47.09  9227900  47.09
2010-02-08  47.64  48.14  46.67  46.8  6601800  46.8
2010-02-05  47.7  47.85  46.53  47.76  12992600  47.76
2010-02-04  49.4  49.48  47.03  47.06  20035300  47.06
2010-02-03  49.95  50.35  49.49  49.53  74680900  49.53
2010-02-02  51.54  51.88  49.62  50.4  9538100  50.4
2010-02-01  51.48  51.85  50.74  51.52  5043100  51.52
2010-01-29  51.06  52.47  50.91  51.12  8374700  51.12
2010-01-28  50.6  50.72  49.06  49.93  4652600  49.93
2010-01-27  48.4  50.41  48.36  50.13  4513800  50.13
2010-01-26  49.69  50.55  48.51  48.57  4635100  48.57
2010-01-25  50.14  50.64  48.94  49.81  3369800  49.81
2010-01-22  51.81  52.24  49.16  49.45  7256500  49.45
2010-01-21  53.16  53.54  50.73  51.37  9860900  51.37
2010-01-20  53.22  54.36  52.85  54.22  6107900  54.22
2010-01-19  52.14  53.67  51.38  53.33  3770800  53.33
2010-01-15  53.04  53.49  52.04  52.27  3955300  52.27
2010-01-14  52.5  53.47  52.05  53.34  3064100  53.34
2010-01-13  52.19  53.03  51.92  52.61  2945800  52.61
2010-01-12  52.33  53.18  51.48  52.2  2778300  52.2
2010-01-11  52.64  53.39  52.41  52.74  2840700  52.74
2010-01-08  52.31  52.96  51.65  52.6  3770800  52.6
2010-01-07  49.58  52.67  49.49  52.46  5700800  52.46
2010-01-06  49.74  50.5  49.41  49.76  3013600  49.76
2010-01-05  49.04  49.78  48.82  49.76  6379300  49.76
2010-01-04  49.47  49.8  48.97  49.26  4890300  49.26
