Date  Open  High  Low  Close  Volume  Adj Close
2014-02-28  75.41  75.43  74.85  75.29  9451900  75.29
2014-02-27  74.89  75.26  74.5  75.19  9465100  75.19
2014-02-26  75.15  75.5  74.9  75.05  5545900  75.05
2014-02-25  75.62  75.88  74.74  74.91  6974800  74.91
2014-02-24  75.97  75.99  75.39  75.43  9191900  75.43
2014-02-21  76.18  76.55  75.57  75.61  8725000  75.61
2014-02-20  75.96  76.2  75.68  75.95  7194200  75.95
2014-02-19  75.37  75.99  75.11  75.77  8527600  75.77
2014-02-18  76.25  76.25  75.53  75.6  8850100  75.6
2014-02-14  76.01  76.42  75.82  76.28  8325500  76.28
2014-02-13  76.0  76.75  76.0  76.44  9047200  76.44
2014-02-12  75.66  76.65  75.66  76.42  11498600  76.42
2014-02-11  74.81  75.73  74.53  75.62  8934900  75.62
2014-02-10  74.2  74.73  73.89  74.69  7598300  74.69
2014-02-07  73.4  74.47  73.2  74.41  8891200  74.41
2014-02-06  72.74  73.33  72.32  73.24  8178700  73.24
2014-02-05  72.1  72.66  72.03  72.37  10481600  72.37
2014-02-04  73.4  73.45  72.28  72.51  11704500  72.51
2014-02-03  73.67  73.95  72.93  73.32  15929600  73.32
2014-01-31  72.68  74.49  72.62  74.22  15420700  74.22
2014-01-30  72.65  73.4  71.97  73.26  17741800  73.26
2014-01-29  71.4  72.08  70.98  71.12  16625000  71.12
2014-01-28  72.0  73.14  71.75  71.99  18188900  71.99
2014-01-27  74.01  74.36  72.74  73.2  12580700  73.2
2014-01-24  75.29  75.44  74.06  74.08  11916500  74.08
2014-01-23  75.49  75.9  75.16  75.87  8078300  75.87
2014-01-22  75.5  75.86  75.12  75.78  7242400  75.78
2014-01-21  75.0  75.57  74.86  75.46  8806800  75.46
2014-01-17  74.7  74.98  74.43  74.73  12272700  74.73
2014-01-16  74.47  74.88  74.01  74.72  10263200  74.72
2014-01-15  73.47  74.69  73.4  74.51  10000700  74.51
2014-01-14  72.37  73.7  72.37  73.39  9924300  73.39
2014-01-13  73.78  74.27  72.83  73.22  8576300  73.22
2014-01-10  74.11  74.5  73.17  73.87  8877600  73.87
2014-01-09  74.04  74.1  73.68  73.91  9067900  73.91
2014-01-08  73.15  73.68  72.68  73.68  8976900  73.68
2014-01-07  72.8  73.31  72.6  73.24  5902700  73.24
2014-01-06  73.08  73.2  72.55  72.7  7696200  72.7
2014-01-03  73.33  73.48  72.44  72.89  7970400  72.89
2014-01-02  73.61  73.77  73.26  73.32  10110200  73.32
2013-12-31  73.76  74.32  73.64  74.25  5725100  74.25
2013-12-30  73.66  73.9  73.5  73.57  5389900  73.57
2013-12-27  73.75  74.02  73.66  73.8  5042300  73.8
2013-12-26  73.05  73.68  73.05  73.48  4609200  73.48
2013-12-24  72.67  73.25  72.64  73.04  2597500  73.04
2013-12-23  73.52  73.56  72.52  72.84  9168100  72.84
2013-12-20  72.41  73.04  72.24  72.91  21662500  72.91
2013-12-19  73.15  73.3  72.13  72.43  8790300  72.43
2013-12-18  72.7  73.21  71.68  73.18  9383500  73.18
2013-12-17  72.66  72.98  72.26  72.92  8615500  72.92
2013-12-16  73.22  73.26  72.5  72.79  9029400  72.79
2013-12-13  73.45  73.46  72.53  72.58  8723400  72.58
2013-12-12  73.0  73.42  72.49  72.73  7509600  72.73
2013-12-11  74.0  74.11  72.96  73.01  10018000  73.01
2013-12-10  73.3  73.84  73.09  73.38  10720800  73.38
2013-12-09  73.88  74.19  72.94  73.37  8881800  73.37
2013-12-06  73.6  73.97  73.1  73.76  6883800  73.76
2013-12-05  73.01  73.43  72.9  73.23  7728800  73.23
2013-12-04  73.02  73.5  72.85  73.18  6507100  73.18
2013-12-03  73.19  73.46  72.93  73.31  7944900  73.31
2013-12-02  73.53  73.87  73.24  73.44  8851600  73.44
2013-11-29  73.52  73.89  73.26  73.58  6060000  73.58
2013-11-27  73.24  73.58  72.81  73.56  7915200  73.56
2013-11-26  72.34  73.3  72.25  73.3  16426800  73.3
2013-11-25  70.76  72.19  70.63  72.15  16549300  72.15
2013-11-22  71.57  72.74  71.53  72.61  12561200  72.61
2013-11-21  70.07  71.47  70.07  71.37  13592000  71.37
2013-11-20  71.61  72.05  70.57  70.69  15105700  70.69
2013-11-19  71.84  72.09  71.39  71.5  10544800  71.5
2013-11-18  71.94  71.96  71.38  71.6  10955800  71.6
2013-11-15  71.0  71.84  70.77  71.83  14220700  71.83
2013-11-14  69.65  71.14  69.52  70.88  14855400  70.88
2013-11-13  68.66  69.7  68.23  69.7  13677400  69.7
2013-11-12  67.21  68.24  67.21  68.18  9940700  68.18
2013-11-11  66.98  67.6  66.86  67.3  10570000  67.3
2013-11-08  67.1  67.72  66.74  67.13  14752500  67.13
2013-11-07  66.51  67.43  65.93  66.77  33825700  66.77
2013-11-06  69.1  69.48  68.35  69.41  13386400  69.41
2013-11-05  68.92  69.22  68.53  68.68  8602600  68.68
2013-11-04  69.81  69.86  68.92  69.24  9294400  69.24
2013-11-01  69.2  69.67  68.99  69.57  10847200  69.57
2013-10-31  68.86  69.65  68.43  69.16  11205000  69.16
2013-10-30  68.66  69.02  68.5  68.71  7184700  68.71
2013-10-29  68.4  69.06  68.27  68.6  8219900  68.6
2013-10-28  68.06  68.29  67.63  68.21  7655100  68.21
2013-10-25  66.89  67.95  66.69  67.95  10251700  67.95
2013-10-24  67.14  67.19  66.5  66.62  7021700  66.62
2013-10-23  67.93  68.17  66.6  66.72  13641800  66.72
2013-10-22  68.52  68.92  68.46  68.59  8090900  68.59
2013-10-21  68.18  68.62  68.03  68.44  5636100  68.44
2013-10-18  68.14  68.64  67.89  68.07  8244700  68.07
2013-10-17  67.96  68.43  67.52  68.37  7436700  68.37
2013-10-16  68.17  68.77  68.06  68.54  8290300  68.54
2013-10-15  67.68  68.38  67.48  67.85  7727500  67.85
2013-10-14  66.79  67.62  66.6  67.43  5548100  67.43
2013-10-11  66.64  67.28  66.27  67.23  7119400  67.23
2013-10-10  65.9  66.65  65.68  66.52  7416700  66.52
2013-10-09  66.24  66.27  65.16  65.4  11099600  65.4
2013-10-08  66.86  66.91  65.94  66.03  8077900  66.03
2013-10-07  66.07  67.33  65.98  66.87  12189800  66.87
2013-10-04  66.93  67.87  66.81  67.7  7852400  67.7
2013-10-03  67.4  67.4  66.38  66.79  6164200  66.79
2013-10-02  66.71  67.42  66.63  67.36  6106600  67.36
2013-10-01  67.08  67.56  66.85  67.17  6876700  67.17
2013-09-30  66.62  67.27  66.23  67.0  8551800  67.0
2013-09-27  67.87  67.96  66.76  67.06  10850300  67.06
2013-09-26  68.75  69.02  68.37  68.54  4987100  68.54
2013-09-25  68.11  68.74  67.93  68.42  7053700  68.42
2013-09-24  68.39  68.58  67.81  68.18  8067600  68.18
2013-09-23  69.67  69.89  68.55  68.65  13520800  68.65
2013-09-20  69.19  69.56  68.67  68.73  18278300  68.73
2013-09-19  69.38  69.71  69.09  69.13  12310200  69.13
2013-09-18  69.14  69.54  68.58  69.31  11062900  69.31
2013-09-17  68.04  69.13  67.83  69.09  14140700  69.09
2013-09-16  68.7  68.73  67.65  67.77  12018800  67.77
2013-09-13  68.88  68.91  68.03  68.25  11713800  68.25
2013-09-12  68.4  69.39  68.17  68.48  17294200  68.48
2013-09-11  67.97  68.28  67.17  67.77  21086500  67.77
2013-09-10  69.06  70.04  69.06  69.76  14610700  69.76
2013-09-09  67.68  69.04  67.68  68.97  13633400  68.97
2013-09-06  67.66  68.13  67.05  67.7  10267200  67.7
2013-09-05  67.01  67.64  66.92  67.51  8074600  67.51
2013-09-04  66.5  67.19  66.48  66.96  7900100  66.96
2013-09-03  66.6  67.42  66.2  66.43  11906500  66.43
2013-08-30  66.32  66.35  65.43  65.97  8441300  65.97
2013-08-29  65.9  66.47  65.73  66.04  6551500  66.04
2013-08-28  65.41  66.18  65.34  65.9  8511300  65.9
2013-08-27  65.65  65.98  65.25  65.36  9058400  65.36
2013-08-26  66.36  66.57  66.13  66.28  10388700  66.28
2013-08-23  66.34  66.67  65.94  66.48  8374900  66.48
2013-08-22  66.02  66.5  65.97  66.46  6694200  66.46
2013-08-21  65.65  66.34  65.53  65.91  8471500  65.91
2013-08-20  65.86  66.47  65.64  66.04  9064900  66.04
2013-08-19  66.21  66.73  65.63  65.67  9063600  65.67
2013-08-16  66.02  66.74  66.02  66.23  13888900  66.23
2013-08-15  65.69  66.28  65.54  66.28  11462800  66.28
2013-08-14  66.41  66.55  65.96  66.29  9322600  66.29
2013-08-13  66.07  66.78  65.87  66.58  12605200  66.58
2013-08-12  65.24  65.96  65.15  65.8  7244700  65.8
2013-08-09  65.68  65.89  65.38  65.61  7891400  65.61
2013-08-08  64.94  65.98  64.71  65.69  12876400  65.69
2013-08-07  64.62  65.18  64.35  64.56  9489900  64.56
2013-08-06  65.52  65.64  64.88  64.94  7952400  64.94
2013-08-05  64.76  65.73  64.68  65.59  13249800  65.59
2013-08-02  64.24  66.09  64.24  66.08  19320500  66.08
2013-08-01  64.13  64.83  63.67  64.62  11595600  64.62
2013-07-31  63.96  64.31  63.76  63.92  12417500  63.92
2013-07-30  64.08  64.54  63.75  63.87  11528900  63.87
2013-07-29  63.83  64.25  63.53  63.6  9304700  63.6
2013-07-26  62.3  64.16  62.21  63.97  18064400  63.97
2013-07-25  62.86  63.81  62.27  62.79  24796700  62.79
2013-07-24  62.27  62.33  60.58  60.78  20129500  60.78
2013-07-23  61.65  62.13  61.59  61.68  9017900  61.68
2013-07-22  61.07  61.59  60.88  61.59  12712900  61.59
2013-07-19  60.61  60.96  60.48  60.85  14614700  60.85
2013-07-18  61.32  61.4  60.21  60.51  23681900  60.51
2013-07-17  61.44  62.04  60.95  62.03  12761700  62.03
2013-07-16  60.87  61.26  60.59  61.23  13334400  61.23
2013-07-15  60.78  61.05  60.24  60.67  14772100  60.67
2013-07-12  60.74  61.4  60.68  61.4  11053300  61.4
2013-07-11  60.54  60.76  60.2  60.69  13293700  60.69
2013-07-10  58.64  60.05  58.61  59.84  19127100  59.84
2013-07-09  59.55  59.74  58.43  58.8  24848100  58.8
2013-07-08  60.14  60.33  59.23  59.39  17681600  59.39
2013-07-05  60.14  60.35  59.67  60.34  11158000  60.34
2013-07-03  60.13  60.73  60.05  60.3  4380100  60.3
2013-07-02  60.13  60.63  60.02  60.31  7922200  60.31
2013-07-01  60.87  60.99  60.29  60.35  7457400  60.35
2013-06-28  60.03  61.01  59.95  60.48  13533100  60.48
2013-06-27  61.01  61.15  60.05  60.47  14249000  60.47
2013-06-26  61.94  62.29  60.56  60.66  22000700  60.66
2013-06-25  59.81  61.75  59.76  61.19  21204900  61.19
2013-06-24  59.4  59.61  58.86  59.28  17769700  59.28
2013-06-21  60.32  60.44  59.61  60.06  25052800  60.06
2013-06-20  60.79  61.24  60.06  60.31  14425500  60.31
2013-06-19  62.0  62.17  61.21  61.29  11231900  61.29
2013-06-18  61.67  62.11  61.39  61.76  11624400  61.76
2013-06-17  60.99  61.73  60.88  61.45  13528500  61.45
2013-06-14  61.18  61.31  60.73  60.77  9871600  60.77
2013-06-13  60.61  61.5  60.14  61.34  11578600  61.34
2013-06-12  61.35  61.35  60.4  60.5  14631700  60.5
2013-06-11  60.86  61.44  60.55  61.05  11794100  61.05
2013-06-10  61.49  61.58  61.05  61.41  11084000  61.41
2013-06-07  62.27  62.48  60.81  61.48  29483700  61.48
2013-06-06  62.71  63.18  61.9  62.34  10775900  62.34
2013-06-05  63.02  63.02  62.05  62.52  10345000  62.52
2013-06-04  62.79  63.4  62.57  63.07  14394800  63.07
2013-06-03  62.74  63.04  62.07  62.6  13371100  62.6
2013-05-31  62.91  63.58  62.5  62.5  12413500  62.5
2013-05-30  63.14  63.76  63.04  63.19  10866800  63.19
2013-05-29  62.8  63.31  62.52  63.12  13122300  63.12
2013-05-28  63.64  63.88  63.03  63.08  10913300  63.08
2013-05-24  62.72  63.36  62.53  63.27  10522400  63.27
2013-05-23  63.59  63.92  62.64  62.92  19154200  62.92
2013-05-22  64.61  65.13  63.88  64.22  13391500  64.22
2013-05-21  64.67  65.19  64.59  64.75  11231000  64.75
2013-05-20  65.28  65.57  64.99  65.08  10222500  65.08
2013-05-17  65.2  65.64  64.56  65.58  11528400  65.58
2013-05-16  64.42  65.18  64.35  64.63  11532100  64.63
2013-05-15  64.32  64.59  64.04  64.53  10591200  64.53
2013-05-14  64.0  64.31  63.74  64.31  8986200  64.31
2013-05-13  63.35  64.07  63.19  63.82  9940700  63.82
2013-05-10  63.02  63.64  63.02  63.64  9430400  63.64
2013-05-09  63.22  63.5  62.94  63.12  9502100  63.12
2013-05-08  62.91  63.5  62.91  63.13  11134400  63.13
2013-05-07  62.82  63.23  62.55  62.98  9762800  62.98
2013-05-06  62.83  63.32  62.75  62.87  10558100  62.87
2013-05-03  62.54  62.87  62.34  62.79  10548800  62.79
2013-05-02  61.18  62.04  60.97  61.92  15142600  61.92
2013-05-01  60.48  61.11  60.48  60.96  14881300  60.96
2013-04-30  60.65  61.16  60.31  60.65  21041900  60.65
2013-04-29  60.85  61.15  60.57  60.66  22797600  60.66
2013-04-26  61.54  61.71  60.52  60.57  28621800  60.57
2013-04-25  61.84  62.08  60.84  61.48  56907000  61.48
2013-04-24  64.98  65.53  64.79  64.98  17846000  64.98
2013-04-23  63.95  64.48  63.61  64.34  9919900  64.34
2013-04-22  63.1  63.59  62.6  63.58  11160200  63.58
2013-04-19  62.63  63.13  62.05  62.94  12205100  62.94
2013-04-18  63.99  64.58  62.28  62.66  15041400  62.66
2013-04-17  64.08  64.18  63.02  63.24  14208300  63.24
2013-04-16  64.76  65.15  64.37  64.79  10073000  64.79
2013-04-15  65.21  65.64  64.42  64.48  9738200  64.48
2013-04-12  65.98  66.03  65.07  65.65  10766100  65.65
2013-04-11  66.21  66.56  65.6  66.0  11181700  66.0
2013-04-10  65.26  66.6  65.17  66.25  11095100  66.25
2013-04-09  64.98  65.18  64.31  64.94  12057800  64.94
2013-04-08  64.13  64.84  64.08  64.84  5605800  64.84
2013-04-05  63.67  64.24  63.55  64.15  10245000  64.15
2013-04-04  64.96  65.27  64.33  64.79  7932700  64.79
2013-04-03  65.47  65.62  64.92  64.95  10656000  64.95
2013-04-02  65.48  65.68  64.89  65.23  9208000  65.23
2013-04-01  65.67  65.81  64.6  64.98  8706400  64.98
2013-03-28  65.61  65.97  65.51  65.91  7899200  65.91
2013-03-27  65.15  65.71  64.74  65.65  6659800  65.65
2013-03-26  64.97  65.66  64.85  65.59  9802400  65.59
2013-03-25  65.17  65.17  64.28  64.66  9045800  64.66
2013-03-22  64.67  65.03  64.58  64.9  8231600  64.9
2013-03-21  64.68  65.1  64.05  64.34  9215100  64.34
2013-03-20  64.41  65.08  63.75  64.73  12407900  64.73
2013-03-19  63.69  64.0  62.92  63.72  10231800  63.72
2013-03-18  63.41  63.8  62.42  63.56  14183900  63.56
2013-03-15  65.4  65.56  63.74  63.97  26182100  63.97
2013-03-14  65.96  66.02  65.33  65.54  9262200  65.54
2013-03-13  65.98  66.46  65.63  65.72  9621500  65.72
2013-03-12  65.69  66.06  65.35  66.01  9115600  66.01
2013-03-11  65.7  65.9  65.29  65.67  6559800  65.67
2013-03-08  66.29  66.87  65.47  65.62  8590100  65.62
2013-03-07  65.94  66.07  65.38  65.76  9305400  65.76
2013-03-06  66.44  66.48  65.2  65.64  16966700  65.64
2013-03-05  66.23  67.19  66.22  66.67  16205100  66.67
2013-03-04  64.79  65.38  64.6  65.36  7969900  65.36
2013-03-01  64.1  65.38  63.92  65.04  11186800  65.04
2013-02-28  64.57  64.96  64.36  64.39  9596300  64.39
2013-02-27  64.0  64.89  63.76  64.39  8976900  64.39
2013-02-26  63.74  64.29  63.74  64.03  10027200  64.03
2013-02-25  64.15  66.17  63.57  63.57  13078300  63.57
2013-02-22  63.96  64.51  63.44  63.7  7070300  63.7
2013-02-21  63.95  64.18  63.09  63.58  11749500  63.58
2013-02-20  64.76  64.8  63.26  64.03  12388400  64.03
2013-02-19  64.5  64.63  64.07  64.42  7488500  64.42
2013-02-15  64.45  64.98  63.87  64.18  11356700  64.18
2013-02-14  63.88  64.45  63.79  64.28  13771100  64.28
2013-02-13  64.94  64.97  63.95  64.2  8951700  64.2
2013-02-12  65.09  65.15  64.28  64.63  16455700  64.63
2013-02-11  65.72  66.03  65.48  65.9  6653800  65.9
2013-02-08  65.62  66.16  65.05  65.67  7396300  65.67
2013-02-07  65.84  66.04  64.76  65.27  11521200  65.27
2013-02-06  65.25  65.92  65.2  65.9  11195700  65.9
2013-02-05  64.91  65.87  64.62  65.67  12356800  65.67
2013-02-04  64.99  65.82  64.12  64.39  14311500  64.39
2013-02-01  65.14  65.53  64.38  65.46  14841200  65.46
2013-01-31  65.81  66.15  64.7  64.76  27660800  64.76
2013-01-30  62.44  62.9  62.05  62.32  19181200  62.32
2013-01-29  62.41  62.74  61.14  62.24  12087400  62.24
2013-01-28  62.26  62.82  62.25  62.46  12237400  62.46
2013-01-25  62.96  63.29  62.17  62.45  15995900  62.45
2013-01-24  62.73  63.71  62.63  63.17  12751400  63.17
2013-01-23  63.66  64.05  63.42  63.65  9241500  63.65
2013-01-22  63.5  63.65  62.84  63.45  8341000  63.45
2013-01-18  63.5  63.83  63.23  63.45  12459700  63.45
2013-01-17  63.68  64.08  63.57  63.9  7733500  63.9
2013-01-16  63.31  63.81  63.05  63.56  10131800  63.56
2013-01-15  62.53  63.24  62.31  63.21  6391800  63.21
2013-01-14  63.07  63.44  62.55  63.02  12726100  63.02
2013-01-11  63.54  63.76  63.1  63.66  6759000  63.66
2013-01-10  64.23  64.29  63.17  63.55  13114000  63.55
2013-01-09  63.12  63.72  63.04  63.64  12374300  63.64
2013-01-08  63.33  63.41  62.39  62.69  12856700  62.69
2013-01-07  62.14  63.02  61.96  62.79  10310100  62.79
2013-01-04  62.88  63.12  62.02  62.29  13918300  62.29
2013-01-03  63.58  63.95  62.87  63.22  14118200  63.22
2013-01-02  62.37  63.52  62.33  63.52  17582200  63.52
2012-12-31  59.37  61.06  59.07  60.68  15214600  60.68
2012-12-28  59.98  60.42  59.39  59.48  7946400  59.48
2012-12-27  60.4  60.58  59.57  60.34  8218400  60.34
2012-12-26  60.7  61.08  60.14  60.42  7072600  60.42
2012-12-24  60.33  60.77  60.23  60.72  5774900  60.72
2012-12-21  60.34  61.32  60.19  60.44  20090400  60.44
2012-12-20  61.73  61.95  61.34  61.66  10469400  61.66
2012-12-19  62.11  62.33  61.34  61.36  14141800  61.36
2012-12-18  61.21  62.24  60.96  62.15  12934000  62.15
2012-12-17  59.06  60.88  58.76  60.86  20747200  60.86
2012-12-14  60.41  60.79  58.31  58.69  37041800  58.69
2012-12-13  61.86  62.79  61.3  61.56  12997200  61.56
2012-12-12  63.28  63.49  62.12  62.28  11690000  62.28
2012-12-11  62.94  63.43  62.86  63.12  9745700  63.12
2012-12-10  62.58  63.01  62.45  62.71  7277600  62.71
2012-12-07  63.09  63.17  62.27  62.64  9271900  62.64
2012-12-06  62.39  62.98  62.2  62.98  8947000  62.98
2012-12-05  61.89  62.76  61.77  62.42  11632000  62.42
2012-12-04  61.99  62.13  61.56  62.02  10194200  62.02
2012-12-03  62.45  62.49  61.79  61.92  8558400  61.92
2012-11-30  62.16  62.35  61.71  62.16  13017300  62.16
2012-11-29  61.61  62.22  61.44  61.9  11977500  61.9
2012-11-28  60.44  61.24  60.25  61.21  9932500  61.21
2012-11-27  61.17  61.28  60.51  60.83  9150100  60.83
2012-11-26  61.31  61.6  60.62  61.06  11120000  61.06
2012-11-23  60.92  61.71  60.77  61.68  4803200  61.68
2012-11-21  60.75  61.12  60.47  60.72  7841800  60.72
2012-11-20  60.53  60.91  59.98  60.72  9751700  60.72
2012-11-19  61.07  61.12  60.63  60.67  12168800  60.67
2012-11-16  59.97  60.61  59.36  60.51  15580300  60.51
2012-11-15  60.23  60.87  59.45  59.88  14634500  59.88
2012-11-14  60.91  61.14  60.11  60.32  15412500  60.32
2012-11-13  59.94  61.33  59.8  60.71  13091200  60.71
2012-11-12  60.42  60.7  59.75  60.21  8222800  60.21
2012-11-09  59.72  60.82  59.64  60.21  17209200  60.21
2012-11-08  61.32  61.36  59.0  59.28  32220300  59.28
2012-11-07  58.04  58.34  56.78  56.79  22730600  56.79
2012-11-06  59.17  59.33  58.64  58.99  9513000  58.99
2012-11-05  58.77  59.17  58.43  59.05  10384000  59.05
2012-11-02  58.62  58.72  57.86  57.94  7999300  57.94
2012-11-01  57.36  58.5  57.18  58.36  9562000  58.36
2012-10-31  57.8  58.12  56.99  57.27  10695100  57.27
2012-10-26  56.48  57.86  56.38  57.69  13502400  57.69
2012-10-25  56.66  56.87  55.97  56.11  8927700  56.11
2012-10-24  57.47  57.59  56.15  56.31  11584500  56.31
2012-10-23  56.76  57.34  56.34  56.97  9623200  56.97
2012-10-22  57.16  57.44  56.7  57.34  10730700  57.34
2012-10-19  58.61  58.61  57.16  57.4  14977800  57.4
2012-10-18  59.64  59.65  58.25  58.59  15806600  58.59
2012-10-17  58.51  59.85  58.51  59.58  11048200  59.58
2012-10-16  58.13  59.07  57.85  58.98  10443200  58.98
2012-10-15  57.87  58.11  56.9  57.93  13527900  57.93
2012-10-12  57.84  57.87  56.77  57.54  14967800  57.54
2012-10-11  59.06  59.12  57.8  57.85  8893100  57.85
2012-10-10  58.82  58.89  58.28  58.41  11534500  58.41
2012-10-09  59.88  60.24  58.91  59.01  12914100  59.01
2012-10-08  60.63  60.89  59.97  59.99  9243200  59.99
2012-10-05  61.59  62.28  60.99  61.2  10025500  61.2
2012-10-04  60.72  61.34  60.25  61.21  7068600  61.21
2012-10-03  60.73  60.94  60.22  60.65  7533700  60.65
2012-10-02  60.7  60.88  60.11  60.37  8103700  60.37
2012-10-01  61.29  61.35  60.12  60.49  10629900  60.49
2012-09-28  61.62  61.77  60.84  61.04  9603100  61.04
2012-09-27  61.08  62.24  60.96  62.03  8481900  62.03
2012-09-26  61.21  61.89  60.65  60.89  10807500  60.89
2012-09-25  62.54  62.88  61.24  61.29  13227400  61.29
2012-09-24  62.04  62.43  61.59  62.21  11306100  62.21
2012-09-21  63.31  63.47  62.76  62.8  18609400  62.8
2012-09-20  63.17  63.28  61.75  62.88  13921400  62.88
2012-09-19  63.55  63.95  63.03  63.59  10002100  63.59
2012-09-18  63.13  63.85  63.02  63.59  8571000  63.59
2012-09-17  63.54  63.55  62.95  63.32  10085900  63.32
2012-09-14  62.7  63.78  62.6  63.39  15970700  63.39
2012-09-13  61.15  62.78  61.07  62.39  13965900  62.39
2012-09-12  60.87  61.2  60.55  61.01  8675400  61.01
2012-09-11  59.9  60.73  59.89  60.43  9352200  60.43
2012-09-10  60.57  61.24  59.74  59.89  12110300  59.89
2012-09-07  61.07  61.52  60.46  60.51  11786200  60.51
2012-09-06  59.89  61.23  59.79  61.18  11152700  61.18
2012-09-05  59.31  59.49  58.9  59.29  7637100  59.29
2012-09-04  59.55  59.74  58.79  59.17  9460200  59.17
2012-08-31  59.93  60.03  59.14  59.8  9017800  59.8
2012-08-30  59.98  60.3  59.42  59.55  7724400  59.55
2012-08-29  60.31  60.78  60.12  60.44  7550600  60.44
2012-08-28  60.54  60.87  60.2  60.34  7113600  60.34
2012-08-27  60.86  60.92  60.36  60.69  5579600  60.69
2012-08-24  60.31  60.93  60.09  60.75  6402100  60.75
2012-08-23  60.37  60.65  60.09  60.37  5463600  60.37
2012-08-22  60.48  60.79  59.99  60.5  7209900  60.5
2012-08-21  61.11  61.59  59.93  60.41  12461300  60.41
2012-08-20  61.4  61.59  60.67  61.11  7624000  61.11
2012-08-17  61.21  61.64  60.87  61.59  13204000  61.59
2012-08-16  61.01  61.3  60.82  60.88  9448300  60.88
2012-08-15  60.54  61.1  60.25  60.84  7968200  60.84
2012-08-14  60.73  61.39  60.49  60.71  10231100  60.71
2012-08-13  59.97  60.52  59.79  60.43  10550300  60.43
2012-08-10  60.05  60.38  59.71  60.31  5528500  60.31
2012-08-09  59.87  60.33  59.62  60.33  7022400  60.33
2012-08-08  59.59  59.89  59.33  59.79  6544000  59.79
2012-08-07  58.71  59.75  58.62  59.69  10143300  59.69
2012-08-06  58.78  58.87  58.39  58.51  7178400  58.51
2012-08-03  58.31  58.73  57.72  58.62  9843000  58.62
2012-08-02  57.15  58.09  56.59  57.29  9858200  57.29
2012-08-01  58.47  58.55  57.47  57.92  8362600  57.92
2012-07-31  57.59  58.57  57.55  58.07  12198300  58.07
2012-07-30  57.64  58.25  57.38  57.56  7936700  57.56
2012-07-27  57.23  57.92  56.74  57.74  12054200  57.74
2012-07-26  56.47  57.18  56.18  56.64  10885800  56.64
2012-07-25  55.17  56.16  54.88  55.74  10990200  55.74
2012-07-24  55.88  55.94  54.78  55.26  8767200  55.26
2012-07-23  55.01  56.11  54.56  55.78  11996000  55.78
2012-07-20  56.63  57.02  56.08  56.13  12627500  56.13
2012-07-19  57.27  57.31  55.95  56.87  26039100  56.87
2012-07-18  53.09  55.11  53.08  54.54  21808000  54.54
2012-07-17  53.13  53.84  51.66  52.99  15934200  52.99
2012-07-16  53.78  53.84  52.51  52.9  11611400  52.9
2012-07-13  52.2  53.7  52.18  53.5  10125400  53.5
2012-07-12  52.39  52.92  51.68  52.28  11685300  52.28
2012-07-11  53.49  53.67  52.18  52.91  14663200  52.91
2012-07-10  53.99  54.35  53.32  53.68  10072300  53.68
2012-07-09  53.9  54.49  53.45  53.83  7805700  53.83
2012-07-06  54.36  54.72  53.35  53.82  8514400  53.82
2012-07-05  54.75  55.15  54.26  54.73  10344500  54.73
2012-07-03  54.41  55.01  54.24  54.74  7578700  54.74
2012-07-02  54.15  54.35  53.39  54.17  9894500  54.17
2012-06-29  54.21  54.44  53.0  54.18  13548300  54.18
2012-06-28  53.11  53.72  52.32  52.84  13326100  52.84
2012-06-27  52.45  53.95  52.39  53.43  11946400  53.43
2012-06-26  52.32  53.02  51.97  52.47  14081800  52.47
2012-06-25  53.65  53.88  52.01  52.12  18901100  52.12
2012-06-22  53.78  54.43  53.65  54.14  13144700  54.14
2012-06-21  55.64  55.81  53.56  53.65  15252300  53.65
2012-06-20  55.64  56.12  55.13  55.46  13417100  55.46
2012-06-19  55.24  55.77  55.14  55.48  10031500  55.48
2012-06-18  54.61  55.76  54.3  55.24  12788200  55.24
2012-06-15  54.87  55.62  54.12  54.98  30969900  54.98
2012-06-14  57.3  57.3  54.5  55.26  27236900  55.26
2012-06-13  57.75  58.08  57.09  57.35  7527900  57.35
2012-06-12  56.39  57.85  56.05  57.8  14961900  57.8
2012-06-11  57.38  57.69  56.11  56.23  12484000  56.23
2012-06-08  56.37  57.34  55.99  57.18  8861500  57.18
2012-06-07  57.55  57.9  56.27  56.44  9156700  56.44
2012-06-06  55.86  56.99  55.71  56.83  12956000  56.83
2012-06-05  54.04  55.76  53.96  55.64  11730700  55.64
2012-06-04  53.64  54.42  53.44  54.35  12294600  54.35
2012-06-01  54.47  54.9  53.38  53.64  17494600  53.64
2012-05-31  55.75  56.16  54.79  55.77  13411000  55.77
2012-05-30  55.94  56.44  55.34  55.9  11060800  55.9
2012-05-29  56.1  56.92  55.81  56.57  10972600  56.57
2012-05-25  55.42  55.94  55.23  55.54  8024300  55.54
2012-05-24  56.59  56.85  54.89  55.37  13447300  55.37
2012-05-23  55.71  56.6  55.31  56.33  15300000  56.33
2012-05-22  55.63  56.49  55.57  56.13  16014200  56.13
2012-05-21  54.11  55.79  54.11  55.44  20321700  55.44
2012-05-18  55.67  56.49  53.99  54.24  20135200  54.24
2012-05-17  57.41  57.51  54.79  55.38  24028100  55.38
2012-05-16  59.74  60.0  57.23  57.27  21045600  57.27
2012-05-15  59.64  60.56  59.37  59.53  10579300  59.53
2012-05-14  59.27  60.2  59.08  59.55  7552900  59.55
2012-05-11  60.12  61.1  59.66  59.94  9305500  59.94
2012-05-10  60.65  60.85  60.29  60.54  8300000  60.54
2012-05-09  60.02  60.94  59.89  60.08  12259900  60.08
2012-05-08  59.81  60.86  58.97  60.72  14090600  60.72
2012-05-07  59.37  60.37  59.34  59.99  8798200  59.99
2012-05-04  61.07  61.1  59.47  59.98  14060800  59.98
2012-05-03  62.47  62.7  61.48  61.57  8055800  61.57
2012-05-02  61.24  62.3  60.81  62.24  10374400  62.24
2012-05-01  61.83  62.62  61.42  61.66  10756200  61.66
2012-04-30  61.99  62.13  61.42  61.84  8570800  61.84
2012-04-27  62.36  62.48  61.93  62.18  7323100  62.18
2012-04-26  61.35  62.0  61.14  61.92  11419800  61.92
2012-04-25  61.07  61.53  60.71  61.29  16700900  61.29
2012-04-24  59.59  60.52  59.36  59.94  15974500  59.94
2012-04-23  59.9  60.12  59.46  59.65  14149300  59.65
2012-04-20  60.88  61.34  60.28  60.31  23033000  60.31
2012-04-19  61.49  62.83  60.32  60.61  41688100  60.61
2012-04-18  65.36  65.4  64.47  64.91  21913700  64.91
2012-04-17  64.69  65.77  64.36  65.14  14001700  65.14
2012-04-16  65.25  65.4  63.49  64.19  16189600  64.19
2012-04-13  65.89  66.01  64.52  64.6  15743500  64.6
2012-04-12  64.45  66.43  64.25  66.2  15714300  66.2
2012-04-11  64.84  65.4  64.04  64.16  11825700  64.16
2012-04-10  64.61  65.01  64.01  64.16  17300900  64.16
2012-04-09  64.06  65.66  63.54  64.43  9976300  64.43
2012-04-05  65.22  65.5  64.98  65.1  15585300  65.1
2012-04-04  65.24  65.6  64.76  65.29  10898900  65.29
2012-04-03  66.28  66.63  65.62  66.01  10812400  66.01
2012-04-02  66.13  66.69  65.41  66.2  10440400  66.2
2012-03-30  66.12  66.15  65.65  65.94  8117900  65.94
2012-03-29  65.77  65.88  65.21  65.82  8426900  65.82
2012-03-28  66.06  66.54  65.24  66.0  10022800  66.0
2012-03-27  66.46  66.73  66.21  66.36  10089300  66.36
2012-03-26  65.25  66.58  65.21  66.46  17106600  66.46
2012-03-23  64.44  64.67  63.65  64.61  9777200  64.61
2012-03-22  64.17  64.35  63.9  64.23  7652100  64.23
2012-03-21  64.77  64.82  63.85  64.36  13452600  64.36
2012-03-20  64.36  64.74  64.26  64.67  11400500  64.67
2012-03-19  63.79  64.91  63.5  64.67  14613100  64.67
2012-03-16  63.15  63.58  63.06  63.38  17787900  63.38
2012-03-15  63.25  63.45  62.86  63.18  10019900  63.18
2012-03-14  62.8  63.53  62.69  63.09  15126300  63.09
2012-03-13  62.16  62.87  62.15  62.83  11908300  62.83
2012-03-12  61.96  62.19  61.48  61.86  7606300  61.86
2012-03-09  61.61  62.28  61.46  61.94  12233300  61.94
2012-03-08  61.03  61.66  60.91  61.35  10566200  61.35
2012-03-07  59.89  60.99  59.58  60.77  12337300  60.77
2012-03-06  59.85  60.51  59.04  59.65  14198800  59.65
2012-03-05  60.3  60.38  59.6  60.18  9243000  60.18
2012-03-02  60.73  60.79  60.23  60.49  6715500  60.49
2012-03-01  60.27  60.93  60.21  60.66  9941100  60.66
2012-02-29  60.72  61.02  60.08  60.25  13508600  60.25
2012-02-28  61.22  61.26  60.34  60.52  12045600  60.52
2012-02-27  60.73  61.42  60.59  61.13  9785200  61.13
2012-02-24  61.61  61.62  61.19  61.26  7904800  61.26
2012-02-23  60.39  61.46  60.17  61.32  12639300  61.32
2012-02-22  60.5  60.78  60.29  60.4  7782600  60.4
2012-02-21  60.5  60.76  60.2  60.62  8631500  60.62
2012-02-17  60.12  60.55  59.87  60.37  14729200  60.37
2012-02-16  59.67  60.26  59.44  60.13  12328800  60.13
2012-02-15  59.68  59.86  59.25  59.46  10839600  59.46
2012-02-14  59.41  59.59  59.0  59.59  8913400  59.59
2012-02-13  59.85  59.85  59.09  59.61  9318000  59.61
2012-02-10  59.31  59.67  59.13  59.6  10376500  59.6
2012-02-09  59.47  59.86  59.28  59.81  13895400  59.81
2012-02-08  59.3  59.54  58.84  59.35  11454900  59.35
2012-02-07  58.72  59.5  58.45  59.43  12395300  59.43
2012-02-06  58.73  59.02  58.46  58.97  11060800  58.97
2012-02-03  58.89  59.22  58.53  58.96  17428700  58.96
2012-02-02  58.93  59.82  58.51  58.64  34830000  58.64
2012-02-01  57.43  57.69  56.77  57.51  27741800  57.51
2012-01-31  56.93  57.31  56.59  56.8  13551300  56.8
2012-01-30  55.27  56.62  55.07  56.61  13061700  56.61
2012-01-27  55.57  56.15  55.56  55.8  10295900  55.8
2012-01-26  57.09  57.31  55.56  55.82  20419500  55.82
2012-01-25  57.09  57.45  56.52  56.96  21441100  56.96
2012-01-24  55.77  56.66  55.59  56.66  11490300  56.66
2012-01-23  55.95  56.7  55.87  56.15  13223800  56.15
2012-01-20  56.02  56.1  55.49  55.74  16538600  55.74
2012-01-19  55.72  56.23  55.49  56.0  13298900  56.0
2012-01-18  55.16  55.92  55.0  55.61  13313700  55.61
2012-01-17  54.97  55.75  54.76  55.17  12411500  55.17
2012-01-13  54.01  54.77  53.99  54.59  10517600  54.59
2012-01-12  53.69  54.56  53.57  54.39  11387500  54.39
2012-01-11  53.84  54.11  53.64  53.71  7140200  53.71
2012-01-10  54.61  54.65  53.8  53.83  11673300  53.83
2012-01-09  54.21  54.42  53.53  53.99  12663500  53.99
2012-01-06  53.99  54.46  53.94  54.23  8040100  54.23
2012-01-05  53.95  54.27  53.39  54.13  11518500  54.13
2012-01-04  53.32  54.27  52.68  53.91  17589100  53.91
2012-01-03  53.96  54.06  52.79  53.37  11238300  53.37
2011-12-30  52.8  53.1  52.78  52.82  4839700  52.82
2011-12-29  52.58  53.05  52.55  52.96  5869300  52.96
2011-12-28  52.91  53.06  52.22  52.47  7060400  52.47
2011-12-27  52.43  53.1  52.15  52.98  6505300  52.98
2011-12-23  52.72  52.86  52.09  52.75  5670400  52.75
2011-12-22  51.65  52.65  51.62  52.51  8842100  52.51
2011-12-21  52.33  52.53  50.98  51.65  9900600  51.65
2011-12-20  51.05  52.47  50.98  52.25  14330300  52.25
2011-12-19  51.17  51.24  49.98  50.13  11687300  50.13
2011-12-16  51.08  51.98  50.62  50.8  19842900  50.8
2011-12-15  51.9  51.92  50.39  50.74  11703900  50.74
2011-12-14  52.31  52.44  50.87  51.27  12866900  51.27
2011-12-13  53.48  53.81  51.93  52.32  13936000  52.32
2011-12-12  52.53  52.97  52.14  52.89  9916800  52.89
2011-12-09  52.13  53.49  51.9  53.28  11624600  53.28
2011-12-08  52.19  53.1  52.03  52.21  15566800  52.21
2011-12-07  52.66  52.86  51.71  52.58  13303600  52.58
2011-12-06  52.73  53.26  52.19  52.94  10991200  52.94
2011-12-05  53.27  53.28  51.84  52.61  14662200  52.61
2011-12-02  53.49  53.78  52.42  52.47  12762900  52.47
2011-12-01  52.82  53.2  52.49  52.85  9834300  52.85
2011-11-30  52.91  53.22  52.21  52.91  18229000  52.91
2011-11-29  52.13  52.7  51.03  51.28  13534500  51.28
2011-11-28  51.58  52.18  51.36  52.08  12526700  52.08
2011-11-25  49.9  51.17  49.9  50.07  8318700  50.07
2011-11-23  51.58  51.64  49.82  50.24  24129500  50.24
2011-11-22  52.08  53.12  52.07  52.6  13234300  52.6
2011-11-21  52.52  52.88  51.95  52.4  15544300  52.4
2011-11-18  54.4  54.41  53.33  53.55  14375500  53.55
2011-11-17  54.48  54.99  53.3  54.23  19433700  54.23
2011-11-16  54.56  55.76  54.16  54.71  15504500  54.71
2011-11-15  54.61  55.55  54.33  55.21  13231100  55.21
2011-11-14  54.41  55.3  54.29  54.92  16660300  54.92
2011-11-11  53.79  54.82  53.54  54.46  12743100  54.46
2011-11-10  53.99  54.07  52.56  53.1  11669600  53.1
2011-11-09  53.56  54.35  52.86  53.3  15984600  53.3
2011-11-08  54.96  55.1  54.11  54.85  12956900  54.85
2011-11-07  53.67  54.82  53.67  54.75  14850000  54.75
2011-11-04  53.03  54.5  53.0  54.34  21851700  54.34
2011-11-03  54.13  54.79  52.67  53.97  44713900  53.97
2011-11-02  49.15  50.32  49.12  50.19  26875200  50.19
2011-11-01  48.02  48.88  47.88  48.23  22660500  48.23
2011-10-31  50.67  51.08  49.63  49.63  21419300  49.63
2011-10-28  51.37  51.46  50.7  51.2  11445300  51.2
2011-10-27  51.07  51.94  50.5  51.48  17147900  51.48
2011-10-26  50.8  50.81  48.85  49.63  20141700  49.63
2011-10-25  51.37  51.65  50.2  50.32  12847600  50.32
2011-10-24  50.4  51.74  50.36  51.56  11234700  51.56
2011-10-21  50.75  50.83  49.52  50.04  18194900  50.04
2011-10-20  50.8  51.23  49.75  50.03  17086100  50.03
2011-10-19  51.74  52.35  50.36  50.59  15090300  50.59
2011-10-18  51.56  52.86  51.06  52.48  13141700  52.48
2011-10-17  52.61  52.8  51.3  51.59  10745800  51.59
2011-10-14  51.99  52.93  51.78  52.88  16257800  52.88
2011-10-13  49.96  51.38  49.92  51.28  12541000  51.28
2011-10-12  50.3  50.92  50.03  50.05  11140800  50.05
2011-10-11  50.04  50.12  49.55  49.68  10261400  49.68
2011-10-10  49.06  50.15  48.66  50.1  11462600  50.1
2011-10-07  48.99  49.05  47.74  48.31  14967900  48.31
2011-10-06  48.65  49.02  48.09  48.93  14772800  48.93
2011-10-05  47.73  48.96  47.45  48.83  18589300  48.83
2011-10-04  45.26  47.67  44.63  47.54  26093400  47.54
2011-10-03  46.37  47.47  45.57  45.83  27986500  45.83
2011-09-30  47.57  48.38  46.77  46.77  18776200  46.77
2011-09-29  49.92  50.23  46.95  48.22  17633700  48.22
2011-09-28  50.11  50.51  49.02  49.11  11527300  49.11
2011-09-27  49.58  50.76  48.81  49.8  16746200  49.8
2011-09-26  48.47  48.95  47.36  48.65  20218700  48.65
2011-09-23  47.87  48.76  47.37  48.37  18270000  48.37
2011-09-22  48.08  49.3  47.09  48.12  24362400  48.12
2011-09-21  50.86  51.64  49.68  49.69  15156800  49.69
2011-09-20  51.86  52.22  51.01  51.08  14759300  51.08
2011-09-19  51.03  51.85  50.41  51.62  12067400  51.62
2011-09-16  51.74  51.88  51.09  51.81  19353600  51.81
2011-09-15  51.69  51.86  50.45  51.58  16107300  51.58
2011-09-14  50.6  51.7  49.91  51.05  15498700  51.05
2011-09-13  49.51  50.51  49.44  50.32  18400800  50.32
2011-09-12  47.72  49.47  47.72  49.43  16409200  49.43
2011-09-09  49.12  49.32  47.9  48.48  19825100  48.48
2011-09-08  49.6  51.24  49.33  49.58  18431400  49.58
2011-09-07  48.42  49.72  48.35  49.72  18934900  49.72
2011-09-06  46.55  47.67  45.78  47.56  14432600  47.56
2011-09-02  48.07  48.52  47.37  47.78  14692800  47.78
2011-09-01  49.94  50.85  49.07  49.11  13690400  49.11
2011-08-31  49.87  50.17  48.96  49.5  15897300  49.5
2011-08-30  48.63  49.73  48.26  49.29  15801300  49.29
2011-08-29  47.76  49.12  47.56  48.98  14572200  48.98
2011-08-26  45.19  47.71  44.52  47.07  20783600  47.07
2011-08-25  46.32  46.69  45.0  45.16  13935000  45.16
2011-08-24  46.38  46.48  45.09  46.1  15209800  46.1
2011-08-23  44.75  46.02  44.59  46.02  15315600  46.02
2011-08-22  45.67  45.78  44.03  44.43  15673200  44.43
2011-08-19  45.22  46.12  44.46  44.54  24555800  44.54
2011-08-18  46.95  47.06  45.35  45.91  23793700  45.91
2011-08-17  48.81  49.26  47.84  48.84  14115400  48.84
2011-08-16  48.34  49.27  47.84  48.9  17782900  48.9
2011-08-15  48.59  49.22  48.07  49.08  13058700  49.08
2011-08-12  47.79  49.07  47.1  48.36  19422000  48.36
2011-08-11  45.71  47.92  45.53  47.45  25079800  47.45
2011-08-10  46.34  46.94  45.13  45.25  32161800  45.25
2011-08-09  45.85  47.77  44.72  47.77  32115100  47.77
2011-08-08  47.17  47.87  44.89  45.28  33418800  45.28
2011-08-05  49.61  49.77  46.89  48.85  28090800  48.85
2011-08-04  50.6  50.83  49.02  49.07  19556100  49.07
2011-08-03  50.96  51.53  50.46  51.45  15274300  51.45
2011-08-02  51.35  51.73  50.7  50.76  16681900  50.76
2011-08-01  52.99  53.08  51.14  51.82  16892000  51.82
2011-07-29  52.08  53.01  51.76  52.45  15256200  52.45
2011-07-28  52.39  53.25  52.15  52.66  11737400  52.66
2011-07-27  53.62  53.76  52.08  52.27  15638100  52.27
2011-07-26  54.44  54.57  53.91  54.14  10082700  54.14
2011-07-25  54.51  55.07  54.26  54.4  11346900  54.4
2011-07-22  54.73  55.26  54.35  55.02  13586300  55.02
2011-07-21  53.62  54.82  53.5  54.52  24125900  54.52
2011-07-20  56.2  56.88  54.68  54.87  27542500  54.87
2011-07-19  53.61  54.81  53.5  54.56  15014500  54.56
2011-07-18  52.54  52.96  52.21  52.93  16182500  52.93
2011-07-15  52.72  53.15  52.32  52.63  17684400  52.63
2011-07-14  53.72  54.05  51.99  52.59  19155100  52.59
2011-07-13  54.63  54.67  53.63  53.71  18093300  53.71
2011-07-12  55.79  56.1  53.82  54.12  23141300  54.12
2011-07-11  56.24  56.43  55.31  55.77  12988300  55.77
2011-07-08  56.29  56.85  55.61  56.84  12385600  56.84
2011-07-07  56.4  56.95  56.36  56.74  12644800  56.74
2011-07-06  55.42  56.26  55.42  56.21  11176800  56.21
2011-07-05  55.3  55.78  55.07  55.67  10848700  55.67
2011-07-01  54.38  55.52  54.04  55.42  12142000  55.42
2011-06-30  53.3  54.44  53.15  54.38  12463000  54.38
2011-06-29  53.24  53.56  52.91  53.08  11919400  53.08
2011-06-28  52.51  53.31  52.39  53.1  9556000  53.1
2011-06-27  51.79  52.77  51.37  52.43  9797900  52.43
2011-06-24  52.45  52.63  51.79  51.89  9494400  51.89
2011-06-23  50.87  52.65  50.81  52.63  15571600  52.63
2011-06-22  51.84  52.1  51.39  51.7  9110300  51.7
2011-06-21  51.38  52.66  50.89  52.12  12010100  52.12
2011-06-20  50.3  51.26  49.92  51.21  14746000  51.21
2011-06-17  51.63  51.99  50.36  50.45  25241200  50.45
2011-06-16  51.82  51.91  50.19  50.74  19464800  50.74
2011-06-15  52.88  53.2  51.51  51.8  16790500  51.8
2011-06-14  52.54  53.5  52.43  53.22  12006100  53.22
2011-06-13  52.09  52.56  51.94  52.09  10670800  52.09
2011-06-10  53.33  53.37  52.05  52.28  14544000  52.28
2011-06-09  53.75  54.07  53.32  53.5  9161600  53.5
2011-06-08  53.85  54.12  53.16  53.91  12158000  53.91
2011-06-07  54.22  54.66  54.07  54.11  10225200  54.11
2011-06-06  54.48  55.05  54.02  54.08  10121500  54.08
2011-06-03  54.7  55.69  54.53  54.62  12474800  54.62
2011-06-02  54.91  55.84  54.91  55.35  12697400  55.35
2011-06-01  55.95  56.44  54.56  54.72  14968700  54.72
2011-05-31  55.49  56.1  55.21  56.1  15104300  56.1
2011-05-27  54.91  55.35  54.64  54.92  7678400  54.92
2011-05-26  54.33  55.1  54.14  54.74  12897000  54.74
2011-05-25  54.57  54.98  53.94  54.57  10928000  54.57
2011-05-24  53.9  54.38  53.37  53.71  10251800  53.71
2011-05-23  53.88  54.09  53.34  53.78  12499600  53.78
2011-05-20  54.58  55.08  54.4  54.73  15272900  54.73
2011-05-19  54.01  55.01  54.01  54.66  11938100  54.66
2011-05-18  53.64  54.16  53.2  53.85  12429000  53.85
2011-05-17  53.78  53.88  53.09  53.75  13989800  53.75
2011-05-16  54.55  55.1  53.88  54.09  13330200  54.09
2011-05-13  54.7  55.17  54.16  54.49  11209100  54.49
2011-05-12  53.67  55.0  53.56  54.7  10900000  54.7
2011-05-11  54.2  55.06  53.6  53.98  11009200  53.98
2011-05-10  54.32  54.47  53.75  54.29  9149700  54.29
2011-05-09  54.14  54.3  53.41  54.05  8056600  54.05
2011-05-06  54.13  54.89  53.73  53.96  10727500  53.96
2011-05-05  53.07  54.2  53.02  53.54  11000000  53.54
2011-05-04  53.72  54.38  52.86  53.49  12761100  53.49
2011-05-03  54.67  54.89  53.38  53.89  11700000  53.89
2011-05-02  54.79  55.23  54.35  54.6  12022000  54.6
2011-04-29  54.93  55.32  54.22  54.46  32037700  54.46
2011-04-28  55.09  55.32  54.51  54.92  12300000  54.92
2011-04-27  55.17  55.77  54.47  55.5  15949400  55.5
2011-04-26  54.48  54.86  54.3  54.58  12100000  54.58
2011-04-25  53.77  54.54  53.62  54.2  9934800  54.2
2011-04-21  54.61  54.96  53.95  54.31  23134900  54.31
2011-04-20  52.18  52.84  51.99  52.72  19894600  52.72
2011-04-19  50.84  51.22  50.44  50.96  12006400  50.96
2011-04-18  49.79  50.87  49.64  50.83  14744200  50.83
2011-04-15  50.4  51.0  49.71  50.69  17165100  50.69
2011-04-14  49.59  50.41  49.07  50.17  11655600  50.17
2011-04-13  50.42  50.49  49.61  50.25  9503100  50.25
2011-04-12  50.36  50.53  49.34  49.84  11995000  49.84
2011-04-11  51.39  51.96  50.88  50.94  11699300  50.94
2011-04-08  51.51  51.85  50.86  51.16  10353400  51.16
2011-04-07  50.9  51.82  50.61  50.78  12491700  50.78
2011-04-06  50.66  51.4  50.55  51.07  13380900  51.07
2011-04-05  50.58  51.17  49.99  50.16  13516700  50.16
2011-04-04  52.02  52.19  50.06  50.66  18238600  50.66
2011-04-01  52.53  52.65  51.75  51.96  12306100  51.96
2011-03-31  52.04  52.41  51.83  52.3  13222200  52.3
2011-03-30  51.87  52.1  51.32  52.0  11044700  52.0
2011-03-29  50.02  51.59  49.94  51.42  14946800  51.42
2011-03-28  50.5  50.82  49.69  49.77  10237600  49.77
2011-03-25  51.35  51.5  50.29  50.32  13574400  50.32
2011-03-24  50.18  51.29  49.67  51.24  14733200  51.24
2011-03-23  50.05  50.15  49.31  50.03  12067700  50.03
2011-03-22  51.11  51.28  49.94  50.07  13843400  50.07
2011-03-21  50.79  51.62  50.59  51.16  17208200  51.16
2011-03-18  50.4  50.71  48.42  49.33  33360000  49.33
2011-03-17  50.2  51.01  49.6  49.91  24685600  49.91
2011-03-16  50.08  50.38  48.07  48.17  31062900  48.17
2011-03-15  48.79  50.83  47.79  50.56  35441300  50.56
2011-03-14  50.52  51.12  50.31  51.01  18606600  51.01
2011-03-11  51.23  51.59  50.93  51.14  18941000  51.14
2011-03-10  51.9  52.44  51.36  51.55  22114400  51.55
2011-03-09  54.22  54.22  52.37  52.46  24466200  52.46
2011-03-08  54.1  54.83  52.98  54.51  22049900  54.51
2011-03-07  55.79  55.88  54.2  54.92  13540500  54.92
2011-03-04  56.08  56.17  54.95  55.47  11720000  55.47
2011-03-03  55.04  56.26  55.01  56.13  13214700  56.13
2011-03-02  55.21  55.5  54.35  54.47  16651100  54.47
2011-03-01  57.08  57.08  55.13  55.36  16764200  55.36
2011-02-28  56.27  57.04  56.19  56.83  13613700  56.83
2011-02-25  55.44  56.47  55.23  56.3  11344000  56.3
2011-02-24  54.65  55.43  54.37  55.13  15159100  55.13
2011-02-23  55.23  55.71  53.91  54.38  16344700  54.38
2011-02-22  55.67  56.08  55.04  55.37  19936700  55.37
2011-02-18  56.14  56.51  55.78  56.28  17282600  56.28
2011-02-17  55.44  56.11  55.34  56.1  11068600  56.1
2011-02-16  55.99  56.08  55.38  55.66  11659200  55.66
2011-02-15  55.15  56.05  55.07  55.75  16375300  55.75
2011-02-14  54.9  55.91  54.78  55.31  17488200  55.31
2011-02-11  53.96  54.81  53.89  54.76  12165500  54.76
2011-02-10  53.4  54.37  53.13  54.19  16392900  54.19
2011-02-09  53.19  53.59  53.0  53.44  12581500  53.44
2011-02-08  52.76  53.34  52.63  53.34  13862700  53.34
2011-02-07  52.4  52.88  52.13  52.36  11605200  52.36
2011-02-04  52.33  52.65  51.82  52.51  12603100  52.51
2011-02-03  51.34  52.52  51.16  52.27  17150900  52.27
2011-02-02  52.07  52.2  51.23  51.33  17626200  51.33
2011-02-01  51.63  52.55  51.45  52.37  17000000  52.37
2011-01-31  51.2  51.79  50.46  51.47  16182100  51.47
2011-01-28  51.43  51.99  50.76  51.09  22935600  51.09
2011-01-27  51.53  52.3  51.13  52.2  50785700  52.2
2011-01-26  48.91  49.51  48.49  49.31  23536600  49.31
2011-01-25  48.89  49.03  48.12  48.98  15922200  48.98
2011-01-24  48.61  48.97  48.34  48.96  11508500  48.96
2011-01-21  49.01  49.44  48.58  48.72  18452800  48.72
2011-01-20  49.59  49.67  48.73  48.8  14213700  48.8
2011-01-19  50.11  50.48  49.33  49.57  11567000  49.57
2011-01-18  49.79  50.45  49.72  50.42  14715100  50.42
2011-01-14  49.38  49.57  48.9  49.48  11536900  49.48
2011-01-13  49.71  49.87  48.98  49.32  12550700  49.32
2011-01-12  49.67  49.76  49.05  49.76  10673200  49.76
2011-01-11  49.03  49.86  49.03  49.51  10288000  49.51
2011-01-10  48.91  49.63  48.91  49.15  17421100  49.15
2011-01-07  50.21  50.29  48.87  49.18  12865500  49.18
2011-01-06  49.55  50.42  49.48  50.08  17894300  50.08
2011-01-05  49.01  49.82  48.73  49.47  25904400  49.47
2011-01-04  47.92  48.55  47.15  48.46  24330000  48.46
2011-01-03  47.43  48.3  47.4  47.71  15167700  47.71
2010-12-31  47.19  47.37  46.58  47.05  6304700  47.05
2010-12-30  47.54  47.74  47.18  47.28  5090200  47.28
2010-12-29  47.51  47.83  47.41  47.53  7771700  47.53
2010-12-28  47.32  47.51  47.13  47.41  7138200  47.41
2010-12-27  46.97  47.35  46.57  47.17  5871100  47.17
2010-12-23  47.42  47.51  46.86  47.01  8194300  47.01
2010-12-22  47.35  47.54  47.18  47.53  6859600  47.53
2010-12-21  47.25  47.54  47.14  47.53  9271500  47.53
2010-12-20  47.28  47.38  46.73  47.01  11902200  47.01
2010-12-17  47.21  47.28  46.84  47.03  21421200  47.03
2010-12-16  46.73  47.31  46.46  47.21  12338900  47.21
2010-12-15  46.93  47.13  46.41  46.67  10329900  46.67
2010-12-14  46.87  47.06  46.43  46.76  10036300  46.76
2010-12-13  47.08  47.31  46.68  46.7  11988400  46.7
2010-12-10  46.58  47.06  46.49  47.04  11851800  47.04
2010-12-09  46.73  46.86  46.31  46.66  8862300  46.66
2010-12-08  46.18  46.48  45.89  46.47  8634400  46.47
2010-12-07  46.34  46.59  46.06  46.08  14015800  46.08
2010-12-06  46.16  46.29  45.72  45.94  10488700  45.94
2010-12-03  46.02  46.53  45.87  46.42  12608700  46.42
2010-12-02  45.67  46.25  45.53  46.1  11108300  46.1
2010-12-01  44.99  45.87  44.97  45.53  14431100  45.53
2010-11-30  44.23  44.83  44.18  44.52  18176000  44.52
2010-11-29  45.13  45.3  44.46  44.95  12906500  44.95
2010-11-26  45.43  45.58  45.21  45.35  4296600  45.35
2010-11-24  45.07  45.82  44.82  45.7  11961200  45.7
2010-11-23  44.9  45.04  44.43  44.78  17892100  44.78
2010-11-22  45.46  45.76  44.68  45.28  13112100  45.28
2010-11-19  45.1  45.51  44.9  45.42  15850900  45.42
2010-11-18  45.86  46.27  45.17  45.19  20716700  45.19
2010-11-17  44.1  45.81  44.04  45.44  25860200  45.44
2010-11-16  43.97  44.21  43.64  43.92  18386800  43.92
2010-11-15  45.09  45.29  44.38  44.39  11573600  44.39
2010-11-12  45.08  45.2  44.21  44.95  20070400  44.95
2010-11-11  44.49  45.47  44.4  45.38  13923000  45.38
2010-11-10  45.45  45.45  44.74  45.15  12413500  45.15
2010-11-09  45.32  45.68  44.88  45.38  17430300  45.38
2010-11-08  45.48  45.77  45.06  45.27  18567300  45.27
2010-11-05  45.33  45.8  44.89  45.77  20629500  45.77
2010-11-04  46.04  46.83  45.51  45.78  58099900  45.78
2010-11-03  42.82  43.34  42.26  43.27  27224200  43.27
2010-11-02  43.33  43.51  42.84  42.98  12590900  42.98
2010-11-01  43.11  43.56  42.75  42.93  11199500  42.93
2010-10-29  42.19  43.22  42.19  42.77  16651700  42.77
2010-10-28  42.48  42.53  42.06  42.07  11982900  42.07
2010-10-27  41.17  42.15  41.14  42.12  11449300  42.12
2010-10-26  41.65  41.66  40.92  41.61  15805500  41.61
2010-10-25  42.0  42.14  41.86  41.98  10215900  41.98
2010-10-22  41.53  41.93  41.3  41.84  12473200  41.84
2010-10-21  42.09  42.15  40.2  41.65  24931600  41.65
2010-10-20  41.92  42.52  41.92  42.03  11523700  42.03
2010-10-19  41.91  42.21  41.2  41.88  15934400  41.88
2010-10-18  42.4  42.42  41.79  42.13  12225400  42.13
2010-10-15  43.01  43.1  42.14  42.42  18075400  42.42
2010-10-14  42.63  42.94  42.43  42.65  11317500  42.65
2010-10-13  42.59  43.1  42.37  42.92  13543300  42.92
2010-10-12  41.84  42.62  41.45  42.42  13712800  42.42
2010-10-11  42.3  42.33  41.61  41.84  10971300  41.84
2010-10-08  42.12  42.53  41.72  42.39  12349900  42.39
2010-10-07  42.53  42.58  41.8  42.19  11965000  42.19
2010-10-06  41.86  42.31  41.54  42.28  21696900  42.28
2010-10-05  42.06  42.52  41.74  41.91  18459700  41.91
2010-10-04  42.07  42.07  41.05  41.56  13941400  41.56
2010-10-01  43.09  43.18  41.59  41.91  22457600  41.91
2010-09-30  42.68  43.33  42.4  42.74  35751700  42.74
2010-09-29  41.44  42.15  41.38  41.96  14499000  41.96
2010-09-28  42.32  42.47  41.38  41.73  23000500  41.73
2010-09-27  41.97  42.62  41.8  42.23  14009400  42.23
2010-09-24  41.62  42.59  41.54  42.19  22619300  42.19
2010-09-23  40.68  41.43  40.5  41.34  20206800  41.34
2010-09-22  41.25  41.45  40.44  41.01  16158500  41.01
2010-09-21  40.92  41.54  40.82  41.2  16763100  41.2
2010-09-20  40.32  40.82  40.31  40.73  15241800  40.73
2010-09-17  39.89  40.49  39.72  40.28  31733900  40.28
2010-09-16  39.59  40.06  39.45  39.75  16596100  39.75
2010-09-15  38.93  39.98  38.84  39.76  18992800  39.76
2010-09-14  38.68  39.19  38.43  38.93  12885900  38.93
2010-09-13  38.77  39.17  38.58  38.83  16787200  38.83
2010-09-10  38.85  38.87  37.95  38.28  15098000  38.28
2010-09-09  38.98  39.03  38.37  38.73  12190400  38.73
2010-09-08  38.48  38.96  38.48  38.75  14073500  38.75
2010-09-07  37.98  38.66  37.8  38.42  18520500  38.42
2010-09-03  38.15  38.33  37.65  38.24  14187700  38.24
2010-09-02  37.59  37.91  37.36  37.9  12671500  37.9
2010-09-01  36.89  38.02  36.86  37.5  27619100  37.5
2010-08-31  36.16  36.71  35.81  36.27  18049100  36.27
2010-08-30  36.35  36.71  36.26  36.26  11909900  36.26
2010-08-27  36.46  36.79  35.74  36.59  16263700  36.59
2010-08-26  36.62  36.76  35.97  36.25  14506600  36.25
2010-08-25  35.67  36.68  35.65  36.42  18753000  36.42
2010-08-24  36.18  36.25  35.58  35.84  15738700  35.84
2010-08-23  36.93  37.18  36.2  36.32  12942000  36.32
2010-08-20  35.91  36.83  35.8  36.66  19152600  36.66
2010-08-19  36.51  36.6  35.54  35.91  21575900  35.91
2010-08-18  36.85  37.14  36.38  36.79  13506000  36.79
2010-08-17  36.71  37.49  36.68  36.88  22319800  36.88
2010-08-16  35.69  36.65  35.29  36.41  14222100  36.41
2010-08-13  35.81  36.13  35.65  35.76  16372000  35.76
2010-08-12  35.64  36.64  35.62  36.03  19582900  36.03
2010-08-11  36.94  37.17  36.22  37.09  21455400  37.09
2010-08-10  37.22  37.69  36.82  37.48  17159200  37.48
2010-08-09  36.63  37.64  36.59  37.46  18715600  37.46
2010-08-06  36.0  36.73  35.76  36.42  15794700  36.42
2010-08-05  36.01  36.47  35.92  36.28  8991900  36.28
2010-08-04  36.17  36.39  35.81  36.21  9949000  36.21
2010-08-03  36.36  36.56  36.09  36.24  10250000  36.24
2010-08-02  36.11  36.75  35.82  36.52  14618500  36.52
2010-07-30  36.05  36.17  35.58  35.88  22121300  35.88
2010-07-29  37.08  37.14  36.05  36.54  21457700  36.54
2010-07-28  37.08  37.15  36.38  36.52  12468500  36.52
2010-07-27  37.18  37.22  36.88  36.96  12596900  36.96
2010-07-26  36.49  37.02  36.49  36.98  13197900  36.98
2010-07-23  36.77  37.37  36.54  36.82  31483800  36.82
2010-07-22  36.12  37.24  36.09  36.85  56097800  36.85
2010-07-21  34.73  34.86  33.74  34.07  22929300  34.07
2010-07-20  34.0  34.66  33.68  34.63  17065100  34.63
2010-07-19  34.17  34.94  34.11  34.65  19903100  34.65
2010-07-16  34.83  35.07  33.67  33.88  24808900  33.88
2010-07-15  34.85  34.98  34.28  34.75  18840400  34.75
2010-07-14  34.15  34.95  33.9  34.77  31169000  34.77
2010-07-13  33.46  33.9  33.3  33.87  21447600  33.87
2010-07-12  32.73  33.29  32.51  33.07  23745400  33.07
2010-07-09  32.08  32.17  31.62  31.95  12516300  31.95
2010-07-08  31.84  32.03  31.33  31.97  19367000  31.97
2010-07-07  30.92  31.53  30.56  31.45  16002300  31.45
2010-07-06  30.78  31.4  30.58  30.77  19301000  30.77
2010-07-02  30.03  30.79  29.82  30.5  16296400  30.5
2010-07-01  30.9  30.99  29.81  30.12  31598700  30.12
2010-06-30  31.09  31.7  30.84  30.94  19652800  30.94
2010-06-29  31.83  31.84  30.98  31.23  27848100  31.23
2010-06-28  32.64  32.87  32.05  32.08  13573600  32.08
2010-06-25  32.69  32.88  32.3  32.57  22399500  32.57
2010-06-24  33.19  33.26  32.63  32.78  21380600  32.78
2010-06-23  33.56  33.75  33.24  33.38  15067500  33.38
2010-06-22  33.7  34.26  33.5  33.52  16287900  33.52
2010-06-21  33.78  34.08  33.32  33.58  12371800  33.58
2010-06-18  33.69  33.99  33.52  33.63  25396000  33.63
2010-06-17  33.21  33.71  32.99  33.65  15326600  33.65
2010-06-16  33.36  33.4  32.8  33.06  22472000  33.06
2010-06-15  32.98  33.55  32.97  33.53  13798100  33.53
2010-06-14  33.64  33.81  32.71  32.78  15705300  32.78
2010-06-11  32.55  33.42  32.53  33.32  14716800  33.32
2010-06-10  33.13  33.14  32.35  33.01  30719400  33.01
2010-06-09  33.27  33.34  32.64  32.72  24109300  32.72
2010-06-08  32.83  33.27  32.57  33.23  22531100  33.23
2010-06-07  33.31  33.71  32.95  32.99  18554400  32.99
2010-06-04  33.68  34.13  33.12  33.26  23085900  33.26
2010-06-03  34.15  34.68  33.71  34.36  20295100  34.36
2010-06-02  33.1  33.96  32.7  33.94  21472100  33.94
2010-06-01  33.41  34.0  32.95  33.05  19262600  33.05
2010-05-28  33.37  33.86  33.13  33.51  21246900  33.51
2010-05-27  33.31  33.55  33.08  33.51  23507900  33.51
2010-05-26  33.69  34.02  32.76  32.87  26677500  32.87
2010-05-25  32.71  33.43  32.36  33.38  24935000  33.38
2010-05-24  33.36  33.88  33.21  33.43  16315100  33.43
2010-05-21  32.9  34.01  32.65  33.64  28635800  33.64
2010-05-20  33.51  33.97  33.04  33.36  27571300  33.36
2010-05-19  34.38  34.57  33.9  34.16  18550600  34.16
2010-05-18  34.7  35.11  34.21  34.41  22975400  34.41
2010-05-17  35.11  35.34  34.47  35.03  22359900  35.03
2010-05-14  35.39  35.65  34.59  34.96  19744400  34.96
2010-05-13  35.59  36.25  35.4  35.58  18366800  35.58
2010-05-12  35.62  35.99  35.36  35.77  17607400  35.77
2010-05-11  34.75  35.53  34.73  35.13  17506700  35.13
2010-05-10  35.07  35.44  34.78  35.03  22752400  35.03
2010-05-07  34.15  34.55  33.02  34.21  36415300  34.21
2010-05-06  35.02  35.27  33.33  34.37  28231500  34.37
2010-05-05  34.87  35.51  34.68  35.27  18405100  35.27
2010-05-04  35.87  35.9  34.69  35.24  25189600  35.24
2010-05-03  36.47  36.6  35.91  36.22  19361900  36.22
2010-04-30  36.69  36.82  36.18  36.25  18461000  36.25
2010-04-29  36.52  36.75  36.33  36.53  17668400  36.53
2010-04-28  35.82  36.41  35.61  36.38  27704200  36.38
2010-04-27  35.83  36.4  35.47  35.54  35398400  35.54
2010-04-26  35.87  36.28  35.41  35.72  25646700  35.72
2010-04-23  36.53  36.58  35.43  35.85  64242900  35.85
2010-04-22  37.25  37.82  36.44  36.86  96916600  36.86
2010-04-21  40.62  40.67  39.62  39.96  34304500  39.96
2010-04-20  40.05  40.63  39.82  40.57  14784600  40.57
2010-04-19  39.96  40.29  39.6  40.07  14960500  40.07
2010-04-16  40.0  40.28  39.6  40.06  23840800  40.06
2010-04-15  39.98  40.47  39.81  40.02  16214200  40.02
2010-04-14  39.58  40.12  39.46  39.93  19717700  39.93
2010-04-13  39.4  39.73  39.18  39.65  10762400  39.65
2010-04-12  39.39  39.8  39.36  39.58  8808700  39.58
2010-04-09  39.55  39.71  39.22  39.52  16152000  39.52
2010-04-08  40.01  40.04  39.45  39.74  12994300  39.74
2010-04-07  39.72  40.18  39.72  40.09  16091300  40.09
2010-04-06  39.57  39.89  39.55  39.77  10067800  39.77
2010-04-05  39.93  40.31  39.73  39.86  14692200  39.86
2010-04-01  39.53  39.8  39.5  39.62  16319600  39.62
2010-03-31  39.36  39.57  39.22  39.33  14932000  39.33
2010-03-30  39.79  39.84  39.31  39.49  20721000  39.49
2010-03-29  39.34  39.45  38.99  39.14  11592700  39.14
2010-03-26  39.37  39.88  39.0  39.21  29773800  39.21
2010-03-25  39.87  41.09  39.36  39.54  67289200  39.54
2010-03-24  37.72  37.89  37.51  37.67  12980800  37.67
2010-03-23  37.9  38.04  37.52  37.98  13840700  37.98
2010-03-22  37.56  37.99  37.37  37.75  16394500  37.75
2010-03-19  37.98  38.06  37.29  37.54  33417800  37.54
2010-03-18  36.77  37.98  36.7  37.89  45529100  37.89
2010-03-17  36.6  36.74  36.28  36.46  23287400  36.46
2010-03-16  36.46  36.65  36.17  36.56  27699200  36.56
2010-03-15  36.55  36.61  36.23  36.43  17334500  36.43
2010-03-12  36.67  36.92  36.37  36.51  20712100  36.51
2010-03-11  36.43  36.79  36.28  36.65  16325300  36.65
2010-03-10  36.15  36.65  36.08  36.44  15250000  36.44
2010-03-09  36.3  36.47  36.08  36.25  20134400  36.25
2010-03-08  36.4  36.57  36.19  36.36  13854600  36.36
2010-03-05  37.01  37.04  36.2  36.33  26466900  36.33
2010-03-04  36.5  36.82  36.16  36.79  29404500  36.79
2010-03-03  36.06  36.7  35.96  36.26  42163800  36.26
2010-03-02  34.44  36.05  34.28  35.55  77896200  35.55
2010-03-01  34.51  34.51  33.24  33.33  59161000  33.33
2010-02-26  34.79  34.8  34.22  34.38  30557500  34.38
2010-02-25  34.9  35.62  34.18  34.85  34843000  34.85
2010-02-24  36.18  36.24  35.3  35.49  27111500  35.49
2010-02-23  36.39  36.53  35.83  35.96  17926000  35.96
2010-02-22  37.15  37.22  36.1  36.4  27657900  36.4
2010-02-19  37.15  37.18  36.83  36.94  26638700  36.94
2010-02-18  36.83  37.27  36.76  37.15  19503800  37.15
2010-02-17  36.48  37.04  36.41  36.79  24733000  36.79
2010-02-16  36.48  36.67  36.11  36.41  34301800  36.41
2010-02-12  35.62  36.39  35.44  36.24  37313700  36.24
2010-02-11  34.78  35.57  34.53  35.47  34201400  35.47
2010-02-10  35.19  35.61  34.83  34.93  23742400  34.93
2010-02-09  35.38  35.72  35.12  35.37  28585600  35.37
2010-02-08  35.56  35.63  34.96  35.0  27373800  35.0
2010-02-05  35.85  36.02  34.93  35.5  39365100  35.5
2010-02-04  36.65  36.66  35.6  35.62  39883900  35.62
2010-02-03  36.35  37.06  36.02  36.98  36836200  36.98
2010-02-02  37.15  37.22  36.37  36.63  45670300  36.63
2010-02-01  36.62  37.3  36.09  37.11  54762600  37.11
2010-01-29  38.1  38.15  35.92  36.57  112830300  36.57
2010-01-28  39.29  39.29  37.33  37.77  130892200  37.77
2010-01-27  43.41  44.14  43.17  44.04  27302900  44.04
2010-01-26  43.76  44.29  43.44  43.75  18325500  43.75
2010-01-25  43.83  44.5  43.57  43.77  15304700  43.77
2010-01-22  44.89  45.32  43.55  43.65  22205300  43.65
2010-01-21  45.08  45.72  44.71  44.87  18703200  44.87
2010-01-20  45.64  45.67  44.6  45.12  18151500  45.12
2010-01-19  45.37  46.37  45.3  46.02  16564800  46.02
2010-01-15  45.35  45.76  44.89  45.28  21540300  45.28
2010-01-14  45.03  45.46  44.99  45.13  13751800  45.13
2010-01-13  45.58  45.67  45.0  45.44  12426700  45.44
2010-01-12  45.6  45.92  44.86  45.25  18009100  45.25
2010-01-11  46.26  46.36  45.38  45.99  14672400  45.99
2010-01-08  45.82  46.47  45.62  46.16  25938200  46.16
2010-01-07  44.55  45.74  44.37  45.7  25266300  45.7
2010-01-06  45.04  45.19  44.21  44.42  22743800  44.42
2010-01-05  44.34  45.08  44.32  44.85  24241000  44.85
2010-01-04  43.66  44.15  43.45  43.8  14570200  43.8
