Date  Open  High  Low  Close  Volume  Adj Close
2014-02-28  32.66  33.47  32.5  33.36  2048900  33.36
2014-02-27  32.59  32.87  32.12  32.58  1350500  32.58
2014-02-26  32.8  32.89  32.23  32.58  1913200  32.58
2014-02-25  32.72  32.95  32.17  32.86  2018200  32.86
2014-02-24  32.47  33.05  32.46  32.94  2051400  32.94
2014-02-21  32.41  32.48  32.1  32.28  1001000  32.28
2014-02-20  32.17  32.8  32.08  32.3  1563800  32.3
2014-02-19  31.86  32.53  31.83  32.12  1815300  32.12
2014-02-18  32.23  32.27  31.5  31.91  1378500  31.91
2014-02-14  32.06  32.23  31.84  32.14  609400  32.14
2014-02-13  31.93  32.13  31.64  32.05  1174300  32.05
2014-02-12  32.47  32.63  32.08  32.09  591100  32.09
2014-02-11  31.6  32.52  31.6  32.4  1269000  32.4
2014-02-10  31.6  31.88  31.25  31.6  1210500  31.6
2014-02-07  31.98  32.11  31.32  31.61  1481800  31.61
2014-02-06  31.4  32.11  31.18  31.86  969200  31.86
2014-02-05  31.55  31.58  31.15  31.35  1644400  31.35
2014-02-04  31.4  31.78  31.22  31.65  1275400  31.65
2014-02-03  31.67  32.04  31.13  31.39  2347600  31.39
2014-01-31  31.26  31.71  31.18  31.37  2252600  31.37
2014-01-30  31.69  31.87  31.29  31.59  2002700  31.59
2014-01-29  32.14  32.26  31.51  31.57  2354400  31.57
2014-01-28  32.84  32.98  32.34  32.56  1942000  32.56
2014-01-27  32.5  32.83  32.32  32.8  2521000  32.8
2014-01-24  32.41  32.6  32.12  32.51  2888500  32.51
2014-01-23  32.52  32.88  31.8  32.78  4500200  32.78
2014-01-22  32.9  33.82  32.53  33.66  3145700  33.66
2014-01-21  32.99  33.31  32.45  32.53  1841900  32.53
2014-01-17  32.95  33.14  32.63  32.75  1470700  32.75
2014-01-16  33.05  33.09  32.37  32.85  1868400  32.85
2014-01-15  33.3  33.56  32.91  33.15  1333900  33.15
2014-01-14  32.9  33.4  32.89  33.3  1507400  33.3
2014-01-13  33.47  33.67  32.76  32.83  1413900  32.83
2014-01-10  33.89  34.24  33.74  33.83  975700  33.83
2014-01-09  34.18  34.2  33.48  33.81  1377000  33.81
2014-01-08  34.57  34.57  33.79  34.03  1715400  34.03
2014-01-07  34.47  34.47  33.94  34.18  935700  34.18
2014-01-06  34.62  34.65  34.35  34.39  1124300  34.39
2014-01-03  34.32  34.77  34.3  34.47  903100  34.47
2014-01-02  35.07  35.17  34.29  34.35  1080900  34.35
2013-12-31  34.65  35.38  34.55  35.36  832600  35.36
2013-12-30  34.86  35.1  34.51  34.61  883800  34.61
2013-12-27  34.33  35.03  34.21  34.79  1238400  34.79
2013-12-26  34.49  34.6  34.05  34.17  685600  34.17
2013-12-24  33.93  34.48  33.86  34.36  369100  34.36
2013-12-23  33.83  34.07  33.73  33.85  932600  33.85
2013-12-20  32.82  33.72  32.82  33.69  1707600  33.69
2013-12-19  33.59  33.69  32.75  32.94  2152900  32.94
2013-12-18  33.97  34.25  33.17  33.79  1204900  33.79
2013-12-17  34.05  34.11  33.55  34.0  1318600  34.0
2013-12-16  33.72  34.11  33.68  33.97  1082600  33.97
2013-12-13  33.37  33.79  33.26  33.64  985900  33.64
2013-12-12  33.19  33.63  33.19  33.42  897300  33.42
2013-12-11  33.82  33.93  33.23  33.32  912600  33.32
2013-12-10  34.2  34.36  33.76  33.84  787800  33.84
2013-12-09  34.16  34.31  33.93  34.26  763500  34.26
2013-12-06  33.79  34.44  33.79  34.19  1386600  34.19
2013-12-05  34.74  34.74  34.01  34.04  1219500  34.04
2013-12-04  34.46  34.87  34.28  34.77  1114900  34.77
2013-12-03  34.35  34.74  34.21  34.65  1228100  34.65
2013-12-02  34.63  34.81  34.43  34.48  1209000  34.48
2013-11-29  34.62  34.96  34.46  34.62  395800  34.62
2013-11-27  34.71  34.86  34.28  34.67  698300  34.67
2013-11-26  34.65  34.89  34.57  34.78  1003100  34.78
2013-11-25  35.55  35.74  34.63  34.79  1545900  34.79
2013-11-22  36.26  36.37  35.55  35.67  1698500  35.67
2013-11-21  36.38  36.4  35.92  36.35  837200  36.35
2013-11-20  36.61  36.82  36.21  36.29  1136700  36.29
2013-11-19  36.56  36.79  36.29  36.53  863100  36.53
2013-11-18  37.23  37.41  36.43  36.54  1449400  36.54
2013-11-15  37.63  37.76  37.16  37.28  860700  37.28
2013-11-14  37.7  37.81  37.27  37.35  707300  37.35
2013-11-13  37.12  37.73  36.84  37.73  946600  37.73
2013-11-12  37.32  37.44  37.07  37.29  1244100  37.29
2013-11-11  37.19  37.71  37.19  37.45  1154900  37.45
2013-11-08  36.83  37.25  36.78  37.19  1396600  37.19
2013-11-07  36.8  37.4  36.48  36.87  2511200  36.87
2013-11-06  36.55  37.35  36.55  36.9  1851400  36.9
2013-11-05  36.34  36.84  36.09  36.27  1656800  36.27
2013-11-04  36.16  36.34  35.78  36.31  2102200  36.31
2013-11-01  36.09  36.21  35.57  35.92  1285600  35.92
2013-10-31  36.34  36.52  35.97  36.08  828300  36.08
2013-10-30  37.12  37.42  36.24  36.43  994900  36.43
2013-10-29  36.94  37.08  36.78  36.98  625300  36.98
2013-10-28  36.4  36.9  36.05  36.88  1446000  36.88
2013-10-25  36.76  36.86  36.22  36.55  997000  36.55
2013-10-24  36.49  36.7  36.14  36.59  1136000  36.59
2013-10-23  36.61  36.62  35.92  36.55  1084900  36.55
2013-10-22  36.59  37.04  36.47  36.91  1050700  36.91
2013-10-21  36.64  36.83  36.27  36.39  1091400  36.39
2013-10-18  36.61  36.9  36.49  36.64  944900  36.64
2013-10-17  36.25  36.59  36.09  36.24  1006500  36.24
2013-10-16  36.14  36.44  35.86  36.33  1936400  36.33
2013-10-15  36.93  36.93  36.16  36.18  2098900  36.18
2013-10-14  36.24  37.2  36.24  37.04  1027200  37.04
2013-10-11  36.34  36.93  35.91  36.92  1754600  36.92
2013-10-10  36.39  36.71  36.3  36.55  1031100  36.55
2013-10-09  36.38  36.44  35.8  36.0  1325300  36.0
2013-10-08  36.67  36.92  36.18  36.32  990400  36.32
2013-10-07  36.92  36.99  36.61  36.64  1020800  36.64
2013-10-04  36.92  37.57  36.66  37.35  1200200  37.35
2013-10-03  36.83  36.96  36.53  36.91  1092400  36.91
2013-10-02  37.02  37.16  36.65  36.95  1399300  36.95
2013-10-01  36.73  37.42  36.62  37.19  1427100  37.19
2013-09-30  36.5  36.78  36.27  36.72  945700  36.72
2013-09-27  36.82  37.0  36.47  36.81  856200  36.81
2013-09-26  37.45  37.49  36.83  36.99  865400  36.99
2013-09-25  37.28  38.01  37.28  37.32  861600  37.32
2013-09-24  37.12  37.48  36.78  37.19  1026500  37.19
2013-09-23  36.74  37.27  36.61  37.1  1129900  37.1
2013-09-20  37.68  37.76  36.76  36.9  1521200  36.9
2013-09-19  38.18  38.3  37.41  37.58  1147400  37.58
2013-09-18  38.2  38.38  37.88  38.14  1382900  38.14
2013-09-17  38.03  38.65  37.99  38.21  1124400  38.21
2013-09-16  38.14  38.24  37.91  38.02  1537900  38.02
2013-09-13  38.2  38.33  37.6  37.87  1602200  37.87
2013-09-12  38.09  38.45  37.72  38.3  835500  38.3
2013-09-11  38.12  38.44  37.82  38.12  990300  38.12
2013-09-10  38.14  38.41  37.75  38.13  1672700  38.13
2013-09-09  37.41  38.27  37.41  37.98  1634500  37.98
2013-09-06  37.34  37.52  36.71  37.26  1388500  37.26
2013-09-05  36.07  37.31  35.92  37.18  1832900  37.18
2013-09-04  35.69  36.27  35.41  35.92  1321500  35.92
2013-09-03  35.78  36.03  35.03  35.38  1118100  35.38
2013-08-30  35.74  35.9  35.33  35.42  875600  35.42
2013-08-29  36.04  36.12  35.63  35.69  470100  35.69
2013-08-28  36.0  36.45  35.93  36.22  1143500  36.22
2013-08-27  35.92  36.27  35.8  36.0  797300  36.0
2013-08-26  36.24  36.7  36.11  36.26  848000  36.26
2013-08-23  35.98  36.33  35.53  36.1  655300  36.1
2013-08-22  35.04  35.95  35.01  35.87  523600  35.87
2013-08-21  35.12  35.27  34.79  34.89  722500  34.89
2013-08-20  35.17  35.47  34.87  35.28  526600  35.28
2013-08-19  35.55  35.68  35.01  35.09  864700  35.09
2013-08-16  35.87  36.03  35.29  35.7  1279400  35.7
2013-08-15  35.66  36.06  35.47  35.85  629400  35.85
2013-08-14  36.32  36.43  35.8  35.89  1028000  35.89
2013-08-13  36.39  36.39  35.91  35.96  2058800  35.96
2013-08-12  35.86  36.34  35.77  36.3  1166200  36.3
2013-08-09  35.95  36.15  35.59  36.08  843600  36.08
2013-08-08  35.8  36.3  35.53  36.02  1278800  36.02
2013-08-07  35.4  35.69  34.9  35.56  1310300  35.56
2013-08-06  35.04  36.47  35.04  35.51  2394800  35.51
2013-08-05  35.21  35.38  34.51  35.04  1762000  35.04
2013-08-02  35.15  35.44  34.84  35.38  1207100  35.38
2013-08-01  34.73  35.26  34.69  35.25  934100  35.25
2013-07-31  34.4  34.72  34.29  34.35  801800  34.35
2013-07-30  34.07  34.33  33.93  34.26  698700  34.26
2013-07-29  34.25  34.44  33.89  33.97  581600  33.97
2013-07-26  34.8  34.8  34.22  34.41  701500  34.41
2013-07-25  34.96  35.02  34.54  34.93  734200  34.93
2013-07-24  35.75  35.81  34.92  35.12  760100  35.12
2013-07-23  35.87  35.97  35.24  35.7  970700  35.7
2013-07-22  35.61  36.06  35.46  35.73  792300  35.73
2013-07-19  35.54  35.75  35.34  35.48  2220300  35.48
2013-07-18  35.18  35.66  35.18  35.4  1012900  35.4
2013-07-17  35.35  35.5  34.9  35.01  1203000  35.01
2013-07-16  35.29  35.4  34.62  35.11  800700  35.11
2013-07-15  35.22  35.53  35.02  35.26  774000  35.26
2013-07-12  34.77  35.22  34.65  35.16  1052600  35.16
2013-07-11  35.4  35.48  34.66  34.74  982700  34.74
2013-07-10  35.16  35.4  34.85  34.98  814500  34.98
2013-07-09  35.24  35.44  35.09  35.21  828100  35.21
2013-07-08  34.97  35.59  34.97  35.07  1065600  35.07
2013-07-05  34.34  34.75  34.22  34.63  488200  34.63
2013-07-03  34.18  34.23  33.86  34.11  470300  34.11
2013-07-02  34.79  34.99  34.28  34.4  1184600  34.4
2013-07-01  34.3  34.8  34.24  34.42  901100  34.42
2013-06-28  34.02  34.49  33.87  34.07  910500  34.07
2013-06-27  34.43  34.63  34.07  34.19  1181000  34.19
2013-06-26  34.08  34.39  33.77  34.11  1223800  34.11
2013-06-25  33.56  33.93  33.42  33.79  947200  33.79
2013-06-24  33.58  33.9  32.48  33.25  1100100  33.25
2013-06-21  34.47  34.64  33.58  34.07  1757200  34.07
2013-06-20  33.44  34.28  33.25  33.82  2082800  33.82
2013-06-19  34.34  34.56  33.9  33.92  785300  33.92
2013-06-18  34.02  34.57  33.99  34.31  600800  34.31
2013-06-17  33.64  34.33  33.58  33.97  674000  33.97
2013-06-14  33.66  33.86  33.29  33.44  576200  33.44
2013-06-13  32.51  33.69  32.48  33.62  1196800  33.62
2013-06-12  33.27  33.34  32.49  32.52  644000  32.52
2013-06-11  33.14  33.4  32.89  32.96  689200  32.96
2013-06-10  33.84  33.87  33.37  33.66  612600  33.66
2013-06-07  33.69  33.96  33.46  33.72  615300  33.72
2013-06-06  33.8  34.0  33.25  33.53  981500  33.53
2013-06-05  33.2  34.12  33.2  33.77  1914800  33.77
2013-06-04  33.5  33.98  33.08  33.33  1456800  33.33
2013-06-03  33.39  33.79  32.96  33.55  1352200  33.55
2013-05-31  34.11  34.15  33.23  33.24  1336300  33.24
2013-05-30  34.34  34.53  34.01  34.31  654300  34.31
2013-05-29  34.46  34.61  34.18  34.41  803100  34.41
2013-05-28  35.04  35.05  34.4  34.68  725800  34.68
2013-05-24  34.45  34.6  34.05  34.5  640300  34.5
2013-05-23  33.98  34.84  33.98  34.77  733700  34.77
2013-05-22  35.39  35.8  34.44  34.77  1396200  34.77
2013-05-21  36.39  36.41  35.38  35.43  2118600  35.43
2013-05-20  35.67  36.51  35.55  36.31  1624600  36.31
2013-05-17  35.32  36.05  35.1  35.7  1404100  35.7
2013-05-16  34.57  35.21  34.54  34.83  1135000  34.83
2013-05-15  34.69  34.87  34.08  34.74  549800  34.74
2013-05-14  34.5  35.13  34.32  34.89  1147200  34.89
2013-05-13  34.78  34.97  34.34  34.5  797500  34.5
2013-05-10  34.48  35.03  34.35  34.97  1097800  34.97
2013-05-09  34.57  34.84  34.03  34.62  727600  34.62
2013-05-08  34.35  34.7  34.14  34.67  1013800  34.67
2013-05-07  34.29  34.65  33.87  34.43  895600  34.43
2013-05-06  34.28  34.47  33.9  34.15  1043700  34.15
2013-05-03  33.86  34.44  33.48  34.13  1539200  34.13
2013-05-02  32.34  33.04  32.06  32.74  978800  32.74
2013-05-01  31.42  32.43  30.61  32.22  1392500  32.22
2013-04-30  32.1  32.56  31.68  32.53  959000  32.53
2013-04-29  32.1  32.36  31.8  32.13  1029900  32.13
2013-04-26  32.06  32.12  31.48  31.88  824200  31.88
2013-04-25  32.26  32.57  31.81  32.08  896300  32.08
2013-04-24  31.61  32.28  31.61  32.05  889900  32.05
2013-04-23  31.54  31.56  30.97  31.54  1035700  31.54
2013-04-22  31.42  31.71  30.87  31.41  916500  31.41
2013-04-19  31.52  31.74  30.66  31.24  1029600  31.24
2013-04-18  30.73  31.62  30.23  31.28  1276400  31.28
2013-04-17  31.92  31.97  30.21  30.5  2306000  30.5
2013-04-16  31.94  32.35  31.44  32.31  1040200  32.31
2013-04-15  32.64  32.64  31.62  31.63  1526000  31.63
2013-04-12  33.55  33.6  32.74  33.04  745400  33.04
2013-04-11  34.01  34.26  33.64  33.86  607500  33.86
2013-04-10  33.52  34.13  33.43  33.93  813800  33.93
2013-04-09  33.49  33.7  33.25  33.45  848500  33.45
2013-04-08  33.26  33.58  33.0  33.43  882700  33.43
2013-04-05  32.52  33.26  32.33  33.23  1176000  33.23
2013-04-04  32.89  33.34  32.59  33.06  852400  33.06
2013-04-03  33.86  34.04  32.71  32.92  1303000  32.92
2013-04-02  34.74  34.88  33.59  33.85  1773900  33.85
2013-04-01  35.26  35.45  34.58  34.69  1041900  34.69
2013-03-28  35.37  35.58  35.06  35.36  667200  35.36
2013-03-27  34.49  35.35  34.28  35.26  741800  35.26
2013-03-26  34.34  34.86  34.23  34.71  919100  34.71
2013-03-25  34.48  34.9  34.06  34.15  690100  34.15
2013-03-22  34.37  34.64  34.16  34.4  765200  34.4
2013-03-21  34.52  34.86  34.22  34.26  808200  34.26
2013-03-20  34.66  34.89  34.17  34.83  1123100  34.83
2013-03-19  35.08  35.13  33.63  34.37  1809100  34.37
2013-03-18  35.17  35.36  34.89  35.0  1540400  35.0
2013-03-15  35.83  36.35  35.56  35.78  1691300  35.78
2013-03-14  35.17  35.91  35.12  35.81  760700  35.81
2013-03-13  35.0  35.34  34.96  35.08  960600  35.08
2013-03-12  34.84  35.15  34.53  35.02  939000  35.02
2013-03-11  34.44  34.78  34.17  34.7  845600  34.7
2013-03-08  34.62  34.78  34.36  34.57  1153500  34.57
2013-03-07  34.43  34.77  34.38  34.42  816600  34.42
2013-03-06  34.63  34.67  34.04  34.37  933200  34.37
2013-03-05  34.76  34.78  34.34  34.52  1022000  34.52
2013-03-04  35.02  35.02  34.03  34.52  1429800  34.52
2013-03-01  34.73  35.45  34.35  34.98  1770000  34.98
2013-02-28  34.32  34.83  33.68  34.59  1550700  34.59
2013-02-27  33.83  34.5  33.77  34.24  1508500  34.24
2013-02-26  33.75  34.2  33.35  33.99  1377400  33.99
2013-02-25  35.36  35.41  33.56  33.58  1837600  33.58
2013-02-22  35.14  35.3  34.65  35.17  727000  35.17
2013-02-21  35.5  35.65  34.42  34.99  1677500  34.99
2013-02-20  36.54  36.64  35.65  35.69  1296200  35.69
2013-02-19  36.03  36.85  36.03  36.65  1380100  36.65
2013-02-15  36.5  36.51  35.39  35.84  1921700  35.84
2013-02-14  35.45  36.53  35.3  36.3  1291200  36.3
2013-02-13  35.19  35.6  35.15  35.58  552500  35.58
2013-02-12  35.11  35.38  34.96  35.15  891400  35.15
2013-02-11  35.01  35.22  34.66  34.94  1103800  34.94
2013-02-08  35.0  35.19  34.84  35.14  736200  35.14
2013-02-07  34.96  35.39  34.64  34.98  1130000  34.98
2013-02-06  34.55  34.94  34.04  34.9  1276100  34.9
2013-02-05  34.8  34.91  34.42  34.78  763700  34.78
2013-02-04  34.82  35.05  34.6  34.64  897400  34.64
2013-02-01  34.88  35.29  34.5  35.11  1281500  35.11
2013-01-31  34.77  34.91  34.46  34.48  1242700  34.48
2013-01-30  35.07  35.38  34.54  34.91  1523600  34.91
2013-01-29  34.97  35.23  34.83  35.02  1523200  35.02
2013-01-28  34.89  35.24  34.67  35.01  1261700  35.01
2013-01-25  34.49  34.94  34.17  34.94  1464300  34.94
2013-01-24  34.47  34.82  34.17  34.32  944000  34.32
2013-01-23  34.39  34.59  33.98  34.51  1371900  34.51
2013-01-22  34.23  34.53  33.97  34.46  1249900  34.46
2013-01-18  34.13  34.43  33.59  34.21  1607400  34.21
2013-01-17  33.83  34.1  33.52  33.82  1324800  33.82
2013-01-16  33.64  33.78  33.52  33.63  1265800  33.63
2013-01-15  33.6  33.97  33.52  33.77  821500  33.77
2013-01-14  34.37  34.65  33.56  33.69  1338900  33.69
2013-01-11  34.56  34.61  34.01  34.36  892100  34.36
2013-01-10  33.99  34.65  33.86  34.62  1659700  34.62
2013-01-09  33.58  33.86  33.34  33.75  882200  33.75
2013-01-08  34.34  34.34  33.4  33.77  1453300  33.77
2013-01-07  33.77  34.13  33.72  33.79  1381500  33.79
2013-01-04  33.55  34.6  33.42  34.25  2426700  34.25
2013-01-03  32.13  33.68  31.97  33.44  3001300  33.44
2013-01-02  31.98  32.22  31.55  32.21  1281600  32.21
2012-12-31  30.44  31.31  30.29  31.27  996600  31.27
2012-12-28  30.7  30.71  30.26  30.48  601600  30.48
2012-12-27  31.27  31.36  30.4  30.93  1126200  30.93
2012-12-26  31.92  32.09  31.24  31.29  592400  31.29
2012-12-24  32.1  32.1  31.61  31.75  277800  31.75
2012-12-21  32.26  32.45  31.95  32.11  1531700  32.11
2012-12-20  32.34  32.85  32.1  32.69  2641700  32.69
2012-12-19  32.28  32.7  32.07  32.39  1109400  32.39
2012-12-18  31.43  32.34  31.43  32.25  1375200  32.25
2012-12-17  31.57  31.75  31.25  31.44  1127100  31.44
2012-12-14  31.53  31.73  31.36  31.47  849100  31.47
2012-12-13  32.0  32.08  31.47  31.72  721000  31.72
2012-12-12  32.38  32.6  32.07  32.1  1044100  32.1
2012-12-11  32.45  32.59  32.08  32.17  1282700  32.17
2012-12-10  32.6  32.91  32.23  32.3  1006200  32.3
2012-12-07  32.51  33.02  32.46  32.7  1805500  32.7
2012-12-06  32.43  33.03  32.27  32.42  1002900  32.42
2012-12-05  32.17  33.07  32.14  32.46  2335800  32.46
2012-12-04  31.68  32.1  31.39  31.88  1001400  31.88
2012-12-03  31.91  32.04  31.4  31.64  944700  31.64
2012-11-30  31.23  31.76  30.92  31.73  1808900  31.73
2012-11-29  31.01  31.42  30.95  31.22  1347700  31.22
2012-11-28  30.66  31.03  30.05  30.98  2603800  30.98
2012-11-27  32.12  32.13  30.92  30.97  3278200  30.97
2012-11-26  32.59  32.9  32.1  32.14  2373800  32.14
2012-11-23  32.48  32.91  32.3  32.91  374700  32.91
2012-11-21  32.37  32.51  32.07  32.24  959700  32.24
2012-11-20  32.62  32.65  31.91  32.33  1675600  32.33
2012-11-19  32.08  32.76  31.99  32.76  1758900  32.76
2012-11-16  31.41  31.78  30.71  31.66  2248100  31.66
2012-11-15  30.92  31.59  30.76  31.31  2001000  31.31
2012-11-14  31.58  31.97  30.92  30.96  2156600  30.96
2012-11-13  31.3  32.05  31.25  31.53  1071100  31.53
2012-11-12  31.47  31.82  31.37  31.65  964600  31.65
2012-11-09  31.42  32.11  31.2  31.48  973600  31.48
2012-11-08  32.24  32.42  31.27  31.51  1763000  31.51
2012-11-07  32.24  32.27  31.75  32.24  2650700  32.24
2012-11-06  32.62  32.87  32.54  32.69  1517600  32.69
2012-11-05  32.14  32.88  31.97  32.58  1523400  32.58
2012-11-02  32.5  33.01  32.22  32.41  3347200  32.41
2012-11-01  31.25  32.23  30.75  32.07  4430600  32.07
2012-10-31  33.2  33.2  31.01  31.71  3609500  31.71
2012-10-26  33.18  33.54  32.74  32.8  1165500  32.8
2012-10-25  33.1  33.37  32.84  33.24  836800  33.24
2012-10-24  33.5  33.67  32.63  32.71  1495100  32.71
2012-10-23  33.37  33.56  32.93  33.37  1129700  33.37
2012-10-22  34.26  34.27  33.77  34.0  1155000  34.0
2012-10-19  34.46  34.73  33.8  34.28  2084200  34.28
2012-10-18  33.71  34.62  33.42  34.6  2520400  34.6
2012-10-17  33.36  33.89  33.34  33.81  820200  33.81
2012-10-16  32.79  33.91  32.77  33.34  1184000  33.34
2012-10-15  32.52  32.66  32.05  32.59  666300  32.59
2012-10-12  32.31  32.65  32.0  32.57  865700  32.57
2012-10-11  32.62  32.73  32.23  32.53  1092300  32.53
2012-10-10  32.34  32.82  32.13  32.22  1443000  32.22
2012-10-09  32.62  32.98  32.38  32.78  1693100  32.78
2012-10-08  32.4  32.65  32.0  32.58  1078600  32.58
2012-10-05  32.64  32.89  32.31  32.6  2423900  32.6
2012-10-04  32.91  33.18  32.58  32.86  2165400  32.86
2012-10-03  33.39  33.44  32.49  32.7  1749000  32.7
2012-10-02  33.34  33.55  33.05  33.36  1627600  33.36
2012-10-01  33.99  34.07  33.44  33.51  1846000  33.51
2012-09-28  34.0  34.14  33.63  33.77  1015000  33.77
2012-09-27  34.03  34.21  33.6  34.15  1294800  34.15
2012-09-26  34.6  34.63  33.59  33.81  2340400  33.81
2012-09-25  35.44  35.44  34.58  34.59  1765800  34.59
2012-09-24  35.49  35.89  35.17  35.22  1472300  35.22
2012-09-21  36.45  36.82  35.93  36.06  1408300  36.06
2012-09-20  35.69  36.0  35.29  35.89  1239400  35.89
2012-09-19  36.84  36.96  35.82  35.97  1528100  35.97
2012-09-18  36.32  39.4  36.01  36.85  2516100  36.85
2012-09-17  36.95  37.31  36.27  36.38  1256300  36.38
2012-09-14  37.3  38.0  37.07  37.14  1506600  37.14
2012-09-13  37.03  37.49  36.45  37.09  1197600  37.09
2012-09-12  37.39  37.6  36.94  36.97  1495400  36.97
2012-09-11  36.73  37.88  36.7  37.32  2644200  37.32
2012-09-10  36.07  36.85  36.04  36.64  1930100  36.64
2012-09-07  35.71  36.44  35.65  36.14  1587600  36.14
2012-09-06  35.51  36.46  35.41  35.65  1861500  35.65
2012-09-05  35.16  35.5  35.03  35.25  1219200  35.25
2012-09-04  35.17  35.3  34.54  35.11  1569800  35.11
2012-08-31  35.0  35.3  34.67  35.18  1419500  35.18
2012-08-30  35.13  35.13  34.21  34.63  1423500  34.63
2012-08-29  35.58  35.69  35.06  35.31  1440500  35.31
2012-08-28  35.45  35.54  35.0  35.28  845900  35.28
2012-08-27  35.88  36.04  35.49  35.51  533100  35.51
2012-08-24  35.51  35.92  35.16  35.84  694400  35.84
2012-08-23  35.84  36.1  35.48  35.6  885100  35.6
2012-08-22  35.53  36.0  35.36  35.92  859400  35.92
2012-08-21  36.0  36.23  35.42  35.58  834300  35.58
2012-08-20  35.92  36.05  35.65  35.85  716400  35.85
2012-08-17  35.95  36.18  35.83  35.91  937200  35.91
2012-08-16  35.63  36.21  35.52  35.87  1085900  35.87
2012-08-15  35.17  35.72  34.75  35.62  1141900  35.62
2012-08-14  35.69  35.82  35.0  35.16  908400  35.16
2012-08-13  35.55  35.71  35.24  35.4  744100  35.4
2012-08-10  35.43  35.79  35.24  35.72  1097900  35.72
2012-08-09  35.43  35.96  35.21  35.7  795400  35.7
2012-08-08  35.05  35.45  35.01  35.42  1205100  35.42
2012-08-07  35.29  36.04  35.23  35.28  1494300  35.28
2012-08-06  35.35  35.89  35.02  35.04  1888300  35.04
2012-08-03  34.72  35.57  34.08  35.11  1869300  35.11
2012-08-02  34.94  35.5  33.87  34.84  2393000  34.84
2012-08-01  35.23  35.97  34.93  35.7  2265800  35.7
2012-07-31  36.28  36.51  35.13  35.13  3353700  35.13
2012-07-30  35.68  36.36  35.46  36.34  2238700  36.34
2012-07-27  35.09  36.1  35.04  35.79  1882800  35.79
2012-07-26  34.73  35.0  34.14  34.7  1652200  34.7
2012-07-25  33.99  34.15  33.28  34.02  1454400  34.02
2012-07-24  34.63  34.72  33.3  33.71  1505400  33.71
2012-07-23  34.47  34.9  34.31  34.56  1723300  34.56
2012-07-20  35.0  35.34  34.73  35.18  1442300  35.18
2012-07-19  34.91  35.44  34.89  35.11  1561200  35.11
2012-07-18  33.95  34.71  33.71  34.61  1772500  34.61
2012-07-17  34.49  34.6  33.7  34.12  2328600  34.12
2012-07-16  34.28  34.57  34.08  34.17  1964800  34.17
2012-07-13  33.99  34.74  33.99  34.42  1379700  34.42
2012-07-12  33.3  34.11  32.94  33.86  1579200  33.86
2012-07-11  32.98  34.17  32.85  33.95  1958600  33.95
2012-07-10  33.55  33.6  32.32  32.78  1568800  32.78
2012-07-09  32.6  33.38  32.28  33.36  1930100  33.36
2012-07-06  32.9  33.25  32.3  32.71  1624700  32.71
2012-07-05  33.71  33.98  33.12  33.52  1581400  33.52
2012-07-03  33.02  33.99  32.93  33.97  1133300  33.97
2012-07-02  32.24  32.76  32.08  32.71  2068700  32.71
2012-06-29  31.76  32.44  31.58  32.33  2310000  32.33
2012-06-28  30.11  30.93  30.03  30.91  1571200  30.91
2012-06-27  29.81  30.55  29.47  30.37  1203200  30.37
2012-06-26  28.94  29.67  28.79  29.44  2131600  29.44
2012-06-25  29.53  29.6  28.62  28.99  1662300  28.99
2012-06-22  30.16  30.23  29.59  30.05  2171000  30.05
2012-06-21  31.68  31.7  29.9  29.96  1501500  29.96
2012-06-20  32.08  32.32  31.39  31.65  1879300  31.65
2012-06-19  31.19  32.13  31.0  31.99  1429600  31.99
2012-06-18  31.14  31.14  30.61  30.85  1654300  30.85
2012-06-15  31.39  31.56  31.14  31.42  2449000  31.42
2012-06-14  30.68  31.55  30.6  31.36  2840400  31.36
2012-06-13  30.77  31.03  30.36  30.68  3206600  30.68
2012-06-12  30.64  31.03  30.25  30.99  1911000  30.99
2012-06-11  31.68  31.85  30.39  30.43  2208800  30.43
2012-06-08  31.04  31.46  30.67  31.33  1849600  31.33
2012-06-07  32.05  32.19  31.07  31.28  2116200  31.28
2012-06-06  30.83  31.38  30.62  31.37  2189100  31.37
2012-06-05  29.38  30.78  29.3  30.52  3417400  30.52
2012-06-04  29.71  29.71  28.67  29.41  3487000  29.41
2012-06-01  29.14  29.95  28.99  29.49  2654600  29.49
2012-05-31  30.18  30.56  29.13  30.0  3626300  30.0
2012-05-30  32.0  32.02  30.2  30.55  3320000  30.55
2012-05-29  32.12  32.67  31.86  32.56  1899600  32.56
2012-05-25  31.45  31.96  31.38  31.79  1254500  31.79
2012-05-24  31.87  31.9  30.99  31.48  1850700  31.48
2012-05-23  30.35  31.81  30.16  31.77  2658600  31.77
2012-05-22  30.87  31.51  30.56  30.82  2465000  30.82
2012-05-21  30.27  31.14  30.12  31.08  1853800  31.08
2012-05-18  30.53  31.1  30.09  30.19  2309300  30.19
2012-05-17  30.59  30.91  30.05  30.46  2384200  30.46
2012-05-16  31.04  31.54  30.41  30.44  4001700  30.44
2012-05-15  31.05  31.42  30.25  30.4  2612300  30.4
2012-05-14  31.18  31.37  30.84  30.95  2617500  30.95
2012-05-11  31.99  32.45  31.62  31.73  1827200  31.73
2012-05-10  32.4  32.65  32.07  32.25  1745100  32.25
2012-05-09  31.74  32.28  31.36  31.97  1936300  31.97
2012-05-08  32.38  32.38  31.51  32.31  3095400  32.31
2012-05-07  33.26  33.29  32.36  32.73  2163800  32.73
2012-05-04  34.71  34.84  33.22  33.38  2246400  33.38
2012-05-03  35.16  35.83  34.98  35.1  2632400  35.1
2012-05-02  35.11  36.22  34.55  35.04  3984900  35.04
2012-05-01  34.71  34.85  34.15  34.53  3675900  34.53
2012-04-30  34.57  35.0  34.45  34.53  2038600  34.53
2012-04-27  34.72  34.8  34.32  34.68  1314800  34.68
2012-04-26  33.89  34.81  33.62  34.6  1825200  34.6
2012-04-25  33.75  34.09  33.41  34.0  1474200  34.0
2012-04-24  33.4  33.74  33.02  33.37  989400  33.37
2012-04-23  32.92  33.39  32.49  33.28  1569900  33.28
2012-04-20  33.84  34.51  33.53  33.62  2723500  33.62
2012-04-19  32.83  33.78  32.77  33.53  2424700  33.53
2012-04-18  32.81  33.47  32.5  32.86  2026000  32.86
2012-04-17  32.77  33.27  32.6  32.98  2466200  32.98
2012-04-16  33.22  33.51  32.31  32.4  3045600  32.4
2012-04-13  33.6  33.67  32.7  33.06  3321700  33.06
2012-04-12  32.3  34.14  31.89  33.99  8097300  33.99
2012-04-11  31.75  31.95  30.84  31.0  4525700  31.0
2012-04-10  32.14  32.17  31.06  31.29  3780600  31.29
2012-04-09  32.18  32.86  31.95  32.21  2099000  32.21
2012-04-05  32.56  33.66  32.51  32.74  3472100  32.74
2012-04-04  32.12  32.88  31.92  32.75  3338200  32.75
2012-04-03  32.92  33.04  32.18  32.64  3344500  32.64
2012-04-02  32.75  33.4  32.62  33.03  2538000  33.03
2012-03-30  32.78  33.31  32.33  32.93  2230100  32.93
2012-03-29  32.14  32.98  32.02  32.58  2890300  32.58
2012-03-28  32.71  32.84  32.15  32.54  2597000  32.54
2012-03-27  32.83  33.31  32.25  32.81  4477200  32.81
2012-03-26  33.92  33.95  32.86  33.35  4132700  33.35
2012-03-23  33.43  33.83  33.2  33.52  2698400  33.52
2012-03-22  33.91  34.03  33.1  33.42  2670200  33.42
2012-03-21  35.29  35.34  34.31  34.34  2985400  34.34
2012-03-20  36.2  36.2  35.02  35.38  2130000  35.38
2012-03-19  36.56  36.75  36.02  36.56  2184600  36.56
2012-03-16  36.07  37.15  36.07  37.03  2534700  37.03
2012-03-15  35.93  36.37  35.54  35.89  1954000  35.89
2012-03-14  36.16  36.61  35.66  35.93  2016600  35.93
2012-03-13  35.44  36.3  35.03  36.23  1993700  36.23
2012-03-12  35.58  35.65  34.7  35.21  1837900  35.21
2012-03-09  36.12  36.68  35.48  35.58  2229200  35.58
2012-03-08  35.78  36.3  35.35  36.04  2198700  36.04
2012-03-07  35.02  35.85  34.81  35.49  1847700  35.49
2012-03-06  34.77  34.89  34.46  34.86  1694600  34.86
2012-03-05  35.8  35.8  35.18  35.54  2344800  35.54
2012-03-02  36.65  37.04  35.75  35.94  1752300  35.94
2012-03-01  36.95  37.45  36.47  36.6  2599300  36.6
2012-02-29  36.57  37.23  36.14  36.87  6480400  36.87
2012-02-28  38.01  38.15  35.69  36.24  8112000  36.24
2012-02-27  38.4  39.4  38.05  38.53  3573300  38.53
2012-02-24  38.67  38.97  38.59  38.78  1649800  38.78
2012-02-23  38.36  38.63  38.03  38.47  1601600  38.47
2012-02-22  37.65  38.89  37.65  38.37  2805800  38.37
2012-02-21  37.62  38.14  37.5  37.7  1567400  37.7
2012-02-17  37.79  37.89  36.92  37.27  2042000  37.27
2012-02-16  37.13  37.33  36.63  36.95  2895800  36.95
2012-02-15  37.79  37.89  36.95  37.11  1318000  37.11
2012-02-14  37.79  38.04  37.4  37.72  2044500  37.72
2012-02-13  37.46  37.99  37.43  37.96  2247800  37.96
2012-02-10  35.98  37.08  35.94  37.06  1876300  37.06
2012-02-09  37.0  37.06  36.36  36.55  1622400  36.55
2012-02-08  36.58  37.29  36.48  36.95  1519000  36.95
2012-02-07  36.62  36.69  35.8  36.6  1782600  36.6
2012-02-06  36.3  36.86  36.1  36.73  1265300  36.73
2012-02-03  37.54  37.71  36.52  36.61  3021300  36.61
2012-02-02  35.2  37.34  35.18  36.76  4209600  36.76
2012-02-01  34.46  35.45  34.09  35.21  2536700  35.21
2012-01-31  34.53  34.85  33.76  34.01  1945500  34.01
2012-01-30  34.62  34.68  33.72  34.15  1772400  34.15
2012-01-27  34.77  35.36  34.64  35.12  1156400  35.12
2012-01-26  35.7  36.25  34.67  34.82  1772200  34.82
2012-01-25  34.48  35.52  34.07  35.44  1688100  35.44
2012-01-24  34.44  34.84  34.18  34.56  1392100  34.56
2012-01-23  34.85  35.09  34.44  34.86  1398600  34.86
2012-01-20  34.7  35.09  34.22  34.55  1596300  34.55
2012-01-19  34.86  35.15  34.39  34.68  1618800  34.68
2012-01-18  33.18  35.1  33.1  34.78  3053900  34.78
2012-01-17  31.79  33.18  31.68  33.1  2961600  33.1
2012-01-13  31.46  32.02  30.78  31.26  2133600  31.26
2012-01-12  31.65  31.93  31.19  31.81  1892500  31.81
2012-01-11  31.52  31.72  31.4  31.55  1568500  31.55
2012-01-10  31.8  31.91  31.53  31.78  1382900  31.78
2012-01-09  31.35  31.7  31.11  31.19  1284000  31.19
2012-01-06  31.24  31.61  30.86  31.25  1296600  31.25
2012-01-05  31.52  31.58  30.84  31.15  1697600  31.15
2012-01-04  31.87  32.13  31.5  31.82  1435600  31.82
2012-01-03  31.22  32.2  30.95  32.0  2107000  32.0
2011-12-30  30.73  30.96  30.32  30.33  1715800  30.33
2011-12-29  30.92  31.19  30.77  31.02  1104800  31.02
2011-12-28  31.41  31.65  30.78  30.88  1204200  30.88
2011-12-27  31.6  31.85  31.42  31.57  835200  31.57
2011-12-23  31.45  31.85  31.36  31.71  831800  31.71
2011-12-22  31.1  31.46  30.93  31.39  1122900  31.39
2011-12-21  30.69  31.09  30.01  30.98  1497000  30.98
2011-12-20  29.8  30.86  29.8  30.63  1998600  30.63
2011-12-19  29.93  30.09  29.04  29.12  1523400  29.12
2011-12-16  30.02  30.21  29.52  29.87  2104000  29.87
2011-12-15  30.68  30.68  29.7  29.78  2133900  29.78
2011-12-14  30.82  31.11  29.98  30.2  2867900  30.2
2011-12-13  31.75  32.41  31.02  31.18  2105700  31.18
2011-12-12  31.95  32.04  31.1  31.52  1843900  31.52
2011-12-09  31.92  32.65  31.88  32.52  1574000  32.52
2011-12-08  33.08  33.24  31.65  31.78  2056800  31.78
2011-12-07  33.63  33.63  32.8  33.25  1627100  33.25
2011-12-06  33.96  34.16  33.42  33.79  1232200  33.79
2011-12-05  33.98  34.32  33.63  34.0  1702800  34.0
2011-12-02  33.82  33.94  33.1  33.25  1474400  33.25
2011-12-01  33.78  34.15  33.0  33.32  2336800  33.32
2011-11-30  34.06  34.67  33.36  33.91  3183600  33.91
2011-11-29  32.58  33.23  32.31  32.52  1714500  32.52
2011-11-28  32.51  32.69  31.99  32.47  2629400  32.47
2011-11-25  31.14  31.92  31.14  31.29  990100  31.29
2011-11-23  32.19  32.35  31.33  31.33  2062400  31.33
2011-11-22  32.57  33.07  32.15  32.79  2170100  32.79
2011-11-21  32.7  32.93  32.06  32.69  2277200  32.69
2011-11-18  33.57  33.77  32.85  33.35  1959800  33.35
2011-11-17  34.81  35.0  32.96  33.21  2519200  33.21
2011-11-16  35.07  36.07  34.88  34.97  2166400  34.97
2011-11-15  34.59  35.51  34.49  35.35  1599100  35.35
2011-11-14  35.39  35.55  34.45  34.81  1677500  34.81
2011-11-11  35.37  35.95  35.24  35.59  1439300  35.59
2011-11-10  34.81  35.45  34.07  34.82  2105100  34.82
2011-11-09  34.62  35.36  34.02  34.15  2753600  34.15
2011-11-08  35.24  35.81  34.63  35.71  2870900  35.71
2011-11-07  35.58  36.11  34.4  34.99  2742800  34.99
2011-11-04  35.22  35.9  35.0  35.63  3085100  35.63
2011-11-03  33.6  35.68  33.14  35.54  5259700  35.54
2011-11-02  32.75  33.53  32.32  33.19  3556500  33.19
2011-11-01  32.9  33.42  31.81  32.0  6395800  32.0
2011-10-31  36.09  36.15  34.48  34.49  2801500  34.49
2011-10-28  36.06  36.71  35.55  36.59  2984200  36.59
2011-10-27  35.88  36.55  35.11  36.16  4193300  36.16
2011-10-26  35.02  35.06  33.29  34.79  3523400  34.79
2011-10-25  35.29  35.49  34.2  34.31  2400200  34.31
2011-10-24  34.02  35.45  33.89  35.41  2418200  35.41
2011-10-21  33.9  34.79  33.14  33.68  3114200  33.68
2011-10-20  33.3  33.72  32.43  33.37  3395000  33.37
2011-10-19  33.27  33.99  32.87  33.06  3711800  33.06
2011-10-18  32.9  34.02  32.27  33.69  2895700  33.69
2011-10-17  33.39  33.63  32.78  32.89  2310900  32.89
2011-10-14  32.98  33.74  32.53  33.63  2306300  33.63
2011-10-13  32.74  32.77  31.66  32.55  2399700  32.55
2011-10-12  32.96  33.85  32.87  33.01  2846900  33.01
2011-10-11  32.3  33.18  32.21  32.7  2110300  32.7
2011-10-10  31.87  32.89  31.87  32.69  2213100  32.69
2011-10-07  31.74  31.81  30.39  31.0  3725100  31.0
2011-10-06  30.45  31.99  29.96  31.49  3819000  31.49
2011-10-05  30.18  30.66  29.5  30.54  3807700  30.54
2011-10-04  28.52  30.13  28.13  30.05  4600000  30.05
2011-10-03  29.68  30.76  29.08  29.16  3814700  29.16
2011-09-30  31.16  31.59  30.18  30.19  4452700  30.19
2011-09-29  33.43  33.58  30.92  31.85  4658600  31.85
2011-09-28  33.83  34.44  32.19  32.28  3341700  32.28
2011-09-27  34.5  34.85  33.34  33.6  2433100  33.6
2011-09-26  32.33  33.39  31.24  33.36  2154500  33.36
2011-09-23  32.53  32.96  31.65  32.07  3625100  32.07
2011-09-22  33.72  33.82  31.85  32.57  3724900  32.57
2011-09-21  36.32  36.95  35.22  35.23  2108400  35.23
2011-09-20  37.61  37.94  36.26  36.27  2078400  36.27
2011-09-19  37.02  37.64  36.37  37.32  1683900  37.32
2011-09-16  37.85  38.32  37.21  37.97  3126800  37.97
2011-09-15  37.35  37.59  36.81  37.56  2261300  37.56
2011-09-14  35.83  37.35  35.17  36.8  3088600  36.8
2011-09-13  35.05  35.75  34.08  35.59  2876900  35.59
2011-09-12  34.09  35.09  33.84  34.88  1615000  34.88
2011-09-09  35.36  35.86  34.61  34.88  2774400  34.88
2011-09-08  36.03  36.9  35.62  35.94  1868300  35.94
2011-09-07  35.11  36.64  34.89  36.38  2607500  36.38
2011-09-06  33.03  34.16  32.73  34.11  1977700  34.11
2011-09-02  35.2  35.2  34.25  34.43  2129300  34.43
2011-09-01  36.02  36.52  35.63  36.07  2190600  36.07
2011-08-31  36.32  37.34  35.82  36.07  4153900  36.07
2011-08-30  34.84  36.11  34.59  35.88  3195000  35.88
2011-08-29  33.95  34.87  33.72  34.84  2230800  34.84
2011-08-26  31.55  33.43  31.4  33.19  3272000  33.19
2011-08-25  32.59  32.99  31.24  31.83  4533400  31.83
2011-08-24  32.54  32.87  31.91  32.46  2463800  32.46
2011-08-23  31.93  32.62  31.48  32.59  2631500  32.59
2011-08-22  32.87  32.93  31.55  31.71  2692800  31.71
2011-08-19  31.94  33.31  31.85  31.97  3435000  31.97
2011-08-18  33.17  33.18  31.94  32.56  4897200  32.56
2011-08-17  34.78  35.24  34.06  34.46  2609500  34.46
2011-08-16  35.08  35.43  34.15  34.41  2558900  34.41
2011-08-15  34.69  35.97  34.69  35.67  2017100  35.67
2011-08-12  34.72  34.72  33.89  34.24  2567000  34.24
2011-08-11  32.43  34.71  31.84  34.18  3725400  34.18
2011-08-10  32.48  33.37  31.96  32.12  6757500  32.12
2011-08-09  31.25  33.55  30.47  33.48  6233800  33.48
2011-08-08  33.13  33.25  30.48  30.53  6645700  30.53
2011-08-05  35.13  35.79  32.15  33.93  6461500  33.93
2011-08-04  37.64  37.68  34.41  34.45  5149300  34.45
2011-08-03  39.63  39.63  37.54  38.46  3479200  38.46
2011-08-02  38.55  40.76  38.51  38.78  5188500  38.78
2011-08-01  39.86  40.22  38.33  39.02  3116800  39.02
2011-07-29  38.47  39.48  38.26  39.17  2295400  39.17
2011-07-28  38.7  39.98  38.7  39.13  3040600  39.13
2011-07-27  39.35  39.38  38.52  38.69  2387100  38.69
2011-07-26  38.78  40.4  38.76  39.7  3708900  39.7
2011-07-25  38.17  38.93  38.12  38.73  2182100  38.73
2011-07-22  38.61  38.67  38.13  38.57  2031200  38.57
2011-07-21  38.68  38.96  38.24  38.52  2116400  38.52
2011-07-20  37.86  39.15  37.7  38.44  4258600  38.44
2011-07-19  37.08  37.86  37.07  37.56  2463800  37.56
2011-07-18  36.8  37.0  36.28  36.7  2424900  36.7
2011-07-15  36.91  37.11  36.45  37.08  2467800  37.08
2011-07-14  37.09  37.22  36.4  36.58  2450700  36.58
2011-07-13  36.71  37.37  36.61  36.84  2894100  36.84
2011-07-12  36.8  37.24  36.34  36.35  3361100  36.35
2011-07-11  37.8  38.03  36.96  37.04  1892300  37.04
2011-07-08  38.2  38.64  37.95  38.47  1547900  38.47
2011-07-07  39.45  39.49  38.54  38.82  1927800  38.82
2011-07-06  39.14  39.21  38.38  38.9  1520100  38.9
2011-07-05  39.18  39.68  38.84  39.36  1537700  39.36
2011-07-01  38.6  39.25  38.16  39.16  1568000  39.16
2011-06-30  38.26  38.86  38.12  38.81  1379300  38.81
2011-06-29  37.69  38.45  37.25  38.05  1990500  38.05
2011-06-28  37.32  37.67  36.97  37.56  1984200  37.56
2011-06-27  35.76  36.39  35.69  36.09  1826600  36.09
2011-06-24  36.89  36.96  35.9  35.92  2076300  35.92
2011-06-23  36.42  37.01  35.43  36.93  2871800  36.93
2011-06-22  36.83  37.82  36.73  37.16  1398900  37.16
2011-06-21  36.28  37.12  36.08  37.04  1764300  37.04
2011-06-20  36.06  36.38  35.62  35.96  1264200  35.96
2011-06-17  36.79  36.83  36.13  36.28  1642800  36.28
2011-06-16  36.17  36.74  35.75  36.43  2811500  36.43
2011-06-15  36.53  37.21  36.03  36.05  2466300  36.05
2011-06-14  36.48  37.26  36.39  36.97  1854500  36.97
2011-06-13  36.06  36.73  35.42  36.06  1590600  36.06
2011-06-10  37.32  37.34  36.59  36.61  2172000  36.61
2011-06-09  36.84  37.73  36.56  37.62  2768100  37.62
2011-06-08  37.0  37.29  36.44  36.58  2042800  36.58
2011-06-07  37.28  37.78  36.92  37.05  1799700  37.05
2011-06-06  38.38  38.56  36.81  36.97  1952500  36.97
2011-06-03  37.91  38.87  37.79  38.44  1510000  38.44
2011-06-02  38.2  38.67  37.77  38.59  2925400  38.59
2011-06-01  39.49  39.74  38.03  38.15  2779400  38.15
2011-05-31  40.34  40.46  39.25  39.65  2319300  39.65
2011-05-27  40.16  40.38  39.38  39.73  1342400  39.73
2011-05-26  39.86  40.48  39.64  39.97  2261100  39.97
2011-05-25  40.03  40.22  38.59  40.03  2615700  40.03
2011-05-24  38.62  39.51  38.43  38.85  2786000  38.85
2011-05-23  38.58  38.58  37.88  38.27  1835500  38.27
2011-05-20  39.11  39.98  38.49  39.35  2511600  39.35
2011-05-19  39.5  39.75  38.72  39.26  2067500  39.26
2011-05-18  37.87  39.5  37.87  39.45  2760400  39.45
2011-05-17  37.78  38.27  37.05  37.73  2694900  37.73
2011-05-16  39.21  40.0  37.8  37.96  4668200  37.96
2011-05-13  37.94  38.39  37.5  38.04  3543300  38.04
2011-05-12  37.38  38.37  36.82  37.89  2565200  37.89
2011-05-11  38.37  38.56  37.25  37.49  2886500  37.49
2011-05-10  38.08  38.83  37.82  38.58  1559700  38.58
2011-05-09  37.9  38.54  37.8  38.16  1644900  38.16
2011-05-06  38.07  39.07  37.28  37.62  2344100  37.62
2011-05-05  37.42  38.67  36.88  37.59  2755900  37.59
2011-05-04  39.75  39.96  37.8  37.92  4023500  37.92
2011-05-03  39.01  40.44  38.56  38.71  3894500  38.71
2011-05-02  41.85  42.21  40.12  40.53  1716600  40.53
2011-04-29  40.85  41.75  40.85  41.7  936000  41.7
2011-04-28  40.69  41.74  40.35  40.95  1424900  40.95
2011-04-27  41.9  41.9  40.35  40.88  1587400  40.88
2011-04-26  42.07  42.07  41.58  41.7  1200000  41.7
2011-04-25  42.21  42.39  41.46  41.81  866300  41.81
2011-04-21  42.14  42.42  41.65  42.21  989100  42.21
2011-04-20  42.01  42.1  41.6  42.04  1539400  42.04
2011-04-19  39.97  41.26  39.85  41.21  1774100  41.21
2011-04-18  40.2  40.28  39.51  39.92  2068000  39.92
2011-04-15  40.59  40.96  40.15  40.73  1983300  40.73
2011-04-14  40.45  40.91  40.18  40.79  2028400  40.79
2011-04-13  41.05  41.43  40.37  40.72  1824600  40.72
2011-04-12  40.87  40.97  39.78  40.63  2579800  40.63
2011-04-11  41.81  42.32  41.11  41.25  1832500  41.25
2011-04-08  42.97  43.39  42.22  42.56  1202500  42.56
2011-04-07  42.71  43.1  42.32  42.53  1111500  42.53
2011-04-06  44.69  44.76  42.63  42.79  1616500  42.79
2011-04-05  43.73  44.21  43.43  43.96  1939300  43.96
2011-04-04  44.25  44.47  43.7  43.94  1691600  43.94
2011-04-01  44.56  44.83  44.06  44.19  1757600  44.19
2011-03-31  42.9  44.83  42.9  44.18  3919900  44.18
2011-03-30  43.7  43.8  42.45  42.89  2612600  42.89
2011-03-29  41.17  43.56  41.0  43.46  3614200  43.46
2011-03-28  41.38  41.91  40.99  41.31  1632700  41.31
2011-03-25  41.75  41.75  40.44  41.35  3288200  41.35
2011-03-24  41.7  41.73  40.87  41.72  1761200  41.72
2011-03-23  42.02  42.19  41.22  41.37  1742700  41.37
2011-03-22  42.69  42.69  41.82  42.18  1661100  42.18
2011-03-21  41.31  42.68  41.29  42.65  2259600  42.65
2011-03-18  41.61  42.06  40.34  40.43  2962300  40.43
2011-03-17  40.36  41.76  40.12  41.51  2571000  41.51
2011-03-16  40.51  40.84  39.14  39.62  1885500  39.62
2011-03-15  39.61  40.97  39.22  40.55  2122200  40.55
2011-03-14  40.58  41.21  40.17  41.11  1479300  41.11
2011-03-11  39.11  41.13  39.1  40.89  1746100  40.89
2011-03-10  40.57  40.72  39.57  39.86  2416600  39.86
2011-03-09  41.34  41.94  41.27  41.35  1481600  41.35
2011-03-08  42.12  42.12  41.04  41.46  1675800  41.46
2011-03-07  42.97  43.05  41.56  41.65  2780700  41.65
2011-03-04  42.94  43.32  42.53  42.9  3719400  42.9
2011-03-03  42.97  43.27  42.55  42.76  3289400  42.76
2011-03-02  41.73  42.97  41.62  42.7  4020400  42.7
2011-03-01  42.8  43.0  41.68  41.74  3362800  41.74
2011-02-28  41.05  42.76  40.07  42.67  5139400  42.67
2011-02-25  42.57  43.22  41.12  42.45  6474500  42.45
2011-02-24  39.87  40.26  39.41  39.83  3587900  39.83
2011-02-23  39.73  40.46  39.49  39.7  2444500  39.7
2011-02-22  39.76  40.64  38.98  39.59  2984000  39.59
2011-02-18  40.02  40.15  39.37  39.7  1596900  39.7
2011-02-17  38.68  40.25  38.68  40.11  2442200  40.11
2011-02-16  38.63  39.21  38.42  38.76  2009000  38.76
2011-02-15  38.96  39.01  37.88  38.47  2705500  38.47
2011-02-14  38.05  39.17  38.0  39.11  3248700  39.11
2011-02-11  37.93  38.23  37.63  38.01  2368100  38.01
2011-02-10  37.26  38.17  37.21  38.03  3410300  38.03
2011-02-09  37.31  38.52  37.08  37.65  3896600  37.65
2011-02-08  37.69  37.73  37.06  37.51  2378100  37.51
2011-02-07  37.93  39.0  37.65  37.77  6330900  37.77
2011-02-04  36.91  37.0  36.15  36.58  2218800  36.58
2011-02-03  36.12  36.9  35.59  36.81  2481100  36.81
2011-02-02  35.05  36.65  34.79  36.25  4235300  36.25
2011-02-01  34.59  35.13  34.49  35.06  3250100  35.06
2011-01-31  34.44  34.9  34.16  34.28  3252500  34.28
2011-01-28  34.98  35.06  34.25  34.31  1854200  34.31
2011-01-27  34.88  35.22  34.68  34.98  1594300  34.98
2011-01-26  33.25  34.91  33.19  34.79  2261800  34.79
2011-01-25  32.91  33.13  32.24  33.08  1876300  33.08
2011-01-24  33.31  33.67  32.63  33.1  1739800  33.1
2011-01-21  33.87  33.96  33.12  33.49  2029600  33.49
2011-01-20  33.82  33.85  33.09  33.51  2738100  33.51
2011-01-19  34.84  34.92  34.03  34.09  1229900  34.09
2011-01-18  35.12  35.17  34.53  34.8  2185700  34.8
2011-01-14  34.73  35.4  34.45  35.25  1932300  35.25
2011-01-13  34.65  34.97  34.54  34.85  1658100  34.85
2011-01-12  34.82  35.16  34.37  34.69  1526800  34.69
2011-01-11  33.64  34.5  33.43  34.45  2118100  34.45
2011-01-10  33.05  33.58  32.5  33.41  2332000  33.41
2011-01-07  32.85  33.3  32.65  33.22  2529300  33.22
2011-01-06  33.45  33.45  32.59  32.86  1783900  32.86
2011-01-05  32.98  33.5  32.49  33.46  2518300  33.46
2011-01-04  34.33  34.45  33.06  33.2  3201700  33.2
2011-01-03  35.38  35.38  34.19  34.2  1455900  34.2
2010-12-31  34.76  35.08  34.62  34.91  908400  34.91
2010-12-30  34.75  35.02  34.61  34.78  1028400  34.78
2010-12-29  34.21  34.98  34.12  34.82  1111400  34.82
2010-12-28  34.13  34.24  33.86  34.09  1108700  34.09
2010-12-27  34.39  34.6  33.86  34.02  1397400  34.02
2010-12-23  34.22  34.75  34.13  34.64  1465300  34.64
2010-12-22  34.64  34.65  33.88  34.28  2415600  34.28
2010-12-21  35.07  35.39  34.83  34.91  1554400  34.91
2010-12-20  35.35  35.35  34.27  34.84  2275000  34.84
2010-12-17  33.84  34.41  33.8  34.39  2773700  34.39
2010-12-16  33.65  33.86  32.89  33.79  1957600  33.79
2010-12-15  33.39  33.87  33.26  33.52  2300000  33.52
2010-12-14  33.68  34.19  33.38  33.55  2171800  33.55
2010-12-13  33.86  34.3  33.38  33.58  3469100  33.58
2010-12-10  32.85  33.74  32.73  33.6  3092400  33.6
2010-12-09  31.94  32.88  31.54  32.75  3875900  32.75
2010-12-08  31.7  31.85  31.21  31.72  1911800  31.72
2010-12-07  32.55  32.7  31.5  31.64  1485500  31.64
2010-12-06  32.07  32.15  31.8  32.03  1811700  32.03
2010-12-03  31.82  32.27  31.79  32.2  1920700  32.2
2010-12-02  31.77  32.12  31.4  32.03  2975800  32.03
2010-12-01  30.83  31.17  30.63  31.06  2708100  31.06
2010-11-30  30.22  30.62  29.78  30.15  4777500  30.15
2010-11-29  30.49  30.96  30.08  30.76  2964600  30.76
2010-11-26  30.57  30.7  30.08  30.32  1098300  30.32
2010-11-24  30.7  31.28  30.48  31.05  1660000  31.05
2010-11-23  30.9  30.9  30.04  30.48  1876800  30.48
2010-11-22  31.55  31.6  30.87  31.47  2339500  31.47
2010-11-19  31.22  31.88  30.99  31.59  2496100  31.59
2010-11-18  30.56  31.55  30.43  31.4  4036000  31.4
2010-11-17  29.67  30.4  29.47  30.17  4538800  30.17
2010-11-16  29.88  30.11  29.23  29.72  3385900  29.72
2010-11-15  31.38  31.5  30.58  30.7  2453800  30.7
2010-11-12  31.7  31.73  30.99  31.06  2637100  31.06
2010-11-11  31.52  32.25  31.52  32.07  2153800  32.07
2010-11-10  31.45  32.01  31.06  31.89  2650500  31.89
2010-11-09  32.77  32.84  31.22  31.36  3281800  31.36
2010-11-08  32.02  32.68  32.02  32.57  1626300  32.57
2010-11-05  32.24  32.34  31.89  32.18  2807600  32.18
2010-11-04  31.46  32.36  31.3  32.27  3420300  32.27
2010-11-03  31.54  31.54  30.29  31.04  4355700  31.04
2010-11-02  32.93  33.08  30.59  31.6  6283100  31.6
2010-11-01  33.24  33.44  32.7  32.84  1427200  32.84
2010-10-29  32.03  33.2  32.01  32.9  2211000  32.9
2010-10-28  32.53  32.76  31.93  32.23  1860600  32.23
2010-10-27  32.4  32.5  31.77  32.37  1519200  32.37
2010-10-26  32.34  32.81  31.93  32.68  2104600  32.68
2010-10-25  32.62  32.97  32.25  32.61  2115700  32.61
2010-10-22  32.28  32.39  31.73  32.24  1711000  32.24
2010-10-21  32.37  33.35  31.96  32.16  3232000  32.16
2010-10-20  31.95  32.42  31.75  32.2  3734700  32.2
2010-10-19  31.96  32.54  31.67  31.93  2892800  31.93
2010-10-18  33.0  33.49  32.65  32.71  2912200  32.71
2010-10-15  32.58  33.06  31.96  33.04  3390300  33.04
2010-10-14  31.77  32.37  31.45  32.36  2761200  32.36
2010-10-13  32.14  32.24  31.72  31.79  2270400  31.79
2010-10-12  31.69  32.09  31.23  31.84  2561200  31.84
2010-10-11  32.13  32.29  31.59  31.91  1668700  31.91
2010-10-08  31.25  32.33  31.18  31.95  2029800  31.95
2010-10-07  31.99  31.99  31.06  31.47  2385700  31.47
2010-10-06  31.32  31.79  31.17  31.6  2728300  31.6
2010-10-05  30.55  31.52  30.46  31.25  2870000  31.25
2010-10-04  30.85  30.95  29.86  30.08  2794200  30.08
2010-10-01  30.89  31.26  30.38  31.02  3622000  31.02
2010-09-30  30.39  30.54  29.53  30.36  3382700  30.36
2010-09-29  29.58  30.89  29.52  30.35  2063700  30.35
2010-09-28  29.42  29.84  29.05  29.76  1749400  29.76
2010-09-27  30.0  30.2  29.43  29.46  1702900  29.46
2010-09-24  30.0  30.14  29.54  29.79  2411600  29.79
2010-09-23  29.62  29.81  29.3  29.54  2402400  29.54
2010-09-22  30.85  31.24  29.72  30.03  2849000  30.03
2010-09-21  30.82  31.16  30.54  30.89  2036000  30.89
2010-09-20  29.91  30.99  29.25  30.9  2692600  30.9
2010-09-17  29.56  29.9  29.45  29.59  2122900  29.59
2010-09-16  30.03  30.1  29.5  29.59  2085700  29.59
2010-09-15  30.03  30.55  29.81  30.1  2738000  30.1
2010-09-14  30.11  30.21  29.56  29.69  1846700  29.69
2010-09-13  29.9  30.47  29.85  30.13  2928200  30.13
2010-09-10  29.09  29.78  29.01  29.59  2192600  29.59
2010-09-09  29.27  29.38  28.52  28.97  1631300  28.97
2010-09-08  28.26  28.87  28.19  28.67  2112000  28.67
2010-09-07  28.2  28.38  27.86  28.19  2426500  28.19
2010-09-03  28.27  28.69  27.98  28.4  1888100  28.4
2010-09-02  28.09  28.35  27.3  28.07  2844200  28.07
2010-09-01  26.92  28.39  26.85  28.02  4455300  28.02
2010-08-31  25.64  26.02  25.48  25.71  2095000  25.71
2010-08-30  25.52  26.11  25.27  25.78  2141800  25.78
2010-08-27  24.74  25.64  24.36  25.6  1579600  25.6
2010-08-26  25.17  25.35  24.4  24.53  1769500  24.53
2010-08-25  25.39  25.41  24.69  25.02  2035600  25.02
2010-08-24  25.08  25.91  24.93  25.6  1989300  25.6
2010-08-23  25.39  25.65  25.14  25.6  1792700  25.6
2010-08-20  25.55  25.56  24.86  25.21  1417300  25.21
2010-08-19  26.06  26.49  25.4  25.74  2048100  25.74
2010-08-18  26.43  26.46  25.69  26.26  2115000  26.26
2010-08-17  26.93  27.11  26.45  26.49  1701800  26.49
2010-08-16  25.59  26.59  25.38  26.59  1908200  26.59
2010-08-13  25.4  25.97  25.4  25.76  1466100  25.76
2010-08-12  25.24  25.76  25.12  25.53  1333800  25.53
2010-08-11  26.31  26.47  25.54  25.74  1323300  25.74
2010-08-10  26.55  27.15  26.48  26.96  1665500  26.96
2010-08-09  27.22  27.31  26.93  27.15  1115000  27.15
2010-08-06  26.85  27.14  26.48  27.08  2182100  27.08
2010-08-05  27.63  27.67  27.01  27.2  1776000  27.2
2010-08-04  26.91  27.9  26.91  27.69  3001700  27.69
2010-08-03  26.01  27.13  25.67  26.97  3099700  26.97
2010-08-02  25.79  26.17  25.68  26.03  1662500  26.03
2010-07-30  24.76  25.36  24.62  25.26  1563400  25.26
2010-07-29  25.42  25.71  24.66  25.17  1586900  25.17
2010-07-28  25.42  25.55  24.84  25.15  2155100  25.15
2010-07-27  25.55  25.55  24.7  25.08  2046600  25.08
2010-07-26  25.53  25.55  25.07  25.4  1587900  25.4
2010-07-23  24.72  25.4  24.38  25.34  1740700  25.34
2010-07-22  24.89  25.19  24.48  24.93  1968700  24.93
2010-07-21  24.88  24.98  24.17  24.43  1748200  24.43
2010-07-20  23.54  24.87  23.36  24.75  2754200  24.75
2010-07-19  24.14  24.44  23.74  24.05  2075000  24.05
2010-07-16  24.5  24.61  23.95  24.02  1915800  24.02
2010-07-15  24.63  24.76  23.95  24.68  1983600  24.68
2010-07-14  24.73  24.97  24.34  24.67  1337200  24.67
2010-07-13  24.97  25.19  24.7  24.86  1533100  24.86
2010-07-12  24.17  24.7  24.1  24.53  1801400  24.53
2010-07-09  24.43  24.55  24.0  24.47  2574000  24.47
2010-07-08  24.42  24.56  23.6  24.54  3065200  24.54
2010-07-07  23.29  24.15  23.2  24.08  3232800  24.08
2010-07-06  23.47  23.86  22.78  23.11  4385100  23.11
2010-07-02  21.9  23.03  21.9  22.82  5879500  22.82
2010-07-01  21.79  21.87  20.44  21.69  9624200  21.69
2010-06-30  22.08  22.57  21.87  21.94  5056700  21.94
2010-06-29  22.49  22.49  21.79  22.07  4642900  22.07
2010-06-28  23.63  23.83  22.74  22.87  3676000  22.87
2010-06-25  23.16  23.78  22.82  23.61  3290900  23.61
2010-06-24  23.46  23.5  22.85  22.99  2867700  22.99
2010-06-23  24.23  24.36  23.22  23.61  5304800  23.61
2010-06-22  25.18  25.5  24.22  24.42  3455300  24.42
2010-06-21  25.77  25.92  25.09  25.27  3086400  25.27
2010-06-18  24.76  25.41  24.61  25.26  3881900  25.26
2010-06-17  25.22  25.22  24.35  24.68  3166500  24.68
2010-06-16  24.95  25.55  24.61  25.07  2464200  25.07
2010-06-15  24.34  25.31  24.06  25.17  5004300  25.17
2010-06-14  24.59  24.61  23.53  23.6  5454000  23.6
2010-06-11  23.9  24.46  23.67  24.18  2274700  24.18
2010-06-10  23.58  24.31  23.53  24.28  3321100  24.28
2010-06-09  23.12  24.32  22.74  22.91  5246700  22.91
2010-06-08  22.4  22.99  21.91  22.93  6795000  22.93
2010-06-07  22.82  23.29  22.13  22.21  4227600  22.21
2010-06-04  22.74  23.59  22.52  22.71  6847900  22.71
2010-06-03  25.19  25.28  21.66  23.79  15662700  23.79
2010-06-02  23.67  24.7  23.28  24.68  4985900  24.68
2010-06-01  24.13  24.43  23.05  23.05  5845300  23.05
2010-05-28  26.03  26.03  24.62  24.76  5028000  24.76
2010-05-27  25.38  26.22  24.9  26.17  7722000  26.17
2010-05-26  24.41  25.2  24.29  24.67  7064900  24.67
2010-05-25  22.62  24.01  22.48  23.92  7575600  23.92
2010-05-24  23.85  24.05  23.21  23.32  5070500  23.32
2010-05-21  22.38  23.93  22.3  23.9  8222600  23.9
2010-05-20  23.33  23.41  22.54  22.72  6172700  22.72
2010-05-19  24.31  24.46  23.32  24.02  5723700  24.02
2010-05-18  25.58  25.84  24.25  24.43  4632200  24.43
2010-05-17  25.96  26.04  24.55  25.15  4312900  25.15
2010-05-14  26.06  26.1  25.06  25.93  5204800  25.93
2010-05-13  26.79  27.23  26.25  26.28  2884200  26.28
2010-05-12  27.12  27.53  26.69  27.08  3412200  27.08
2010-05-11  26.72  27.56  26.72  26.93  3089000  26.93
2010-05-10  27.79  27.79  26.71  27.31  4568500  27.31
2010-05-07  27.51  27.8  26.08  26.27  5706500  26.27
2010-05-06  29.02  29.34  25.73  27.69  5498100  27.69
2010-05-05  28.67  29.42  28.24  28.81  3732400  28.81
2010-05-04  30.16  30.16  28.83  29.07  3013200  29.07
2010-05-03  29.74  30.58  29.35  30.24  3559900  30.24
2010-04-30  31.28  31.28  29.28  29.8  5493200  29.8
2010-04-29  32.06  32.42  30.49  31.32  3792800  31.32
2010-04-28  31.22  31.84  31.04  31.75  2892000  31.75
2010-04-27  31.89  31.95  30.8  30.96  3173000  30.96
2010-04-26  32.56  32.82  32.0  32.11  3263800  32.11
2010-04-23  31.99  32.6  31.7  32.5  3050300  32.5
2010-04-22  31.49  32.01  30.94  31.88  4008900  31.88
2010-04-21  31.71  31.98  31.3  31.72  2835500  31.72
2010-04-20  30.82  32.03  30.81  31.78  4071900  31.78
2010-04-19  30.05  30.88  29.9  30.5  3983600  30.5
2010-04-16  31.26  31.45  29.96  30.43  5067600  30.43
2010-04-15  30.95  31.65  30.88  31.15  3076800  31.15
2010-04-14  30.39  30.95  30.21  30.88  3567700  30.88
2010-04-13  30.25  30.25  29.58  30.02  3202600  30.02
2010-04-12  29.99  30.68  29.91  30.23  4599400  30.23
2010-04-09  30.12  30.2  29.82  29.99  2828500  29.99
2010-04-08  29.66  29.84  29.35  29.81  4814800  29.81
2010-04-07  30.75  30.8  29.83  29.95  5496900  29.95
2010-04-06  30.73  31.02  30.44  30.8  3066600  30.8
2010-04-05  30.23  30.77  29.81  30.73  4651100  30.73
2010-04-01  29.42  30.1  29.25  29.93  5320200  29.93
2010-03-31  28.33  29.26  28.15  29.11  5052400  29.11
2010-03-30  27.73  29.4  27.47  28.14  9024400  28.14
2010-03-29  27.31  27.9  27.24  27.63  2432600  27.63
2010-03-26  26.44  27.2  26.41  27.03  4798000  27.03
2010-03-25  26.89  27.05  26.24  26.25  3086700  26.25
2010-03-24  26.61  27.2  26.51  26.7  2848800  26.7
2010-03-23  26.5  27.09  26.47  26.93  2244900  26.93
2010-03-22  26.03  26.74  25.92  26.49  2471200  26.49
2010-03-19  27.03  27.23  26.29  26.39  3630100  26.39
2010-03-18  27.8  28.0  26.81  27.05  2608600  27.05
2010-03-17  27.65  28.05  27.65  27.85  3111400  27.85
2010-03-16  27.18  27.73  26.88  27.69  3655500  27.69
2010-03-15  27.3  27.36  26.58  26.96  2541300  26.96
2010-03-12  28.07  28.29  27.29  27.52  4122600  27.52
2010-03-11  28.0  28.0  27.66  27.9  2288400  27.9
2010-03-10  27.74  28.2  27.42  28.16  3370500  28.16
2010-03-09  27.41  28.0  27.28  27.68  2346600  27.68
2010-03-08  27.95  28.07  27.38  27.78  2712300  27.78
2010-03-05  27.66  28.0  27.59  27.85  2212400  27.85
2010-03-04  27.63  27.95  27.13  27.42  3379500  27.42
2010-03-03  27.83  27.92  27.45  27.5  5502600  27.5
2010-03-02  26.97  27.64  26.72  27.41  6100000  27.41
2010-03-01  27.04  27.69  26.68  27.32  6254500  27.32
2010-02-26  25.7  26.19  25.59  26.02  6447100  26.02
2010-02-25  24.3  25.65  24.04  25.62  5993700  25.62
2010-02-24  24.5  24.99  24.33  24.78  3218900  24.78
2010-02-23  24.83  25.01  24.27  24.5  3833100  24.5
2010-02-22  25.5  25.51  24.78  25.06  3535500  25.06
2010-02-19  24.7  25.63  24.63  25.24  4488400  25.24
2010-02-18  24.41  24.81  24.14  24.65  3518700  24.65
2010-02-17  23.97  24.59  23.84  24.45  3470900  24.45
2010-02-16  23.55  23.99  23.52  23.94  3063500  23.94
2010-02-12  23.02  23.46  22.8  23.24  3709000  23.24
2010-02-11  22.7  23.47  22.44  23.43  3073500  23.43
2010-02-10  22.12  23.03  21.9  22.7  4708000  22.7
2010-02-09  21.91  22.37  21.79  22.17  2815100  22.17
2010-02-08  21.98  22.25  21.52  21.56  2312700  21.56
2010-02-05  22.0  22.22  21.21  21.93  4351400  21.93
2010-02-04  22.69  22.69  21.89  21.92  4132100  21.92
2010-02-03  22.94  23.2  22.7  22.9  3299400  22.9
2010-02-02  22.36  22.76  22.24  22.69  2407700  22.69
2010-02-01  21.81  22.34  21.68  22.25  1714800  22.25
2010-01-29  22.41  22.72  21.33  21.48  3304900  21.48
2010-01-28  22.78  23.0  22.0  22.09  2639500  22.09
2010-01-27  22.66  23.0  22.08  22.58  3621100  22.58
2010-01-26  22.41  22.96  22.02  22.39  3015300  22.39
2010-01-25  22.34  22.79  22.29  22.5  2303700  22.5
2010-01-22  22.63  22.64  22.0  22.1  4688800  22.1
2010-01-21  23.57  23.67  22.77  22.83  3119500  22.83
2010-01-20  23.62  23.85  23.23  23.48  2898800  23.48
2010-01-19  24.09  24.09  23.69  24.05  4576500  24.05
2010-01-15  24.74  24.74  23.85  24.13  3692800  24.13
2010-01-14  24.82  25.08  24.32  24.93  2404500  24.93
2010-01-13  24.93  24.93  24.26  24.86  3191000  24.86
2010-01-12  25.33  25.54  24.81  24.93  2994200  24.93
2010-01-11  25.5  26.16  25.26  25.75  4838900  25.75
2010-01-08  24.04  25.31  23.86  25.25  4277900  25.25
2010-01-07  24.25  24.3  23.89  24.0  2096500  24.0
2010-01-06  23.72  24.53  23.49  24.28  3154600  24.28
2010-01-05  24.01  24.31  23.73  23.77  3085000  23.77
2010-01-04  23.36  24.11  23.21  24.04  3728400  24.04
