Date  Open  High  Low  Close  Volume  Adj Close
2014-02-28  10.58  10.77  10.54  10.64  13617200  10.64
2014-02-27  10.51  10.59  10.43  10.57  7872000  10.57
2014-02-26  10.48  10.53  10.39  10.52  10871600  10.52
2014-02-25  10.46  10.52  10.38  10.45  13184200  10.45
2014-02-24  10.29  10.49  10.27  10.44  12908500  10.44
2014-02-21  10.22  10.37  10.19  10.24  10904700  10.24
2014-02-20  10.1  10.26  10.03  10.22  13315400  10.22
2014-02-19  10.35  10.37  10.07  10.1  13759000  10.1
2014-02-18  10.35  10.42  10.33  10.37  6282000  10.37
2014-02-14  10.3  10.42  10.28  10.35  7538400  10.35
2014-02-13  10.15  10.31  10.13  10.3  8496400  10.3
2014-02-12  10.3  10.43  10.22  10.25  9325400  10.25
2014-02-11  10.19  10.33  10.11  10.3  12210800  10.3
2014-02-10  10.24  10.3  10.12  10.2  10865400  10.2
2014-02-07  10.31  10.38  10.11  10.23  17551700  10.23
2014-02-06  9.92  10.28  9.88  10.27  17491000  10.27
2014-02-05  9.93  9.98  9.83  9.9  14989100  9.9
2014-02-04  9.91  10.14  9.81  9.97  15435900  9.97
2014-02-03  10.19  10.19  9.79  9.82  18259200  9.82
2014-01-31  10.29  10.31  10.15  10.17  15592400  10.17
2014-01-30  10.43  10.45  10.3  10.43  8568200  10.43
2014-01-29  10.47  10.5  10.23  10.31  18508700  10.31
2014-01-28  10.55  10.59  10.37  10.53  13402700  10.53
2014-01-27  10.6  10.61  10.32  10.41  16709100  10.41
2014-01-24  10.84  10.88  10.52  10.55  22183200  10.55
2014-01-23  10.94  10.95  10.76  10.92  24655000  10.92
2014-01-22  10.88  11.08  10.84  11.02  20300200  11.02
2014-01-21  10.61  10.91  10.5  10.86  39727600  10.86
2014-01-17  10.5  10.68  10.5  10.57  23296400  10.57
2014-01-16  10.55  10.57  10.41  10.48  13848300  10.48
2014-01-15  10.43  10.69  10.43  10.63  22993200  10.63
2014-01-14  10.42  10.49  10.29  10.37  17881900  10.37
2014-01-13  10.46  10.51  10.26  10.31  16696700  10.31
2014-01-10  10.39  10.51  10.33  10.48  20615600  10.48
2014-01-09  10.27  10.46  10.27  10.45  33896400  10.45
2014-01-08  10.11  10.29  10.09  10.25  18251300  10.25
2014-01-07  10.19  10.22  10.03  10.1  21812600  10.1
2014-01-06  10.03  10.19  10.02  10.07  26432000  10.07
2014-01-03  9.92  9.96  9.83  9.87  6671400  9.87
2014-01-02  9.86  9.99  9.83  9.89  12170200  9.89
2013-12-31  9.84  9.93  9.81  9.89  6774500  9.89
2013-12-30  9.83  9.86  9.77  9.84  4707200  9.84
2013-12-27  9.9  9.9  9.8  9.83  4730400  9.83
2013-12-26  9.85  9.91  9.84  9.88  5327200  9.88
2013-12-24  9.81  9.87  9.77  9.85  3982800  9.85
2013-12-23  9.66  9.83  9.64  9.82  7419600  9.82
2013-12-20  9.64  9.72  9.58  9.63  17570900  9.63
2013-12-19  9.54  9.65  9.52  9.59  10970000  9.59
2013-12-18  9.58  9.62  9.44  9.6  18371400  9.6
2013-12-17  9.56  9.61  9.5  9.52  8037700  9.52
2013-12-16  9.61  9.63  9.54  9.57  8494400  9.57
2013-12-13  9.52  9.56  9.45  9.53  14538200  9.53
2013-12-12  9.41  9.61  9.39  9.52  14537900  9.52
2013-12-11  9.65  9.66  9.39  9.42  15199700  9.42
2013-12-10  9.59  9.64  9.32  9.53  26578100  9.53
2013-12-09  9.73  9.76  9.58  9.6  15019300  9.6
2013-12-06  9.66  9.79  9.65  9.68  16302600  9.68
2013-12-05  9.54  9.65  9.52  9.53  10329700  9.53
2013-12-04  9.53  9.79  9.52  9.64  15705500  9.64
2013-12-03  9.7  9.74  9.46  9.52  16219300  9.52
2013-12-02  9.71  9.9  9.7  9.71  12211500  9.71
2013-11-29  9.8  9.81  9.67  9.7  4863500  9.7
2013-11-27  9.73  9.9  9.71  9.79  9213000  9.79
2013-11-26  9.83  9.87  9.72  9.73  10263400  9.73
2013-11-25  9.88  9.95  9.78  9.79  9733100  9.79
2013-11-22  9.74  9.83  9.67  9.83  7004400  9.83
2013-11-21  9.55  9.8  9.55  9.71  11750500  9.71
2013-11-20  9.56  9.67  9.53  9.58  12090600  9.58
2013-11-19  9.64  9.64  9.49  9.55  13752900  9.55
2013-11-18  9.83  9.86  9.62  9.63  12320000  9.63
2013-11-15  9.81  9.87  9.75  9.82  17799900  9.82
2013-11-14  9.69  9.79  9.61  9.78  12771100  9.78
2013-11-13  9.59  9.68  9.53  9.64  8358900  9.64
2013-11-12  9.73  9.77  9.56  9.61  10934000  9.61
2013-11-11  9.73  9.81  9.66  9.77  10476800  9.77
2013-11-08  9.27  9.75  9.26  9.75  37095500  9.75
2013-11-07  9.45  9.47  9.22  9.23  18588100  9.23
2013-11-06  9.56  9.56  9.32  9.42  21563400  9.42
2013-11-05  9.41  9.55  9.34  9.51  14482500  9.51
2013-11-04  9.53  9.58  9.42  9.42  12847000  9.42
2013-11-01  9.59  9.72  9.5  9.52  14832000  9.52
2013-10-31  9.52  9.65  9.46  9.6  46873700  9.6
2013-10-30  9.5  9.57  9.46  9.51  16111500  9.51
2013-10-29  9.57  9.6  9.46  9.47  15554200  9.47
2013-10-28  9.48  9.61  9.41  9.53  11539600  9.53
2013-10-25  9.51  9.55  9.37  9.46  16669800  9.46
2013-10-24  9.47  9.53  9.38  9.51  17386300  9.51
2013-10-23  9.56  9.65  9.48  9.56  22468800  9.56
2013-10-22  9.73  9.92  9.5  9.65  51792600  9.65
2013-10-21  10.02  10.1  9.93  10.01  20361200  10.01
2013-10-18  9.92  10.09  9.87  10.08  31126400  10.08
2013-10-17  9.74  9.92  9.69  9.91  16369300  9.91
2013-10-16  9.62  9.8  9.61  9.78  13392200  9.78
2013-10-15  9.67  9.69  9.5  9.54  11439100  9.54
2013-10-14  9.51  9.7  9.47  9.69  12353600  9.69
2013-10-11  9.4  9.62  9.37  9.56  16567100  9.56
2013-10-10  9.39  9.52  9.35  9.44  25179500  9.44
2013-10-09  9.22  9.3  9.16  9.25  14863400  9.25
2013-10-08  9.25  9.38  9.18  9.19  14940800  9.19
2013-10-07  9.3  9.36  9.24  9.24  9151500  9.24
2013-10-04  9.29  9.44  9.28  9.4  11716900  9.4
2013-10-03  9.3  9.4  9.2  9.27  17761100  9.27
2013-10-02  9.26  9.38  9.22  9.3  9730600  9.3
2013-10-01  9.23  9.39  9.23  9.37  12132200  9.37
2013-09-30  9.13  9.3  9.09  9.23  13037600  9.23
2013-09-27  9.21  9.44  9.16  9.27  20922200  9.27
2013-09-26  9.22  9.29  9.1  9.15  7553500  9.15
2013-09-25  9.15  9.32  9.01  9.22  19929600  9.22
2013-09-24  8.97  9.24  8.81  9.16  23539200  9.16
2013-09-23  9.22  9.23  9.0  9.04  22966200  9.04
2013-09-20  9.21  9.29  9.15  9.26  20894200  9.26
2013-09-19  9.59  9.61  9.12  9.18  36857600  9.18
2013-09-18  9.61  9.72  9.53  9.58  15766600  9.58
2013-09-17  9.57  9.61  9.51  9.61  11419200  9.61
2013-09-16  9.61  9.62  9.51  9.56  9681800  9.56
2013-09-13  9.43  9.51  9.37  9.49  6917000  9.49
2013-09-12  9.51  9.54  9.41  9.45  8416300  9.45
2013-09-11  9.61  9.64  9.47  9.52  8174000  9.52
2013-09-10  9.54  9.68  9.52  9.6  16719000  9.6
2013-09-09  9.53  9.54  9.37  9.48  15267000  9.48
2013-09-06  9.58  9.6  9.32  9.49  13253900  9.49
2013-09-05  9.44  9.58  9.44  9.51  9079300  9.51
2013-09-04  9.31  9.53  9.28  9.43  16323600  9.43
2013-09-03  9.47  9.59  9.22  9.29  14264700  9.29
2013-08-30  9.47  9.48  9.29  9.34  9168700  9.34
2013-08-29  9.35  9.56  9.33  9.43  10545600  9.43
2013-08-28  9.39  9.47  9.28  9.38  14454000  9.38
2013-08-27  9.63  9.64  9.39  9.4  20356800  9.4
2013-08-26  9.87  9.89  9.74  9.75  10436100  9.75
2013-08-23  10.04  10.07  9.83  9.88  9969400  9.88
2013-08-22  9.8  10.04  9.77  10.0  12848900  10.0
2013-08-21  9.78  9.91  9.66  9.78  18017000  9.78
2013-08-20  9.62  9.9  9.6  9.8  21645800  9.8
2013-08-19  9.78  9.82  9.62  9.62  14287800  9.62
2013-08-16  9.72  9.89  9.72  9.78  14188700  9.78
2013-08-15  9.77  9.84  9.7  9.75  14222200  9.75
2013-08-14  9.81  9.92  9.79  9.89  12576200  9.89
2013-08-13  9.84  9.9  9.7  9.82  11294200  9.82
2013-08-12  9.8  9.91  9.75  9.79  15257800  9.79
2013-08-09  9.86  9.99  9.85  9.86  10860200  9.86
2013-08-08  9.94  9.99  9.82  9.87  11255100  9.87
2013-08-07  9.94  9.94  9.81  9.85  12508300  9.85
2013-08-06  10.18  10.18  9.95  9.96  13452000  9.96
2013-08-05  10.17  10.23  10.11  10.19  7204200  10.19
2013-08-02  10.16  10.25  10.08  10.18  12861300  10.18
2013-08-01  10.06  10.24  9.99  10.2  18890800  10.2
2013-07-31  10.03  10.22  9.94  9.95  27569700  9.95
2013-07-30  10.07  10.13  9.93  9.98  17276200  9.98
2013-07-29  10.17  10.18  9.95  10.0  13308000  10.0
2013-07-26  10.04  10.19  10.01  10.17  10978700  10.17
2013-07-25  10.15  10.27  10.04  10.12  16872400  10.12
2013-07-24  10.4  10.46  10.16  10.16  19704400  10.16
2013-07-23  10.3  10.37  10.09  10.36  34590500  10.36
2013-07-22  10.17  10.36  10.15  10.36  19519500  10.36
2013-07-19  10.21  10.22  10.04  10.17  13346400  10.17
2013-07-18  9.9  10.21  9.82  10.17  16414100  10.17
2013-07-17  9.72  9.93  9.71  9.92  13162600  9.92
2013-07-16  9.88  9.91  9.65  9.68  25940500  9.68
2013-07-15  10.02  10.06  9.86  9.87  13011300  9.87
2013-07-12  9.88  9.96  9.82  9.94  14176600  9.94
2013-07-11  10.22  10.23  9.67  9.82  25174700  9.82
2013-07-10  10.15  10.16  9.95  10.07  18114300  10.07
2013-07-09  10.18  10.21  9.98  10.14  19810500  10.14
2013-07-08  10.25  10.28  10.09  10.09  16502800  10.09
2013-07-05  9.95  10.12  9.9  10.12  13319200  10.12
2013-07-03  9.69  9.83  9.59  9.82  9560100  9.82
2013-07-02  9.69  9.88  9.67  9.76  18019700  9.76
2013-07-01  9.56  9.74  9.55  9.68  12806200  9.68
2013-06-28  9.64  9.65  9.46  9.47  15855500  9.47
2013-06-27  9.54  9.65  9.48  9.65  20494800  9.65
2013-06-26  9.35  9.48  9.31  9.47  22702400  9.47
2013-06-25  9.13  9.25  9.07  9.21  13056800  9.21
2013-06-24  8.95  9.55  8.9  9.04  26617900  9.04
2013-06-21  9.09  9.12  8.96  9.04  29187300  9.04
2013-06-20  8.9  9.1  8.89  9.0  29187500  9.0
2013-06-19  9.01  9.09  8.96  9.01  18897200  9.01
2013-06-18  8.94  9.07  8.86  9.05  14771100  9.05
2013-06-17  9.02  9.02  8.86  8.91  14743500  8.91
2013-06-14  9.08  9.11  8.85  8.92  14164100  8.92
2013-06-13  9.0  9.12  8.91  9.11  11367700  9.11
2013-06-12  9.19  9.29  8.93  9.01  18000900  9.01
2013-06-11  9.15  9.28  9.1  9.13  18512700  9.13
2013-06-10  9.21  9.31  9.07  9.27  22035500  9.27
2013-06-07  9.01  9.16  8.89  9.12  20071900  9.12
2013-06-06  8.78  8.95  8.74  8.94  15185500  8.94
2013-06-05  8.86  8.92  8.74  8.8  18810000  8.8
2013-06-04  9.04  9.12  8.85  8.89  19924900  8.89
2013-06-03  9.07  9.13  8.81  9.03  22932200  9.03
2013-05-31  9.27  9.35  9.04  9.04  17333800  9.04
2013-05-30  9.17  9.39  9.16  9.29  15413600  9.29
2013-05-29  9.06  9.25  9.04  9.17  14873500  9.17
2013-05-28  9.14  9.22  9.1  9.14  15628300  9.14
2013-05-24  8.86  9.02  8.86  9.01  12234400  9.01
2013-05-23  8.83  9.0  8.73  8.9  15793900  8.9
2013-05-22  9.06  9.25  8.89  8.93  16338900  8.93
2013-05-21  9.1  9.14  9.03  9.07  10670600  9.07
2013-05-20  8.95  9.1  8.94  9.06  13365200  9.06
2013-05-17  8.91  9.0  8.88  8.96  15019300  8.96
2013-05-16  9.05  9.1  8.82  8.87  14737300  8.87
2013-05-15  8.89  9.1  8.86  9.05  15372000  9.05
2013-05-14  8.77  8.91  8.76  8.91  13326800  8.91
2013-05-13  8.75  8.83  8.7  8.76  9172900  8.76
2013-05-10  8.73  8.81  8.65  8.73  9702400  8.73
2013-05-09  8.72  8.84  8.7  8.73  15172600  8.73
2013-05-08  8.64  8.76  8.62  8.73  10197100  8.73
2013-05-07  8.69  8.72  8.57  8.65  12495400  8.65
2013-05-06  8.49  8.63  8.48  8.63  7999100  8.63
2013-05-03  8.47  8.57  8.46  8.5  13233900  8.5
2013-05-02  8.35  8.47  8.29  8.38  13190500  8.38
2013-05-01  8.38  8.44  8.34  8.35  17214600  8.35
2013-04-30  8.3  8.41  8.28  8.41  19998800  8.41
2013-04-29  8.32  8.36  8.29  8.34  12958600  8.34
2013-04-26  8.3  8.31  8.17  8.29  18355800  8.29
2013-04-25  8.15  8.31  8.15  8.24  15781600  8.24
2013-04-24  7.94  8.15  7.91  8.14  16023300  8.14
2013-04-23  7.84  8.04  7.77  7.93  24312100  7.93
2013-04-22  7.79  7.79  7.61  7.66  13024700  7.66
2013-04-19  7.67  7.77  7.56  7.76  12312800  7.76
2013-04-18  7.74  7.76  7.55  7.6  15995200  7.6
2013-04-17  7.81  7.83  7.64  7.72  12784800  7.72
2013-04-16  7.83  7.91  7.8  7.89  16890900  7.89
2013-04-15  8.04  8.05  7.73  7.73  14878900  7.73
2013-04-12  8.07  8.16  7.99  8.03  9023200  8.03
2013-04-11  8.16  8.17  8.03  8.14  7872600  8.14
2013-04-10  8.04  8.17  8.01  8.15  11696600  8.15
2013-04-09  7.99  8.04  7.88  8.0  15188100  8.0
2013-04-08  7.88  7.96  7.76  7.96  10312400  7.96
2013-04-05  7.73  7.94  7.68  7.91  14532400  7.91
2013-04-04  7.79  7.91  7.78  7.89  8922800  7.89
2013-04-03  7.94  7.97  7.74  7.8  15034200  7.8
2013-04-02  7.95  8.01  7.89  7.96  20246800  7.96
2013-04-01  8.11  8.14  7.89  7.94  9929800  7.94
2013-03-28  8.12  8.16  8.03  8.11  7841100  8.11
2013-03-27  8.16  8.16  8.04  8.14  11296300  8.14
2013-03-26  8.24  8.27  8.14  8.22  13455100  8.22
2013-03-25  8.21  8.23  8.09  8.2  9926500  8.2
2013-03-22  8.18  8.19  8.09  8.13  17160700  8.13
2013-03-21  8.28  8.31  8.13  8.14  10010700  8.14
2013-03-20  8.29  8.36  8.24  8.32  13419700  8.32
2013-03-19  8.23  8.26  8.14  8.21  15083100  8.21
2013-03-18  8.19  8.26  8.13  8.19  10948100  8.19
2013-03-15  8.25  8.34  8.21  8.28  28238200  8.28
2013-03-14  8.21  8.26  8.08  8.23  22810100  8.23
2013-03-13  8.06  8.19  7.97  8.17  15792200  8.17
2013-03-12  8.19  8.24  8.03  8.04  16614700  8.04
2013-03-11  8.06  8.26  8.05  8.22  12761300  8.22
2013-03-08  8.22  8.27  7.96  8.06  23946100  8.06
2013-03-07  7.98  8.15  7.96  8.13  14117700  8.13
2013-03-06  7.89  8.11  7.88  7.95  28197600  7.95
2013-03-05  7.84  7.92  7.8  7.84  17692800  7.84
2013-03-04  7.59  7.8  7.57  7.77  18824200  7.77
2013-03-01  7.52  7.64  7.47  7.63  17651400  7.63
2013-02-28  7.56  7.64  7.48  7.57  11554400  7.57
2013-02-27  7.42  7.58  7.39  7.54  11430600  7.54
2013-02-26  7.45  7.49  7.34  7.42  15518100  7.42
2013-02-25  7.75  7.78  7.4  7.4  18348500  7.4
2013-02-22  7.58  7.7  7.55  7.69  15388000  7.69
2013-02-21  7.6  7.67  7.46  7.51  23973600  7.51
2013-02-20  7.84  7.86  7.62  7.63  14877000  7.63
2013-02-19  7.77  7.88  7.76  7.87  12233800  7.87
2013-02-15  7.84  7.87  7.74  7.77  10253700  7.77
2013-02-14  7.74  7.83  7.73  7.83  12751900  7.83
2013-02-13  7.88  7.89  7.76  7.77  18352200  7.77
2013-02-12  7.88  7.89  7.79  7.85  11306400  7.85
2013-02-11  7.87  7.89  7.79  7.86  17158600  7.86
2013-02-08  7.88  7.88  7.82  7.85  8908400  7.85
2013-02-07  7.87  7.91  7.78  7.87  13759800  7.87
2013-02-06  7.82  7.91  7.78  7.86  16963200  7.86
2013-02-05  7.79  7.89  7.73  7.85  15305000  7.85
2013-02-04  7.74  7.79  7.67  7.73  10836800  7.73
2013-02-01  7.76  7.88  7.72  7.8  17800100  7.8
2013-01-31  7.53  7.73  7.48  7.7  26415700  7.7
2013-01-30  7.63  7.8  7.57  7.73  23375700  7.73
2013-01-29  7.6  7.67  7.59  7.63  19986400  7.63
2013-01-28  7.59  7.67  7.51  7.63  11641200  7.63
2013-01-25  7.65  7.69  7.55  7.61  12567700  7.61
2013-01-24  7.58  7.65  7.55  7.59  12471000  7.59
2013-01-23  7.67  7.77  7.56  7.58  22621500  7.58
2013-01-22  7.39  7.73  7.37  7.68  37498500  7.68
2013-01-18  7.39  7.49  7.27  7.35  18960500  7.35
2013-01-17  7.33  7.47  7.27  7.37  20294300  7.37
2013-01-16  7.25  7.37  7.22  7.3  21398100  7.3
2013-01-15  7.07  7.24  7.05  7.21  19088600  7.21
2013-01-14  7.16  7.2  7.08  7.11  13721500  7.11
2013-01-11  7.28  7.28  7.07  7.16  18322100  7.16
2013-01-10  7.25  7.31  7.16  7.27  17753800  7.27
2013-01-09  7.34  7.38  7.19  7.22  15827800  7.22
2013-01-08  7.36  7.4  7.2  7.32  14243500  7.32
2013-01-07  7.51  7.51  7.33  7.38  13545500  7.38
2013-01-04  7.29  7.51  7.29  7.51  22613400  7.51
2013-01-03  7.22  7.29  7.12  7.25  22191900  7.25
2013-01-02  7.24  7.29  7.09  7.23  17693800  7.23
2012-12-31  6.81  7.06  6.8  7.05  13624400  7.05
2012-12-28  6.86  6.94  6.85  6.86  7146900  6.86
2012-12-27  6.96  7.0  6.83  6.92  10721100  6.92
2012-12-26  6.93  7.0  6.91  6.94  7859900  6.94
2012-12-24  6.96  7.02  6.87  6.92  8580900  6.92
2012-12-21  7.02  7.1  6.94  7.03  27942100  7.03
2012-12-20  6.97  7.11  6.96  7.1  13758300  7.1
2012-12-19  7.11  7.11  6.95  6.97  25171800  6.97
2012-12-18  6.93  7.01  6.85  6.97  26744500  6.97
2012-12-17  6.69  6.85  6.65  6.84  12274700  6.84
2012-12-14  6.66  6.69  6.63  6.63  8104500  6.63
2012-12-13  6.69  6.73  6.61  6.66  11013200  6.66
2012-12-12  6.73  6.83  6.67  6.71  17598900  6.71
2012-12-11  6.67  6.74  6.63  6.68  10245600  6.68
2012-12-10  6.54  6.7  6.5  6.63  11709500  6.63
2012-12-07  6.46  6.57  6.46  6.56  9829800  6.56
2012-12-06  6.56  6.57  6.4  6.46  10795600  6.46
2012-12-05  6.4  6.52  6.33  6.49  23887200  6.49
2012-12-04  6.48  6.5  6.32  6.37  19936000  6.37
2012-12-03  6.61  6.65  6.48  6.5  11320800  6.5
2012-11-30  6.6  6.64  6.52  6.59  14760800  6.59
2012-11-29  6.57  6.64  6.55  6.59  13022900  6.59
2012-11-28  6.47  6.56  6.41  6.54  11786100  6.54
2012-11-27  6.6  6.65  6.51  6.51  16357400  6.51
2012-11-26  6.6  6.6  6.47  6.57  12192200  6.57
2012-11-23  6.53  6.61  6.48  6.61  4336100  6.61
2012-11-21  6.54  6.55  6.41  6.5  7115800  6.5
2012-11-20  6.4  6.55  6.33  6.53  19592600  6.53
2012-11-19  6.35  6.44  6.32  6.39  13808300  6.39
2012-11-16  6.3  6.34  6.11  6.24  26944600  6.24
2012-11-15  6.15  6.33  6.11  6.22  25281900  6.22
2012-11-14  6.4  6.44  6.16  6.17  23220300  6.17
2012-11-13  6.4  6.53  6.36  6.37  18309400  6.37
2012-11-12  6.41  6.51  6.33  6.45  15816400  6.45
2012-11-09  6.28  6.47  6.27  6.37  14840500  6.37
2012-11-08  6.47  6.58  6.3  6.3  27716700  6.3
2012-11-07  6.59  6.62  6.44  6.45  26524100  6.45
2012-11-06  6.52  6.74  6.51  6.72  19538800  6.72
2012-11-05  6.51  6.55  6.45  6.5  17183800  6.5
2012-11-02  6.67  6.7  6.54  6.58  24937700  6.58
2012-11-01  6.46  6.6  6.36  6.6  23302400  6.6
2012-10-31  6.56  6.57  6.28  6.44  25591900  6.44
2012-10-26  6.52  6.54  6.37  6.5  26657000  6.5
2012-10-25  6.43  6.53  6.33  6.53  26533000  6.53
2012-10-24  6.51  6.55  6.3  6.38  30320300  6.38
2012-10-23  6.49  6.62  6.36  6.46  78830800  6.46
2012-10-22  6.99  7.12  6.89  6.99  29660100  6.99
2012-10-19  7.11  7.13  6.92  7.04  19641500  7.04
2012-10-18  7.13  7.26  7.06  7.13  21805800  7.13
2012-10-17  7.05  7.19  6.99  7.09  24020200  7.09
2012-10-16  7.32  7.36  6.96  7.02  29515100  7.02
2012-10-15  7.24  7.31  7.1  7.3  20387000  7.3
2012-10-12  7.37  7.44  7.16  7.19  22036700  7.19
2012-10-11  7.57  7.6  7.51  7.53  12061600  7.53
2012-10-10  7.33  7.51  7.33  7.46  15323100  7.46
2012-10-09  7.42  7.46  7.32  7.34  12167700  7.34
2012-10-08  7.42  7.51  7.38  7.41  9858800  7.41
2012-10-05  7.51  7.63  7.42  7.48  17987200  7.48
2012-10-04  7.26  7.54  7.25  7.42  44795100  7.42
2012-10-03  7.11  7.33  7.06  7.23  16736500  7.23
2012-10-02  7.1  7.11  7.01  7.08  12283200  7.08
2012-10-01  7.16  7.22  7.03  7.04  11909800  7.04
2012-09-28  7.12  7.19  7.08  7.11  10087700  7.11
2012-09-27  7.15  7.23  7.07  7.19  16239800  7.19
2012-09-26  7.08  7.16  6.99  7.06  16307300  7.06
2012-09-25  7.36  7.4  7.11  7.12  16901000  7.12
2012-09-24  7.36  7.44  7.32  7.35  12356700  7.35
2012-09-21  7.64  7.64  7.41  7.43  18249300  7.43
2012-09-20  7.48  7.51  7.28  7.49  25494200  7.49
2012-09-19  7.21  7.61  7.2  7.56  43641900  7.56
2012-09-18  7.3  7.32  7.16  7.19  17647700  7.19
2012-09-17  7.51  7.52  7.29  7.3  16627700  7.3
2012-09-14  7.57  7.64  7.49  7.53  28851200  7.53
2012-09-13  7.21  7.54  7.14  7.5  31098100  7.5
2012-09-12  7.29  7.32  7.18  7.2  19857900  7.2
2012-09-11  7.33  7.38  7.17  7.23  19691000  7.23
2012-09-10  7.4  7.48  7.31  7.32  17988100  7.32
2012-09-07  7.16  7.3  7.13  7.27  14310200  7.27
2012-09-06  6.94  7.12  6.93  7.12  19027800  7.12
2012-09-05  6.91  6.93  6.87  6.9  7440500  6.9
2012-09-04  6.88  6.93  6.81  6.92  10960700  6.92
2012-08-31  6.99  7.0  6.86  6.87  13472100  6.87
2012-08-30  6.92  6.96  6.87  6.94  9792900  6.94
2012-08-29  7.01  7.05  6.93  6.95  7254400  6.95
2012-08-28  6.98  7.05  6.94  7.01  8419900  7.01
2012-08-27  7.11  7.14  6.96  7.0  8758300  7.0
2012-08-24  6.87  7.1  6.86  7.08  11452000  7.08
2012-08-23  7.0  7.03  6.89  6.92  9530500  6.92
2012-08-22  6.9  7.02  6.86  6.99  11480800  6.99
2012-08-21  7.05  7.11  6.92  6.94  10697900  6.94
2012-08-20  7.04  7.1  7.0  7.03  7563500  7.03
2012-08-17  7.07  7.07  7.01  7.06  9880200  7.06
2012-08-16  6.96  7.07  6.88  7.04  14300200  7.04
2012-08-15  6.94  6.98  6.89  6.95  9341800  6.95
2012-08-14  6.93  7.03  6.88  6.95  19726600  6.95
2012-08-13  6.87  6.91  6.77  6.9  14514300  6.9
2012-08-10  6.82  6.91  6.8  6.91  9166000  6.91
2012-08-09  6.8  6.88  6.78  6.88  15703400  6.88
2012-08-08  6.83  6.91  6.81  6.83  14447300  6.83
2012-08-07  6.95  7.0  6.86  6.87  16338400  6.87
2012-08-06  6.95  6.99  6.9  6.91  13054000  6.91
2012-08-03  6.75  6.92  6.72  6.84  19831800  6.84
2012-08-02  6.69  6.8  6.59  6.63  24547200  6.63
2012-08-01  6.92  6.95  6.75  6.77  17424300  6.77
2012-07-31  6.92  6.98  6.87  6.87  14849100  6.87
2012-07-30  6.98  7.04  6.94  6.95  14821100  6.95
2012-07-27  7.03  7.07  6.87  7.0  23248600  7.0
2012-07-26  6.87  6.99  6.83  6.97  25423800  6.97
2012-07-25  6.63  6.86  6.58  6.82  54846100  6.82
2012-07-24  6.62  6.71  6.44  6.56  55122200  6.56
2012-07-23  6.19  6.33  6.13  6.3  19290200  6.3
2012-07-20  6.41  6.58  6.29  6.32  24504700  6.32
2012-07-19  6.67  6.68  6.49  6.56  13646200  6.56
2012-07-18  6.7  6.74  6.6  6.63  14706800  6.63
2012-07-17  6.63  6.77  6.56  6.76  22593800  6.76
2012-07-16  6.57  6.62  6.52  6.57  8572300  6.57
2012-07-13  6.4  6.62  6.38  6.61  10887200  6.61
2012-07-12  6.39  6.44  6.32  6.38  17688100  6.38
2012-07-11  6.33  6.51  6.31  6.47  17732200  6.47
2012-07-10  6.59  6.59  6.26  6.34  19003300  6.34
2012-07-09  6.58  6.61  6.4  6.54  17789100  6.54
2012-07-06  6.57  6.64  6.51  6.59  12283000  6.59
2012-07-05  6.74  6.78  6.64  6.65  12849100  6.65
2012-07-03  6.76  6.83  6.72  6.77  7056400  6.77
2012-07-02  6.73  6.76  6.58  6.76  16385300  6.76
2012-06-29  6.65  6.66  6.56  6.66  13872500  6.66
2012-06-28  6.22  6.5  6.16  6.45  26919600  6.45
2012-06-27  6.31  6.34  6.18  6.32  38252700  6.32
2012-06-26  6.37  6.42  6.17  6.27  30158900  6.27
2012-06-25  6.46  6.46  6.29  6.31  12591700  6.31
2012-06-22  6.47  6.64  6.44  6.58  11907500  6.58
2012-06-21  6.66  6.69  6.4  6.42  17156500  6.42
2012-06-20  6.66  6.69  6.51  6.65  16161200  6.65
2012-06-19  6.55  6.71  6.52  6.64  20341200  6.64
2012-06-18  6.4  6.56  6.31  6.54  29114800  6.54
2012-06-15  6.3  6.36  6.2  6.36  19923300  6.36
2012-06-14  6.22  6.28  6.14  6.24  20100500  6.24
2012-06-13  6.06  6.21  6.01  6.11  22792300  6.11
2012-06-12  5.92  6.11  5.84  6.1  14956900  6.1
2012-06-11  6.18  6.2  5.91  5.91  16793300  5.91
2012-06-08  5.93  6.09  5.83  6.06  22293400  6.06
2012-06-07  6.03  6.13  5.87  6.0  23843500  6.0
2012-06-06  5.63  5.89  5.58  5.86  21829000  5.86
2012-06-05  5.44  5.6  5.43  5.56  19725900  5.56
2012-06-04  5.63  5.76  5.38  5.47  40786500  5.47
2012-06-01  6.01  6.03  5.75  5.79  27797500  5.79
2012-05-31  6.11  6.23  5.99  6.2  16986000  6.2
2012-05-30  6.27  6.28  6.08  6.11  14664800  6.11
2012-05-29  6.31  6.35  6.2  6.35  15164100  6.35
2012-05-25  6.24  6.35  6.21  6.22  9416400  6.22
2012-05-24  6.26  6.33  6.16  6.23  22893100  6.23
2012-05-23  6.13  6.26  6.0  6.21  21528000  6.21
2012-05-22  6.13  6.31  6.11  6.2  22049500  6.2
2012-05-21  6.06  6.21  6.05  6.11  20118400  6.11
2012-05-18  6.14  6.17  5.99  6.04  16579200  6.04
2012-05-17  6.17  6.32  6.09  6.1  22373800  6.1
2012-05-16  6.3  6.39  6.13  6.18  19353100  6.18
2012-05-15  6.37  6.44  6.17  6.23  35380700  6.23
2012-05-14  6.43  6.51  6.35  6.36  21945200  6.36
2012-05-11  6.45  6.61  6.4  6.56  13481100  6.56
2012-05-10  6.61  6.66  6.5  6.57  21164700  6.57
2012-05-09  6.48  6.55  6.35  6.46  33502000  6.46
2012-05-08  6.56  6.64  6.48  6.6  22575900  6.6
2012-05-07  6.56  6.74  6.56  6.61  24332500  6.61
2012-05-04  6.8  6.86  6.6  6.6  32698900  6.6
2012-05-03  6.71  6.87  6.64  6.87  34477100  6.87
2012-05-02  6.67  6.78  6.6  6.71  14286100  6.71
2012-05-01  6.67  6.84  6.63  6.74  18861000  6.74
2012-04-30  6.76  6.77  6.6  6.64  20117200  6.64
2012-04-27  6.69  6.82  6.57  6.78  22356400  6.78
2012-04-26  6.5  6.67  6.46  6.65  21268800  6.65
2012-04-25  6.51  6.6  6.37  6.55  37160700  6.55
2012-04-24  6.07  6.4  6.03  6.35  51517300  6.35
2012-04-23  5.85  6.05  5.82  6.0  21115400  6.0
2012-04-20  6.08  6.11  5.89  5.98  23152700  5.98
2012-04-19  6.19  6.19  5.96  6.03  17409900  6.03
2012-04-18  6.15  6.21  6.08  6.12  15807400  6.12
2012-04-17  6.2  6.31  6.17  6.2  19852300  6.2
2012-04-16  6.1  6.18  5.93  6.12  24395300  6.12
2012-04-13  6.18  6.19  5.93  6.02  28571400  6.02
2012-04-12  6.09  6.21  6.06  6.2  12921900  6.2
2012-04-11  6.08  6.15  6.04  6.1  22752400  6.1
2012-04-10  6.11  6.17  5.89  5.99  27960000  5.99
2012-04-09  6.22  6.24  6.06  6.13  18491500  6.13
2012-04-05  6.34  6.41  6.22  6.33  27900000  6.33
2012-04-04  6.44  6.51  6.32  6.37  29464300  6.37
2012-04-03  6.48  6.55  6.39  6.55  28854500  6.55
2012-04-02  6.46  6.53  6.39  6.48  14670100  6.48
2012-03-30  6.48  6.49  6.32  6.49  24444800  6.49
2012-03-29  6.38  6.43  6.27  6.42  16993600  6.42
2012-03-28  6.49  6.53  6.35  6.45  19884700  6.45
2012-03-27  6.56  6.59  6.46  6.48  23439400  6.48
2012-03-26  6.48  6.51  6.37  6.51  19665500  6.51
2012-03-23  6.27  6.35  6.17  6.33  27746500  6.33
2012-03-22  6.39  6.44  6.28  6.34  21917200  6.34
2012-03-21  6.47  6.53  6.4  6.49  61527300  6.49
2012-03-20  6.17  6.38  6.17  6.36  48395500  6.36
2012-03-19  6.29  6.42  6.24  6.25  48507500  6.25
2012-03-16  6.48  6.59  6.3  6.31  54444600  6.31
2012-03-15  6.15  6.48  6.04  6.34  63855600  6.34
2012-03-14  5.97  6.15  5.9  6.08  155278200  6.08
2012-03-13  5.59  5.72  5.52  5.68  36250700  5.68
2012-03-12  5.68  5.68  5.52  5.54  20877500  5.54
2012-03-09  5.7  5.76  5.65  5.7  16154800  5.7
2012-03-08  5.8  5.82  5.63  5.69  20082600  5.69
2012-03-07  5.69  5.78  5.65  5.73  19252400  5.73
2012-03-06  5.72  5.75  5.58  5.65  19287600  5.65
2012-03-05  5.85  5.87  5.76  5.83  15356100  5.83
2012-03-02  5.82  5.9  5.71  5.86  22915200  5.86
2012-03-01  5.72  5.81  5.67  5.75  13853400  5.75
2012-02-29  5.76  5.82  5.64  5.66  19058100  5.66
2012-02-28  5.76  5.83  5.67  5.73  17490800  5.73
2012-02-27  5.68  5.75  5.56  5.73  18419100  5.73
2012-02-24  5.83  5.84  5.63  5.7  9875200  5.7
2012-02-23  5.69  5.93  5.52  5.81  27750600  5.81
2012-02-22  5.83  5.85  5.63  5.7  18396100  5.7
2012-02-21  5.92  5.98  5.78  5.88  17806200  5.88
2012-02-17  5.88  5.95  5.83  5.9  17081400  5.9
2012-02-16  5.68  5.81  5.61  5.81  20137500  5.81
2012-02-15  5.6  5.75  5.57  5.68  29291400  5.68
2012-02-14  5.63  5.65  5.5  5.56  14735300  5.56
2012-02-13  5.66  5.7  5.6  5.65  23185800  5.65
2012-02-10  5.51  5.63  5.47  5.57  20558100  5.57
2012-02-09  5.47  5.6  5.44  5.58  17024600  5.58
2012-02-08  5.5  5.54  5.41  5.43  15727000  5.43
2012-02-07  5.47  5.53  5.42  5.5  10433400  5.5
2012-02-06  5.51  5.54  5.43  5.5  13781200  5.5
2012-02-03  5.46  5.59  5.42  5.55  23756800  5.55
2012-02-02  5.18  5.37  5.14  5.35  19688400  5.35
2012-02-01  5.23  5.28  5.14  5.23  16561000  5.23
2012-01-31  5.13  5.16  5.03  5.13  19252800  5.13
2012-01-30  5.14  5.15  5.03  5.08  12166300  5.08
2012-01-27  5.04  5.23  5.03  5.22  18874500  5.22
2012-01-26  5.3  5.33  4.99  5.08  22767900  5.08
2012-01-25  5.12  5.37  5.01  5.23  27643900  5.23
2012-01-24  4.83  5.15  4.72  5.14  43505100  5.14
2012-01-23  4.82  4.91  4.77  4.84  27691600  4.84
2012-01-20  4.83  4.85  4.71  4.83  21891000  4.83
2012-01-19  4.88  4.91  4.81  4.86  18676200  4.86
2012-01-18  4.72  4.86  4.67  4.83  15687500  4.83
2012-01-17  4.7  4.82  4.67  4.72  17048500  4.72
2012-01-13  4.5  4.79  4.45  4.71  25850900  4.71
2012-01-12  4.65  4.7  4.53  4.61  42072700  4.61
2012-01-11  4.58  4.76  4.52  4.72  18766800  4.72
2012-01-10  4.6  4.65  4.47  4.62  19395200  4.62
2012-01-09  4.4  4.61  4.39  4.45  25590700  4.45
2012-01-06  4.46  4.49  4.3  4.34  18310300  4.34
2012-01-05  4.21  4.52  4.16  4.44  31886900  4.44
2012-01-04  4.27  4.27  4.14  4.27  16914500  4.27
2012-01-03  4.32  4.39  4.25  4.28  14255500  4.28
2011-12-30  4.26  4.27  4.21  4.23  6497900  4.23
2011-12-29  4.17  4.29  4.15  4.29  10940300  4.29
2011-12-28  4.29  4.31  4.1  4.17  8561900  4.17
2011-12-27  4.29  4.33  4.24  4.29  7154100  4.29
2011-12-23  4.38  4.38  4.25  4.33  6548000  4.33
2011-12-22  4.17  4.38  4.16  4.33  14638200  4.33
2011-12-21  4.03  4.17  3.95  4.15  15449400  4.15
2011-12-20  3.83  4.05  3.83  4.03  16312600  4.03
2011-12-19  3.92  3.94  3.73  3.76  14526300  3.76
2011-12-16  3.93  4.01  3.89  3.92  15493000  3.92
2011-12-15  3.97  4.0  3.88  3.9  13066000  3.9
2011-12-14  3.89  3.98  3.85  3.91  17650600  3.91
2011-12-13  3.96  4.11  3.87  3.95  21571400  3.95
2011-12-12  3.93  3.98  3.87  3.92  16921800  3.92
2011-12-09  3.96  4.04  3.94  4.04  19569700  4.04
2011-12-08  4.03  4.05  3.78  3.92  25080600  3.92
2011-12-07  4.05  4.11  3.93  4.07  21198200  4.07
2011-12-06  4.19  4.2  4.05  4.08  27504300  4.08
2011-12-05  4.24  4.34  4.17  4.23  27032500  4.23
2011-12-02  4.13  4.31  4.06  4.14  27107900  4.14
2011-12-01  3.95  4.06  3.85  4.04  20822500  4.04
2011-11-30  3.71  4.03  3.68  4.03  37510200  4.03
2011-11-29  3.68  3.69  3.44  3.52  37564200  3.52
2011-11-28  3.82  3.85  3.63  3.71  16663600  3.71
2011-11-25  3.59  3.74  3.54  3.62  8919500  3.62
2011-11-23  3.75  3.79  3.58  3.61  18056600  3.61
2011-11-22  3.86  3.99  3.78  3.82  17226100  3.82
2011-11-21  3.92  3.97  3.86  3.89  20504900  3.89
2011-11-18  3.93  4.04  3.88  4.02  30265400  4.02
2011-11-17  3.96  4.1  3.82  3.86  28078600  3.86
2011-11-16  3.9  4.12  3.88  3.96  27342800  3.96
2011-11-15  3.89  3.99  3.88  3.96  35654000  3.96
2011-11-14  4.07  4.09  3.92  3.94  25422200  3.94
2011-11-11  4.22  4.23  4.02  4.09  27932300  4.09
2011-11-10  4.12  4.17  3.97  4.06  37694100  4.06
2011-11-09  4.1  4.2  3.97  4.0  40666800  4.0
2011-11-08  4.15  4.38  4.1  4.3  49531700  4.3
2011-11-07  3.93  4.09  3.89  4.08  25109700  4.08
2011-11-04  3.88  3.99  3.81  3.94  26084800  3.94
2011-11-03  3.92  4.0  3.7  3.91  46191100  3.91
2011-11-02  3.75  3.84  3.7  3.81  23103800  3.81
2011-11-01  3.64  3.78  3.5  3.63  31261000  3.63
2011-10-31  4.09  4.1  3.85  3.85  20626600  3.85
2011-10-28  4.12  4.23  4.04  4.19  27292500  4.19
2011-10-27  3.98  4.19  3.9  4.16  40336600  4.16
2011-10-26  3.73  3.81  3.58  3.77  26394900  3.77
2011-10-25  3.76  3.87  3.51  3.64  51002600  3.64
2011-10-24  3.72  3.89  3.67  3.82  26302200  3.82
2011-10-21  3.7  3.74  3.58  3.71  26251900  3.71
2011-10-20  3.63  3.67  3.48  3.62  22304300  3.62
2011-10-19  3.75  3.88  3.58  3.65  25055100  3.65
2011-10-18  3.46  3.83  3.39  3.76  28474000  3.76
2011-10-17  3.56  3.57  3.36  3.39  18460400  3.39
2011-10-14  3.7  3.74  3.49  3.63  22807000  3.63
2011-10-13  3.7  3.71  3.47  3.61  17848100  3.61
2011-10-12  3.59  3.87  3.57  3.75  31929500  3.75
2011-10-11  3.44  3.6  3.42  3.56  35357000  3.56
2011-10-10  3.42  3.55  3.35  3.53  30720300  3.53
2011-10-07  3.6  3.61  3.28  3.33  26245300  3.33
2011-10-06  3.25  3.63  3.15  3.59  36457600  3.59
2011-10-05  3.08  3.29  2.99  3.27  31151800  3.27
2011-10-04  2.92  3.14  2.77  3.13  48196900  3.13
2011-10-03  3.25  3.26  2.96  2.96  39222500  2.96
2011-09-30  3.41  3.44  3.27  3.27  19438600  3.27
2011-09-29  3.48  3.55  3.34  3.48  22082800  3.48
2011-09-28  3.54  3.57  3.35  3.36  30331300  3.36
2011-09-27  3.63  3.69  3.51  3.54  26274500  3.54
2011-09-26  3.45  3.55  3.32  3.53  22504500  3.53
2011-09-23  3.33  3.51  3.28  3.36  31923100  3.36
2011-09-22  3.41  3.48  3.29  3.35  27411800  3.35
2011-09-21  3.74  3.75  3.54  3.55  25442400  3.55
2011-09-20  3.78  3.81  3.69  3.71  22750300  3.71
2011-09-19  3.85  3.88  3.68  3.74  23983100  3.74
2011-09-16  3.89  3.93  3.77  3.92  29350600  3.92
2011-09-15  3.81  3.85  3.77  3.85  32222900  3.85
2011-09-14  3.9  3.9  3.65  3.76  43244000  3.76
2011-09-13  3.92  3.98  3.78  3.82  32058400  3.82
2011-09-12  3.8  4.01  3.8  3.9  28120900  3.9
2011-09-09  4.04  4.1  3.83  3.88  25915300  3.88
2011-09-08  4.21  4.32  4.06  4.09  23556000  4.09
2011-09-07  3.96  4.29  3.95  4.27  30761000  4.27
2011-09-06  3.87  3.97  3.74  3.81  24733200  3.81
2011-09-02  4.05  4.16  3.97  4.04  16496200  4.04
2011-09-01  4.44  4.54  4.22  4.22  13475600  4.22
2011-08-31  4.45  4.53  4.34  4.44  14342000  4.44
2011-08-30  4.28  4.45  4.2  4.38  21047900  4.38
2011-08-29  4.13  4.35  4.11  4.35  14104600  4.35
2011-08-26  3.95  4.09  3.82  4.03  21710500  4.03
2011-08-25  4.25  4.4  3.93  3.96  28893400  3.96
2011-08-24  3.93  4.12  3.92  4.07  21787600  4.07
2011-08-23  3.86  3.94  3.75  3.94  18383000  3.94
2011-08-22  3.96  4.0  3.8  3.8  28057500  3.8
2011-08-19  3.99  4.16  3.76  3.78  30736700  3.78
2011-08-18  4.26  4.26  4.05  4.1  25175900  4.1
2011-08-17  4.39  4.58  4.34  4.44  20354800  4.44
2011-08-16  4.38  4.48  4.26  4.29  16753900  4.29
2011-08-15  4.23  4.45  4.23  4.45  18312300  4.45
2011-08-12  4.47  4.58  4.17  4.21  27470300  4.21
2011-08-11  4.3  4.45  4.18  4.4  22526600  4.4
2011-08-10  4.52  4.58  4.12  4.14  22353200  4.14
2011-08-09  4.43  4.69  4.27  4.68  28100600  4.68
2011-08-08  4.76  4.94  4.15  4.31  39322300  4.31
2011-08-05  5.34  5.39  4.92  4.99  51296600  4.99
2011-08-04  5.52  5.58  5.22  5.22  44492800  5.22
2011-08-03  5.59  5.66  5.37  5.64  52328200  5.64
2011-08-02  5.77  5.79  5.52  5.58  37248400  5.58
2011-08-01  6.05  6.1  5.7  5.78  38487900  5.78
2011-07-29  5.96  6.07  5.9  5.96  13362100  5.96
2011-07-28  6.0  6.12  6.0  6.04  10539900  6.04
2011-07-27  6.22  6.26  5.99  6.0  22731100  6.0
2011-07-26  6.16  6.39  6.08  6.28  29206400  6.28
2011-07-25  5.98  6.13  5.93  6.07  16714800  6.07
2011-07-22  6.09  6.1  5.98  6.07  9152100  6.07
2011-07-21  5.92  6.15  5.92  6.09  22338700  6.09
2011-07-20  5.79  5.96  5.74  5.88  14464700  5.88
2011-07-19  5.71  5.79  5.61  5.77  13969300  5.77
2011-07-18  5.8  5.87  5.58  5.71  19009100  5.71
2011-07-15  5.81  5.89  5.77  5.86  14526700  5.86
2011-07-14  5.88  5.89  5.73  5.76  15267600  5.76
2011-07-13  5.9  5.96  5.79  5.82  14748600  5.82
2011-07-12  5.74  5.98  5.73  5.87  17227700  5.87
2011-07-11  5.9  5.95  5.74  5.77  11877300  5.77
2011-07-08  5.94  6.08  5.89  6.02  16166300  6.02
2011-07-07  5.98  6.07  5.94  6.04  16550600  6.04
2011-07-06  5.98  6.0  5.83  5.89  21705500  5.89
2011-07-05  6.11  6.14  5.95  6.04  12274600  6.04
2011-07-01  6.03  6.25  6.01  6.16  12580000  6.16
2011-06-30  6.01  6.11  5.97  6.07  11250200  6.07
2011-06-29  5.86  6.04  5.85  6.01  19652200  6.01
2011-06-28  5.84  5.87  5.73  5.81  14624600  5.81
2011-06-27  5.86  5.92  5.74  5.81  24294800  5.81
2011-06-24  6.03  6.05  5.79  5.81  19594800  5.81
2011-06-23  5.97  6.05  5.91  6.04  20292000  6.04
2011-06-22  6.12  6.31  6.06  6.07  28014000  6.07
2011-06-21  6.1  6.17  6.03  6.16  10575500  6.16
2011-06-20  6.09  6.14  5.95  6.06  15836300  6.06
2011-06-17  6.09  6.3  6.06  6.13  37657500  6.13
2011-06-16  5.95  6.05  5.93  6.03  19423600  6.03
2011-06-15  6.03  6.07  5.9  6.02  26063000  6.02
2011-06-14  5.98  6.19  5.91  6.11  25911900  6.11
2011-06-13  5.91  5.97  5.8  5.91  37827200  5.91
2011-06-10  5.95  6.04  5.79  6.0  21214400  6.0
2011-06-09  6.01  6.06  5.94  5.98  28643300  5.98
2011-06-08  5.87  6.1  5.87  5.99  20512300  5.99
2011-06-07  5.97  6.08  5.92  5.93  16943100  5.93
2011-06-06  6.2  6.2  5.78  5.91  35134200  5.91
2011-06-03  6.27  6.4  6.2  6.21  15828000  6.21
2011-06-02  6.39  6.49  6.31  6.39  14516800  6.39
2011-06-01  6.85  6.86  6.35  6.39  27865000  6.39
2011-05-31  6.94  6.96  6.83  6.9  10998500  6.9
2011-05-27  6.81  6.89  6.77  6.82  8359000  6.82
2011-05-26  6.62  6.8  6.62  6.78  9183100  6.78
2011-05-25  6.64  6.71  6.58  6.64  8485400  6.64
2011-05-24  6.68  6.7  6.57  6.61  15347400  6.61
2011-05-23  6.75  6.8  6.63  6.67  13387700  6.67
2011-05-20  6.89  6.97  6.76  6.79  18277100  6.79
2011-05-19  6.98  7.0  6.91  6.93  12779500  6.93
2011-05-18  7.06  7.08  6.93  6.96  19479800  6.96
2011-05-17  6.95  7.09  6.91  7.08  11747000  7.08
2011-05-16  6.86  7.09  6.85  6.96  12319600  6.96
2011-05-13  7.0  7.01  6.88  6.89  12441000  6.89
2011-05-12  6.97  7.04  6.84  7.0  14324900  7.0
2011-05-11  6.95  7.03  6.92  6.96  9886100  6.96
2011-05-10  7.01  7.07  6.96  6.96  12781800  6.96
2011-05-09  6.91  7.01  6.91  6.95  8403000  6.95
2011-05-06  7.02  7.02  6.88  6.92  22796500  6.92
2011-05-05  7.14  7.15  6.94  6.94  16146600  6.94
2011-05-04  7.18  7.22  7.1  7.2  10775800  7.2
2011-05-03  7.14  7.2  7.08  7.2  9194200  7.2
2011-05-02  7.2  7.24  7.13  7.18  6610200  7.18
2011-04-29  7.28  7.28  7.12  7.17  9251800  7.17
2011-04-28  7.22  7.28  7.14  7.27  9795800  7.27
2011-04-27  7.19  7.23  7.08  7.21  11759100  7.21
2011-04-26  7.04  7.2  6.98  7.17  12900000  7.17
2011-04-25  6.95  7.03  6.94  6.98  7269400  6.98
2011-04-21  6.93  7.02  6.82  7.0  10980500  7.0
2011-04-20  7.1  7.12  6.88  6.9  13776900  6.9
2011-04-19  7.0  7.07  6.67  7.0  37997800  7.0
2011-04-18  6.88  6.95  6.81  6.82  18570600  6.82
2011-04-15  7.13  7.13  6.95  7.0  12432300  7.0
2011-04-14  7.05  7.08  6.92  7.07  11618400  7.07
2011-04-13  7.17  7.18  6.97  7.04  12864300  7.04
2011-04-12  7.06  7.15  7.03  7.1  8016900  7.1
2011-04-11  7.1  7.15  7.07  7.09  5224300  7.09
2011-04-08  7.2  7.21  7.06  7.1  8317900  7.1
2011-04-07  7.26  7.27  7.12  7.16  8257400  7.16
2011-04-06  7.05  7.28  7.04  7.25  15023300  7.25
2011-04-05  7.08  7.15  7.02  7.02  9807500  7.02
2011-04-04  7.14  7.24  7.08  7.13  8935100  7.13
2011-04-01  7.16  7.28  7.08  7.12  13157800  7.12
2011-03-31  7.03  7.12  6.99  7.09  8638800  7.09
2011-03-30  7.01  7.08  6.93  7.06  14274400  7.06
2011-03-29  6.95  7.02  6.94  6.98  4989800  6.98
2011-03-28  7.01  7.04  6.95  6.97  6201300  6.97
2011-03-25  6.95  7.02  6.93  7.01  7712600  7.01
2011-03-24  7.04  7.04  6.91  6.96  8867100  6.96
2011-03-23  7.08  7.11  6.91  7.0  12838400  7.0
2011-03-22  7.04  7.15  7.03  7.13  14467600  7.13
2011-03-21  7.06  7.12  6.98  7.08  13042400  7.08
2011-03-18  7.3  7.32  6.89  6.93  43529600  6.93
2011-03-17  7.16  7.2  7.05  7.18  12127800  7.18
2011-03-16  7.16  7.21  7.01  7.03  13743000  7.03
2011-03-15  6.97  7.21  6.97  7.15  13461400  7.15
2011-03-14  7.19  7.25  7.05  7.2  12158800  7.2
2011-03-11  7.12  7.34  7.1  7.3  12273300  7.3
2011-03-10  7.38  7.43  7.16  7.16  15180700  7.16
2011-03-09  7.56  7.62  7.42  7.54  20795500  7.54
2011-03-08  7.25  7.5  7.25  7.45  10329300  7.45
2011-03-07  7.32  7.4  7.17  7.23  12924100  7.23
2011-03-04  7.45  7.46  7.2  7.3  12890500  7.3
2011-03-03  7.34  7.51  7.34  7.47  13455500  7.47
2011-03-02  7.24  7.38  7.22  7.29  10884000  7.29
2011-03-01  7.43  7.45  7.24  7.25  15105800  7.25
2011-02-28  7.44  7.45  7.32  7.45  9888000  7.45
2011-02-25  7.27  7.42  7.27  7.37  9274600  7.37
2011-02-24  7.12  7.26  7.07  7.23  12531500  7.23
2011-02-23  7.2  7.39  7.05  7.2  14627800  7.2
2011-02-22  7.45  7.51  7.18  7.2  17266200  7.2
2011-02-18  7.48  7.63  7.46  7.6  12778500  7.6
2011-02-17  7.55  7.58  7.46  7.51  11181900  7.51
2011-02-16  7.61  7.73  7.56  7.57  14388700  7.57
2011-02-15  7.71  7.77  7.63  7.65  9540100  7.65
2011-02-14  7.81  7.86  7.63  7.72  12170100  7.72
2011-02-11  7.49  7.89  7.48  7.82  19037600  7.82
2011-02-10  7.34  7.58  7.34  7.54  12961600  7.54
2011-02-09  7.56  7.64  7.4  7.42  15236300  7.42
2011-02-08  7.63  7.64  7.33  7.61  22539500  7.61
2011-02-07  7.72  7.8  7.59  7.6  17263800  7.6
2011-02-04  7.34  7.84  7.32  7.65  43875600  7.65
2011-02-03  7.03  7.44  7.03  7.34  41935200  7.34
2011-02-02  7.1  7.12  6.98  7.07  12138700  7.07
2011-02-01  6.98  7.17  6.95  7.14  25725200  7.14
2011-01-31  6.78  6.96  6.75  6.93  17078900  6.93
2011-01-28  6.99  7.03  6.67  6.71  27082300  6.71
2011-01-27  6.79  7.0  6.78  6.97  22602800  6.97
2011-01-26  6.78  6.86  6.62  6.8  30926300  6.8
2011-01-25  6.92  7.07  6.8  6.85  46595600  6.85
2011-01-24  7.23  7.25  7.04  7.12  15919100  7.12
2011-01-21  7.23  7.27  7.09  7.22  16576500  7.22
2011-01-20  6.87  7.08  6.81  7.05  21217300  7.05
2011-01-19  7.29  7.34  6.94  6.95  19513900  6.95
2011-01-18  7.29  7.43  7.17  7.36  22865800  7.36
2011-01-14  7.04  7.35  7.02  7.29  26048800  7.29
2011-01-13  7.09  7.11  7.0  7.06  15014400  7.06
2011-01-12  7.12  7.17  7.02  7.09  20313000  7.09
2011-01-11  6.94  7.07  6.9  7.04  16387800  7.04
2011-01-10  6.85  6.92  6.72  6.88  18965700  6.88
2011-01-07  7.0  7.05  6.74  6.85  25453800  6.85
2011-01-06  7.03  7.21  6.9  6.96  28247400  6.96
2011-01-05  6.8  7.03  6.8  7.03  15210700  7.03
2011-01-04  6.95  6.97  6.76  6.86  15605100  6.86
2011-01-03  6.99  7.06  6.84  6.9  19962600  6.9
2010-12-31  6.73  6.85  6.7  6.83  9530400  6.83
2010-12-30  6.7  6.78  6.68  6.75  10544900  6.75
2010-12-29  6.63  6.72  6.6  6.7  17977300  6.7
2010-12-28  6.6  6.65  6.57  6.62  8354300  6.62
2010-12-27  6.56  6.68  6.48  6.59  16492900  6.59
2010-12-23  6.65  6.75  6.55  6.58  13063000  6.58
2010-12-22  6.34  6.77  6.31  6.74  40880000  6.74
2010-12-21  6.18  6.31  6.18  6.29  15716900  6.29
2010-12-20  6.15  6.21  6.12  6.15  15469700  6.15
2010-12-17  6.11  6.27  6.08  6.09  39878000  6.09
2010-12-16  6.16  6.19  5.98  5.98  34668700  5.98
2010-12-15  6.39  6.39  6.03  6.15  96752400  6.15
2010-12-14  6.33  6.37  6.03  6.05  36139600  6.05
2010-12-13  6.23  6.45  6.04  6.38  47789900  6.38
2010-12-10  6.34  6.37  6.24  6.29  19232300  6.29
2010-12-09  6.24  6.38  6.11  6.33  36481200  6.33
2010-12-08  5.88  6.32  5.87  6.16  42035100  6.16
2010-12-07  6.03  6.05  5.81  5.85  18902400  5.85
2010-12-06  5.94  5.96  5.75  5.91  24239800  5.91
2010-12-03  5.79  5.94  5.75  5.92  20281800  5.92
2010-12-02  5.52  5.92  5.49  5.9  47685000  5.9
2010-12-01  5.32  5.53  5.29  5.52  28193000  5.52
2010-11-30  5.16  5.3  5.16  5.24  22928800  5.24
2010-11-29  5.09  5.28  5.07  5.23  25187500  5.23
2010-11-26  5.04  5.16  5.04  5.11  7149000  5.11
2010-11-24  5.1  5.24  5.03  5.1  22443600  5.1
2010-11-23  5.08  5.41  5.03  5.07  72941200  5.07
2010-11-22  5.32  5.35  5.12  5.21  30803400  5.21
2010-11-19  5.04  5.37  4.99  5.36  56849500  5.36
2010-11-18  5.47  5.51  5.0  5.17  124940100  5.17
2010-11-17  5.75  5.75  5.22  5.39  73884200  5.39
2010-11-16  5.9  5.9  5.41  5.76  79418100  5.76
2010-11-15  6.1  6.14  6.02  6.04  15669500  6.04
2010-11-12  6.18  6.21  5.98  5.99  20555200  5.99
2010-11-11  6.03  6.37  6.02  6.24  23826700  6.24
2010-11-10  6.09  6.17  5.99  6.09  21403000  6.09
2010-11-09  6.2  6.3  6.01  6.04  23531400  6.04
2010-11-08  6.26  6.27  6.04  6.17  22154300  6.17
2010-11-05  6.36  6.6  6.19  6.28  39522700  6.28
2010-11-04  6.22  6.42  6.16  6.37  24216400  6.37
2010-11-03  5.96  6.14  5.96  6.13  19403100  6.13
2010-11-02  6.14  6.14  5.92  5.96  19734100  5.96
2010-11-01  6.19  6.22  6.0  6.07  12189000  6.07
2010-10-29  6.12  6.23  6.09  6.13  19494000  6.13
2010-10-28  6.28  6.3  6.05  6.13  31014900  6.13
2010-10-27  6.26  6.38  6.17  6.2  19982900  6.2
2010-10-26  6.48  6.54  6.22  6.31  53827900  6.31
2010-10-25  7.04  7.04  6.83  6.85  14203800  6.85
2010-10-22  7.09  7.18  6.91  6.95  12958000  6.95
2010-10-21  7.14  7.33  7.04  7.09  14803400  7.09
2010-10-20  7.1  7.18  6.88  7.09  19653500  7.09
2010-10-19  7.0  7.27  7.0  7.15  17524800  7.15
2010-10-18  6.85  7.17  6.82  7.16  11702900  7.16
2010-10-15  7.03  7.06  6.73  6.87  14005700  6.87
2010-10-14  7.07  7.09  6.81  6.98  14106900  6.98
2010-10-13  7.34  7.37  7.09  7.11  12596700  7.11
2010-10-12  7.07  7.28  7.03  7.27  8845300  7.27
2010-10-11  7.21  7.28  7.11  7.13  5744000  7.13
2010-10-08  7.19  7.24  7.11  7.23  9048600  7.23
2010-10-07  7.36  7.4  7.11  7.17  12562500  7.17
2010-10-06  7.35  7.42  7.26  7.3  9105500  7.3
2010-10-05  7.16  7.42  7.07  7.34  18308000  7.34
2010-10-04  6.98  7.15  6.93  7.05  11761000  7.05
2010-10-01  7.14  7.23  6.94  6.99  12211600  6.99
2010-09-30  7.1  7.3  7.02  7.08  16714300  7.08
2010-09-29  6.84  7.1  6.8  7.02  28155000  7.02
2010-09-28  6.85  6.91  6.73  6.91  14300300  6.91
2010-09-27  6.82  6.91  6.75  6.79  10829200  6.79
2010-09-24  6.74  6.84  6.68  6.77  14530900  6.77
2010-09-23  6.64  6.87  6.58  6.58  13444600  6.58
2010-09-22  6.87  6.95  6.7  6.73  13547000  6.73
2010-09-21  6.88  7.12  6.83  6.9  19284000  6.9
2010-09-20  6.69  6.87  6.63  6.87  24188100  6.87
2010-09-17  6.8  6.82  6.64  6.65  25635200  6.65
2010-09-16  6.74  6.82  6.71  6.77  9689700  6.77
2010-09-15  6.91  6.94  6.75  6.81  16751600  6.81
2010-09-14  7.04  7.06  6.87  6.94  20255100  6.94
2010-09-13  6.89  7.09  6.89  7.08  13918500  7.08
2010-09-10  6.74  6.78  6.66  6.7  8154300  6.7
2010-09-09  6.87  6.9  6.58  6.72  13851400  6.72
2010-09-08  6.46  6.74  6.42  6.69  16209400  6.69
2010-09-07  6.58  6.61  6.38  6.39  12109400  6.39
2010-09-03  6.92  6.94  6.62  6.7  13639000  6.7
2010-09-02  6.67  6.74  6.61  6.74  8420200  6.74
2010-09-01  6.37  6.66  6.32  6.66  13605300  6.66
2010-08-31  6.2  6.38  6.17  6.25  14442000  6.25
2010-08-30  6.39  6.45  6.22  6.22  12162800  6.22
2010-08-27  6.27  6.42  6.18  6.42  13131000  6.42
2010-08-26  6.33  6.45  6.12  6.17  17536100  6.17
2010-08-25  6.29  6.37  6.08  6.3  20586000  6.3
2010-08-24  6.55  6.6  6.35  6.38  12927800  6.38
2010-08-23  6.74  6.89  6.64  6.65  13209400  6.65
2010-08-20  6.69  6.75  6.5  6.63  12275700  6.63
2010-08-19  6.97  7.07  6.71  6.75  15343400  6.75
2010-08-18  6.94  7.15  6.85  7.01  27061800  7.01
2010-08-17  7.09  7.09  6.88  6.95  12800200  6.95
2010-08-16  6.95  6.98  6.84  6.98  14887200  6.98
2010-08-13  6.93  7.07  6.91  6.95  12732300  6.95
2010-08-12  6.82  6.99  6.74  6.94  13204900  6.94
2010-08-11  7.31  7.34  6.96  6.97  17501300  6.97
2010-08-10  7.27  7.51  7.24  7.46  19654500  7.46
2010-08-09  7.23  7.41  7.14  7.38  16787900  7.38
2010-08-06  7.19  7.23  7.01  7.2  13619600  7.2
2010-08-05  7.33  7.34  7.05  7.26  15962800  7.26
2010-08-04  7.39  7.55  7.37  7.39  13133200  7.39
2010-08-03  7.45  7.55  7.35  7.37  15767500  7.37
2010-08-02  7.29  7.51  7.25  7.49  22209600  7.49
2010-07-30  7.08  7.22  7.05  7.13  17229200  7.13
2010-07-29  7.17  7.29  7.05  7.19  24413000  7.19
2010-07-28  6.91  7.16  6.91  7.08  23070800  7.08
2010-07-27  7.37  7.51  7.0  7.01  44147800  7.01
2010-07-26  6.5  6.9  6.4  6.89  26631800  6.89
2010-07-23  6.35  6.55  6.26  6.47  19309800  6.47
2010-07-22  6.14  6.44  6.13  6.42  22231500  6.42
2010-07-21  6.52  6.56  6.03  6.03  36413200  6.03
2010-07-20  6.34  6.41  6.16  6.38  21502600  6.38
2010-07-19  6.35  6.53  6.24  6.5  19111600  6.5
2010-07-16  6.74  6.76  6.33  6.37  21697500  6.37
2010-07-15  7.0  7.0  6.64  6.83  23794800  6.83
2010-07-14  7.05  7.05  6.81  6.95  22484800  6.95
2010-07-13  7.17  7.25  7.08  7.18  18449600  7.18
2010-07-12  6.88  7.13  6.86  7.04  20507200  7.04
2010-07-09  6.62  6.99  6.59  6.95  20138500  6.95
2010-07-08  6.54  6.65  6.47  6.64  24643800  6.64
2010-07-07  6.24  6.46  6.19  6.44  30843900  6.44
2010-07-06  6.17  6.4  6.14  6.23  21651600  6.23
2010-07-02  6.24  6.31  5.95  6.07  18842300  6.07
2010-07-01  6.4  6.56  6.04  6.21  27632300  6.21
2010-06-30  6.58  6.73  6.37  6.4  17448800  6.4
2010-06-29  6.75  6.79  6.48  6.57  29651000  6.57
2010-06-28  6.75  6.93  6.74  6.88  18553900  6.88
2010-06-25  6.74  6.8  6.57  6.8  24197300  6.8
2010-06-24  6.8  6.85  6.59  6.62  23105800  6.62
2010-06-23  6.82  6.94  6.71  6.88  17371600  6.88
2010-06-22  7.01  7.01  6.81  6.81  16738900  6.81
2010-06-21  7.06  7.14  6.91  6.97  19478200  6.97
2010-06-18  6.94  7.01  6.85  6.95  14760300  6.95
2010-06-17  7.01  7.03  6.85  6.95  19927900  6.95
2010-06-16  7.03  7.08  6.88  6.96  21471500  6.96
2010-06-15  7.03  7.17  6.86  7.14  16845500  7.14
2010-06-14  6.93  7.06  6.78  6.95  20885400  6.95
2010-06-11  6.87  6.87  6.66  6.86  19446800  6.86
2010-06-10  6.72  6.95  6.66  6.95  23385000  6.95
2010-06-09  6.97  6.99  6.54  6.59  30532600  6.59
2010-06-08  6.77  6.9  6.58  6.89  34936300  6.89
2010-06-07  6.98  7.1  6.68  6.71  20635000  6.71
2010-06-04  7.17  7.25  6.86  6.92  25696900  6.92
2010-06-03  7.53  7.62  7.37  7.42  13181400  7.42
2010-06-02  7.27  7.47  7.21  7.47  13643300  7.47
2010-06-01  7.33  7.47  7.17  7.17  17244200  7.17
2010-05-28  7.68  7.71  7.37  7.41  16599800  7.41
2010-05-27  7.38  7.66  7.23  7.65  23019100  7.65
2010-05-26  7.39  7.42  7.15  7.19  23517500  7.19
2010-05-25  6.73  7.26  6.65  7.23  35971100  7.23
2010-05-24  7.26  7.27  6.99  6.99  20185700  6.99
2010-05-21  6.87  7.3  6.79  7.25  42828400  7.25
2010-05-20  7.3  7.38  7.03  7.04  40050400  7.04
2010-05-19  7.61  7.77  7.38  7.59  36775400  7.59
2010-05-18  8.15  8.18  7.45  7.69  28755000  7.69
2010-05-17  8.01  8.11  7.73  8.03  27055800  8.03
2010-05-14  8.26  8.26  7.85  8.02  34245400  8.02
2010-05-13  8.52  8.7  8.47  8.49  17484400  8.49
2010-05-12  8.49  8.63  8.46  8.56  20856400  8.56
2010-05-11  8.04  8.6  8.04  8.42  32127900  8.42
2010-05-10  8.16  8.41  8.06  8.26  28882900  8.26
2010-05-07  8.01  8.14  7.53  7.76  46609300  7.76
2010-05-06  8.36  8.49  7.37  7.97  43556500  7.97
2010-05-05  8.16  8.57  7.96  8.42  24758100  8.42
2010-05-04  8.49  8.57  8.25  8.33  25258700  8.33
2010-05-03  8.59  8.7  8.45  8.58  20912900  8.58
2010-04-30  8.34  8.63  8.29  8.58  30368300  8.58
2010-04-29  8.31  8.47  8.19  8.4  24888900  8.4
2010-04-28  8.31  8.48  8.19  8.24  22352500  8.24
2010-04-27  8.37  8.45  8.13  8.19  39730200  8.19
2010-04-26  8.75  8.79  8.35  8.44  21155500  8.44
2010-04-23  8.69  8.87  8.54  8.69  27691000  8.69
2010-04-22  8.4  8.69  8.32  8.63  28106700  8.63
2010-04-21  8.37  9.06  8.26  8.54  60841600  8.54
2010-04-20  8.02  8.55  7.77  8.55  58631800  8.55
2010-04-19  7.96  8.2  7.81  8.09  29882900  8.09
2010-04-16  8.35  8.35  7.78  8.06  55336900  8.06
2010-04-15  8.54  8.61  8.2  8.28  39132300  8.28
2010-04-14  8.26  8.64  8.19  8.56  36670800  8.56
2010-04-13  8.29  8.41  8.1  8.1  38303500  8.1
2010-04-12  8.33  8.66  8.33  8.49  49794500  8.49
2010-04-09  8.4  8.46  8.25  8.34  17760100  8.34
2010-04-08  8.03  8.43  7.96  8.35  32548400  8.35
2010-04-07  8.37  8.64  8.05  8.13  54566600  8.13
2010-04-06  7.94  8.55  7.92  8.3  58256900  8.3
2010-04-05  7.7  7.96  7.61  7.95  28483800  7.95
2010-04-01  7.68  7.72  7.44  7.55  20835000  7.55
2010-03-31  7.33  7.65  7.3  7.62  21527100  7.62
2010-03-30  7.39  7.43  7.28  7.4  12744700  7.4
2010-03-29  7.47  7.56  7.3  7.42  17755000  7.42
2010-03-26  7.53  7.68  7.34  7.41  22603200  7.41
2010-03-25  7.74  7.82  7.43  7.47  35378100  7.47
2010-03-24  7.45  7.67  7.4  7.62  26987400  7.62
2010-03-23  7.4  7.52  7.29  7.51  23056900  7.51
2010-03-22  7.08  7.42  6.95  7.4  19801300  7.4
2010-03-19  7.34  7.38  7.11  7.17  22657200  7.17
2010-03-18  7.5  7.51  7.12  7.28  26623500  7.28
2010-03-17  7.38  7.55  7.33  7.48  25224500  7.48
2010-03-16  7.09  7.31  7.0  7.29  22336300  7.29
2010-03-15  7.06  7.16  6.89  7.01  19977400  7.01
2010-03-12  7.28  7.31  7.05  7.12  29002600  7.12
2010-03-11  7.12  7.24  7.03  7.16  24929300  7.16
2010-03-10  6.8  7.39  6.73  7.07  40783500  7.07
2010-03-09  6.72  6.79  6.55  6.7  22997500  6.7
2010-03-08  6.61  6.81  6.61  6.77  19023600  6.77
2010-03-05  6.53  6.64  6.48  6.63  18875100  6.63
2010-03-04  6.4  6.5  6.38  6.47  11836200  6.47
2010-03-03  6.41  6.49  6.39  6.42  12900100  6.42
2010-03-02  6.47  6.55  6.36  6.41  16207600  6.41
2010-03-01  6.56  6.62  6.35  6.45  16291900  6.45
2010-02-26  6.35  6.57  6.31  6.55  19859000  6.55
2010-02-25  6.28  6.37  6.2  6.34  18802500  6.34
2010-02-24  6.35  6.5  6.33  6.44  20217300  6.44
2010-02-23  6.52  6.55  6.3  6.33  20854700  6.33
2010-02-22  6.4  6.66  6.37  6.6  23729800  6.6
2010-02-19  6.21  6.42  6.2  6.37  14485500  6.37
2010-02-18  6.22  6.27  6.12  6.23  18949400  6.23
2010-02-17  6.45  6.49  6.22  6.26  16534700  6.26
2010-02-16  6.22  6.45  6.17  6.42  17782600  6.42
2010-02-12  6.13  6.2  6.02  6.16  22126400  6.16
2010-02-11  6.23  6.32  6.17  6.19  19687200  6.19
2010-02-10  6.08  6.29  6.06  6.17  18117800  6.17
2010-02-09  6.13  6.26  6.06  6.1  21901600  6.1
2010-02-08  5.99  6.24  5.88  6.04  25259900  6.04
2010-02-05  5.94  6.05  5.73  5.99  24816400  5.99
2010-02-04  6.13  6.14  5.84  5.93  41144000  5.93
2010-02-03  6.29  6.36  6.09  6.2  34371800  6.2
2010-02-02  6.49  6.57  6.3  6.38  35671900  6.38
2010-02-01  6.22  6.46  6.2  6.44  30603000  6.44
2010-01-29  6.3  6.37  6.13  6.16  29037400  6.16
2010-01-28  6.16  6.36  6.01  6.24  38907900  6.24
2010-01-27  5.86  6.14  5.86  5.98  38492200  5.98
2010-01-26  6.06  6.28  5.88  5.9  67534400  5.9
2010-01-25  6.4  6.49  6.11  6.35  34139700  6.35
2010-01-22  6.59  6.64  6.29  6.4  48623600  6.4
2010-01-21  6.57  7.05  6.55  6.65  81428500  6.65
2010-01-20  6.27  6.54  6.22  6.53  32758200  6.53
2010-01-19  6.21  6.36  6.16  6.31  22996900  6.31
2010-01-15  6.3  6.35  6.08  6.32  28504300  6.32
2010-01-14  6.15  6.37  6.11  6.35  31881500  6.35
2010-01-13  6.03  6.29  5.9  6.17  41055600  6.17
2010-01-12  6.07  6.16  6.01  6.06  32974200  6.06
2010-01-11  6.08  6.18  5.89  6.13  27433000  6.13
2010-01-08  5.96  6.1  5.88  5.99  25980300  5.99
2010-01-07  5.49  6.03  5.45  5.98  41430700  5.98
2010-01-06  5.44  5.52  5.38  5.5  22415300  5.5
2010-01-05  5.2  5.44  5.2  5.43  23691300  5.43
2010-01-04  5.2  5.31  5.17  5.26  11754800  5.26
