Date  Open  High  Low  Close  Volume  Adj Close
2014-02-28  60.0  60.0  58.43  58.99  1487900  58.99
2014-02-27  59.74  60.0  59.11  59.93  1093400  59.93
2014-02-26  59.08  59.98  58.84  59.75  1033000  59.75
2014-02-25  58.89  59.61  58.62  58.97  1013300  58.97
2014-02-24  58.71  59.18  58.7  58.89  1071000  58.89
2014-02-21  59.45  59.45  58.1  58.69  1350700  58.69
2014-02-20  58.81  59.36  58.32  59.3  808700  59.3
2014-02-19  58.72  59.29  58.08  58.63  1737100  58.63
2014-02-18  58.32  58.83  57.79  58.08  861700  58.08
2014-02-14  58.43  58.65  57.74  58.32  1002500  58.32
2014-02-13  57.18  58.45  56.98  58.43  1626000  58.43
2014-02-12  57.42  58.54  57.24  57.69  1975200  57.69
2014-02-11  56.52  57.63  56.52  57.48  1204300  57.48
2014-02-10  56.82  56.88  56.0  56.67  1114400  56.67
2014-02-07  56.37  57.02  56.16  56.99  1249900  56.99
2014-02-06  54.97  55.59  54.91  55.54  838000  55.54
2014-02-05  54.59  54.89  54.05  54.71  866900  54.71
2014-02-04  54.92  55.29  54.55  54.86  1316500  54.86
2014-02-03  56.6  57.13  54.51  54.7  1554500  54.7
2014-01-31  56.33  57.01  56.22  56.5  1510000  56.5
2014-01-30  56.26  57.18  55.9  57.12  2188500  57.12
2014-01-29  56.49  56.8  54.9  55.55  2297400  55.55
2014-01-28  56.05  57.42  56.05  57.23  1979900  57.23
2014-01-27  56.69  57.16  55.81  55.82  2588800  55.82
2014-01-24  57.68  57.82  56.69  56.73  1591200  56.73
2014-01-23  58.3  58.34  57.57  58.12  1374200  58.12
2014-01-22  60.03  60.19  58.86  58.92  1974100  58.92
2014-01-21  59.03  59.62  58.69  59.14  1553900  59.14
2014-01-17  59.19  59.27  58.21  58.59  1019400  58.59
2014-01-16  59.0  59.18  58.72  59.06  972600  59.06
2014-01-15  59.67  59.94  59.17  59.19  1863900  59.19
2014-01-14  57.7  59.42  57.59  59.38  2203200  59.38
2014-01-13  58.69  59.71  57.4  57.56  3155500  57.56
2014-01-10  57.56  57.64  56.16  56.81  1470800  56.81
2014-01-09  57.21  57.97  56.93  57.29  1719800  57.29
2014-01-08  57.23  57.39  56.75  56.99  1686600  56.99
2014-01-07  56.61  57.6  56.4  57.42  1834100  57.42
2014-01-06  56.18  56.71  55.93  56.34  2028100  56.34
2014-01-03  55.9  56.24  55.45  55.78  1103500  55.78
2014-01-02  55.95  56.0  55.39  55.83  1122500  55.83
2013-12-31  56.18  56.61  55.75  56.04  1596800  56.04
2013-12-30  56.24  56.26  55.66  56.07  1127000  56.07
2013-12-27  55.95  56.65  55.88  56.24  1116600  56.24
2013-12-26  56.0  56.15  55.16  55.87  1610500  55.87
2013-12-24  55.86  56.23  55.62  55.98  866000  55.98
2013-12-23  56.1  56.98  55.63  56.07  3183700  56.07
2013-12-20  56.42  58.71  55.23  56.1  15273500  56.1
2013-12-19  48.82  49.48  48.71  49.0  3014800  49.0
2013-12-18  48.2  48.94  47.81  48.91  1989500  48.91
2013-12-17  47.71  48.36  47.44  48.22  2506000  48.22
2013-12-16  47.1  47.85  46.7  47.54  2465300  47.54
2013-12-13  46.55  47.01  46.34  46.77  1508700  46.77
2013-12-12  46.07  47.03  46.05  46.35  2219100  46.35
2013-12-11  47.12  47.12  46.07  46.15  1164800  46.15
2013-12-10  47.29  47.49  46.67  46.69  1478900  46.69
2013-12-09  47.03  47.55  46.91  47.47  2324800  47.47
2013-12-06  46.93  47.05  46.46  46.77  1644300  46.77
2013-12-05  47.15  47.17  46.42  46.67  1570500  46.67
2013-12-04  45.63  46.84  45.54  46.66  1425600  46.66
2013-12-03  45.96  46.11  45.45  45.93  1685900  45.93
2013-12-02  46.84  46.92  46.12  46.18  1400700  46.18
2013-11-29  46.88  47.21  46.79  46.85  524200  46.85
2013-11-27  46.64  46.94  46.54  46.9  852900  46.9
2013-11-26  46.77  46.97  46.5  46.54  1054800  46.54
2013-11-25  47.3  47.34  46.5  46.87  638200  46.87
2013-11-22  47.11  47.34  46.82  47.11  1528300  47.11
2013-11-21  46.63  47.19  46.63  47.11  1355700  47.11
2013-11-20  46.56  47.0  46.48  46.53  1382100  46.53
2013-11-19  46.5  46.75  46.1  46.42  1494500  46.42
2013-11-18  47.26  47.27  46.49  46.56  2203600  46.56
2013-11-15  46.39  47.66  46.3  47.1  3613500  47.1
2013-11-14  46.49  46.71  45.98  46.32  2627100  46.32
2013-11-13  45.67  46.58  45.4  46.37  5462800  46.37
2013-11-12  44.26  44.97  44.21  44.6  1991200  44.6
2013-11-11  43.35  44.32  43.25  44.27  1473400  44.27
2013-11-08  43.29  43.47  43.05  43.32  1057800  43.32
2013-11-07  44.14  44.39  43.14  43.2  1381500  43.2
2013-11-06  43.06  44.49  42.99  44.07  2017600  44.07
2013-11-05  42.8  43.01  42.42  42.93  1264500  42.93
2013-11-04  43.29  43.65  43.02  43.1  1682900  43.1
2013-11-01  43.48  43.61  42.92  43.23  1358900  43.23
2013-10-31  43.37  43.82  43.22  43.27  1212800  43.27
2013-10-30  44.04  44.12  43.26  43.39  1297300  43.39
2013-10-29  43.96  44.49  43.77  44.07  1248400  44.07
2013-10-28  43.36  43.62  42.96  43.59  1452100  43.59
2013-10-25  43.87  44.04  43.24  43.4  2247700  43.4
2013-10-24  42.43  43.86  42.35  43.75  2471800  43.75
2013-10-23  42.73  42.89  42.14  42.35  1540300  42.35
2013-10-22  42.91  43.18  42.34  42.91  2424400  42.91
2013-10-21  43.31  43.74  42.5  42.59  2260700  42.59
2013-10-18  43.6  43.75  43.28  43.29  2235700  43.29
2013-10-17  43.25  43.67  43.05  43.53  2014100  43.53
2013-10-16  42.87  43.62  42.67  43.6  3169800  43.6
2013-10-15  42.73  43.12  42.19  42.61  3957400  42.61
2013-10-14  42.62  42.95  41.89  42.84  2349400  42.84
2013-10-11  42.9  43.25  42.67  42.82  2383300  42.82
2013-10-10  43.1  43.4  42.35  42.87  3418800  42.87
2013-10-09  43.48  43.75  42.89  43.1  2532200  43.1
2013-10-08  44.97  45.13  43.05  43.3  3864100  43.3
2013-10-07  44.61  45.71  44.53  45.45  1981700  45.45
2013-10-04  44.92  45.3  44.71  45.05  1088400  45.05
2013-10-03  45.24  45.35  44.31  44.91  3211600  44.91
2013-10-02  45.33  45.77  45.09  45.27  2480000  45.27
2013-10-01  46.14  46.45  45.63  45.74  2202400  45.74
2013-09-30  45.55  46.24  45.33  46.14  2435500  46.14
2013-09-27  46.37  46.49  45.85  45.95  1802900  45.95
2013-09-26  46.99  47.18  46.2  46.62  2961900  46.62
2013-09-25  46.88  47.29  46.49  46.89  4143800  46.89
2013-09-24  47.75  47.91  46.21  46.73  13417400  46.73
2013-09-23  53.3  53.41  52.0  52.93  2972400  52.93
2013-09-20  53.82  54.0  53.04  53.22  1396500  53.22
2013-09-19  53.98  54.38  53.36  53.59  1165900  53.59
2013-09-18  52.72  53.7  52.57  53.58  948400  53.58
2013-09-17  53.11  53.2  52.42  52.57  854000  52.57
2013-09-16  52.99  53.23  52.64  53.02  967000  53.02
2013-09-13  52.77  52.79  51.73  52.43  978900  52.43
2013-09-12  53.35  53.54  52.76  52.85  658400  52.85
2013-09-11  52.76  53.91  52.71  53.47  1600600  53.47
2013-09-10  52.42  52.84  52.1  52.84  761100  52.84
2013-09-09  51.26  52.25  51.1  52.19  1006500  52.19
2013-09-06  50.97  51.31  50.29  51.06  882500  51.06
2013-09-05  51.08  51.42  50.79  50.86  559800  50.86
2013-09-04  50.93  51.23  50.27  51.15  704700  51.15
2013-09-03  51.0  51.47  50.51  50.85  567400  50.85
2013-08-30  51.23  51.33  50.36  50.52  870500  50.52
2013-08-29  50.17  51.18  50.02  50.85  743300  50.85
2013-08-28  50.12  50.67  50.03  50.32  647300  50.32
2013-08-27  51.09  51.15  50.14  50.17  871900  50.17
2013-08-26  51.52  52.23  51.43  51.7  653900  51.7
2013-08-23  52.28  52.39  51.53  51.57  919300  51.57
2013-08-22  51.19  52.2  51.16  51.96  703100  51.96
2013-08-21  51.21  51.69  51.0  51.1  1528600  51.1
2013-08-20  51.25  51.98  50.92  51.32  1024700  51.32
2013-08-19  51.49  52.0  51.07  51.25  1262300  51.25
2013-08-16  51.78  52.28  51.39  51.51  1253600  51.51
2013-08-15  52.45  52.46  51.28  51.97  1261700  51.97
2013-08-14  53.43  53.54  52.98  53.08  1323400  53.08
2013-08-13  52.37  53.72  51.9  53.52  1365900  53.52
2013-08-12  52.1  52.98  52.02  52.28  1136700  52.28
2013-08-09  52.03  52.87  52.01  52.46  1028600  52.46
2013-08-08  51.6  52.26  51.39  52.04  873100  52.04
2013-08-07  51.52  51.67  50.56  51.25  1060300  51.25
2013-08-06  52.03  52.3  51.59  51.66  842500  51.66
2013-08-05  52.31  52.54  52.05  52.24  916200  52.24
2013-08-02  52.37  52.58  52.02  52.44  840900  52.44
2013-08-01  52.13  52.8  52.07  52.48  1399500  52.48
2013-07-31  51.23  52.15  51.19  51.77  1489400  51.77
2013-07-30  51.13  51.28  50.55  51.08  1245000  51.08
2013-07-29  50.55  51.0  50.3  50.77  1301400  50.77
2013-07-26  51.34  51.53  50.31  50.83  1105100  50.83
2013-07-25  50.53  51.78  50.18  51.75  2233400  51.75
2013-07-24  49.69  50.78  49.69  50.54  1695300  50.54
2013-07-23  49.05  49.32  48.76  48.79  1070800  48.79
2013-07-22  49.07  49.36  48.89  48.96  1043500  48.96
2013-07-19  50.92  50.92  49.35  49.38  1178400  49.38
2013-07-18  49.66  50.65  49.47  50.21  1380500  50.21
2013-07-17  49.63  50.0  49.51  49.68  774800  49.68
2013-07-16  49.78  49.89  49.52  49.59  803500  49.59
2013-07-15  50.24  50.24  49.14  49.85  1327500  49.85
2013-07-12  50.5  50.82  50.21  50.26  1016100  50.26
2013-07-11  48.92  50.9  48.92  50.57  2153400  50.57
2013-07-10  48.21  48.42  47.86  48.33  999200  48.33
2013-07-09  48.18  48.35  47.74  48.14  1071500  48.14
2013-07-08  48.5  48.62  47.75  47.94  1125900  47.94
2013-07-05  48.07  48.36  47.68  48.34  783600  48.34
2013-07-03  47.16  48.15  47.13  47.85  574500  47.85
2013-07-02  47.41  47.85  47.04  47.41  1152400  47.41
2013-07-01  48.04  48.38  47.36  47.41  1250000  47.41
2013-06-28  48.23  48.36  47.19  47.82  2821600  47.82
2013-06-27  47.07  48.82  47.0  48.47  3298300  48.47
2013-06-26  46.32  46.95  46.2  46.79  1938000  46.79
2013-06-25  46.34  46.48  45.47  45.86  2051700  45.86
2013-06-24  45.88  46.32  44.95  45.91  2447300  45.91
2013-06-21  46.25  46.47  45.34  46.45  4544500  46.45
2013-06-20  47.85  48.15  45.66  45.88  4977500  45.88
2013-06-19  46.63  46.88  45.9  46.22  2731100  46.22
2013-06-18  45.75  47.04  45.69  46.63  2227400  46.63
2013-06-17  45.83  46.15  45.33  45.68  1736900  45.68
2013-06-14  45.93  46.5  45.56  45.81  2062200  45.81
2013-06-13  46.23  46.34  45.08  45.85  3224800  45.85
2013-06-12  46.68  46.74  45.96  46.4  2234800  46.4
2013-06-11  45.86  46.85  45.55  46.24  2244200  46.24
2013-06-10  46.26  46.52  46.19  46.4  1540100  46.4
2013-06-07  45.72  46.53  45.52  46.24  1865700  46.24
2013-06-06  45.77  46.06  44.92  45.48  5005800  45.48
2013-06-05  46.08  46.79  45.55  45.7  3561200  45.7
2013-06-04  47.13  47.33  46.17  46.18  2498100  46.18
2013-06-03  48.29  48.29  46.31  47.16  2346600  47.16
2013-05-31  47.72  49.37  47.6  48.23  2685100  48.23
2013-05-30  48.25  48.32  47.35  47.86  3608200  47.86
2013-05-29  48.3  48.43  47.79  48.18  2046000  48.18
2013-05-28  49.4  49.46  48.6  48.64  1850800  48.64
2013-05-24  48.9  49.19  48.25  48.49  2725700  48.49
2013-05-23  49.33  49.92  48.73  49.36  2738400  49.36
2013-05-22  51.87  52.04  49.75  50.02  3284500  50.02
2013-05-21  52.66  52.99  51.84  51.86  2065100  51.86
2013-05-20  54.47  54.7  52.36  52.65  3998000  52.65
2013-05-17  54.93  55.59  54.42  54.99  2644100  54.99
2013-05-16  54.18  55.43  54.15  54.71  2728000  54.71
2013-05-15  52.62  54.85  52.43  54.16  3978700  54.16
2013-05-14  51.99  53.0  51.89  52.72  1754900  52.72
2013-05-13  51.9  51.98  51.38  51.96  1571100  51.96
2013-05-10  50.94  51.92  50.67  51.9  1771000  51.9
2013-05-09  50.68  51.47  50.36  50.94  1587300  50.94
2013-05-08  50.38  50.93  50.05  50.82  1988000  50.82
2013-05-07  50.35  50.71  50.19  50.65  1637400  50.65
2013-05-06  49.8  50.33  49.5  50.3  1381700  50.3
2013-05-03  48.94  49.73  48.55  49.65  1501100  49.65
2013-05-02  47.76  48.54  47.76  48.51  1468500  48.51
2013-05-01  48.01  48.75  47.59  47.73  1449400  47.73
2013-04-30  48.67  48.75  47.69  47.93  1917700  47.93
2013-04-29  48.78  49.28  48.43  48.81  1116600  48.81
2013-04-26  49.16  49.35  48.44  48.53  1230900  48.53
2013-04-25  48.96  49.38  48.49  49.08  1384600  49.08
2013-04-24  48.94  49.59  48.63  48.65  1077000  48.65
2013-04-23  49.07  49.47  48.67  49.11  1097700  49.11
2013-04-22  49.28  49.4  48.1  48.61  1904500  48.61
2013-04-19  49.28  49.98  48.55  49.25  1871300  49.25
2013-04-18  50.39  50.59  48.99  49.1  1558800  49.1
2013-04-17  50.59  50.76  49.72  50.27  2662900  50.27
2013-04-16  49.69  51.35  49.58  51.28  2842800  51.28
2013-04-15  50.2  50.2  49.23  49.26  2323700  49.26
2013-04-12  49.65  50.56  49.63  50.55  2625600  50.55
2013-04-11  49.33  50.29  49.13  49.99  3472100  49.99
2013-04-10  48.35  49.96  48.35  49.52  3319300  49.52
2013-04-09  48.06  48.54  47.63  48.27  2399200  48.27
2013-04-08  47.46  48.06  47.13  47.96  2115200  47.96
2013-04-05  46.97  47.78  46.75  47.47  1805000  47.47
2013-04-04  47.81  48.06  47.28  48.05  1812400  48.05
2013-04-03  48.94  49.4  47.59  47.7  2193100  47.7
2013-04-02  48.76  49.41  48.32  48.84  2558600  48.84
2013-04-01  50.66  50.66  48.13  48.32  4209400  48.32
2013-03-28  47.75  50.63  47.5  50.56  10256600  50.56
2013-03-27  49.04  50.19  48.14  49.97  6397900  49.97
2013-03-26  49.08  49.57  48.76  49.25  2984300  49.25
2013-03-25  49.89  50.13  47.91  48.99  7029700  48.99
2013-03-22  50.47  50.84  49.73  50.8  2276400  50.8
2013-03-21  50.62  51.21  49.95  50.94  3071000  50.94
2013-03-20  50.08  51.27  49.89  51.18  2064900  51.18
2013-03-19  50.38  50.6  49.48  49.79  2003700  49.79
2013-03-18  49.75  50.45  49.61  50.13  1509500  50.13
2013-03-15  50.4  50.61  50.0  50.44  2483600  50.44
2013-03-14  51.0  51.0  50.02  50.66  3097500  50.66
2013-03-13  50.46  51.03  50.15  50.8  2322600  50.8
2013-03-12  52.34  52.34  50.39  50.6  5151000  50.6
2013-03-11  52.89  53.54  52.75  53.14  1596600  53.14
2013-03-08  53.65  53.65  52.82  53.0  1250900  53.0
2013-03-07  53.12  53.59  52.91  53.47  1932900  53.47
2013-03-06  52.14  52.96  52.0  52.8  2929000  52.8
2013-03-05  52.27  52.53  51.8  51.99  2166600  51.99
2013-03-04  51.3  52.09  51.12  52.08  1919100  52.08
2013-03-01  50.79  51.7  50.2  51.58  2231000  51.58
2013-02-28  51.05  51.3  50.68  50.81  3165900  50.81
2013-02-27  49.33  50.91  49.26  50.55  4145300  50.55
2013-02-26  50.55  50.62  49.1  49.39  4649700  49.39
2013-02-25  51.51  51.86  50.2  50.24  2699400  50.24
2013-02-22  52.11  52.3  51.0  51.24  3816000  51.24
2013-02-21  53.62  53.63  51.67  51.71  3320500  51.71
2013-02-20  54.03  54.68  53.65  53.72  1711500  53.72
2013-02-19  54.01  54.27  53.79  53.94  1542300  53.94
2013-02-15  54.3  54.52  53.84  53.93  1770800  53.93
2013-02-14  54.37  54.44  53.81  54.07  2469000  54.07
2013-02-13  55.36  55.41  54.1  54.5  2690000  54.5
2013-02-12  54.54  55.34  54.28  55.33  1529600  55.33
2013-02-11  54.95  54.98  54.11  54.51  1671900  54.51
2013-02-08  55.24  55.6  54.87  54.96  1579200  54.96
2013-02-07  55.66  55.66  54.21  55.09  2172900  55.09
2013-02-06  55.68  56.3  55.3  55.73  1345800  55.73
2013-02-05  56.26  56.41  55.9  56.24  1098400  56.24
2013-02-04  56.43  56.89  55.91  55.95  1446400  55.95
2013-02-01  55.87  57.1  55.79  56.9  1954100  56.9
2013-01-31  54.89  56.03  54.7  55.56  1554000  55.56
2013-01-30  55.2  55.47  54.36  54.49  1287000  54.49
2013-01-29  54.73  55.74  53.93  55.06  2234800  55.06
2013-01-28  56.34  56.61  56.03  56.25  1752500  56.25
2013-01-25  55.36  56.74  55.21  56.05  1657400  56.05
2013-01-24  53.96  55.21  53.93  54.47  1056300  54.47
2013-01-23  53.32  54.26  53.16  54.15  1609800  54.15
2013-01-22  54.05  54.05  52.53  52.8  2441500  52.8
2013-01-18  54.82  54.91  53.76  54.15  1982500  54.15
2013-01-17  55.19  55.71  54.86  54.86  930400  54.86
2013-01-16  54.59  55.27  54.5  54.9  1073900  54.9
2013-01-15  54.57  55.15  54.16  54.99  1138300  54.99
2013-01-14  54.23  55.0  54.14  54.99  1251600  54.99
2013-01-11  54.33  54.7  53.88  54.45  1111900  54.45
2013-01-10  54.68  54.87  53.4  54.27  1184400  54.27
2013-01-09  54.52  55.3  54.38  54.44  1369500  54.44
2013-01-08  53.89  54.62  53.37  54.58  1701800  54.58
2013-01-07  53.81  54.22  53.54  53.92  1457100  53.92
2013-01-04  53.9  54.7  53.9  54.25  1470400  54.25
2013-01-03  54.43  54.88  53.64  53.91  1753300  53.91
2013-01-02  54.17  55.06  53.8  54.6  1878400  54.6
2012-12-31  51.97  53.21  51.66  52.96  1760800  52.96
2012-12-28  52.28  52.58  51.91  51.98  1242400  51.98
2012-12-27  53.36  53.52  51.87  52.78  1801000  52.78
2012-12-26  53.95  54.72  53.3  53.54  1178900  53.54
2012-12-24  54.7  54.77  53.43  53.98  1052200  53.98
2012-12-21  55.29  55.42  54.19  54.99  5137200  54.99
2012-12-20  52.32  53.12  51.55  52.61  3301200  52.61
2012-12-19  52.78  53.49  52.18  52.2  1863500  52.2
2012-12-18  51.44  52.33  51.38  52.2  1424000  52.2
2012-12-17  50.27  51.38  49.99  51.3  1165400  51.3
2012-12-14  49.9  50.47  49.81  50.22  1156400  50.22
2012-12-13  50.24  50.55  49.92  50.19  1071100  50.19
2012-12-12  51.04  51.44  50.21  50.35  1413400  50.35
2012-12-11  49.72  51.15  49.7  50.76  1645000  50.76
2012-12-10  49.24  49.75  49.24  49.52  1502600  49.52
2012-12-07  48.78  49.45  48.15  49.16  1781900  49.16
2012-12-06  48.4  48.65  48.04  48.43  2202400  48.43
2012-12-05  47.93  48.65  46.34  48.37  4064000  48.37
2012-12-04  49.49  49.56  48.75  49.01  1320200  49.01
2012-12-03  49.79  50.03  49.3  49.45  785800  49.45
2012-11-30  49.61  50.17  49.05  49.4  1391400  49.4
2012-11-29  49.4  50.08  49.26  49.71  1351700  49.71
2012-11-28  48.32  49.08  47.8  49.02  1049300  49.02
2012-11-27  49.52  49.52  48.1  48.51  2506500  48.51
2012-11-26  49.45  49.74  49.32  49.71  1129800  49.71
2012-11-23  49.45  50.0  49.15  49.74  579700  49.74
2012-11-21  48.27  49.66  48.24  49.06  1628200  49.06
2012-11-20  48.74  49.05  47.77  48.17  1093800  48.17
2012-11-19  49.01  49.21  48.18  48.9  1493900  48.9
2012-11-16  47.88  48.61  47.66  48.45  2129700  48.45
2012-11-15  47.81  47.87  47.08  47.73  1498400  47.73
2012-11-14  47.9  48.44  47.65  47.76  1771500  47.76
2012-11-13  47.28  47.74  46.76  47.41  1727300  47.41
2012-11-12  48.5  48.5  47.45  47.53  1164700  47.53
2012-11-09  48.23  48.95  48.15  48.34  1392500  48.34
2012-11-08  48.68  49.52  48.2  48.33  2012400  48.33
2012-11-07  49.41  49.85  48.65  48.65  1925600  48.65
2012-11-06  50.25  50.6  49.84  50.43  1417700  50.43
2012-11-05  50.44  50.46  49.72  50.11  1455000  50.11
2012-11-02  51.12  51.48  50.59  50.64  1813900  50.64
2012-11-01  49.46  50.88  48.52  50.87  3128600  50.87
2012-10-31  49.51  50.27  49.06  49.17  1362700  49.17
2012-10-26  50.0  50.64  49.44  50.27  2036400  50.27
2012-10-25  51.82  51.87  49.69  50.03  2796700  50.03
2012-10-24  52.34  52.8  50.65  51.24  1751600  51.24
2012-10-23  50.26  52.07  49.92  51.9  2530400  51.9
2012-10-22  50.86  51.2  50.46  51.06  1641100  51.06
2012-10-19  52.02  52.12  50.5  50.73  2723500  50.73
2012-10-18  52.1  52.91  51.44  52.25  2819500  52.25
2012-10-17  53.78  53.97  51.92  52.21  3518600  52.21
2012-10-16  54.26  54.96  53.92  54.66  1581900  54.66
2012-10-15  53.95  54.4  53.41  54.33  1124500  54.33
2012-10-12  53.83  54.45  53.32  53.69  1040700  53.69
2012-10-11  54.28  54.58  53.64  53.77  1260700  53.77
2012-10-10  53.97  54.39  52.93  53.86  2105600  53.86
2012-10-09  54.41  54.5  53.1  54.0  1501000  54.0
2012-10-08  54.87  55.52  54.31  54.41  1183600  54.41
2012-10-05  56.19  56.55  54.93  55.21  956300  55.21
2012-10-04  55.06  55.94  54.42  55.8  1825300  55.8
2012-10-03  55.75  56.16  55.46  55.79  1544600  55.79
2012-10-02  55.55  55.94  54.83  55.46  1190700  55.46
2012-10-01  57.17  57.3  54.8  55.22  2755700  55.22
2012-09-28  56.2  57.19  55.98  56.94  2381000  56.94
2012-09-27  55.06  56.71  54.69  56.64  1847000  56.64
2012-09-26  55.19  55.66  53.67  54.66  2301100  54.66
2012-09-25  55.08  57.06  55.0  55.08  5046500  55.08
2012-09-24  57.81  57.81  56.73  57.54  3674200  57.54
2012-09-21  57.68  58.42  57.59  57.64  3309300  57.64
2012-09-20  57.21  57.5  56.56  56.84  2349300  56.84
2012-09-19  57.37  57.9  56.98  57.58  1703600  57.58
2012-09-18  58.38  58.62  56.95  57.21  2850100  57.21
2012-09-17  59.04  59.39  58.4  58.62  2151200  58.62
2012-09-14  59.54  60.0  59.2  60.0  1884400  60.0
2012-09-13  58.08  59.2  57.62  58.99  2468700  58.99
2012-09-12  57.4  57.64  56.82  57.32  2692800  57.32
2012-09-11  58.34  58.6  57.15  57.18  2607600  57.18
2012-09-10  58.75  59.14  58.36  58.42  1051900  58.42
2012-09-07  59.02  59.7  58.66  59.15  1533500  59.15
2012-09-06  57.4  59.14  57.26  59.1  2299000  59.1
2012-09-05  57.12  57.24  56.53  56.99  1229900  56.99
2012-09-04  56.12  57.28  55.68  57.03  1604000  57.03
2012-08-31  56.48  56.77  55.4  56.04  1302400  56.04
2012-08-30  56.61  56.9  55.64  55.89  1447100  55.89
2012-08-29  57.12  57.29  56.44  57.03  1134700  57.03
2012-08-28  57.22  57.38  56.53  56.88  1957000  56.88
2012-08-27  58.05  58.13  56.85  57.25  1362600  57.25
2012-08-24  57.44  58.06  56.75  57.77  1813200  57.77
2012-08-23  58.1  58.6  57.37  57.73  1403100  57.73
2012-08-22  57.97  58.65  57.78  58.4  1002900  58.4
2012-08-21  58.6  59.19  57.8  58.07  1450900  58.07
2012-08-20  59.19  59.37  57.88  58.54  2053900  58.54
2012-08-17  58.67  59.49  58.31  59.42  2278900  59.42
2012-08-16  56.01  58.52  56.01  58.24  2361100  58.24
2012-08-15  55.17  56.13  55.17  55.72  1736900  55.72
2012-08-14  56.74  56.81  55.03  55.13  1983700  55.13
2012-08-13  56.99  57.1  55.77  56.39  1745600  56.39
2012-08-10  57.72  57.89  56.72  57.04  2131700  57.04
2012-08-09  58.0  58.39  57.39  57.83  1468500  57.83
2012-08-08  57.83  58.61  57.55  58.28  1674700  58.28
2012-08-07  56.77  58.74  56.63  57.82  1800100  57.82
2012-08-06  55.62  56.83  55.31  56.73  1530300  56.73
2012-08-03  54.16  55.56  53.66  55.5  1185900  55.5
2012-08-02  52.42  54.39  51.95  53.01  1159400  53.01
2012-08-01  54.13  54.19  52.46  53.01  1496300  53.01
2012-07-31  53.85  54.53  53.33  53.66  1275000  53.66
2012-07-30  55.63  55.81  53.41  53.76  1712100  53.76
2012-07-27  53.51  56.6  53.39  55.81  2144400  55.81
2012-07-26  52.98  54.5  52.11  52.97  2143400  52.97
2012-07-25  51.76  52.61  51.36  51.83  920900  51.83
2012-07-24  52.63  52.76  51.08  51.48  2001400  51.48
2012-07-23  52.58  52.89  51.27  52.64  1221100  52.64
2012-07-20  55.05  55.05  53.66  53.72  1778800  53.72
2012-07-19  54.24  55.75  54.22  55.61  2641400  55.61
2012-07-18  52.35  54.38  51.9  53.96  2362100  53.96
2012-07-17  52.3  52.53  50.81  51.67  1470000  51.67
2012-07-16  52.17  52.53  51.78  51.97  1934900  51.97
2012-07-13  50.68  52.51  50.36  52.48  1702100  52.48
2012-07-12  50.55  50.8  49.51  50.48  2624400  50.48
2012-07-11  51.06  51.91  50.92  51.36  2198300  51.36
2012-07-10  51.52  52.03  50.96  51.2  2699400  51.2
2012-07-09  53.04  53.51  51.01  51.16  3270100  51.16
2012-07-06  55.1  55.54  52.38  52.94  2872900  52.94
2012-07-05  56.21  57.1  56.0  56.67  1258700  56.67
2012-07-03  55.82  57.02  55.71  56.67  636000  56.67
2012-07-02  56.4  56.77  55.39  55.84  1873700  55.84
2012-06-29  53.76  56.52  53.76  56.48  2822100  56.48
2012-06-28  54.17  54.8  51.87  52.68  1986400  52.68
2012-06-27  54.68  55.06  53.95  54.42  1959200  54.42
2012-06-26  54.04  54.84  53.59  54.62  2172100  54.62
2012-06-25  54.07  54.98  53.2  53.74  3077600  53.74
2012-06-22  53.43  55.6  52.33  55.01  4603900  55.01
2012-06-21  51.13  54.23  51.02  53.0  10776400  53.0
2012-06-20  57.0  57.17  55.55  56.5  5461900  56.5
2012-06-19  57.3  58.64  56.64  56.92  2669800  56.92
2012-06-18  55.89  56.91  54.76  56.56  2652800  56.56
2012-06-15  54.34  56.8  54.17  56.49  3004800  56.49
2012-06-14  53.29  54.4  52.51  54.15  1877300  54.15
2012-06-13  53.41  54.05  52.82  53.1  1944700  53.1
2012-06-12  54.04  54.34  52.83  53.72  2072200  53.72
2012-06-11  56.04  56.22  53.72  53.77  1798800  53.77
2012-06-08  54.31  55.79  54.07  55.76  1610900  55.76
2012-06-07  55.85  56.07  54.47  54.63  1718700  54.63
2012-06-06  53.46  55.37  53.16  55.27  2628400  55.27
2012-06-05  50.12  53.17  50.12  52.96  3087300  52.96
2012-06-04  49.56  50.67  49.45  50.48  2769000  50.48
2012-06-01  50.03  51.26  49.86  49.9  2569800  49.9
2012-05-31  51.69  51.78  50.18  51.38  2812600  51.38
2012-05-30  51.47  51.78  50.98  51.53  1630500  51.53
2012-05-29  53.1  53.35  51.62  52.2  1888300  52.2
2012-05-25  52.65  52.78  51.9  52.09  1701400  52.09
2012-05-24  54.71  54.71  51.7  52.62  3134300  52.62
2012-05-23  55.2  55.2  52.6  54.43  3600000  54.43
2012-05-22  55.37  56.95  55.24  56.32  2703400  56.32
2012-05-21  53.48  55.5  52.88  55.28  1784900  55.28
2012-05-18  55.01  55.21  52.75  53.53  2517600  53.53
2012-05-17  55.78  56.1  54.28  54.48  2136300  54.48
2012-05-16  57.47  57.56  55.62  55.69  2007500  55.69
2012-05-15  56.01  58.13  56.01  56.82  1604500  56.82
2012-05-14  56.01  56.56  55.56  55.91  1154500  55.91
2012-05-11  55.84  57.45  55.84  56.67  1617900  56.67
2012-05-10  58.16  58.41  55.85  56.04  2865700  56.04
2012-05-09  56.69  58.26  56.25  57.9  2109800  57.9
2012-05-08  58.15  58.15  55.9  57.48  2039500  57.48
2012-05-07  58.07  59.0  57.19  58.64  1757700  58.64
2012-05-04  60.57  60.74  58.12  58.7  2235900  58.7
2012-05-03  61.72  62.41  60.45  60.8  2257900  60.8
2012-05-02  59.86  62.25  59.76  61.95  2059000  61.95
2012-05-01  59.7  61.11  59.52  60.39  1441900  60.39
2012-04-30  60.59  60.69  59.52  59.61  1297100  59.61
2012-04-27  59.96  61.03  59.0  60.91  2071400  60.91
2012-04-26  59.26  60.15  59.0  59.79  1288900  59.79
2012-04-25  57.93  59.29  57.66  59.23  2016500  59.23
2012-04-24  59.07  59.13  57.0  57.11  2067100  57.11
2012-04-23  59.72  59.81  57.84  58.87  2649800  58.87
2012-04-20  60.22  61.06  60.08  60.55  2014400  60.55
2012-04-19  60.23  62.75  59.62  60.13  2881000  60.13
2012-04-18  59.54  60.45  59.24  60.21  1537800  60.21
2012-04-17  60.17  60.35  59.83  59.94  2356800  59.94
2012-04-16  60.29  60.64  59.2  60.06  1638200  60.06
2012-04-13  60.65  61.36  59.92  60.2  1598900  60.2
2012-04-12  59.74  60.96  59.51  60.81  1729600  60.81
2012-04-11  58.92  59.78  58.25  59.53  2422700  59.53
2012-04-10  59.46  60.04  58.16  58.56  2710900  58.56
2012-04-09  59.9  60.23  59.11  59.73  1995000  59.73
2012-04-05  60.46  61.15  60.06  60.95  1537200  60.95
2012-04-04  61.07  61.92  59.65  60.67  2763800  60.67
2012-04-03  60.82  62.24  60.0  61.74  3653900  61.74
2012-04-02  59.67  61.05  58.86  60.8  3388300  60.8
2012-03-30  60.97  61.51  59.4  59.89  5263600  59.89
2012-03-29  54.94  61.71  54.55  61.43  15514800  61.43
2012-03-28  52.58  52.83  51.22  51.39  4334300  51.39
2012-03-27  53.27  54.01  51.9  51.9  3073600  51.9
2012-03-26  52.51  53.19  52.41  53.13  1627400  53.13
2012-03-23  51.54  51.95  51.02  51.87  1321500  51.87
2012-03-22  51.67  51.71  51.03  51.54  1242500  51.54
2012-03-21  50.91  52.57  50.89  52.03  1448400  52.03
2012-03-20  50.6  50.7  50.0  50.69  1272100  50.69
2012-03-19  50.56  51.31  50.56  51.03  924300  51.03
2012-03-16  49.64  50.98  49.35  50.64  1763000  50.64
2012-03-15  50.31  50.77  50.11  50.73  1645100  50.73
2012-03-14  51.39  51.51  50.16  50.33  1882100  50.33
2012-03-13  51.34  51.38  50.78  51.06  1753100  51.06
2012-03-12  50.58  51.12  50.47  50.94  1447000  50.94
2012-03-09  50.72  51.04  50.23  50.57  1385900  50.57
2012-03-08  50.1  51.15  50.02  50.67  1146800  50.67
2012-03-07  48.81  49.77  48.68  49.62  1200900  49.62
2012-03-06  48.71  48.86  48.25  48.7  1228500  48.7
2012-03-05  50.11  50.26  49.02  49.3  1590300  49.3
2012-03-02  50.7  50.85  50.05  50.23  1235800  50.23
2012-03-01  49.74  50.82  49.67  50.72  1142700  50.72
2012-02-29  49.7  50.29  49.32  49.46  1145200  49.46
2012-02-28  49.54  49.72  49.28  49.68  932600  49.68
2012-02-27  49.49  50.07  48.86  49.58  1074400  49.58
2012-02-24  49.43  50.61  49.3  50.01  1402200  50.01
2012-02-23  48.52  49.04  48.01  48.9  865600  48.9
2012-02-22  48.21  49.25  48.21  48.69  1365700  48.69
2012-02-21  48.71  48.79  47.82  48.27  1186400  48.27
2012-02-17  49.33  49.45  48.58  48.61  1190800  48.61
2012-02-16  48.24  49.15  48.14  49.08  1098800  49.08
2012-02-15  49.01  49.28  47.98  48.15  1115700  48.15
2012-02-14  48.79  49.15  48.36  48.81  1127600  48.81
2012-02-13  48.45  49.04  48.17  48.84  1176600  48.84
2012-02-10  48.29  48.72  47.68  47.97  1225600  47.97
2012-02-09  48.24  48.83  47.82  48.78  1145600  48.78
2012-02-08  48.03  48.13  47.45  48.08  1159900  48.08
2012-02-07  47.97  48.22  47.72  48.01  1143700  48.01
2012-02-06  48.58  48.71  48.19  48.25  1180100  48.25
2012-02-03  48.09  49.0  48.02  48.95  1919800  48.95
2012-02-02  47.27  48.0  47.14  47.48  1278900  47.48
2012-02-01  46.89  47.67  46.16  47.07  1855100  47.07
2012-01-31  47.0  47.0  46.18  46.37  1694700  46.37
2012-01-30  47.14  47.16  46.13  46.65  2064600  46.65
2012-01-27  47.15  47.87  47.09  47.5  2100600  47.5
2012-01-26  47.82  48.49  47.08  47.4  2357200  47.4
2012-01-25  47.53  48.0  47.19  47.77  1348200  47.77
2012-01-24  47.05  47.74  46.96  47.51  1947500  47.51
2012-01-23  46.29  47.09  46.17  47.0  2021900  47.0
2012-01-20  46.84  47.2  46.05  46.24  1948700  46.24
2012-01-19  45.84  47.0  45.84  46.9  2718400  46.9
2012-01-18  43.18  45.7  43.13  45.48  3304300  45.48
2012-01-17  42.94  43.5  42.8  43.22  1612700  43.22
2012-01-13  42.7  42.88  42.14  42.43  1378500  42.43
2012-01-12  43.18  43.19  42.24  43.11  1297400  43.11
2012-01-11  42.66  43.25  42.55  43.04  1441400  43.04
2012-01-10  42.73  43.23  42.62  42.96  1390500  42.96
2012-01-09  43.19  43.29  42.03  42.34  1730000  42.34
2012-01-06  42.83  43.5  42.57  43.04  1901100  43.04
2012-01-05  42.38  43.02  42.25  42.7  2798400  42.7
2012-01-04  41.76  42.46  41.3  42.4  2524000  42.4
2012-01-03  42.17  42.97  41.59  41.65  2455300  41.65
2011-12-30  41.47  41.57  41.13  41.29  1225400  41.29
2011-12-29  41.25  41.65  40.82  41.59  1430900  41.59
2011-12-28  41.48  41.6  40.82  41.0  1784100  41.0
2011-12-27  41.6  41.85  41.24  41.62  1862100  41.62
2011-12-23  40.79  41.6  40.34  41.59  1889800  41.59
2011-12-22  39.94  40.97  39.57  40.81  4982700  40.81
2011-12-21  41.31  41.33  39.19  39.9  10378800  39.9
2011-12-20  42.95  44.55  41.71  41.95  14841500  41.95
2011-12-19  48.25  48.25  45.83  46.05  3456400  46.05
2011-12-16  46.66  48.54  46.55  47.64  3108100  47.64
2011-12-15  46.91  47.0  45.7  46.23  2273600  46.23
2011-12-14  46.98  47.13  44.97  45.98  3710100  45.98
2011-12-13  49.34  49.55  46.67  46.98  2514700  46.98
2011-12-12  49.29  49.54  48.37  48.99  1546000  48.99
2011-12-09  49.02  49.95  48.94  49.7  2305000  49.7
2011-12-08  49.35  49.73  48.72  48.81  1987900  48.81
2011-12-07  50.31  50.32  48.96  49.6  3740200  49.6
2011-12-06  51.77  51.97  50.3  50.55  2836700  50.55
2011-12-05  51.21  52.95  51.16  51.8  1609600  51.8
2011-12-02  51.14  51.35  50.13  50.22  1264300  50.22
2011-12-01  49.87  50.73  49.43  50.54  1548200  50.54
2011-11-30  48.62  50.61  48.62  50.08  2792600  50.08
2011-11-29  47.69  48.22  46.92  47.15  1034800  47.15
2011-11-28  46.24  47.94  46.21  47.48  2036300  47.48
2011-11-25  45.52  46.02  44.89  44.93  866000  44.93
2011-11-23  46.89  47.06  45.51  45.51  2095300  45.51
2011-11-22  47.55  48.14  47.08  47.47  1504200  47.47
2011-11-21  48.09  48.21  47.01  47.73  2662400  47.73
2011-11-18  49.78  49.87  48.99  49.04  1947700  49.04
2011-11-17  51.8  51.8  49.21  49.58  1965500  49.58
2011-11-16  52.18  53.42  51.79  51.89  1910300  51.89
2011-11-15  50.15  53.09  50.05  52.72  3045700  52.72
2011-11-14  49.81  50.8  49.78  50.2  1366600  50.2
2011-11-11  49.91  50.69  49.82  50.05  1239900  50.05
2011-11-10  49.46  49.51  47.98  49.07  940600  49.07
2011-11-09  49.36  50.02  48.58  48.67  2221000  48.67
2011-11-08  50.03  50.88  49.26  50.53  1615300  50.53
2011-11-07  50.42  50.66  49.37  50.58  933500  50.58
2011-11-04  50.17  50.65  49.39  50.59  1411200  50.59
2011-11-03  49.3  50.77  48.6  50.61  1838100  50.61
2011-11-02  49.08  49.5  47.67  48.73  2013300  48.73
2011-11-01  47.7  48.87  47.23  48.28  2618800  48.28
2011-10-31  50.87  51.2  49.64  49.65  1944700  49.65
2011-10-28  49.93  52.0  49.93  51.86  1835700  51.86
2011-10-27  48.94  51.54  48.73  51.11  3535400  51.11
2011-10-26  47.09  48.57  46.0  48.23  3401200  48.23
2011-10-25  47.22  47.73  46.35  46.46  1807100  46.46
2011-10-24  46.3  47.57  46.27  47.42  1565100  47.42
2011-10-21  45.82  46.32  45.48  46.29  1623700  46.29
2011-10-20  45.51  45.68  44.33  45.37  1741600  45.37
2011-10-19  46.54  46.54  45.25  45.55  2621100  45.55
2011-10-18  45.38  47.07  44.75  46.82  2641600  46.82
2011-10-17  46.96  47.27  45.85  46.22  2218500  46.22
2011-10-14  46.69  47.69  46.6  47.44  2172000  47.44
2011-10-13  45.38  46.49  45.2  46.18  2219900  46.18
2011-10-12  45.23  46.29  44.88  45.68  2769600  45.68
2011-10-11  43.81  45.26  43.62  44.98  2467400  44.98
2011-10-10  43.66  44.35  43.29  44.17  1968000  44.17
2011-10-07  42.39  43.51  41.86  42.88  3324500  42.88
2011-10-06  40.67  42.09  40.08  42.04  2332300  42.04
2011-10-05  39.96  40.82  39.38  40.64  4677400  40.64
2011-10-04  38.76  40.03  37.85  39.89  5900000  39.89
2011-10-03  42.23  42.48  40.42  40.46  2665700  40.46
2011-09-30  43.16  43.7  42.23  42.26  3544400  42.26
2011-09-29  44.42  44.8  42.75  43.93  3629000  43.93
2011-09-28  44.7  45.07  43.21  43.65  4438600  43.65
2011-09-27  44.0  44.99  43.0  44.72  4241000  44.72
2011-09-26  42.72  43.56  41.52  43.49  3471800  43.49
2011-09-23  41.27  42.56  40.91  42.32  3283900  42.32
2011-09-22  42.18  42.55  40.32  41.49  8954600  41.49
2011-09-21  41.04  41.38  40.25  40.29  4088600  40.29
2011-09-20  41.14  41.68  39.95  40.09  2333200  40.09
2011-09-19  40.45  41.17  39.77  40.94  2277900  40.94
2011-09-16  41.47  41.56  40.59  41.21  2180000  41.21
2011-09-15  40.3  41.34  40.26  41.24  2758500  41.24
2011-09-14  39.0  40.4  38.42  39.68  2025100  39.68
2011-09-13  38.11  38.96  37.89  38.84  2190900  38.84
2011-09-12  36.64  38.03  36.61  38.01  2187000  38.01
2011-09-09  37.76  38.33  36.71  37.23  2097000  37.23
2011-09-08  38.48  39.1  38.16  38.28  1843400  38.28
2011-09-07  37.69  38.6  37.49  38.6  1739600  38.6
2011-09-06  35.92  37.02  35.65  36.95  1843100  36.95
2011-09-02  37.57  37.76  36.91  37.27  1932700  37.27
2011-09-01  39.53  39.99  38.25  38.5  2525400  38.5
2011-08-31  38.41  39.7  38.28  39.54  4091200  39.54
2011-08-30  36.93  38.08  36.69  37.86  2183500  37.86
2011-08-29  36.35  37.24  36.22  37.19  1577400  37.19
2011-08-26  34.29  36.08  34.06  35.9  2153200  35.9
2011-08-25  35.56  35.57  34.34  34.49  1995000  34.49
2011-08-24  34.58  35.48  34.15  35.44  3711900  35.44
2011-08-23  32.56  34.88  32.27  34.81  4512600  34.81
2011-08-22  32.77  33.2  32.17  32.26  3950000  32.26
2011-08-19  33.02  33.89  31.77  31.87  5738900  31.87
2011-08-18  35.44  35.45  32.95  33.33  5761700  33.33
2011-08-17  37.97  38.19  36.23  36.58  2875700  36.58
2011-08-16  38.16  38.19  37.23  37.8  2436000  37.8
2011-08-15  37.73  38.64  37.51  38.62  2409300  38.62
2011-08-12  37.97  38.08  37.06  37.42  3663100  37.42
2011-08-11  35.66  38.18  35.18  37.68  4331400  37.68
2011-08-10  35.66  36.86  35.22  35.32  4439800  35.32
2011-08-09  35.3  36.82  34.03  36.7  5387300  36.7
2011-08-08  36.62  37.12  34.94  34.96  4666300  34.96
2011-08-05  38.96  39.2  36.67  37.75  4654100  37.75
2011-08-04  40.01  40.05  38.58  38.63  3309200  38.63
2011-08-03  40.28  40.88  39.42  40.52  2913900  40.52
2011-08-02  40.86  41.33  40.07  40.25  3750700  40.25
2011-08-01  42.59  42.81  40.64  41.29  3181200  41.29
2011-07-29  42.12  42.69  41.54  42.08  1748000  42.08
2011-07-28  42.57  43.11  42.12  42.66  1702400  42.66
2011-07-27  43.87  43.87  42.4  42.6  2713600  42.6
2011-07-26  44.0  44.65  43.69  44.22  1897700  44.22
2011-07-25  44.0  44.46  43.85  43.95  1645700  43.95
2011-07-22  43.88  44.92  43.88  44.55  2363000  44.55
2011-07-21  43.9  44.22  43.26  43.82  2627500  43.82
2011-07-20  44.52  44.52  43.55  43.7  1700800  43.7
2011-07-19  43.06  44.71  43.04  44.47  3028300  44.47
2011-07-18  43.25  43.28  42.23  43.05  2007900  43.05
2011-07-15  43.06  43.32  42.29  43.3  3792200  43.3
2011-07-14  43.92  44.39  42.3  42.68  2960700  42.68
2011-07-13  44.24  44.77  43.72  43.87  1703600  43.87
2011-07-12  45.39  45.39  43.75  43.78  2014700  43.78
2011-07-11  45.86  46.19  45.09  45.31  1940200  45.31
2011-07-08  46.15  46.55  45.94  46.51  1005900  46.51
2011-07-07  46.91  47.1  46.52  46.67  1215900  46.67
2011-07-06  46.17  46.58  45.89  46.49  1409400  46.49
2011-07-05  46.29  46.46  45.79  46.06  1879400  46.06
2011-07-01  45.8  46.47  45.52  46.4  1490500  46.4
2011-06-30  45.24  46.07  45.0  45.9  2024300  45.9
2011-06-29  45.82  45.82  44.87  45.19  2359400  45.19
2011-06-28  45.3  45.73  45.01  45.65  1798700  45.65
2011-06-27  44.8  45.83  44.69  45.19  2456400  45.19
2011-06-24  45.31  45.49  44.7  45.03  2540200  45.03
2011-06-23  45.74  46.48  44.4  45.27  10098400  45.27
2011-06-22  43.37  44.31  42.8  43.72  3583500  43.72
2011-06-21  42.05  43.89  41.99  43.75  2863800  43.75
2011-06-20  41.13  42.21  41.0  41.95  2544500  41.95
2011-06-17  41.63  42.01  40.99  41.2  2705300  41.2
2011-06-16  41.38  41.53  40.27  40.94  2333500  40.94
2011-06-15  41.71  42.34  41.39  41.41  1474300  41.41
2011-06-14  42.12  42.6  41.97  42.26  1488300  42.26
2011-06-13  41.63  41.96  41.3  41.63  1706400  41.63
2011-06-10  42.2  42.4  41.44  41.49  1609400  41.49
2011-06-09  41.92  42.59  41.64  42.49  1354100  42.49
2011-06-08  42.18  42.59  41.57  41.81  1924700  41.81
2011-06-07  42.56  42.98  42.08  42.47  1956500  42.47
2011-06-06  42.77  42.95  42.25  42.38  1880300  42.38
2011-06-03  42.41  42.81  42.02  42.12  1759800  42.12
2011-06-02  42.86  43.47  42.54  43.03  1641300  43.03
2011-06-01  43.49  44.08  42.9  42.91  2860600  42.91
2011-05-31  43.68  43.91  43.18  43.6  2332200  43.6
2011-05-27  43.61  43.88  43.32  43.35  1148900  43.35
2011-05-26  43.07  43.53  42.72  43.45  1678500  43.45
2011-05-25  43.07  43.36  42.5  43.07  1513300  43.07
2011-05-24  44.08  44.23  42.94  42.98  2797400  42.98
2011-05-23  44.92  44.92  43.86  44.03  1981400  44.03
2011-05-20  45.62  46.09  45.21  45.74  1443900  45.74
2011-05-19  45.7  45.85  45.08  45.64  948600  45.64
2011-05-18  45.21  45.79  44.83  45.59  1037600  45.59
2011-05-17  45.35  45.4  44.57  45.2  1413400  45.2
2011-05-16  46.64  46.69  45.44  45.5  1938600  45.5
2011-05-13  47.35  47.79  46.77  46.87  1458500  46.87
2011-05-12  46.13  47.55  45.8  47.44  1700000  47.44
2011-05-11  46.87  47.26  46.09  46.35  1598100  46.35
2011-05-10  46.25  47.04  46.05  46.86  1114700  46.86
2011-05-09  45.96  46.2  45.58  46.1  892600  46.1
2011-05-06  46.2  46.67  45.38  45.79  1763100  45.79
2011-05-05  45.52  47.35  44.59  45.6  2241400  45.6
2011-05-04  47.0  47.12  45.31  45.84  3011900  45.84
2011-05-03  47.12  47.27  46.23  47.0  2505800  47.0
2011-05-02  47.66  47.71  46.44  47.27  2444100  47.27
2011-04-29  46.8  47.55  46.44  47.47  1446000  47.47
2011-04-28  46.52  46.95  46.26  46.74  1012400  46.74
2011-04-27  46.69  46.72  45.73  46.72  1049700  46.72
2011-04-26  47.3  47.56  46.19  46.48  1800000  46.48
2011-04-25  47.52  47.73  47.02  47.22  839600  47.22
2011-04-21  48.08  48.38  47.27  47.59  1843900  47.59
2011-04-20  46.55  48.15  46.43  47.71  3784900  47.71
2011-04-19  45.18  45.37  44.55  45.11  1421400  45.11
2011-04-18  45.28  45.39  44.34  45.26  1690200  45.26
2011-04-15  45.45  46.04  45.11  45.92  1821900  45.92
2011-04-14  45.16  45.63  44.65  45.49  2039800  45.49
2011-04-13  45.01  46.03  44.96  45.7  2199400  45.7
2011-04-12  44.53  45.14  44.21  44.59  2096200  44.59
2011-04-11  45.1  45.59  44.66  45.04  1462800  45.04
2011-04-08  45.56  45.57  44.79  45.2  1377700  45.2
2011-04-07  45.11  45.84  44.59  45.12  1662500  45.12
2011-04-06  46.49  46.59  44.77  45.17  2722000  45.17
2011-04-05  46.8  46.84  46.11  46.38  2589100  46.38
2011-04-04  46.31  47.21  46.27  47.03  3345400  47.03
2011-04-01  45.86  46.43  45.41  46.31  2891700  46.31
2011-03-31  45.94  46.05  45.18  45.39  2065500  45.39
2011-03-30  47.1  47.26  45.53  46.1  2573800  46.1
2011-03-29  45.89  47.0  45.79  46.91  2266700  46.91
2011-03-28  46.41  46.82  45.72  46.09  3540100  46.09
2011-03-25  47.29  47.68  46.14  46.34  4226400  46.34
2011-03-24  45.33  47.88  44.76  47.26  18029000  47.26
2011-03-23  39.17  40.25  38.75  39.97  2893900  39.97
2011-03-22  39.84  39.84  39.02  39.56  1920400  39.56
2011-03-21  39.61  40.18  39.14  39.81  1776200  39.81
2011-03-18  39.94  40.21  38.9  39.11  2731400  39.11
2011-03-17  40.35  40.35  39.24  39.29  2065100  39.29
2011-03-16  39.88  40.77  39.49  39.58  2122000  39.58
2011-03-15  38.84  40.34  38.47  40.11  2175800  40.11
2011-03-14  40.59  41.17  39.93  40.21  1311200  40.21
2011-03-11  40.04  41.17  39.97  41.06  1087400  41.06
2011-03-10  40.71  40.92  39.96  40.35  1451400  40.35
2011-03-09  41.1  41.6  40.78  41.34  1408400  41.34
2011-03-08  40.42  41.6  40.23  41.3  2014300  41.3
2011-03-07  41.31  41.36  39.81  40.35  1514500  40.35
2011-03-04  41.75  41.98  40.8  40.96  1536200  40.96
2011-03-03  41.19  41.91  40.98  41.86  1576900  41.86
2011-03-02  40.21  41.02  40.13  40.71  1253000  40.71
2011-03-01  41.43  41.59  40.12  40.35  1738500  40.35
2011-02-28  41.5  41.55  40.68  41.28  1858800  41.28
2011-02-25  41.01  41.67  40.72  41.34  2066100  41.34
2011-02-24  39.74  41.13  39.42  40.59  6254800  40.59
2011-02-23  42.94  43.15  40.56  40.58  4959600  40.58
2011-02-22  44.75  44.81  42.86  43.03  1894800  43.03
2011-02-18  45.64  45.81  45.2  45.43  1648000  45.43
2011-02-17  45.52  45.89  45.17  45.58  1113600  45.58
2011-02-16  45.52  45.77  45.13  45.66  1207000  45.66
2011-02-15  45.27  45.55  45.13  45.29  1266400  45.29
2011-02-14  44.77  45.62  44.7  45.56  1330600  45.56
2011-02-11  44.44  45.36  44.27  44.88  1466300  44.88
2011-02-10  44.03  45.0  43.84  44.72  1468200  44.72
2011-02-09  44.31  44.75  44.15  44.39  1827100  44.39
2011-02-08  44.03  44.89  43.75  44.46  2289100  44.46
2011-02-07  43.59  44.54  43.49  44.11  1629600  44.11
2011-02-04  43.02  43.73  42.7  43.57  2164600  43.57
2011-02-03  42.65  43.26  42.28  43.07  2756100  43.07
2011-02-02  41.68  42.79  41.58  42.58  2653100  42.58
2011-02-01  41.3  42.27  41.19  41.99  2432200  41.99
2011-01-31  41.1  41.37  40.92  41.32  2784800  41.32
2011-01-28  41.43  41.75  40.51  41.06  3073700  41.06
2011-01-27  42.16  43.0  41.26  41.38  3611100  41.38
2011-01-26  41.14  42.4  41.13  42.19  4528900  42.19
2011-01-25  41.68  41.8  39.84  40.0  5130900  40.0
2011-01-24  42.72  42.72  41.94  42.08  2729900  42.08
2011-01-21  43.47  43.75  42.6  42.76  2052100  42.76
2011-01-20  45.13  45.15  42.95  43.28  3275600  43.28
2011-01-19  45.87  46.46  45.21  45.57  1791500  45.57
2011-01-18  45.65  46.18  45.3  45.73  890800  45.73
2011-01-14  45.57  45.86  44.94  45.86  1303200  45.86
2011-01-13  46.06  46.12  45.36  45.54  1037800  45.54
2011-01-12  46.66  46.66  45.94  46.06  1296300  46.06
2011-01-11  46.62  46.76  46.02  46.3  1025500  46.3
2011-01-10  45.34  46.52  44.84  46.5  1397700  46.5
2011-01-07  46.2  46.35  45.08  45.71  1682300  45.71
2011-01-06  46.44  46.71  46.02  46.25  1141700  46.25
2011-01-05  46.02  46.83  45.75  46.55  980200  46.55
2011-01-04  46.59  46.77  45.98  46.15  1981400  46.15
2011-01-03  46.06  46.89  46.05  46.56  1707500  46.56
2010-12-31  46.24  46.24  45.5  45.65  945400  45.65
2010-12-30  46.39  46.58  46.19  46.25  747300  46.25
2010-12-29  46.24  46.76  45.95  46.62  968800  46.62
2010-12-28  46.21  46.28  45.67  46.07  1077800  46.07
2010-12-27  46.47  46.57  45.57  46.12  1093700  46.12
2010-12-23  46.96  47.2  46.34  46.51  1483600  46.51
2010-12-22  47.15  47.83  45.27  46.7  5794500  46.7
2010-12-21  48.01  48.3  47.5  47.88  3514300  47.88
2010-12-20  48.44  48.48  47.48  47.92  3089500  47.92
2010-12-17  48.1  48.5  47.8  47.83  4194900  47.83
2010-12-16  47.28  48.31  47.05  48.19  2546400  48.19
2010-12-15  47.75  48.09  47.17  47.25  1895400  47.25
2010-12-14  48.41  48.51  47.54  47.68  2137000  47.68
2010-12-13  48.42  48.78  48.01  48.45  1702200  48.45
2010-12-10  47.89  48.49  47.64  48.27  1994400  48.27
2010-12-09  48.51  48.51  47.51  47.71  2273200  47.71
2010-12-08  48.28  48.44  47.55  47.99  1821100  47.99
2010-12-07  48.27  49.0  47.17  47.5  2721200  47.5
2010-12-06  47.27  47.39  46.71  46.92  1364500  46.92
2010-12-03  46.59  47.64  46.45  47.45  1825000  47.45
2010-12-02  46.44  47.07  46.27  46.93  3026400  46.93
2010-12-01  44.33  46.25  44.21  46.23  3673500  46.23
2010-11-30  42.59  43.63  42.39  43.5  2325000  43.5
2010-11-29  43.09  43.17  42.25  43.04  1806700  43.04
2010-11-26  42.9  43.43  42.76  43.32  887900  43.32
2010-11-24  42.64  43.68  42.59  43.31  2241800  43.31
2010-11-23  42.71  43.31  41.94  42.25  2143700  42.25
2010-11-22  41.96  42.73  41.69  42.67  1926500  42.67
2010-11-19  41.95  42.92  41.74  41.87  2202400  41.87
2010-11-18  41.49  42.22  41.34  41.76  1146900  41.76
2010-11-17  40.92  41.75  40.47  40.93  2125900  40.93
2010-11-16  41.03  41.15  40.47  40.91  2362200  40.91
2010-11-15  42.17  42.51  41.25  41.31  1743100  41.31
2010-11-12  43.27  43.27  41.8  41.96  2041800  41.96
2010-11-11  43.27  43.74  42.57  43.57  1628300  43.57
2010-11-10  42.9  43.79  42.55  43.68  1298400  43.68
2010-11-09  43.15  43.39  42.73  42.94  1808500  42.94
2010-11-08  42.97  43.47  42.79  43.01  2089000  43.01
2010-11-05  43.32  43.48  42.8  43.1  1224400  43.1
2010-11-04  43.44  43.59  42.88  43.43  1622200  43.43
2010-11-03  43.38  43.39  42.14  42.98  2149300  42.98
2010-11-02  42.81  43.47  42.7  43.16  1508900  43.16
2010-11-01  42.4  42.95  42.12  42.56  1598700  42.56
2010-10-29  42.24  42.49  41.94  42.26  1533800  42.26
2010-10-28  42.72  42.73  41.22  42.22  2933600  42.22
2010-10-27  41.01  42.5  41.0  42.46  3163600  42.46
2010-10-26  40.76  41.58  40.17  41.27  2820200  41.27
2010-10-25  40.72  41.33  40.58  41.08  1822800  41.08
2010-10-22  39.17  40.68  39.03  40.66  2880000  40.66
2010-10-21  39.13  39.5  38.74  39.15  2129500  39.15
2010-10-20  38.75  39.22  38.55  38.92  2096000  38.92
2010-10-19  38.38  39.2  38.0  38.68  3660400  38.68
2010-10-18  40.03  40.28  39.32  39.82  2521700  39.82
2010-10-15  39.89  40.51  39.56  40.4  4113100  40.4
2010-10-14  39.5  39.68  39.05  39.67  1690700  39.67
2010-10-13  39.44  40.03  39.17  39.41  1711300  39.41
2010-10-12  38.08  39.35  37.88  39.15  2656900  39.15
2010-10-11  38.66  39.83  38.3  38.41  2993900  38.41
2010-10-08  37.99  38.85  37.95  38.67  2371700  38.67
2010-10-07  38.6  38.75  37.51  38.17  5192800  38.17
2010-10-06  41.4  41.5  37.33  38.32  10010900  38.32
2010-10-05  40.94  41.61  40.89  41.5  3582300  41.5
2010-10-04  41.04  41.2  40.24  40.62  2118800  40.62
2010-10-01  41.07  41.71  40.95  41.27  2793000  41.27
2010-09-30  41.37  41.6  40.5  41.0  3015600  41.0
2010-09-29  41.22  41.28  40.37  41.03  3597800  41.03
2010-09-28  40.83  41.33  40.16  41.27  3112100  41.27
2010-09-27  41.2  41.24  40.34  40.82  2869600  40.82
2010-09-24  40.77  41.74  40.54  41.26  4279700  41.26
2010-09-23  39.86  41.47  39.37  40.07  13076700  40.07
2010-09-22  38.3  38.72  36.66  36.75  5693200  36.75
2010-09-21  38.96  39.04  38.0  38.43  3469500  38.43
2010-09-20  38.45  39.48  38.36  38.98  3925400  38.98
2010-09-17  37.72  38.46  37.72  38.34  3992800  38.34
2010-09-16  38.98  38.99  36.95  37.44  5825900  37.44
2010-09-15  38.35  38.79  38.01  38.74  2320600  38.74
2010-09-14  38.39  38.95  38.03  38.6  3278400  38.6
2010-09-13  37.91  39.08  37.91  38.95  3623200  38.95
2010-09-10  37.06  37.61  36.98  37.41  1297400  37.41
2010-09-09  37.51  37.61  36.78  36.98  1229800  36.98
2010-09-08  37.18  37.53  36.92  37.08  2554100  37.08
2010-09-07  36.59  37.15  36.49  36.93  2320500  36.93
2010-09-03  36.72  37.36  36.46  36.98  2350500  36.98
2010-09-02  35.79  36.58  35.68  36.54  2531200  36.54
2010-09-01  35.04  36.44  35.04  35.65  3962000  35.65
2010-08-31  34.24  34.9  34.22  34.55  2106200  34.55
2010-08-30  35.04  35.26  34.52  34.52  1677600  34.52
2010-08-27  34.74  35.27  34.24  35.16  2922800  35.16
2010-08-26  33.44  34.75  33.44  34.54  6130100  34.54
2010-08-25  32.64  33.36  32.55  33.25  3178000  33.25
2010-08-24  32.25  33.13  31.88  33.01  4523900  33.01
2010-08-23  32.69  33.5  32.56  32.77  3952400  32.77
2010-08-20  31.14  32.72  31.05  32.54  3823000  32.54
2010-08-19  31.82  32.1  31.14  31.41  2668000  31.41
2010-08-18  31.81  31.9  31.38  31.79  1901500  31.79
2010-08-17  31.28  32.08  31.2  31.88  2413900  31.88
2010-08-16  30.68  31.06  30.29  31.02  2127200  31.02
2010-08-13  30.74  31.46  30.62  30.93  1932900  30.93
2010-08-12  31.36  31.36  30.63  30.85  3695500  30.85
2010-08-11  32.49  32.49  31.73  31.95  2010000  31.95
2010-08-10  33.02  33.21  32.59  33.13  2427200  33.13
2010-08-09  33.63  33.81  33.42  33.49  1675400  33.49
2010-08-06  32.97  33.64  32.57  33.45  2329000  33.45
2010-08-05  33.54  33.63  32.97  33.25  2477900  33.25
2010-08-04  32.06  33.99  32.05  33.83  4461800  33.83
2010-08-03  32.5  32.53  31.88  32.04  2130100  32.04
2010-08-02  32.49  32.8  32.37  32.62  2156000  32.62
2010-07-30  31.69  32.31  31.35  32.15  3120200  32.15
2010-07-29  32.07  32.23  31.27  32.01  4094700  32.01
2010-07-28  32.24  32.6  31.65  31.8  2924800  31.8
2010-07-27  33.57  33.57  32.29  32.4  3265300  32.4
2010-07-26  33.17  33.64  32.97  33.22  2826800  33.22
2010-07-23  32.04  33.21  31.87  33.21  5200800  33.21
2010-07-22  31.98  32.45  31.78  32.34  2400700  32.34
2010-07-21  32.26  32.5  31.5  31.61  3159500  31.61
2010-07-20  31.27  32.06  31.06  32.03  2984000  32.03
2010-07-19  31.75  31.97  31.37  31.82  2031100  31.82
2010-07-16  32.14  32.35  31.53  31.58  3796000  31.58
2010-07-15  32.14  32.6  31.93  32.47  4049900  32.47
2010-07-14  31.66  32.23  31.53  32.22  2877100  32.22
2010-07-13  31.12  31.86  31.0  31.59  2780400  31.59
2010-07-12  30.42  31.04  30.37  30.86  1770100  30.86
2010-07-09  30.6  30.82  30.34  30.64  1197500  30.64
2010-07-08  30.91  30.99  30.13  30.55  2879100  30.55
2010-07-07  29.54  30.74  29.45  30.71  2811900  30.71
2010-07-06  29.41  29.69  29.19  29.44  3423800  29.44
2010-07-02  29.1  29.2  28.69  28.91  2009500  28.91
2010-07-01  28.9  29.39  28.2  29.2  3702600  29.2
2010-06-30  29.35  29.73  28.82  28.94  2486700  28.94
2010-06-29  30.24  30.55  29.16  29.39  2894300  29.39
2010-06-28  31.1  31.34  30.75  30.99  2182800  30.99
2010-06-25  30.86  31.31  30.49  31.07  3056600  31.07
2010-06-24  31.19  31.39  30.63  30.78  2922800  30.78
2010-06-23  31.86  32.52  30.99  31.36  4978700  31.36
2010-06-22  31.71  31.88  30.81  30.86  3792300  30.86
2010-06-21  32.25  32.48  31.4  31.58  2066900  31.58
2010-06-18  32.17  32.32  31.72  31.92  2253400  31.92
2010-06-17  32.25  32.45  31.76  32.13  2547100  32.13
2010-06-16  31.9  32.34  31.69  32.23  3568400  32.23
2010-06-15  31.43  32.08  31.43  32.0  3102400  32.0
2010-06-14  31.45  31.76  31.17  31.25  3145300  31.25
2010-06-11  29.56  31.37  29.56  31.35  4083700  31.35
2010-06-10  29.6  30.09  29.28  30.07  3068300  30.07
2010-06-09  28.82  29.65  28.65  29.02  2960800  29.02
2010-06-08  28.11  28.75  27.82  28.7  3679500  28.7
2010-06-07  28.8  28.97  27.94  27.96  2557100  27.96
2010-06-04  29.57  29.71  28.5  28.62  2663100  28.62
2010-06-03  29.01  30.18  28.82  30.07  2837500  30.07
2010-06-02  28.48  28.97  28.3  28.84  5019000  28.84
2010-06-01  28.84  29.53  28.43  28.43  3508800  28.43
2010-05-28  30.09  30.34  29.26  29.31  2731600  29.31
2010-05-27  29.52  29.93  29.24  29.93  1726100  29.93
2010-05-26  29.08  29.94  28.73  28.92  2823500  28.92
2010-05-25  28.47  28.93  28.02  28.92  2423000  28.92
2010-05-24  29.18  29.67  28.9  29.22  2076100  29.22
2010-05-21  27.71  29.46  27.58  29.22  3733700  29.22
2010-05-20  28.57  28.73  27.92  28.26  4529600  28.26
2010-05-19  29.85  29.93  28.62  29.36  2715100  29.36
2010-05-18  30.74  30.88  29.68  30.05  2131000  30.05
2010-05-17  30.45  30.8  29.9  30.52  2128800  30.52
2010-05-14  30.5  30.6  30.0  30.4  3849800  30.4
2010-05-13  29.98  31.17  29.98  30.76  3859900  30.76
2010-05-12  29.45  30.17  29.3  30.12  2474300  30.12
2010-05-11  29.2  29.82  29.01  29.33  2638700  29.33
2010-05-10  28.74  29.24  28.5  28.9  3135100  28.9
2010-05-07  28.13  28.28  26.69  27.49  4536700  27.49
2010-05-06  29.34  30.0  26.81  28.2  3451100  28.2
2010-05-05  29.39  29.72  29.32  29.51  1832100  29.51
2010-05-04  30.22  30.22  29.43  29.7  1877900  29.7
2010-05-03  30.06  30.7  30.01  30.6  1332500  30.6
2010-04-30  30.78  30.83  29.82  29.87  2132000  29.87
2010-04-29  30.75  30.88  30.55  30.78  1351200  30.78
2010-04-28  31.0  31.02  30.23  30.62  1596400  30.62
2010-04-27  31.31  31.63  30.66  30.75  2358900  30.75
2010-04-26  31.48  31.7  31.3  31.54  1647800  31.54
2010-04-23  30.98  31.47  30.93  31.46  1432300  31.46
2010-04-22  30.84  31.35  30.3  31.29  1966600  31.29
2010-04-21  31.16  31.22  30.73  31.1  1684600  31.1
2010-04-20  30.85  31.2  30.81  31.03  2411400  31.03
2010-04-19  30.89  31.22  30.25  30.7  2440100  30.7
2010-04-16  31.49  31.67  30.93  31.1  3397700  31.1
2010-04-15  31.95  32.11  31.49  31.67  3573500  31.67
2010-04-14  32.0  32.19  31.78  32.09  4067600  32.09
2010-04-13  30.96  31.25  30.82  31.16  2674300  31.16
2010-04-12  30.77  31.0  30.57  30.81  2169600  30.81
2010-04-09  30.47  30.84  30.28  30.81  2243700  30.81
2010-04-08  30.17  30.5  30.0  30.48  3204400  30.48
2010-04-07  30.28  30.43  30.07  30.34  2964400  30.34
2010-04-06  30.12  30.72  30.08  30.39  2581400  30.39
2010-04-05  29.94  30.39  29.94  30.36  3186100  30.36
2010-04-01  29.38  30.0  29.38  29.94  5814900  29.94
2010-03-31  28.89  29.45  28.85  29.27  4173900  29.27
2010-03-30  28.24  29.07  27.9  28.93  6205000  28.93
2010-03-29  28.5  28.61  28.15  28.16  3461500  28.16
2010-03-26  28.84  28.99  28.2  28.39  5293300  28.39
2010-03-25  29.99  30.02  28.45  28.9  13764200  28.9
2010-03-24  30.29  31.14  30.1  30.7  6859200  30.7
2010-03-23  30.0  30.38  29.66  30.17  3801600  30.17
2010-03-22  29.95  30.2  29.87  30.0  3730900  30.0
2010-03-19  30.2  30.34  29.8  29.97  2982700  29.97
2010-03-18  30.62  30.69  30.12  30.2  2701500  30.2
2010-03-17  30.72  30.87  30.49  30.72  1877300  30.72
2010-03-16  30.73  30.93  30.47  30.61  1883800  30.61
2010-03-15  30.65  30.78  30.45  30.76  1421300  30.76
2010-03-12  30.72  30.9  30.57  30.76  1950300  30.76
2010-03-11  30.36  30.64  30.17  30.62  2179800  30.62
2010-03-10  30.13  30.42  30.08  30.36  1413300  30.36
2010-03-09  29.9  30.45  29.76  30.21  1352000  30.21
2010-03-08  30.15  30.24  29.83  30.01  2378000  30.01
2010-03-05  30.0  30.72  29.86  30.27  2864100  30.27
2010-03-04  29.37  30.02  29.28  29.88  2269800  29.88
2010-03-03  28.87  29.74  28.8  29.35  2214800  29.35
2010-03-02  28.81  28.97  28.62  28.75  1261700  28.75
2010-03-01  28.16  28.82  28.01  28.63  1377800  28.63
2010-02-26  28.11  28.31  27.82  28.05  1119100  28.05
2010-02-25  27.89  28.21  27.36  28.14  1718000  28.14
2010-02-24  28.16  28.53  28.01  28.28  1290900  28.28
2010-02-23  28.99  29.0  27.92  27.99  2747100  27.99
2010-02-22  29.28  29.28  28.85  29.01  1553800  29.01
2010-02-19  28.95  29.56  28.93  29.12  1734900  29.12
2010-02-18  28.79  29.22  28.67  29.18  1217400  29.18
2010-02-17  28.67  28.85  28.47  28.78  1483100  28.78
2010-02-16  28.14  28.64  28.11  28.54  1661400  28.54
2010-02-12  27.84  27.99  27.54  27.86  1459100  27.86
2010-02-11  27.64  28.1  27.0  28.03  2094900  28.03
2010-02-10  27.36  27.49  27.0  27.19  1097500  27.19
2010-02-09  27.5  27.81  27.01  27.41  1691700  27.41
2010-02-08  27.2  27.74  26.99  27.19  1461100  27.19
2010-02-05  26.88  27.31  26.51  27.24  1926300  27.24
2010-02-04  28.07  28.1  26.92  27.0  2183600  27.0
2010-02-03  28.3  28.75  28.18  28.44  1140400  28.44
2010-02-02  28.32  28.7  28.15  28.48  2565200  28.48
2010-02-01  27.21  28.35  26.87  28.33  3926100  28.33
2010-01-29  27.4  27.74  27.1  27.22  2412700  27.22
2010-01-28  27.87  27.96  26.94  27.36  1738500  27.36
2010-01-27  28.05  28.24  27.41  27.97  2570400  27.97
2010-01-26  27.77  28.74  27.74  28.15  2931000  28.15
2010-01-25  27.94  28.06  27.39  27.69  2164700  27.69
2010-01-22  29.02  29.11  27.63  27.73  2944100  27.73
2010-01-21  29.17  29.94  28.95  29.06  3001800  29.06
2010-01-20  29.4  29.48  28.8  29.16  1949900  29.16
2010-01-19  28.93  29.69  28.86  29.61  1979600  29.61
2010-01-15  29.8  29.8  28.91  29.08  2269000  29.08
2010-01-14  29.61  30.0  29.44  29.77  2076800  29.77
2010-01-13  29.16  29.75  28.56  29.49  2834100  29.49
2010-01-12  29.51  29.64  28.72  29.09  2971500  29.09
2010-01-11  30.15  30.24  29.56  29.74  2429300  29.74
2010-01-08  30.42  30.42  29.92  30.14  2764500  30.14
2010-01-07  30.98  31.0  30.34  30.39  1900000  30.39
2010-01-06  30.95  31.42  30.78  30.97  2164200  30.97
2010-01-05  31.17  31.35  30.77  30.97  2116700  30.97
2010-01-04  31.23  31.5  31.03  31.12  2060800  31.12
