Date  Open  High  Low  Close  Volume  Adj Close
2014-02-28  49.19  49.62  49.13  49.5  639400  49.5
2014-02-27  49.32  49.55  49.02  49.18  647900  49.18
2014-02-26  49.4  49.6  49.19  49.21  664700  49.21
2014-02-25  49.37  49.72  49.27  49.45  1047500  49.45
2014-02-24  49.57  49.98  49.33  49.35  949500  49.35
2014-02-21  49.2  49.97  49.13  49.6  1199300  49.6
2014-02-20  48.4  49.14  48.23  49.08  991100  49.08
2014-02-19  48.85  48.95  48.36  48.5  1459100  48.5
2014-02-18  48.79  49.0  48.73  48.93  1011400  48.93
2014-02-14  48.38  48.75  48.25  48.7  740700  48.7
2014-02-13  47.74  48.56  47.69  48.45  883000  48.45
2014-02-12  47.79  48.1  47.64  47.86  783800  47.86
2014-02-11  47.0  47.89  46.94  47.75  659500  47.75
2014-02-10  46.56  47.09  46.29  47.03  537600  47.03
2014-02-07  46.56  46.7  46.34  46.64  488800  46.64
2014-02-06  46.03  46.38  45.77  46.35  480600  46.35
2014-02-05  46.22  46.22  45.88  45.94  477100  45.94
2014-02-04  46.97  47.1  46.09  46.28  781600  46.28
2014-02-03  47.28  48.06  46.7  46.83  1310100  46.83
2014-01-31  46.53  47.39  46.5  47.27  724300  47.27
2014-01-30  46.38  47.02  46.27  46.96  781700  46.96
2014-01-29  46.32  46.48  46.0  46.16  990400  46.16
2014-01-28  46.31  46.48  46.11  46.45  507500  46.45
2014-01-27  46.63  47.12  45.88  46.29  1823300  46.29
2014-01-24  46.85  47.37  46.55  46.56  982000  46.56
2014-01-23  46.84  47.06  46.64  47.01  708900  47.01
2014-01-22  46.91  47.17  46.8  47.05  580700  47.05
2014-01-21  46.5  46.98  46.36  46.88  648100  46.88
2014-01-17  46.51  46.52  46.24  46.34  500400  46.34
2014-01-16  46.15  46.41  46.12  46.38  456500  46.38
2014-01-15  46.5  46.53  46.09  46.18  504100  46.18
2014-01-14  46.42  46.66  46.26  46.33  501100  46.33
2014-01-13  46.74  46.92  46.31  46.4  875500  46.4
2014-01-10  46.24  47.03  46.14  46.8  795700  46.8
2014-01-09  45.91  46.07  45.63  46.02  935300  46.02
2014-01-08  46.24  46.24  45.58  45.67  935000  45.67
2014-01-07  45.72  46.28  45.66  46.22  711100  46.22
2014-01-06  45.96  46.07  45.64  45.73  877000  45.73
2014-01-03  46.06  46.21  45.64  45.96  814000  45.96
2014-01-02  47.17  47.3  45.97  46.03  1001900  46.03
2013-12-31  47.07  47.14  46.77  46.93  734000  46.93
2013-12-30  47.02  47.32  46.83  46.9  632200  46.9
2013-12-27  47.14  47.27  46.87  46.96  529900  46.96
2013-12-26  47.34  47.4  46.85  47.05  451100  47.05
2013-12-24  47.12  47.46  46.93  47.28  177700  47.28
2013-12-23  47.37  47.64  47.07  47.11  721800  47.11
2013-12-20  47.1  47.51  46.99  47.25  2157400  47.25
2013-12-19  47.31  47.34  46.69  47.02  829500  47.02
2013-12-18  46.64  47.5  46.25  47.45  1059500  47.45
2013-12-17  46.74  46.9  46.55  46.62  801700  46.62
2013-12-16  46.74  47.19  46.72  46.8  1081200  46.8
2013-12-13  46.54  46.76  46.37  46.54  830200  46.54
2013-12-12  46.29  46.73  46.26  46.42  1186100  46.42
2013-12-11  46.75  47.04  46.24  46.29  1013700  46.29
2013-12-10  47.3  47.56  46.76  46.83  1680700  46.83
2013-12-09  47.49  47.69  47.25  47.37  977300  47.37
2013-12-06  47.04  47.64  46.74  47.64  723700  47.64
2013-12-05  46.98  47.16  46.62  46.84  906100  46.84
2013-12-04  46.59  47.24  46.35  47.1  989800  47.1
2013-12-03  46.39  46.87  46.31  46.81  810800  46.81
2013-12-02  46.66  46.96  46.23  46.55  986200  46.55
2013-11-29  46.81  47.03  46.65  46.66  290800  46.66
2013-11-27  46.59  46.92  46.41  46.76  971300  46.76
2013-11-26  46.84  46.98  46.3  46.62  1008200  46.62
2013-11-25  47.06  47.19  46.81  46.83  782300  46.83
2013-11-22  46.71  47.17  46.63  47.04  888000  47.04
2013-11-21  46.57  47.1  46.4  46.79  813500  46.79
2013-11-20  46.84  46.97  46.39  46.42  691400  46.42
2013-11-19  46.78  46.9  46.63  46.76  716600  46.76
2013-11-18  46.74  46.89  46.53  46.78  830600  46.78
2013-11-15  46.46  46.71  46.14  46.7  641000  46.7
2013-11-14  46.15  46.62  45.96  46.4  603700  46.4
2013-11-13  45.55  46.01  45.24  46.0  758700  46.0
2013-11-12  46.36  46.47  45.51  45.68  663400  45.68
2013-11-11  46.4  46.63  46.09  46.35  463200  46.35
2013-11-08  46.5  46.52  45.69  46.4  804400  46.4
2013-11-07  47.47  47.63  46.58  46.66  645800  46.66
2013-11-06  46.89  47.35  46.85  47.35  504400  47.35
2013-11-05  47.06  47.4  46.75  46.82  788400  46.82
2013-11-04  46.82  47.24  46.48  47.2  604600  47.2
2013-11-01  46.43  46.81  46.12  46.7  813900  46.7
2013-10-31  46.26  46.92  45.47  46.13  676600  46.13
2013-10-30  46.68  46.9  46.17  46.2  682500  46.2
2013-10-29  47.03  47.09  46.56  46.67  518600  46.67
2013-10-28  46.96  47.28  46.71  46.92  520300  46.92
2013-10-25  46.54  47.15  46.39  47.11  464700  47.11
2013-10-24  46.93  46.93  46.38  46.52  505900  46.52
2013-10-23  46.65  47.37  46.57  46.71  675400  46.71
2013-10-22  46.02  46.82  45.93  46.69  648100  46.69
2013-10-21  46.02  46.23  45.69  45.93  435700  45.93
2013-10-18  46.11  46.36  45.94  46.08  669500  46.08
2013-10-17  44.99  45.93  44.75  45.9  892200  45.9
2013-10-16  44.67  45.07  44.57  45.06  670900  45.06
2013-10-15  45.17  45.45  44.5  44.56  505200  44.56
2013-10-14  45.68  45.68  44.73  45.3  634800  45.3
2013-10-11  45.5  45.72  45.39  45.65  878700  45.65
2013-10-10  45.08  45.59  44.61  45.48  720200  45.48
2013-10-09  44.67  45.46  44.52  44.77  1096000  44.77
2013-10-08  44.43  45.04  44.28  44.55  799600  44.55
2013-10-07  44.31  44.77  44.27  44.38  618100  44.38
2013-10-04  44.79  45.0  44.48  44.52  842800  44.52
2013-10-03  45.21  45.21  44.53  44.89  1310700  44.89
2013-10-02  45.37  45.47  45.05  45.36  887000  45.36
2013-10-01  45.75  45.78  45.31  45.52  862900  45.52
2013-09-30  45.29  45.73  45.28  45.55  794400  45.55
2013-09-27  45.8  45.92  45.44  45.54  777400  45.54
2013-09-26  46.16  46.34  45.83  45.93  722200  45.93
2013-09-25  46.74  46.74  46.0  46.01  1095400  46.01
2013-09-24  46.73  46.85  46.47  46.67  799400  46.67
2013-09-23  46.01  46.99  45.75  46.72  627400  46.72
2013-09-20  46.84  46.88  46.01  46.01  988400  46.01
2013-09-19  47.3  47.45  46.7  46.83  664500  46.83
2013-09-18  45.85  47.47  45.58  47.28  887500  47.28
2013-09-17  45.79  46.22  45.79  45.93  452700  45.93
2013-09-16  46.25  46.57  45.7  45.79  839200  45.79
2013-09-13  45.43  45.85  45.41  45.74  604000  45.74
2013-09-12  45.75  45.89  45.23  45.24  751800  45.24
2013-09-11  46.09  46.12  45.32  45.55  833900  45.55
2013-09-10  45.97  46.1  45.7  46.04  585800  46.04
2013-09-09  45.81  46.0  45.54  45.8  621800  45.8
2013-09-06  45.75  46.17  45.56  45.68  853100  45.68
2013-09-05  45.99  46.05  45.45  45.49  593200  45.49
2013-09-04  46.27  46.52  45.7  46.02  802300  46.02
2013-09-03  47.1  47.54  46.21  46.28  933500  46.28
2013-08-30  47.26  47.35  46.87  47.08  640500  47.08
2013-08-29  47.28  47.47  46.99  47.16  340200  47.16
2013-08-28  47.42  47.59  47.16  47.41  495700  47.41
2013-08-27  47.17  47.77  47.17  47.42  502700  47.42
2013-08-26  47.86  47.99  47.5  47.52  307200  47.52
2013-08-23  47.52  48.01  47.33  47.87  294700  47.87
2013-08-22  47.19  47.72  47.07  47.49  323000  47.49
2013-08-21  47.7  47.96  47.06  47.18  403400  47.18
2013-08-20  47.36  48.24  47.21  47.86  450400  47.86
2013-08-19  47.77  48.05  47.32  47.37  396000  47.37
2013-08-16  48.44  48.59  47.57  47.87  582400  47.87
2013-08-15  49.06  49.17  48.54  48.58  394100  48.58
2013-08-14  49.64  49.74  49.17  49.36  362900  49.36
2013-08-13  50.09  50.09  49.64  49.71  318700  49.71
2013-08-12  50.17  50.26  49.81  50.08  456900  50.08
2013-08-09  50.47  50.65  50.13  50.35  483400  50.35
2013-08-08  50.24  50.56  49.91  50.46  488100  50.46
2013-08-07  50.0  50.27  49.81  50.08  621900  50.08
2013-08-06  50.85  51.32  50.14  50.21  482100  50.21
2013-08-05  50.91  51.23  50.73  50.83  460000  50.83
2013-08-02  51.25  51.44  50.82  51.1  344800  51.1
2013-08-01  51.09  51.77  50.79  51.21  639800  51.21
2013-07-31  51.12  51.38  50.54  50.79  645300  50.79
2013-07-30  51.25  51.4  50.82  51.1  560500  51.1
2013-07-29  50.8  51.13  50.79  51.01  610400  51.01
2013-07-26  50.84  51.18  50.62  51.03  551700  51.03
2013-07-25  50.77  51.21  50.67  51.15  287000  51.15
2013-07-24  51.61  51.66  50.52  50.75  425200  50.75
2013-07-23  51.39  51.79  51.26  51.64  285200  51.64
2013-07-22  51.26  51.64  51.11  51.37  393300  51.37
2013-07-19  51.32  51.41  51.01  51.35  416500  51.35
2013-07-18  50.64  51.33  50.38  51.23  423400  51.23
2013-07-17  50.86  50.96  50.38  50.51  373400  50.51
2013-07-16  50.7  50.79  50.29  50.65  497100  50.65
2013-07-15  49.79  50.75  49.63  50.7  595300  50.7
2013-07-12  49.75  50.0  49.38  49.94  437800  49.94
2013-07-11  49.61  49.84  49.35  49.79  473300  49.79
2013-07-10  48.9  49.27  48.66  49.17  634100  49.17
2013-07-09  48.58  49.04  48.35  49.03  693200  49.03
2013-07-08  47.66  48.34  47.4  48.31  639600  48.31
2013-07-05  47.61  47.82  46.81  47.47  404900  47.47
2013-07-03  47.56  47.78  47.34  47.52  251900  47.52
2013-07-02  47.73  48.11  47.51  47.74  507800  47.74
2013-07-01  48.51  48.56  47.72  47.79  812000  47.79
2013-06-28  47.68  48.54  47.51  48.04  1375700  48.04
2013-06-27  48.0  48.47  47.69  47.79  1024800  47.79
2013-06-26  47.8  48.15  47.52  47.8  629800  47.8
2013-06-25  47.23  47.61  46.74  47.44  565000  47.44
2013-06-24  46.68  47.25  46.23  46.93  817900  46.93
2013-06-21  46.84  47.27  46.2  47.11  1220600  47.11
2013-06-20  47.26  47.26  46.38  46.48  1004100  46.48
2013-06-19  48.85  48.94  47.57  47.57  907700  47.57
2013-06-18  48.6  48.97  48.33  48.89  565600  48.89
2013-06-17  48.68  48.88  48.28  48.57  884600  48.57
2013-06-14  47.68  48.81  47.68  48.4  772800  48.4
2013-06-13  47.54  48.49  47.47  48.4  618900  48.4
2013-06-12  48.34  48.51  47.48  47.52  671700  47.52
2013-06-11  48.2  48.58  48.03  48.09  812100  48.09
2013-06-10  48.91  49.13  48.4  48.52  745200  48.52
2013-06-07  48.78  49.0  48.14  48.8  628700  48.8
2013-06-06  48.06  48.58  47.79  48.58  701000  48.58
2013-06-05  48.7  48.7  47.82  48.07  968200  48.07
2013-06-04  48.78  49.11  48.4  48.73  543500  48.73
2013-06-03  48.9  49.31  48.19  48.92  712000  48.92
2013-05-31  49.25  49.81  48.83  48.85  675500  48.85
2013-05-30  48.97  49.76  48.97  49.35  1169900  49.35
2013-05-29  49.46  49.53  48.49  48.84  883000  48.84
2013-05-28  50.04  50.25  49.52  49.8  1157900  49.8
2013-05-24  50.08  50.09  49.47  49.71  464500  49.71
2013-05-23  50.41  50.44  49.48  50.24  694600  50.24
2013-05-22  51.77  52.35  50.53  50.72  660400  50.72
2013-05-21  51.67  51.9  51.22  51.8  680300  51.8
2013-05-20  51.74  51.86  51.6  51.68  418200  51.68
2013-05-17  51.29  51.86  51.21  51.79  775700  51.79
2013-05-16  51.55  51.74  51.15  51.25  299000  51.25
2013-05-15  51.33  51.87  51.09  51.63  624200  51.63
2013-05-14  50.75  51.44  50.65  51.33  699600  51.33
2013-05-13  50.69  50.96  50.38  50.95  580100  50.95
2013-05-10  50.55  50.89  50.37  50.89  409500  50.89
2013-05-09  51.5  51.57  50.4  50.52  576300  50.52
2013-05-08  51.84  52.23  51.27  51.5  490400  51.5
2013-05-07  51.77  52.12  51.62  52.01  539200  52.01
2013-05-06  52.12  52.26  51.62  51.84  696600  51.84
2013-05-03  52.27  52.69  51.9  52.21  754800  52.21
2013-05-02  52.21  52.36  51.83  51.99  402500  51.99
2013-05-01  52.52  52.66  52.12  52.15  706700  52.15
2013-04-30  52.34  52.56  52.03  52.49  971000  52.49
2013-04-29  51.72  52.51  51.6  52.37  782000  52.37
2013-04-26  51.25  52.01  51.25  51.52  566600  51.52
2013-04-25  51.41  51.98  51.13  51.61  655600  51.61
2013-04-24  50.97  51.32  50.61  51.09  1125900  51.09
2013-04-23  51.1  51.1  50.45  50.86  503500  50.86
2013-04-22  51.14  51.33  50.76  50.99  488600  50.99
2013-04-19  50.4  51.16  50.26  51.15  490500  51.15
2013-04-18  50.12  50.36  49.97  50.26  565900  50.26
2013-04-17  50.28  50.31  49.68  50.06  396900  50.06
2013-04-16  49.98  50.47  49.53  50.44  370600  50.44
2013-04-15  50.8  50.85  49.79  49.79  555500  49.79
2013-04-12  50.43  50.94  50.38  50.94  794600  50.94
2013-04-11  50.45  50.61  50.34  50.55  482800  50.55
2013-04-10  49.82  50.53  49.82  50.46  780300  50.46
2013-04-09  50.52  50.56  49.69  49.73  758000  49.73
2013-04-08  50.34  50.5  50.09  50.45  702900  50.45
2013-04-05  49.92  50.58  49.78  50.38  1867100  50.38
2013-04-04  49.85  50.24  49.73  50.19  566200  50.19
2013-04-03  49.53  49.9  49.44  49.69  550500  49.69
2013-04-02  49.56  49.98  49.5  49.65  711600  49.65
2013-04-01  49.63  49.7  49.37  49.48  609300  49.48
2013-03-28  48.67  49.62  48.67  49.55  654200  49.55
2013-03-27  48.21  48.69  48.21  48.67  395700  48.67
2013-03-26  47.99  48.52  47.93  48.47  502600  48.47
2013-03-25  48.24  48.51  47.72  47.85  430500  47.85
2013-03-22  47.91  48.19  47.84  48.1  334100  48.1
2013-03-21  47.81  48.08  47.67  47.9  396700  47.9
2013-03-20  47.91  48.18  47.83  47.95  515800  47.95
2013-03-19  47.83  47.98  47.44  47.68  513500  47.68
2013-03-18  47.67  47.92  47.62  47.72  333400  47.72
2013-03-15  47.73  48.12  47.61  48.04  729400  48.04
2013-03-14  47.87  47.97  47.71  47.91  450700  47.91
2013-03-13  47.58  47.87  47.41  47.86  350100  47.86
2013-03-12  47.9  47.91  47.46  47.65  418800  47.65
2013-03-11  47.46  47.91  47.44  47.91  557400  47.91
2013-03-08  47.51  47.61  47.18  47.51  465200  47.51
2013-03-07  47.68  47.74  47.28  47.32  559700  47.32
2013-03-06  47.74  47.77  47.35  47.58  568800  47.58
2013-03-05  47.62  47.97  47.58  47.65  633500  47.65
2013-03-04  46.99  47.55  46.84  47.44  708900  47.44
2013-03-01  46.75  47.04  46.48  47.03  600600  47.03
2013-02-28  46.9  47.08  46.7  46.82  700700  46.82
2013-02-27  46.45  47.08  46.45  46.86  733800  46.86
2013-02-26  46.47  47.01  46.31  46.44  679400  46.44
2013-02-25  47.23  47.58  46.48  46.48  510300  46.48
2013-02-22  46.62  47.04  46.53  46.95  435100  46.95
2013-02-21  46.73  47.21  46.25  46.53  645300  46.53
2013-02-20  46.73  47.31  46.6  46.73  879200  46.73
2013-02-19  45.97  46.69  45.97  46.66  863500  46.66
2013-02-15  45.9  46.11  45.82  45.94  874000  45.94
2013-02-14  45.78  46.0  45.61  45.88  694500  45.88
2013-02-13  45.9  46.12  45.78  45.91  445600  45.91
2013-02-12  45.53  45.9  45.34  45.88  575700  45.88
2013-02-11  45.28  45.57  45.24  45.5  304900  45.5
2013-02-08  45.08  45.28  44.84  45.27  418400  45.27
2013-02-07  45.21  45.41  44.85  45.05  610100  45.05
2013-02-06  44.92  45.22  44.77  45.18  455800  45.18
2013-02-05  45.01  45.35  44.93  45.07  641900  45.07
2013-02-04  44.98  45.07  44.83  44.9  537100  44.9
2013-02-01  45.12  45.25  44.91  45.22  572800  45.22
2013-01-31  44.52  44.92  44.52  44.87  679200  44.87
2013-01-30  44.62  44.78  44.51  44.67  472200  44.67
2013-01-29  44.43  44.65  44.4  44.61  591200  44.61
2013-01-28  44.71  44.79  44.36  44.49  453500  44.49
2013-01-25  44.75  44.79  44.29  44.79  413400  44.79
2013-01-24  44.63  44.84  44.57  44.71  368900  44.71
2013-01-23  44.61  44.71  44.44  44.57  380200  44.57
2013-01-22  44.27  44.88  44.27  44.8  460700  44.8
2013-01-18  44.04  44.42  43.92  44.36  737100  44.36
2013-01-17  44.18  44.22  43.93  43.94  652700  43.94
2013-01-16  44.14  44.3  43.97  44.09  411700  44.09
2013-01-15  44.3  44.38  44.06  44.3  390400  44.3
2013-01-14  44.54  44.65  44.32  44.39  261200  44.39
2013-01-11  44.8  44.84  44.35  44.57  374600  44.57
2013-01-10  44.53  44.75  44.1  44.59  690200  44.59
2013-01-09  44.31  44.35  44.05  44.25  499200  44.25
2013-01-08  43.9  44.22  43.68  44.22  947900  44.22
2013-01-07  44.46  44.72  44.0  44.01  737500  44.01
2013-01-04  44.65  44.8  44.55  44.74  687900  44.74
2013-01-03  44.86  45.04  44.53  44.7  607600  44.7
2013-01-02  44.32  44.87  44.32  44.87  794200  44.87
2012-12-31  43.16  43.8  42.87  43.75  759900  43.75
2012-12-28  43.46  43.81  43.23  43.23  304100  43.23
2012-12-27  43.71  43.93  43.15  43.73  517400  43.73
2012-12-26  44.16  44.24  43.77  43.79  332700  43.79
2012-12-24  44.23  44.25  43.84  44.11  191700  44.11
2012-12-21  44.07  44.76  43.97  44.31  971300  44.31
2012-12-20  44.41  44.62  44.26  44.51  353400  44.51
2012-12-19  44.95  44.95  44.35  44.4  507800  44.4
2012-12-18  44.8  44.97  44.42  44.93  483500  44.93
2012-12-17  43.79  44.65  43.61  44.64  555800  44.64
2012-12-14  43.95  44.02  43.73  43.75  408600  43.75
2012-12-13  44.21  44.22  43.88  43.96  441700  43.96
2012-12-12  44.33  44.62  44.16  44.26  595400  44.26
2012-12-11  44.21  44.46  44.05  44.33  672000  44.33
2012-12-10  43.86  44.17  43.79  44.17  883000  44.17
2012-12-07  43.97  44.15  43.68  44.0  599900  44.0
2012-12-06  44.17  44.21  43.75  43.88  570200  43.88
2012-12-05  43.46  44.16  43.3  43.94  1018800  43.94
2012-12-04  43.79  43.89  43.34  43.35  654200  43.35
2012-12-03  44.03  44.06  43.48  43.79  577100  43.79
2012-11-30  43.52  43.96  43.43  43.95  1238100  43.95
2012-11-29  43.41  43.68  43.31  43.44  1189400  43.44
2012-11-28  43.23  43.48  42.87  43.39  659800  43.39
2012-11-27  42.98  43.42  42.98  43.22  776600  43.22
2012-11-26  42.77  43.34  42.75  43.1  868700  43.1
2012-11-23  43.0  43.19  42.61  42.8  378100  42.8
2012-11-21  43.15  43.19  42.64  42.95  754100  42.95
2012-11-20  43.15  43.26  42.81  43.1  939700  43.1
2012-11-19  43.92  44.06  43.0  43.24  885100  43.24
2012-11-16  43.27  43.76  43.06  43.72  996700  43.72
2012-11-15  43.54  43.79  42.91  43.16  624100  43.16
2012-11-14  43.81  43.99  43.34  43.53  690200  43.53
2012-11-13  43.86  44.0  43.62  43.76  1231000  43.76
2012-11-12  43.98  44.0  43.52  43.87  685800  43.87
2012-11-09  44.02  44.22  43.83  44.06  673700  44.06
2012-11-08  44.47  44.73  44.19  44.19  615000  44.19
2012-11-07  45.05  45.11  43.93  44.22  663400  44.22
2012-11-06  45.55  45.9  45.19  45.28  514000  45.28
2012-11-05  45.77  45.85  45.41  45.44  458200  45.44
2012-11-02  46.63  46.68  45.94  45.97  382500  45.97
2012-11-01  46.7  46.74  46.34  46.46  439500  46.46
2012-10-31  46.46  46.93  46.27  46.55  575900  46.55
2012-10-26  46.13  46.27  45.97  46.13  509000  46.13
2012-10-25  45.76  46.09  45.52  46.09  429400  46.09
2012-10-24  45.91  46.1  45.53  45.65  439100  45.65
2012-10-23  46.01  46.05  45.67  45.89  360400  45.89
2012-10-22  46.48  46.52  46.12  46.3  300800  46.3
2012-10-19  46.93  47.07  46.4  46.58  383500  46.58
2012-10-18  46.85  47.03  46.78  46.96  334100  46.96
2012-10-17  46.27  46.89  46.11  46.84  454700  46.84
2012-10-16  46.08  46.18  45.88  46.17  304800  46.17
2012-10-15  45.83  46.01  45.5  46.0  249400  46.0
2012-10-12  46.12  46.25  45.72  45.81  284200  45.81
2012-10-11  46.28  46.28  45.96  46.0  262600  46.0
2012-10-10  46.21  46.43  45.99  46.06  274300  46.06
2012-10-09  46.32  46.54  46.07  46.23  354700  46.23
2012-10-08  46.37  46.47  46.13  46.41  261700  46.41
2012-10-05  46.39  46.6  46.26  46.41  469500  46.41
2012-10-04  46.19  46.46  46.03  46.33  399600  46.33
2012-10-03  45.81  46.17  45.72  46.11  422500  46.11
2012-10-02  45.06  45.72  45.06  45.7  451900  45.7
2012-10-01  46.09  46.09  45.34  45.41  605900  45.41
2012-09-28  45.44  45.83  45.2  45.78  849600  45.78
2012-09-27  46.29  46.29  45.6  45.64  637600  45.64
2012-09-26  46.17  46.59  46.05  46.17  618700  46.17
2012-09-25  46.16  46.46  46.09  46.11  519900  46.11
2012-09-24  45.56  46.29  45.56  46.18  642600  46.18
2012-09-21  46.1  46.19  45.79  45.94  2738100  45.94
2012-09-20  45.98  46.23  45.81  45.99  703000  45.99
2012-09-19  45.66  46.02  45.54  45.94  639900  45.94
2012-09-18  45.67  45.75  45.42  45.56  420200  45.56
2012-09-17  45.79  46.08  45.54  45.63  413300  45.63
2012-09-14  46.65  46.65  45.82  45.92  518400  45.92
2012-09-13  45.59  46.46  45.55  46.44  695800  46.44
2012-09-12  45.81  45.82  45.53  45.76  455500  45.76
2012-09-11  45.82  45.99  45.72  45.78  546400  45.78
2012-09-10  46.0  46.0  45.73  45.76  534800  45.76
2012-09-07  45.95  46.09  45.72  45.82  473100  45.82
2012-09-06  45.38  45.97  45.29  45.93  770400  45.93
2012-09-05  45.05  45.27  45.03  45.2  1032100  45.2
2012-09-04  44.53  45.03  44.46  44.96  1465600  44.96
2012-08-31  44.72  44.77  44.28  44.45  1376300  44.45
2012-08-30  44.69  44.71  44.36  44.47  342500  44.47
2012-08-29  44.78  44.94  44.69  44.81  241400  44.81
2012-08-28  44.88  45.08  44.77  44.79  305400  44.79
2012-08-27  45.11  45.25  44.83  44.96  432300  44.96
2012-08-24  44.72  45.03  44.61  44.99  410100  44.99
2012-08-23  45.17  45.21  44.64  44.67  300900  44.67
2012-08-22  45.29  45.48  45.14  45.18  375500  45.18
2012-08-21  45.8  45.84  45.4  45.41  283300  45.41
2012-08-20  45.6  45.68  45.31  45.68  294300  45.68
2012-08-17  45.67  45.72  45.46  45.59  499600  45.59
2012-08-16  45.72  45.91  45.55  45.62  464700  45.62
2012-08-15  45.94  46.09  45.64  45.66  470000  45.66
2012-08-14  45.88  46.13  45.66  46.01  482500  46.01
2012-08-13  45.95  45.97  45.78  45.89  410800  45.89
2012-08-10  45.39  46.02  45.39  45.95  492100  45.95
2012-08-09  45.59  45.77  45.47  45.64  343200  45.64
2012-08-08  45.84  45.97  45.32  45.65  583700  45.65
2012-08-07  46.36  46.45  45.81  45.84  633400  45.84
2012-08-06  46.19  46.56  46.07  46.16  340800  46.16
2012-08-03  46.48  46.63  45.53  46.31  345400  46.31
2012-08-02  45.71  45.87  45.05  45.59  518900  45.59
2012-08-01  46.27  47.25  45.89  45.89  653300  45.89
2012-07-31  46.61  46.7  46.15  46.15  460700  46.15
2012-07-30  46.34  46.67  46.12  46.6  368300  46.6
2012-07-27  45.83  46.5  45.78  46.42  655500  46.42
2012-07-26  45.31  45.64  45.26  45.53  414800  45.53
2012-07-25  44.96  44.99  44.57  44.87  349700  44.87
2012-07-24  45.19  45.33  44.62  44.8  537800  44.8
2012-07-23  45.43  45.53  45.11  45.2  269100  45.2
2012-07-20  45.47  45.89  45.39  45.68  440600  45.68
2012-07-19  45.56  45.79  45.16  45.64  437700  45.64
2012-07-18  45.46  45.58  45.33  45.54  483600  45.54
2012-07-17  45.18  45.57  45.09  45.53  769200  45.53
2012-07-16  45.65  45.74  45.45  45.55  370400  45.55
2012-07-13  45.3  45.84  45.3  45.74  429900  45.74
2012-07-12  45.27  45.42  45.12  45.32  404100  45.32
2012-07-11  45.06  45.43  45.0  45.38  488000  45.38
2012-07-10  45.09  45.28  44.96  45.04  385900  45.04
2012-07-09  45.22  45.32  44.78  44.98  421100  44.98
2012-07-06  44.92  45.25  44.8  45.19  327100  45.19
2012-07-05  45.35  45.43  45.05  45.14  425700  45.14
2012-07-03  45.49  45.53  45.13  45.41  361100  45.41
2012-07-02  45.11  45.53  44.99  45.48  708200  45.48
2012-06-29  45.05  45.15  44.66  44.9  761800  44.9
2012-06-28  44.15  44.57  43.84  44.51  686000  44.51
2012-06-27  43.93  44.37  43.85  44.37  463300  44.37
2012-06-26  43.71  43.89  43.52  43.78  832000  43.78
2012-06-25  43.52  43.71  43.38  43.55  875800  43.55
2012-06-22  44.02  44.02  43.61  43.7  1017900  43.7
2012-06-21  44.51  44.75  43.78  43.86  828100  43.86
2012-06-20  44.94  44.94  44.29  44.41  729200  44.41
2012-06-19  45.07  45.13  44.68  44.76  1092900  44.76
2012-06-18  45.04  45.13  44.92  45.02  638300  45.02
2012-06-15  45.05  45.28  44.91  45.09  655800  45.09
2012-06-14  44.75  44.93  44.67  44.91  563400  44.91
2012-06-13  44.67  44.89  44.41  44.66  572800  44.66
2012-06-12  44.85  44.85  44.22  44.67  619800  44.67
2012-06-11  44.3  44.9  44.24  44.47  963600  44.47
2012-06-08  44.05  44.31  44.02  44.11  1179000  44.11
2012-06-07  44.28  44.38  43.99  44.2  912500  44.2
2012-06-06  43.74  44.12  43.58  44.12  675300  44.12
2012-06-05  43.43  43.85  43.25  43.66  957300  43.66
2012-06-04  43.54  43.65  43.28  43.38  872900  43.38
2012-06-01  43.15  43.65  43.15  43.43  566400  43.43
2012-05-31  43.19  43.86  43.19  43.61  650900  43.61
2012-05-30  43.31  43.61  43.16  43.26  643600  43.26
2012-05-29  43.4  43.48  43.13  43.44  346200  43.44
2012-05-25  43.13  43.37  43.09  43.33  335400  43.33
2012-05-24  42.86  43.23  42.76  43.1  378600  43.1
2012-05-23  43.07  43.2  42.63  42.8  367000  42.8
2012-05-22  42.86  43.23  42.77  43.18  601800  43.18
2012-05-21  42.6  42.75  42.43  42.74  416800  42.74
2012-05-18  42.91  42.96  42.45  42.61  783600  42.61
2012-05-17  43.03  43.03  42.68  42.79  525200  42.79
2012-05-16  43.15  43.18  42.77  43.06  586300  43.06
2012-05-15  43.39  43.46  42.88  43.03  437000  43.03
2012-05-14  43.05  43.43  42.78  43.33  479300  43.33
2012-05-11  43.19  43.46  43.04  43.22  428500  43.22
2012-05-10  42.87  43.37  42.76  43.29  648400  43.29
2012-05-09  42.15  42.73  42.1  42.55  735000  42.55
2012-05-08  42.1  42.52  42.1  42.44  667000  42.44
2012-05-07  42.33  42.47  42.17  42.35  488300  42.35
2012-05-04  42.38  42.88  42.38  42.42  670000  42.42
2012-05-03  42.49  43.17  42.28  42.61  601500  42.61
2012-05-02  42.91  42.91  42.6  42.7  479100  42.7
2012-05-01  42.91  43.32  42.68  43.07  514700  43.07
2012-04-30  42.8  42.96  42.64  42.84  604000  42.84
2012-04-27  42.7  42.91  42.58  42.84  391200  42.84
2012-04-26  42.36  42.66  42.13  42.59  372400  42.59
2012-04-25  42.57  42.57  42.21  42.39  579700  42.39
2012-04-24  42.05  42.37  41.98  42.35  829200  42.35
2012-04-23  42.11  42.11  41.69  41.96  859900  41.96
2012-04-20  41.79  42.36  41.77  42.35  668100  42.35
2012-04-19  41.69  41.87  41.44  41.67  455800  41.67
2012-04-18  41.59  41.77  41.45  41.65  421200  41.65
2012-04-17  41.33  41.75  41.04  41.75  600200  41.75
2012-04-16  40.36  41.46  40.23  41.2  1143900  41.2
2012-04-13  41.18  41.62  41.12  41.13  570200  41.13
2012-04-12  40.86  41.24  40.68  41.24  551200  41.24
2012-04-11  41.17  41.17  40.81  40.87  429200  40.87
2012-04-10  41.47  41.47  40.79  40.88  688900  40.88
2012-04-09  41.39  41.68  41.39  41.58  374800  41.58
2012-04-05  41.88  41.94  41.56  41.84  405100  41.84
2012-04-04  41.79  42.1  41.75  41.98  456900  41.98
2012-04-03  42.39  42.43  41.8  42.11  880200  42.11
2012-04-02  42.58  42.58  41.97  42.35  996600  42.35
2012-03-30  42.47  42.83  42.31  42.36  1342900  42.36
2012-03-29  42.05  42.4  41.59  42.4  771600  42.4
2012-03-28  42.18  42.26  41.83  42.13  783800  42.13
2012-03-27  41.97  42.19  41.9  42.11  435800  42.11
2012-03-26  41.68  42.02  41.62  41.98  506200  41.98
2012-03-23  41.43  41.53  41.3  41.43  349300  41.43
2012-03-22  41.1  41.48  41.09  41.37  521400  41.37
2012-03-21  41.22  41.42  41.15  41.28  453900  41.28
2012-03-20  41.32  41.55  41.2  41.28  542300  41.28
2012-03-19  41.5  41.83  41.39  41.43  454000  41.43
2012-03-16  41.68  41.8  41.37  41.51  748600  41.51
2012-03-15  41.87  41.87  41.34  41.69  423100  41.69
2012-03-14  42.32  42.45  41.63  41.8  548900  41.8
2012-03-13  42.26  42.4  42.0  42.39  398700  42.39
2012-03-12  41.71  42.26  41.61  42.19  448500  42.19
2012-03-09  41.46  41.75  41.28  41.66  397600  41.66
2012-03-08  41.43  41.51  41.2  41.42  390100  41.42
2012-03-07  41.08  41.27  40.65  41.23  588800  41.23
2012-03-06  40.89  41.01  40.57  40.95  625600  40.95
2012-03-05  40.94  41.18  40.69  41.1  438200  41.1
2012-03-02  40.99  41.09  40.82  40.99  422900  40.99
2012-03-01  41.33  41.49  40.91  41.09  723500  41.09
2012-02-29  41.58  41.58  41.09  41.33  705900  41.33
2012-02-28  41.74  41.83  41.25  41.47  489600  41.47
2012-02-27  41.51  41.74  41.38  41.65  1887000  41.65
2012-02-24  41.63  41.83  41.56  41.65  1700300  41.65
2012-02-23  41.48  41.67  41.34  41.5  1846000  41.5
2012-02-22  41.27  41.56  41.19  41.42  448900  41.42
2012-02-21  41.22  41.46  40.93  41.16  467600  41.16
2012-02-17  41.38  41.39  41.13  41.2  574200  41.2
2012-02-16  41.06  41.29  40.94  41.13  1099900  41.13
2012-02-15  41.1  41.48  40.56  40.97  1652600  40.97
2012-02-14  41.54  41.54  41.07  41.33  707100  41.33
2012-02-13  41.75  41.86  41.33  41.47  584000  41.47
2012-02-10  41.68  41.73  41.45  41.62  408500  41.62
2012-02-09  42.07  42.07  41.61  41.78  413600  41.78
2012-02-08  42.05  42.11  41.77  42.0  384900  42.0
2012-02-07  41.42  42.11  41.41  41.96  468000  41.96
2012-02-06  41.47  41.77  41.45  41.52  448200  41.52
2012-02-03  41.62  41.79  41.26  41.63  484800  41.63
2012-02-02  41.61  41.69  41.28  41.33  520200  41.33
2012-02-01  41.36  41.65  41.28  41.52  543200  41.52
2012-01-31  41.22  41.34  41.0  41.18  599000  41.18
2012-01-30  41.2  41.2  40.83  41.06  1013400  41.06
2012-01-27  41.24  41.34  41.1  41.29  884100  41.29
2012-01-26  41.56  41.56  41.17  41.34  579200  41.34
2012-01-25  40.61  41.41  40.22  41.38  676100  41.38
2012-01-24  41.03  41.03  40.6  40.82  547900  40.82
2012-01-23  41.13  41.3  40.81  41.02  639300  41.02
2012-01-20  41.05  41.25  40.8  41.08  683800  41.08
2012-01-19  41.19  41.28  40.91  41.0  1054500  41.0
2012-01-18  41.16  41.26  40.82  41.2  1164900  41.2
2012-01-17  40.74  41.17  40.65  41.12  1003700  41.12
2012-01-13  40.18  40.46  40.01  40.46  603100  40.46
2012-01-12  40.64  40.73  40.4  40.57  359200  40.57
2012-01-11  40.54  40.69  40.45  40.56  443300  40.56
2012-01-10  40.57  40.79  40.35  40.69  764200  40.69
2012-01-09  40.31  40.35  40.04  40.15  441400  40.15
2012-01-06  40.45  40.5  40.14  40.19  631900  40.19
2012-01-05  40.42  40.53  40.19  40.36  903700  40.36
2012-01-04  40.89  41.01  40.51  40.52  667600  40.52
2012-01-03  41.86  41.87  40.7  40.84  835400  40.84
2011-12-30  41.76  41.78  41.38  41.39  416200  41.39
2011-12-29  41.37  41.69  41.32  41.65  360300  41.65
2011-12-28  41.53  41.55  41.14  41.25  377400  41.25
2011-12-27  41.13  41.51  41.06  41.46  331400  41.46
2011-12-23  40.96  41.27  40.89  41.1  340300  41.1
2011-12-22  40.86  40.94  40.68  40.84  485800  40.84
2011-12-21  40.27  40.75  40.19  40.7  762100  40.7
2011-12-20  39.51  40.19  39.43  40.15  759800  40.15
2011-12-19  39.55  39.59  38.91  39.05  615900  39.05
2011-12-16  38.98  39.56  38.83  39.29  1304200  39.29
2011-12-15  39.36  39.6  39.19  39.47  862500  39.47
2011-12-14  39.25  39.42  38.91  38.97  907100  38.97
2011-12-13  39.42  39.74  39.09  39.24  771300  39.24
2011-12-12  39.44  39.49  38.88  39.28  685000  39.28
2011-12-09  39.22  39.58  39.09  39.48  711800  39.48
2011-12-08  39.71  39.74  38.93  39.01  1034300  39.01
2011-12-07  39.58  40.1  39.39  39.86  1414600  39.86
2011-12-06  39.56  39.82  39.45  39.61  971400  39.61
2011-12-05  39.63  39.9  39.29  39.61  941100  39.61
2011-12-02  39.68  39.68  39.11  39.18  562400  39.18
2011-12-01  39.61  39.86  39.4  39.45  664100  39.45
2011-11-30  39.08  39.66  38.97  39.62  1025100  39.62
2011-11-29  37.86  38.38  37.84  38.23  472300  38.23
2011-11-28  37.9  38.0  37.46  37.65  562500  37.65
2011-11-25  37.02  37.42  36.95  37.21  194700  37.21
2011-11-23  37.2  37.22  36.8  36.97  672400  36.97
2011-11-22  38.07  38.14  37.2  37.35  980800  37.35
2011-11-21  38.33  38.46  37.67  38.04  719800  38.04
2011-11-18  38.7  38.86  38.48  38.62  676700  38.62
2011-11-17  38.62  38.85  38.14  38.48  918700  38.48
2011-11-16  38.77  39.04  38.56  38.67  679600  38.67
2011-11-15  38.6  38.95  38.57  38.87  605900  38.87
2011-11-14  38.99  39.12  38.72  38.76  557000  38.76
2011-11-11  38.6  39.23  38.56  39.22  438400  39.22
2011-11-10  38.3  38.46  37.93  38.32  515800  38.32
2011-11-09  38.33  38.42  37.79  37.94  612200  37.94
2011-11-08  38.73  38.92  38.5  38.88  714600  38.88
2011-11-07  38.75  38.79  38.3  38.71  602600  38.71
2011-11-04  38.55  38.88  38.19  38.71  562800  38.71
2011-11-03  38.31  38.95  38.22  38.88  671400  38.88
2011-11-02  38.14  38.49  38.08  38.19  607900  38.19
2011-11-01  37.71  38.12  37.39  37.5  561800  37.5
2011-10-31  38.65  38.89  38.4  38.4  644300  38.4
2011-10-28  38.98  39.06  38.66  38.97  914000  38.97
2011-10-27  38.71  39.18  38.55  38.93  1152100  38.93
2011-10-26  38.34  38.48  37.88  37.93  1033900  37.93
2011-10-25  38.0  38.7  37.82  37.86  998300  37.86
2011-10-24  38.5  38.83  38.5  38.65  744300  38.65
2011-10-21  38.51  38.8  38.46  38.75  813900  38.75
2011-10-20  37.88  38.25  37.82  38.07  692400  38.07
2011-10-19  37.86  38.4  37.66  37.78  682900  37.78
2011-10-18  37.31  38.09  36.99  37.79  924100  37.79
2011-10-17  37.3  37.49  37.15  37.24  431300  37.24
2011-10-14  37.2  37.37  37.05  37.23  534600  37.23
2011-10-13  36.77  37.16  36.63  37.1  378900  37.1
2011-10-12  36.95  37.16  36.76  36.91  539300  36.91
2011-10-11  37.03  37.05  36.72  36.87  367200  36.87
2011-10-10  36.81  37.17  36.74  37.08  535200  37.08
2011-10-07  36.62  36.85  36.33  36.47  668800  36.47
2011-10-06  35.77  36.5  35.72  36.49  499300  36.49
2011-10-05  35.89  35.97  35.32  35.77  823900  35.77
2011-10-04  35.55  35.8  34.96  35.76  1000000  35.76
2011-10-03  36.77  37.16  35.83  35.87  1144500  35.87
2011-09-30  36.79  37.22  36.72  36.74  696200  36.74
2011-09-29  36.72  37.19  36.56  37.06  656400  37.06
2011-09-28  37.05  37.12  36.31  36.31  768400  36.31
2011-09-27  37.23  37.37  36.75  36.84  885700  36.84
2011-09-26  36.41  36.79  36.22  36.76  1576200  36.76
2011-09-23  35.74  36.33  35.62  36.1  851800  36.1
2011-09-22  35.5  35.88  35.11  35.75  1346800  35.75
2011-09-21  37.13  37.2  36.15  36.16  1009800  36.16
2011-09-20  36.31  37.77  36.22  37.16  1763100  37.16
2011-09-19  35.8  36.24  35.74  36.15  781700  36.15
2011-09-16  36.17  36.62  36.14  36.22  954400  36.22
2011-09-15  35.98  36.22  35.7  36.06  659400  36.06
2011-09-14  35.23  35.96  35.05  35.69  853100  35.69
2011-09-13  34.96  35.18  34.64  35.13  687400  35.13
2011-09-12  34.59  34.91  34.27  34.91  654900  34.91
2011-09-09  35.33  35.33  34.63  34.82  794200  34.82
2011-09-08  35.57  36.11  35.49  35.52  843100  35.52
2011-09-07  35.54  35.77  35.41  35.69  752600  35.69
2011-09-06  34.43  35.36  34.43  35.32  1493900  35.32
2011-09-02  35.45  35.66  35.31  35.34  667100  35.34
2011-09-01  36.13  36.37  35.82  35.89  680900  35.89
2011-08-31  35.94  36.23  35.82  36.08  828000  36.08
2011-08-30  35.7  36.02  35.55  35.8  888800  35.8
2011-08-29  35.43  35.73  35.35  35.73  1762400  35.73
2011-08-26  34.94  35.26  34.15  35.07  2786800  35.07
2011-08-25  35.88  35.88  34.93  35.06  3233200  35.06
2011-08-24  35.18  35.83  35.06  35.78  1292300  35.78
2011-08-23  34.63  35.19  34.4  35.19  1355100  35.19
2011-08-22  35.15  35.19  34.41  34.61  1178600  34.61
2011-08-19  34.5  35.02  34.33  34.61  2171900  34.61
2011-08-18  34.23  35.6  34.12  35.12  3976600  35.12
2011-08-17  34.65  35.09  34.57  34.65  873000  34.65
2011-08-16  34.5  34.69  34.24  34.6  1094900  34.6
2011-08-15  34.0  34.94  34.0  34.81  1081900  34.81
2011-08-12  34.23  34.37  33.58  33.72  1031400  33.72
2011-08-11  32.56  34.34  32.5  34.03  1606500  34.03
2011-08-10  32.53  33.3  32.29  32.49  1907700  32.49
2011-08-09  31.75  33.06  31.07  33.03  2963300  33.03
2011-08-08  32.87  33.18  31.37  31.51  1817000  31.51
2011-08-05  33.25  33.61  32.39  33.48  2321900  33.48
2011-08-04  34.23  34.56  32.84  32.91  1594500  32.91
2011-08-03  34.54  34.61  34.02  34.57  1241000  34.57
2011-08-02  34.98  35.09  34.36  34.41  1490500  34.41
2011-08-01  35.44  35.49  34.92  35.14  677600  35.14
2011-07-29  35.25  35.43  35.02  35.16  757800  35.16
2011-07-28  35.62  35.77  35.46  35.57  896100  35.57
2011-07-27  36.0  36.13  35.68  35.73  791200  35.73
2011-07-26  36.26  36.26  36.0  36.04  729000  36.04
2011-07-25  36.17  36.52  36.07  36.28  787300  36.28
2011-07-22  36.76  36.76  36.24  36.37  549900  36.37
2011-07-21  36.21  36.78  36.18  36.75  975600  36.75
2011-07-20  35.59  36.14  35.45  36.09  931200  36.09
2011-07-19  35.34  35.5  35.02  35.5  946100  35.5
2011-07-18  35.48  35.57  35.21  35.26  1012600  35.26
2011-07-15  35.54  35.65  35.23  35.65  1534600  35.65
2011-07-14  35.4  35.57  35.31  35.43  1065800  35.43
2011-07-13  35.29  35.46  35.18  35.27  864300  35.27
2011-07-12  34.98  35.41  34.98  35.19  674000  35.19
2011-07-11  35.18  35.23  34.95  35.1  468300  35.1
2011-07-08  35.48  35.6  35.4  35.48  841400  35.48
2011-07-07  35.69  35.76  35.45  35.64  521300  35.64
2011-07-06  35.31  35.62  35.29  35.49  594400  35.49
2011-07-05  35.75  35.75  35.31  35.44  703100  35.44
2011-07-01  35.4  35.79  35.36  35.76  686500  35.76
2011-06-30  35.41  35.43  35.12  35.32  699500  35.32
2011-06-29  35.08  35.35  35.0  35.27  630500  35.27
2011-06-28  35.02  35.16  34.81  35.03  551600  35.03
2011-06-27  34.69  34.99  34.69  34.91  485200  34.91
2011-06-24  34.64  34.9  34.6  34.68  665900  34.68
2011-06-23  34.54  34.64  34.24  34.57  1063300  34.57
2011-06-22  34.99  35.04  34.71  34.82  657000  34.82
2011-06-21  35.1  35.15  34.83  35.01  711200  35.01
2011-06-20  34.77  35.07  34.55  34.94  1176000  34.94
2011-06-17  34.94  35.1  34.72  34.77  2105900  34.77
2011-06-16  34.79  35.17  34.76  34.79  853300  34.79
2011-06-15  34.96  35.24  34.67  34.8  639800  34.8
2011-06-14  35.22  35.32  34.99  35.15  1389800  35.15
2011-06-13  35.01  35.12  34.78  35.01  1605600  35.01
2011-06-10  35.14  35.24  34.89  34.9  877200  34.9
2011-06-09  35.4  35.4  35.08  35.18  1103000  35.18
2011-06-08  35.11  35.37  34.91  35.33  1035500  35.33
2011-06-07  35.01  35.24  34.9  35.02  902900  35.02
2011-06-06  35.24  35.27  34.87  34.91  1151000  34.91
2011-06-03  35.08  35.7  35.08  35.35  968700  35.35
2011-06-02  35.71  35.81  35.37  35.78  870800  35.78
2011-06-01  35.93  36.06  35.7  35.74  722200  35.74
2011-05-31  36.1  36.21  35.85  36.04  845900  36.04
2011-05-27  35.96  36.05  35.75  35.83  501500  35.83
2011-05-26  35.81  35.95  35.58  35.84  553900  35.84
2011-05-25  35.82  36.06  35.7  35.82  780300  35.82
2011-05-24  36.39  36.39  36.11  36.12  347000  36.12
2011-05-23  36.53  36.59  36.24  36.28  652800  36.28
2011-05-20  37.04  37.04  36.64  36.76  835800  36.76
2011-05-19  37.06  37.17  36.89  37.07  367700  37.07
2011-05-18  37.14  37.14  36.74  36.99  540700  36.99
2011-05-17  36.86  37.13  36.85  37.07  585100  37.07
2011-05-16  37.04  37.33  36.93  37.0  614500  37.0
2011-05-13  37.28  37.39  36.83  37.15  452600  37.15
2011-05-12  36.88  37.29  36.88  37.22  606000  37.22
2011-05-11  37.05  37.2  36.83  37.01  599100  37.01
2011-05-10  36.62  37.21  36.62  37.15  334300  37.15
2011-05-09  36.51  36.69  36.36  36.63  316100  36.63
2011-05-06  36.6  36.87  36.33  36.52  546000  36.52
2011-05-05  36.54  36.69  36.21  36.34  406500  36.34
2011-05-04  36.74  36.94  36.52  36.65  588900  36.65
2011-05-03  36.78  37.06  36.7  36.86  580900  36.86
2011-05-02  36.97  37.05  36.78  36.88  536500  36.88
2011-04-29  36.77  36.88  36.61  36.79  771000  36.79
2011-04-28  36.56  36.78  36.26  36.75  935900  36.75
2011-04-27  35.78  36.04  35.56  35.97  714600  35.97
2011-04-26  35.31  35.75  35.2  35.75  889300  35.75
2011-04-25  34.95  35.26  34.88  35.12  367900  35.12
2011-04-21  35.1  35.16  34.98  35.05  378200  35.05
2011-04-20  34.91  35.12  34.76  35.11  645200  35.11
2011-04-19  34.56  34.72  34.46  34.63  755200  34.63
2011-04-18  34.45  34.7  34.17  34.43  683600  34.43
2011-04-15  34.64  34.86  34.51  34.74  780200  34.74
2011-04-14  34.29  34.58  34.21  34.54  561300  34.54
2011-04-13  34.34  34.57  34.32  34.45  622600  34.45
2011-04-12  34.38  34.56  34.21  34.22  564000  34.22
2011-04-11  34.81  34.85  34.43  34.5  435900  34.5
2011-04-08  35.14  35.14  34.63  34.75  302400  34.75
2011-04-07  35.15  35.16  34.86  34.97  475000  34.97
2011-04-06  35.07  35.33  35.01  35.2  599700  35.2
2011-04-05  35.09  35.17  34.92  35.0  627700  35.0
2011-04-04  35.12  35.16  35.01  35.16  619400  35.16
2011-04-01  35.23  35.24  34.98  35.17  644100  35.17
2011-03-31  34.93  35.0  34.76  34.89  565900  34.89
2011-03-30  34.78  34.97  34.76  34.89  773100  34.89
2011-03-29  34.43  34.65  34.32  34.65  605100  34.65
2011-03-28  34.61  34.87  34.44  34.48  441300  34.48
2011-03-25  34.69  34.92  34.6  34.61  443000  34.61
2011-03-24  34.64  34.72  34.41  34.6  412400  34.6
2011-03-23  34.43  34.54  34.25  34.47  585600  34.47
2011-03-22  34.62  34.79  34.54  34.57  624800  34.57
2011-03-21  34.47  34.68  34.37  34.56  674500  34.56
2011-03-18  34.23  34.51  33.99  34.11  811700  34.11
2011-03-17  34.16  34.16  33.55  33.92  864600  33.92
2011-03-16  34.2  34.36  33.58  33.74  1708400  33.74
2011-03-15  33.79  34.47  33.74  34.32  1936200  34.32
2011-03-14  34.92  34.92  33.91  34.59  2432600  34.59
2011-03-11  35.47  35.64  35.21  35.49  659200  35.49
2011-03-10  35.83  35.85  35.46  35.46  561600  35.46
2011-03-09  35.79  36.1  35.62  36.06  561100  36.06
2011-03-08  35.47  35.98  35.34  35.92  764600  35.92
2011-03-07  35.37  35.53  35.15  35.27  757700  35.27
2011-03-04  35.42  35.51  35.02  35.19  705900  35.19
2011-03-03  35.32  35.55  35.3  35.44  671200  35.44
2011-03-02  35.16  35.37  35.07  35.12  1133500  35.12
2011-03-01  35.54  35.64  35.13  35.24  927900  35.24
2011-02-28  35.44  35.76  35.37  35.44  900000  35.44
2011-02-25  35.35  35.35  35.08  35.33  715300  35.33
2011-02-24  35.23  35.33  35.03  35.14  791000  35.14
2011-02-23  35.21  35.41  35.13  35.16  639700  35.16
2011-02-22  35.13  35.44  35.04  35.27  910900  35.27
2011-02-18  35.57  35.57  35.23  35.39  740800  35.39
2011-02-17  35.19  35.56  35.15  35.52  865400  35.52
2011-02-16  35.34  35.42  35.13  35.24  750500  35.24
2011-02-15  35.13  35.35  34.94  35.31  915600  35.31
2011-02-14  35.07  35.38  34.89  35.14  1570400  35.14
2011-02-11  37.11  37.28  34.93  35.6  5121600  35.6
2011-02-10  37.18  37.34  37.04  37.13  710900  37.13
2011-02-09  37.28  37.35  37.13  37.28  609100  37.28
2011-02-08  37.47  37.5  37.34  37.42  347600  37.42
2011-02-07  37.29  37.48  37.22  37.47  310200  37.47
2011-02-04  37.35  37.35  36.97  37.21  367600  37.21
2011-02-03  37.25  37.39  37.0  37.3  490700  37.3
2011-02-02  37.36  37.45  37.22  37.26  342200  37.26
2011-02-01  37.21  37.5  37.14  37.46  364300  37.46
2011-01-31  36.97  37.11  36.86  37.0  687500  37.0
2011-01-28  37.36  37.44  36.79  36.83  751400  36.83
2011-01-27  37.06  37.43  36.98  37.35  637900  37.35
2011-01-26  37.21  37.22  36.83  36.99  607600  36.99
2011-01-25  37.01  37.21  36.89  37.21  535500  37.21
2011-01-24  36.85  37.16  36.78  37.0  516700  37.0
2011-01-21  36.89  36.9  36.58  36.77  512200  36.77
2011-01-20  36.61  36.92  36.56  36.72  652200  36.72
2011-01-19  36.61  36.7  36.35  36.58  642300  36.58
2011-01-18  36.47  36.69  36.44  36.61  612200  36.61
2011-01-14  36.34  36.63  36.29  36.63  624800  36.63
2011-01-13  36.16  36.33  36.02  36.33  406100  36.33
2011-01-12  36.28  36.41  36.01  36.17  480400  36.17
2011-01-11  36.1  36.25  35.99  36.1  512000  36.1
2011-01-10  35.95  36.05  35.52  35.96  592800  35.96
2011-01-07  35.61  36.04  35.55  36.0  844800  36.0
2011-01-06  35.41  35.6  35.23  35.59  974600  35.59
2011-01-05  35.43  35.64  35.29  35.47  724200  35.47
2011-01-04  35.79  35.82  35.29  35.62  744900  35.62
2011-01-03  35.84  35.9  35.58  35.67  533100  35.67
2010-12-31  35.65  35.74  35.52  35.54  348000  35.54
2010-12-30  35.77  35.78  35.54  35.71  313400  35.71
2010-12-29  35.82  35.85  35.67  35.78  301700  35.78
2010-12-28  35.74  35.81  35.55  35.77  266400  35.77
2010-12-27  35.75  35.79  35.53  35.71  237200  35.71
2010-12-23  35.78  35.82  35.67  35.79  322700  35.79
2010-12-22  35.78  35.85  35.67  35.82  258700  35.82
2010-12-21  35.77  35.81  35.62  35.72  453800  35.72
2010-12-20  35.83  35.83  35.49  35.65  843600  35.65
2010-12-17  35.59  35.74  35.41  35.68  792700  35.68
2010-12-16  35.35  35.72  35.23  35.67  610800  35.67
2010-12-15  35.75  35.76  35.32  35.32  877600  35.32
2010-12-14  35.58  35.76  35.57  35.76  800500  35.76
2010-12-13  35.36  35.61  35.3  35.52  606700  35.52
2010-12-10  35.27  35.4  35.18  35.22  636300  35.22
2010-12-09  35.35  35.38  35.04  35.17  698500  35.17
2010-12-08  35.55  35.65  35.06  35.26  756900  35.26
2010-12-07  35.82  35.9  35.26  35.42  927100  35.42
2010-12-06  35.63  35.67  35.42  35.58  561200  35.58
2010-12-03  35.5  35.73  35.31  35.63  624400  35.63
2010-12-02  35.51  35.73  35.4  35.67  2243600  35.67
2010-12-01  35.53  35.64  35.23  35.43  2063000  35.43
2010-11-30  35.11  35.35  35.0  35.15  2090600  35.15
2010-11-29  35.25  35.4  34.89  35.3  677400  35.3
2010-11-26  35.41  35.79  35.3  35.51  397600  35.51
2010-11-24  35.39  35.59  35.35  35.55  441900  35.55
2010-11-23  35.36  35.36  35.01  35.22  508800  35.22
2010-11-22  35.34  35.61  35.17  35.59  452100  35.59
2010-11-19  35.64  35.68  35.2  35.41  737600  35.41
2010-11-18  35.6  35.68  35.4  35.56  473400  35.56
2010-11-17  35.17  35.47  35.12  35.37  778900  35.37
2010-11-16  35.45  35.46  34.91  35.1  647500  35.1
2010-11-15  35.42  35.86  35.39  35.64  444500  35.64
2010-11-12  35.52  35.57  35.26  35.42  435100  35.42
2010-11-11  35.52  35.9  35.5  35.68  663800  35.68
2010-11-10  35.59  35.7  35.35  35.69  569200  35.69
2010-11-09  35.97  36.02  35.55  35.66  605700  35.66
2010-11-08  35.93  36.01  35.71  35.91  597400  35.91
2010-11-05  35.86  36.09  35.83  36.06  792200  36.06
2010-11-04  35.84  35.9  35.73  35.83  768000  35.83
2010-11-03  35.66  35.7  35.17  35.48  470900  35.48
2010-11-02  35.26  35.63  35.26  35.61  447100  35.61
2010-11-01  35.51  35.63  34.91  35.08  582400  35.08
2010-10-29  35.24  35.47  35.08  35.34  652500  35.34
2010-10-28  35.44  35.53  35.25  35.38  691400  35.38
2010-10-27  35.48  35.48  34.89  35.27  923800  35.27
2010-10-26  35.54  35.66  35.38  35.55  727200  35.55
2010-10-25  35.9  35.96  35.56  35.61  558600  35.61
2010-10-22  35.79  35.91  35.48  35.65  563700  35.65
2010-10-21  36.27  36.32  35.62  35.8  614900  35.8
2010-10-20  35.83  36.29  35.82  36.07  482500  36.07
2010-10-19  35.65  35.95  35.58  35.76  606300  35.76
2010-10-18  35.71  36.0  35.65  35.91  569500  35.91
2010-10-15  35.63  35.69  35.37  35.6  638600  35.6
2010-10-14  35.41  35.61  35.18  35.32  548900  35.32
2010-10-13  35.33  35.47  35.22  35.41  465200  35.41
2010-10-12  35.29  35.32  35.05  35.21  539600  35.21
2010-10-11  35.2  35.44  35.14  35.3  285900  35.3
2010-10-08  35.15  35.3  34.88  35.21  572300  35.21
2010-10-07  35.21  35.38  34.84  35.06  604400  35.06
2010-10-06  35.25  35.41  34.96  35.15  412400  35.15
2010-10-05  35.22  35.37  35.13  35.35  478500  35.35
2010-10-04  35.08  35.33  34.78  34.98  513700  34.98
2010-10-01  35.2  35.25  34.87  35.09  556300  35.09
2010-09-30  35.14  35.27  34.76  34.89  800700  34.89
2010-09-29  34.9  35.03  34.64  34.89  483500  34.89
2010-09-28  35.11  35.11  34.61  35.01  820700  35.01
2010-09-27  35.05  35.16  34.86  34.96  593900  34.96
2010-09-24  34.57  35.12  34.57  35.0  532100  35.0
2010-09-23  34.62  34.77  34.28  34.33  568000  34.33
2010-09-22  34.73  35.11  34.66  34.78  700100  34.78
2010-09-21  35.04  35.11  34.71  34.75  829000  34.75
2010-09-20  34.52  35.06  34.4  35.03  507900  35.03
2010-09-17  34.55  34.61  34.22  34.44  836800  34.44
2010-09-16  34.65  34.73  34.31  34.39  737800  34.39
2010-09-15  34.82  34.86  34.58  34.73  532200  34.73
2010-09-14  34.7  34.99  34.57  34.86  461300  34.86
2010-09-13  34.57  34.91  34.54  34.75  583400  34.75
2010-09-10  34.54  34.66  34.42  34.46  531300  34.46
2010-09-09  34.61  34.9  34.54  34.57  686700  34.57
2010-09-08  34.81  34.81  34.31  34.39  784800  34.39
2010-09-07  34.64  34.9  34.53  34.63  833600  34.63
2010-09-03  34.45  34.69  34.28  34.68  826500  34.68
2010-09-02  34.17  34.51  33.97  34.25  978200  34.25
2010-09-01  33.69  34.11  33.59  34.03  802000  34.03
2010-08-31  33.02  33.47  32.83  33.38  1102700  33.38
2010-08-30  33.53  33.63  33.15  33.18  631200  33.18
2010-08-27  33.06  33.63  32.84  33.55  674800  33.55
2010-08-26  33.09  33.18  32.86  32.91  596200  32.91
2010-08-25  32.94  33.11  32.7  32.96  759900  32.96
2010-08-24  32.86  33.37  32.75  33.14  627200  33.14
2010-08-23  33.1  33.4  33.0  33.13  503100  33.13
2010-08-20  32.67  32.97  32.57  32.89  477900  32.89
2010-08-19  33.27  33.27  32.68  32.91  662100  32.91
2010-08-18  33.48  33.55  33.06  33.38  862600  33.38
2010-08-17  33.25  33.62  33.17  33.44  545100  33.44
2010-08-16  32.86  33.17  32.56  33.04  538900  33.04
2010-08-13  32.81  33.33  32.8  33.02  629300  33.02
2010-08-12  32.84  33.11  32.67  32.95  819400  32.95
2010-08-11  33.61  33.61  33.05  33.08  865100  33.08
2010-08-10  33.64  34.2  33.55  33.93  1171200  33.93
2010-08-09  33.9  34.17  33.86  33.99  635400  33.99
2010-08-06  33.56  34.12  33.34  33.79  699800  33.79
2010-08-05  33.61  33.88  33.47  33.82  531700  33.82
2010-08-04  33.54  33.8  33.35  33.73  612100  33.73
2010-08-03  33.47  33.72  33.26  33.54  701700  33.54
2010-08-02  33.06  33.55  33.06  33.43  819500  33.43
2010-07-30  32.71  32.92  32.54  32.76  916900  32.76
2010-07-29  33.84  33.96  32.94  33.02  991600  33.02
2010-07-28  34.04  34.19  33.81  33.89  880900  33.89
2010-07-27  33.78  34.26  33.77  34.23  1010700  34.23
2010-07-26  33.29  33.68  33.17  33.64  507500  33.64
2010-07-23  32.96  33.3  32.72  33.28  704600  33.28
2010-07-22  32.68  33.09  32.6  32.97  485300  32.97
2010-07-21  32.95  32.95  32.23  32.36  538300  32.36
2010-07-20  32.32  32.88  32.21  32.85  842400  32.85
2010-07-19  32.55  32.95  32.42  32.77  667000  32.77
2010-07-16  32.85  32.96  32.4  32.43  1008300  32.43
2010-07-15  32.6  33.03  32.38  32.93  824600  32.93
2010-07-14  32.52  32.67  32.12  32.67  746200  32.67
2010-07-13  32.57  32.7  32.36  32.61  695200  32.61
2010-07-12  32.02  32.5  31.99  32.37  794900  32.37
2010-07-09  32.06  32.15  31.83  32.15  470600  32.15
2010-07-08  31.82  32.07  31.72  32.05  561100  32.05
2010-07-07  30.8  31.67  30.78  31.61  873900  31.61
2010-07-06  30.63  30.93  30.42  30.72  680500  30.72
2010-07-02  30.38  30.59  30.24  30.35  757300  30.35
2010-07-01  30.77  30.77  30.13  30.3  1078600  30.3
2010-06-30  30.9  31.2  30.52  30.58  732300  30.58
2010-06-29  31.17  31.17  30.63  30.89  1147400  30.89
2010-06-28  31.32  31.55  31.05  31.43  447400  31.43
2010-06-25  31.13  31.3  30.78  31.16  1421500  31.16
2010-06-24  30.94  31.41  30.9  31.1  716000  31.1
2010-06-23  31.46  31.46  30.93  31.04  646600  31.04
2010-06-22  32.17  32.19  31.37  31.47  737800  31.47
2010-06-21  32.39  32.62  31.95  32.07  1005600  32.07
2010-06-18  32.12  32.32  31.96  32.16  1094000  32.16
2010-06-17  32.0  32.13  31.76  32.07  1053000  32.07
2010-06-16  31.58  32.06  31.55  31.88  762200  31.88
2010-06-15  31.2  31.69  31.12  31.68  1034200  31.68
2010-06-14  31.01  31.3  30.89  30.98  1283700  30.98
2010-06-11  30.64  30.88  30.37  30.85  1064200  30.85
2010-06-10  30.29  30.91  30.28  30.91  2193700  30.91
2010-06-09  30.54  30.61  29.77  29.87  1839700  29.87
2010-06-08  30.14  30.55  29.94  30.52  1975800  30.52
2010-06-07  30.1  30.65  30.04  30.22  1653700  30.22
2010-06-04  30.61  30.61  29.79  29.99  1710900  29.99
2010-06-03  30.99  31.08  30.71  31.01  1342000  31.01
2010-06-02  29.93  30.55  29.89  30.55  1232400  30.55
2010-06-01  30.42  30.61  29.85  29.85  1088000  29.85
2010-05-28  30.8  30.91  30.53  30.62  1123200  30.62
2010-05-27  30.59  30.73  30.3  30.73  721800  30.73
2010-05-26  30.4  30.58  30.07  30.18  1154800  30.18
2010-05-25  29.94  30.3  29.31  30.27  1541600  30.27
2010-05-24  30.47  30.82  30.34  30.39  941800  30.39
2010-05-21  30.19  30.6  29.96  30.6  1802800  30.6
2010-05-20  30.67  30.99  30.46  30.47  2011200  30.47
2010-05-19  31.39  31.54  30.78  31.25  1234200  31.25
2010-05-18  32.02  32.05  31.4  31.48  1288500  31.48
2010-05-17  31.71  31.89  31.37  31.79  1027400  31.79
2010-05-14  31.56  31.79  31.37  31.65  1247100  31.65
2010-05-13  31.54  32.21  31.45  31.84  2182400  31.84
2010-05-12  31.35  31.83  31.32  31.48  5016500  31.48
2010-05-11  31.26  31.96  31.01  31.44  2839100  31.44
2010-05-10  32.18  32.57  31.64  32.25  848900  32.25
2010-05-07  31.4  31.55  30.72  31.03  1403400  31.03
2010-05-06  32.58  32.7  29.53  31.34  1451400  31.34
2010-05-05  32.72  33.07  32.4  32.57  777600  32.57
2010-05-04  33.43  33.44  32.68  32.92  1353500  32.92
2010-05-03  33.45  33.74  33.23  33.69  444100  33.69
2010-04-30  33.05  33.6  33.05  33.3  645500  33.3
2010-04-29  32.83  33.15  32.73  32.97  445100  32.97
2010-04-28  32.47  32.78  32.35  32.67  514000  32.67
2010-04-27  32.94  33.03  32.29  32.3  842800  32.3
2010-04-26  33.22  33.28  33.01  33.02  444800  33.02
2010-04-23  33.03  33.26  32.82  33.25  532600  33.25
2010-04-22  32.88  33.11  32.61  33.09  521300  33.09
2010-04-21  32.9  33.1  32.78  33.0  490600  33.0
2010-04-20  32.65  32.87  32.61  32.87  348500  32.87
2010-04-19  32.59  32.67  32.37  32.52  452600  32.52
2010-04-16  32.87  32.87  32.5  32.62  833100  32.62
2010-04-15  32.66  32.89  32.5  32.85  594000  32.85
2010-04-14  32.28  32.76  32.14  32.76  767000  32.76
2010-04-13  32.36  32.47  32.1  32.24  501800  32.24
2010-04-12  32.24  32.36  32.18  32.32  291900  32.32
2010-04-09  32.09  32.2  31.83  32.17  477100  32.17
2010-04-08  32.2  32.2  31.96  32.06  374600  32.06
2010-04-07  32.48  32.51  32.16  32.3  459800  32.3
2010-04-06  32.35  32.54  32.31  32.47  624800  32.47
2010-04-05  32.42  32.47  32.32  32.44  473400  32.44
2010-04-01  31.94  32.32  31.87  32.29  570400  32.29
2010-03-31  31.85  31.91  31.64  31.72  579500  31.72
2010-03-30  32.07  32.21  31.92  31.99  486300  31.99
2010-03-29  31.84  32.08  31.81  32.08  700900  32.08
2010-03-26  31.89  31.9  31.62  31.79  436000  31.79
2010-03-25  31.83  31.92  31.61  31.75  638400  31.75
2010-03-24  32.07  32.07  31.62  31.72  514400  31.72
2010-03-23  31.87  32.07  31.81  32.06  598500  32.06
2010-03-22  31.83  31.97  31.71  31.84  624700  31.84
2010-03-19  31.89  32.06  31.73  31.99  1021400  31.99
2010-03-18  31.71  31.85  31.62  31.84  507300  31.84
2010-03-17  31.51  31.77  31.42  31.75  560400  31.75
2010-03-16  31.31  31.56  31.14  31.56  483000  31.56
2010-03-15  31.17  31.33  31.07  31.3  546300  31.3
2010-03-12  31.41  31.41  31.07  31.16  386700  31.16
2010-03-11  31.05  31.26  30.84  31.26  464600  31.26
2010-03-10  31.1  31.14  30.84  31.12  832500  31.12
2010-03-09  31.1  31.19  30.87  31.11  398300  31.11
2010-03-08  31.35  31.39  31.11  31.14  797900  31.14
2010-03-05  31.28  31.36  31.04  31.34  859100  31.34
2010-03-04  31.27  31.32  31.03  31.24  734300  31.24
2010-03-03  31.18  31.47  31.11  31.27  701100  31.27
2010-03-02  30.68  31.17  30.68  31.05  689400  31.05
2010-03-01  30.22  30.72  30.22  30.63  579900  30.63
2010-02-26  30.33  30.35  29.99  30.03  700600  30.03
2010-02-25  29.94  30.27  29.8  30.24  932800  30.24
2010-02-24  30.29  30.38  29.91  30.35  521300  30.35
2010-02-23  30.18  30.27  29.91  30.18  637800  30.18
2010-02-22  30.34  30.36  30.11  30.2  578800  30.2
2010-02-19  29.43  30.27  29.34  30.2  894800  30.2
2010-02-18  29.17  29.5  29.06  29.49  609600  29.49
2010-02-17  29.47  29.47  28.99  29.18  730600  29.18
2010-02-16  29.15  29.37  29.0  29.37  507200  29.37
2010-02-12  28.85  29.05  28.56  28.78  922000  28.78
2010-02-11  28.75  29.55  28.52  29.13  1084300  29.13
2010-02-10  29.17  29.17  28.74  28.85  832500  28.85
2010-02-09  29.1  29.49  29.03  29.17  521600  29.17
2010-02-08  29.3  29.3  28.93  28.93  512800  28.93
2010-02-05  29.33  29.4  28.86  29.26  544700  29.26
2010-02-04  29.86  29.94  29.33  29.33  448900  29.33
2010-02-03  30.13  30.23  29.89  30.01  330500  30.01
2010-02-02  29.87  30.25  29.63  30.24  647200  30.24
2010-02-01  29.76  29.88  29.41  29.88  449500  29.88
2010-01-29  29.97  30.02  29.67  29.67  696200  29.67
2010-01-28  30.09  30.09  29.72  29.81  513500  29.81
2010-01-27  29.91  30.07  29.69  30.05  602300  30.05
2010-01-26  30.09  30.2  29.88  30.03  732800  30.03
2010-01-25  30.22  30.33  29.95  30.14  644900  30.14
2010-01-22  30.65  30.65  29.91  29.93  834000  29.93
2010-01-21  31.08  31.4  30.51  30.63  545300  30.63
2010-01-20  31.29  31.42  30.88  31.12  488800  31.12
2010-01-19  31.16  31.5  31.08  31.47  281400  31.47
2010-01-15  31.19  31.22  30.76  31.09  670100  31.09
2010-01-14  31.01  31.31  31.0  31.28  473300  31.28
2010-01-13  31.06  31.2  30.88  31.18  445800  31.18
2010-01-12  30.88  31.16  30.79  30.93  505200  30.93
2010-01-11  30.59  31.07  30.59  30.95  553000  30.95
2010-01-08  30.55  30.6  30.41  30.53  453900  30.53
2010-01-07  30.68  30.79  30.51  30.63  483100  30.63
2010-01-06  30.78  30.92  30.6  30.71  689800  30.71
2010-01-05  31.38  31.47  30.58  30.8  953800  30.8
2010-01-04  31.63  31.79  31.15  31.32  866800  31.32
