Date  Open  High  Low  Close  Volume  Adj Close
2014-02-28  93.93  94.6  93.71  94.41  868900  94.41
2014-02-27  93.84  94.24  93.63  93.91  421000  93.91
2014-02-26  93.93  94.45  93.71  93.99  752300  93.99
2014-02-25  92.89  94.23  92.89  93.7  647100  93.7
2014-02-24  93.19  93.98  92.81  93.03  856200  93.03
2014-02-21  93.19  94.25  92.75  92.79  1067600  92.79
2014-02-20  93.53  94.12  93.0  93.8  1094800  93.8
2014-02-19  94.96  95.57  93.41  93.54  1076500  93.54
2014-02-18  96.39  96.64  95.27  95.39  537300  95.39
2014-02-14  94.85  96.53  94.69  96.37  729900  96.37
2014-02-13  94.26  95.47  94.15  95.47  562900  95.47
2014-02-12  94.22  95.55  94.15  94.98  802700  94.98
2014-02-11  93.11  94.54  92.6  94.37  868200  94.37
2014-02-10  92.2  93.06  91.48  92.84  929300  92.84
2014-02-07  90.81  93.11  90.46  92.55  758500  92.55
2014-02-06  90.89  91.49  90.04  90.67  857000  90.67
2014-02-05  90.66  91.22  89.99  90.85  759700  90.85
2014-02-04  91.35  91.72  90.29  90.57  706100  90.57
2014-02-03  92.88  93.21  90.62  90.84  725300  90.84
2014-01-31  92.13  93.15  91.89  92.74  665100  92.74
2014-01-30  91.83  94.38  91.82  93.65  775300  93.65
2014-01-29  91.48  92.65  91.3  91.97  561800  91.97
2014-01-28  90.98  92.03  90.72  91.95  555100  91.95
2014-01-27  91.75  91.95  90.46  90.97  730800  90.97
2014-01-24  92.3  92.57  91.12  91.21  642900  91.21
2014-01-23  92.66  93.53  92.61  93.06  557800  93.06
2014-01-22  93.58  93.77  92.92  93.32  621400  93.32
2014-01-21  91.92  93.45  91.92  93.39  602000  93.39
2014-01-17  92.06  92.84  91.88  92.28  1176300  92.28
2014-01-16  92.84  93.33  92.2  92.52  308800  92.52
2014-01-15  92.97  93.43  92.59  92.75  390100  92.75
2014-01-14  91.46  93.02  91.25  92.78  596100  92.78
2014-01-13  92.78  93.36  91.05  91.25  677200  91.25
2014-01-10  93.11  93.71  92.82  93.19  428900  93.19
2014-01-09  93.59  93.59  92.87  93.13  576400  93.13
2014-01-08  92.33  93.24  91.68  93.15  677100  93.15
2014-01-07  91.68  92.9  91.54  92.55  402900  92.55
2014-01-06  92.51  92.78  91.1  91.48  701200  91.48
2014-01-03  92.66  92.93  92.02  92.34  436100  92.34
2014-01-02  93.36  93.38  92.19  92.55  525100  92.55
2013-12-31  94.05  94.13  93.25  93.78  382400  93.78
2013-12-30  94.27  94.43  93.59  93.77  390200  93.77
2013-12-27  92.28  94.55  91.99  93.96  928800  93.96
2013-12-26  91.93  92.26  91.4  91.94  345200  91.94
2013-12-24  91.26  92.01  90.94  91.96  185600  91.96
2013-12-23  90.7  91.11  89.98  91.07  383100  91.07
2013-12-20  88.78  90.49  88.78  90.34  1020700  90.34
2013-12-19  90.53  90.73  89.54  89.66  676300  89.66
2013-12-18  89.45  90.75  88.56  90.73  638000  90.73
2013-12-17  89.37  89.61  88.81  89.27  465900  89.27
2013-12-16  89.71  90.08  88.76  89.53  375200  89.53
2013-12-13  89.43  89.68  88.82  89.22  530000  89.22
2013-12-12  89.38  89.49  88.9  88.95  632300  88.95
2013-12-11  89.23  89.45  88.88  89.44  965700  89.44
2013-12-10  89.18  89.45  88.9  89.13  548500  89.13
2013-12-09  89.4  89.69  88.98  89.34  713000  89.34
2013-12-06  88.55  89.04  87.7  88.96  668700  88.96
2013-12-05  86.89  87.67  86.89  87.49  558400  87.49
2013-12-04  86.76  87.87  86.46  87.12  728100  87.12
2013-12-03  86.06  87.3  85.83  86.89  786800  86.89
2013-12-02  86.22  86.89  86.22  86.36  404300  86.36
2013-11-29  86.73  87.27  86.0  86.03  218500  86.03
2013-11-27  86.74  87.25  86.6  86.82  210900  86.82
2013-11-26  86.91  87.14  86.49  86.81  459800  86.81
2013-11-25  87.46  87.46  86.64  86.75  557900  86.75
2013-11-22  86.46  87.03  85.97  87.03  410000  87.03
2013-11-21  85.73  86.3  85.33  86.3  400800  86.3
2013-11-20  85.58  85.82  85.08  85.25  427700  85.25
2013-11-19  85.09  85.63  84.93  85.1  520000  85.1
2013-11-18  86.24  86.68  85.21  85.32  490600  85.32
2013-11-15  86.03  86.51  85.56  86.23  675800  86.23
2013-11-14  84.67  85.64  84.46  85.58  573000  85.58
2013-11-13  83.78  84.49  83.34  84.35  917100  84.35
2013-11-12  83.67  84.16  83.59  83.9  579200  83.9
2013-11-11  84.43  84.62  83.78  83.94  503100  83.94
2013-11-08  84.46  84.68  84.03  84.36  583300  84.36
2013-11-07  85.53  85.71  84.08  84.26  466000  84.26
2013-11-06  85.38  85.66  84.48  85.2  426600  85.2
2013-11-05  84.47  84.92  84.3  84.73  568300  84.73
2013-11-04  84.96  85.51  84.72  85.08  471200  85.08
2013-11-01  86.46  86.46  84.89  85.1  466900  85.1
2013-10-31  86.04  86.34  85.72  86.01  417300  86.01
2013-10-30  86.65  87.16  85.74  85.95  413800  85.95
2013-10-29  86.6  86.95  86.02  86.92  570500  86.92
2013-10-28  86.24  86.76  86.15  86.62  389000  86.62
2013-10-25  86.29  86.63  85.83  86.63  367200  86.63
2013-10-24  85.85  86.45  85.77  86.27  482400  86.27
2013-10-23  84.17  85.84  84.09  85.8  807000  85.8
2013-10-22  84.26  85.02  83.37  84.58  1691100  84.58
2013-10-21  83.58  83.95  82.49  82.91  1118800  82.91
2013-10-18  83.34  83.81  83.2  83.36  884300  83.36
2013-10-17  82.68  83.56  82.68  83.42  1470200  83.42
2013-10-16  83.1  83.72  82.69  83.35  844700  83.35
2013-10-15  82.82  83.3  82.69  82.79  475700  82.79
2013-10-14  83.22  83.51  83.04  83.06  774900  83.06
2013-10-11  83.13  83.57  82.88  83.23  644100  83.23
2013-10-10  83.21  83.67  82.78  83.15  763600  83.15
2013-10-09  83.76  83.76  82.49  82.5  645000  82.5
2013-10-08  84.24  84.42  83.21  83.24  470800  83.24
2013-10-07  84.33  84.49  83.84  84.12  306400  84.12
2013-10-04  83.93  85.23  83.73  84.86  371600  84.86
2013-10-03  84.48  84.59  83.31  83.94  470800  83.94
2013-10-02  84.37  84.83  83.86  84.83  444700  84.83
2013-10-01  84.57  85.32  84.32  84.63  480600  84.63
2013-09-30  84.89  85.18  84.36  84.88  392900  84.88
2013-09-27  84.91  85.35  84.5  85.11  380500  85.11
2013-09-26  85.59  85.96  84.78  85.48  563600  85.48
2013-09-25  85.63  86.02  85.06  85.13  479600  85.13
2013-09-24  85.23  86.38  85.1  85.58  740600  85.58
2013-09-23  85.17  85.92  84.77  85.15  387900  85.15
2013-09-20  87.04  87.28  85.44  85.51  1265900  85.51
2013-09-19  87.79  88.12  87.16  87.57  454700  87.57
2013-09-18  85.79  87.43  85.27  87.42  683000  87.42
2013-09-17  85.95  86.08  85.39  85.68  288400  85.68
2013-09-16  86.58  86.64  85.42  85.74  353300  85.74
2013-09-13  84.75  85.22  84.26  85.06  377300  85.06
2013-09-12  85.01  85.38  84.1  84.49  613800  84.49
2013-09-11  84.44  85.24  83.93  85.11  656000  85.11
2013-09-10  82.77  84.43  82.65  84.2  753600  84.2
2013-09-09  82.75  83.28  82.54  82.55  848900  82.55
2013-09-06  83.38  83.45  82.16  82.7  227700  82.7
2013-09-05  82.79  83.5  82.63  83.11  299700  83.11
2013-09-04  81.84  83.23  81.63  83.04  577800  83.04
2013-09-03  82.95  83.8  81.85  82.13  554700  82.13
2013-08-30  81.73  82.4  81.64  82.07  531800  82.07
2013-08-29  81.56  81.97  81.46  81.69  657900  81.69
2013-08-28  82.53  82.53  81.77  81.86  274200  81.86
2013-08-27  82.46  83.24  81.9  82.26  516500  82.26
2013-08-26  83.38  83.84  82.83  83.01  259000  83.01
2013-08-23  83.75  83.75  82.88  83.3  397500  83.3
2013-08-22  83.27  84.35  83.02  83.34  272000  83.34
2013-08-21  83.29  83.77  82.86  83.14  294500  83.14
2013-08-20  83.0  83.84  82.65  83.55  504800  83.55
2013-08-19  83.52  83.7  82.91  82.96  380200  82.96
2013-08-16  83.54  83.92  83.18  83.5  518300  83.5
2013-08-15  84.62  84.62  83.37  83.77  565600  83.77
2013-08-14  85.3  85.37  84.61  84.64  381100  84.64
2013-08-13  85.39  85.71  85.05  85.3  287400  85.3
2013-08-12  84.62  85.41  84.48  85.22  298400  85.22
2013-08-09  84.34  85.19  84.17  85.04  313600  85.04
2013-08-08  84.66  85.03  84.29  84.77  395900  84.77
2013-08-07  84.34  84.44  83.88  84.11  282300  84.11
2013-08-06  83.55  84.64  83.34  84.38  319800  84.38
2013-08-05  84.33  84.5  83.56  83.84  248300  83.84
2013-08-02  84.16  84.39  83.9  84.32  443300  84.32
2013-08-01  83.54  84.78  82.5  84.63  609800  84.63
2013-07-31  83.07  83.49  82.44  82.93  557700  82.93
2013-07-30  82.61  83.07  81.94  82.64  538000  82.64
2013-07-29  81.96  82.76  81.52  82.51  377600  82.51
2013-07-26  82.36  82.53  81.47  82.09  479100  82.09
2013-07-25  82.25  82.86  82.11  82.69  577200  82.69
2013-07-24  82.38  82.66  81.92  82.4  584300  82.4
2013-07-23  83.41  83.76  81.74  82.37  1021800  82.37
2013-07-22  84.44  84.6  83.31  83.35  813300  83.35
2013-07-19  83.64  83.99  82.88  83.83  733900  83.83
2013-07-18  83.3  83.88  82.97  83.13  572600  83.13
2013-07-17  83.62  83.88  82.86  83.27  405000  83.27
2013-07-16  84.09  84.23  82.84  83.05  611200  83.05
2013-07-15  83.4  84.02  83.23  83.6  540300  83.6
2013-07-12  83.35  83.76  83.18  83.72  711900  83.72
2013-07-11  82.99  83.63  82.89  83.45  576800  83.45
2013-07-10  81.83  82.31  81.54  82.29  608700  82.29
2013-07-09  81.79  82.37  81.63  81.73  750600  81.73
2013-07-08  81.0  81.61  80.82  81.51  808000  81.51
2013-07-05  80.66  81.01  80.02  80.68  321500  80.68
2013-07-03  80.04  80.6  79.64  80.29  309600  80.29
2013-07-02  80.4  81.07  79.87  80.48  848000  80.48
2013-07-01  80.28  81.41  79.91  80.53  551300  80.53
2013-06-28  79.91  80.53  79.5  79.82  768500  79.82
2013-06-27  80.54  80.75  80.14  80.38  396800  80.38
2013-06-26  80.33  80.76  79.82  80.37  584300  80.37
2013-06-25  80.59  80.59  79.51  79.89  513400  79.89
2013-06-24  80.01  80.1  79.07  79.61  676300  79.61
2013-06-21  80.15  80.66  79.62  80.13  1189000  80.13
2013-06-20  79.74  80.52  79.26  79.8  786600  79.8
2013-06-19  80.63  81.53  80.53  80.58  518100  80.58
2013-06-18  81.34  82.02  81.06  81.56  600600  81.56
2013-06-17  81.16  81.5  80.7  81.12  626400  81.12
2013-06-14  81.81  81.94  80.7  80.87  687800  80.87
2013-06-13  80.57  81.72  80.07  81.59  824600  81.59
2013-06-12  82.01  82.01  80.38  80.75  678900  80.75
2013-06-11  81.58  81.74  81.0  81.3  456800  81.3
2013-06-10  82.2  82.4  81.77  82.13  454600  82.13
2013-06-07  82.44  82.52  81.99  82.25  614500  82.25
2013-06-06  82.06  82.17  81.4  82.16  657800  82.16
2013-06-05  83.29  83.56  82.22  82.25  668100  82.25
2013-06-04  83.12  83.63  82.82  83.29  516700  83.29
2013-06-03  83.43  83.49  82.7  83.13  659800  83.13
2013-05-31  83.02  83.92  82.91  83.07  562900  83.07
2013-05-30  83.74  84.03  83.19  83.39  380400  83.39
2013-05-29  83.67  84.01  83.23  83.45  570200  83.45
2013-05-28  84.39  85.05  83.98  84.29  970400  84.29
2013-05-24  82.8  83.94  82.75  83.74  521000  83.74
2013-05-23  83.03  83.66  82.51  83.58  526300  83.58
2013-05-22  83.44  84.44  82.79  83.5  728000  83.5
2013-05-21  83.66  83.82  82.99  83.43  678700  83.43
2013-05-20  82.96  83.48  82.7  83.27  556400  83.27
2013-05-17  82.4  83.47  82.28  83.35  1633100  83.35
2013-05-16  81.84  82.5  81.61  82.02  903100  82.02
2013-05-15  80.52  82.42  80.37  82.11  1167700  82.11
2013-05-14  79.6  80.86  79.6  80.67  575300  80.67
2013-05-13  79.77  80.01  78.89  79.69  415500  79.69
2013-05-10  79.2  79.77  79.06  79.75  533200  79.75
2013-05-09  78.68  79.18  78.68  79.1  347800  79.1
2013-05-08  78.64  79.08  78.27  78.98  340300  78.98
2013-05-07  78.09  78.58  77.97  78.47  368600  78.47
2013-05-06  78.14  78.28  77.49  78.09  453500  78.09
2013-05-03  77.84  78.29  77.4  78.1  509600  78.1
2013-05-02  77.03  77.7  76.57  77.28  391000  77.28
2013-05-01  77.73  77.73  76.87  77.17  553600  77.17
2013-04-30  77.35  77.95  76.41  77.9  815800  77.9
2013-04-29  76.65  77.68  75.71  77.51  553300  77.51
2013-04-26  77.57  77.74  76.43  76.68  351000  76.68
2013-04-25  78.29  78.36  77.2  77.35  640400  77.35
2013-04-24  76.97  77.12  76.28  76.43  916700  76.43
2013-04-23  76.17  76.96  75.81  76.67  846100  76.67
2013-04-22  75.94  76.31  75.59  75.68  931800  75.68
2013-04-19  75.01  76.21  75.01  76.14  1045700  76.14
2013-04-18  74.91  75.55  74.43  75.25  1063400  75.25
2013-04-17  74.69  74.88  73.83  74.6  719100  74.6
2013-04-16  73.83  75.24  73.53  75.01  852700  75.01
2013-04-15  75.25  75.48  72.91  73.36  1229200  73.36
2013-04-12  75.81  76.01  75.14  75.66  448600  75.66
2013-04-11  75.24  76.04  75.06  75.65  808300  75.65
2013-04-10  74.8  76.23  74.57  76.12  791300  76.12
2013-04-09  75.03  75.33  74.49  74.89  594900  74.89
2013-04-08  75.61  75.61  74.5  75.13  568600  75.13
2013-04-05  75.22  75.3  74.76  75.18  704600  75.18
2013-04-04  75.73  76.36  75.55  76.07  685200  76.07
2013-04-03  76.01  76.09  72.51  75.61  1070400  75.61
2013-04-02  76.23  76.45  75.63  76.0  808800  76.0
2013-04-01  76.92  77.04  75.78  76.05  519500  76.05
2013-03-28  76.41  76.96  75.94  76.87  1066800  76.87
2013-03-27  75.24  76.54  75.09  76.39  604900  76.39
2013-03-26  76.02  76.11  75.35  75.8  660600  75.8
2013-03-25  75.81  76.4  74.94  75.72  1211600  75.72
2013-03-22  77.05  77.1  76.16  76.68  643000  76.68
2013-03-21  76.44  77.33  76.23  76.71  1209600  76.71
2013-03-20  78.4  78.52  77.79  77.88  400400  77.88
2013-03-19  77.57  77.96  77.01  77.7  365700  77.7
2013-03-18  77.51  77.85  77.36  77.6  372700  77.6
2013-03-15  77.78  78.45  77.72  78.16  779100  78.16
2013-03-14  78.03  78.29  77.88  78.13  322000  78.13
2013-03-13  77.93  78.14  77.51  77.84  380600  77.84
2013-03-12  77.99  78.17  77.26  77.96  469600  77.96
2013-03-11  78.1  78.12  77.39  78.09  435700  78.09
2013-03-08  77.71  78.3  77.46  78.04  694500  78.04
2013-03-07  77.43  77.68  77.28  77.51  429700  77.51
2013-03-06  77.67  78.02  77.13  77.43  572900  77.43
2013-03-05  77.72  78.05  77.27  77.55  772600  77.55
2013-03-04  76.71  77.29  76.43  77.1  580400  77.1
2013-03-01  75.59  76.73  75.48  76.61  552200  76.61
2013-02-28  75.52  76.6  75.32  76.29  862400  76.29
2013-02-27  74.58  76.15  74.58  75.57  586700  75.57
2013-02-26  74.18  75.0  73.96  74.8  580800  74.8
2013-02-25  75.92  76.1  74.13  74.22  492900  74.22
2013-02-22  75.07  75.63  75.05  75.36  422200  75.36
2013-02-21  75.17  75.4  74.63  74.91  541200  74.91
2013-02-20  76.69  76.69  75.39  75.4  691500  75.4
2013-02-19  76.5  76.79  76.07  76.5  536600  76.5
2013-02-15  75.92  76.4  75.76  76.16  501500  76.16
2013-02-14  75.91  76.25  75.6  76.09  479400  76.09
2013-02-13  75.52  76.26  75.35  75.87  594400  75.87
2013-02-12  75.38  75.51  74.98  75.33  538000  75.33
2013-02-11  75.57  76.08  74.88  75.36  895400  75.36
2013-02-08  76.23  76.91  75.91  76.67  733300  76.67
2013-02-07  76.74  76.8  75.22  75.99  1122900  75.99
2013-02-06  76.44  77.25  76.33  77.08  647300  77.08
2013-02-05  76.55  77.15  76.52  76.91  500300  76.91
2013-02-04  76.81  77.04  76.44  76.56  509300  76.56
2013-02-01  76.51  77.16  76.29  77.04  607000  77.04
2013-01-31  75.89  76.59  75.89  76.34  1054300  76.34
2013-01-30  76.22  76.46  76.0  76.15  492500  76.15
2013-01-29  75.98  76.44  75.79  76.27  579700  76.27
2013-01-28  76.34  76.38  75.79  75.98  448500  75.98
2013-01-25  76.11  76.51  75.62  76.41  491300  76.41
2013-01-24  76.01  76.4  75.66  75.76  388000  75.76
2013-01-23  76.01  76.12  75.57  76.01  576900  76.01
2013-01-22  76.01  76.23  75.6  76.16  453400  76.16
2013-01-18  75.55  76.0  75.38  75.94  789300  75.94
2013-01-17  75.6  76.02  75.28  75.73  428400  75.73
2013-01-16  75.12  75.5  74.96  75.4  309400  75.4
2013-01-15  75.09  75.52  75.09  75.41  308700  75.41
2013-01-14  75.31  75.62  74.87  75.49  275900  75.49
2013-01-11  76.66  76.66  75.16  75.42  389600  75.42
2013-01-10  75.63  75.99  75.2  75.75  406500  75.75
2013-01-09  74.87  75.71  74.67  75.6  549000  75.6
2013-01-08  74.15  74.92  74.08  74.82  486100  74.82
2013-01-07  73.62  74.64  73.58  74.55  401500  74.55
2013-01-04  74.55  74.72  74.2  74.31  468600  74.31
2013-01-03  74.02  75.02  73.62  74.35  518800  74.35
2013-01-02  73.62  74.22  73.33  73.81  1134200  73.81
2012-12-31  71.74  72.66  71.58  72.64  331700  72.64
2012-12-28  72.09  72.65  71.82  71.93  372800  71.93
2012-12-27  73.01  73.21  71.75  72.74  366500  72.74
2012-12-26  73.05  73.29  72.72  73.06  438000  73.06
2012-12-24  72.48  73.01  71.91  72.77  253000  72.77
2012-12-21  72.13  73.17  71.31  72.76  1259400  72.76
2012-12-20  71.4  72.83  71.4  72.73  536400  72.73
2012-12-19  72.82  72.99  72.24  72.25  318000  72.25
2012-12-18  72.27  72.8  71.9  72.71  635900  72.71
2012-12-17  71.93  72.27  71.73  72.07  498400  72.07
2012-12-14  71.21  72.04  71.21  71.67  313300  71.67
2012-12-13  71.91  72.14  71.1  71.48  401000  71.48
2012-12-12  72.69  72.89  71.46  71.75  738800  71.75
2012-12-11  72.42  72.92  72.14  72.47  525100  72.47
2012-12-10  71.94  72.73  71.86  72.42  323000  72.42
2012-12-07  72.22  72.28  71.4  72.12  273300  72.12
2012-12-06  71.71  72.53  71.53  72.04  474100  72.04
2012-12-05  71.52  71.95  71.28  71.61  497200  71.61
2012-12-04  71.07  71.84  71.06  71.76  498600  71.76
2012-12-03  72.09  72.09  70.77  71.23  403500  71.23
2012-11-30  71.61  71.65  71.07  71.59  655900  71.59
2012-11-29  71.54  71.57  70.86  71.4  290700  71.4
2012-11-28  70.58  71.35  69.61  71.31  349700  71.31
2012-11-27  70.85  71.08  70.65  70.89  383400  70.89
2012-11-26  70.87  71.12  70.58  71.1  302800  71.1
2012-11-23  70.85  71.08  70.45  71.08  315700  71.08
2012-11-21  70.39  70.65  70.09  70.23  271100  70.23
2012-11-20  69.58  70.63  69.16  70.37  409400  70.37
2012-11-19  69.09  69.96  68.89  69.84  621700  69.84
2012-11-16  68.43  68.59  67.99  68.22  678500  68.22
2012-11-15  67.89  68.39  67.16  68.26  664900  68.26
2012-11-14  68.43  68.52  67.61  67.72  448700  67.72
2012-11-13  68.32  69.17  68.25  68.34  318600  68.34
2012-11-12  68.46  69.0  68.12  68.61  264200  68.61
2012-11-09  68.35  68.8  68.13  68.48  473400  68.48
2012-11-08  69.07  69.42  68.23  68.48  342400  68.48
2012-11-07  70.16  70.16  68.92  69.41  512500  69.41
2012-11-06  70.18  71.12  69.67  70.68  561900  70.68
2012-11-05  68.69  69.49  68.69  69.46  247600  69.46
2012-11-02  69.67  69.67  68.87  69.06  515000  69.06
2012-11-01  69.38  70.02  69.04  69.54  848500  69.54
2012-10-31  69.76  70.18  68.67  69.09  712900  69.09
2012-10-26  69.66  69.78  68.95  69.46  498900  69.46
2012-10-25  70.04  70.04  69.13  69.45  307300  69.45
2012-10-24  70.1  70.6  69.02  69.33  753600  69.33
2012-10-23  68.78  71.05  67.93  70.48  1371100  70.48
2012-10-22  71.32  71.93  71.02  71.83  525900  71.83
2012-10-19  72.16  72.38  71.2  71.54  982500  71.54
2012-10-18  72.38  72.58  71.0  72.39  1214200  72.39
2012-10-17  72.67  73.34  72.5  73.2  469100  73.2
2012-10-16  71.89  72.51  71.4  72.51  455300  72.51
2012-10-15  70.76  71.46  70.59  71.35  270900  71.35
2012-10-12  71.1  71.29  70.49  70.78  420800  70.78
2012-10-11  70.75  71.07  70.5  70.78  445700  70.78
2012-10-10  70.61  71.24  69.7  70.07  452900  70.07
2012-10-09  71.98  72.37  70.58  70.72  400500  70.72
2012-10-08  71.93  72.36  71.72  72.06  218500  72.06
2012-10-05  72.25  72.82  71.97  72.24  329000  72.24
2012-10-04  72.0  72.25  71.47  71.95  300400  71.95
2012-10-03  71.33  71.73  70.88  71.38  254000  71.38
2012-10-02  71.82  72.32  70.92  71.33  193100  71.33
2012-10-01  71.48  72.53  71.06  71.52  555700  71.52
2012-09-28  71.02  71.33  70.56  70.85  604800  70.85
2012-09-27  71.22  71.84  70.87  71.56  343100  71.56
2012-09-26  70.88  71.86  70.85  71.11  550700  71.11
2012-09-25  72.85  72.85  71.83  71.95  412600  71.95
2012-09-24  72.24  72.74  71.87  72.42  304300  72.42
2012-09-21  73.07  73.52  72.09  72.23  1114300  72.23
2012-09-20  72.34  72.85  71.92  72.84  354500  72.84
2012-09-19  72.67  72.82  72.35  72.65  384700  72.65
2012-09-18  72.6  72.72  72.36  72.55  484800  72.55
2012-09-17  72.61  73.28  72.49  72.85  627000  72.85
2012-09-14  72.18  72.84  71.93  72.57  789600  72.57
2012-09-13  71.14  72.79  70.66  72.01  520500  72.01
2012-09-12  71.43  72.16  70.87  71.21  352200  71.21
2012-09-11  71.86  72.39  71.39  71.48  481900  71.48
2012-09-10  72.14  72.81  71.93  71.99  432100  71.99
2012-09-07  70.8  72.29  70.53  72.29  931200  72.29
2012-09-06  69.95  71.03  69.56  70.29  730400  70.29
2012-09-05  69.43  69.95  69.07  69.75  267100  69.75
2012-09-04  69.55  69.84  68.62  69.39  399100  69.39
2012-08-31  69.75  70.19  69.4  69.93  276500  69.93
2012-08-30  69.43  69.8  69.07  69.37  378500  69.37
2012-08-29  69.34  70.29  69.14  69.93  598300  69.93
2012-08-28  68.83  69.27  68.58  69.13  240900  69.13
2012-08-27  69.45  69.58  68.67  68.87  373900  68.87
2012-08-24  69.17  69.96  68.91  69.37  462500  69.37
2012-08-23  70.1  70.18  68.65  69.11  559600  69.11
2012-08-22  69.47  70.26  68.99  70.2  802500  70.2
2012-08-21  70.15  70.8  69.65  69.81  426500  69.81
2012-08-20  70.41  70.49  69.63  70.08  417900  70.08
2012-08-17  71.15  71.17  69.84  70.42  589600  70.42
2012-08-16  70.43  71.24  70.0  70.97  446800  70.97
2012-08-15  69.91  70.74  69.91  70.51  302100  70.51
2012-08-14  70.62  70.92  69.94  70.09  336700  70.09
2012-08-13  70.41  70.64  69.71  70.37  439000  70.37
2012-08-10  70.7  70.83  70.29  70.75  353700  70.75
2012-08-09  70.68  71.39  70.59  71.07  532500  71.07
2012-08-08  70.12  71.09  69.95  70.92  356000  70.92
2012-08-07  69.67  70.68  69.53  70.28  365100  70.28
2012-08-06  69.38  69.81  69.04  69.48  410900  69.48
2012-08-03  68.23  69.02  67.6  68.93  609200  68.93
2012-08-02  67.01  67.61  66.34  66.98  645200  66.98
2012-08-01  68.11  68.49  67.63  67.77  578900  67.77
2012-07-31  67.49  68.37  67.35  67.93  612900  67.93
2012-07-30  69.38  69.47  68.17  68.31  435000  68.31
2012-07-27  68.16  69.72  67.72  69.53  857900  69.53
2012-07-26  67.73  68.35  66.52  67.05  853600  67.05
2012-07-25  66.71  66.86  65.3  66.04  1286700  66.04
2012-07-24  67.69  68.48  66.24  66.85  1372200  66.85
2012-07-23  68.66  69.61  68.29  69.41  748400  69.41
2012-07-20  70.94  70.94  69.47  70.11  2700200  70.11
2012-07-19  71.18  71.48  70.6  70.9  533800  70.9
2012-07-18  69.7  71.36  69.37  71.18  616700  71.18
2012-07-17  69.88  70.14  68.82  69.77  870600  69.77
2012-07-16  70.32  70.73  69.27  69.39  713100  69.39
2012-07-13  69.38  70.61  69.38  70.3  581300  70.3
2012-07-12  68.3  69.87  67.99  69.42  688300  69.42
2012-07-11  69.14  70.21  68.5  69.13  763800  69.13
2012-07-10  72.12  72.77  70.05  70.54  692400  70.54
2012-07-09  72.06  72.25  71.41  71.96  304800  71.96
2012-07-06  71.92  72.28  71.29  71.91  495300  71.91
2012-07-05  72.73  72.97  72.22  72.51  586000  72.51
2012-07-03  72.45  73.57  72.32  72.98  425200  72.98
2012-07-02  72.42  72.57  71.31  72.18  1032400  72.18
2012-06-29  72.15  72.88  72.04  72.57  897400  72.57
2012-06-28  70.46  70.96  69.61  70.85  570600  70.85
2012-06-27  70.56  71.13  70.03  70.86  329800  70.86
2012-06-26  70.01  70.65  69.89  70.27  634100  70.27
2012-06-25  69.75  70.16  69.29  70.09  357900  70.09
2012-06-22  70.16  70.64  69.65  70.45  612800  70.45
2012-06-21  71.97  71.99  69.64  69.78  585400  69.78
2012-06-20  72.42  72.42  71.17  71.78  468700  71.78
2012-06-19  71.22  72.62  70.92  72.24  669200  72.24
2012-06-18  70.17  70.8  69.8  70.64  459800  70.64
2012-06-15  70.01  70.67  69.39  70.38  608500  70.38
2012-06-14  69.56  70.25  69.18  69.88  364300  69.88
2012-06-13  70.02  70.41  69.14  69.36  480400  69.36
2012-06-12  68.7  70.12  68.29  70.11  691700  70.11
2012-06-11  69.88  69.98  68.21  68.31  493900  68.31
2012-06-08  68.91  69.48  68.22  69.4  391000  69.4
2012-06-07  69.68  69.91  68.66  68.96  562800  68.96
2012-06-06  67.7  68.69  67.47  68.65  537300  68.65
2012-06-05  66.28  67.7  66.07  67.15  491100  67.15
2012-06-04  66.81  66.92  65.55  66.56  507200  66.56
2012-06-01  66.75  67.54  66.06  66.29  1014000  66.29
2012-05-31  68.7  69.49  67.29  68.1  1187200  68.1
2012-05-30  70.07  70.07  68.9  69.18  884200  69.18
2012-05-29  70.35  71.4  70.16  70.73  595900  70.73
2012-05-25  70.18  70.47  69.29  69.6  356600  69.6
2012-05-24  69.29  70.33  69.0  70.09  444100  70.09
2012-05-23  68.8  69.49  67.55  69.35  950000  69.35
2012-05-22  69.13  70.2  68.72  69.59  936900  69.59
2012-05-21  66.85  68.89  66.71  68.73  527400  68.73
2012-05-18  67.63  67.84  66.42  66.73  805900  66.73
2012-05-17  68.27  68.63  67.19  67.24  706400  67.24
2012-05-16  68.88  69.33  68.28  68.32  509500  68.32
2012-05-15  68.57  69.13  68.19  68.4  515300  68.4
2012-05-14  68.33  69.09  67.94  68.49  566300  68.49
2012-05-11  68.91  69.72  68.61  69.14  398300  69.14
2012-05-10  68.89  70.09  68.54  69.07  803000  69.07
2012-05-09  67.35  68.79  67.0  68.17  797200  68.17
2012-05-08  66.54  68.57  66.5  68.34  981600  68.34
2012-05-07  66.75  67.26  66.53  67.12  486200  67.12
2012-05-04  68.25  68.68  66.9  67.09  651000  67.09
2012-05-03  69.68  69.77  68.45  68.91  440800  68.91
2012-05-02  69.09  69.9  68.49  69.6  406100  69.6
2012-05-01  69.57  70.68  69.1  69.71  516100  69.71
2012-04-30  69.8  69.89  69.25  69.41  320200  69.41
2012-04-27  70.49  70.49  69.75  69.88  488900  69.88
2012-04-26  69.0  70.4  68.92  70.08  471200  70.08
2012-04-25  69.06  69.58  68.5  69.3  897200  69.3
2012-04-24  68.85  69.47  67.94  68.92  1155400  68.92
2012-04-23  69.83  69.83  68.62  69.01  915600  69.01
2012-04-20  70.55  71.27  70.26  70.37  773500  70.37
2012-04-19  70.25  70.71  69.62  70.08  423600  70.08
2012-04-18  69.73  70.79  69.73  70.36  420000  70.36
2012-04-17  69.79  70.97  69.54  70.38  610400  70.38
2012-04-16  69.99  70.0  69.08  69.4  671500  69.4
2012-04-13  70.31  70.67  69.46  69.47  442200  69.47
2012-04-12  69.61  71.38  69.6  70.81  514700  70.81
2012-04-11  69.45  69.89  69.3  69.59  383900  69.59
2012-04-10  69.62  69.95  68.53  68.85  621200  68.85
2012-04-09  70.09  70.3  69.38  69.96  419000  69.96
2012-04-05  71.0  71.49  70.76  70.95  511700  70.95
2012-04-04  72.53  72.53  70.91  71.53  417200  71.53
2012-04-03  72.51  72.84  71.78  72.44  501800  72.44
2012-04-02  71.69  73.02  71.43  72.86  632100  72.86
2012-03-30  72.08  72.08  70.56  71.52  1043400  71.52
2012-03-29  71.69  71.78  70.68  71.46  696600  71.46
2012-03-28  72.53  72.69  71.4  71.96  711600  71.96
2012-03-27  72.75  72.75  72.28  72.52  598300  72.52
2012-03-26  71.8  72.51  71.59  72.51  420300  72.51
2012-03-23  70.72  71.15  69.76  71.01  377700  71.01
2012-03-22  70.7  70.73  69.65  70.38  330100  70.38
2012-03-21  71.33  71.58  70.61  71.22  312500  71.22
2012-03-20  71.59  71.61  71.18  71.47  260300  71.47
2012-03-19  71.42  72.53  71.34  71.98  382000  71.98
2012-03-16  71.25  72.22  71.16  71.86  989100  71.86
2012-03-15  70.38  71.41  70.16  71.36  416800  71.36
2012-03-14  70.5  70.72  70.06  70.37  252600  70.37
2012-03-13  70.04  70.61  69.57  70.57  611900  70.57
2012-03-12  69.93  70.22  69.32  69.64  258900  69.64
2012-03-09  70.11  70.39  69.77  70.1  340300  70.1
2012-03-08  69.7  70.06  69.24  69.99  364300  69.99
2012-03-07  69.37  69.37  68.91  69.08  412600  69.08
2012-03-06  69.48  69.71  68.37  69.0  705400  69.0
2012-03-05  70.05  70.26  69.64  70.11  454700  70.11
2012-03-02  70.25  70.77  69.85  70.4  527200  70.4
2012-03-01  70.69  71.14  69.84  70.15  594400  70.15
2012-02-29  70.12  71.18  70.0  70.28  735900  70.28
2012-02-28  71.23  71.44  70.72  71.26  413200  71.26
2012-02-27  70.3  71.18  69.93  71.01  351100  71.01
2012-02-24  70.78  71.08  70.23  70.88  587900  70.88
2012-02-23  70.32  70.78  69.95  70.68  464700  70.68
2012-02-22  69.84  70.56  69.64  70.22  561600  70.22
2012-02-21  70.28  70.55  69.45  69.86  406500  69.86
2012-02-17  70.04  70.38  69.69  70.25  581900  70.25
2012-02-16  69.31  70.31  69.24  70.2  533200  70.2
2012-02-15  69.19  69.47  68.87  69.23  553400  69.23
2012-02-14  68.34  68.65  68.03  68.65  508100  68.65
2012-02-13  68.61  69.46  67.87  69.13  537200  69.13
2012-02-10  67.52  68.12  67.36  67.87  907000  67.87
2012-02-09  69.22  70.19  68.03  68.83  1485500  68.83
2012-02-08  69.59  69.83  69.24  69.81  736300  69.81
2012-02-07  69.1  69.85  68.9  69.63  635200  69.63
2012-02-06  68.72  69.51  68.7  69.28  460100  69.28
2012-02-03  68.66  69.27  68.43  69.09  473600  69.09
2012-02-02  67.81  68.2  67.61  67.84  463200  67.84
2012-02-01  67.4  68.2  67.01  67.89  788700  67.89
2012-01-31  66.93  67.12  65.5  66.42  525600  66.42
2012-01-30  65.83  66.76  65.61  66.67  402200  66.67
2012-01-27  66.5  67.01  66.1  66.64  1021800  66.64
2012-01-26  69.4  69.4  66.34  66.6  989700  66.6
2012-01-25  66.51  68.58  66.33  68.54  954400  68.54
2012-01-24  65.34  67.34  65.25  66.89  915900  66.89
2012-01-23  65.15  66.12  64.43  65.91  601700  65.91
2012-01-20  65.03  65.4  64.33  65.34  752000  65.34
2012-01-19  64.81  65.08  64.33  65.04  598500  65.04
2012-01-18  63.46  64.62  63.21  64.52  699700  64.52
2012-01-17  63.63  63.67  63.02  63.4  556600  63.4
2012-01-13  63.5  63.59  62.24  62.65  774800  62.65
2012-01-12  62.81  64.19  62.36  63.68  800900  63.68
2012-01-11  61.92  62.53  61.73  62.48  343500  62.48
2012-01-10  61.08  62.11  61.05  61.91  445900  61.91
2012-01-09  61.02  61.19  60.21  60.38  675600  60.38
2012-01-06  60.5  61.96  60.49  60.86  849200  60.86
2012-01-05  61.27  61.69  60.31  61.62  553300  61.62
2012-01-04  61.76  62.04  61.09  61.33  541200  61.33
2012-01-03  62.44  63.13  61.82  61.96  644300  61.96
2011-12-30  61.12  61.31  60.74  60.98  371400  60.98
2011-12-29  60.41  61.27  60.41  61.06  445300  61.06
2011-12-28  61.53  61.55  60.13  60.31  435500  60.31
2011-12-27  61.34  61.97  61.17  61.52  250000  61.52
2011-12-23  61.59  61.6  61.0  61.37  598300  61.37
2011-12-22  62.2  62.2  61.29  61.3  734200  61.3
2011-12-21  63.54  63.7  61.82  61.94  1240700  61.94
2011-12-20  62.47  64.03  62.41  63.48  564500  63.48
2011-12-19  61.8  62.59  61.18  61.42  866400  61.42
2011-12-16  61.33  62.46  60.9  61.65  1024900  61.65
2011-12-15  61.08  61.13  60.07  60.87  485300  60.87
2011-12-14  61.21  61.26  59.9  60.23  782400  60.23
2011-12-13  62.53  63.47  61.1  61.46  620400  61.46
2011-12-12  63.54  63.61  61.93  62.43  624400  62.43
2011-12-09  63.34  64.88  63.14  64.38  603900  64.38
2011-12-08  63.87  64.13  63.07  63.28  550400  63.28
2011-12-07  63.82  64.76  63.21  64.44  577200  64.44
2011-12-06  64.0  64.66  63.77  63.96  454700  63.96
2011-12-05  64.11  64.52  63.3  63.91  647500  63.91
2011-12-02  63.91  64.13  62.67  62.89  446800  62.89
2011-12-01  63.54  64.12  62.74  63.17  737000  63.17
2011-11-30  61.65  63.4  61.56  63.27  1398200  63.27
2011-11-29  59.5  60.23  59.11  59.61  643900  59.61
2011-11-28  59.02  60.12  58.87  59.32  1007400  59.32
2011-11-25  57.14  58.11  57.11  57.32  317200  57.32
2011-11-23  57.08  57.97  57.04  57.44  857300  57.44
2011-11-22  58.21  59.2  58.01  58.29  586000  58.29
2011-11-21  57.76  58.91  57.3  58.22  967100  58.22
2011-11-18  58.93  59.23  58.1  58.4  1323400  58.4
2011-11-17  60.43  60.84  58.5  58.92  780900  58.92
2011-11-16  61.33  62.41  60.87  60.92  802000  60.92
2011-11-15  61.24  62.23  60.86  61.89  549800  61.89
2011-11-14  61.48  61.93  60.81  61.22  486900  61.22
2011-11-11  61.13  62.05  60.89  61.87  631300  61.87
2011-11-10  61.22  61.28  59.82  60.34  953500  60.34
2011-11-09  61.65  61.86  60.1  60.22  940400  60.22
2011-11-08  62.31  63.08  61.8  62.9  630000  62.9
2011-11-07  62.22  62.22  60.79  61.79  790200  61.79
2011-11-04  62.19  62.34  61.25  61.89  790700  61.89
2011-11-03  62.59  62.87  61.77  62.57  1177800  62.57
2011-11-02  62.24  62.94  61.58  61.91  1144500  61.91
2011-11-01  61.57  63.08  61.32  61.77  1024400  61.77
2011-10-31  65.15  65.81  63.72  63.74  806200  63.74
2011-10-28  66.73  66.73  65.73  65.97  740200  65.97
2011-10-27  65.82  67.39  65.52  67.06  902200  67.06
2011-10-26  66.13  66.25  62.35  63.95  1166600  63.95
2011-10-25  67.69  68.06  64.44  64.64  1172800  64.64
2011-10-24  66.48  68.06  65.92  67.93  679500  67.93
2011-10-21  64.73  66.48  64.24  66.47  935100  66.47
2011-10-20  63.85  64.15  62.54  63.75  507900  63.75
2011-10-19  64.53  64.84  63.38  63.62  642200  63.62
2011-10-18  62.93  65.12  62.09  64.79  537300  64.79
2011-10-17  63.47  64.24  62.41  62.78  526300  62.78
2011-10-14  63.59  63.69  62.74  63.68  626800  63.68
2011-10-13  62.77  63.06  62.07  62.93  427800  62.93
2011-10-12  63.64  63.77  62.9  63.08  1099800  63.08
2011-10-11  63.13  63.79  62.78  63.27  507500  63.27
2011-10-10  60.85  63.26  60.85  63.26  714300  63.26
2011-10-07  60.81  62.06  59.64  60.84  1671100  60.84
2011-10-06  61.84  62.83  60.72  62.61  546100  62.61
2011-10-05  60.83  61.93  59.98  61.7  611500  61.7
2011-10-04  58.26  60.76  57.76  60.65  957700  60.65
2011-10-03  59.66  61.08  58.68  59.12  1064600  59.12
2011-09-30  61.1  62.14  60.13  60.14  1005100  60.14
2011-09-29  62.38  63.29  60.7  61.82  648600  61.82
2011-09-28  63.46  63.79  60.99  61.08  605100  61.08
2011-09-27  62.64  64.89  62.19  63.14  1029000  63.14
2011-09-26  59.15  61.22  58.32  61.19  911400  61.19
2011-09-23  58.21  59.53  57.53  58.8  619900  58.8
2011-09-22  58.94  58.94  57.45  58.39  1118200  58.39
2011-09-21  62.46  62.97  60.45  60.48  608100  60.48
2011-09-20  61.88  63.4  61.21  62.68  802000  62.68
2011-09-19  61.91  62.31  60.79  61.88  845800  61.88
2011-09-16  62.43  63.91  62.07  63.02  1395400  63.02
2011-09-15  61.35  62.08  60.75  62.03  949400  62.03
2011-09-14  58.55  61.43  58.46  60.8  1746700  60.8
2011-09-13  57.5  58.39  56.94  58.26  769200  58.26
2011-09-12  57.02  57.85  56.06  57.2  891900  57.2
2011-09-09  58.62  58.85  57.2  57.6  1493400  57.6
2011-09-08  60.9  61.01  59.04  59.21  903500  59.21
2011-09-07  60.55  61.05  60.29  61.05  755500  61.05
2011-09-06  58.53  60.1  58.16  59.97  814500  59.97
2011-09-02  60.44  61.37  60.16  60.34  699400  60.34
2011-09-01  62.7  63.35  61.54  61.64  715400  61.64
2011-08-31  63.01  64.02  62.34  62.67  849100  62.67
2011-08-30  61.94  63.06  61.6  62.65  729400  62.65
2011-08-29  60.61  62.1  60.47  62.1  542100  62.1
2011-08-26  57.79  60.07  57.22  59.92  840800  59.92
2011-08-25  60.03  60.17  58.14  58.23  1013700  58.23
2011-08-24  58.53  59.95  58.34  59.78  664300  59.78
2011-08-23  57.35  59.36  57.07  58.53  1508300  58.53
2011-08-22  58.41  58.62  56.96  57.16  885800  57.16
2011-08-19  56.95  59.03  56.93  57.24  995600  57.24
2011-08-18  59.63  60.18  57.39  57.83  1592500  57.83
2011-08-17  62.06  63.01  60.79  61.31  1011100  61.31
2011-08-16  61.85  62.98  61.42  62.06  761200  62.06
2011-08-15  61.54  62.72  61.25  62.65  784500  62.65
2011-08-12  60.53  61.82  59.88  61.31  826300  61.31
2011-08-11  56.88  60.92  56.25  60.09  1297800  60.09
2011-08-10  57.27  58.37  56.24  56.29  1917500  56.29
2011-08-09  55.38  58.62  54.71  58.56  1633800  58.56
2011-08-08  57.66  58.71  54.53  54.99  1566900  54.99
2011-08-05  59.97  60.51  57.13  59.16  1289000  59.16
2011-08-04  61.22  62.05  59.1  59.12  1016600  59.12
2011-08-03  62.01  62.54  60.51  62.45  748800  62.45
2011-08-02  64.22  64.59  61.99  62.02  819200  62.02
2011-08-01  65.69  66.02  63.82  64.53  655200  64.53
2011-07-29  64.96  65.84  64.58  65.13  749700  65.13
2011-07-28  66.4  66.61  65.29  65.41  569000  65.41
2011-07-27  67.95  67.99  66.04  66.16  985400  66.16
2011-07-26  69.23  69.54  67.55  68.09  1286800  68.09
2011-07-25  70.85  72.37  70.77  71.54  855000  71.54
2011-07-22  72.4  72.4  71.27  71.37  424500  71.37
2011-07-21  71.08  72.38  70.89  72.33  551300  72.33
2011-07-20  71.31  71.45  70.56  70.65  446600  70.65
2011-07-19  70.76  71.77  70.51  71.62  687400  71.62
2011-07-18  70.72  70.9  69.28  69.9  784900  69.9
2011-07-15  71.17  71.23  70.45  71.07  667400  71.07
2011-07-14  71.78  72.14  70.53  70.87  663400  70.87
2011-07-13  72.14  72.46  71.44  71.63  567200  71.63
2011-07-12  71.74  72.35  71.34  71.54  615100  71.54
2011-07-11  72.5  72.73  71.41  71.57  1008100  71.57
2011-07-08  72.95  73.59  72.43  73.47  763300  73.47
2011-07-07  73.31  73.92  73.0  73.58  812300  73.58
2011-07-06  71.93  73.0  71.8  72.64  692100  72.64
2011-07-05  71.93  72.24  71.57  71.97  718800  71.97
2011-07-01  71.38  72.09  70.92  72.06  679700  72.06
2011-06-30  69.79  71.43  69.19  71.22  1169200  71.22
2011-06-29  69.29  69.73  68.74  69.56  610900  69.56
2011-06-28  67.45  69.13  67.34  68.9  710500  68.9
2011-06-27  66.79  67.7  66.09  67.29  469000  67.29
2011-06-24  66.99  67.11  66.49  66.74  899800  66.74
2011-06-23  66.0  66.87  65.19  66.8  632500  66.8
2011-06-22  67.06  67.6  66.67  66.79  508600  66.79
2011-06-21  66.01  67.27  65.84  67.17  513900  67.17
2011-06-20  64.58  65.85  64.58  65.66  288100  65.66
2011-06-17  65.21  65.4  64.56  64.61  733500  64.61
2011-06-16  64.93  64.94  63.65  64.28  571400  64.28
2011-06-15  65.7  66.1  64.67  64.81  525100  64.81
2011-06-14  65.67  66.5  65.67  66.2  447100  66.2
2011-06-13  65.08  65.58  64.65  65.08  548700  65.08
2011-06-10  66.16  66.48  65.16  65.16  586400  65.16
2011-06-09  65.33  66.83  64.95  66.5  643200  66.5
2011-06-08  65.29  65.44  64.69  64.96  512500  64.96
2011-06-07  65.27  66.07  64.99  65.41  748600  65.41
2011-06-06  65.43  65.9  64.82  64.88  397200  64.88
2011-06-03  66.03  66.11  65.37  65.43  588100  65.43
2011-06-02  67.02  67.41  66.39  66.89  523400  66.89
2011-06-01  67.99  68.39  66.65  66.67  558100  66.67
2011-05-31  68.43  68.73  67.75  68.23  823000  68.23
2011-05-27  67.35  68.1  67.33  67.71  438700  67.71
2011-05-26  66.48  67.47  66.21  67.24  533600  67.24
2011-05-25  66.08  66.9  65.77  66.67  506100  66.67
2011-05-24  66.12  66.76  65.49  66.03  362400  66.03
2011-05-23  66.67  66.68  65.39  66.08  630100  66.08
2011-05-20  67.64  67.94  66.58  67.48  567400  67.48
2011-05-19  67.94  68.17  67.39  67.67  434900  67.67
2011-05-18  66.35  67.75  65.95  67.69  459900  67.69
2011-05-17  66.61  66.82  65.56  66.29  456500  66.29
2011-05-16  66.65  67.55  66.21  66.65  463900  66.65
2011-05-13  67.83  67.97  66.6  66.68  472800  66.68
2011-05-12  67.32  68.02  66.83  67.89  557000  67.89
2011-05-11  68.17  68.22  67.18  67.41  885700  67.41
2011-05-10  67.0  68.33  66.89  68.32  687300  68.32
2011-05-09  66.69  67.03  66.15  66.94  383200  66.94
2011-05-06  66.99  67.48  66.07  66.53  417200  66.53
2011-05-05  66.67  67.27  65.84  65.97  701600  65.97
2011-05-04  67.22  67.58  66.43  66.94  684700  66.94
2011-05-03  68.33  68.42  66.67  67.3  619700  67.3
2011-05-02  68.57  69.05  68.15  68.28  505100  68.28
2011-04-29  68.03  68.67  68.0  68.33  859000  68.33
2011-04-28  68.37  68.37  67.49  68.07  744300  68.07
2011-04-27  68.41  68.71  67.31  68.27  823600  68.27
2011-04-26  67.73  70.07  67.46  68.15  1400000  68.15
2011-04-25  64.78  65.37  64.76  65.12  431800  65.12
2011-04-21  64.47  65.04  64.47  64.82  452500  64.82
2011-04-20  64.02  64.83  64.02  64.61  505400  64.61
2011-04-19  62.81  63.3  62.63  63.29  310600  63.29
2011-04-18  62.5  62.99  62.22  62.67  623700  62.67
2011-04-15  61.98  63.38  61.75  63.16  884400  63.16
2011-04-14  61.1  61.97  61.03  61.59  333900  61.59
2011-04-13  62.39  62.42  60.77  61.59  477000  61.59
2011-04-12  61.74  62.3  61.44  61.81  512600  61.81
2011-04-11  62.79  63.05  62.21  62.31  305600  62.31
2011-04-08  63.17  63.23  62.29  62.75  311200  62.75
2011-04-07  63.21  63.64  62.4  62.77  371800  62.77
2011-04-06  64.12  64.14  62.84  63.29  529200  63.29
2011-04-05  62.61  63.98  62.53  63.66  723500  63.66
2011-04-04  62.03  62.93  61.89  62.81  622700  62.81
2011-04-01  61.98  62.29  61.65  61.9  559500  61.9
2011-03-31  61.87  62.31  61.55  61.61  698800  61.61
2011-03-30  62.3  62.43  61.26  61.85  471100  61.85
2011-03-29  61.01  61.96  60.6  61.91  446700  61.91
2011-03-28  61.7  61.92  61.01  61.08  434800  61.08
2011-03-25  61.5  62.23  61.32  61.4  526300  61.4
2011-03-24  61.71  61.71  60.68  61.3  610900  61.3
2011-03-23  61.32  61.48  60.16  61.29  505100  61.29
2011-03-22  61.42  61.47  60.95  61.39  738100  61.39
2011-03-21  60.86  61.45  60.19  61.44  1006500  61.44
2011-03-18  60.06  60.62  59.69  60.02  1208300  60.02
2011-03-17  59.67  60.2  59.08  59.35  753500  59.35
2011-03-16  59.29  59.29  58.08  58.75  1039600  58.75
2011-03-15  58.42  59.9  56.99  59.55  886100  59.55
2011-03-14  60.04  60.54  59.5  60.26  508800  60.26
2011-03-11  59.63  60.66  59.52  60.38  358100  60.38
2011-03-10  60.18  60.56  59.67  59.88  727400  59.88
2011-03-09  61.1  61.49  60.19  61.06  456000  61.06
2011-03-08  60.55  61.83  60.15  61.4  525600  61.4
2011-03-07  62.63  62.91  60.38  60.65  811000  60.65
2011-03-04  62.45  62.68  61.52  62.29  544000  62.29
2011-03-03  61.46  62.74  61.46  62.52  765500  62.52
2011-03-02  60.18  61.32  60.1  61.0  590000  61.0
2011-03-01  61.91  62.21  60.3  60.31  711000  60.31
2011-02-28  61.02  61.85  61.02  61.85  536800  61.85
2011-02-25  60.32  61.22  60.13  60.88  379300  60.88
2011-02-24  60.23  60.49  59.65  60.09  706900  60.09
2011-02-23  60.41  60.76  59.44  60.12  740800  60.12
2011-02-22  61.04  61.58  60.35  60.4  922800  60.4
2011-02-18  61.37  61.78  61.03  61.62  877500  61.62
2011-02-17  60.82  61.63  60.69  61.49  651300  61.49
2011-02-16  60.63  61.13  60.46  60.77  675900  60.77
2011-02-15  60.07  60.67  59.91  60.67  492200  60.67
2011-02-14  60.33  60.61  59.81  60.32  618500  60.32
2011-02-11  60.05  60.47  59.8  60.24  762100  60.24
2011-02-10  59.43  60.74  59.43  60.25  1365400  60.25
2011-02-09  62.47  62.61  58.82  59.43  2777700  59.43
2011-02-08  62.07  63.21  61.82  63.17  727700  63.17
2011-02-07  61.35  62.4  61.24  62.08  669600  62.08
2011-02-04  61.73  62.14  61.06  61.33  634900  61.33
2011-02-03  61.94  62.35  61.26  61.91  821800  61.91
2011-02-02  62.82  63.31  62.06  62.14  519800  62.14
2011-02-01  61.77  63.23  61.59  63.07  675200  63.07
2011-01-31  60.53  61.98  60.53  61.44  726400  61.44
2011-01-28  61.78  61.95  60.03  60.24  553700  60.24
2011-01-27  61.97  62.23  61.42  61.61  401000  61.61
2011-01-26  61.64  62.32  61.4  62.11  479500  62.11
2011-01-25  61.1  61.61  60.79  61.61  747200  61.61
2011-01-24  61.35  61.75  60.89  61.35  546000  61.35
2011-01-21  61.52  61.94  60.91  61.1  740000  61.1
2011-01-20  61.81  62.03  61.12  61.37  843300  61.37
2011-01-19  62.47  62.67  61.31  61.75  705100  61.75
2011-01-18  62.07  62.98  62.07  62.7  521500  62.7
2011-01-14  61.73  62.18  61.39  62.18  865700  62.18
2011-01-13  62.63  62.8  61.64  61.92  965500  61.92
2011-01-12  61.58  62.8  61.03  62.55  727200  62.55
2011-01-11  62.55  62.73  62.05  62.38  554700  62.38
2011-01-10  62.27  62.49  61.7  62.34  403600  62.34
2011-01-07  63.37  63.69  62.28  62.58  441100  62.58
2011-01-06  63.79  63.8  63.0  63.23  373600  63.23
2011-01-05  63.86  64.0  63.45  63.68  766400  63.68
2011-01-04  65.1  65.2  63.77  64.26  554000  64.26
2011-01-03  64.78  65.57  64.78  64.97  637900  64.97
2010-12-31  64.53  64.53  64.11  64.25  236300  64.25
2010-12-30  65.13  65.13  64.27  64.48  345600  64.48
2010-12-29  64.68  64.97  64.52  64.9  340700  64.9
2010-12-28  64.55  64.81  64.13  64.68  465100  64.68
2010-12-27  64.59  64.71  64.07  64.47  402100  64.47
2010-12-23  65.08  65.26  64.52  64.61  279400  64.61
2010-12-22  64.98  65.3  64.78  65.06  274100  65.06
2010-12-21  65.14  65.41  64.69  64.83  476400  64.83
2010-12-20  64.78  64.89  64.06  64.75  499500  64.75
2010-12-17  64.54  64.69  63.79  64.43  1129900  64.43
2010-12-16  63.89  64.81  63.62  64.71  407500  64.71
2010-12-15  64.02  64.48  63.75  64.08  549300  64.08
2010-12-14  64.42  64.64  64.12  64.27  541600  64.27
2010-12-13  64.0  64.4  63.85  64.14  710000  64.14
2010-12-10  63.71  64.07  63.48  63.94  346500  63.94
2010-12-09  63.4  63.62  62.79  63.42  417200  63.42
2010-12-08  63.17  63.57  62.41  62.88  343100  62.88
2010-12-07  63.57  63.69  62.9  62.99  454000  62.99
2010-12-06  63.13  63.13  62.45  62.86  349800  62.86
2010-12-03  63.03  63.35  62.86  63.25  589300  63.25
2010-12-02  62.89  63.3  62.5  63.11  761900  63.11
2010-12-01  62.01  62.99  61.94  62.62  636700  62.62
2010-11-30  60.73  61.46  60.47  61.03  672600  61.03
2010-11-29  61.61  61.75  60.08  61.57  536700  61.57
2010-11-26  61.59  62.1  61.26  61.92  207600  61.92
2010-11-24  61.45  62.83  61.41  62.1  639600  62.1
2010-11-23  61.34  61.38  60.15  60.84  692300  60.84
2010-11-22  61.55  62.31  60.99  62.18  456000  62.18
2010-11-19  61.19  62.13  60.8  62.13  678400  62.13
2010-11-18  60.91  62.13  60.88  61.24  563200  61.24
2010-11-17  60.09  60.74  59.73  60.27  612000  60.27
2010-11-16  60.87  61.11  59.71  60.06  836600  60.06
2010-11-15  61.99  62.36  60.96  61.2  726900  61.2
2010-11-12  62.81  62.81  61.48  61.81  440300  61.81
2010-11-11  62.0  63.21  61.9  63.17  470300  63.17
2010-11-10  62.26  62.63  61.53  62.6  522600  62.6
2010-11-09  63.27  63.47  61.85  62.16  682800  62.16
2010-11-08  62.57  63.19  62.57  63.19  537200  63.19
2010-11-05  63.56  63.57  62.63  62.92  557400  62.92
2010-11-04  62.53  63.55  62.3  63.55  1079600  63.55
2010-11-03  62.07  62.2  61.0  61.94  532300  61.94
2010-11-02  61.8  62.71  61.8  62.04  639300  62.04
2010-11-01  61.63  62.18  60.93  61.34  668200  61.34
2010-10-29  60.37  61.3  59.83  61.14  860400  61.14
2010-10-28  60.59  60.65  59.68  60.24  463700  60.24
2010-10-27  58.86  60.41  58.71  60.14  963200  60.14
2010-10-26  60.38  61.08  60.01  60.79  523200  60.79
2010-10-25  60.57  61.34  60.4  60.79  792000  60.79
2010-10-22  60.29  60.29  59.05  59.98  457000  59.98
2010-10-21  60.18  60.62  58.81  60.03  1410800  60.03
2010-10-20  57.76  59.46  57.49  59.13  962100  59.13
2010-10-19  57.79  58.33  57.19  57.47  770800  57.47
2010-10-18  58.18  58.39  57.82  58.21  458900  58.21
2010-10-15  58.72  58.95  57.66  58.35  867500  58.35
2010-10-14  59.02  59.22  57.92  58.37  557300  58.37
2010-10-13  58.38  59.39  58.25  58.96  642800  58.96
2010-10-12  58.1  58.31  57.23  58.22  702600  58.22
2010-10-11  58.32  58.68  58.0  58.17  494900  58.17
2010-10-08  58.38  58.66  58.21  58.4  946400  58.4
2010-10-07  59.26  59.26  58.23  58.38  838000  58.38
2010-10-06  59.52  59.7  58.82  58.95  548100  58.95
2010-10-05  58.05  60.02  58.05  59.58  1316900  59.58
2010-10-04  57.89  58.02  56.75  57.41  1027500  57.41
2010-10-01  58.74  58.88  58.18  58.47  412900  58.47
2010-09-30  58.84  59.22  57.56  58.14  545400  58.14
2010-09-29  58.49  58.59  57.8  58.46  677300  58.46
2010-09-28  58.35  58.83  57.32  58.74  520000  58.74
2010-09-27  58.7  58.7  57.91  58.08  395900  58.08
2010-09-24  57.77  58.61  57.52  58.42  774300  58.42
2010-09-23  56.97  57.63  56.74  56.94  419800  56.94
2010-09-22  57.47  57.96  57.23  57.54  577500  57.54
2010-09-21  57.23  57.62  57.0  57.28  645900  57.28
2010-09-20  56.84  57.48  56.54  57.41  553900  57.41
2010-09-17  56.92  57.09  56.43  56.7  971100  56.7
2010-09-16  55.63  56.64  55.3  56.64  629000  56.64
2010-09-15  55.4  56.3  55.13  56.23  441600  56.23
2010-09-14  55.47  55.92  55.13  55.7  471700  55.7
2010-09-13  55.07  55.93  54.94  55.8  466400  55.8
2010-09-10  54.8  54.92  54.12  54.86  457100  54.86
2010-09-09  55.47  55.47  54.37  54.63  639200  54.63
2010-09-08  53.97  54.87  53.93  54.65  1052200  54.65
2010-09-07  53.65  54.29  53.47  53.81  690600  53.81
2010-09-03  53.63  53.88  53.16  53.52  536200  53.52
2010-09-02  52.95  53.19  52.61  53.12  299800  53.12
2010-09-01  51.95  52.99  51.61  52.89  611400  52.89
2010-08-31  50.8  51.46  50.45  51.2  925400  51.2
2010-08-30  51.01  51.29  50.78  50.78  558300  50.78
2010-08-27  50.36  51.36  49.82  51.35  538900  51.35
2010-08-26  50.63  51.0  49.94  50.02  453400  50.02
2010-08-25  50.13  50.51  49.38  50.37  520600  50.37
2010-08-24  50.86  50.88  50.24  50.31  610500  50.31
2010-08-23  51.76  52.3  51.19  51.21  488600  51.21
2010-08-20  51.42  51.62  50.93  51.57  647200  51.57
2010-08-19  52.58  52.79  51.21  51.57  666800  51.57
2010-08-18  53.05  53.14  52.32  52.79  492800  52.79
2010-08-17  52.41  53.71  52.26  53.25  562500  53.25
2010-08-16  51.16  52.26  51.12  51.86  384400  51.86
2010-08-13  51.54  51.89  51.22  51.69  542500  51.69
2010-08-12  50.94  52.32  50.94  51.8  733200  51.8
2010-08-11  52.76  52.84  51.36  51.76  803400  51.76
2010-08-10  54.01  54.06  53.07  53.61  892400  53.61
2010-08-09  54.47  54.58  54.11  54.46  475600  54.46
2010-08-06  54.52  54.93  53.58  54.33  573300  54.33
2010-08-05  54.76  55.04  54.43  54.82  341500  54.82
2010-08-04  55.1  55.44  54.87  55.03  663200  55.03
2010-08-03  55.22  55.5  54.55  55.04  489400  55.04
2010-08-02  54.34  55.42  54.13  55.37  786700  55.37
2010-07-30  53.51  54.25  53.16  53.86  973100  53.86
2010-07-29  55.16  55.68  53.57  54.01  890700  54.01
2010-07-28  54.77  55.27  54.56  54.75  772800  54.75
2010-07-27  55.16  55.46  54.67  54.83  846000  54.83
2010-07-26  54.0  54.83  54.0  54.78  703200  54.78
2010-07-23  52.11  54.04  52.11  53.98  1200500  53.98
2010-07-22  51.46  53.71  50.94  52.21  1320100  52.21
2010-07-21  52.02  52.32  50.74  51.29  707700  51.29
2010-07-20  50.72  51.97  50.61  51.96  690500  51.96
2010-07-19  51.13  51.54  50.83  51.31  444000  51.31
2010-07-16  52.28  52.28  50.94  51.04  1081300  51.04
2010-07-15  51.93  52.42  51.49  52.31  771100  52.31
2010-07-14  52.11  52.22  51.71  51.97  833400  51.97
2010-07-13  51.16  52.35  51.16  52.23  758500  52.23
2010-07-12  50.82  51.28  50.5  50.74  825100  50.74
2010-07-09  50.62  51.24  50.3  51.13  624400  51.13
2010-07-08  50.09  50.59  49.78  50.44  1121400  50.44
2010-07-07  47.93  49.87  47.84  49.83  1082300  49.83
2010-07-06  47.8  48.52  47.46  47.92  795100  47.92
2010-07-02  47.68  47.84  46.85  47.33  803000  47.33
2010-07-01  47.64  48.09  46.96  47.52  1121200  47.52
2010-06-30  48.26  48.95  47.74  47.84  782500  47.84
2010-06-29  49.53  49.56  48.11  48.45  581700  48.45
2010-06-28  49.99  50.02  49.09  49.6  571900  49.6
2010-06-25  49.72  50.21  49.25  49.71  1239600  49.71
2010-06-24  50.63  51.01  49.41  49.6  738800  49.6
2010-06-23  50.9  51.42  50.34  51.03  523800  51.03
2010-06-22  51.33  52.12  50.86  50.93  776800  50.93
2010-06-21  51.58  52.25  50.81  51.12  729900  51.12
2010-06-18  51.25  51.5  50.86  51.08  841800  51.08
2010-06-17  51.27  51.31  50.47  51.25  672500  51.25
2010-06-16  50.87  51.52  50.87  51.28  391900  51.28
2010-06-15  50.97  51.57  50.71  51.55  651800  51.55
2010-06-14  50.8  51.25  50.42  50.48  603800  50.48
2010-06-11  49.72  50.61  49.65  50.56  688900  50.56
2010-06-10  49.29  50.26  48.93  50.25  669000  50.25
2010-06-09  49.13  49.66  48.38  48.49  598200  48.49
2010-06-08  47.7  48.68  47.54  48.65  797800  48.65
2010-06-07  48.66  48.89  47.71  47.75  773800  47.75
2010-06-04  49.54  50.12  48.57  48.66  986500  48.66
2010-06-03  51.25  51.25  50.23  50.89  799700  50.89
2010-06-02  49.51  51.0  49.25  50.99  1141800  50.99
2010-06-01  50.93  51.42  49.61  49.61  937900  49.61
2010-05-28  51.38  51.62  50.48  51.19  997300  51.19
2010-05-27  50.38  51.66  50.09  51.66  870200  51.66
2010-05-26  49.71  50.76  49.33  49.65  937300  49.65
2010-05-25  48.55  49.68  48.16  49.57  981900  49.57
2010-05-24  50.16  50.57  49.77  49.83  934200  49.83
2010-05-21  48.61  50.61  48.17  50.6  1743400  50.6
2010-05-20  49.78  50.43  49.14  49.35  1603300  49.35
2010-05-19  51.11  51.66  49.83  50.94  926300  50.94
2010-05-18  52.74  53.26  51.13  51.36  1056000  51.36
2010-05-17  51.97  52.56  51.21  52.24  1207800  52.24
2010-05-14  53.14  53.33  51.16  51.9  1596300  51.9
2010-05-13  54.49  54.64  53.68  53.74  668300  53.74
2010-05-12  54.17  55.03  54.04  54.86  861000  54.86
2010-05-11  54.1  54.87  53.94  54.09  941300  54.09
2010-05-10  55.18  55.44  54.02  54.79  1300100  54.79
2010-05-07  53.08  53.89  51.97  52.08  1843500  52.08
2010-05-06  55.1  55.31  51.09  53.18  1305100  53.18
2010-05-05  55.68  56.17  55.09  55.28  1010100  55.28
2010-05-04  57.05  57.05  55.27  55.76  848400  55.76
2010-05-03  56.75  57.71  56.59  57.69  593800  57.69
2010-04-30  57.42  58.38  56.69  56.75  1255200  56.75
2010-04-29  55.9  57.42  55.84  57.21  801200  57.21
2010-04-28  55.79  56.18  55.14  56.07  711600  56.07
2010-04-27  56.56  57.13  55.55  55.62  731400  55.62
2010-04-26  56.58  57.19  56.58  56.79  423400  56.79
2010-04-23  56.28  56.87  56.1  56.86  957700  56.86
2010-04-22  54.48  56.57  54.17  56.46  1147700  56.46
2010-04-21  53.87  54.47  53.59  54.46  849800  54.46
2010-04-20  54.03  54.15  53.71  54.02  468100  54.02
2010-04-19  52.99  53.69  52.89  53.63  512200  53.63
2010-04-16  53.85  54.11  53.09  53.18  913600  53.18
2010-04-15  53.66  54.11  53.56  54.05  461600  54.05
2010-04-14  53.95  54.01  53.44  53.93  968900  53.93
2010-04-13  52.73  53.3  52.43  53.19  827200  53.19
2010-04-12  53.07  53.1  52.46  52.73  703500  52.73
2010-04-09  52.15  53.11  52.15  53.09  412400  53.09
2010-04-08  52.38  52.57  51.99  52.49  481600  52.49
2010-04-07  52.48  52.81  52.27  52.48  801500  52.48
2010-04-06  52.09  52.61  51.99  52.52  531100  52.52
2010-04-05  52.22  52.6  51.87  52.55  500400  52.55
2010-04-01  51.86  52.24  51.38  52.24  653700  52.24
2010-03-31  51.4  51.92  51.3  51.36  735700  51.36
2010-03-30  51.47  51.99  51.33  51.67  559300  51.67
2010-03-29  51.05  51.8  50.73  51.45  598400  51.45
2010-03-26  50.9  51.38  50.67  50.89  729700  50.89
2010-03-25  51.72  51.86  50.88  50.95  674400  50.95
2010-03-24  51.43  51.68  51.25  51.48  828000  51.48
2010-03-23  52.01  52.05  51.49  51.74  1471700  51.74
2010-03-22  52.15  52.23  51.66  52.01  1252200  52.01
2010-03-19  52.28  52.95  51.98  52.36  1154600  52.36
2010-03-18  52.37  52.82  52.26  52.51  552800  52.51
2010-03-17  52.1  52.58  52.02  52.54  610600  52.54
2010-03-16  51.49  52.21  51.49  52.2  720300  52.2
2010-03-15  51.35  51.68  50.88  51.61  782400  51.61
2010-03-12  50.81  51.48  50.52  51.38  794400  51.38
2010-03-11  50.55  50.82  50.29  50.82  585200  50.82
2010-03-10  50.23  50.83  50.08  50.7  819800  50.7
2010-03-09  50.2  50.65  50.16  50.35  902300  50.35
2010-03-08  50.58  50.96  50.32  50.53  784300  50.53
2010-03-05  49.57  50.75  49.57  50.68  1194600  50.68
2010-03-04  49.4  49.65  49.16  49.49  1015400  49.49
2010-03-03  48.76  49.86  48.56  49.36  1848400  49.36
2010-03-02  47.04  48.48  47.04  48.42  1775900  48.42
2010-03-01  45.88  47.19  45.74  47.18  1546600  47.18
2010-02-26  45.39  45.71  45.09  45.64  1247300  45.64
2010-02-25  44.88  45.39  44.51  45.33  1412600  45.33
2010-02-24  45.48  45.78  45.15  45.4  941600  45.4
2010-02-23  45.98  46.1  45.05  45.15  1063700  45.15
2010-02-22  46.21  46.34  45.88  45.99  723500  45.99
2010-02-19  46.17  46.54  45.98  46.21  1078900  46.21
2010-02-18  46.36  46.6  46.1  46.43  901400  46.43
2010-02-17  46.36  46.83  45.85  46.26  926500  46.26
2010-02-16  46.44  46.58  46.13  46.37  951300  46.37
2010-02-12  46.25  46.68  45.74  46.17  1406500  46.17
2010-02-11  46.6  47.13  46.18  46.72  1407400  46.72
2010-02-10  47.5  47.62  45.79  46.01  1389900  46.01
2010-02-09  45.96  46.31  45.17  46.02  942400  46.02
2010-02-08  45.15  45.42  44.56  44.63  787800  44.63
2010-02-05  45.31  45.87  44.41  45.27  1147800  45.27
2010-02-04  45.93  46.06  45.21  45.22  754600  45.22
2010-02-03  46.69  47.17  46.05  46.42  795300  46.42
2010-02-02  46.54  47.32  46.21  47.06  771900  47.06
2010-02-01  45.95  46.47  45.42  46.47  625100  46.47
2010-01-29  46.05  46.71  45.63  45.64  696400  45.64
2010-01-28  46.81  46.81  45.72  45.89  751800  45.89
2010-01-27  46.59  46.73  45.79  46.58  842200  46.58
2010-01-26  47.28  47.62  46.33  46.34  1299800  46.34
2010-01-25  47.95  48.15  47.55  47.63  991800  47.63
2010-01-22  48.35  48.49  47.54  47.61  1914700  47.61
2010-01-21  48.96  49.23  48.37  48.42  1570300  48.42
2010-01-20  49.36  49.36  48.45  49.1  1136300  49.1
2010-01-19  49.49  50.21  49.29  49.91  623700  49.91
2010-01-15  48.7  49.8  48.7  49.49  1036400  49.49
2010-01-14  49.33  49.7  49.33  49.6  600100  49.6
2010-01-13  48.93  49.8  48.62  49.66  547600  49.66
2010-01-12  48.84  49.03  48.16  48.68  492800  48.68
2010-01-11  48.67  49.23  48.17  49.23  495000  49.23
2010-01-08  48.27  48.77  48.2  48.64  453400  48.64
2010-01-07  48.17  48.28  47.77  48.26  312800  48.26
2010-01-06  48.21  48.39  47.83  48.27  588000  48.27
2010-01-05  48.99  49.08  47.83  48.37  459300  48.37
2010-01-04  49.48  49.78  48.7  49.14  473100  49.14
