Date  Open  High  Low  Close  Volume  Adj Close
2014-02-28  111.25  112.61  110.83  112.17  452600  112.17
2014-02-27  109.56  111.3  109.44  111.09  385400  111.09
2014-02-26  108.85  110.54  108.84  109.68  432700  109.68
2014-02-25  109.04  109.61  108.27  108.52  293900  108.52
2014-02-24  109.07  109.97  108.5  109.27  400000  109.27
2014-02-21  109.29  109.45  108.62  108.77  236800  108.77
2014-02-20  108.36  109.26  107.82  108.99  268000  108.99
2014-02-19  108.81  109.67  107.89  107.99  269600  107.99
2014-02-18  108.99  109.45  108.46  108.97  295700  108.97
2014-02-14  108.25  109.46  108.03  109.13  306100  109.13
2014-02-13  107.6  109.08  107.27  108.99  290800  108.99
2014-02-12  109.06  109.45  108.44  108.57  425000  108.57
2014-02-11  107.02  109.29  106.62  108.71  640000  108.71
2014-02-10  107.09  107.75  105.88  107.26  650000  107.26
2014-02-07  105.76  108.35  104.89  108.22  656000  108.22
2014-02-06  99.69  104.81  99.69  104.7  784500  104.7
2014-02-05  97.37  98.2  96.36  97.16  437400  97.16
2014-02-04  97.1  98.25  95.85  97.68  453700  97.68
2014-02-03  99.27  100.15  96.54  96.84  668400  96.84
2014-01-31  98.82  100.96  98.74  99.74  401900  99.74
2014-01-30  100.49  100.97  99.73  100.32  297100  100.32
2014-01-29  98.9  100.24  98.76  99.66  392100  99.66
2014-01-28  99.19  100.01  98.2  99.92  370200  99.92
2014-01-27  99.9  99.93  98.08  99.02  462700  99.02
2014-01-24  102.31  102.75  99.59  99.6  546300  99.6
2014-01-23  104.59  104.9  103.11  103.39  349300  103.39
2014-01-22  105.65  105.84  104.95  105.06  286700  105.06
2014-01-21  107.68  107.97  105.36  105.56  301900  105.56
2014-01-17  107.57  107.96  106.88  107.23  209200  107.23
2014-01-16  107.07  108.08  107.07  107.46  190900  107.46
2014-01-15  107.55  107.86  107.21  107.54  152100  107.54
2014-01-14  105.88  107.49  105.66  107.47  163800  107.47
2014-01-13  106.56  107.36  105.24  105.56  206400  105.56
2014-01-10  107.71  107.86  106.69  107.09  230100  107.09
2014-01-09  107.65  108.05  106.67  107.06  260400  107.06
2014-01-08  107.39  107.74  106.56  107.32  188500  107.32
2014-01-07  107.75  107.92  106.98  107.44  164300  107.44
2014-01-06  108.62  109.12  106.83  107.19  151300  107.19
2014-01-03  108.29  108.85  108.03  108.32  155200  108.32
2014-01-02  108.84  109.23  107.7  108.11  252500  108.11
2013-12-31  108.68  109.3  108.22  109.08  257500  109.08
2013-12-30  107.8  108.4  107.56  108.3  117000  108.3
2013-12-27  108.47  108.47  107.64  107.83  98300  107.83
2013-12-26  108.16  108.8  107.95  108.44  102100  108.44
2013-12-24  107.61  108.09  107.61  108.06  73000  108.06
2013-12-23  107.02  107.69  106.47  107.49  187000  107.49
2013-12-20  106.18  107.5  105.93  106.46  294200  106.46
2013-12-19  106.5  106.55  105.87  106.11  346800  106.11
2013-12-18  104.93  107.07  104.11  106.99  248900  106.99
2013-12-17  104.19  104.91  103.3  104.56  293600  104.56
2013-12-16  104.0  104.8  102.97  104.26  204200  104.26
2013-12-13  103.07  103.8  102.46  103.37  253200  103.37
2013-12-12  103.1  103.28  102.47  102.77  306100  102.77
2013-12-11  105.08  105.39  102.84  103.02  271200  103.02
2013-12-10  105.42  106.15  104.9  105.16  167900  105.16
2013-12-09  105.59  106.38  105.45  105.78  199300  105.78
2013-12-06  104.61  105.79  104.43  105.53  214300  105.53
2013-12-05  103.75  104.73  103.49  103.61  291400  103.61
2013-12-04  104.2  105.17  102.99  104.1  172900  104.1
2013-12-03  104.43  105.06  104.27  104.97  157300  104.97
2013-12-02  105.43  105.43  104.27  104.84  387500  104.84
2013-11-29  105.69  106.22  104.86  105.72  64600  105.72
2013-11-27  105.88  106.48  104.97  105.61  136800  105.61
2013-11-26  105.89  106.42  105.67  105.92  135400  105.92
2013-11-25  106.02  106.32  105.41  105.99  145600  105.99
2013-11-22  105.42  105.85  104.83  105.81  143100  105.81
2013-11-21  104.33  105.73  104.28  105.5  111400  105.5
2013-11-20  104.58  105.28  103.8  104.19  132800  104.19
2013-11-19  105.35  105.58  104.07  104.44  273200  104.44
2013-11-18  106.61  106.66  105.13  105.31  297000  105.31
2013-11-15  106.1  106.56  105.58  106.16  183100  106.16
2013-11-14  105.48  106.57  105.22  106.12  216700  106.12
2013-11-13  103.14  105.14  103.14  105.11  418900  105.11
2013-11-12  104.11  104.27  103.4  103.49  253700  103.49
2013-11-11  104.23  104.72  103.99  104.15  112500  104.15
2013-11-08  102.72  104.16  102.28  104.1  142700  104.1
2013-11-07  104.16  104.78  102.62  102.99  239300  102.99
2013-11-06  104.42  104.89  103.56  104.13  143100  104.13
2013-11-05  103.47  104.44  103.08  104.05  173500  104.05
2013-11-04  103.64  104.2  103.12  104.12  189200  104.12
2013-11-01  103.77  103.89  102.29  102.95  281600  102.95
2013-10-31  100.65  103.38  100.11  103.21  482500  103.21
2013-10-30  102.02  102.02  100.39  100.51  177900  100.51
2013-10-29  101.07  101.75  100.84  101.75  233700  101.75
2013-10-28  101.06  101.46  100.53  100.9  275300  100.9
2013-10-25  100.65  101.36  100.55  101.25  280100  101.25
2013-10-24  100.63  100.96  100.21  100.56  337700  100.56
2013-10-23  100.69  101.15  99.89  100.47  395900  100.47
2013-10-22  101.77  101.91  100.92  101.06  291600  101.06
2013-10-21  101.16  101.4  100.82  101.22  207700  101.22
2013-10-18  99.54  101.04  99.19  100.76  710900  100.76
2013-10-17  99.18  99.93  98.23  99.57  1025500  99.57
2013-10-16  97.58  97.75  96.5  97.65  450600  97.65
2013-10-15  98.2  98.81  96.81  97.44  174300  97.44
2013-10-14  97.81  98.45  97.42  98.25  168500  98.25
2013-10-11  97.38  98.46  97.02  98.12  160100  98.12
2013-10-10  96.12  97.79  96.01  97.79  222500  97.79
2013-10-09  94.97  95.67  93.75  95.03  299200  95.03
2013-10-08  96.14  96.66  94.75  94.84  237200  94.84
2013-10-07  98.04  98.51  96.27  96.41  404600  96.41
2013-10-04  98.3  99.31  98.29  98.77  139600  98.77
2013-10-03  99.08  99.52  97.51  98.3  184100  98.3
2013-10-02  99.29  99.77  98.19  99.57  153100  99.57
2013-10-01  99.16  100.08  98.89  99.92  299300  99.92
2013-09-30  97.83  99.03  97.83  98.68  146200  98.68
2013-09-27  98.6  99.51  98.26  98.9  127700  98.9
2013-09-26  98.84  99.33  98.54  99.33  155800  99.33
2013-09-25  99.56  99.89  98.56  98.76  170300  98.76
2013-09-24  98.87  100.19  98.87  99.59  268800  99.59
2013-09-23  99.81  100.17  98.45  99.26  242100  99.26
2013-09-20  100.17  100.59  99.68  100.01  618900  100.01
2013-09-19  99.32  100.83  98.83  100.15  409200  100.15
2013-09-18  98.75  99.55  98.39  99.18  345400  99.18
2013-09-17  98.66  99.09  98.3  98.92  129300  98.92
2013-09-16  99.18  100.13  98.64  98.77  181300  98.77
2013-09-13  97.97  98.73  96.97  98.7  188500  98.7
2013-09-12  98.08  98.51  97.46  97.67  96300  97.67
2013-09-11  97.19  98.86  97.19  98.14  184200  98.14
2013-09-10  96.81  98.29  96.69  97.2  159700  97.2
2013-09-09  95.22  96.61  95.22  96.16  180400  96.16
2013-09-06  95.68  96.1  94.33  95.1  145100  95.1
2013-09-05  93.99  95.74  93.99  95.29  281700  95.29
2013-09-04  92.66  94.24  92.66  94.07  183500  94.07
2013-09-03  94.61  94.84  92.58  92.68  337000  92.68
2013-08-30  94.19  94.55  92.68  92.83  182200  92.83
2013-08-29  93.02  94.44  93.02  94.03  145300  94.03
2013-08-28  93.37  93.71  92.88  93.39  372500  93.39
2013-08-27  93.53  93.94  93.08  93.4  243900  93.4
2013-08-26  94.93  95.41  94.15  94.4  160500  94.4
2013-08-23  95.25  95.62  94.38  94.88  198900  94.88
2013-08-22  94.56  95.98  94.44  95.05  316100  95.05
2013-08-21  94.98  95.46  94.04  94.33  203200  94.33
2013-08-20  94.85  95.96  94.34  95.07  210100  95.07
2013-08-19  97.16  97.44  94.75  94.81  279300  94.81
2013-08-16  94.73  97.36  94.19  97.2  411400  97.2
2013-08-15  95.55  96.08  94.49  95.04  261200  95.04
2013-08-14  97.22  97.4  96.31  96.54  210400  96.54
2013-08-13  96.62  97.84  96.44  97.34  252600  97.34
2013-08-12  94.83  97.03  94.83  96.51  279300  96.51
2013-08-09  94.53  95.43  94.27  95.3  153700  95.3
2013-08-08  94.61  95.04  94.23  94.84  189500  94.84
2013-08-07  94.18  94.58  93.77  94.35  256600  94.35
2013-08-06  94.42  94.86  93.83  94.37  341400  94.37
2013-08-05  94.3  94.93  92.76  94.8  218500  94.8
2013-08-02  94.46  94.78  94.02  94.64  199100  94.64
2013-08-01  94.42  95.01  94.27  94.79  428200  94.79
2013-07-31  93.94  94.52  93.5  93.7  334300  93.7
2013-07-30  93.85  94.21  93.14  93.72  284900  93.72
2013-07-29  92.84  93.85  92.63  93.42  361900  93.42
2013-07-26  93.12  93.48  92.44  92.95  176200  92.95
2013-07-25  93.36  93.88  92.56  93.52  204900  93.52
2013-07-24  94.18  94.3  93.47  93.81  305200  93.81
2013-07-23  94.44  94.56  93.57  93.86  304100  93.86
2013-07-22  94.45  95.33  94.19  94.31  303700  94.31
2013-07-19  93.86  94.61  93.47  94.28  666100  94.28
2013-07-18  92.37  94.54  92.37  93.85  600400  93.85
2013-07-17  92.7  92.7  91.25  91.98  297900  91.98
2013-07-16  93.74  93.91  92.07  92.16  197900  92.16
2013-07-15  92.36  94.34  92.17  93.54  251200  93.54
2013-07-12  92.32  92.41  91.85  92.13  188200  92.13
2013-07-11  91.87  92.93  91.75  92.28  300800  92.28
2013-07-10  91.06  91.16  90.07  90.61  253300  90.61
2013-07-09  91.33  91.71  90.63  91.23  137300  91.23
2013-07-08  91.24  91.48  90.43  90.46  197600  90.46
2013-07-05  90.44  91.08  90.07  90.95  194900  90.95
2013-07-03  88.98  89.9  88.61  89.52  137700  89.52
2013-07-02  89.86  90.48  89.11  89.4  247400  89.4
2013-07-01  88.74  90.49  88.74  90.06  233800  90.06
2013-06-28  88.47  89.0  87.89  88.3  381000  88.3
2013-06-27  88.52  88.97  88.04  88.82  220100  88.82
2013-06-26  87.57  88.34  87.4  87.82  184200  87.82
2013-06-25  85.94  87.07  85.83  86.73  228200  86.73
2013-06-24  85.75  86.14  84.97  85.22  418200  85.22
2013-06-21  88.57  88.69  85.68  87.0  516400  87.0
2013-06-20  89.06  89.53  87.69  87.93  365000  87.93
2013-06-19  91.02  91.5  90.07  90.07  222700  90.07
2013-06-18  90.96  91.36  90.63  91.09  234800  91.09
2013-06-17  90.61  91.21  90.24  90.76  242700  90.76
2013-06-14  89.72  90.16  89.45  89.95  319800  89.95
2013-06-13  88.12  90.07  87.71  89.78  207500  89.78
2013-06-12  89.79  90.07  87.62  88.08  301200  88.08
2013-06-11  89.68  90.44  88.95  89.21  249400  89.21
2013-06-10  90.92  91.12  90.44  90.66  212100  90.66
2013-06-07  90.23  90.93  89.93  90.71  277900  90.71
2013-06-06  89.15  90.01  88.49  89.63  254900  89.63
2013-06-05  90.23  90.52  89.15  89.27  224000  89.27
2013-06-04  90.58  91.38  89.86  90.5  270800  90.5
2013-06-03  90.16  90.7  89.0  90.63  217400  90.63
2013-05-31  89.87  91.63  89.82  89.98  233100  89.98
2013-05-30  89.83  90.97  89.4  90.36  188300  90.36
2013-05-29  89.59  90.29  89.31  89.66  263200  89.66
2013-05-28  90.31  91.22  89.76  90.31  282600  90.31
2013-05-24  88.82  89.39  87.95  89.14  356400  89.14
2013-05-23  88.74  89.53  88.57  89.25  367200  89.25
2013-05-22  91.26  92.13  89.25  89.66  291900  89.66
2013-05-21  90.55  91.18  90.05  91.16  281000  91.16
2013-05-20  90.29  91.03  90.29  90.64  392600  90.64
2013-05-17  89.73  90.89  89.62  90.56  444700  90.56
2013-05-16  91.02  91.76  89.42  89.74  440600  89.74
2013-05-15  89.83  91.52  89.59  91.42  394600  91.42
2013-05-14  87.55  90.15  87.55  90.01  259100  90.01
2013-05-13  87.7  88.11  87.26  87.67  170300  87.67
2013-05-10  87.69  88.3  87.35  87.89  161400  87.89
2013-05-09  87.75  88.5  87.38  87.59  155300  87.59
2013-05-08  87.15  87.96  87.15  87.84  162100  87.84
2013-05-07  85.94  87.22  85.94  87.19  160900  87.19
2013-05-06  85.96  86.4  85.66  85.88  229500  85.88
2013-05-03  84.85  86.51  84.85  85.84  210700  85.84
2013-05-02  83.05  84.49  83.05  84.24  251100  84.24
2013-05-01  84.81  85.36  82.96  83.0  495400  83.0
2013-04-30  83.65  84.85  83.31  84.81  231900  84.81
2013-04-29  83.58  84.28  82.98  83.76  264900  83.76
2013-04-26  83.82  83.84  83.04  83.14  290800  83.14
2013-04-25  83.23  84.49  82.73  83.71  306000  83.71
2013-04-24  81.1  83.27  81.05  83.02  377400  83.02
2013-04-23  81.04  81.34  80.18  81.0  362600  81.0
2013-04-22  79.85  81.12  79.6  80.64  213100  80.64
2013-04-19  79.9  79.95  78.59  79.86  466900  79.86
2013-04-18  81.36  81.36  79.34  79.57  359100  79.57
2013-04-17  80.68  81.37  79.98  81.18  406800  81.18
2013-04-16  81.0  82.15  80.72  81.31  418400  81.31
2013-04-15  83.06  83.58  80.34  80.34  326200  80.34
2013-04-12  83.52  84.04  82.83  83.5  176200  83.5
2013-04-11  83.28  84.12  82.8  83.87  300100  83.87
2013-04-10  81.87  83.35  81.54  83.31  404500  83.31
2013-04-09  81.42  81.91  80.82  81.76  165000  81.76
2013-04-08  80.31  81.2  80.1  81.15  137800  81.15
2013-04-05  79.74  80.39  79.15  80.28  245200  80.28
2013-04-04  79.92  80.72  79.19  80.7  228600  80.7
2013-04-03  80.48  80.93  79.51  79.75  280100  79.75
2013-04-02  80.94  81.2  80.15  80.44  234300  80.44
2013-04-01  81.38  81.75  79.94  80.55  237500  80.55
2013-03-28  80.37  81.5  80.03  81.36  204700  81.36
2013-03-27  80.51  81.0  79.84  80.37  305400  80.37
2013-03-26  80.8  81.23  80.22  81.22  185600  81.22
2013-03-25  80.4  80.84  80.08  80.47  542800  80.47
2013-03-22  80.14  80.49  79.83  80.27  161100  80.27
2013-03-21  80.13  80.67  79.75  79.93  220300  79.93
2013-03-20  80.68  81.27  80.14  80.51  106400  80.51
2013-03-19  80.22  80.66  79.51  80.08  235600  80.08
2013-03-18  79.45  80.5  79.07  79.87  288500  79.87
2013-03-15  79.75  80.61  79.23  79.92  547400  79.92
2013-03-14  79.94  80.38  79.69  80.04  178200  80.04
2013-03-13  80.56  80.56  79.07  79.49  354100  79.49
2013-03-12  81.04  81.04  80.02  80.43  233800  80.43
2013-03-11  80.27  81.05  80.26  81.0  229800  81.0
2013-03-08  80.33  80.74  79.93  80.64  212900  80.64
2013-03-07  80.47  80.49  79.31  79.87  219500  79.87
2013-03-06  79.76  80.72  79.5  80.51  500200  80.51
2013-03-05  78.71  79.44  78.54  79.3  329600  79.3
2013-03-04  77.99  78.42  76.32  78.36  408300  78.36
2013-03-01  78.43  78.69  77.72  78.37  313700  78.37
2013-02-28  78.14  79.47  78.14  78.97  437200  78.97
2013-02-27  76.44  78.49  76.44  78.15  217100  78.15
2013-02-26  75.81  76.66  75.43  76.52  216000  76.52
2013-02-25  77.64  77.7  75.38  75.44  430200  75.44
2013-02-22  76.45  77.2  76.3  77.15  282700  77.15
2013-02-21  77.03  77.2  76.04  76.29  426100  76.29
2013-02-20  78.15  78.32  77.25  77.28  286600  77.28
2013-02-19  77.97  78.3  77.81  78.3  387700  78.3
2013-02-15  77.65  77.97  77.09  77.76  271500  77.76
2013-02-14  77.22  78.84  76.82  77.51  477100  77.51
2013-02-13  77.3  77.53  76.3  77.38  594500  77.38
2013-02-12  76.65  77.69  76.43  77.13  268400  77.13
2013-02-11  77.36  77.7  76.58  76.74  483300  76.74
2013-02-08  75.51  77.58  75.41  77.48  613900  77.48
2013-02-07  79.56  80.96  74.99  75.62  777200  75.62
2013-02-06  78.69  79.38  78.5  79.28  275400  79.28
2013-02-05  79.33  79.73  78.59  79.1  367200  79.1
2013-02-04  79.99  79.99  78.95  79.18  300500  79.18
2013-02-01  80.1  80.8  79.66  80.35  274100  80.35
2013-01-31  79.72  79.93  79.05  79.32  261400  79.32
2013-01-30  80.74  80.74  79.87  79.91  211800  79.91
2013-01-29  79.13  80.83  78.85  80.78  232700  80.78
2013-01-28  79.94  79.98  78.84  79.19  182200  79.19
2013-01-25  79.88  80.23  79.09  80.0  173000  80.0
2013-01-24  79.65  80.36  79.34  79.88  202600  79.88
2013-01-23  79.29  79.55  78.68  79.51  160100  79.51
2013-01-22  79.15  79.6  78.79  79.6  162100  79.6
2013-01-18  79.43  79.66  79.06  79.34  200100  79.34
2013-01-17  78.97  79.6  78.94  79.19  275700  79.19
2013-01-16  78.35  78.78  78.08  78.64  104500  78.64
2013-01-15  77.74  78.72  77.74  78.66  161200  78.66
2013-01-14  77.64  78.25  77.64  78.04  181600  78.04
2013-01-11  77.77  78.14  77.64  77.93  157800  77.93
2013-01-10  78.44  78.6  77.55  77.83  177100  77.83
2013-01-09  77.59  78.62  77.42  77.99  242700  77.99
2013-01-08  77.81  77.98  76.96  77.53  342600  77.53
2013-01-07  78.1  78.35  77.96  77.98  285000  77.98
2013-01-04  79.28  79.38  77.75  78.29  395000  78.29
2013-01-03  79.2  79.51  78.54  78.89  407400  78.89
2013-01-02  79.02  80.13  78.2  79.16  458500  79.16
2012-12-31  75.37  77.62  75.3  77.33  270500  77.33
2012-12-28  75.99  76.69  75.63  75.71  129300  75.71
2012-12-27  76.22  76.64  75.59  76.5  149700  76.5
2012-12-26  77.2  77.2  76.14  76.32  120900  76.32
2012-12-24  76.9  77.38  76.41  76.96  90400  76.96
2012-12-21  76.93  77.49  76.48  76.58  566400  76.58
2012-12-20  77.33  77.47  76.82  77.47  291200  77.47
2012-12-19  78.46  78.46  77.18  77.21  276000  77.21
2012-12-18  77.54  78.13  77.05  78.11  187700  78.11
2012-12-17  76.55  77.52  76.38  77.45  164600  77.45
2012-12-14  77.37  77.44  76.14  76.25  246600  76.25
2012-12-13  78.2  78.44  77.16  77.34  131300  77.34
2012-12-12  78.04  78.43  77.56  78.32  328100  78.32
2012-12-11  78.36  78.36  77.08  77.64  306700  77.64
2012-12-10  76.44  78.13  76.06  78.04  310200  78.04
2012-12-07  76.96  77.25  76.12  76.42  259600  76.42
2012-12-06  76.63  77.49  76.16  76.88  190300  76.88
2012-12-05  77.1  77.1  75.43  76.69  290600  76.69
2012-12-04  77.2  77.78  76.58  77.0  147300  77.0
2012-12-03  78.32  78.59  77.12  77.28  144600  77.28
2012-11-30  78.46  78.51  77.32  77.77  277600  77.77
2012-11-29  77.25  78.38  77.13  78.35  226400  78.35
2012-11-28  75.75  76.96  75.39  76.91  341800  76.91
2012-11-27  76.47  76.94  76.0  76.06  128000  76.06
2012-11-26  75.97  76.75  75.66  76.57  233100  76.57
2012-11-23  76.23  76.36  75.59  76.19  123100  76.19
2012-11-21  76.17  76.77  75.6  76.07  233500  76.07
2012-11-20  75.2  76.15  74.81  76.12  469800  76.12
2012-11-19  73.96  75.21  73.92  75.19  350400  75.19
2012-11-16  72.54  73.32  72.44  73.19  296300  73.19
2012-11-15  72.83  73.46  72.44  72.59  487900  72.59
2012-11-14  74.94  75.08  72.51  72.51  714700  72.51
2012-11-13  74.77  75.62  74.43  74.51  392400  74.51
2012-11-12  75.37  75.81  74.99  75.18  222000  75.18
2012-11-09  74.84  75.7  74.54  75.16  164200  75.16
2012-11-08  75.38  75.89  75.04  75.04  212800  75.04
2012-11-07  77.05  77.29  74.98  75.48  250800  75.48
2012-11-06  77.29  78.35  76.77  77.78  244800  77.78
2012-11-05  76.33  77.52  76.33  77.34  137800  77.34
2012-11-02  77.51  77.51  76.5  76.7  301800  76.7
2012-11-01  74.79  77.47  74.79  77.11  325700  77.11
2012-10-31  74.55  75.57  74.55  75.32  324100  75.32
2012-10-26  74.45  74.78  74.02  74.52  180500  74.52
2012-10-25  74.66  75.0  74.13  74.38  286600  74.38
2012-10-24  73.94  74.3  73.41  74.04  358600  74.04
2012-10-23  72.36  73.66  71.87  73.49  243900  73.49
2012-10-22  73.76  73.92  72.82  73.29  356900  73.29
2012-10-19  74.39  74.4  73.2  73.88  519100  73.88
2012-10-18  73.78  76.24  73.51  74.97  1121500  74.97
2012-10-17  71.42  72.36  70.96  72.32  330000  72.32
2012-10-16  71.08  71.79  70.88  71.72  215700  71.72
2012-10-15  69.6  70.84  69.25  70.77  198000  70.77
2012-10-12  70.13  70.13  69.28  69.43  295500  69.43
2012-10-11  70.21  70.45  69.74  69.97  243400  69.97
2012-10-10  69.48  69.84  69.12  69.73  224700  69.73
2012-10-09  70.9  70.99  69.65  69.67  142900  69.67
2012-10-08  70.5  71.22  70.41  70.91  252500  70.91
2012-10-05  70.61  71.29  70.48  70.88  102300  70.88
2012-10-04  70.04  70.71  69.89  70.51  113400  70.51
2012-10-03  70.29  70.33  69.34  69.77  236700  69.77
2012-10-02  69.93  70.45  69.49  69.98  184000  69.98
2012-10-01  70.21  70.83  69.43  69.64  242800  69.64
2012-09-28  69.11  70.12  68.55  70.0  285800  70.0
2012-09-27  68.83  69.4  68.39  69.37  213600  69.37
2012-09-26  69.38  69.57  68.45  68.53  232500  68.53
2012-09-25  69.79  70.16  69.24  69.38  314000  69.38
2012-09-24  69.63  70.26  69.23  69.65  298500  69.65
2012-09-21  70.88  71.08  70.03  70.11  391800  70.11
2012-09-20  70.66  70.89  70.16  70.42  227500  70.42
2012-09-19  71.1  71.29  70.5  71.01  268200  71.01
2012-09-18  70.36  71.05  70.27  71.05  239900  71.05
2012-09-17  71.26  71.26  70.15  70.61  162400  70.61
2012-09-14  70.84  71.73  70.76  71.52  259400  71.52
2012-09-13  70.49  70.93  69.8  70.74  204800  70.74
2012-09-12  70.72  71.27  70.17  70.54  181000  70.54
2012-09-11  70.61  70.96  70.21  70.33  223600  70.33
2012-09-10  71.24  71.78  70.6  70.63  133500  70.63
2012-09-07  71.27  72.33  70.92  71.32  369700  71.32
2012-09-06  68.42  71.08  68.36  71.08  561900  71.08
2012-09-05  68.33  68.42  67.61  68.14  274800  68.14
2012-09-04  67.62  68.32  66.54  68.2  566900  68.2
2012-08-31  68.12  68.17  67.15  67.61  239000  67.61
2012-08-30  67.13  67.97  66.75  67.58  315500  67.58
2012-08-29  67.84  68.06  67.34  67.73  162900  67.73
2012-08-28  67.65  67.99  67.44  67.65  208100  67.65
2012-08-27  68.39  68.41  67.71  67.76  208100  67.76
2012-08-24  67.83  68.74  67.46  68.14  180800  68.14
2012-08-23  68.37  68.74  67.89  67.95  179800  67.95
2012-08-22  68.14  68.84  67.75  68.55  288900  68.55
2012-08-21  68.18  68.71  67.87  68.2  357000  68.2
2012-08-20  68.26  68.55  67.54  68.09  168800  68.09
2012-08-17  68.03  68.58  67.98  68.48  304800  68.48
2012-08-16  66.32  68.17  66.24  68.04  293100  68.04
2012-08-15  66.12  66.35  65.67  66.02  361300  66.02
2012-08-14  66.7  66.79  66.15  66.42  396700  66.42
2012-08-13  66.47  66.87  65.79  66.5  155800  66.5
2012-08-10  65.64  66.72  64.98  66.52  257000  66.52
2012-08-09  65.67  66.43  65.59  66.14  338000  66.14
2012-08-08  65.32  66.39  65.32  66.32  184300  66.32
2012-08-07  65.68  66.56  65.5  66.05  372100  66.05
2012-08-06  65.37  65.97  65.27  65.37  268100  65.37
2012-08-03  64.89  65.6  64.77  65.37  321300  65.37
2012-08-02  64.11  64.43  62.75  63.87  501000  63.87
2012-08-01  65.9  66.19  64.2  64.39  639900  64.39
2012-07-31  66.61  67.16  65.62  65.69  439900  65.69
2012-07-30  67.95  68.1  66.69  66.81  426300  66.81
2012-07-27  66.23  68.66  66.1  68.03  344500  68.03
2012-07-26  66.1  67.82  66.1  67.04  1022800  67.04
2012-07-25  64.91  65.66  64.57  65.58  630700  65.58
2012-07-24  65.29  65.31  64.12  64.83  376400  64.83
2012-07-23  64.34  65.32  64.02  65.12  457400  65.12
2012-07-20  64.13  65.76  63.72  65.56  838000  65.56
2012-07-19  60.13  65.53  59.17  65.16  1501500  65.16
2012-07-18  57.72  59.71  57.46  59.45  790600  59.45
2012-07-17  58.72  59.03  57.95  58.05  408200  58.05
2012-07-16  59.04  59.04  58.18  58.54  207800  58.54
2012-07-13  58.22  59.42  58.22  59.32  174100  59.32
2012-07-12  57.58  58.46  57.03  58.11  240000  58.11
2012-07-11  59.04  59.04  57.83  58.24  191600  58.24
2012-07-10  60.46  60.86  58.46  58.84  188000  58.84
2012-07-09  59.7  59.95  59.14  59.87  164800  59.87
2012-07-06  59.85  59.92  59.29  59.76  127900  59.76
2012-07-05  60.42  60.75  60.26  60.59  348900  60.59
2012-07-03  59.93  60.7  59.87  60.6  296200  60.6
2012-07-02  60.43  60.51  59.33  60.02  353000  60.02
2012-06-29  58.8  60.38  58.63  60.33  511500  60.33
2012-06-28  57.77  57.8  56.86  57.61  813500  57.61
2012-06-27  58.14  58.63  57.93  58.14  540700  58.14
2012-06-26  58.88  59.0  57.78  58.15  756400  58.15
2012-06-25  59.92  59.92  58.39  58.42  437100  58.42
2012-06-22  60.34  60.64  60.09  60.18  366400  60.18
2012-06-21  61.59  61.73  59.73  60.04  319200  60.04
2012-06-20  62.23  62.49  60.8  61.4  308200  61.4
2012-06-19  62.0  62.45  61.91  62.26  223500  62.26
2012-06-18  61.16  61.96  60.85  61.67  214400  61.67
2012-06-15  60.66  61.38  60.49  61.24  318600  61.24
2012-06-14  60.27  60.87  59.99  60.48  250000  60.48
2012-06-13  60.72  61.15  59.88  60.25  309500  60.25
2012-06-12  59.84  61.13  59.6  61.09  344700  61.09
2012-06-11  61.32  61.6  59.36  59.45  195400  59.45
2012-06-08  59.51  60.72  59.17  60.72  326800  60.72
2012-06-07  59.11  60.57  59.08  59.81  477500  59.81
2012-06-06  57.42  58.89  57.2  58.85  310500  58.85
2012-06-05  55.52  56.91  55.3  56.76  458200  56.76
2012-06-04  56.58  56.81  55.12  55.85  447400  55.85
2012-06-01  58.94  58.94  56.74  56.76  740000  56.76
2012-05-31  58.28  59.03  57.69  58.64  1948300  58.64
2012-05-30  58.49  58.8  58.29  58.39  458000  58.39
2012-05-29  58.92  59.72  58.67  59.09  263800  59.09
2012-05-25  58.78  58.97  58.11  58.26  224200  58.26
2012-05-24  58.97  59.12  57.84  58.75  247100  58.75
2012-05-23  57.78  58.9  57.03  58.81  311000  58.81
2012-05-22  57.92  58.38  57.58  58.17  273000  58.17
2012-05-21  56.72  57.87  56.45  57.7  300100  57.7
2012-05-18  56.62  57.28  56.12  56.31  384000  56.31
2012-05-17  57.92  58.32  56.4  56.42  451800  56.42
2012-05-16  58.47  58.98  57.9  57.98  316700  57.98
2012-05-15  58.06  58.53  57.8  58.13  285000  58.13
2012-05-14  58.41  58.72  57.72  58.24  201000  58.24
2012-05-11  58.25  59.38  58.03  59.1  305000  59.1
2012-05-10  59.43  59.69  58.54  58.75  369500  58.75
2012-05-09  59.21  59.55  58.32  58.99  314400  58.99
2012-05-08  59.85  60.01  58.61  59.69  348700  59.69
2012-05-07  59.64  60.42  59.64  60.21  382400  60.21
2012-05-04  60.16  60.2  59.84  60.08  545400  60.08
2012-05-03  60.54  60.83  60.31  60.51  453200  60.51
2012-05-02  60.08  60.55  59.73  60.53  413000  60.53
2012-05-01  60.18  61.34  59.73  60.35  273600  60.35
2012-04-30  61.15  61.19  59.87  60.27  235000  60.27
2012-04-27  60.71  61.45  60.1  61.24  370700  61.24
2012-04-26  59.79  60.56  59.79  60.29  539200  60.29
2012-04-25  60.2  60.51  59.87  59.98  461100  59.98
2012-04-24  58.59  60.04  58.55  59.64  337600  59.64
2012-04-23  58.39  58.87  57.55  58.45  354600  58.45
2012-04-20  59.41  59.73  59.01  59.41  484400  59.41
2012-04-19  57.6  59.67  57.12  59.32  1120200  59.32
2012-04-18  58.01  58.01  57.36  57.48  500600  57.48
2012-04-17  57.93  58.72  57.77  58.42  360800  58.42
2012-04-16  57.46  57.88  56.87  57.38  295600  57.38
2012-04-13  57.3  57.49  56.71  57.11  220800  57.11
2012-04-12  56.65  57.91  56.61  57.58  245000  57.58
2012-04-11  56.38  56.77  56.16  56.58  260600  56.58
2012-04-10  56.98  57.06  55.37  55.55  221500  55.55
2012-04-09  56.45  57.17  55.9  57.04  303100  57.04
2012-04-05  57.84  58.22  57.3  57.54  340400  57.54
2012-04-04  57.81  58.12  57.53  58.09  272800  58.09
2012-04-03  58.82  59.13  57.99  58.42  374700  58.42
2012-04-02  58.58  59.48  58.21  59.08  373900  59.08
2012-03-30  59.27  59.57  58.6  58.75  284700  58.75
2012-03-29  58.48  58.99  58.01  58.85  245400  58.85
2012-03-28  59.64  59.71  58.14  58.76  202800  58.76
2012-03-27  59.66  59.79  59.42  59.52  289700  59.52
2012-03-26  59.04  59.61  58.93  59.55  290800  59.55
2012-03-23  58.13  58.58  57.54  58.38  222700  58.38
2012-03-22  57.73  58.15  57.42  58.05  433400  58.05
2012-03-21  58.28  58.55  57.65  58.29  309400  58.29
2012-03-20  58.38  58.75  57.72  58.24  228800  58.24
2012-03-19  59.29  59.5  58.36  58.78  392900  58.78
2012-03-16  59.97  60.11  59.25  59.27  424700  59.27
2012-03-15  59.12  59.94  58.82  59.92  293000  59.92
2012-03-14  58.99  59.44  58.76  59.06  183600  59.06
2012-03-13  58.61  59.07  58.43  59.07  393900  59.07
2012-03-12  58.42  58.57  57.92  58.22  163600  58.22
2012-03-09  58.2  58.58  57.67  58.25  228700  58.25
2012-03-08  57.34  58.44  56.99  58.02  343600  58.02
2012-03-07  56.53  57.07  56.44  56.92  204100  56.92
2012-03-06  57.28  57.42  56.31  56.4  303100  56.4
2012-03-05  58.0  58.22  57.69  58.11  326000  58.11
2012-03-02  58.88  58.88  57.75  58.14  347600  58.14
2012-03-01  58.73  59.77  58.73  58.97  356700  58.97
2012-02-29  59.23  59.81  58.79  58.91  266200  58.91
2012-02-28  58.98  59.43  58.59  59.07  273800  59.07
2012-02-27  58.19  59.14  57.82  58.85  242000  58.85
2012-02-24  59.31  59.31  58.48  58.52  296300  58.52
2012-02-23  58.88  59.38  58.6  59.08  239800  59.08
2012-02-22  59.27  59.46  58.76  58.84  272200  58.84
2012-02-21  59.71  59.84  58.99  59.32  249900  59.32
2012-02-17  59.77  59.99  59.36  59.57  279900  59.57
2012-02-16  58.14  59.43  58.05  59.41  317800  59.41
2012-02-15  59.58  59.63  57.78  57.96  486400  57.96
2012-02-14  59.3  59.54  58.89  59.5  324000  59.5
2012-02-13  58.83  59.82  58.64  59.59  465300  59.59
2012-02-10  57.5  58.46  57.29  58.44  492300  58.44
2012-02-09  57.57  58.48  57.36  58.2  409900  58.2
2012-02-08  57.43  57.68  56.99  57.5  251800  57.5
2012-02-07  57.04  57.67  57.04  57.35  540400  57.35
2012-02-06  56.87  57.5  56.78  57.31  670500  57.31
2012-02-03  56.54  57.47  55.71  57.11  413100  57.11
2012-02-02  56.05  56.21  54.17  55.77  584300  55.77
2012-02-01  54.53  55.31  54.35  54.68  529100  54.68
2012-01-31  54.3  54.42  53.67  54.16  507000  54.16
2012-01-30  53.81  53.86  53.0  53.86  474200  53.86
2012-01-27  53.59  54.53  53.35  54.4  487500  54.4
2012-01-26  54.05  54.05  53.12  53.84  523300  53.84
2012-01-25  52.52  53.91  52.29  53.84  392600  53.84
2012-01-24  51.91  52.76  51.78  52.65  312600  52.65
2012-01-23  52.19  52.69  51.99  52.2  330800  52.2
2012-01-20  51.98  52.3  51.7  52.14  347400  52.14
2012-01-19  51.82  52.27  51.4  52.03  651600  52.03
2012-01-18  50.81  51.63  50.31  51.47  484200  51.47
2012-01-17  51.4  51.67  50.63  50.9  313000  50.9
2012-01-13  51.31  51.43  50.64  50.82  240700  50.82
2012-01-12  51.58  51.94  50.68  51.77  425600  51.77
2012-01-11  50.98  51.61  50.94  51.3  244300  51.3
2012-01-10  51.03  51.29  50.72  51.16  269900  51.16
2012-01-09  50.01  50.31  49.8  50.21  240200  50.21
2012-01-06  49.73  50.11  49.25  49.84  311600  49.84
2012-01-05  48.63  49.75  48.09  49.64  472400  49.64
2012-01-04  49.04  49.25  48.81  48.99  531800  48.99
2012-01-03  49.59  49.72  49.05  49.11  440800  49.11
2011-12-30  49.04  49.05  48.39  48.51  198500  48.51
2011-12-29  48.62  48.97  48.53  48.92  406200  48.92
2011-12-28  49.39  49.65  48.34  48.45  269600  48.45
2011-12-27  49.46  49.76  49.29  49.4  297800  49.4
2011-12-23  49.89  50.01  49.45  49.74  392500  49.74
2011-12-22  49.79  50.83  49.74  49.9  380700  49.9
2011-12-21  49.07  49.83  48.24  49.72  598600  49.72
2011-12-20  47.85  49.34  47.78  49.04  332300  49.04
2011-12-19  47.71  48.17  46.86  46.98  341700  46.98
2011-12-16  47.43  48.25  47.2  47.52  480300  47.52
2011-12-15  47.18  47.76  46.83  46.99  451100  46.99
2011-12-14  47.89  47.92  46.95  47.0  503400  47.0
2011-12-13  49.11  49.4  47.93  48.17  612000  48.17
2011-12-12  48.74  48.74  48.03  48.66  325300  48.66
2011-12-09  48.37  49.41  48.2  49.27  335600  49.27
2011-12-08  49.23  49.42  48.0  48.12  326400  48.12
2011-12-07  49.4  49.76  48.82  49.59  356200  49.59
2011-12-06  49.88  50.02  49.4  49.82  247500  49.82
2011-12-05  50.24  50.34  49.45  49.74  325900  49.74
2011-12-02  50.08  50.45  49.31  49.43  393100  49.43
2011-12-01  48.92  49.76  48.89  49.4  410300  49.4
2011-11-30  48.87  49.22  48.74  49.16  839700  49.16
2011-11-29  47.54  47.81  47.02  47.49  503500  47.49
2011-11-28  47.46  47.62  46.8  47.24  604400  47.24
2011-11-25  46.23  46.72  45.92  46.05  164800  46.05
2011-11-23  47.29  47.41  46.24  46.4  532500  46.4
2011-11-22  48.36  48.46  47.68  47.85  426100  47.85
2011-11-21  49.08  49.34  47.9  48.43  541800  48.43
2011-11-18  50.68  50.81  49.51  49.98  626800  49.98
2011-11-17  51.98  51.98  50.21  50.55  533500  50.55
2011-11-16  52.54  53.22  51.99  52.1  312900  52.1
2011-11-15  52.92  53.51  52.65  53.13  464000  53.13
2011-11-14  52.74  53.54  52.59  53.24  420600  53.24
2011-11-11  52.42  53.43  52.29  52.73  267600  52.73
2011-11-10  51.91  52.06  51.23  51.57  216300  51.57
2011-11-09  51.92  52.39  50.72  51.19  390700  51.19
2011-11-08  52.62  53.55  51.89  53.4  317300  53.4
2011-11-07  52.55  52.61  51.47  52.34  257400  52.34
2011-11-04  52.19  52.5  51.38  52.35  271500  52.35
2011-11-03  50.97  52.94  50.76  52.62  559200  52.62
2011-11-02  50.14  50.64  49.54  50.35  274900  50.35
2011-11-01  48.72  50.14  48.37  49.14  392600  49.14
2011-10-31  51.47  51.89  51.05  51.12  446700  51.12
2011-10-28  52.35  52.7  51.79  52.24  249000  52.24
2011-10-27  51.51  53.01  51.07  52.38  525800  52.38
2011-10-26  49.4  50.13  49.1  49.86  566200  49.86
2011-10-25  49.86  50.25  49.23  49.41  476500  49.41
2011-10-24  49.4  50.75  49.4  50.4  500000  50.4
2011-10-21  48.04  49.47  46.66  49.18  738700  49.18
2011-10-20  47.05  47.29  45.68  47.13  524100  47.13
2011-10-19  46.74  47.77  46.58  47.03  440700  47.03
2011-10-18  45.94  47.27  45.31  46.91  441700  46.91
2011-10-17  46.75  47.03  45.65  45.8  250900  45.8
2011-10-14  46.78  47.11  46.21  46.96  190100  46.96
2011-10-13  45.93  46.25  45.31  46.15  189300  46.15
2011-10-12  45.77  46.84  45.68  46.38  207700  46.38
2011-10-11  44.96  45.72  44.86  45.52  256400  45.52
2011-10-10  44.27  45.3  44.13  45.3  293500  45.3
2011-10-07  44.37  44.37  42.99  43.38  324700  43.38
2011-10-06  42.82  44.17  42.52  44.0  410800  44.0
2011-10-05  42.08  43.21  42.0  42.82  565100  42.82
2011-10-04  39.9  42.13  39.76  42.08  664200  42.08
2011-10-03  41.8  42.42  40.39  40.43  889100  40.43
2011-09-30  43.0  43.26  42.19  42.29  628000  42.29
2011-09-29  44.98  45.34  42.69  43.79  561700  43.79
2011-09-28  45.18  45.42  43.69  43.89  487500  43.89
2011-09-27  44.54  45.99  44.4  45.07  448200  45.07
2011-09-26  42.84  43.59  42.02  43.56  611700  43.56
2011-09-23  42.37  43.43  42.24  42.87  909400  42.87
2011-09-22  43.81  43.94  42.34  42.64  694300  42.64
2011-09-21  47.37  47.44  45.11  45.14  311700  45.14
2011-09-20  48.57  48.97  47.47  47.55  252400  47.55
2011-09-19  48.37  48.7  47.81  48.34  366200  48.34
2011-09-16  49.7  50.04  48.85  49.34  411500  49.34
2011-09-15  48.96  49.47  48.33  49.29  342400  49.29
2011-09-14  47.42  49.1  46.39  48.37  435600  48.37
2011-09-13  46.59  47.39  46.38  47.1  676500  47.1
2011-09-12  46.03  46.7  45.08  46.39  529700  46.39
2011-09-09  47.9  48.83  46.78  46.82  957400  46.82
2011-09-08  48.72  49.6  48.46  48.59  478100  48.59
2011-09-07  48.35  49.3  48.1  49.2  240800  49.2
2011-09-06  46.27  47.48  46.05  47.37  237400  47.37
2011-09-02  48.55  49.03  47.75  47.96  418100  47.96
2011-09-01  50.31  50.9  49.72  49.91  597700  49.91
2011-08-31  49.8  50.64  49.76  50.4  672800  50.4
2011-08-30  48.95  49.74  48.61  49.39  393300  49.39
2011-08-29  47.75  49.29  47.75  49.26  343300  49.26
2011-08-26  45.49  47.28  44.76  47.22  364400  47.22
2011-08-25  47.61  47.97  45.74  45.87  402000  45.87
2011-08-24  46.0  47.27  45.53  47.19  368000  47.19
2011-08-23  44.17  46.18  43.89  46.18  361700  46.18
2011-08-22  44.7  44.74  43.42  44.05  390300  44.05
2011-08-19  43.52  45.13  43.44  43.74  471800  43.74
2011-08-18  45.92  45.92  43.84  44.21  627100  44.21
2011-08-17  48.0  48.4  46.87  47.27  255900  47.27
2011-08-16  47.73  48.3  47.18  47.57  219000  47.57
2011-08-15  47.77  48.57  47.61  48.47  391300  48.47
2011-08-12  46.6  47.66  46.24  47.39  392700  47.39
2011-08-11  44.28  47.08  44.17  46.31  852000  46.31
2011-08-10  45.91  46.14  43.89  44.01  1617600  44.01
2011-08-09  45.94  47.03  43.89  46.91  1144500  46.91
2011-08-08  47.8  48.47  44.93  44.97  914600  44.97
2011-08-05  50.44  50.75  48.07  49.28  674300  49.28
2011-08-04  51.22  51.38  49.73  49.82  740900  49.82
2011-08-03  51.48  52.14  50.46  51.95  368800  51.95
2011-08-02  53.25  53.64  51.55  51.56  355000  51.56
2011-08-01  54.35  54.5  52.87  53.73  451200  53.73
2011-07-29  53.41  54.42  53.14  53.81  413300  53.81
2011-07-28  54.34  54.87  53.98  54.01  444300  54.01
2011-07-27  55.78  55.99  54.12  54.31  491400  54.31
2011-07-26  57.0  57.02  55.75  55.84  328400  55.84
2011-07-25  56.89  57.55  56.74  57.14  477600  57.14
2011-07-22  58.59  58.88  57.3  57.37  535700  57.37
2011-07-21  59.0  59.57  58.42  58.59  491200  58.59
2011-07-20  58.87  59.25  58.26  59.02  311800  59.02
2011-07-19  58.53  59.17  58.11  58.64  753600  58.64
2011-07-18  58.01  58.35  57.46  58.11  366600  58.11
2011-07-15  58.51  58.58  57.73  58.31  412600  58.31
2011-07-14  59.13  59.46  58.02  58.21  348200  58.21
2011-07-13  59.37  59.64  58.67  58.84  347000  58.84
2011-07-12  59.23  59.56  58.92  59.06  216600  59.06
2011-07-11  59.38  59.55  58.77  59.37  278900  59.37
2011-07-08  59.75  60.25  59.6  60.19  239000  60.19
2011-07-07  60.5  60.91  60.49  60.65  409700  60.65
2011-07-06  59.65  60.02  59.51  59.8  431000  59.8
2011-07-05  59.99  60.32  59.56  60.06  344300  60.06
2011-07-01  59.14  60.27  58.81  60.22  544400  60.22
2011-06-30  58.51  59.57  58.34  59.13  488700  59.13
2011-06-29  57.91  58.42  57.68  58.29  261400  58.29
2011-06-28  57.24  57.87  57.11  57.84  203500  57.84
2011-06-27  56.9  57.38  56.65  57.06  199100  57.06
2011-06-24  57.17  57.51  56.58  56.84  428200  56.84
2011-06-23  55.92  57.37  55.56  57.11  477400  57.11
2011-06-22  56.45  57.16  56.41  56.73  386800  56.73
2011-06-21  55.23  56.62  55.23  56.56  348100  56.56
2011-06-20  54.22  55.22  54.16  54.98  253600  54.98
2011-06-17  54.49  54.87  54.09  54.39  341100  54.39
2011-06-16  53.2  53.95  52.92  53.67  306200  53.67
2011-06-15  53.32  53.56  52.95  53.15  323200  53.15
2011-06-14  53.09  54.02  53.03  53.92  268200  53.92
2011-06-13  52.42  53.0  52.18  52.42  150900  52.42
2011-06-10  53.56  53.56  52.48  52.56  294600  52.56
2011-06-09  53.64  54.18  53.41  53.91  204000  53.91
2011-06-08  53.48  53.76  53.26  53.47  320500  53.47
2011-06-07  54.04  54.3  53.53  53.67  324700  53.67
2011-06-06  53.81  54.14  53.37  53.77  262600  53.77
2011-06-03  54.07  54.46  53.88  54.01  339500  54.01
2011-06-02  55.29  55.93  54.84  55.03  355600  55.03
2011-06-01  57.0  57.25  55.29  55.32  266600  55.32
2011-05-31  57.38  57.38  56.57  57.09  415900  57.09
2011-05-27  56.62  57.04  55.92  56.83  145800  56.83
2011-05-26  56.14  56.59  55.96  56.37  356600  56.37
2011-05-25  56.13  56.77  55.87  56.46  275700  56.46
2011-05-24  56.36  56.62  55.98  56.45  371200  56.45
2011-05-23  56.53  56.68  55.92  56.27  271400  56.27
2011-05-20  57.73  57.82  56.91  57.38  346200  57.38
2011-05-19  57.39  58.06  57.3  57.82  545400  57.82
2011-05-18  55.73  57.01  55.28  56.95  414400  56.95
2011-05-17  55.81  55.81  54.77  55.5  270900  55.5
2011-05-16  56.0  56.5  55.75  55.94  166800  55.94
2011-05-13  57.15  57.42  56.07  56.31  266000  56.31
2011-05-12  56.76  57.23  56.36  57.12  127000  57.12
2011-05-11  57.3  57.47  56.66  56.9  211500  56.9
2011-05-10  56.97  57.58  56.58  57.36  257100  57.36
2011-05-09  56.38  56.99  56.15  56.83  337900  56.83
2011-05-06  57.28  57.61  56.37  56.47  261800  56.47
2011-05-05  56.62  57.2  56.06  56.48  384000  56.48
2011-05-04  57.42  57.44  56.48  56.93  225000  56.93
2011-05-03  57.61  57.89  56.96  57.4  224000  57.4
2011-05-02  58.56  58.56  57.44  57.84  233000  57.84
2011-04-29  58.42  58.49  57.99  58.14  332000  58.14
2011-04-28  58.6  58.62  58.2  58.25  695900  58.25
2011-04-27  58.64  58.8  57.99  58.6  350900  58.6
2011-04-26  58.24  58.84  58.11  58.57  674200  58.57
2011-04-25  57.73  58.21  57.66  57.97  339700  57.97
2011-04-21  57.9  58.15  57.52  58.1  429000  58.1
2011-04-20  57.19  57.53  57.02  57.43  309100  57.43
2011-04-19  55.88  56.37  55.81  56.24  200100  56.24
2011-04-18  56.13  56.29  55.29  55.69  187700  55.69
2011-04-15  56.41  57.19  56.16  56.81  283000  56.81
2011-04-14  55.94  56.25  55.44  56.17  150100  56.17
2011-04-13  56.33  56.57  55.95  56.33  178700  56.33
2011-04-12  56.12  56.42  55.61  56.01  204300  56.01
2011-04-11  56.71  56.74  56.24  56.48  134300  56.48
2011-04-08  57.79  57.92  56.11  56.53  316900  56.53
2011-04-07  57.64  57.9  57.14  57.43  207400  57.43
2011-04-06  58.22  58.31  57.45  57.83  262500  57.83
2011-04-05  57.52  58.29  57.21  57.94  355800  57.94
2011-04-04  57.54  57.64  57.21  57.61  289000  57.61
2011-04-01  56.87  57.54  56.51  57.49  311800  57.49
2011-03-31  56.6  57.03  56.41  56.53  218300  56.53
2011-03-30  56.47  56.74  56.25  56.66  151700  56.66
2011-03-29  55.37  56.33  55.08  56.22  155000  56.22
2011-03-28  55.93  56.07  55.46  55.49  117000  55.49
2011-03-25  55.33  56.06  55.18  55.77  156200  55.77
2011-03-24  55.08  55.17  54.5  55.11  117100  55.11
2011-03-23  54.78  54.9  54.05  54.74  265200  54.74
2011-03-22  55.45  55.45  54.72  54.92  163600  54.92
2011-03-21  55.06  55.41  54.93  55.4  357000  55.4
2011-03-18  54.33  54.65  54.06  54.27  293400  54.27
2011-03-17  54.04  54.25  53.19  53.45  224600  53.45
2011-03-16  53.57  53.92  52.66  53.19  365700  53.19
2011-03-15  52.66  54.25  52.23  53.85  287400  53.85
2011-03-14  54.0  54.41  53.43  54.17  221700  54.17
2011-03-11  53.49  54.81  53.49  54.57  305300  54.57
2011-03-10  54.72  54.72  53.98  54.09  220600  54.09
2011-03-09  55.47  55.77  54.89  55.47  221900  55.47
2011-03-08  54.21  55.72  53.91  55.51  224300  55.51
2011-03-07  54.72  54.76  53.56  54.12  239800  54.12
2011-03-04  55.1  55.1  54.06  54.46  324000  54.46
2011-03-03  54.34  55.27  54.27  55.25  300400  55.25
2011-03-02  53.16  53.95  52.99  53.71  256700  53.71
2011-03-01  54.38  54.48  52.98  53.26  325900  53.26
2011-02-28  53.77  54.27  53.72  54.06  387300  54.06
2011-02-25  52.54  53.57  52.46  53.53  432800  53.53
2011-02-24  53.12  53.12  51.77  52.23  718700  52.23
2011-02-23  55.45  55.45  53.06  53.28  827800  53.28
2011-02-22  56.82  56.82  55.06  55.42  610000  55.42
2011-02-18  57.31  57.52  56.91  57.38  431000  57.38
2011-02-17  55.83  57.49  55.81  57.33  512500  57.33
2011-02-16  54.91  56.04  54.81  55.99  446500  55.99
2011-02-15  54.77  54.86  54.3  54.83  391400  54.83
2011-02-14  55.04  55.24  54.9  54.96  353700  54.96
2011-02-11  55.03  55.57  54.95  55.25  502500  55.25
2011-02-10  54.9  55.51  54.9  55.41  423500  55.41
2011-02-09  55.07  55.34  54.69  55.19  310200  55.19
2011-02-08  55.18  55.2  54.78  55.15  393100  55.15
2011-02-07  54.68  55.21  54.38  55.1  585700  55.1
2011-02-04  53.55  54.68  53.37  54.68  296100  54.68
2011-02-03  53.68  53.68  52.7  53.46  309100  53.46
2011-02-02  54.02  54.23  53.44  53.86  293700  53.86
2011-02-01  53.37  54.39  53.29  54.02  224400  54.02
2011-01-31  52.87  53.36  52.86  53.03  293400  53.03
2011-01-28  53.99  54.08  52.51  52.59  294200  52.59
2011-01-27  53.56  54.22  53.34  53.86  387300  53.86
2011-01-26  53.3  53.78  52.94  53.49  196000  53.49
2011-01-25  52.96  53.12  52.47  53.11  195100  53.11
2011-01-24  52.21  53.27  52.1  53.27  177600  53.27
2011-01-21  52.45  52.73  52.04  52.23  171400  52.23
2011-01-20  52.11  52.3  51.75  52.13  243300  52.13
2011-01-19  53.18  53.26  52.17  52.36  189800  52.36
2011-01-18  53.25  53.44  53.11  53.3  143300  53.3
2011-01-14  52.71  53.38  52.56  53.37  197600  53.37
2011-01-13  52.93  53.15  52.62  52.85  211100  52.85
2011-01-12  52.83  53.09  52.61  53.05  192300  53.05
2011-01-11  51.97  52.6  51.77  52.34  302800  52.34
2011-01-10  51.17  51.78  50.93  51.73  356000  51.73
2011-01-07  52.14  52.44  51.22  51.53  504800  51.53
2011-01-06  53.14  53.14  51.92  52.11  348400  52.11
2011-01-05  53.37  53.44  53.04  53.15  318600  53.15
2011-01-04  54.3  54.41  53.17  53.7  225600  53.7
2011-01-03  53.48  54.46  53.18  54.28  313200  54.28
2010-12-31  53.26  53.44  52.94  52.98  160100  52.98
2010-12-30  53.63  53.79  53.35  53.42  126300  53.42
2010-12-29  53.69  53.8  53.46  53.59  162100  53.59
2010-12-28  53.86  54.05  53.36  53.53  124300  53.53
2010-12-27  53.38  53.85  53.38  53.69  116400  53.69
2010-12-23  53.68  53.97  53.34  53.54  161700  53.54
2010-12-22  53.63  54.1  53.6  53.74  279400  53.74
2010-12-21  53.69  53.7  53.26  53.62  259900  53.62
2010-12-20  53.79  54.07  53.24  53.4  371400  53.4
2010-12-17  53.68  54.0  53.51  53.57  329200  53.57
2010-12-16  53.47  53.78  53.03  53.69  223000  53.69
2010-12-15  53.27  53.95  53.15  53.41  338100  53.41
2010-12-14  52.97  53.55  52.97  53.35  235500  53.35
2010-12-13  52.43  53.21  52.3  52.94  311600  52.94
2010-12-10  51.85  52.33  51.66  52.24  327800  52.24
2010-12-09  52.37  52.37  51.82  51.92  370200  51.92
2010-12-08  52.26  52.46  51.78  52.06  323100  52.06
2010-12-07  52.19  52.58  51.96  52.18  324300  52.18
2010-12-06  51.83  51.93  51.38  51.59  310300  51.59
2010-12-03  51.64  52.11  51.55  52.0  487900  52.0
2010-12-02  51.16  52.39  50.74  52.07  569500  52.07
2010-12-01  50.29  51.17  50.26  51.07  317300  51.07
2010-11-30  49.06  49.78  48.9  49.56  293300  49.56
2010-11-29  48.93  49.83  48.93  49.67  423600  49.67
2010-11-26  49.26  49.88  49.16  49.5  237400  49.5
2010-11-24  49.06  49.82  48.9  49.7  311900  49.7
2010-11-23  49.16  49.17  48.49  48.69  328700  48.69
2010-11-22  49.29  50.56  49.15  49.78  242700  49.78
2010-11-19  49.42  49.62  48.94  49.52  219200  49.52
2010-11-18  48.94  49.94  48.94  49.46  311900  49.46
2010-11-17  48.39  48.47  47.77  48.33  267300  48.33
2010-11-16  48.48  48.61  47.77  48.13  418700  48.13
2010-11-15  48.46  49.12  48.24  48.86  324800  48.86
2010-11-12  48.44  48.61  47.84  48.26  207600  48.26
2010-11-11  48.37  48.98  48.19  48.85  124400  48.85
2010-11-10  48.47  48.94  48.27  48.85  134000  48.85
2010-11-09  49.45  49.53  48.26  48.53  275200  48.53
2010-11-08  49.11  49.35  48.83  49.32  235900  49.32
2010-11-05  49.34  49.62  49.1  49.28  320500  49.28
2010-11-04  48.66  49.6  48.65  49.36  250700  49.36
2010-11-03  48.27  48.38  47.45  48.17  336800  48.17
2010-11-02  48.09  48.33  47.78  48.16  297200  48.16
2010-11-01  47.66  48.06  47.26  47.55  308300  47.55
2010-10-29  46.9  47.57  46.72  47.46  317700  47.46
2010-10-28  46.7  47.14  46.45  47.0  298700  47.0
2010-10-27  46.42  46.52  46.07  46.45  497000  46.45
2010-10-26  46.8  47.28  46.51  46.99  357200  46.99
2010-10-25  47.14  47.49  46.86  46.94  404100  46.94
2010-10-22  46.49  46.63  45.79  46.53  873600  46.53
2010-10-21  45.24  45.6  44.77  45.4  322500  45.4
2010-10-20  44.41  45.15  44.36  44.98  209000  44.98
2010-10-19  44.84  44.99  44.06  44.25  350200  44.25
2010-10-18  45.15  45.41  44.98  45.36  140500  45.36
2010-10-15  45.3  45.44  44.5  45.14  411200  45.14
2010-10-14  45.08  45.13  44.54  44.91  219900  44.91
2010-10-13  44.62  45.38  44.45  45.1  219000  45.1
2010-10-12  44.11  44.58  43.64  44.38  213800  44.38
2010-10-11  44.06  44.5  43.92  44.3  158900  44.3
2010-10-08  43.91  44.19  43.56  44.06  198900  44.06
2010-10-07  44.29  44.37  43.49  43.78  201400  43.78
2010-10-06  44.19  44.33  43.89  44.02  175000  44.02
2010-10-05  43.71  44.23  43.28  44.15  285000  44.15
2010-10-04  43.42  43.98  42.89  43.08  266500  43.08
2010-10-01  43.49  43.76  43.13  43.4  190500  43.4
2010-09-30  43.36  44.0  42.76  43.28  280400  43.28
2010-09-29  43.19  43.33  42.94  43.08  183600  43.08
2010-09-28  42.97  43.41  42.43  43.3  422600  43.3
2010-09-27  43.59  43.64  42.88  42.98  302500  42.98
2010-09-24  42.65  43.64  42.65  43.64  178500  43.64
2010-09-23  42.52  42.93  42.06  42.11  217200  42.11
2010-09-22  43.08  43.19  42.62  42.81  319600  42.81
2010-09-21  43.63  43.86  43.18  43.26  455900  43.26
2010-09-20  42.62  43.73  42.4  43.66  196100  43.66
2010-09-17  42.58  42.64  42.11  42.4  257900  42.4
2010-09-16  42.17  42.35  41.98  42.27  160500  42.27
2010-09-15  42.02  42.43  41.92  42.35  223600  42.35
2010-09-14  42.13  42.49  41.91  42.24  265200  42.24
2010-09-13  41.87  42.25  41.81  42.19  203700  42.19
2010-09-10  41.37  41.64  41.26  41.42  223200  41.42
2010-09-09  41.84  41.85  40.95  41.24  209000  41.24
2010-09-08  40.83  41.33  40.79  41.18  246000  41.18
2010-09-07  41.23  41.23  40.8  40.9  241300  40.9
2010-09-03  40.92  41.56  40.88  41.41  340200  41.41
2010-09-02  39.76  40.4  39.76  40.35  244900  40.35
2010-09-01  38.86  39.89  38.81  39.85  395600  39.85
2010-08-31  37.89  38.46  37.59  38.37  610600  38.37
2010-08-30  38.16  38.34  37.97  38.01  455700  38.01
2010-08-27  37.63  38.43  37.23  38.36  301500  38.36
2010-08-26  37.5  38.04  37.32  37.41  358000  37.41
2010-08-25  36.82  37.53  36.51  37.43  557200  37.43
2010-08-24  37.24  37.48  36.7  37.11  373200  37.11
2010-08-23  38.33  38.36  37.72  37.77  318400  37.77
2010-08-20  37.81  38.14  37.42  38.09  264100  38.09
2010-08-19  38.95  39.07  37.88  38.16  330500  38.16
2010-08-18  39.16  39.42  38.56  39.09  403700  39.09
2010-08-17  38.75  39.34  38.58  38.99  337200  38.99
2010-08-16  38.31  38.45  38.03  38.3  418300  38.3
2010-08-13  38.21  38.91  38.21  38.6  651800  38.6
2010-08-12  38.02  38.63  37.97  38.56  738400  38.56
2010-08-11  39.23  39.23  38.59  38.69  508500  38.69
2010-08-10  40.33  40.54  39.84  39.96  727200  39.96
2010-08-09  41.13  41.19  40.51  40.77  717000  40.77
2010-08-06  40.59  41.21  40.48  40.79  803900  40.79
2010-08-05  41.6  41.69  41.02  41.27  585500  41.27
2010-08-04  41.9  42.32  41.74  41.85  658600  41.85
2010-08-03  42.52  42.56  41.78  41.92  297200  41.92
2010-08-02  41.93  42.59  41.57  42.5  289400  42.5
2010-07-30  40.49  41.37  40.18  41.27  360300  41.27
2010-07-29  41.45  41.58  40.56  41.11  281000  41.11
2010-07-28  41.7  41.93  41.05  41.23  217200  41.23
2010-07-27  42.33  42.63  41.57  41.84  342100  41.84
2010-07-26  42.03  42.4  41.65  41.97  422500  41.97
2010-07-23  40.98  42.04  40.34  41.98  420400  41.98
2010-07-22  40.35  41.33  40.35  41.14  454000  41.14
2010-07-21  40.25  40.81  39.77  40.03  553700  40.03
2010-07-20  38.5  39.98  38.43  39.85  482100  39.85
2010-07-19  38.76  39.02  38.27  38.95  410400  38.95
2010-07-16  39.97  40.02  38.28  38.4  597200  38.4
2010-07-15  40.53  40.53  39.75  40.26  434800  40.26
2010-07-14  40.54  40.77  40.16  40.48  222200  40.48
2010-07-13  39.95  40.87  39.86  40.65  416200  40.65
2010-07-12  39.34  39.75  39.08  39.43  262900  39.43
2010-07-09  39.27  39.67  38.95  39.6  215500  39.6
2010-07-08  39.17  39.52  38.75  39.23  288900  39.23
2010-07-07  37.69  38.93  37.65  38.89  369000  38.89
2010-07-06  37.98  38.02  37.07  37.48  545200  37.48
2010-07-02  38.46  38.46  37.04  37.29  555500  37.29
2010-07-01  37.82  38.18  37.18  37.98  608800  37.98
2010-06-30  37.99  38.92  37.66  37.8  607700  37.8
2010-06-29  38.37  38.42  37.67  38.15  861400  38.15
2010-06-28  39.0  39.46  38.53  38.93  395900  38.93
2010-06-25  38.63  39.1  38.25  38.93  712000  38.93
2010-06-24  39.11  39.23  38.34  38.68  416300  38.68
2010-06-23  39.38  39.84  38.55  39.35  258400  39.35
2010-06-22  40.38  40.68  39.22  39.27  324700  39.27
2010-06-21  40.94  41.38  40.11  40.38  309600  40.38
2010-06-18  40.54  40.65  40.21  40.44  306600  40.44
2010-06-17  40.72  40.72  39.81  40.42  203400  40.42
2010-06-16  40.6  40.76  40.24  40.48  280200  40.48
2010-06-15  40.2  40.8  39.85  40.74  302900  40.74
2010-06-14  40.26  40.55  39.84  39.92  322800  39.92
2010-06-11  38.92  39.78  38.83  39.74  246000  39.74
2010-06-10  38.79  39.48  38.79  39.42  262900  39.42
2010-06-09  38.4  39.16  37.99  38.17  395800  38.17
2010-06-08  37.99  38.17  37.12  38.06  487600  38.06
2010-06-07  39.29  39.29  37.72  37.77  503400  37.77
2010-06-04  40.14  40.28  38.96  39.14  428000  39.14
2010-06-03  41.15  41.48  40.64  40.91  330900  40.91
2010-06-02  39.77  40.86  39.61  40.86  407200  40.86
2010-06-01  40.37  40.97  39.56  39.56  415400  39.56
2010-05-28  41.05  41.3  40.41  40.84  418300  40.84
2010-05-27  40.65  41.19  40.56  41.19  424600  41.19
2010-05-26  39.96  40.89  39.85  39.98  510200  39.98
2010-05-25  38.43  39.79  37.8  39.74  578300  39.74
2010-05-24  39.62  40.24  39.31  39.54  430200  39.54
2010-05-21  38.35  39.84  37.64  39.75  624100  39.75
2010-05-20  39.81  40.0  38.92  38.98  596600  38.98
2010-05-19  40.97  41.48  40.39  40.87  527300  40.87
2010-05-18  42.59  42.88  41.33  41.51  394500  41.51
2010-05-17  41.96  42.34  41.11  42.15  369100  42.15
2010-05-14  42.6  42.6  41.67  41.97  347800  41.97
2010-05-13  43.64  43.8  42.71  42.88  285100  42.88
2010-05-12  42.8  43.77  42.72  43.66  269700  43.66
2010-05-11  42.26  43.27  41.98  42.72  382000  42.72
2010-05-10  41.8  42.69  41.52  42.69  429200  42.69
2010-05-07  40.68  41.13  39.61  39.93  634300  39.93
2010-05-06  42.38  43.01  38.74  40.94  1041200  40.94
2010-05-05  42.92  43.34  42.38  42.51  694000  42.51
2010-05-04  44.13  44.13  43.19  43.36  516400  43.36
2010-05-03  44.37  44.86  44.25  44.76  322900  44.76
2010-04-30  45.45  45.83  44.16  44.22  415700  44.22
2010-04-29  44.8  45.52  44.63  45.47  343400  45.47
2010-04-28  44.29  44.82  44.1  44.48  369300  44.48
2010-04-27  44.57  44.85  43.86  44.0  487100  44.0
2010-04-26  45.35  45.88  44.82  44.86  377400  44.86
2010-04-23  45.36  45.54  44.51  45.18  466200  45.18
2010-04-22  44.08  45.32  43.7  45.31  373900  45.31
2010-04-21  44.73  44.92  44.36  44.45  492400  44.45
2010-04-20  43.94  44.98  42.69  44.6  1184900  44.6
2010-04-19  41.06  41.21  40.7  41.12  364500  41.12
2010-04-16  41.59  42.05  40.93  41.25  326600  41.25
2010-04-15  41.65  41.91  41.41  41.7  178800  41.7
2010-04-14  41.76  41.85  41.43  41.83  181100  41.83
2010-04-13  41.49  41.65  41.1  41.58  206000  41.58
2010-04-12  41.26  41.51  41.13  41.45  280200  41.45
2010-04-09  40.94  41.22  40.73  41.21  247100  41.21
2010-04-08  40.71  40.98  40.32  40.92  185300  40.92
2010-04-07  40.72  40.94  40.55  40.9  396100  40.9
2010-04-06  40.67  40.91  40.56  40.82  197300  40.82
2010-04-05  40.21  40.88  40.04  40.77  210600  40.77
2010-04-01  40.07  40.27  39.74  40.08  145000  40.08
2010-03-31  39.96  40.16  39.6  39.78  268200  39.78
2010-03-30  39.5  40.15  39.5  40.01  290800  40.01
2010-03-29  39.47  39.8  39.25  39.53  259300  39.53
2010-03-26  39.26  39.52  39.12  39.29  312300  39.29
2010-03-25  39.59  39.71  39.06  39.11  208700  39.11
2010-03-24  39.69  39.69  39.2  39.41  259600  39.41
2010-03-23  39.49  39.94  39.32  39.82  391400  39.82
2010-03-22  39.09  39.58  39.07  39.5  338100  39.5
2010-03-19  40.41  40.41  39.27  39.36  492300  39.36
2010-03-18  39.86  40.28  39.86  40.15  433100  40.15
2010-03-17  39.79  40.11  39.59  39.96  414100  39.96
2010-03-16  39.69  39.81  39.4  39.75  359800  39.75
2010-03-15  39.63  39.77  39.35  39.63  190700  39.63
2010-03-12  40.11  40.11  39.54  39.75  346900  39.75
2010-03-11  40.01  40.01  39.65  39.95  312600  39.95
2010-03-10  39.64  40.23  39.5  40.07  328500  40.07
2010-03-09  39.53  39.83  39.46  39.64  255400  39.64
2010-03-08  40.02  40.02  39.42  39.63  253900  39.63
2010-03-05  39.89  40.08  39.66  39.88  251600  39.88
2010-03-04  39.6  39.73  39.24  39.53  149500  39.53
2010-03-03  39.77  39.96  39.3  39.43  233500  39.43
2010-03-02  39.64  39.91  39.42  39.49  244900  39.49
2010-03-01  39.02  39.46  38.7  39.3  315800  39.3
2010-02-26  38.66  38.81  38.38  38.75  357500  38.75
2010-02-25  38.22  38.74  37.82  38.66  264900  38.66
2010-02-24  38.92  39.07  38.37  38.8  484500  38.8
2010-02-23  39.08  39.3  38.35  38.7  266300  38.7
2010-02-22  39.31  39.31  38.78  39.08  191800  39.08
2010-02-19  38.77  39.22  38.63  39.1  325900  39.1
2010-02-18  38.56  38.81  38.49  38.8  388700  38.8
2010-02-17  38.51  38.85  38.15  38.71  215900  38.71
2010-02-16  38.4  38.59  38.05  38.51  279800  38.51
2010-02-12  37.41  37.97  37.26  37.93  302900  37.93
2010-02-11  37.38  37.78  36.93  37.76  450400  37.76
2010-02-10  37.46  37.94  37.3  37.38  372800  37.38
2010-02-09  36.89  37.52  36.77  37.38  475100  37.38
2010-02-08  36.67  37.03  36.27  36.57  540900  36.57
2010-02-05  36.89  37.0  35.83  36.74  1197400  36.74
2010-02-04  38.94  39.24  36.65  36.82  1638000  36.82
2010-02-03  39.14  39.63  38.82  39.13  497200  39.13
2010-02-02  37.96  39.29  37.96  39.18  413500  39.18
2010-02-01  37.47  38.01  37.43  38.0  209400  38.0
2010-01-29  37.68  38.12  37.17  37.26  335200  37.26
2010-01-28  38.41  38.47  37.28  37.61  340600  37.61
2010-01-27  38.68  38.86  37.69  38.46  432500  38.46
2010-01-26  39.25  39.43  38.88  38.89  404400  38.89
2010-01-25  39.75  39.83  39.01  39.26  409800  39.26
2010-01-22  39.58  39.9  39.25  39.39  558100  39.39
2010-01-21  39.55  39.88  39.12  39.55  686700  39.55
2010-01-20  39.63  39.9  39.18  39.64  277600  39.64
2010-01-19  39.5  40.11  39.5  40.11  310300  40.11
2010-01-15  40.05  40.3  39.35  39.56  407800  39.56
2010-01-14  40.16  40.48  40.05  40.2  267000  40.2
2010-01-13  40.1  40.37  39.9  40.32  244800  40.32
2010-01-12  40.53  40.66  39.86  40.07  462300  40.07
2010-01-11  40.88  40.98  40.6  40.93  521100  40.93
2010-01-08  39.72  40.81  39.64  40.75  384600  40.75
2010-01-07  39.06  39.92  39.06  39.92  405200  39.92
2010-01-06  39.05  39.35  38.85  39.27  658400  39.27
2010-01-05  38.86  39.2  38.69  39.05  392700  39.05
2010-01-04  38.96  39.25  38.75  39.07  268000  39.07
