Date  Open  High  Low  Close  Volume  Adj Close
2014-02-28  75.81  75.81  73.46  74.3  6061700  74.3
2014-02-27  76.17  76.31  75.28  76.28  2979200  76.28
2014-02-26  75.86  77.0  75.82  76.54  2869000  76.54
2014-02-25  75.49  76.46  75.12  75.85  2834100  75.85
2014-02-24  74.92  76.49  74.92  75.81  3771600  75.81
2014-02-21  75.5  75.6  74.16  74.8  3194200  74.8
2014-02-20  74.31  75.5  73.89  75.31  3479800  75.31
2014-02-19  74.31  75.44  73.98  74.53  3432600  74.53
2014-02-18  74.48  75.01  73.88  74.59  3410400  74.59
2014-02-14  74.44  75.0  74.06  74.59  3068700  74.59
2014-02-13  71.61  75.0  71.45  74.4  5602400  74.4
2014-02-12  72.53  72.84  72.02  72.08  3484100  72.08
2014-02-11  71.97  72.89  71.91  72.29  4455600  72.29
2014-02-10  71.41  72.66  71.2  71.67  2841500  71.67
2014-02-07  70.38  71.7  69.61  71.61  3985500  71.61
2014-02-06  68.97  70.47  68.86  70.24  2987200  70.24
2014-02-05  67.86  68.95  66.8  68.78  5248200  68.78
2014-02-04  67.91  68.58  67.5  68.24  4723000  68.24
2014-02-03  69.46  69.55  67.17  67.39  5126200  67.39
2014-01-31  69.68  70.23  69.3  69.55  4555700  69.55
2014-01-30  69.64  71.02  69.2  70.23  4119600  70.23
2014-01-29  68.76  69.85  68.5  68.83  3886400  68.83
2014-01-28  68.64  69.76  68.46  69.37  4405200  69.37
2014-01-27  69.69  70.18  68.23  69.31  4127000  69.31
2014-01-24  71.54  72.28  69.19  69.25  6566100  69.25
2014-01-23  70.03  71.92  69.08  71.79  9932100  71.79
2014-01-22  72.07  72.11  71.11  71.95  5943900  71.95
2014-01-21  71.69  72.48  70.8  71.66  6452900  71.66
2014-01-17  72.81  73.9  72.56  73.45  5035400  73.45
2014-01-16  72.54  73.44  72.12  72.83  2902000  72.83
2014-01-15  71.94  72.96  71.28  72.22  3922000  72.22
2014-01-14  70.87  72.28  70.68  72.01  3634600  72.01
2014-01-13  72.28  73.19  70.82  70.95  3276500  70.95
2014-01-10  72.45  72.71  70.99  72.36  3263500  72.36
2014-01-09  73.21  73.57  71.69  72.42  3475400  72.42
2014-01-08  69.54  73.68  69.38  73.21  9636400  73.21
2014-01-07  68.4  69.51  67.9  69.05  4103100  69.05
2014-01-06  68.67  68.91  67.79  68.13  2709600  68.13
2014-01-03  69.29  69.34  68.21  68.64  2288500  68.64
2014-01-02  69.79  70.11  68.79  69.15  3046400  69.15
2013-12-31  70.05  70.57  69.78  70.31  1889900  70.31
2013-12-30  70.05  70.23  69.51  69.84  1280100  69.84
2013-12-27  70.41  70.46  69.58  70.01  1453200  70.01
2013-12-26  70.1  70.59  70.02  70.26  1162200  70.26
2013-12-24  69.89  70.5  69.36  70.11  1081700  70.11
2013-12-23  69.69  70.43  69.03  70.03  2630900  70.03
2013-12-20  68.49  69.77  68.43  69.28  5160000  69.28
2013-12-19  68.41  68.73  67.8  68.44  2688600  68.44
2013-12-18  67.77  68.63  66.68  68.55  3616200  68.55
2013-12-17  67.1  68.28  66.82  67.9  3596700  67.9
2013-12-16  66.66  67.27  66.3  66.75  4130600  66.75
2013-12-13  65.83  66.73  65.51  66.05  4278300  66.05
2013-12-12  65.96  66.14  64.29  65.37  6417100  65.37
2013-12-11  68.31  68.58  67.11  67.15  3214700  67.15
2013-12-10  68.56  69.6  68.33  68.74  2660200  68.74
2013-12-09  68.06  69.17  67.81  68.84  4354200  68.84
2013-12-06  67.2  67.83  67.09  67.75  2872900  67.75
2013-12-05  67.2  67.61  66.53  66.64  3314200  66.64
2013-12-04  67.52  68.12  66.54  67.18  3785300  67.18
2013-12-03  67.64  68.13  67.21  67.68  3337500  67.68
2013-12-02  67.59  68.49  67.21  68.02  2942200  68.02
2013-11-29  67.57  68.39  66.83  67.93  2313400  67.93
2013-11-27  67.25  68.07  66.89  67.66  3622700  67.66
2013-11-26  65.78  66.98  65.26  66.8  4277800  66.8
2013-11-25  67.15  67.19  65.57  65.64  5115300  65.64
2013-11-22  67.35  67.51  66.62  67.18  2659400  67.18
2013-11-21  66.19  67.45  65.21  67.18  5134400  67.18
2013-11-20  67.71  67.76  65.92  66.03  4803100  66.03
2013-11-19  68.42  68.68  67.34  67.59  4161400  67.59
2013-11-18  69.73  69.81  68.16  68.44  3281100  68.44
2013-11-15  70.3  70.3  69.08  69.82  2882200  69.82
2013-11-14  69.36  70.26  68.78  69.93  3724200  69.93
2013-11-13  68.82  69.68  68.34  69.67  3391100  69.67
2013-11-12  68.34  69.64  68.34  68.86  5546800  68.86
2013-11-11  67.59  69.03  67.53  68.73  3122000  68.73
2013-11-08  66.58  68.06  66.58  67.83  4933100  67.83
2013-11-07  68.13  68.25  66.49  66.68  4678800  66.68
2013-11-06  69.04  69.04  67.06  67.9  3944500  67.9
2013-11-05  68.86  69.49  68.49  68.76  2911600  68.76
2013-11-04  69.01  69.62  68.83  69.55  2704700  69.55
2013-11-01  69.3  69.45  68.1  68.75  5902600  68.75
2013-10-31  69.42  70.05  68.85  69.27  4089600  69.27
2013-10-30  69.53  69.88  68.86  69.41  4785400  69.41
2013-10-29  69.98  70.47  69.34  70.34  5538900  70.34
2013-10-28  68.88  69.77  68.69  69.77  3916900  69.77
2013-10-25  69.11  69.54  68.02  68.57  4377100  68.57
2013-10-24  68.86  69.26  68.25  68.96  13257300  68.96
2013-10-23  68.01  68.51  66.48  67.8  8533200  67.8
2013-10-22  69.46  70.03  68.0  68.87  4189500  68.87
2013-10-21  67.77  69.4  67.63  69.26  4328600  69.26
2013-10-18  68.14  68.71  67.07  68.29  5603400  68.29
2013-10-17  64.38  68.11  64.14  68.06  13676800  68.06
2013-10-16  62.63  63.27  61.9  62.53  5584600  62.53
2013-10-15  62.55  62.84  61.99  62.28  2604700  62.28
2013-10-14  61.33  62.79  61.16  62.62  2795900  62.62
2013-10-11  61.35  62.56  60.64  61.77  4111800  61.77
2013-10-10  61.6  62.15  61.29  61.86  2772000  61.86
2013-10-09  60.92  61.37  59.58  61.08  3719200  61.08
2013-10-08  61.99  62.06  60.39  60.76  2931200  60.76
2013-10-07  61.96  62.59  61.78  61.88  2667200  61.88
2013-10-04  61.27  62.98  61.15  62.28  4534000  62.28
2013-10-03  61.0  61.39  60.11  61.14  3390500  61.14
2013-10-02  59.48  61.54  59.26  61.08  4605700  61.08
2013-10-01  59.21  59.76  58.78  59.68  3058900  59.68
2013-09-30  58.67  59.16  58.21  59.13  3026800  59.13
2013-09-27  59.37  60.11  59.09  59.55  2069600  59.55
2013-09-26  60.23  60.55  59.53  59.68  2089300  59.68
2013-09-25  59.63  60.33  59.31  59.9  2177700  59.9
2013-09-24  59.23  60.22  58.89  59.71  2372300  59.71
2013-09-23  59.63  59.72  58.2  59.06  2520500  59.06
2013-09-20  59.56  60.11  58.82  59.16  3842800  59.16
2013-09-19  60.21  60.28  59.28  59.63  2993500  59.63
2013-09-18  60.28  60.49  59.71  59.95  3058400  59.95
2013-09-17  60.15  60.51  59.84  60.06  2737600  60.06
2013-09-16  61.07  61.37  60.08  60.26  3380700  60.26
2013-09-13  60.29  61.16  60.06  60.48  3702800  60.48
2013-09-12  60.09  60.24  59.26  59.69  2559900  59.69
2013-09-11  59.49  60.44  59.03  60.3  3075800  60.3
2013-09-10  59.51  60.51  59.21  60.09  4644700  60.09
2013-09-09  57.92  59.11  57.43  58.93  3537200  58.93
2013-09-06  57.69  58.74  57.09  57.96  5042100  57.96
2013-09-05  56.69  57.94  56.68  57.6  3520500  57.6
2013-09-04  56.47  58.11  55.8  56.77  8283800  56.77
2013-09-03  55.55  55.73  54.79  54.95  3553400  54.95
2013-08-30  55.54  55.54  54.55  54.82  3827800  54.82
2013-08-29  54.72  55.87  54.65  55.49  3243800  55.49
2013-08-28  53.75  54.98  53.56  54.66  2827700  54.66
2013-08-27  55.85  55.85  53.45  53.68  5314800  53.68
2013-08-26  56.47  56.58  55.72  56.27  2313100  56.27
2013-08-23  56.61  57.4  55.97  56.45  3279300  56.45
2013-08-22  55.91  57.06  55.84  56.69  2004800  56.69
2013-08-21  55.02  55.92  54.94  55.67  3190800  55.67
2013-08-20  54.83  55.46  54.43  55.28  2616700  55.28
2013-08-19  54.93  55.11  54.01  54.84  5614600  54.84
2013-08-16  55.49  55.98  54.93  55.45  4017100  55.45
2013-08-15  56.67  56.8  55.46  55.58  4463200  55.58
2013-08-14  57.78  58.22  57.46  57.49  2586800  57.49
2013-08-13  57.21  58.17  56.53  58.0  3710900  58.0
2013-08-12  57.43  57.66  56.8  56.81  3312200  56.81
2013-08-09  57.85  58.13  57.3  57.63  3361200  57.63
2013-08-08  56.58  57.96  56.42  57.77  5712800  57.77
2013-08-07  57.06  57.63  56.11  56.44  5073900  56.44
2013-08-06  56.63  57.45  56.22  57.16  4876800  57.16
2013-08-05  57.62  57.85  56.24  56.82  6350100  56.82
2013-08-02  57.53  58.72  57.1  57.69  8077800  57.69
2013-08-01  57.39  58.48  56.45  57.81  12651500  57.81
2013-07-31  53.91  55.06  53.68  54.55  8164900  54.55
2013-07-30  53.22  54.03  52.54  53.96  16649000  53.96
2013-07-29  56.4  56.52  54.66  54.82  10373400  54.82
2013-07-26  59.38  59.48  56.01  56.41  10400900  56.41
2013-07-25  59.53  60.09  58.24  59.91  6034700  59.91
2013-07-24  62.01  62.33  59.92  60.1  5181400  60.1
2013-07-23  62.75  62.78  61.35  61.53  4657900  61.53
2013-07-22  62.37  63.3  61.91  62.79  4980600  62.79
2013-07-19  60.52  62.49  60.37  62.06  6824200  62.06
2013-07-18  60.75  61.4  58.66  60.56  15646000  60.56
2013-07-17  59.03  59.37  58.27  58.82  5834000  58.82
2013-07-16  60.48  60.64  58.78  58.88  4991900  58.88
2013-07-15  60.43  60.78  60.26  60.66  2658000  60.66
2013-07-12  60.26  60.58  59.63  60.27  2153700  60.27
2013-07-11  60.04  60.38  59.39  60.15  2835000  60.15
2013-07-10  58.91  59.23  58.13  59.21  3882300  59.21
2013-07-09  59.93  60.09  58.55  59.16  3862800  59.16
2013-07-08  61.68  61.94  59.16  59.4  4423600  59.4
2013-07-05  61.12  61.56  60.42  61.2  1934000  61.2
2013-07-03  60.58  61.34  60.45  60.77  1463100  60.77
2013-07-02  60.12  61.05  59.38  60.95  3006900  60.95
2013-07-01  61.07  62.2  60.64  60.78  2870500  60.78
2013-06-28  59.66  60.87  59.25  60.47  4666300  60.47
2013-06-27  59.22  60.24  58.98  59.84  2516900  59.84
2013-06-26  58.18  59.2  58.12  58.73  3516200  58.73
2013-06-25  57.57  58.22  57.01  57.73  3175800  57.73
2013-06-24  57.67  58.1  56.52  57.1  3337900  57.1
2013-06-21  59.02  59.55  57.23  58.25  5152000  58.25
2013-06-20  60.31  60.81  58.32  58.76  4636600  58.76
2013-06-19  62.5  63.07  60.84  60.92  3555500  60.92
2013-06-18  60.73  62.62  60.4  62.39  5470600  62.39
2013-06-17  58.66  61.06  58.48  60.59  5633200  60.59
2013-06-14  58.8  59.08  58.11  58.2  1785100  58.2
2013-06-13  57.99  59.05  57.4  58.8  2262600  58.8
2013-06-12  59.09  59.55  58.15  58.32  1919200  58.32
2013-06-11  58.48  60.11  58.13  58.65  3269800  58.65
2013-06-10  57.93  59.32  57.55  59.21  3794800  59.21
2013-06-07  58.16  58.36  57.23  57.7  3108000  57.7
2013-06-06  57.04  57.91  56.78  57.89  2902600  57.89
2013-06-05  57.16  57.32  56.23  56.9  4060500  56.9
2013-06-04  58.27  58.42  56.94  57.54  2954000  57.54
2013-06-03  58.63  59.11  57.3  58.15  2787200  58.15
2013-05-31  58.96  59.6  58.41  58.41  3009900  58.41
2013-05-30  57.94  59.66  57.73  59.27  4723300  59.27
2013-05-29  56.76  57.83  56.7  57.7  2111100  57.7
2013-05-28  57.8  57.9  56.96  57.24  2219900  57.24
2013-05-24  56.95  57.43  56.2  57.41  3245400  57.41
2013-05-23  56.56  57.78  55.68  57.23  4667300  57.23
2013-05-22  57.25  58.81  56.89  57.3  3679200  57.3
2013-05-21  57.86  58.31  56.67  57.64  3225500  57.64
2013-05-20  58.4  58.99  57.62  57.86  3794800  57.86
2013-05-17  58.41  59.34  57.73  59.28  3707300  59.28
2013-05-16  58.17  59.14  57.8  57.91  3511800  57.91
2013-05-15  57.54  58.74  57.53  58.4  3729300  58.4
2013-05-14  57.13  57.95  56.63  57.88  3270200  57.88
2013-05-13  56.3  57.36  56.0  57.3  3441000  57.3
2013-05-10  56.22  57.3  56.21  56.64  4157600  56.64
2013-05-09  54.67  56.27  54.63  56.06  5317200  56.06
2013-05-08  54.94  55.69  53.6  54.67  6660900  54.67
2013-05-07  54.27  55.32  53.87  54.84  3934700  54.84
2013-05-06  53.3  54.12  52.99  54.03  2873400  54.03
2013-05-03  52.5  54.24  52.46  53.32  4954000  53.32
2013-05-02  50.84  52.24  50.66  52.06  4973600  52.06
2013-05-01  51.89  51.95  50.37  50.65  6635600  50.65
2013-04-30  53.49  53.6  51.37  51.9  6129500  51.9
2013-04-29  53.38  53.94  52.97  53.61  2946400  53.61
2013-04-26  53.15  53.8  52.83  53.34  2986200  53.34
2013-04-25  53.76  53.91  52.92  53.13  5166900  53.13
2013-04-24  53.35  53.91  52.58  53.7  3713000  53.7
2013-04-23  52.04  53.32  52.04  52.87  5499500  52.87
2013-04-22  51.81  51.99  50.16  51.59  5612100  51.59
2013-04-19  51.39  52.35  51.09  51.77  5355900  51.77
2013-04-18  56.02  56.73  50.88  51.48  16458200  51.48
2013-04-17  56.53  56.54  53.93  55.14  11199300  55.14
2013-04-16  56.01  57.22  55.81  56.89  4084400  56.89
2013-04-15  57.1  57.62  55.23  55.41  5013200  55.41
2013-04-12  58.29  58.31  56.85  57.11  2915900  57.11
2013-04-11  57.7  58.14  56.88  58.01  3119500  58.01
2013-04-10  55.95  57.97  55.95  57.71  5463300  57.71
2013-04-09  55.42  55.96  54.73  55.73  3061700  55.73
2013-04-08  54.19  55.29  54.19  55.01  3464200  55.01
2013-04-05  53.55  54.43  53.26  54.19  3433700  54.19
2013-04-04  53.05  54.33  53.05  54.21  3202400  54.21
2013-04-03  53.76  54.36  52.9  53.09  3532600  53.09
2013-04-02  54.35  55.1  53.53  53.85  3425000  53.85
2013-04-01  54.43  54.94  53.85  53.98  2907200  53.98
2013-03-28  54.43  54.57  53.83  54.39  3112500  54.39
2013-03-27  54.51  54.66  54.04  54.41  2645200  54.41
2013-03-26  54.9  55.21  54.48  54.7  2763700  54.7
2013-03-25  54.93  55.22  54.58  54.76  2657300  54.76
2013-03-22  55.18  55.91  54.42  54.62  3511200  54.62
2013-03-21  54.19  54.58  53.65  54.06  2049000  54.06
2013-03-20  54.64  54.96  54.31  54.66  2319200  54.66
2013-03-19  54.11  54.6  53.11  54.07  3199300  54.07
2013-03-18  53.68  54.52  53.19  53.84  3196000  53.84
2013-03-15  54.53  54.88  53.96  54.54  3890900  54.54
2013-03-14  54.07  54.86  54.05  54.53  4627700  54.53
2013-03-13  53.37  53.97  52.85  53.87  4115800  53.87
2013-03-12  52.29  53.25  52.05  53.2  5684700  53.2
2013-03-11  51.02  52.26  51.01  52.07  3124200  52.07
2013-03-08  51.2  51.5  50.79  51.31  2763000  51.31
2013-03-07  50.77  50.97  50.44  50.82  2989000  50.82
2013-03-06  50.45  51.15  50.45  50.66  2822500  50.66
2013-03-05  50.06  51.11  50.06  50.4  3818200  50.4
2013-03-04  49.75  50.08  49.15  49.89  3117200  49.89
2013-03-01  49.5  49.84  48.81  49.77  3132400  49.77
2013-02-28  49.81  50.28  49.53  49.89  3036900  49.89
2013-02-27  49.56  50.37  49.06  49.97  3596200  49.97
2013-02-26  49.66  50.37  49.36  49.87  4184500  49.87
2013-02-25  49.17  50.57  48.78  48.8  5068500  48.8
2013-02-22  48.95  49.38  48.62  48.96  3042800  48.96
2013-02-21  49.32  49.54  48.37  48.56  4593400  48.56
2013-02-20  50.99  51.41  49.52  49.54  4548700  49.54
2013-02-19  51.06  52.03  50.97  51.11  3858600  51.11
2013-02-15  49.66  51.4  49.66  51.17  8194500  51.17
2013-02-14  48.99  49.58  48.91  49.51  2308200  49.51
2013-02-13  49.28  49.72  48.89  49.17  2045600  49.17
2013-02-12  49.26  49.5  48.96  49.1  2955100  49.1
2013-02-11  49.57  49.69  49.19  49.34  2154100  49.34
2013-02-08  49.87  50.0  49.49  49.69  2425600  49.69
2013-02-07  50.19  50.19  48.96  49.71  3003700  49.71
2013-02-06  49.19  50.07  49.03  50.07  3847500  50.07
2013-02-05  49.44  49.65  48.89  49.27  3235900  49.27
2013-02-04  49.93  50.37  49.02  49.1  4006900  49.1
2013-02-01  49.94  50.13  49.1  49.73  4408500  49.73
2013-01-31  48.49  49.76  48.24  49.47  6160600  49.47
2013-01-30  48.5  49.07  48.42  48.67  3044300  48.67
2013-01-29  48.6  49.08  48.36  48.68  3481200  48.68
2013-01-28  49.09  49.47  48.72  49.02  3152300  49.02
2013-01-25  48.85  49.47  48.55  49.14  5550000  49.14
2013-01-24  46.51  49.37  46.29  48.34  10914600  48.34
2013-01-23  47.5  47.68  46.65  47.15  8167900  47.15
2013-01-22  47.81  47.96  47.01  47.45  5833600  47.45
2013-01-18  48.11  48.58  47.53  47.96  6392100  47.96
2013-01-17  46.93  48.09  46.62  47.89  6826500  47.89
2013-01-16  46.32  46.97  46.28  46.58  3832500  46.58
2013-01-15  46.03  46.62  45.73  46.54  4708800  46.54
2013-01-14  45.94  46.63  45.67  46.46  4529500  46.46
2013-01-11  45.2  46.49  44.93  46.05  6160800  46.05
2013-01-10  45.16  45.5  44.65  45.13  2668100  45.13
2013-01-09  44.72  45.18  44.59  44.84  2668500  44.84
2013-01-08  44.9  45.17  44.04  44.64  3921900  44.64
2013-01-07  44.9  45.73  44.52  44.82  3624700  44.82
2013-01-04  44.4  45.33  43.84  44.99  4648800  44.99
2013-01-03  44.32  45.33  44.03  44.22  3778200  44.22
2013-01-02  44.09  45.42  43.91  44.28  5086100  44.28
2012-12-31  42.13  43.29  41.86  43.05  3292600  43.05
2012-12-28  42.59  42.84  42.14  42.24  2062500  42.24
2012-12-27  43.16  43.19  42.1  42.77  3086300  42.77
2012-12-26  43.56  44.12  42.87  43.12  2332300  43.12
2012-12-24  43.63  43.99  43.24  43.72  1145600  43.72
2012-12-21  43.39  44.5  43.04  43.86  6222500  43.86
2012-12-20  43.36  44.04  42.97  43.77  3532300  43.77
2012-12-19  43.55  44.13  43.26  43.4  3682800  43.4
2012-12-18  42.6  43.63  42.55  43.46  4691900  43.46
2012-12-17  42.4  42.99  41.78  42.23  3380300  42.23
2012-12-14  42.44  42.92  41.76  42.23  4885900  42.23
2012-12-13  42.71  43.66  42.48  42.72  3725000  42.72
2012-12-12  42.77  43.09  42.63  42.83  2843600  42.83
2012-12-11  42.67  43.29  42.43  42.65  4330400  42.65
2012-12-10  41.63  42.88  41.63  42.35  5447200  42.35
2012-12-07  41.09  42.01  40.88  41.81  6185500  41.81
2012-12-06  39.37  40.99  39.29  40.89  5704500  40.89
2012-12-05  39.85  39.99  39.05  39.39  3818600  39.39
2012-12-04  39.19  40.0  38.99  39.88  4162200  39.88
2012-12-03  38.9  39.52  38.65  39.12  4412000  39.12
2012-11-30  39.25  39.46  38.46  38.69  5410500  38.69
2012-11-29  40.18  40.27  39.08  39.38  4851900  39.38
2012-11-28  39.44  40.33  39.25  40.02  3671600  40.02
2012-11-27  40.25  40.48  39.28  39.72  4585300  39.72
2012-11-26  39.96  40.52  39.69  40.25  3724900  40.25
2012-11-23  39.15  39.82  38.99  39.71  1810200  39.71
2012-11-21  38.33  39.32  38.27  39.06  4022500  39.06
2012-11-20  38.77  38.96  38.07  38.44  5953700  38.44
2012-11-19  39.7  39.87  38.39  38.89  5738800  38.89
2012-11-16  38.99  39.24  38.27  39.05  5119300  39.05
2012-11-15  39.57  39.88  38.86  38.87  3705700  38.87
2012-11-14  40.43  40.71  39.28  39.41  5378300  39.41
2012-11-13  39.84  40.68  39.58  40.04  4174000  40.04
2012-11-12  40.93  41.1  39.29  40.05  4442600  40.05
2012-11-09  40.73  41.64  40.63  40.79  4032700  40.79
2012-11-08  43.1  43.19  40.57  40.66  7870200  40.66
2012-11-07  43.65  43.78  42.57  42.95  4348500  42.95
2012-11-06  43.96  44.85  43.72  44.34  5322200  44.34
2012-11-05  42.91  43.93  42.87  43.85  3344800  43.85
2012-11-02  43.93  43.94  42.88  43.01  4143500  43.01
2012-11-01  41.54  43.82  41.41  43.7  5460500  43.7
2012-10-31  41.82  42.04  41.25  41.35  3261400  41.35
2012-10-26  42.1  42.74  41.35  41.79  4031800  41.79
2012-10-25  43.18  43.18  41.7  41.95  3945900  41.95
2012-10-24  43.29  43.75  42.18  42.66  4450700  42.66
2012-10-23  42.35  43.3  42.22  42.91  4965000  42.91
2012-10-22  42.99  43.91  42.44  42.98  6450600  42.98
2012-10-19  45.78  46.35  43.52  43.56  21758900  43.56
2012-10-18  43.64  43.94  42.26  42.41  10271200  42.41
2012-10-17  44.18  44.62  43.8  43.88  5143100  43.88
2012-10-16  43.42  44.8  43.33  44.35  5719200  44.35
2012-10-15  42.94  43.43  42.54  43.28  6686100  43.28
2012-10-12  41.9  42.9  41.76  41.84  3855900  41.84
2012-10-11  42.61  42.85  41.49  41.84  4404700  41.84
2012-10-10  42.81  43.01  41.96  42.12  3580100  42.12
2012-10-09  43.3  43.54  42.55  42.94  3038700  42.94
2012-10-08  43.6  44.53  43.12  43.28  3675700  43.28
2012-10-05  44.25  44.58  43.5  43.63  3259100  43.63
2012-10-04  43.32  44.57  43.03  44.17  5170700  44.17
2012-10-03  44.0  44.2  43.09  43.18  4083300  43.18
2012-10-02  42.89  43.91  42.34  43.85  4746700  43.85
2012-10-01  43.24  43.63  42.25  42.56  3832900  42.56
2012-09-28  43.12  43.54  42.59  42.98  5764900  42.98
2012-09-27  42.29  43.03  41.63  42.79  5250900  42.79
2012-09-26  42.1  42.46  41.57  42.22  6907600  42.22
2012-09-25  44.94  45.12  43.26  43.43  4121200  43.43
2012-09-24  44.37  45.47  44.35  44.68  3644900  44.68
2012-09-21  45.84  46.33  44.72  44.77  5214100  44.77
2012-09-20  45.34  45.84  44.89  45.47  3924800  45.47
2012-09-19  45.09  46.5  44.88  45.7  5324500  45.7
2012-09-18  45.09  45.51  44.54  44.72  3084300  44.72
2012-09-17  45.36  45.45  44.79  45.27  2855900  45.27
2012-09-14  45.13  45.8  45.12  45.22  4149800  45.22
2012-09-13  44.66  45.28  44.18  44.9  3557900  44.9
2012-09-12  44.38  44.99  44.2  44.5  5138200  44.5
2012-09-11  43.57  44.29  42.81  44.06  4896000  44.06
2012-09-10  43.6  44.43  43.51  43.53  4191800  43.53
2012-09-07  43.25  44.02  42.93  43.8  5921100  43.8
2012-09-06  41.61  43.71  41.51  43.55  12011800  43.55
2012-09-05  40.47  40.66  40.04  40.18  3480500  40.18
2012-09-04  40.61  40.81  40.07  40.47  2568800  40.47
2012-08-31  41.01  41.22  40.27  40.79  2204600  40.79
2012-08-30  41.43  41.43  40.3  40.6  4006400  40.6
2012-08-29  41.97  42.1  41.48  41.6  3551300  41.6
2012-08-28  42.36  42.65  41.87  41.87  3297900  41.87
2012-08-27  42.95  43.0  42.19  42.5  2314600  42.5
2012-08-24  41.75  42.84  41.65  42.59  3424500  42.59
2012-08-23  42.86  42.86  41.68  41.83  4519000  41.83
2012-08-22  42.33  43.46  42.22  43.09  4454500  43.09
2012-08-21  42.05  43.54  42.0  42.53  4822300  42.53
2012-08-20  42.03  42.26  41.48  41.83  2903300  41.83
2012-08-17  42.41  42.56  41.67  42.11  3949800  42.11
2012-08-16  41.16  42.52  41.13  42.26  4844700  42.26
2012-08-15  39.99  41.81  39.93  41.13  5324700  41.13
2012-08-14  40.53  40.85  39.94  40.11  2913200  40.11
2012-08-13  40.97  41.14  40.3  40.48  2951100  40.48
2012-08-10  41.01  41.22  40.54  40.97  2781800  40.97
2012-08-09  41.26  41.66  41.06  41.16  2531000  41.16
2012-08-08  41.38  41.51  40.86  41.27  4315300  41.27
2012-08-07  41.4  42.15  41.34  41.64  4597300  41.64
2012-08-06  41.1  41.53  40.85  41.05  2156400  41.05
2012-08-03  41.17  41.78  40.74  40.94  4602600  40.94
2012-08-02  40.77  41.41  40.17  40.33  4630600  40.33
2012-08-01  41.23  41.52  40.67  41.0  4124900  41.0
2012-07-31  40.64  41.9  40.49  40.7  5187900  40.7
2012-07-30  42.0  42.3  40.14  40.74  5773400  40.74
2012-07-27  41.49  42.2  40.78  42.0  5102700  42.0
2012-07-26  40.08  41.79  39.96  41.08  7695200  41.08
2012-07-25  39.03  40.1  38.9  39.32  6144000  39.32
2012-07-24  39.96  40.8  38.89  39.24  8877100  39.24
2012-07-23  37.82  39.78  37.56  39.47  10379900  39.47
2012-07-20  38.78  40.03  38.11  38.3  24127300  38.3
2012-07-19  34.1  35.18  33.83  34.72  9365700  34.72
2012-07-18  32.54  34.54  32.41  33.9  6631600  33.9
2012-07-17  32.62  33.1  31.74  32.99  5518300  32.99
2012-07-16  31.99  32.73  31.93  32.47  4429300  32.47
2012-07-13  33.01  33.26  32.67  33.07  3625600  33.07
2012-07-12  33.34  33.49  32.29  33.06  5432600  33.06
2012-07-11  34.44  34.59  33.32  33.64  6200100  33.64
2012-07-10  35.78  36.12  34.02  34.3  6594700  34.3
2012-07-09  36.31  36.46  35.68  35.81  2885500  35.81
2012-07-06  35.93  36.44  35.73  36.33  3732500  36.33
2012-07-05  36.44  36.68  35.68  36.24  4212200  36.24
2012-07-03  36.55  37.0  36.23  36.73  2192900  36.73
2012-07-02  36.22  36.67  35.66  36.53  4325900  36.53
2012-06-29  34.96  36.13  34.78  36.1  5775800  36.1
2012-06-28  34.8  34.93  33.65  34.34  6538400  34.34
2012-06-27  35.91  36.12  34.92  35.04  6210300  35.04
2012-06-26  35.58  36.07  35.24  35.89  4144200  35.89
2012-06-25  36.5  36.87  35.33  35.5  4907300  35.5
2012-06-22  35.77  36.14  35.62  35.98  3207300  35.98
2012-06-21  36.88  37.02  35.57  35.63  4575100  35.63
2012-06-20  36.97  37.25  36.51  37.08  3264400  37.08
2012-06-19  36.84  37.07  36.56  36.78  4736300  36.78
2012-06-18  36.23  36.85  35.89  36.45  4045100  36.45
2012-06-15  34.98  36.49  34.95  36.47  6980800  36.47
2012-06-14  35.67  35.73  34.74  35.18  4282800  35.18
2012-06-13  35.36  36.07  35.12  35.65  5542500  35.65
2012-06-12  34.59  36.19  34.53  35.58  10450700  35.58
2012-06-11  35.53  35.74  34.2  34.26  5317700  34.26
2012-06-08  34.41  35.27  34.21  35.06  4362000  35.06
2012-06-07  35.32  35.94  34.69  34.77  9139000  34.77
2012-06-06  33.39  34.84  33.29  34.73  8360500  34.73
2012-06-05  31.65  33.33  31.63  33.06  7851000  33.06
2012-06-04  31.02  31.44  30.7  31.33  3781400  31.33
2012-06-01  31.39  31.82  30.67  30.91  5864000  30.91
2012-05-31  33.43  33.47  32.23  32.36  6387000  32.36
2012-05-30  33.69  33.76  32.98  33.27  4319400  33.27
2012-05-29  33.65  34.33  33.54  34.09  4789300  34.09
2012-05-25  32.05  33.62  31.98  33.38  6759400  33.38
2012-05-24  32.53  32.67  31.52  31.91  4723400  31.91
2012-05-23  31.84  32.73  31.62  32.58  5449400  32.58
2012-05-22  32.25  32.6  31.83  32.28  4460100  32.28
2012-05-21  31.38  32.42  31.25  32.22  5438600  32.22
2012-05-18  31.92  31.94  31.01  31.19  7036600  31.19
2012-05-17  33.36  33.47  31.99  32.01  8258300  32.01
2012-05-16  34.9  34.93  33.09  33.11  11418100  33.11
2012-05-15  35.28  35.6  34.5  34.69  3962000  34.69
2012-05-14  35.13  35.92  35.06  35.42  4959400  35.42
2012-05-11  35.27  36.03  34.88  35.33  4521000  35.33
2012-05-10  35.98  36.27  35.04  35.21  4300000  35.21
2012-05-09  34.6  35.92  34.15  35.64  5409700  35.64
2012-05-08  35.17  35.42  34.29  35.1  5375500  35.1
2012-05-07  35.23  35.86  35.23  35.52  3929400  35.52
2012-05-04  36.03  36.27  35.29  35.57  7008900  35.57
2012-05-03  36.95  37.25  36.15  36.25  6255900  36.25
2012-05-02  36.62  37.36  36.62  37.05  5764400  37.05
2012-05-01  36.53  37.25  36.09  37.01  6180600  37.01
2012-04-30  37.19  37.19  36.52  36.62  4241100  36.62
2012-04-27  37.79  37.89  36.73  37.19  6856600  37.19
2012-04-26  37.08  37.52  36.73  37.01  5236600  37.01
2012-04-25  36.88  37.27  36.6  37.2  8545000  37.2
2012-04-24  36.1  36.26  35.74  36.11  8501500  36.11
2012-04-23  35.35  36.76  35.13  36.01  12410500  36.01
2012-04-20  34.54  36.38  33.99  35.54  32224200  35.54
2012-04-19  40.11  41.04  39.67  40.05  7890900  40.05
2012-04-18  40.8  40.85  40.06  40.34  4915100  40.34
2012-04-17  40.72  41.26  40.44  40.87  4622400  40.87
2012-04-16  40.99  41.16  40.14  40.52  5753100  40.52
2012-04-13  41.62  41.79  40.66  40.68  5712400  40.68
2012-04-12  41.71  42.36  41.42  41.72  7282400  41.72
2012-04-11  42.16  42.58  41.26  41.52  5604400  41.52
2012-04-10  43.35  43.48  41.6  41.82  7006600  41.82
2012-04-09  43.04  43.66  42.89  43.25  5343800  43.25
2012-04-05  44.28  44.41  43.32  43.63  9295400  43.63
2012-04-04  45.25  45.46  43.98  44.05  27490400  44.05
2012-04-03  48.86  49.55  48.86  49.53  4904300  49.53
2012-04-02  48.93  49.37  48.63  49.08  4967800  49.08
2012-03-30  49.85  49.88  48.7  49.07  4243900  49.07
2012-03-29  49.56  49.86  48.84  49.7  3802000  49.7
2012-03-28  49.67  50.16  49.36  49.83  4004700  49.83
2012-03-27  49.95  50.47  49.58  49.6  4031300  49.6
2012-03-26  49.31  50.03  48.67  50.0  4626700  50.0
2012-03-23  49.46  49.79  47.9  48.89  9434200  48.89
2012-03-22  50.28  50.46  49.59  50.37  4185700  50.37
2012-03-21  49.61  51.26  49.41  50.76  6554500  50.76
2012-03-20  49.28  49.94  48.9  49.44  3927000  49.44
2012-03-19  49.47  50.24  49.28  49.71  4611300  49.71
2012-03-16  49.28  50.08  49.28  49.73  4228400  49.73
2012-03-15  49.26  49.84  48.64  49.18  3660400  49.18
2012-03-14  49.94  50.47  48.66  49.15  4729600  49.15
2012-03-13  49.57  50.28  49.21  50.2  3279800  50.2
2012-03-12  49.6  49.67  48.93  49.33  2486100  49.33
2012-03-09  48.97  50.22  48.76  49.73  3912400  49.73
2012-03-08  48.46  49.12  48.12  48.71  3756000  48.71
2012-03-07  48.3  48.5  47.68  47.98  4086100  47.98
2012-03-06  49.15  49.15  47.76  48.05  5402800  48.05
2012-03-05  50.17  50.75  49.7  49.72  5053800  49.72
2012-03-02  49.89  50.87  49.65  50.38  5384100  50.38
2012-03-01  49.47  50.03  48.94  50.01  5221500  50.01
2012-02-29  49.38  50.34  48.9  48.97  5108100  48.97
2012-02-28  48.88  49.57  48.46  49.25  4754400  49.25
2012-02-27  48.1  49.16  47.9  48.68  3311500  48.68
2012-02-24  48.48  48.9  48.25  48.63  4482300  48.63
2012-02-23  46.88  48.46  46.51  48.34  5165500  48.34
2012-02-22  46.94  47.26  46.71  46.99  3459900  46.99
2012-02-21  47.47  47.71  46.8  47.12  4273700  47.12
2012-02-17  47.86  48.13  47.0  47.29  5570900  47.29
2012-02-16  46.78  47.78  46.37  47.73  6820500  47.73
2012-02-15  46.99  48.05  46.73  47.18  8252500  47.18
2012-02-14  46.13  46.73  46.11  46.5  4755800  46.5
2012-02-13  46.51  46.64  45.51  46.15  4187000  46.15
2012-02-10  46.15  46.64  45.68  45.96  4675300  45.96
2012-02-09  46.38  47.0  45.9  46.71  4005900  46.71
2012-02-08  45.58  46.56  45.4  46.35  7566400  46.35
2012-02-07  46.86  46.89  45.13  45.43  9716000  45.43
2012-02-06  47.0  47.12  46.43  47.07  3161200  47.07
2012-02-03  46.52  47.11  46.24  47.05  4817000  47.05
2012-02-02  46.06  46.38  45.76  46.06  3554700  46.06
2012-02-01  45.88  46.45  45.43  46.0  6571800  46.0
2012-01-31  46.18  46.51  45.19  45.4  5628900  45.4
2012-01-30  45.9  46.01  45.13  45.81  6198400  45.81
2012-01-27  45.55  46.66  44.95  46.21  9814200  46.21
2012-01-26  47.31  47.5  45.03  45.91  31028600  45.91
2012-01-25  51.86  52.1  50.2  51.8  9106300  51.8
2012-01-24  51.14  51.4  50.39  50.66  6163200  50.66
2012-01-23  51.77  51.97  50.33  51.26  4556500  51.26
2012-01-20  52.04  52.52  51.64  51.94  4082900  51.94
2012-01-19  51.74  52.2  51.04  52.13  5648300  52.13
2012-01-18  49.82  51.7  49.66  51.53  7076600  51.53
2012-01-17  49.83  50.63  49.16  49.44  3946100  49.44
2012-01-13  49.86  49.87  48.85  49.37  4976300  49.37
2012-01-12  50.34  50.6  49.35  49.96  4386200  49.96
2012-01-11  50.21  50.63  49.84  50.02  2978800  50.02
2012-01-10  50.93  51.11  49.91  50.25  3062400  50.25
2012-01-09  49.74  50.46  49.48  50.3  4616900  50.3
2012-01-06  49.4  49.91  49.0  49.41  6826800  49.41
2012-01-05  47.86  48.68  47.61  48.6  3882500  48.6
2012-01-04  47.01  47.96  46.48  47.8  5051800  47.8
2012-01-03  48.59  48.75  46.59  47.1  8033800  47.1
2011-12-30  48.96  49.48  48.69  48.7  2458800  48.7
2011-12-29  48.72  48.97  48.16  48.92  2296700  48.92
2011-12-28  49.52  49.73  48.49  48.61  2689400  48.61
2011-12-27  49.94  50.13  49.38  49.58  1989100  49.58
2011-12-23  49.6  50.1  49.19  50.0  2796400  50.0
2011-12-22  48.06  49.35  48.02  49.14  4424300  49.14
2011-12-21  48.11  48.29  46.61  47.64  4792400  47.64
2011-12-20  47.07  48.49  47.07  48.33  4428400  48.33
2011-12-19  47.78  47.97  46.16  46.41  4316700  46.41
2011-12-16  47.64  48.58  47.16  47.41  5014700  47.41
2011-12-15  48.34  48.54  47.2  47.45  3419100  47.45
2011-12-14  49.04  49.32  46.99  47.85  6011100  47.85
2011-12-13  50.05  50.56  49.03  49.32  5959200  49.32
2011-12-12  49.11  49.61  48.53  49.52  4420300  49.52
2011-12-09  49.38  50.19  48.58  49.87  4443000  49.87
2011-12-08  49.48  50.37  49.24  49.38  4125500  49.38
2011-12-07  49.61  50.22  48.99  49.85  3934800  49.85
2011-12-06  50.1  50.86  49.51  49.85  4604400  49.85
2011-12-05  50.73  51.85  50.09  50.39  6493200  50.39
2011-12-02  49.77  50.33  49.45  49.8  5718200  49.8
2011-12-01  48.65  49.48  48.4  49.34  4866500  49.34
2011-11-30  47.41  48.81  47.32  48.8  8616800  48.8
2011-11-29  47.49  47.49  45.48  45.67  6729100  45.67
2011-11-28  46.76  47.52  46.62  47.24  4948600  47.24
2011-11-25  45.13  46.2  45.04  45.09  2695500  45.09
2011-11-23  46.76  47.01  45.17  45.31  5677500  45.31
2011-11-22  46.77  47.74  46.71  47.31  4409300  47.31
2011-11-21  47.57  47.69  46.28  46.96  6268200  46.96
2011-11-18  49.36  49.52  48.19  48.21  5187100  48.21
2011-11-17  50.33  50.47  47.6  49.01  8120800  49.01
2011-11-16  50.46  52.56  50.2  50.54  8617700  50.54
2011-11-15  50.47  51.11  49.69  50.77  5434600  50.77
2011-11-14  50.83  51.42  50.41  50.55  4095900  50.55
2011-11-11  49.53  51.41  49.38  51.12  6477400  51.12
2011-11-10  49.22  49.37  47.77  48.91  4862200  48.91
2011-11-09  49.68  49.74  48.19  48.56  6977700  48.56
2011-11-08  51.45  51.55  50.31  50.98  5084200  50.98
2011-11-07  50.42  51.41  50.07  51.28  4417800  51.28
2011-11-04  49.8  51.19  49.52  50.78  8430800  50.78
2011-11-03  49.19  50.27  47.9  49.89  6486800  49.89
2011-11-02  49.23  49.63  47.74  48.65  6259600  48.65
2011-11-01  48.74  48.84  47.85  48.51  9178800  48.51
2011-10-31  51.15  51.63  49.88  50.14  8014800  50.14
2011-10-28  51.29  52.91  51.14  52.83  8358200  52.83
2011-10-27  50.99  51.95  50.72  51.47  8209000  51.47
2011-10-26  49.67  50.47  48.85  49.79  10080300  49.79
2011-10-25  49.41  49.97  48.95  49.32  8224800  49.32
2011-10-24  49.16  50.5  49.07  50.41  9773700  50.41
2011-10-21  47.81  49.25  47.35  49.24  17195500  49.24
2011-10-20  44.78  46.78  44.55  45.03  13321700  45.03
2011-10-19  46.0  46.18  44.53  44.71  7473800  44.71
2011-10-18  45.44  46.77  44.37  46.42  6770300  46.42
2011-10-17  45.96  47.15  45.3  45.49  6151200  45.49
2011-10-14  46.08  46.76  45.45  46.3  5967400  46.3
2011-10-13  43.96  45.8  43.91  45.45  7503100  45.45
2011-10-12  44.66  44.93  43.95  43.99  6510700  43.99
2011-10-11  44.29  45.2  43.67  44.0  6721100  44.0
2011-10-10  43.23  44.53  43.16  44.45  6078500  44.45
2011-10-07  43.31  43.68  42.02  42.69  8099900  42.69
2011-10-06  42.21  43.51  41.87  43.2  7602200  43.2
2011-10-05  40.3  42.67  40.22  42.35  11495400  42.35
2011-10-04  38.03  40.27  37.24  40.23  12302400  40.23
2011-10-03  39.61  40.58  38.18  38.52  10119100  38.52
2011-09-30  39.58  41.59  39.11  39.94  9376900  39.94
2011-09-29  42.17  42.18  38.98  40.2  9253500  40.2
2011-09-28  42.9  43.07  41.3  41.36  6955000  41.36
2011-09-27  43.09  44.01  42.55  42.78  7692500  42.78
2011-09-26  41.76  42.51  40.78  42.42  9538000  42.42
2011-09-23  40.71  42.06  40.52  41.76  6957200  41.76
2011-09-22  40.67  41.37  40.14  40.99  10497300  40.99
2011-09-21  42.43  43.62  42.06  42.23  9911000  42.23
2011-09-20  43.43  43.76  41.96  42.21  8091400  42.21
2011-09-19  41.69  43.59  41.38  43.22  9642400  43.22
2011-09-16  42.8  42.89  41.91  42.34  8529800  42.34
2011-09-15  42.47  43.02  41.89  42.63  11765800  42.63
2011-09-14  40.79  42.95  40.72  42.22  18558000  42.22
2011-09-13  39.6  40.6  39.48  40.52  10956900  40.52
2011-09-12  37.7  39.77  37.7  39.6  11129600  39.6
2011-09-09  37.85  40.03  37.81  38.33  14445700  38.33
2011-09-08  37.52  39.86  37.34  38.12  13773600  38.12
2011-09-07  35.83  37.41  35.82  37.24  7966000  37.24
2011-09-06  33.24  35.44  33.04  35.2  9020300  35.2
2011-09-02  35.03  35.63  34.27  34.58  6290600  34.58
2011-09-01  36.25  37.59  35.84  35.89  8334300  35.89
2011-08-31  37.17  37.37  35.95  36.27  7577700  36.27
2011-08-30  36.78  37.18  36.03  36.7  8108600  36.7
2011-08-29  35.13  37.12  35.13  37.0  8728000  37.0
2011-08-26  33.23  34.98  32.26  34.44  11595200  34.44
2011-08-25  34.74  35.31  33.4  33.54  6515800  33.54
2011-08-24  34.08  35.06  33.61  34.56  7761000  34.56
2011-08-23  32.31  34.04  32.0  33.99  7213500  33.99
2011-08-22  32.96  33.16  31.9  32.03  7756900  32.03
2011-08-19  32.53  33.69  32.11  32.16  8365500  32.16
2011-08-18  34.68  34.8  32.97  33.29  11694500  33.29
2011-08-17  36.62  37.21  35.52  35.88  7795500  35.88
2011-08-16  37.79  38.1  36.14  36.65  8260700  36.65
2011-08-15  37.79  38.17  37.21  37.8  7477700  37.8
2011-08-12  38.55  38.7  37.19  37.69  7385000  37.69
2011-08-11  36.33  38.46  35.99  37.9  10963100  37.9
2011-08-10  36.75  37.84  35.46  36.13  12638700  36.13
2011-08-09  36.37  37.57  35.1  37.54  10732900  37.54
2011-08-08  37.09  38.13  35.02  35.69  12421900  35.69
2011-08-05  39.94  40.47  37.4  38.91  13574900  38.91
2011-08-04  41.56  41.98  39.21  39.22  10138200  39.22
2011-08-03  40.55  42.24  39.65  42.1  10368200  42.1
2011-08-02  41.17  41.71  40.2  40.25  7258200  40.25
2011-08-01  42.69  43.09  41.07  41.67  7222700  41.67
2011-07-29  41.26  43.4  41.16  42.09  7953800  42.09
2011-07-28  41.81  42.43  41.27  41.82  6570200  41.82
2011-07-27  43.04  43.07  41.54  41.56  8972100  41.56
2011-07-26  43.45  44.17  43.27  43.39  7146400  43.39
2011-07-25  44.65  44.78  43.3  43.42  8959000  43.42
2011-07-22  43.54  45.99  43.46  45.1  17540000  45.1
2011-07-21  40.71  41.45  40.02  41.14  10873300  41.14
2011-07-20  41.85  41.93  40.75  41.04  6809400  41.04
2011-07-19  40.46  41.81  40.46  41.54  6010800  41.54
2011-07-18  40.78  41.0  39.49  40.08  5915100  40.08
2011-07-15  41.07  41.33  40.42  41.19  5087000  41.19
2011-07-14  41.64  42.3  40.57  40.73  5670000  40.73
2011-07-13  41.09  42.28  40.74  41.44  6345000  41.44
2011-07-12  41.17  41.29  40.1  40.75  5595600  40.75
2011-07-11  42.11  42.36  40.87  41.34  5791800  41.34
2011-07-08  42.51  42.99  42.26  42.59  4192400  42.59
2011-07-07  43.0  43.47  42.57  43.17  5030300  43.17
2011-07-06  42.8  43.04  42.01  42.56  5450100  42.56
2011-07-05  43.15  43.53  42.77  43.0  6817600  43.0
2011-07-01  41.13  42.48  41.08  42.36  5753300  42.36
2011-06-30  40.14  41.22  40.14  41.07  5737100  41.07
2011-06-29  40.43  40.54  39.69  40.07  5416000  40.07
2011-06-28  39.95  40.38  39.59  40.35  7249600  40.35
2011-06-27  38.63  40.31  38.58  39.94  10407500  39.94
2011-06-24  42.09  42.15  38.39  38.54  21064400  38.54
2011-06-23  41.54  42.65  41.13  42.43  6837100  42.43
2011-06-22  42.37  42.7  42.02  42.1  3788500  42.1
2011-06-21  41.59  42.89  41.31  42.41  6379000  42.41
2011-06-20  40.29  41.54  40.27  41.36  6657600  41.36
2011-06-17  42.42  42.48  40.25  40.51  8513800  40.51
2011-06-16  41.81  42.93  41.52  41.8  7307300  41.8
2011-06-15  42.37  43.32  41.72  41.74  6792400  41.74
2011-06-14  42.55  43.23  42.38  42.75  6403700  42.75
2011-06-13  42.01  42.32  41.55  42.01  6332900  42.01
2011-06-10  42.13  42.59  41.17  42.09  7253800  42.09
2011-06-09  42.31  42.5  41.88  42.09  4812200  42.09
2011-06-08  42.4  42.68  41.83  42.2  6353500  42.2
2011-06-07  43.42  43.74  42.58  42.6  4404300  42.6
2011-06-06  43.85  43.85  42.55  42.79  5287400  42.79
2011-06-03  44.16  44.52  43.69  43.8  4406500  43.8
2011-06-02  44.68  45.35  44.33  44.91  5271900  44.91
2011-06-01  46.6  46.6  44.59  44.64  8316100  44.64
2011-05-31  46.29  47.13  45.87  47.03  7588500  47.03
2011-05-27  45.28  45.75  45.16  45.56  3998600  45.56
2011-05-26  44.99  45.76  44.81  45.18  3816900  45.18
2011-05-25  44.94  45.16  44.14  44.94  3904200  44.94
2011-05-24  45.19  45.52  44.44  44.6  4243500  44.6
2011-05-23  44.85  45.49  44.54  45.15  5200000  45.15
2011-05-20  46.04  46.76  45.91  45.98  5769100  45.98
2011-05-19  46.08  46.19  45.01  46.0  5372700  46.0
2011-05-18  45.8  46.16  44.97  45.97  7886500  45.97
2011-05-17  46.96  47.05  45.44  45.86  11417600  45.86
2011-05-16  46.98  49.21  46.89  47.45  11947100  47.45
2011-05-13  46.96  46.97  45.96  46.01  4212400  46.01
2011-05-12  46.76  47.09  46.35  46.88  4200000  46.88
2011-05-11  47.34  48.15  46.5  46.97  6505400  46.97
2011-05-10  47.06  47.6  46.81  47.38  4124500  47.38
2011-05-09  47.22  47.31  46.27  46.8  3356000  46.8
2011-05-06  47.48  47.86  46.42  46.66  4305800  46.66
2011-05-05  46.44  47.54  46.3  46.85  5600000  46.85
2011-05-04  47.08  47.34  45.86  46.74  6909400  46.74
2011-05-03  47.89  48.26  46.76  46.94  5797000  46.94
2011-05-02  49.27  49.35  48.04  48.18  4533800  48.18
2011-04-29  49.06  49.13  48.14  48.82  4851700  48.82
2011-04-28  49.83  49.94  48.66  48.88  4900000  48.88
2011-04-27  50.07  50.61  49.57  50.04  5525000  50.04
2011-04-26  49.33  50.47  49.06  49.84  6100000  49.84
2011-04-25  48.09  50.3  47.14  49.26  10676500  49.26
2011-04-21  48.49  49.1  48.01  48.48  11046400  48.48
2011-04-20  47.11  48.06  47.01  47.95  6163500  47.95
2011-04-19  45.87  46.51  45.5  46.4  3705000  46.4
2011-04-18  45.65  45.94  44.63  45.83  4795600  45.83
2011-04-15  46.1  46.5  45.54  46.29  4072700  46.29
2011-04-14  45.51  46.33  45.05  46.2  4228600  46.2
2011-04-13  46.05  46.49  45.53  45.94  4082700  45.94
2011-04-12  45.44  45.89  44.85  45.53  5233600  45.53
2011-04-11  46.39  46.66  45.69  45.95  4356700  45.95
2011-04-08  48.0  48.18  46.05  46.28  6062800  46.28
2011-04-07  47.1  47.99  46.56  47.56  6403300  47.56
2011-04-06  47.85  48.24  46.34  47.06  6665200  47.06
2011-04-05  46.9  47.84  46.14  47.15  7362400  47.15
2011-04-04  45.41  46.37  45.24  46.12  6091500  46.12
2011-04-01  46.01  46.17  44.72  45.04  5640500  45.04
2011-03-31  44.99  45.95  44.94  45.61  5548300  45.61
2011-03-30  45.77  45.77  44.17  44.94  7135100  44.94
2011-03-29  44.82  45.4  44.48  45.38  4527500  45.38
2011-03-28  44.82  45.62  44.65  44.82  6470700  44.82
2011-03-25  44.56  44.91  44.15  44.54  5929000  44.54
2011-03-24  44.1  44.94  43.86  44.23  9060500  44.23
2011-03-23  42.84  43.18  42.39  43.01  5310800  43.01
2011-03-22  43.66  43.78  42.65  43.04  5357100  43.04
2011-03-21  43.96  43.98  43.11  43.68  9647000  43.68
2011-03-18  43.57  43.64  42.39  42.86  8148100  42.86
2011-03-17  42.44  43.24  41.86  42.59  9525500  42.59
2011-03-16  42.85  43.24  40.67  41.65  15309000  41.65
2011-03-15  42.88  43.61  41.82  43.27  11996900  43.27
2011-03-14  44.82  46.03  43.54  44.35  11928700  44.35
2011-03-11  43.08  45.25  43.08  44.6  7896600  44.6
2011-03-10  44.89  45.19  43.97  44.46  8614700  44.46
2011-03-09  46.11  46.2  45.15  45.66  7128800  45.66
2011-03-08  46.36  47.18  45.52  46.42  4903300  46.42
2011-03-07  47.35  47.82  45.37  46.39  10348600  46.39
2011-03-04  47.71  47.86  46.72  47.19  5243500  47.19
2011-03-03  47.95  48.44  47.68  47.72  4945300  47.72
2011-03-02  47.03  48.75  46.92  47.14  7719700  47.14
2011-03-01  48.95  48.98  47.05  47.27  8297200  47.27
2011-02-28  50.11  50.36  48.49  49.08  5782300  49.08
2011-02-25  49.13  50.01  48.42  49.66  7405900  49.66
2011-02-24  47.71  49.19  47.04  48.51  9281200  48.51
2011-02-23  48.69  48.8  46.53  47.64  8380700  47.64
2011-02-22  49.97  50.36  47.97  48.34  7290800  48.34
2011-02-18  51.13  51.21  50.44  50.85  4153800  50.85
2011-02-17  50.69  51.62  50.57  51.2  4490600  51.2
2011-02-16  50.97  51.24  50.01  50.83  5351600  50.83
2011-02-15  52.13  52.7  50.44  50.69  9350300  50.69
2011-02-14  50.71  52.74  50.71  52.12  9342700  52.12
2011-02-11  49.98  50.7  49.67  50.48  4132100  50.48
2011-02-10  49.04  50.37  48.84  50.28  6343100  50.28
2011-02-09  49.1  50.19  48.85  49.61  6692000  49.61
2011-02-08  48.17  49.63  47.76  49.28  12440000  49.28
2011-02-07  47.76  48.12  47.02  47.3  6883900  47.3
2011-02-04  46.97  47.64  46.52  47.53  8198100  47.53
2011-02-03  48.08  48.54  47.06  47.11  9800900  47.11
2011-02-02  45.96  47.7  45.78  47.47  11551100  47.47
2011-02-01  45.59  46.81  45.53  46.01  12848400  46.01
2011-01-31  46.51  46.56  44.37  44.9  16526100  44.9
2011-01-28  50.84  50.94  45.68  46.31  25888700  46.31
2011-01-27  49.88  51.29  49.88  50.79  10186500  50.79
2011-01-26  48.39  49.52  47.47  49.45  9043400  49.45
2011-01-25  49.8  49.9  47.65  48.05  11679100  48.05
2011-01-24  49.55  50.3  48.45  50.15  7119100  50.15
2011-01-21  49.81  50.53  49.29  49.45  8239000  49.45
2011-01-20  50.85  50.91  48.51  49.43  8803200  49.43
2011-01-19  53.04  53.05  50.77  50.96  7296000  50.96
2011-01-18  52.09  52.51  51.27  52.51  5184000  52.51
2011-01-14  50.65  52.25  50.57  52.22  4609400  52.22
2011-01-13  51.43  51.66  50.49  50.87  4916300  50.87
2011-01-12  51.42  51.75  50.7  51.33  6655100  51.33
2011-01-11  52.92  53.05  51.23  51.66  6099100  51.66
2011-01-10  51.88  52.8  51.72  52.69  4955600  52.69
2011-01-07  52.1  52.86  51.13  51.83  5113400  51.83
2011-01-06  51.97  52.66  51.76  52.18  6243400  52.18
2011-01-05  50.25  52.04  50.18  51.71  6675000  51.71
2011-01-04  50.96  51.43  49.25  50.28  6746700  50.28
2011-01-03  50.14  51.18  50.08  50.71  5149200  50.71
2010-12-31  49.77  49.89  48.93  49.34  2635500  49.34
2010-12-30  49.36  50.23  49.18  49.84  2943500  49.84
2010-12-29  49.73  49.79  49.04  49.26  3440800  49.26
2010-12-28  50.6  50.82  49.63  49.63  3295900  49.63
2010-12-27  49.9  50.69  49.23  50.32  2998000  50.32
2010-12-23  49.85  50.09  49.4  49.89  3601600  49.89
2010-12-22  51.4  51.77  50.18  50.48  6571100  50.48
2010-12-21  49.49  51.21  49.37  51.1  8734700  51.1
2010-12-20  48.47  49.31  48.14  48.7  6190500  48.7
2010-12-17  48.04  48.69  47.93  48.36  6310200  48.36
2010-12-16  47.82  48.88  47.7  48.18  6973000  48.18
2010-12-15  48.78  49.12  47.54  47.68  8410900  47.68
2010-12-14  49.29  49.88  48.27  48.87  7411100  48.87
2010-12-13  49.74  50.44  49.31  49.35  9943200  49.35
2010-12-10  47.14  49.54  47.1  49.08  13700400  49.08
2010-12-09  47.65  47.7  45.98  47.15  7562800  47.15
2010-12-08  47.28  47.97  46.66  47.39  6019300  47.39
2010-12-07  48.15  48.23  47.19  47.25  7076500  47.25
2010-12-06  47.29  47.65  46.42  47.22  8973300  47.22
2010-12-03  47.28  48.48  47.27  47.81  7594400  47.81
2010-12-02  46.67  47.74  46.52  47.5  9082900  47.5
2010-12-01  44.99  46.53  44.97  46.41  11999400  46.41
2010-11-30  44.1  45.03  43.86  44.14  10428700  44.14
2010-11-29  44.25  45.22  44.01  44.75  8776500  44.75
2010-11-26  44.03  44.78  43.67  44.48  4513400  44.48
2010-11-24  42.88  45.12  42.82  44.54  14392800  44.54
2010-11-23  41.61  42.91  41.6  42.51  13108500  42.51
2010-11-22  40.7  42.39  40.63  42.13  14662200  42.13
2010-11-19  38.1  39.73  38.1  39.56  9269700  39.56
2010-11-18  38.23  38.72  37.95  38.09  5814000  38.09
2010-11-17  37.82  38.38  37.4  37.54  5257000  37.54
2010-11-16  38.45  38.57  37.28  37.82  7989800  37.82
2010-11-15  39.62  39.81  38.7  38.76  5653200  38.76
2010-11-12  39.73  40.33  38.85  39.16  7249900  39.16
2010-11-11  38.98  40.38  38.76  40.0  7771600  40.0
2010-11-10  39.51  40.11  38.81  39.86  9280100  39.86
2010-11-09  40.99  41.05  39.17  39.47  8479700  39.47
2010-11-08  40.78  41.51  40.77  40.94  7290500  40.94
2010-11-05  40.23  42.0  40.08  40.88  12888300  40.88
2010-11-04  38.2  40.14  38.01  39.93  16287900  39.93
2010-11-03  37.01  37.78  36.89  37.7  7103400  37.7
2010-11-02  37.32  37.36  36.83  37.05  6581700  37.05
2010-11-01  37.45  37.48  36.39  36.97  8525300  36.97
2010-10-29  37.81  38.39  37.17  37.24  9169400  37.24
2010-10-28  37.85  38.21  37.44  37.65  10307700  37.65
2010-10-27  36.91  37.71  36.52  37.48  10808600  37.48
2010-10-26  36.76  37.21  36.25  36.8  10497700  36.8
2010-10-25  36.82  37.58  36.68  37.02  9253300  37.02
2010-10-22  38.3  38.33  36.58  36.61  23691900  36.61
2010-10-21  38.14  38.14  36.38  36.73  21091300  36.73
2010-10-20  37.98  38.92  36.82  37.91  19576600  37.91
2010-10-19  37.81  39.28  37.02  37.73  13921000  37.73
2010-10-18  39.19  39.95  38.33  38.51  9889600  38.51
2010-10-15  38.56  38.92  37.99  38.8  8601500  38.8
2010-10-14  39.19  39.39  37.81  38.3  12296300  38.3
2010-10-13  40.17  40.36  39.13  39.53  11154500  39.53
2010-10-12  38.72  39.91  38.63  39.65  8060000  39.65
2010-10-11  39.11  39.58  38.7  39.03  6896400  39.03
2010-10-08  37.26  39.25  36.86  39.11  12161700  39.11
2010-10-07  37.28  37.53  36.61  36.86  6117600  36.86
2010-10-06  37.43  38.25  36.47  36.93  9123200  36.93
2010-10-05  36.55  37.45  36.13  37.25  8896500  37.25
2010-10-04  36.61  36.75  35.56  35.9  7268600  35.9
2010-10-01  36.85  37.12  36.17  36.65  7192000  36.65
2010-09-30  37.7  37.75  35.66  36.27  11196100  36.27
2010-09-29  35.58  37.9  35.43  37.25  15111900  37.25
2010-09-28  35.63  35.98  35.13  35.61  8498100  35.61
2010-09-27  35.5  36.0  34.94  35.52  8006900  35.52
2010-09-24  35.47  35.68  35.02  35.48  10467900  35.48
2010-09-23  34.94  35.69  34.51  34.91  10526200  34.91
2010-09-22  34.49  35.57  34.23  35.38  12737200  35.38
2010-09-21  36.59  36.74  34.75  35.1  25194200  35.1
2010-09-20  37.85  37.96  36.52  37.37  13234100  37.37
2010-09-17  38.75  38.87  37.1  37.72  15258400  37.72
2010-09-16  39.27  39.27  38.35  38.9  8793600  38.9
2010-09-15  38.66  39.47  38.62  39.32  7537400  39.32
2010-09-14  38.17  39.43  37.66  39.1  12803700  39.1
2010-09-13  37.26  38.64  37.23  38.39  11032000  38.39
2010-09-10  37.73  37.86  35.9  36.56  10538700  36.56
2010-09-09  37.95  38.34  37.12  37.56  10720000  37.56
2010-09-08  36.52  37.41  36.29  37.12  10567000  37.12
2010-09-07  36.72  37.09  36.12  36.23  10183500  36.23
2010-09-03  36.62  37.15  36.21  36.57  12562400  36.57
2010-09-02  34.71  35.97  33.79  35.64  16832400  35.64
2010-09-01  33.58  35.03  33.4  34.45  14269700  34.45
2010-08-31  33.77  33.85  32.69  32.79  16130700  32.79
2010-08-30  34.23  34.6  33.7  33.9  14731800  33.9
2010-08-27  35.9  36.15  33.25  33.83  29008300  33.83
2010-08-26  38.04  38.04  35.02  35.41  19326000  35.41
2010-08-25  37.24  37.65  35.9  37.37  21359200  37.37
2010-08-24  38.67  38.79  37.42  37.87  18571800  37.87
2010-08-23  41.57  41.68  40.3  40.31  10979200  40.31
2010-08-20  41.14  41.42  40.47  41.07  19697900  41.07
2010-08-19  43.02  43.5  41.36  41.46  17413100  41.46
2010-08-18  42.97  44.52  42.49  44.39  9850600  44.39
2010-08-17  42.65  43.71  42.25  43.12  7965300  43.12
2010-08-16  40.88  42.52  40.35  42.07  7200900  42.07
2010-08-13  41.73  42.39  41.11  41.11  6341000  41.11
2010-08-12  41.17  42.38  40.75  41.78  7090600  41.78
2010-08-11  44.04  44.12  41.82  42.39  12514400  42.39
2010-08-10  45.16  45.47  44.24  45.13  9314800  45.13
2010-08-09  45.26  46.12  44.68  45.89  7857400  45.89
2010-08-06  44.59  44.98  43.75  44.67  7868400  44.67
2010-08-05  45.45  45.97  44.93  45.23  5869600  45.23
2010-08-04  44.64  45.76  44.58  45.75  8125700  45.75
2010-08-03  44.84  44.88  43.93  44.61  6994500  44.61
2010-08-02  44.04  45.01  43.55  44.84  9115700  44.84
2010-07-30  42.56  43.37  41.96  43.25  8840800  43.25
2010-07-29  43.08  43.63  42.06  43.2  10943900  43.2
2010-07-28  43.18  43.97  42.2  42.62  10793700  42.62
2010-07-27  42.45  43.44  41.81  43.08  12472700  43.08
2010-07-26  41.14  42.04  41.02  41.97  9299900  41.97
2010-07-23  40.01  41.01  39.49  41.0  24875600  41.0
2010-07-22  42.77  43.21  41.66  42.65  14804600  42.65
2010-07-21  42.55  43.02  41.5  41.68  13704400  41.68
2010-07-20  40.1  41.89  39.04  41.84  14360800  41.84
2010-07-19  41.54  42.11  40.74  41.36  9685200  41.36
2010-07-16  43.33  43.38  41.37  41.49  11798800  41.49
2010-07-15  44.4  44.62  43.12  43.51  9590800  43.51
2010-07-14  46.19  46.25  44.22  44.66  11917700  44.66
2010-07-13  46.3  46.32  44.54  45.24  12517100  45.24
2010-07-12  43.7  45.61  43.49  45.33  15268100  45.33
2010-07-09  42.82  42.91  41.88  42.45  8993600  42.45
2010-07-08  44.03  44.44  42.39  43.09  11319700  43.09
2010-07-07  41.78  43.17  41.47  43.08  10330800  43.08
2010-07-06  42.1  42.76  40.59  41.34  10674300  41.34
2010-07-02  42.43  42.43  40.31  41.04  8892700  41.04
2010-07-01  41.83  42.42  39.73  41.73  15367100  41.73
2010-06-30  42.76  43.86  41.36  41.63  11680000  41.63
2010-06-29  44.24  44.32  41.86  42.2  15587100  42.2
2010-06-28  46.06  46.93  45.35  45.36  11060400  45.36
2010-06-25  45.89  45.99  44.47  45.62  13164100  45.62
2010-06-24  46.28  46.59  45.19  45.32  11006600  45.32
2010-06-23  46.76  47.17  45.25  46.38  11504800  46.38
2010-06-22  48.0  48.89  46.51  46.59  10804200  46.59
2010-06-21  49.66  50.02  47.16  47.54  12112400  47.54
2010-06-18  49.2  49.27  48.33  48.51  8804900  48.51
2010-06-17  49.17  49.29  47.92  49.18  9996700  49.18
2010-06-16  48.13  49.77  47.9  48.88  15243200  48.88
2010-06-15  47.3  48.41  47.12  48.17  15939100  48.17
2010-06-14  45.67  47.75  45.63  46.85  22188600  46.85
2010-06-11  43.15  44.23  42.37  44.14  8974100  44.14
2010-06-10  43.36  44.26  43.1  44.03  8497000  44.03
2010-06-09  42.91  44.52  42.04  42.31  12460800  42.31
2010-06-08  43.33  43.68  40.89  42.58  12028600  42.58
2010-06-07  44.56  45.35  42.62  42.77  12525700  42.77
2010-06-04  45.52  46.77  44.24  44.41  12699900  44.41
2010-06-03  46.39  46.89  45.49  46.61  9731400  46.61
2010-06-02  45.12  46.16  44.71  45.95  10889400  45.95
2010-06-01  45.57  47.0  44.45  44.53  11168000  44.53
2010-05-28  46.52  47.02  45.09  46.14  12776800  46.14
2010-05-27  44.42  46.39  44.09  46.36  15934800  46.36
2010-05-26  43.29  45.49  42.75  43.11  20406700  43.11
2010-05-25  39.84  42.83  39.64  42.73  11718000  42.73
2010-05-24  41.29  42.2  41.16  41.38  8672300  41.38
2010-05-21  38.53  41.45  38.23  41.05  11477000  41.05
2010-05-20  38.79  40.46  38.22  39.25  13590800  39.25
2010-05-19  40.22  41.53  39.32  40.0  10444100  40.0
2010-05-18  42.87  43.27  40.7  41.02  10272600  41.02
2010-05-17  41.21  42.33  40.0  42.24  11209800  42.24
2010-05-14  41.76  42.03  39.93  41.46  10942700  41.46
2010-05-13  43.47  44.74  42.13  42.38  11283800  42.38
2010-05-12  42.5  43.94  42.32  43.81  14419000  43.81
2010-05-11  40.33  42.75  40.3  41.81  11931400  41.81
2010-05-10  39.76  41.17  39.73  41.11  15230500  41.11
2010-05-07  39.41  40.2  34.76  37.22  25482700  37.22
2010-05-06  41.04  42.64  33.65  39.35  18210700  39.35
2010-05-05  40.38  41.82  39.35  41.39  12106700  41.39
2010-05-04  42.26  42.34  40.38  41.26  14418500  41.26
2010-05-03  39.91  43.55  39.89  43.07  17646900  43.07
2010-04-30  41.59  41.67  39.34  39.43  10311400  39.43
2010-04-29  41.56  41.78  40.93  41.58  6296400  41.58
2010-04-28  41.56  41.96  40.33  41.4  13659400  41.4
2010-04-27  42.74  42.81  41.13  41.38  13308700  41.38
2010-04-26  43.73  44.43  43.04  43.07  16663700  43.07
2010-04-23  41.73  44.31  41.26  44.15  21323700  44.15
2010-04-22  39.2  42.03  38.72  41.78  26150900  41.78
2010-04-21  37.75  38.2  36.57  37.2  13757100  37.2
2010-04-20  36.54  37.23  36.15  36.99  7318400  36.99
2010-04-19  36.41  37.1  34.96  36.31  14110300  36.31
2010-04-16  37.89  38.02  36.55  37.35  13664500  37.35
2010-04-15  37.56  39.14  37.43  38.23  12535200  38.23
2010-04-14  36.55  38.04  36.55  37.29  16037100  37.29
2010-04-13  35.8  36.3  35.51  35.59  5861800  35.59
2010-04-12  35.72  36.49  35.69  35.87  5647800  35.87
2010-04-09  35.35  35.73  34.9  35.66  5689100  35.66
2010-04-08  35.13  35.41  34.34  35.26  6374000  35.26
2010-04-07  35.58  35.86  34.96  35.37  6420100  35.37
2010-04-06  35.34  35.65  34.99  35.47  5626400  35.47
2010-04-05  34.72  35.74  34.59  35.62  7735800  35.62
2010-04-01  34.83  35.48  33.96  34.35  7690700  34.35
2010-03-31  34.24  34.83  34.17  34.27  5247500  34.27
2010-03-30  35.05  35.35  34.27  34.62  6154700  34.62
2010-03-29  34.7  35.27  34.6  34.77  5701900  34.77
2010-03-26  35.01  35.07  34.21  34.34  9596200  34.34
2010-03-25  35.37  35.88  34.44  34.59  8471300  34.59
2010-03-24  34.34  35.12  33.95  34.81  10888800  34.81
2010-03-23  33.6  35.01  33.57  34.47  12776800  34.47
2010-03-22  31.67  33.65  31.49  33.47  8124500  33.47
2010-03-19  32.69  32.76  31.48  31.91  8430700  31.91
2010-03-18  33.01  33.08  32.46  32.71  6197300  32.71
2010-03-17  33.54  33.89  32.83  32.94  7785600  32.94
2010-03-16  33.42  33.93  32.94  33.52  6423300  33.52
2010-03-15  33.1  33.44  32.66  33.16  5484000  33.16
2010-03-12  33.96  34.13  33.23  33.45  7366500  33.45
2010-03-11  33.74  33.88  33.11  33.85  6845000  33.85
2010-03-10  33.27  34.41  33.22  33.71  9477500  33.71
2010-03-09  33.06  33.89  32.72  33.14  7894000  33.14
2010-03-08  33.15  33.64  33.05  33.06  8730300  33.06
2010-03-05  32.24  33.4  32.16  32.97  11070600  32.97
2010-03-04  31.55  31.97  31.2  31.84  8383700  31.84
2010-03-03  32.16  32.31  31.2  31.47  11031200  31.47
2010-03-02  32.42  32.9  31.93  32.14  12290200  32.14
2010-03-01  29.54  32.41  29.54  32.29  21311800  32.29
2010-02-26  28.34  28.94  27.78  28.85  8043700  28.85
2010-02-25  27.68  28.36  27.26  28.22  7879400  28.22
2010-02-24  27.62  28.36  27.58  27.94  7242300  27.94
2010-02-23  28.33  28.4  27.07  27.48  11375400  27.48
2010-02-22  29.1  29.29  28.4  28.72  6551900  28.72
2010-02-19  28.27  29.19  28.27  28.83  6266900  28.83
2010-02-18  28.32  28.8  27.91  28.66  7455900  28.66
2010-02-17  28.11  29.04  27.81  28.52  18238300  28.52
2010-02-16  27.01  27.29  26.82  27.06  9389300  27.06
2010-02-12  26.14  26.75  25.76  26.7  9659600  26.7
2010-02-11  25.76  26.9  25.55  26.51  10362000  26.51
2010-02-10  26.38  26.52  25.35  25.82  8479700  25.82
2010-02-09  26.63  26.76  25.69  26.48  11136000  26.48
2010-02-08  25.88  26.72  25.6  26.1  6712700  26.1
2010-02-05  25.2  25.9  24.89  25.82  10640300  25.82
2010-02-04  26.28  26.28  25.2  25.38  9526100  25.38
2010-02-03  26.38  26.89  26.29  26.64  8353500  26.64
2010-02-02  26.16  26.79  25.84  26.64  10309700  26.64
2010-02-01  25.18  26.17  24.85  25.99  12773400  25.99
2010-01-29  26.95  27.21  24.65  25.16  36262200  25.16
2010-01-28  30.04  30.18  28.32  28.48  17800600  28.48
2010-01-27  28.91  29.69  28.32  29.63  13108700  29.63
2010-01-26  28.62  29.49  28.24  28.93  9723400  28.93
2010-01-25  28.65  29.18  28.28  28.87  10821000  28.87
2010-01-22  29.01  29.56  27.99  28.1  13723400  28.1
2010-01-21  29.15  29.84  28.51  29.05  10424900  29.05
2010-01-20  29.23  29.28  28.29  28.9  9064400  28.9
2010-01-19  28.09  29.8  27.96  29.74  11820400  29.74
2010-01-15  29.12  29.4  27.5  27.69  14386900  27.69
2010-01-14  29.7  29.79  29.01  29.26  5300000  29.26
2010-01-13  28.94  29.99  28.73  29.83  7479600  29.83
2010-01-12  29.8  30.07  28.31  28.73  11259100  28.73
2010-01-11  31.15  31.15  29.85  30.17  7435600  30.17
2010-01-08  30.0  30.93  29.99  30.81  6400700  30.81
2010-01-07  31.18  31.18  29.76  30.05  10603300  30.05
2010-01-06  30.44  31.74  30.36  31.1  12631200  31.1
2010-01-05  30.37  30.72  29.75  30.27  11092000  30.27
2010-01-04  29.39  30.17  29.23  30.07  10144800  30.07
