Date  Open  High  Low  Close  Volume  Adj Close
2014-02-28  94.27  94.75  93.89  94.47  1056800  94.47
2014-02-27  92.56  95.84  92.0  94.1  2792700  94.1
2014-02-26  93.17  93.62  91.02  92.3  1411900  92.3
2014-02-25  92.8  93.94  92.54  93.08  1124500  93.08
2014-02-24  93.24  94.24  92.56  92.57  1103100  92.57
2014-02-21  93.18  93.75  92.96  93.0  1151600  93.0
2014-02-20  92.79  93.45  92.45  92.93  961200  92.93
2014-02-19  93.44  94.54  92.61  92.63  1422900  92.63
2014-02-18  93.22  93.88  93.22  93.42  1062100  93.42
2014-02-14  92.94  93.19  92.34  93.15  1003100  93.15
2014-02-13  92.01  92.94  91.78  92.9  1656600  92.9
2014-02-12  92.91  93.45  92.11  92.43  2603600  92.43
2014-02-11  92.68  94.34  92.63  93.5  2467800  93.5
2014-02-10  92.03  92.89  91.54  92.68  1212600  92.68
2014-02-07  91.56  92.6  90.86  92.24  1004500  92.24
2014-02-06  90.38  91.44  89.87  91.23  1054400  91.23
2014-02-05  90.7  90.84  90.06  90.48  1498800  90.48
2014-02-04  92.33  92.33  90.83  91.15  1314400  91.15
2014-02-03  92.87  94.44  91.69  91.95  1514200  91.95
2014-01-31  90.84  92.94  90.71  92.71  1956700  92.71
2014-01-30  90.69  91.8  90.53  91.5  968400  91.5
2014-01-29  89.94  90.52  89.94  90.22  2082400  90.22
2014-01-28  90.2  90.8  89.93  90.2  1484300  90.2
2014-01-27  90.51  90.83  89.93  90.06  1216900  90.06
2014-01-24  91.47  92.19  90.26  90.28  1490100  90.28
2014-01-23  92.43  92.6  91.5  92.21  812200  92.21
2014-01-22  92.8  93.53  92.67  92.81  880900  92.81
2014-01-21  92.28  92.97  91.78  92.93  700900  92.93
2014-01-17  92.33  92.45  91.73  91.95  650900  91.95
2014-01-16  92.05  92.19  91.32  92.14  672000  92.14
2014-01-15  91.88  92.75  91.78  92.0  1486800  92.0
2014-01-14  90.9  91.69  90.53  91.67  996000  91.67
2014-01-13  91.55  92.17  90.65  90.86  872900  90.86
2014-01-10  90.92  92.97  90.89  91.93  1349300  91.93
2014-01-09  89.91  90.35  89.77  90.33  1275400  90.33
2014-01-08  90.36  90.64  89.56  89.74  2138200  89.74
2014-01-07  89.13  90.62  89.13  90.5  1472500  90.5
2014-01-06  87.03  89.24  86.73  89.16  1614000  89.16
2014-01-03  88.41  89.15  88.11  88.8  1177200  88.8
2014-01-02  89.55  89.67  88.13  88.44  1327200  88.44
2013-12-31  89.69  89.99  89.54  89.76  892200  89.76
2013-12-30  89.25  89.76  88.97  89.49  1081100  89.49
2013-12-27  89.5  89.5  88.69  89.19  669700  89.19
2013-12-26  88.92  89.19  88.43  88.82  1700300  88.82
2013-12-24  88.16  89.0  87.84  88.83  729200  88.83
2013-12-23  89.35  89.36  88.03  88.34  1378900  88.34
2013-12-20  87.84  89.79  87.84  89.17  1926900  89.17
2013-12-19  87.29  87.82  86.5  87.69  949900  87.69
2013-12-18  86.76  87.85  85.4  87.82  2059600  87.82
2013-12-17  86.57  86.7  85.81  86.64  1173600  86.64
2013-12-16  86.3  86.83  85.95  86.29  517900  86.29
2013-12-13  86.1  86.34  85.62  85.88  513500  85.88
2013-12-12  86.21  87.06  85.95  86.0  811700  86.0
2013-12-11  87.25  87.26  86.12  86.23  914200  86.23
2013-12-10  87.18  87.87  86.64  87.26  1781300  87.26
2013-12-09  87.39  87.58  86.66  87.12  892700  87.12
2013-12-06  87.24  88.05  86.82  87.45  1145700  87.45
2013-12-05  87.14  87.33  86.51  86.76  800600  86.76
2013-12-04  87.04  87.45  86.31  87.37  1109600  87.37
2013-12-03  87.18  87.94  86.98  87.68  1045400  87.68
2013-12-02  87.69  88.44  87.0  87.44  1467700  87.44
2013-11-29  87.0  88.28  87.0  87.82  615800  87.82
2013-11-27  87.56  87.92  87.21  87.9  1679900  87.9
2013-11-26  88.16  88.28  87.01  87.74  2454800  87.74
2013-11-25  89.0  89.59  88.58  88.7  980400  88.7
2013-11-22  88.96  89.27  88.18  88.86  1126600  88.86
2013-11-21  89.02  89.77  88.8  89.18  1008600  89.18
2013-11-20  89.87  90.4  88.55  88.69  660700  88.69
2013-11-19  90.22  90.34  89.71  89.87  745000  89.87
2013-11-18  90.76  90.84  89.98  90.35  618100  90.35
2013-11-15  89.15  90.54  89.07  90.52  1120300  90.52
2013-11-14  89.33  89.84  88.99  89.37  1227100  89.37
2013-11-13  87.89  89.16  87.48  88.86  1163000  88.86
2013-11-12  88.92  89.01  87.69  88.2  585000  88.2
2013-11-11  88.87  89.52  88.7  89.01  797700  89.01
2013-11-08  89.09  89.12  87.42  89.0  1676600  89.0
2013-11-07  91.36  91.58  89.33  89.51  1332700  89.51
2013-11-06  89.86  91.92  89.69  91.32  2152600  91.32
2013-11-05  91.27  92.27  89.82  89.84  1643900  89.84
2013-11-04  91.43  92.34  90.5  91.28  744600  91.28
2013-11-01  90.66  91.28  90.3  91.07  925100  91.07
2013-10-31  91.0  91.43  90.04  90.5  998000  90.5
2013-10-30  91.31  92.08  90.78  91.17  830700  91.17
2013-10-29  90.56  91.54  90.16  91.45  941200  91.45
2013-10-28  90.58  91.23  90.03  90.52  884500  90.52
2013-10-25  89.34  90.61  88.92  90.57  755000  90.57
2013-10-24  90.09  90.12  88.91  89.44  786400  89.44
2013-10-23  90.28  90.72  89.55  89.98  685900  89.98
2013-10-22  89.43  90.57  87.71  90.12  914400  90.12
2013-10-21  89.68  90.09  88.85  89.13  891300  89.13
2013-10-18  89.27  90.11  89.04  89.79  1323200  89.79
2013-10-17  86.88  88.99  86.38  88.88  1152600  88.88
2013-10-16  86.38  87.24  86.0  87.07  1135800  87.07
2013-10-15  86.11  86.18  85.0  85.06  983600  85.06
2013-10-14  86.68  86.95  85.48  86.44  776400  86.44
2013-10-11  86.3  87.12  86.3  86.89  719500  86.89
2013-10-10  85.1  86.84  84.82  86.64  1116300  86.64
2013-10-09  84.79  85.93  84.52  84.63  1005500  84.63
2013-10-08  84.76  85.56  84.29  84.83  1152000  84.83
2013-10-07  84.43  85.39  84.39  84.86  686900  84.86
2013-10-04  84.8  85.36  84.69  84.89  1141500  84.89
2013-10-03  84.9  85.2  84.44  84.81  1172400  84.81
2013-10-02  84.51  85.07  83.96  85.02  1290800  85.02
2013-10-01  84.97  85.02  84.23  84.75  1543500  84.75
2013-09-30  85.47  85.9  84.47  85.0  1757400  85.0
2013-09-27  85.97  86.51  85.75  86.01  875300  86.01
2013-09-26  86.11  86.95  85.94  86.43  715600  86.43
2013-09-25  86.78  86.89  85.95  86.11  1019200  86.11
2013-09-24  86.75  87.21  86.4  86.47  903200  86.47
2013-09-23  85.52  87.22  85.18  86.78  843100  86.78
2013-09-20  86.57  86.75  85.18  85.52  1499600  85.52
2013-09-19  87.51  88.19  86.16  86.58  1458300  86.58
2013-09-18  84.85  87.82  84.59  87.51  1738200  87.51
2013-09-17  84.19  85.15  84.09  84.86  977000  84.86
2013-09-16  84.35  85.17  83.7  84.01  942800  84.01
2013-09-13  83.37  83.66  83.06  83.48  636700  83.48
2013-09-12  83.09  83.94  82.81  83.16  1308900  83.16
2013-09-11  82.61  82.83  80.97  82.76  1813400  82.76
2013-09-10  82.59  82.88  82.01  82.43  678600  82.43
2013-09-09  82.41  82.62  81.83  82.34  868700  82.34
2013-09-06  81.92  82.73  81.79  82.41  1002000  82.41
2013-09-05  82.03  82.54  81.43  81.63  581300  81.63
2013-09-04  82.2  82.32  81.21  82.08  610800  82.08
2013-09-03  83.98  84.03  81.84  82.22  683700  82.22
2013-08-30  82.83  83.3  82.52  83.22  983200  83.22
2013-08-29  82.88  83.26  82.38  82.78  631000  82.78
2013-08-28  82.65  83.71  82.14  83.23  838300  83.23
2013-08-27  81.7  83.27  81.55  82.57  760300  82.57
2013-08-26  82.78  83.0  82.3  82.36  590900  82.36
2013-08-23  82.25  83.08  81.82  82.81  515600  82.81
2013-08-22  81.99  82.72  81.55  82.16  785700  82.16
2013-08-21  81.76  81.92  80.61  81.29  767800  81.29
2013-08-20  80.92  82.73  80.91  82.03  671300  82.03
2013-08-19  81.62  81.91  80.9  80.94  567500  80.94
2013-08-16  82.64  82.85  81.01  81.7  816900  81.7
2013-08-15  83.8  83.85  82.34  82.6  808500  82.6
2013-08-14  84.68  84.68  83.89  84.28  609700  84.28
2013-08-13  84.93  85.18  84.06  84.68  739300  84.68
2013-08-12  84.83  85.3  84.47  84.93  601200  84.93
2013-08-09  86.24  86.52  85.1  85.2  895600  85.2
2013-08-08  86.63  86.97  85.87  86.26  811100  86.26
2013-08-07  85.98  87.07  85.82  86.62  1102900  86.62
2013-08-06  86.02  86.77  85.37  86.42  882300  86.42
2013-08-05  87.05  87.15  86.17  86.21  942600  86.21
2013-08-02  87.08  87.48  86.53  87.34  755600  87.34
2013-08-01  86.8  87.53  86.45  87.24  728300  87.24
2013-07-31  86.04  86.86  85.3  86.39  946100  86.39
2013-07-30  86.01  86.68  85.76  85.92  747100  85.92
2013-07-29  85.81  86.34  85.6  85.85  588600  85.85
2013-07-26  85.56  86.04  85.01  86.0  927100  86.0
2013-07-25  84.61  85.96  84.54  85.88  770500  85.88
2013-07-24  85.79  86.2  84.44  84.74  749400  84.74
2013-07-23  84.94  85.82  84.79  85.62  777000  85.62
2013-07-22  85.55  85.94  84.4  84.91  1560500  84.91
2013-07-19  84.95  85.73  84.71  85.62  1051400  85.62
2013-07-18  83.77  84.74  83.77  84.73  812000  84.73
2013-07-17  83.65  84.0  83.23  83.63  752800  83.63
2013-07-16  84.23  84.35  82.82  83.15  1258900  83.15
2013-07-15  82.61  84.44  82.43  84.25  992300  84.25
2013-07-12  81.78  82.7  81.42  82.59  1050600  82.59
2013-07-11  81.57  82.02  81.04  81.91  966600  81.91
2013-07-10  80.0  80.75  79.5  80.49  874500  80.49
2013-07-09  79.73  80.11  79.48  79.81  1008700  79.81
2013-07-08  79.08  79.89  78.71  79.24  999000  79.24
2013-07-05  79.38  79.4  77.56  78.6  945900  78.6
2013-07-03  78.78  79.36  78.33  79.19  447800  79.19
2013-07-02  79.29  80.29  78.75  79.26  1141900  79.26
2013-07-01  80.46  81.1  79.05  79.41  1597800  79.41
2013-06-28  80.09  81.12  78.64  80.6  3369300  80.6
2013-06-27  81.37  82.28  81.01  81.27  869800  81.27
2013-06-26  79.73  81.45  79.73  81.2  1569100  81.2
2013-06-25  79.13  79.61  78.28  79.22  1242500  79.22
2013-06-24  77.37  79.18  76.65  78.48  1484500  78.48
2013-06-21  77.61  78.18  75.8  77.85  1519100  77.85
2013-06-20  78.54  78.56  76.77  76.99  1259900  76.99
2013-06-19  80.29  80.7  79.26  79.26  1478400  79.26
2013-06-18  78.96  80.48  78.63  80.27  1161100  80.27
2013-06-17  79.07  79.58  78.44  78.93  624600  78.93
2013-06-14  78.28  78.83  77.78  78.59  583000  78.59
2013-06-13  76.65  78.32  76.42  78.23  629200  78.23
2013-06-12  78.14  78.16  76.65  76.65  783000  76.65
2013-06-11  77.51  78.35  77.04  77.8  1094400  77.8
2013-06-10  78.42  78.42  77.47  78.04  772400  78.04
2013-06-07  78.4  78.77  77.77  78.44  1039600  78.44
2013-06-06  77.34  78.31  76.88  78.3  1708100  78.3
2013-06-05  78.09  78.14  77.06  77.19  1187800  77.19
2013-06-04  79.4  79.76  78.21  78.37  1827600  78.37
2013-06-03  79.34  80.22  78.45  79.58  1243200  79.58
2013-05-31  79.64  81.29  79.52  79.52  1928400  79.52
2013-05-30  79.23  80.73  79.23  79.9  1775400  79.9
2013-05-29  79.69  79.72  78.93  79.0  2496900  79.0
2013-05-28  80.84  81.65  79.64  80.32  3851900  80.32
2013-05-24  77.35  77.92  76.77  77.86  1714400  77.86
2013-05-23  77.89  78.35  76.4  77.73  2926700  77.73
2013-05-22  81.86  81.86  79.69  79.87  1732300  79.87
2013-05-21  82.75  83.0  81.85  81.99  1126000  81.99
2013-05-20  82.63  82.76  82.28  82.75  1540100  82.75
2013-05-17  81.8  82.61  80.69  82.61  1648200  82.61
2013-05-16  81.68  82.57  81.11  81.18  1776300  81.18
2013-05-15  80.52  82.08  80.27  81.72  1051700  81.72
2013-05-14  79.81  81.15  79.47  80.5  1194800  80.5
2013-05-13  79.46  80.06  79.06  79.77  674000  79.77
2013-05-10  80.1  80.34  79.18  79.82  994700  79.82
2013-05-09  81.0  81.52  79.75  80.09  1020600  80.09
2013-05-08  81.65  81.97  80.67  81.01  872400  81.01
2013-05-07  81.09  81.82  80.88  81.51  1025300  81.51
2013-05-06  81.77  82.11  80.84  80.94  1092500  80.94
2013-05-03  81.8  82.59  81.45  82.07  1414200  82.07
2013-05-02  80.05  82.85  79.06  81.44  2385800  81.44
2013-05-01  81.03  81.17  80.13  80.31  1162600  80.31
2013-04-30  80.94  81.04  80.39  81.04  1058400  81.04
2013-04-29  80.08  80.84  79.73  80.68  808900  80.68
2013-04-26  79.55  80.2  79.32  79.99  849400  79.99
2013-04-25  80.07  80.13  79.23  79.74  1041400  79.74
2013-04-24  79.95  80.21  79.31  79.78  883900  79.78
2013-04-23  80.4  80.4  78.74  79.78  1745900  79.78
2013-04-22  80.83  80.97  80.26  80.29  1619600  80.29
2013-04-19  79.55  80.98  79.46  80.75  1286400  80.75
2013-04-18  79.65  79.82  78.97  79.48  1384900  79.48
2013-04-17  79.27  79.73  78.82  79.46  1055400  79.46
2013-04-16  79.45  79.98  78.85  79.52  1237300  79.52
2013-04-15  80.44  80.48  79.21  79.21  1143200  79.21
2013-04-12  80.33  80.67  80.11  80.63  867400  80.63
2013-04-11  80.51  80.84  80.39  80.63  1037400  80.63
2013-04-10  80.18  80.46  79.96  80.29  940000  80.29
2013-04-09  80.98  81.06  79.89  80.0  850200  80.0
2013-04-08  79.66  80.74  79.33  80.73  1207100  80.73
2013-04-05  78.87  79.78  78.69  79.78  832300  79.78
2013-04-04  78.75  79.52  78.69  79.39  684200  79.39
2013-04-03  78.94  79.09  78.36  78.62  920100  78.62
2013-04-02  78.25  79.03  78.22  78.83  947100  78.83
2013-04-01  78.16  78.25  77.7  78.18  735700  78.18
2013-03-28  77.78  78.26  77.64  78.19  1131400  78.19
2013-03-27  78.36  78.36  77.65  77.82  784400  77.82
2013-03-26  77.03  78.45  76.8  78.43  1285000  78.43
2013-03-25  77.65  77.83  76.2  76.87  973700  76.87
2013-03-22  76.92  77.83  76.73  77.48  844100  77.48
2013-03-21  77.26  77.46  76.8  76.92  781300  76.92
2013-03-20  77.04  77.68  76.96  77.53  771100  77.53
2013-03-19  76.62  76.97  76.44  76.81  784200  76.81
2013-03-18  76.2  76.85  76.2  76.43  593700  76.43
2013-03-15  76.6  77.34  75.42  76.68  1586500  76.68
2013-03-14  76.6  76.92  76.4  76.89  691500  76.89
2013-03-13  76.12  76.99  75.78  76.58  927400  76.58
2013-03-12  76.67  76.98  76.2  76.47  740600  76.47
2013-03-11  76.21  77.07  76.12  76.87  643500  76.87
2013-03-08  76.45  76.52  75.8  76.32  1007000  76.32
2013-03-07  76.98  76.98  76.13  76.16  878000  76.16
2013-03-06  77.21  77.38  76.64  76.88  633400  76.88
2013-03-05  76.94  77.29  76.85  77.17  864300  77.17
2013-03-04  76.07  76.91  75.77  76.64  1121300  76.64
2013-03-01  75.27  76.16  74.75  76.13  1266500  76.13
2013-02-28  74.85  75.84  74.8  75.46  1248300  75.46
2013-02-27  74.79  75.7  74.51  75.4  983700  75.4
2013-02-26  74.96  75.26  73.01  74.77  1826300  74.77
2013-02-25  74.85  75.87  73.48  73.49  1108900  73.49
2013-02-22  73.66  74.6  73.66  74.52  1023500  74.52
2013-02-21  73.78  74.04  73.44  73.58  792900  73.58
2013-02-20  74.15  74.7  73.69  73.72  909900  73.72
2013-02-19  73.65  74.69  73.54  74.2  1147300  74.2
2013-02-15  73.18  73.47  73.03  73.38  1025600  73.38
2013-02-14  73.94  74.24  73.08  73.12  1249000  73.12
2013-02-13  73.56  74.13  73.34  74.07  608200  74.07
2013-02-12  73.52  73.69  73.25  73.58  750900  73.58
2013-02-11  73.77  73.89  73.34  73.52  600000  73.52
2013-02-08  73.36  73.93  73.16  73.88  767200  73.88
2013-02-07  73.51  73.98  73.14  73.44  843500  73.44
2013-02-06  73.27  73.65  73.12  73.5  559800  73.5
2013-02-05  73.71  74.18  73.42  73.54  614000  73.54
2013-02-04  73.56  74.06  73.15  73.26  939000  73.26
2013-02-01  73.0  73.57  72.98  73.49  650000  73.49
2013-01-31  72.67  73.17  72.6  72.83  841000  72.83
2013-01-30  72.7  73.1  72.53  72.86  618700  72.86
2013-01-29  72.43  72.75  72.39  72.7  715500  72.7
2013-01-28  72.17  72.59  71.92  72.37  661900  72.37
2013-01-25  71.84  72.24  71.39  72.16  654900  72.16
2013-01-24  71.62  72.27  71.59  71.78  568900  71.78
2013-01-23  71.55  71.66  71.01  71.51  912900  71.51
2013-01-22  71.02  71.94  70.32  71.82  843300  71.82
2013-01-18  70.58  71.05  70.38  71.02  826600  71.02
2013-01-17  70.27  70.75  69.93  70.52  741800  70.52
2013-01-16  70.28  70.41  69.81  70.08  665900  70.08
2013-01-15  70.08  70.73  69.47  70.55  1102500  70.55
2013-01-14  69.73  70.37  69.59  70.11  918700  70.11
2013-01-11  69.95  70.01  69.24  69.7  1050100  69.7
2013-01-10  69.53  70.03  69.46  69.73  830800  69.73
2013-01-09  68.97  69.46  68.83  69.26  1049800  69.26
2013-01-08  69.51  69.72  68.52  68.74  1623400  68.74
2013-01-07  69.88  70.11  69.55  69.72  749900  69.72
2013-01-04  69.94  70.13  69.63  69.87  901500  69.87
2013-01-03  70.07  70.47  69.63  69.83  579000  69.83
2013-01-02  69.85  70.2  69.47  70.04  1187200  70.04
2012-12-31  67.91  68.9  67.63  68.84  1106400  68.84
2012-12-28  68.39  68.85  67.99  68.11  901200  68.11
2012-12-27  68.81  69.13  67.78  68.64  715700  68.64
2012-12-26  69.47  69.7  68.83  68.89  629400  68.89
2012-12-24  69.13  69.24  68.62  69.0  294300  69.0
2012-12-21  68.87  69.71  68.87  69.24  2040900  69.24
2012-12-20  69.27  69.65  69.02  69.23  1264900  69.23
2012-12-19  69.79  69.96  69.41  69.53  831100  69.53
2012-12-18  69.88  70.12  69.53  69.91  1527900  69.91
2012-12-17  68.86  70.04  68.81  69.99  1184700  69.99
2012-12-14  68.78  69.16  68.67  68.8  956400  68.8
2012-12-13  68.76  69.02  68.38  68.74  915700  68.74
2012-12-12  68.74  69.3  68.58  68.67  1320300  68.67
2012-12-11  68.56  69.14  68.47  68.83  1179000  68.83
2012-12-10  68.53  69.0  68.25  68.53  877200  68.53
2012-12-07  68.92  69.09  68.25  68.65  1614300  68.65
2012-12-06  67.77  68.87  67.61  68.8  1751700  68.8
2012-12-05  65.84  68.45  65.55  67.65  2037500  67.65
2012-12-04  66.15  66.19  65.58  65.66  978000  65.66
2012-12-03  65.83  66.47  65.47  66.07  1624200  66.07
2012-11-30  65.11  65.88  65.09  65.84  1218700  65.84
2012-11-29  65.06  65.31  64.67  65.22  598500  65.22
2012-11-28  64.05  64.98  63.77  64.93  1116400  64.93
2012-11-27  64.02  64.81  64.02  64.1  887000  64.1
2012-11-26  63.26  64.37  63.26  64.26  715500  64.26
2012-11-23  63.99  64.04  63.29  63.56  450300  63.56
2012-11-21  64.18  64.2  62.97  63.8  946500  63.8
2012-11-20  63.53  64.06  63.29  64.06  1422300  64.06
2012-11-19  63.81  63.92  63.09  63.42  745300  63.42
2012-11-16  62.51  63.9  62.51  63.59  955400  63.59
2012-11-15  63.28  63.61  62.55  62.73  1084500  62.73
2012-11-14  63.67  63.79  62.95  63.22  1297300  63.22
2012-11-13  62.99  63.99  62.92  63.69  806000  63.69
2012-11-12  63.3  63.59  62.99  63.29  597100  63.29
2012-11-09  63.32  63.7  63.06  63.31  771000  63.31
2012-11-08  64.44  64.8  63.57  63.57  1066500  63.57
2012-11-07  65.81  65.81  64.06  64.47  1179600  64.47
2012-11-06  65.86  67.22  65.53  66.16  1198300  66.16
2012-11-05  66.32  66.38  65.57  65.66  852600  65.66
2012-11-02  66.69  67.11  66.43  66.52  1798300  66.52
2012-11-01  66.56  66.65  66.01  66.39  1204800  66.39
2012-10-31  66.46  67.36  66.33  67.12  1169500  67.12
2012-10-26  66.06  66.67  66.04  66.38  1306800  66.38
2012-10-25  65.35  66.07  65.27  66.06  1116100  66.06
2012-10-24  65.29  65.48  64.88  65.11  714100  65.11
2012-10-23  65.15  65.36  64.57  65.2  785600  65.2
2012-10-22  64.99  65.55  64.72  65.52  925200  65.52
2012-10-19  65.78  66.04  65.09  65.22  693900  65.22
2012-10-18  65.65  65.9  65.54  65.77  742600  65.77
2012-10-17  65.53  65.91  65.37  65.78  688300  65.78
2012-10-16  65.19  65.59  65.02  65.32  1087900  65.32
2012-10-15  64.38  65.06  64.1  64.99  826000  64.99
2012-10-12  64.71  64.74  64.11  64.36  969700  64.36
2012-10-11  64.53  64.74  64.27  64.48  738800  64.48
2012-10-10  64.4  64.65  64.18  64.24  997900  64.24
2012-10-09  64.31  64.74  64.18  64.22  999200  64.22
2012-10-08  64.07  64.44  64.0  64.38  657600  64.38
2012-10-05  64.12  64.73  63.98  64.16  995100  64.16
2012-10-04  63.93  64.34  63.75  63.88  1169700  63.88
2012-10-03  62.8  63.66  62.68  63.57  1232600  63.57
2012-10-02  62.27  62.72  62.03  62.65  1158800  62.65
2012-10-01  62.23  62.64  62.11  62.2  1121000  62.2
2012-09-28  61.59  62.18  61.46  62.06  1072900  62.06
2012-09-27  61.92  62.17  61.62  61.64  1198600  61.64
2012-09-26  62.24  62.65  61.67  61.72  1212000  61.72
2012-09-25  62.1  62.37  61.68  61.99  1690100  61.99
2012-09-24  61.41  62.08  61.32  61.98  1359000  61.98
2012-09-21  61.93  61.93  61.07  61.53  2843600  61.53
2012-09-20  61.52  61.91  61.49  61.77  1024700  61.77
2012-09-19  61.68  61.97  61.45  61.71  1012700  61.71
2012-09-18  62.39  62.39  61.59  61.66  1511700  61.66
2012-09-17  62.5  62.9  62.28  62.4  4183100  62.4
2012-09-14  64.03  64.07  62.5  62.72  3235600  62.72
2012-09-13  63.15  64.09  63.06  64.09  924700  64.09
2012-09-12  63.53  63.55  63.07  63.2  778500  63.2
2012-09-11  63.47  63.72  63.36  63.49  897500  63.49
2012-09-10  63.82  63.82  63.47  63.47  1014500  63.47
2012-09-07  63.8  63.84  63.19  63.5  794100  63.5
2012-09-06  62.94  63.7  62.73  63.68  913700  63.68
2012-09-05  63.3  63.4  62.48  62.68  1571600  62.68
2012-09-04  63.02  63.4  62.83  63.05  1126100  63.05
2012-08-31  63.48  63.52  62.94  63.11  824200  63.11
2012-08-30  63.47  63.65  63.09  63.3  751700  63.3
2012-08-29  63.66  63.79  63.33  63.71  839700  63.71
2012-08-28  63.95  64.07  63.54  63.63  1017700  63.63
2012-08-27  64.06  64.23  63.89  64.1  762600  64.1
2012-08-24  63.62  64.2  63.57  64.05  628800  64.05
2012-08-23  64.55  64.58  63.72  63.83  617600  63.83
2012-08-22  64.58  64.72  64.41  64.59  733800  64.59
2012-08-21  65.63  65.7  64.52  64.59  940200  64.59
2012-08-20  65.2  65.62  64.84  65.62  643000  65.62
2012-08-17  65.65  65.65  65.36  65.54  473900  65.54
2012-08-16  66.0  66.26  65.59  65.71  616800  65.71
2012-08-15  65.98  66.44  65.83  66.06  520700  66.06
2012-08-14  65.62  66.2  65.45  66.1  1011400  66.1
2012-08-13  65.61  65.85  65.2  65.4  576200  65.4
2012-08-10  65.5  65.9  65.25  65.81  475700  65.81
2012-08-09  65.68  65.92  65.39  65.67  558900  65.67
2012-08-08  66.23  66.27  65.46  65.68  912400  65.68
2012-08-07  66.63  66.92  66.14  66.22  1077700  66.22
2012-08-06  67.32  67.57  66.45  66.47  738300  66.47
2012-08-03  66.99  67.05  66.54  66.95  892600  66.95
2012-08-02  66.83  66.86  65.65  66.0  1172600  66.0
2012-08-01  67.35  68.95  66.8  66.81  842300  66.81
2012-07-31  67.57  67.85  67.03  67.13  699700  67.13
2012-07-30  67.39  68.01  67.2  67.56  605500  67.56
2012-07-27  66.75  67.79  66.7  67.56  1151100  67.56
2012-07-26  65.59  66.52  65.59  66.43  760000  66.43
2012-07-25  65.84  65.98  64.56  64.9  939500  64.9
2012-07-24  66.08  66.13  65.18  65.56  790800  65.56
2012-07-23  66.24  66.65  65.95  66.19  1048200  66.19
2012-07-20  66.9  67.55  66.9  67.39  877300  67.39
2012-07-19  66.87  67.3  66.59  67.15  817700  67.15
2012-07-18  66.26  66.99  65.91  66.98  923300  66.98
2012-07-17  65.6  66.37  65.54  66.27  792800  66.27
2012-07-16  65.82  65.97  65.34  65.46  1414700  65.46
2012-07-13  65.42  65.83  65.3  65.81  1003800  65.81
2012-07-12  65.02  65.38  64.92  65.22  1205100  65.22
2012-07-11  65.04  65.38  64.67  65.27  1111500  65.27
2012-07-10  65.44  65.62  64.81  64.93  890900  64.93
2012-07-09  65.2  65.56  64.99  65.3  716000  65.3
2012-07-06  65.2  65.63  64.97  65.51  788700  65.51
2012-07-05  65.92  65.94  65.56  65.57  912500  65.57
2012-07-03  66.09  66.17  65.86  66.06  547100  66.06
2012-07-02  65.87  66.26  65.45  66.16  809700  66.16
2012-06-29  65.59  66.0  65.11  65.67  959100  65.67
2012-06-28  64.56  65.14  64.14  65.01  743500  65.01
2012-06-27  63.99  65.16  63.99  64.8  964300  64.8
2012-06-26  63.7  64.79  63.59  64.55  1305200  64.55
2012-06-25  63.11  63.7  62.87  63.5  1003600  63.5
2012-06-22  64.35  64.4  63.44  63.5  1637400  63.5
2012-06-21  64.92  65.28  64.05  64.12  1494000  64.12
2012-06-20  65.26  65.38  64.47  64.74  1725900  64.74
2012-06-19  65.05  65.63  64.84  65.44  1530300  65.44
2012-06-18  64.0  64.96  63.86  64.94  1030900  64.94
2012-06-15  64.26  64.26  63.59  64.11  1237000  64.11
2012-06-14  63.31  63.96  63.3  63.77  1179700  63.77
2012-06-13  63.08  63.7  62.89  63.36  1170700  63.36
2012-06-12  62.92  63.27  62.47  63.26  923200  63.26
2012-06-11  63.27  63.45  62.79  62.85  841600  62.85
2012-06-08  62.28  63.07  62.25  63.05  809000  63.05
2012-06-07  62.31  62.79  62.17  62.53  1704000  62.53
2012-06-06  60.81  61.79  60.68  61.77  1138600  61.77
2012-06-05  60.52  61.16  59.81  60.55  1669200  60.55
2012-06-04  60.62  60.87  60.29  60.79  1053400  60.79
2012-06-01  60.57  61.26  60.32  60.54  1439600  60.54
2012-05-31  60.94  61.82  60.81  61.43  1221900  61.43
2012-05-30  60.82  61.67  60.8  60.99  1478500  60.99
2012-05-29  61.01  61.16  60.76  61.16  699400  61.16
2012-05-25  59.89  60.87  59.89  60.8  872600  60.8
2012-05-24  60.07  61.01  59.96  60.52  1430000  60.52
2012-05-23  60.32  60.52  59.54  59.92  1289400  59.92
2012-05-22  60.6  60.78  60.33  60.49  944100  60.49
2012-05-21  60.33  60.52  59.88  60.51  747400  60.51
2012-05-18  60.44  60.71  59.8  59.94  990500  59.94
2012-05-17  60.48  60.62  60.19  60.21  1300000  60.21
2012-05-16  60.79  60.88  60.24  60.4  1046200  60.4
2012-05-15  61.14  61.14  60.43  60.71  1739000  60.71
2012-05-14  60.86  61.52  60.63  61.17  1008100  61.17
2012-05-11  61.15  61.56  61.13  61.31  1300900  61.31
2012-05-10  60.95  61.65  60.76  61.39  1698400  61.39
2012-05-09  60.72  61.13  60.43  60.65  1959700  60.65
2012-05-08  60.93  61.34  60.81  61.17  2048800  61.17
2012-05-07  61.25  61.55  61.13  61.45  1255700  61.45
2012-05-04  61.28  61.89  61.2  61.34  1694500  61.34
2012-05-03  60.68  61.77  60.68  60.9  1981100  60.9
2012-05-02  61.31  61.32  59.99  60.36  2443800  60.36
2012-05-01  61.07  61.73  60.79  61.47  1149600  61.47
2012-04-30  61.01  61.28  60.83  61.17  930500  61.17
2012-04-27  60.64  61.34  60.53  61.23  1427500  61.23
2012-04-26  60.58  60.58  59.84  60.39  1935700  60.39
2012-04-25  60.84  60.84  60.41  60.58  1738800  60.58
2012-04-24  60.13  60.61  59.96  60.56  1818000  60.56
2012-04-23  60.33  60.52  59.78  59.96  1684400  59.96
2012-04-20  60.13  61.12  59.98  60.95  1711200  60.95
2012-04-19  59.9  60.06  59.41  60.01  1958400  60.01
2012-04-18  60.26  60.44  59.93  59.95  1066000  59.95
2012-04-17  59.97  60.68  59.97  60.5  1753900  60.5
2012-04-16  59.4  60.12  59.16  59.7  1536500  59.7
2012-04-13  59.16  59.58  58.92  58.95  2151200  58.95
2012-04-12  59.22  59.64  58.82  59.42  2197600  59.42
2012-04-11  58.93  59.29  58.73  59.22  1986400  59.22
2012-04-10  58.73  58.86  58.27  58.58  2794200  58.58
2012-04-09  58.58  59.06  58.34  58.86  1613200  58.86
2012-04-05  58.5  59.05  58.33  58.99  1489500  58.99
2012-04-04  58.34  58.88  57.24  58.73  2896300  58.73
2012-04-03  58.94  59.03  57.96  58.85  4038900  58.85
2012-04-02  56.89  58.03  56.73  57.77  2424700  57.77
2012-03-30  56.26  57.03  56.08  56.65  1838700  56.65
2012-03-29  54.97  56.14  54.7  55.98  2432100  55.98
2012-03-28  55.81  55.89  54.82  55.14  1341200  55.14
2012-03-27  55.53  55.99  55.4  55.79  1487300  55.79
2012-03-26  55.37  55.6  55.05  55.39  1129600  55.39
2012-03-23  55.12  55.19  54.8  54.93  1485000  54.93
2012-03-22  55.02  55.2  54.76  55.09  1366000  55.09
2012-03-21  54.96  55.19  54.76  55.04  1235300  55.04
2012-03-20  54.25  55.12  54.11  54.9  1378800  54.9
2012-03-19  54.79  55.13  54.37  54.42  1648300  54.42
2012-03-16  55.32  55.45  54.85  54.91  1534500  54.91
2012-03-15  55.28  55.5  54.86  55.33  1104600  55.33
2012-03-14  55.9  56.06  55.24  55.25  1394800  55.25
2012-03-13  55.94  56.19  55.7  56.07  1354600  56.07
2012-03-12  55.34  55.95  55.34  55.8  3961900  55.8
2012-03-09  54.88  55.37  54.62  55.34  3639700  55.34
2012-03-08  54.78  54.89  54.43  54.66  3788900  54.66
2012-03-07  54.49  54.63  54.01  54.51  1119800  54.51
2012-03-06  54.74  54.98  54.33  54.54  1182900  54.54
2012-03-05  54.87  55.18  54.59  55.09  1287500  55.09
2012-03-02  55.51  55.51  54.96  55.08  1204300  55.08
2012-03-01  55.37  55.75  54.88  55.46  2075400  55.46
2012-02-29  55.4  55.87  54.72  55.4  2906700  55.4
2012-02-28  54.4  55.18  53.77  54.6  2261600  54.6
2012-02-27  54.09  54.65  54.02  54.15  1015900  54.15
2012-02-24  53.95  54.36  53.68  54.28  1002700  54.28
2012-02-23  54.33  54.41  53.48  53.93  1824000  53.93
2012-02-22  54.49  54.82  54.26  54.5  938700  54.5
2012-02-21  54.76  54.77  54.28  54.47  1068100  54.47
2012-02-17  54.55  54.82  54.3  54.54  1024600  54.54
2012-02-16  53.88  54.44  53.79  54.21  1165600  54.21
2012-02-15  53.74  54.3  53.55  53.73  1337400  53.73
2012-02-14  53.62  53.84  53.41  53.77  1337500  53.77
2012-02-13  54.08  54.38  53.74  53.79  862100  53.79
2012-02-10  54.14  54.24  53.66  53.78  1234100  53.78
2012-02-09  54.62  54.62  54.18  54.4  1024100  54.4
2012-02-08  54.57  54.76  54.09  54.53  1408100  54.53
2012-02-07  53.91  54.91  53.79  54.56  1389900  54.56
2012-02-06  54.35  54.35  53.54  53.74  1083300  53.74
2012-02-03  54.27  54.56  53.97  54.52  1244700  54.52
2012-02-02  54.17  54.39  53.67  53.88  1041800  53.88
2012-02-01  53.6  54.32  53.44  54.06  1230600  54.06
2012-01-31  53.56  53.9  52.92  53.21  1267100  53.21
2012-01-30  53.7  53.77  53.15  53.28  1121400  53.28
2012-01-27  54.31  54.38  53.56  53.93  1287900  53.93
2012-01-26  53.77  54.63  53.57  54.41  1670700  54.41
2012-01-25  52.34  53.56  52.11  53.49  1117800  53.49
2012-01-24  52.5  52.61  52.18  52.58  1269900  52.58
2012-01-23  52.53  52.93  52.33  52.58  1501600  52.58
2012-01-20  52.09  52.73  52.0  52.65  1548600  52.65
2012-01-19  52.1  52.1  51.55  52.04  980900  52.04
2012-01-18  52.35  52.5  51.79  51.94  1060600  51.94
2012-01-17  52.37  52.84  52.22  52.3  1159000  52.3
2012-01-13  51.61  51.87  51.33  51.83  1038700  51.83
2012-01-12  51.93  52.21  51.56  51.92  876200  51.92
2012-01-11  52.35  52.41  51.83  51.91  1069600  51.91
2012-01-10  52.53  52.71  52.13  52.42  1409000  52.42
2012-01-09  52.27  52.43  52.01  52.26  1077700  52.26
2012-01-06  51.93  52.37  51.54  52.23  1535000  52.23
2012-01-05  51.44  52.2  51.26  51.94  1536800  51.94
2012-01-04  51.29  51.86  51.27  51.69  1555300  51.69
2012-01-03  52.08  52.09  51.16  51.28  1387400  51.28
2011-12-30  51.83  52.01  51.39  51.44  812800  51.44
2011-12-29  51.13  51.79  51.1  51.76  753000  51.76
2011-12-28  51.32  51.59  50.93  50.94  596500  50.94
2011-12-27  51.15  51.51  51.07  51.43  441800  51.43
2011-12-23  50.83  51.41  50.73  51.08  520900  51.08
2011-12-22  50.84  50.96  50.45  50.61  814800  50.61
2011-12-21  49.82  50.99  49.71  50.81  1569000  50.81
2011-12-20  48.59  49.71  48.59  49.67  1474400  49.67
2011-12-19  49.12  49.33  48.13  48.24  1323500  48.24
2011-12-16  49.15  49.49  48.79  48.96  2639400  48.96
2011-12-15  48.6  49.12  48.52  48.89  1267200  48.89
2011-12-14  48.89  49.07  48.04  48.12  1651000  48.12
2011-12-13  48.33  49.44  48.33  48.89  1403400  48.89
2011-12-12  48.52  48.59  47.75  48.14  1067500  48.14
2011-12-09  48.49  48.82  48.18  48.67  1208200  48.67
2011-12-08  48.97  48.97  48.11  48.19  1148000  48.19
2011-12-07  49.38  49.39  48.96  49.14  1109100  49.14
2011-12-06  49.53  49.87  49.32  49.65  804200  49.65
2011-12-05  49.77  49.77  49.08  49.4  1097300  49.4
2011-12-02  49.5  49.74  49.02  49.04  921800  49.04
2011-12-01  49.34  49.69  49.14  49.29  1030200  49.29
2011-11-30  48.98  49.31  48.79  49.29  1222200  49.29
2011-11-29  47.8  48.06  47.6  47.87  1289600  47.87
2011-11-28  47.8  48.15  47.33  47.59  836000  47.59
2011-11-25  47.07  47.53  47.05  47.15  300100  47.15
2011-11-23  47.39  47.39  46.83  47.03  1077800  47.03
2011-11-22  48.25  48.26  47.64  47.72  911200  47.72
2011-11-21  48.9  48.9  47.85  48.25  913300  48.25
2011-11-18  48.69  49.52  48.69  49.28  1273100  49.28
2011-11-17  48.6  48.95  47.97  48.41  1130300  48.41
2011-11-16  49.0  49.51  48.71  48.75  823800  48.75
2011-11-15  49.39  49.6  49.13  49.4  695800  49.4
2011-11-14  49.8  49.81  49.28  49.36  600400  49.36
2011-11-11  49.59  50.05  49.59  50.02  743200  50.02
2011-11-10  49.46  49.69  48.85  49.16  1066400  49.16
2011-11-09  49.59  49.74  48.81  48.91  1487600  48.91
2011-11-08  49.89  50.38  49.68  50.36  1251200  50.36
2011-11-07  49.7  49.9  49.24  49.83  1028900  49.83
2011-11-04  49.41  49.85  49.04  49.65  1351400  49.65
2011-11-03  48.31  50.02  48.31  49.59  2321900  49.59
2011-11-02  48.94  49.68  48.94  49.11  1878900  49.11
2011-11-01  48.65  49.26  48.12  48.18  2058600  48.18
2011-10-31  49.83  50.42  49.77  49.79  1531400  49.79
2011-10-28  50.74  50.79  50.13  50.18  1432200  50.18
2011-10-27  51.49  51.5  50.49  50.66  2602900  50.66
2011-10-26  50.47  50.55  49.73  50.21  2066500  50.21
2011-10-25  50.12  50.35  49.71  49.91  849900  49.91
2011-10-24  50.45  50.7  50.18  50.38  1085800  50.38
2011-10-21  49.97  50.54  49.96  50.53  1070000  50.53
2011-10-20  49.24  49.76  49.01  49.62  1114600  49.62
2011-10-19  48.99  49.81  48.95  49.25  1009500  49.25
2011-10-18  48.56  49.26  48.05  49.06  1214800  49.06
2011-10-17  48.36  48.73  48.17  48.48  1098000  48.48
2011-10-14  48.31  48.5  48.02  48.42  593200  48.42
2011-10-13  47.6  48.12  47.06  47.96  1288700  47.96
2011-10-12  48.13  48.17  47.54  47.55  873200  47.55
2011-10-11  47.76  48.13  47.53  47.98  1035200  47.98
2011-10-10  47.94  48.18  47.72  48.17  926100  48.17
2011-10-07  47.51  47.71  46.86  47.19  1053000  47.19
2011-10-06  46.27  47.3  46.05  47.26  620300  47.26
2011-10-05  46.44  46.44  45.6  46.35  1332400  46.35
2011-10-04  45.62  46.16  44.83  46.13  1500000  46.13
2011-10-03  47.65  48.02  46.15  46.17  1857700  46.17
2011-09-30  47.28  48.49  47.15  47.72  2452100  47.72
2011-09-29  47.58  47.85  47.02  47.64  1348500  47.64
2011-09-28  47.28  48.1  46.71  46.83  1197800  46.83
2011-09-27  47.4  47.84  46.99  47.27  1241000  47.27
2011-09-26  46.55  46.66  45.95  46.51  1181200  46.51
2011-09-23  45.56  46.22  45.45  46.06  1619200  46.06
2011-09-22  46.2  46.31  45.12  45.63  3071900  45.63
2011-09-21  48.62  48.88  47.1  47.11  1604000  47.11
2011-09-20  48.49  49.35  48.17  48.74  1223000  48.74
2011-09-19  48.23  48.45  48.01  48.25  1646300  48.25
2011-09-16  48.37  49.0  48.05  48.94  1894600  48.94
2011-09-15  47.49  48.03  47.33  47.97  1024400  47.97
2011-09-14  46.98  47.68  46.55  47.25  1191300  47.25
2011-09-13  46.25  46.82  46.08  46.73  1043200  46.73
2011-09-12  45.98  46.28  45.47  46.26  1577300  46.26
2011-09-09  47.06  47.06  45.9  46.18  1353900  46.18
2011-09-08  47.56  48.2  47.42  47.47  1049500  47.47
2011-09-07  47.28  47.91  47.01  47.86  1000600  47.86
2011-09-06  45.68  46.7  45.68  46.64  1218600  46.64
2011-09-02  47.44  47.81  47.27  47.42  1071000  47.42
2011-09-01  48.25  48.67  48.03  48.18  1262700  48.18
2011-08-31  48.02  48.33  47.92  48.2  1096000  48.2
2011-08-30  47.62  48.16  47.5  47.9  1047800  47.9
2011-08-29  47.33  47.85  47.17  47.79  758100  47.79
2011-08-26  45.81  47.14  45.21  46.85  1559900  46.85
2011-08-25  47.17  47.31  46.17  46.39  1646100  46.39
2011-08-24  45.85  47.2  45.82  47.05  1335000  47.05
2011-08-23  44.74  45.96  44.51  45.96  1713500  45.96
2011-08-22  45.33  45.51  44.6  44.84  1485300  44.84
2011-08-19  44.74  45.42  44.58  44.75  1767300  44.75
2011-08-18  45.02  45.4  44.43  45.24  2550100  45.24
2011-08-17  45.32  46.12  45.32  45.85  1800500  45.85
2011-08-16  45.12  45.52  44.78  45.22  1455600  45.22
2011-08-15  44.22  45.5  44.07  45.42  1206500  45.42
2011-08-12  44.3  44.48  43.6  43.85  1648500  43.85
2011-08-11  42.04  44.48  42.04  44.03  2541100  44.03
2011-08-10  43.07  43.16  41.89  41.95  3646900  41.95
2011-08-09  42.25  43.84  41.1  43.79  3006100  43.79
2011-08-08  43.86  44.3  41.72  41.84  4638500  41.84
2011-08-05  44.43  44.78  43.25  44.5  2724100  44.5
2011-08-04  45.14  45.47  43.94  43.97  1751300  43.97
2011-08-03  45.45  45.7  45.01  45.6  1708200  45.6
2011-08-02  46.03  46.56  45.53  45.56  1647700  45.56
2011-08-01  46.76  46.94  46.18  46.29  1235500  46.29
2011-07-29  46.6  46.93  46.33  46.52  1242200  46.52
2011-07-28  47.09  47.25  46.76  46.85  1236200  46.85
2011-07-27  47.44  47.6  47.1  47.21  1097500  47.21
2011-07-26  47.86  47.86  47.45  47.56  966600  47.56
2011-07-25  47.61  48.0  47.51  47.79  771700  47.79
2011-07-22  48.43  48.53  47.87  47.95  1027800  47.95
2011-07-21  47.81  48.57  47.73  48.5  1480700  48.5
2011-07-20  47.57  47.84  47.5  47.63  1047800  47.63
2011-07-19  47.44  47.75  47.19  47.69  897600  47.69
2011-07-18  47.73  47.73  47.12  47.31  615700  47.31
2011-07-15  47.76  47.89  47.52  47.82  1327600  47.82
2011-07-14  47.79  48.12  47.5  47.62  1035500  47.62
2011-07-13  48.06  48.09  47.68  47.76  1106000  47.76
2011-07-12  47.59  48.16  47.54  47.93  1373800  47.93
2011-07-11  47.96  48.11  47.62  47.76  964500  47.76
2011-07-08  48.42  48.59  48.09  48.48  1038800  48.48
2011-07-07  49.2  49.27  48.78  48.81  1157500  48.81
2011-07-06  48.68  48.94  48.5  48.87  691900  48.87
2011-07-05  49.2  49.2  48.62  48.67  697900  48.67
2011-07-01  48.49  49.11  48.49  49.03  701400  49.03
2011-06-30  48.2  48.57  47.81  48.53  1117100  48.53
2011-06-29  47.98  48.1  47.7  48.0  1063800  48.0
2011-06-28  48.07  48.16  47.74  47.79  1256400  47.79
2011-06-27  47.68  48.09  47.66  47.97  1018000  47.97
2011-06-24  47.72  48.08  47.51  47.64  1635300  47.64
2011-06-23  47.82  47.89  47.29  47.67  1050200  47.67
2011-06-22  48.31  48.59  48.05  48.24  1267200  48.24
2011-06-21  48.76  48.92  48.22  48.31  3834400  48.31
2011-06-20  48.34  48.61  48.12  48.45  950800  48.45
2011-06-17  48.44  48.67  48.17  48.4  1227300  48.4
2011-06-16  47.87  48.36  47.79  48.05  998800  48.05
2011-06-15  47.83  48.19  47.63  47.84  1164800  47.84
2011-06-14  48.17  48.3  47.84  48.14  1069500  48.14
2011-06-13  47.92  47.99  47.18  47.92  1196700  47.92
2011-06-10  48.2  48.3  47.78  47.83  895900  47.83
2011-06-09  48.29  48.51  48.01  48.26  880400  48.26
2011-06-08  48.11  48.29  47.89  48.14  1270100  48.14
2011-06-07  48.26  48.38  48.01  48.09  1855700  48.09
2011-06-06  48.4  48.43  48.02  48.16  996600  48.16
2011-06-03  48.32  48.85  48.15  48.5  1288200  48.5
2011-06-02  48.92  49.05  48.2  48.89  1146300  48.89
2011-06-01  50.03  50.14  49.31  49.31  1006600  49.31
2011-05-31  50.03  50.2  49.8  50.18  1062400  50.18
2011-05-27  49.78  49.92  49.58  49.73  732100  49.73
2011-05-26  49.46  49.7  49.05  49.61  877500  49.61
2011-05-25  49.62  49.87  49.19  49.62  1112800  49.62
2011-05-24  49.83  49.89  49.56  49.75  982200  49.75
2011-05-23  49.9  50.15  49.69  49.8  1129800  49.8
2011-05-20  50.01  50.56  49.85  50.35  1613000  50.35
2011-05-19  50.11  50.33  49.93  50.08  1451200  50.08
2011-05-18  50.05  50.06  49.64  49.92  1010400  49.92
2011-05-17  49.93  50.23  49.85  49.98  1117900  49.98
2011-05-16  50.03  50.21  49.8  50.02  925700  50.02
2011-05-13  50.25  50.45  49.67  50.12  755500  50.12
2011-05-12  49.94  50.24  49.74  50.19  1032700  50.19
2011-05-11  50.29  50.37  49.69  50.02  821100  50.02
2011-05-10  50.19  50.91  50.19  50.38  1348800  50.38
2011-05-09  49.7  50.08  49.39  50.04  936200  50.04
2011-05-06  49.89  50.33  49.62  49.9  919600  49.9
2011-05-05  49.68  49.9  49.15  49.44  962800  49.44
2011-05-04  50.4  50.46  49.7  49.82  1585900  49.82
2011-05-03  49.98  50.83  49.83  50.48  1523800  50.48
2011-05-02  50.26  50.46  49.95  50.21  902000  50.21
2011-04-29  50.1  50.18  49.85  50.12  1067800  50.12
2011-04-28  49.8  50.22  49.59  50.12  763300  50.12
2011-04-27  49.48  49.99  49.41  49.92  677800  49.92
2011-04-26  49.12  49.49  49.0  49.41  581600  49.41
2011-04-25  48.54  49.03  48.51  49.03  705400  49.03
2011-04-21  48.68  48.81  48.48  48.61  741300  48.61
2011-04-20  48.66  48.89  48.53  48.63  872900  48.63
2011-04-19  48.53  48.56  47.83  48.17  1105100  48.17
2011-04-18  48.52  48.76  48.23  48.38  904900  48.38
2011-04-15  48.25  49.12  48.16  48.91  1350800  48.91
2011-04-14  47.51  48.13  47.4  48.03  728500  48.03
2011-04-13  47.88  48.15  47.69  47.72  1010600  47.72
2011-04-12  48.07  48.24  47.46  47.81  874800  47.81
2011-04-11  48.57  48.78  48.06  48.21  836700  48.21
2011-04-08  48.85  48.95  48.39  48.62  704200  48.62
2011-04-07  49.14  49.14  48.44  48.61  1086100  48.61
2011-04-06  49.0  49.44  48.99  49.21  737800  49.21
2011-04-05  48.95  49.19  48.77  48.88  1013900  48.88
2011-04-04  48.93  49.05  48.56  49.03  1047400  49.03
2011-04-01  48.78  49.07  48.73  48.94  822300  48.94
2011-03-31  48.81  48.93  48.56  48.66  1286100  48.66
2011-03-30  48.12  49.04  48.07  48.89  1330700  48.89
2011-03-29  47.63  48.0  47.41  48.0  1423700  48.0
2011-03-28  47.75  48.11  47.64  47.64  1256800  47.64
2011-03-25  47.79  47.99  47.66  47.74  920400  47.74
2011-03-24  47.67  47.83  47.23  47.71  1573500  47.71
2011-03-23  48.02  48.68  47.32  47.33  3117600  47.33
2011-03-22  47.6  48.05  47.55  47.64  1355600  47.64
2011-03-21  47.15  47.81  47.15  47.51  1113500  47.51
2011-03-18  47.19  47.7  46.56  46.75  2058400  46.75
2011-03-17  46.6  46.74  46.06  46.61  1563100  46.61
2011-03-16  46.78  46.93  45.77  46.04  3010000  46.04
2011-03-15  46.97  47.16  46.45  46.8  2962900  46.8
2011-03-14  48.06  48.13  47.64  47.76  1610300  47.76
2011-03-11  48.16  48.56  48.11  48.44  1113000  48.44
2011-03-10  48.35  48.54  48.11  48.17  1262700  48.17
2011-03-09  48.69  48.79  48.45  48.72  1360100  48.72
2011-03-08  48.46  49.06  48.4  48.69  1632500  48.69
2011-03-07  48.42  48.9  48.2  48.3  2432100  48.3
2011-03-04  48.3  48.51  47.77  48.34  2378700  48.34
2011-03-03  48.28  48.53  48.13  48.44  2060000  48.44
2011-03-02  47.96  48.2  47.8  48.02  1411000  48.02
2011-03-01  48.06  48.47  47.81  47.84  2834800  47.84
2011-02-28  47.53  48.29  47.34  47.97  2643700  47.97
2011-02-25  47.82  48.3  47.77  48.15  1248400  48.15
2011-02-24  47.76  47.92  47.43  47.74  2121500  47.74
2011-02-23  48.16  48.16  47.6  47.61  2233800  47.61
2011-02-22  47.51  48.08  47.37  48.05  1878300  48.05
2011-02-18  47.83  48.05  47.73  48.03  1880200  48.03
2011-02-17  47.93  48.25  47.65  47.73  2446400  47.73
2011-02-16  47.81  48.21  47.76  48.06  1102600  48.06
2011-02-15  47.66  48.07  47.59  47.9  962700  47.9
2011-02-14  47.82  47.87  47.4  47.84  865700  47.84
2011-02-11  47.78  48.14  47.61  48.0  1527300  48.0
2011-02-10  47.85  48.19  47.85  48.17  803800  48.17
2011-02-09  47.76  48.16  47.76  48.12  1077600  48.12
2011-02-08  47.67  48.13  47.5  48.09  1744500  48.09
2011-02-07  47.16  47.6  47.07  47.6  1222400  47.6
2011-02-04  46.9  47.11  46.6  46.97  1520200  46.97
2011-02-03  47.27  47.59  46.77  46.84  2652000  46.84
2011-02-02  47.37  47.76  47.31  47.36  933100  47.36
2011-02-01  47.04  47.71  46.92  47.68  1699900  47.68
2011-01-31  46.81  47.06  46.66  46.92  1797500  46.92
2011-01-28  47.09  47.28  46.68  46.74  1566300  46.74
2011-01-27  47.26  47.32  46.85  47.16  1740400  47.16
2011-01-26  47.29  47.59  47.09  47.26  1484300  47.26
2011-01-25  47.4  47.61  47.08  47.38  1143800  47.38
2011-01-24  47.15  47.56  47.15  47.42  1001700  47.42
2011-01-21  47.38  47.48  47.09  47.25  2605100  47.25
2011-01-20  46.81  47.55  46.63  47.13  2036200  47.13
2011-01-19  46.98  47.09  46.65  46.8  1181000  46.8
2011-01-18  47.3  47.3  46.64  46.93  1378200  46.93
2011-01-14  46.75  47.17  46.72  47.17  906000  47.17
2011-01-13  46.7  46.97  46.51  46.82  781000  46.82
2011-01-12  46.77  46.97  46.65  46.77  853600  46.77
2011-01-11  46.61  46.73  46.36  46.59  869500  46.59
2011-01-10  46.45  46.49  46.12  46.45  1140800  46.45
2011-01-07  46.63  46.83  46.39  46.54  1273600  46.54
2011-01-06  46.62  46.86  46.49  46.65  1306700  46.65
2011-01-05  46.9  47.16  46.58  46.77  1906000  46.77
2011-01-04  47.42  47.69  46.98  47.28  2020000  47.28
2011-01-03  47.48  47.48  47.11  47.27  971000  47.27
2010-12-31  47.09  47.38  47.09  47.29  741700  47.29
2010-12-30  47.14  47.31  47.11  47.19  630300  47.19
2010-12-29  47.09  47.23  47.04  47.15  924800  47.15
2010-12-28  47.08  47.19  46.79  47.11  634200  47.11
2010-12-27  46.84  47.19  46.73  47.04  638700  47.04
2010-12-23  46.88  47.1  46.68  47.0  818300  47.0
2010-12-22  46.78  47.05  46.6  46.96  985800  46.96
2010-12-21  47.04  47.1  46.57  46.77  2278800  46.77
2010-12-20  47.02  47.18  46.71  46.88  1657800  46.88
2010-12-17  46.42  46.93  46.32  46.93  3140200  46.93
2010-12-16  46.16  46.48  45.94  46.43  1470500  46.43
2010-12-15  46.1  46.32  45.97  46.13  1439600  46.13
2010-12-14  46.02  46.3  45.97  46.29  1369500  46.29
2010-12-13  46.0  46.17  45.72  45.93  1385100  45.93
2010-12-10  45.95  46.24  45.69  45.87  3150100  45.87
2010-12-09  45.95  46.1  45.71  45.92  2499700  45.92
2010-12-08  45.57  45.81  45.25  45.44  1980400  45.44
2010-12-07  45.81  45.96  45.47  45.56  1939800  45.56
2010-12-06  45.6  45.82  45.43  45.56  2768400  45.56
2010-12-03  45.49  45.66  45.2  45.61  1460400  45.61
2010-12-02  45.31  45.74  45.16  45.62  1856300  45.62
2010-12-01  45.23  45.5  44.79  45.21  2163700  45.21
2010-11-30  44.44  44.87  44.26  44.8  2376300  44.8
2010-11-29  44.65  44.8  44.36  44.61  1192200  44.61
2010-11-26  44.81  45.15  44.69  44.94  636000  44.94
2010-11-24  45.17  45.19  44.91  45.14  1180800  45.14
2010-11-23  45.09  45.09  44.47  44.78  1075900  44.78
2010-11-22  44.99  45.24  44.83  45.18  1382500  45.18
2010-11-19  45.1  45.44  44.8  45.14  1940200  45.14
2010-11-18  45.0  45.18  44.84  45.05  1162700  45.05
2010-11-17  44.89  44.98  44.5  44.68  1640000  44.68
2010-11-16  45.24  45.32  44.37  44.69  2393500  44.69
2010-11-15  45.66  45.84  45.36  45.36  1518700  45.36
2010-11-12  45.72  45.95  45.47  45.59  1701500  45.59
2010-11-11  46.03  46.47  45.79  45.87  1374200  45.87
2010-11-10  46.08  46.88  45.77  46.42  2706100  46.42
2010-11-09  47.39  47.39  45.46  46.14  6534800  46.14
2010-11-08  48.25  48.33  47.65  47.98  1349700  47.98
2010-11-05  47.35  48.41  47.29  48.35  1205300  48.35
2010-11-04  48.38  48.55  47.99  48.1  1490900  48.1
2010-11-03  48.21  48.29  47.6  47.99  1038200  47.99
2010-11-02  47.8  48.28  47.77  48.2  1347300  48.2
2010-11-01  48.05  48.2  47.24  47.53  1144500  47.53
2010-10-29  47.71  48.0  47.53  47.83  1167300  47.83
2010-10-28  47.76  48.05  47.58  47.84  953800  47.84
2010-10-27  47.16  47.6  47.04  47.53  1106900  47.53
2010-10-26  47.95  48.07  47.64  47.7  1394900  47.7
2010-10-25  48.18  48.32  48.0  48.11  1072200  48.11
2010-10-22  47.74  47.91  47.49  47.87  975800  47.87
2010-10-21  48.33  48.35  47.53  47.72  988300  47.72
2010-10-20  47.8  48.4  47.8  48.11  961900  48.11
2010-10-19  47.79  48.23  47.63  47.76  1238800  47.76
2010-10-18  47.8  48.22  47.71  48.19  883800  48.19
2010-10-15  47.87  48.21  47.64  47.7  1639100  47.7
2010-10-14  47.84  48.14  47.35  47.58  1465200  47.58
2010-10-13  48.04  48.17  47.79  47.83  1268100  47.83
2010-10-12  47.71  48.05  47.54  47.94  1265500  47.94
2010-10-11  48.04  48.04  47.73  47.83  1439800  47.83
2010-10-08  48.36  48.38  48.04  48.08  1416000  48.08
2010-10-07  48.32  48.7  48.03  48.2  903300  48.2
2010-10-06  48.29  48.64  48.02  48.38  1181900  48.38
2010-10-05  48.36  48.53  47.91  48.45  1395900  48.45
2010-10-04  48.26  48.64  47.66  48.02  1009500  48.02
2010-10-01  48.17  48.53  47.97  48.44  1102200  48.44
2010-09-30  48.21  48.59  47.96  48.12  1855400  48.12
2010-09-29  48.0  48.33  47.76  48.06  921000  48.06
2010-09-28  47.98  48.34  47.57  48.24  1295900  48.24
2010-09-27  47.83  48.17  47.72  47.97  1130000  47.97
2010-09-24  47.22  47.98  47.21  47.84  1417600  47.84
2010-09-23  47.33  47.49  46.72  46.79  1042000  46.79
2010-09-22  47.02  47.79  47.02  47.59  1261300  47.59
2010-09-21  47.37  47.42  46.8  46.98  1586400  46.98
2010-09-20  47.18  47.54  47.06  47.42  1618500  47.42
2010-09-17  47.41  47.5  46.99  47.13  1328700  47.13
2010-09-16  47.07  47.45  46.89  47.19  1275600  47.19
2010-09-15  47.39  47.46  46.88  47.19  866000  47.19
2010-09-14  47.12  47.64  47.03  47.46  1038700  47.46
2010-09-13  47.6  47.71  47.06  47.39  1095300  47.39
2010-09-10  47.13  47.39  46.82  47.32  1767600  47.32
2010-09-09  47.37  47.37  47.03  47.19  889700  47.19
2010-09-08  47.26  47.45  46.67  46.8  1138900  46.8
2010-09-07  47.37  47.71  47.22  47.27  889600  47.27
2010-09-03  47.62  47.7  47.08  47.56  1323500  47.56
2010-09-02  46.59  47.46  46.39  47.45  2500600  47.45
2010-09-01  45.53  46.73  45.14  46.61  2066900  46.61
2010-08-31  45.15  45.69  44.89  45.21  2580800  45.21
2010-08-30  46.08  46.12  45.28  45.29  818600  45.29
2010-08-27  45.76  46.18  45.33  46.15  1444700  46.15
2010-08-26  45.6  45.84  45.43  45.58  1536100  45.58
2010-08-25  45.11  45.72  44.89  45.51  1957000  45.51
2010-08-24  44.92  45.73  44.83  45.37  1774100  45.37
2010-08-23  45.09  45.65  45.09  45.29  1024600  45.29
2010-08-20  44.55  44.99  44.32  44.88  1394400  44.88
2010-08-19  45.22  45.37  44.54  44.93  1196000  44.93
2010-08-18  45.66  45.67  45.19  45.55  1441800  45.55
2010-08-17  45.79  46.16  45.6  45.64  1261500  45.64
2010-08-16  45.22  45.68  44.85  45.5  965000  45.5
2010-08-13  45.19  45.78  45.19  45.42  1002300  45.42
2010-08-12  45.36  45.85  45.23  45.53  1252800  45.53
2010-08-11  45.95  46.12  45.61  45.96  2097900  45.96
2010-08-10  45.69  46.8  45.63  46.56  1824600  46.56
2010-08-09  45.96  46.44  45.92  46.12  1871000  46.12
2010-08-06  45.8  46.18  45.41  46.0  1806000  46.0
2010-08-05  45.37  46.03  45.26  46.01  1570500  46.01
2010-08-04  45.67  45.98  45.35  45.69  1530500  45.69
2010-08-03  44.6  45.8  44.48  45.61  2597500  45.61
2010-08-02  44.52  45.1  44.52  44.8  2185600  44.8
2010-07-30  43.98  44.4  43.61  44.18  1683000  44.18
2010-07-29  45.29  45.46  43.98  44.36  2304300  44.36
2010-07-28  45.22  45.44  44.79  44.91  1384600  44.91
2010-07-27  45.19  45.5  44.69  45.43  1829700  45.43
2010-07-26  44.87  45.09  44.75  45.07  1700200  45.07
2010-07-23  44.69  44.96  44.43  44.81  1445700  44.81
2010-07-22  44.06  44.85  44.06  44.71  1989100  44.71
2010-07-21  44.33  44.33  43.5  43.71  1713600  43.71
2010-07-20  43.39  44.36  43.34  44.35  1315200  44.35
2010-07-19  43.2  44.01  42.92  43.91  1616800  43.91
2010-07-16  43.73  43.83  43.01  43.1  1520100  43.1
2010-07-15  43.9  44.14  43.26  43.86  2888800  43.86
2010-07-14  43.97  44.22  43.61  43.85  1392900  43.85
2010-07-13  44.21  44.56  43.92  44.18  1220100  44.18
2010-07-12  43.59  43.98  43.37  43.78  827600  43.78
2010-07-09  43.44  43.76  43.22  43.74  1466900  43.74
2010-07-08  43.28  43.38  42.88  43.38  1054800  43.38
2010-07-07  41.75  43.07  41.67  43.06  1562300  43.06
2010-07-06  41.5  42.0  41.33  41.79  1303900  41.79
2010-07-02  41.26  41.57  41.07  41.3  1440100  41.3
2010-07-01  41.7  41.73  41.07  41.23  2130000  41.23
2010-06-30  42.04  42.38  41.37  41.55  2094000  41.55
2010-06-29  42.8  42.89  41.9  42.18  2885700  42.18
2010-06-28  42.97  43.5  42.6  43.17  1790300  43.17
2010-06-25  42.75  42.84  42.12  42.83  2296600  42.83
2010-06-24  42.36  43.39  42.17  42.58  2957500  42.58
2010-06-23  42.53  42.83  42.33  42.42  1702000  42.42
2010-06-22  43.69  43.89  42.4  42.46  2359400  42.46
2010-06-21  44.71  45.27  43.51  43.8  2293100  43.8
2010-06-18  44.32  44.55  44.07  44.49  1715300  44.49
2010-06-17  43.87  44.45  43.58  44.37  2280000  44.37
2010-06-16  42.83  43.98  42.83  43.71  1915300  43.71
2010-06-15  42.73  43.34  42.69  43.3  1680700  43.3
2010-06-14  42.8  43.17  42.41  42.48  1860500  42.48
2010-06-11  41.71  42.43  41.44  42.38  2693800  42.38
2010-06-10  41.12  41.98  41.12  41.94  1636300  41.94
2010-06-09  41.07  41.08  40.52  40.72  4164500  40.72
2010-06-08  39.58  40.96  39.41  40.87  4650300  40.87
2010-06-07  39.35  40.1  39.21  39.61  2316000  39.61
2010-06-04  39.92  40.15  39.11  39.21  1810600  39.21
2010-06-03  40.24  40.68  40.2  40.58  1177600  40.58
2010-06-02  39.75  40.35  39.41  40.33  2108900  40.33
2010-06-01  40.32  40.39  39.51  39.51  2214800  39.51
2010-05-28  40.22  40.95  40.2  40.52  1852400  40.52
2010-05-27  40.09  40.36  39.77  40.25  1201400  40.25
2010-05-26  40.01  40.26  39.46  39.61  2086300  39.61
2010-05-25  39.41  39.73  38.68  39.7  2144100  39.7
2010-05-24  40.54  41.01  40.02  40.06  2508200  40.06
2010-05-21  40.03  40.73  39.75  40.61  3601800  40.61
2010-05-20  41.01  41.17  40.3  40.35  3833200  40.35
2010-05-19  41.58  42.32  41.44  41.7  4133700  41.7
2010-05-18  41.76  42.35  41.61  41.67  2834800  41.67
2010-05-17  41.62  41.8  40.78  41.54  2021700  41.54
2010-05-14  41.73  41.92  41.33  41.59  1997700  41.59
2010-05-13  41.56  42.47  41.32  41.76  1651300  41.76
2010-05-12  41.69  41.94  41.39  41.55  2625600  41.55
2010-05-11  41.49  42.07  41.35  41.67  1573700  41.67
2010-05-10  41.6  42.26  41.3  41.83  2059300  41.83
2010-05-07  41.4  41.95  40.61  40.91  3619700  40.91
2010-05-06  42.16  42.42  39.66  41.44  4119300  41.44
2010-05-05  43.0  43.28  42.27  42.4  4408000  42.4
2010-05-04  43.9  44.23  42.83  43.12  3027800  43.12
2010-05-03  43.42  44.73  43.2  44.37  2935300  44.37
2010-04-30  43.52  43.73  43.2  43.32  2144000  43.32
2010-04-29  43.63  44.14  43.04  43.54  2553600  43.54
2010-04-28  43.02  43.93  41.54  43.6  6491100  43.6
2010-04-27  44.04  44.11  43.16  43.18  1391400  43.18
2010-04-26  44.46  44.48  44.18  44.22  781200  44.22
2010-04-23  44.07  44.48  43.83  44.48  955800  44.48
2010-04-22  44.11  44.26  43.68  44.16  1222000  44.16
2010-04-21  44.04  44.34  43.99  44.18  1211200  44.18
2010-04-20  43.83  44.04  43.55  44.01  1786700  44.01
2010-04-19  43.17  43.64  43.03  43.6  1249200  43.6
2010-04-16  43.68  43.88  43.21  43.25  1421900  43.25
2010-04-15  43.83  43.99  43.66  43.75  1628100  43.75
2010-04-14  44.06  44.22  43.68  43.86  1543700  43.86
2010-04-13  44.36  44.67  43.99  44.18  1471000  44.18
2010-04-12  44.59  44.7  44.43  44.47  1312800  44.47
2010-04-09  44.25  44.52  43.92  44.48  1611600  44.48
2010-04-08  44.69  44.69  44.13  44.32  1248300  44.32
2010-04-07  45.26  45.29  44.73  44.79  2310300  44.79
2010-04-06  44.91  45.3  44.8  45.24  1640600  45.24
2010-04-05  44.7  45.16  44.68  45.15  1574700  45.15
2010-04-01  44.06  44.71  44.06  44.66  1392400  44.66
2010-03-31  44.13  44.32  43.84  43.96  1688900  43.96
2010-03-30  44.42  44.81  44.21  44.27  1899000  44.27
2010-03-29  43.38  44.48  43.29  44.43  2097200  44.43
2010-03-26  43.08  43.55  42.92  43.3  2501600  43.3
2010-03-25  43.87  44.27  42.87  42.94  2716700  42.94
2010-03-24  44.0  44.0  43.41  43.67  2602700  43.67
2010-03-23  44.26  44.26  43.91  44.1  2034600  44.1
2010-03-22  44.13  44.49  44.05  44.32  1334500  44.32
2010-03-19  44.76  45.01  44.2  44.49  2326300  44.49
2010-03-18  44.19  44.79  44.19  44.71  1252900  44.71
2010-03-17  44.23  44.43  44.05  44.32  1982200  44.32
2010-03-16  43.93  44.38  43.83  44.34  1621300  44.34
2010-03-15  43.95  44.12  43.79  43.92  1413400  43.92
2010-03-12  44.44  44.6  43.9  43.94  1558200  43.94
2010-03-11  44.11  44.29  43.87  44.22  1171400  44.22
2010-03-10  44.2  44.34  43.92  44.3  2198700  44.3
2010-03-09  44.56  44.56  44.12  44.27  3347400  44.27
2010-03-08  44.89  45.23  44.5  44.58  3446700  44.58
2010-03-05  42.84  43.56  42.71  43.47  2281300  43.47
2010-03-04  42.55  42.89  42.28  42.66  1962300  42.66
2010-03-03  42.64  42.88  42.5  42.78  2218600  42.78
2010-03-02  43.15  43.27  42.5  42.65  3512500  42.65
2010-03-01  43.0  43.33  42.93  43.09  2559500  43.09
2010-02-26  43.94  43.94  42.96  42.98  3376200  42.98
2010-02-25  41.86  44.52  41.56  43.98  4572800  43.98
2010-02-24  42.3  42.9  42.06  42.42  2501800  42.42
2010-02-23  42.48  42.83  42.14  42.17  2183300  42.17
2010-02-22  42.98  43.08  42.48  42.51  2569800  42.51
2010-02-19  42.13  43.14  41.92  42.79  2888700  42.79
2010-02-18  42.01  42.21  41.56  42.07  2694500  42.07
2010-02-17  42.92  42.92  41.9  42.12  4002700  42.12
2010-02-16  43.61  44.32  42.78  42.83  4835000  42.83
2010-02-12  43.26  43.35  42.81  43.25  2110800  43.25
2010-02-11  42.93  43.6  42.44  43.5  1354900  43.5
2010-02-10  43.37  43.37  42.59  43.06  1091100  43.06
2010-02-09  43.27  43.87  43.04  43.35  1166300  43.35
2010-02-08  43.33  43.44  42.84  42.84  1136800  42.84
2010-02-05  43.41  43.51  42.59  43.42  3613500  43.42
2010-02-04  44.22  44.27  43.32  43.33  1898100  43.33
2010-02-03  44.88  44.88  44.33  44.43  757100  44.43
2010-02-02  44.88  45.07  44.37  45.01  1524100  45.01
2010-02-01  44.52  44.84  44.04  44.77  1964100  44.77
2010-01-29  44.47  44.69  44.0  44.36  2364300  44.36
2010-01-28  44.7  44.85  43.88  44.4  1582900  44.4
2010-01-27  44.8  44.89  44.07  44.65  1665300  44.65
2010-01-26  44.96  45.2  44.3  44.97  1750500  44.97
2010-01-25  45.32  45.63  45.06  45.09  1602200  45.09
2010-01-22  45.64  45.98  45.02  45.06  3159200  45.06
2010-01-21  45.26  45.98  45.04  45.63  3036000  45.63
2010-01-20  45.63  45.69  45.18  45.35  2452300  45.35
2010-01-19  45.88  46.31  45.72  45.91  3581300  45.91
2010-01-15  46.83  46.85  45.39  45.82  3162300  45.82
2010-01-14  47.0  47.22  46.77  46.85  1411500  46.85
2010-01-13  46.87  47.12  46.21  47.09  2641400  47.09
2010-01-12  47.58  48.0  47.14  47.55  1238200  47.55
2010-01-11  47.23  47.9  47.16  47.72  1225900  47.72
2010-01-08  46.94  47.17  46.37  47.03  1364500  47.03
2010-01-07  47.02  47.39  46.25  47.06  2221300  47.06
2010-01-06  47.71  47.94  47.12  47.16  2956500  47.16
2010-01-05  48.79  48.81  47.52  47.82  3408600  47.82
2010-01-04  49.3  49.48  48.77  48.86  2081200  48.86
