Date  Open  High  Low  Close  Volume  Adj Close
2014-02-28  37.41  37.97  37.18  37.68  3473900  37.68
2014-02-27  37.29  37.59  37.13  37.59  1690300  37.59
2014-02-26  37.31  37.41  36.98  37.36  2733500  37.36
2014-02-25  37.46  37.47  37.07  37.2  2631000  37.2
2014-02-24  37.14  37.94  37.12  37.49  3054700  37.49
2014-02-21  37.02  37.4  36.96  37.12  2271600  37.12
2014-02-20  36.86  37.15  36.54  36.98  2810000  36.98
2014-02-19  37.42  37.52  36.7  36.82  2909800  36.82
2014-02-18  37.78  37.79  37.28  37.56  1657600  37.56
2014-02-14  37.37  37.75  37.33  37.74  2271900  37.74
2014-02-13  36.73  37.35  36.61  37.34  4028100  37.34
2014-02-12  38.26  38.6  36.93  37.03  7229300  37.03
2014-02-11  37.7  38.25  37.51  38.2  3366000  38.2
2014-02-10  37.86  37.97  37.37  37.87  2835900  37.87
2014-02-07  37.72  38.24  37.58  37.95  3919300  37.95
2014-02-06  36.87  37.63  36.75  37.6  3035300  37.6
2014-02-05  36.44  37.0  36.28  36.78  4916400  36.78
2014-02-04  36.56  36.94  36.37  36.79  4702500  36.79
2014-02-03  36.99  37.11  36.13  36.3  5949800  36.3
2014-01-31  37.19  37.39  36.85  36.92  3707800  36.92
2014-01-30  37.9  37.92  37.38  37.71  2138700  37.71
2014-01-29  37.89  38.2  37.33  37.45  3722100  37.45
2014-01-28  38.0  38.2  37.69  37.94  3333400  37.94
2014-01-27  37.93  38.16  37.64  37.75  3737900  37.75
2014-01-24  38.82  38.82  37.93  37.95  4326100  37.95
2014-01-23  39.48  39.51  38.77  39.06  4256700  39.06
2014-01-22  39.89  40.1  39.6  39.75  3217400  39.75
2014-01-21  39.43  39.89  39.27  39.76  5941300  39.76
2014-01-17  39.38  39.89  38.63  39.23  8447300  39.23
2014-01-16  38.1  38.18  37.75  37.91  3298500  37.91
2014-01-15  38.1  38.45  38.1  38.34  3217000  38.34
2014-01-14  38.07  38.2  37.52  38.08  5108600  38.08
2014-01-13  38.17  38.48  37.89  38.05  4897900  38.05
2014-01-10  38.03  38.31  37.67  38.29  5151600  38.29
2014-01-09  37.38  37.97  37.36  37.91  4915800  37.91
2014-01-08  36.94  37.23  36.72  37.17  5409600  37.17
2014-01-07  37.3  37.34  36.7  36.87  4046800  36.87
2014-01-06  36.73  37.18  36.7  36.7  3394900  36.7
2014-01-03  36.43  36.71  36.3  36.45  1922300  36.45
2014-01-02  36.72  36.76  36.39  36.42  2241400  36.42
2013-12-31  36.63  36.78  36.42  36.71  1840700  36.71
2013-12-30  36.54  36.63  36.36  36.49  1736700  36.49
2013-12-27  36.67  36.7  36.45  36.51  1165500  36.51
2013-12-26  36.65  36.73  36.55  36.61  1306200  36.61
2013-12-24  36.61  36.84  36.58  36.67  872600  36.67
2013-12-23  36.4  36.8  36.33  36.66  2269200  36.66
2013-12-20  36.22  36.51  35.96  36.29  4033200  36.29
2013-12-19  35.57  36.23  35.48  36.01  3357700  36.01
2013-12-18  35.14  35.74  34.8  35.71  4101800  35.71
2013-12-17  35.21  35.32  34.97  35.17  2407500  35.17
2013-12-16  35.12  35.41  35.0  35.26  3082700  35.26
2013-12-13  35.03  35.12  34.74  34.9  2574200  34.9
2013-12-12  35.02  35.26  34.92  35.02  3334200  35.02
2013-12-11  35.54  35.55  35.01  35.11  4799600  35.11
2013-12-10  35.37  35.61  35.18  35.41  3796900  35.41
2013-12-09  35.5  35.59  35.32  35.45  3142500  35.45
2013-12-06  35.44  35.52  34.97  35.35  4140300  35.35
2013-12-05  34.99  35.23  34.8  34.94  2953400  34.94
2013-12-04  34.84  35.51  34.84  35.0  6752900  35.0
2013-12-03  35.87  36.2  35.26  35.34  5394300  35.34
2013-12-02  36.21  36.41  35.84  35.9  2416400  35.9
2013-11-29  36.37  36.5  36.08  36.13  1062900  36.13
2013-11-27  36.44  36.54  36.27  36.34  1490900  36.34
2013-11-26  36.5  36.59  36.27  36.38  2852600  36.38
2013-11-25  36.36  36.79  36.23  36.36  4408200  36.36
2013-11-22  35.65  36.22  35.43  36.21  3051200  36.21
2013-11-21  35.79  35.95  35.6  35.66  5123800  35.66
2013-11-20  35.7  35.86  35.41  35.64  2443300  35.64
2013-11-19  35.68  35.99  35.33  35.54  3594500  35.54
2013-11-18  35.84  36.09  35.71  35.77  3666100  35.77
2013-11-15  35.87  35.97  35.71  35.84  2504800  35.84
2013-11-14  35.73  35.84  35.36  35.76  3748100  35.76
2013-11-13  34.9  35.27  34.78  35.24  2907800  35.24
2013-11-12  35.5  35.53  34.83  34.95  3339700  34.95
2013-11-11  35.45  35.76  35.4  35.51  3663100  35.51
2013-11-08  34.23  35.62  34.16  35.53  5588700  35.53
2013-11-07  34.13  34.3  33.94  34.11  5910800  34.11
2013-11-06  33.82  34.02  33.56  34.0  2582800  34.0
2013-11-05  33.46  33.86  33.39  33.67  2151300  33.67
2013-11-04  33.66  33.74  33.4  33.61  3480000  33.61
2013-11-01  33.47  33.64  33.3  33.57  4004600  33.57
2013-10-31  33.89  33.95  33.46  33.46  3131200  33.46
2013-10-30  33.91  34.07  33.75  33.96  2918900  33.96
2013-10-29  33.96  33.99  33.61  33.84  1989500  33.84
2013-10-28  33.52  34.11  33.38  33.89  3088500  33.89
2013-10-25  33.24  33.57  33.11  33.53  3834100  33.53
2013-10-24  33.54  33.61  32.91  33.18  6832600  33.18
2013-10-23  34.16  34.22  33.42  33.53  10101700  33.53
2013-10-22  34.35  34.65  34.19  34.4  5507400  34.4
2013-10-21  34.34  34.64  34.25  34.37  2622700  34.37
2013-10-18  34.42  34.73  33.67  34.48  5211900  34.48
2013-10-17  33.45  34.05  33.27  33.85  3078800  33.85
2013-10-16  33.32  33.82  33.16  33.66  2667700  33.66
2013-10-15  33.13  33.36  32.97  33.03  2287100  33.03
2013-10-14  33.04  33.31  32.91  33.25  2768900  33.25
2013-10-11  32.81  33.34  32.47  33.33  4049600  33.33
2013-10-10  32.48  33.21  32.47  33.17  3001100  33.17
2013-10-09  32.02  32.26  31.8  32.1  5618800  32.1
2013-10-08  32.05  32.32  31.98  31.99  3461100  31.99
2013-10-07  32.44  32.49  32.1  32.12  1719400  32.12
2013-10-04  32.43  32.85  32.36  32.81  2146000  32.81
2013-10-03  32.42  32.57  32.04  32.41  3456600  32.41
2013-10-02  32.35  32.61  32.2  32.47  2769100  32.47
2013-10-01  32.33  32.74  32.19  32.62  2720900  32.62
2013-09-30  32.07  32.46  31.89  32.24  5057200  32.24
2013-09-27  32.18  32.64  32.12  32.42  3176300  32.42
2013-09-26  32.49  32.67  32.23  32.46  3030900  32.46
2013-09-25  32.34  32.7  31.93  32.45  3779300  32.45
2013-09-24  32.3  32.67  31.93  32.3  3868400  32.3
2013-09-23  32.66  32.79  32.09  32.37  4237300  32.37
2013-09-20  32.91  33.11  32.7  32.76  6556700  32.76
2013-09-19  34.11  34.2  32.67  32.96  6566800  32.96
2013-09-18  33.74  34.26  33.54  33.99  4301900  33.99
2013-09-17  33.4  33.81  33.21  33.78  2621400  33.78
2013-09-16  33.53  33.6  33.15  33.42  2332200  33.42
2013-09-13  33.08  33.22  32.8  33.13  2141200  33.13
2013-09-12  33.34  33.36  32.97  33.04  2802100  33.04
2013-09-11  32.9  33.33  32.83  33.08  3276000  33.08
2013-09-10  33.0  33.2  32.86  32.98  3277400  32.98
2013-09-09  32.73  32.91  32.55  32.82  3137400  32.82
2013-09-06  32.83  33.05  32.11  32.73  4359700  32.73
2013-09-05  32.22  32.57  32.12  32.37  3112100  32.37
2013-09-04  31.77  32.37  31.73  32.18  5916400  32.18
2013-09-03  32.38  32.58  31.42  31.73  4606800  31.73
2013-08-30  32.3  32.32  31.75  31.85  2971600  31.85
2013-08-29  31.96  32.56  31.83  32.24  2361700  32.24
2013-08-28  32.18  32.42  31.78  32.13  3091200  32.13
2013-08-27  33.04  33.11  32.02  32.17  4280100  32.17
2013-08-26  33.92  34.06  33.44  33.48  2620300  33.48
2013-08-23  34.34  34.34  33.58  33.95  2681300  33.95
2013-08-22  33.66  34.34  33.64  34.06  1796900  34.06
2013-08-21  33.82  33.99  33.44  33.59  2575100  33.59
2013-08-20  33.74  34.07  33.59  33.94  2829900  33.94
2013-08-19  34.23  34.23  33.66  33.69  2564800  33.69
2013-08-16  33.98  34.68  33.98  34.31  2488100  34.31
2013-08-15  34.45  34.68  33.99  34.09  3115300  34.09
2013-08-14  34.62  34.94  34.62  34.68  1900200  34.68
2013-08-13  34.59  34.75  34.27  34.62  1686700  34.62
2013-08-12  34.43  34.75  34.41  34.51  2630900  34.51
2013-08-09  34.87  34.94  34.33  34.67  4711600  34.67
2013-08-08  34.78  35.42  34.65  35.21  3532100  35.21
2013-08-07  34.77  34.82  34.45  34.6  2443800  34.6
2013-08-06  35.09  35.11  34.7  34.93  2693300  34.93
2013-08-05  35.12  35.37  34.94  35.12  1839200  35.12
2013-08-02  35.29  35.48  34.95  35.14  2511100  35.14
2013-08-01  34.84  35.51  34.72  35.45  2737300  35.45
2013-07-31  34.48  35.24  34.44  34.5  4646100  34.5
2013-07-30  34.42  34.76  34.24  34.37  2659700  34.37
2013-07-29  34.6  34.62  34.1  34.23  2785800  34.23
2013-07-26  34.58  34.66  34.36  34.59  2327200  34.59
2013-07-25  34.63  34.98  34.34  34.84  3646100  34.84
2013-07-24  34.98  35.14  34.72  34.79  3277100  34.79
2013-07-23  34.78  34.99  34.49  34.86  3982000  34.86
2013-07-22  34.44  34.79  34.16  34.78  2919700  34.78
2013-07-19  35.48  35.98  33.76  34.53  5850100  34.53
2013-07-18  33.61  34.2  33.42  34.01  3972400  34.01
2013-07-17  33.23  33.59  33.11  33.53  2631300  33.53
2013-07-16  33.79  33.91  32.78  33.19  3129200  33.19
2013-07-15  33.75  33.93  33.29  33.8  2691600  33.8
2013-07-12  33.11  33.68  33.11  33.68  2955600  33.68
2013-07-11  34.1  34.16  32.99  33.06  4665900  33.06
2013-07-10  34.07  34.11  33.45  33.64  4266600  33.64
2013-07-09  33.68  34.35  33.46  34.04  6497400  34.04
2013-07-08  34.21  34.3  33.64  33.77  3917300  33.77
2013-07-05  32.95  34.07  32.81  34.02  6691800  34.02
2013-07-03  31.91  32.72  31.74  32.64  4400300  32.64
2013-07-02  31.64  32.43  31.61  32.23  5382600  32.23
2013-07-01  31.52  31.95  31.36  31.72  2894000  31.72
2013-06-28  31.36  31.47  30.98  31.3  3356000  31.3
2013-06-27  31.3  31.59  31.11  31.43  4214800  31.43
2013-06-26  31.3  31.49  30.98  31.09  5013800  31.09
2013-06-25  30.53  31.08  30.36  30.96  3437700  30.96
2013-06-24  30.62  30.62  29.91  30.16  6624700  30.16
2013-06-21  30.9  31.19  30.7  30.97  6095900  30.97
2013-06-20  30.69  31.22  30.49  30.68  7121800  30.68
2013-06-19  31.41  31.48  30.96  30.99  3957400  30.99
2013-06-18  31.12  31.62  31.03  31.48  2635900  31.48
2013-06-17  31.01  31.23  30.84  31.08  3310100  31.08
2013-06-14  31.32  31.5  30.61  30.83  3981500  30.83
2013-06-13  31.09  31.75  31.02  31.68  3749800  31.68
2013-06-12  31.66  31.72  31.05  31.06  4081300  31.06
2013-06-11  31.77  31.95  31.34  31.43  4326400  31.43
2013-06-10  32.11  32.31  31.85  32.17  3790700  32.17
2013-06-07  31.74  32.03  31.53  31.98  3264600  31.98
2013-06-06  31.23  31.63  31.08  31.61  3635900  31.61
2013-06-05  31.67  31.89  31.23  31.28  6889700  31.28
2013-06-04  31.98  32.39  31.66  31.75  3896100  31.75
2013-06-03  31.87  32.08  31.28  31.97  4807000  31.97
2013-05-31  32.25  32.34  31.82  31.82  4232100  31.82
2013-05-30  31.82  32.56  31.67  32.32  4745400  32.32
2013-05-29  31.77  32.08  31.64  31.73  5603600  31.73
2013-05-28  32.03  32.35  31.78  31.97  6126500  31.97
2013-05-24  31.24  31.64  30.89  31.57  3355200  31.57
2013-05-23  31.23  31.53  31.04  31.38  7720300  31.38
2013-05-22  31.64  32.32  31.22  31.51  7967900  31.51
2013-05-21  31.88  32.01  31.66  31.78  3337900  31.78
2013-05-20  31.42  32.11  31.41  31.93  4150900  31.93
2013-05-17  31.08  31.54  31.01  31.51  4292300  31.51
2013-05-16  30.73  31.17  30.71  30.91  3645100  30.91
2013-05-15  30.46  30.94  30.3  30.85  2684300  30.85
2013-05-14  30.17  30.56  30.1  30.5  3100000  30.5
2013-05-13  30.06  30.43  29.98  30.19  4139500  30.19
2013-05-10  30.23  30.31  29.8  30.11  4157800  30.11
2013-05-09  30.53  30.66  30.17  30.2  5366700  30.2
2013-05-08  29.92  30.68  29.72  30.49  6080600  30.49
2013-05-07  29.55  30.03  29.51  29.94  3556200  29.94
2013-05-06  29.05  29.55  29.0  29.48  2614100  29.48
2013-05-03  29.12  29.33  28.9  29.03  2583200  29.03
2013-05-02  28.62  28.9  28.51  28.81  1773200  28.81
2013-05-01  28.88  28.91  28.53  28.61  2951700  28.61
2013-04-30  29.0  29.04  28.67  28.91  3654100  28.91
2013-04-29  29.16  29.35  28.95  28.99  5601800  28.99
2013-04-26  28.89  29.01  28.59  28.71  3950300  28.71
2013-04-25  28.71  29.18  28.66  28.93  4599500  28.93
2013-04-24  27.98  28.67  27.97  28.64  5469200  28.64
2013-04-23  27.81  28.04  27.61  27.97  4395000  27.97
2013-04-22  27.97  27.97  27.45  27.65  4336800  27.65
2013-04-19  27.6  28.44  27.3  27.98  10357000  27.98
2013-04-18  27.42  27.42  26.86  27.0  5608300  27.0
2013-04-17  27.42  27.59  27.03  27.29  5109600  27.29
2013-04-16  27.8  27.8  27.36  27.66  5679300  27.66
2013-04-15  28.3  28.42  27.55  27.55  3684600  27.55
2013-04-12  28.25  28.51  28.15  28.46  3837000  28.46
2013-04-11  28.76  28.88  28.25  28.65  5503300  28.65
2013-04-10  28.6  28.9  28.56  28.8  4198600  28.8
2013-04-09  28.39  28.69  28.31  28.58  4160600  28.58
2013-04-08  27.81  28.45  27.5  28.31  5996800  28.31
2013-04-05  26.69  27.77  26.69  27.72  7110500  27.72
2013-04-04  26.96  27.43  26.85  27.09  5493900  27.09
2013-04-03  27.45  27.49  26.65  27.04  9257300  27.04
2013-04-02  27.67  27.94  27.32  27.49  8853500  27.49
2013-04-01  28.47  28.54  27.84  27.95  3576400  27.95
2013-03-28  28.23  28.49  27.92  28.48  5036100  28.48
2013-03-27  28.18  28.27  28.0  28.21  3203600  28.21
2013-03-26  28.27  28.44  28.04  28.41  3507200  28.41
2013-03-25  28.01  28.27  27.89  28.18  4778200  28.18
2013-03-22  28.01  28.08  27.72  27.9  3840800  27.9
2013-03-21  28.09  28.25  27.87  27.96  3010100  27.96
2013-03-20  28.48  28.52  28.26  28.31  3310700  28.31
2013-03-19  28.53  28.66  28.14  28.23  4895100  28.23
2013-03-18  28.37  28.74  28.29  28.48  5372500  28.48
2013-03-15  29.01  29.07  28.57  28.72  7888100  28.72
2013-03-14  29.36  29.56  28.95  29.28  5176500  29.28
2013-03-13  29.14  29.35  28.98  29.29  3737400  29.29
2013-03-12  29.41  29.51  29.06  29.12  3794900  29.12
2013-03-11  29.09  29.57  29.01  29.39  5576300  29.39
2013-03-08  29.21  29.33  28.69  29.01  9327800  29.01
2013-03-07  27.92  28.51  27.88  28.23  5182800  28.23
2013-03-06  27.83  28.11  27.75  27.84  3717400  27.84
2013-03-05  27.85  27.99  27.56  27.68  4825700  27.68
2013-03-04  27.25  27.72  27.2  27.7  4957900  27.7
2013-03-01  27.06  27.53  26.65  27.23  6901300  27.23
2013-02-28  27.43  27.61  27.12  27.27  4161300  27.27
2013-02-27  27.03  27.51  26.99  27.4  5292300  27.4
2013-02-26  27.03  27.12  26.57  27.04  5085700  27.04
2013-02-25  27.68  27.8  26.75  26.76  5636900  26.76
2013-02-22  27.3  27.56  27.28  27.53  3903300  27.53
2013-02-21  27.18  27.51  26.93  27.09  5212900  27.09
2013-02-20  27.32  27.52  27.16  27.21  7403600  27.21
2013-02-19  27.43  27.5  27.15  27.32  8983800  27.32
2013-02-15  28.25  28.32  27.6  27.74  7362800  27.74
2013-02-14  28.38  28.53  28.34  28.41  3558800  28.41
2013-02-13  29.06  29.14  28.48  28.55  4853000  28.55
2013-02-12  28.98  29.16  28.95  29.03  4051300  29.03
2013-02-11  28.76  29.11  28.76  28.96  4077300  28.96
2013-02-08  28.49  28.91  28.42  28.86  3136200  28.86
2013-02-07  28.38  28.59  28.08  28.45  4725000  28.45
2013-02-06  28.24  28.46  28.12  28.36  6460800  28.36
2013-02-05  28.51  28.66  28.35  28.38  4963900  28.38
2013-02-04  28.48  28.51  28.25  28.31  4854900  28.31
2013-02-01  28.28  28.76  28.18  28.71  5276800  28.71
2013-01-31  28.13  28.13  27.66  27.99  8518500  27.99
2013-01-30  28.31  28.51  28.03  28.15  7470600  28.15
2013-01-29  28.85  28.97  28.47  28.5  5237100  28.5
2013-01-28  29.02  29.08  28.73  28.88  4088500  28.88
2013-01-25  29.14  29.16  28.71  28.96  5849700  28.96
2013-01-24  28.65  29.21  28.64  29.01  7339200  29.01
2013-01-23  28.68  28.81  28.37  28.71  3539100  28.71
2013-01-22  28.63  28.84  28.44  28.75  6656600  28.75
2013-01-18  29.08  29.58  28.35  28.75  8287700  28.75
2013-01-17  29.05  29.3  28.82  29.18  6591300  29.18
2013-01-16  28.5  28.98  28.32  28.84  4607600  28.84
2013-01-15  27.67  28.56  27.55  28.5  5913000  28.5
2013-01-14  27.94  28.01  27.6  27.72  4847500  27.72
2013-01-11  28.16  28.19  27.55  27.93  7472800  27.93
2013-01-10  28.57  28.7  27.96  28.22  9118900  28.22
2013-01-09  28.65  28.83  28.21  28.33  5371800  28.33
2013-01-08  28.52  28.61  28.08  28.59  7371800  28.59
2013-01-07  28.86  28.94  28.35  28.58  3372200  28.58
2013-01-04  28.78  29.06  28.46  29.03  5808400  29.03
2013-01-03  28.28  28.32  27.61  28.25  9399200  28.25
2013-01-02  28.69  28.87  28.47  28.87  7992800  28.87
2012-12-31  27.33  28.03  27.33  27.97  5677700  27.97
2012-12-28  27.35  27.71  27.3  27.42  3157900  27.42
2012-12-27  27.63  27.72  27.08  27.62  3286000  27.62
2012-12-26  27.7  27.98  27.57  27.63  3435700  27.63
2012-12-24  27.83  28.04  27.53  27.62  2374600  27.62
2012-12-21  28.25  28.37  27.67  27.89  10674900  27.89
2012-12-20  28.21  28.58  28.16  28.58  4974600  28.58
2012-12-19  28.21  28.54  28.09  28.18  5148400  28.18
2012-12-18  27.59  28.1  27.52  28.08  6339100  28.08
2012-12-17  26.87  27.48  26.8  27.47  5193800  27.47
2012-12-14  26.83  26.94  26.62  26.71  2359400  26.71
2012-12-13  27.32  27.47  26.68  26.84  4823300  26.84
2012-12-12  27.36  27.73  27.28  27.4  5948700  27.4
2012-12-11  26.96  27.37  26.73  27.22  4608900  27.22
2012-12-10  26.75  27.09  26.59  26.84  6144500  26.84
2012-12-07  26.45  26.83  26.35  26.82  4032300  26.82
2012-12-06  26.22  26.37  26.12  26.34  2856000  26.34
2012-12-05  25.95  26.49  25.91  26.25  4556800  26.25
2012-12-04  26.3  26.35  25.64  25.91  6320000  25.91
2012-12-03  26.78  26.82  26.2  26.27  4719300  26.27
2012-11-30  26.61  26.93  26.59  26.79  3165600  26.79
2012-11-29  26.64  26.94  26.53  26.66  2128000  26.66
2012-11-28  26.31  26.54  25.89  26.53  4141500  26.53
2012-11-27  26.53  26.91  26.37  26.39  3503500  26.39
2012-11-26  26.83  26.9  26.52  26.8  3286200  26.8
2012-11-23  26.62  27.06  26.49  27.06  1328700  27.06
2012-11-21  27.03  27.08  26.31  26.39  5845100  26.39
2012-11-20  26.57  27.16  26.25  26.98  6445100  26.98
2012-11-19  26.03  26.65  25.99  26.58  6227500  26.58
2012-11-16  25.47  25.7  25.1  25.62  5546200  25.62
2012-11-15  25.14  25.61  24.92  25.43  5968200  25.43
2012-11-14  25.93  26.04  24.93  25.05  6156700  25.05
2012-11-13  25.91  26.38  25.76  25.77  3727800  25.77
2012-11-12  26.27  26.42  25.94  26.14  3033100  26.14
2012-11-09  25.85  26.47  25.79  26.16  5039600  26.16
2012-11-08  26.22  26.58  25.96  25.99  6532200  25.99
2012-11-07  26.9  27.02  25.9  26.17  7800600  26.17
2012-11-06  26.89  27.37  26.66  27.31  3538200  27.31
2012-11-05  26.61  26.8  26.15  26.75  4122800  26.75
2012-11-02  27.33  27.4  26.66  26.73  4128500  26.73
2012-11-01  26.82  27.13  26.59  27.12  5623400  27.12
2012-10-31  26.97  27.09  26.47  26.79  4645100  26.79
2012-10-26  26.72  26.96  26.38  26.69  4553400  26.69
2012-10-25  27.1  27.2  26.49  26.83  5856500  26.83
2012-10-24  27.07  27.22  26.62  26.66  6641600  26.66
2012-10-23  26.46  26.93  26.11  26.83  10835200  26.83
2012-10-22  27.36  27.83  26.79  27.25  14460900  27.25
2012-10-19  28.62  28.72  27.91  28.2  6895500  28.2
2012-10-18  28.81  28.99  28.44  28.55  7216100  28.55
2012-10-17  28.27  29.12  28.15  28.91  7706300  28.91
2012-10-16  28.9  28.95  28.01  28.12  9391700  28.12
2012-10-15  28.91  28.96  28.33  28.66  7646800  28.66
2012-10-12  28.68  29.05  28.06  28.73  10109100  28.73
2012-10-11  29.64  29.93  29.47  29.73  7413500  29.73
2012-10-10  29.88  30.18  29.12  29.21  8072400  29.21
2012-10-09  29.31  30.12  29.24  29.81  9496200  29.81
2012-10-08  29.66  29.68  29.29  29.31  5708900  29.31
2012-10-05  29.74  30.13  29.56  29.85  6924500  29.85
2012-10-04  29.03  29.67  28.89  29.51  8472600  29.51
2012-10-03  28.3  29.07  28.13  28.84  7511100  28.84
2012-10-02  28.17  28.24  27.87  28.2  4268000  28.2
2012-10-01  28.06  28.38  27.91  28.05  4489400  28.05
2012-09-28  27.73  27.96  27.55  27.84  3503200  27.84
2012-09-27  27.79  28.05  27.51  27.83  4674900  27.83
2012-09-26  27.79  27.99  27.56  27.58  6329700  27.58
2012-09-25  28.68  28.71  27.77  27.77  8439400  27.77
2012-09-24  27.72  28.71  27.72  28.64  8906200  28.64
2012-09-21  28.64  28.74  28.0  28.0  5744200  28.0
2012-09-20  28.26  28.47  28.01  28.33  5026600  28.33
2012-09-19  27.93  28.72  27.93  28.59  9565600  28.59
2012-09-18  28.57  28.6  27.95  28.25  9516600  28.25
2012-09-17  29.36  29.4  28.45  28.7  8775300  28.7
2012-09-14  28.69  30.33  28.59  29.46  18007900  29.46
2012-09-13  27.66  29.01  27.49  28.43  10994200  28.43
2012-09-12  27.22  27.92  27.22  27.66  7102000  27.66
2012-09-11  27.28  27.44  26.99  27.16  5653000  27.16
2012-09-10  27.02  27.53  27.0  27.21  7190700  27.21
2012-09-07  27.08  27.71  26.92  27.08  13958500  27.08
2012-09-06  25.44  26.36  25.44  26.27  9475600  26.27
2012-09-05  25.1  25.31  24.92  25.06  3531900  25.06
2012-09-04  24.8  25.34  24.76  25.22  4619600  25.22
2012-08-31  24.78  24.98  24.67  24.79  3054500  24.79
2012-08-30  24.55  24.7  24.29  24.59  2551200  24.59
2012-08-29  24.5  24.9  24.47  24.72  4239600  24.72
2012-08-28  24.59  24.66  24.3  24.36  4776400  24.36
2012-08-27  24.81  24.98  24.61  24.76  3081600  24.76
2012-08-24  24.47  24.75  24.39  24.67  3766400  24.67
2012-08-23  24.95  24.95  24.37  24.48  3665500  24.48
2012-08-22  24.85  25.15  24.57  24.77  5442000  24.77
2012-08-21  25.13  25.32  24.79  24.85  4013900  24.85
2012-08-20  25.05  25.15  24.88  25.01  2690800  25.01
2012-08-17  24.92  25.09  24.86  25.05  3046200  25.05
2012-08-16  24.66  24.87  24.51  24.83  4384300  24.83
2012-08-15  24.43  24.75  24.4  24.59  2503500  24.59
2012-08-14  24.56  24.67  24.39  24.54  4933700  24.54
2012-08-13  24.27  24.47  24.19  24.46  3696900  24.46
2012-08-10  24.15  24.46  23.97  24.4  3931400  24.4
2012-08-09  23.88  24.35  23.84  24.28  3996400  24.28
2012-08-08  23.67  24.26  23.67  23.96  3909900  23.96
2012-08-07  23.68  24.35  23.61  23.88  6186000  23.88
2012-08-06  23.79  24.04  23.59  23.62  2805200  23.62
2012-08-03  23.23  23.94  23.22  23.68  4773600  23.68
2012-08-02  23.0  23.15  22.49  22.81  4819200  22.81
2012-08-01  23.36  23.57  23.1  23.26  6262700  23.26
2012-07-31  23.06  23.38  22.94  23.24  6016600  23.24
2012-07-30  23.26  23.36  23.05  23.15  3152700  23.15
2012-07-27  23.3  23.58  22.94  23.37  4721000  23.37
2012-07-26  22.86  23.07  22.72  23.01  4485800  23.01
2012-07-25  22.49  22.75  22.36  22.38  6246700  22.38
2012-07-24  22.64  22.78  21.96  22.36  6528200  22.36
2012-07-23  22.6  23.09  22.32  22.55  6794800  22.55
2012-07-20  23.58  23.69  22.79  23.12  9937800  23.12
2012-07-19  24.36  24.55  23.41  23.82  9097700  23.82
2012-07-18  24.42  24.7  24.21  24.32  4383300  24.32
2012-07-17  24.63  24.67  24.01  24.5  4707400  24.5
2012-07-16  24.25  24.74  24.01  24.44  5824100  24.44
2012-07-13  23.49  24.51  23.4  24.33  7157400  24.33
2012-07-12  23.49  23.6  23.26  23.33  4374000  23.33
2012-07-11  23.33  23.91  23.22  23.79  6061200  23.79
2012-07-10  23.57  24.06  23.11  23.3  6494500  23.3
2012-07-09  23.7  23.82  23.3  23.45  4769600  23.45
2012-07-06  23.63  23.97  23.52  23.8  3524300  23.8
2012-07-05  24.15  24.24  23.95  23.99  3446300  23.99
2012-07-03  24.28  24.57  24.14  24.25  2578300  24.25
2012-07-02  24.25  24.44  23.92  24.27  7311000  24.27
2012-06-29  23.41  23.81  23.37  23.81  6818800  23.81
2012-06-28  22.56  22.93  22.32  22.9  5082400  22.9
2012-06-27  22.39  22.86  22.14  22.78  4423600  22.78
2012-06-26  21.75  22.46  21.68  22.34  7439100  22.34
2012-06-25  22.26  22.27  21.35  21.75  5452800  21.75
2012-06-22  22.35  22.79  22.34  22.62  4497800  22.62
2012-06-21  23.05  23.24  22.18  22.22  7361500  22.22
2012-06-20  22.89  23.14  22.53  23.02  6031800  23.02
2012-06-19  22.27  23.04  22.26  22.87  7458800  22.87
2012-06-18  22.02  22.39  21.82  22.12  4481500  22.12
2012-06-15  21.86  22.15  21.66  22.04  7194500  22.04
2012-06-14  21.7  21.99  21.61  21.75  5108000  21.75
2012-06-13  21.23  21.96  21.19  21.62  7452900  21.62
2012-06-12  21.27  21.38  20.8  21.31  7294200  21.31
2012-06-11  22.12  22.13  21.23  21.24  4340300  21.24
2012-06-08  21.61  21.82  21.0  21.8  5183900  21.8
2012-06-07  21.62  21.83  21.31  21.4  3561000  21.4
2012-06-06  21.07  21.48  20.94  21.34  5477700  21.34
2012-06-05  20.69  21.29  20.65  20.8  5704300  20.8
2012-06-04  21.67  21.76  20.6  20.74  8385900  20.74
2012-06-01  21.93  22.01  21.21  21.48  10108000  21.48
2012-05-31  22.13  22.76  21.66  22.53  8375100  22.53
2012-05-30  22.01  22.09  21.73  21.79  7191400  21.79
2012-05-29  22.22  22.4  22.09  22.28  4837000  22.28
2012-05-25  22.06  22.39  21.99  22.06  4037800  22.06
2012-05-24  22.55  22.55  21.92  22.23  6031900  22.23
2012-05-23  21.89  22.45  21.7  22.41  5470600  22.41
2012-05-22  22.01  22.47  21.9  22.09  7041900  22.09
2012-05-21  21.41  21.96  21.21  21.88  7834000  21.88
2012-05-18  21.85  21.96  21.14  21.3  8445100  21.3
2012-05-17  22.26  22.31  21.74  21.74  5688700  21.74
2012-05-16  22.46  22.8  22.25  22.29  7214000  22.29
2012-05-15  22.58  22.86  22.27  22.33  5671500  22.33
2012-05-14  22.88  23.04  22.49  22.57  6466600  22.57
2012-05-11  22.6  23.49  22.47  23.24  6041300  23.24
2012-05-10  22.98  23.38  22.98  23.13  4601500  23.13
2012-05-09  22.82  22.9  22.23  22.63  8981800  22.63
2012-05-08  23.35  23.47  22.88  23.18  5020900  23.18
2012-05-07  23.01  23.64  23.01  23.53  4938900  23.53
2012-05-04  23.54  23.71  23.17  23.29  5008400  23.29
2012-05-03  23.84  24.03  23.58  23.83  5083800  23.83
2012-05-02  23.75  23.95  23.42  23.84  4686800  23.84
2012-05-01  23.81  24.33  23.69  23.95  6157700  23.95
2012-04-30  24.18  24.23  23.64  23.81  7207200  23.81
2012-04-27  24.03  24.35  23.72  24.32  7856100  24.32
2012-04-26  23.64  23.99  23.5  23.95  7240500  23.95
2012-04-25  23.54  23.94  23.36  23.79  7153700  23.79
2012-04-24  22.86  23.35  22.8  23.22  7167000  23.22
2012-04-23  22.18  23.27  22.16  22.78  15286400  22.78
2012-04-20  22.51  22.56  22.02  22.16  6661700  22.16
2012-04-19  22.66  22.82  22.12  22.3  9724000  22.3
2012-04-18  22.71  23.05  22.6  22.62  4962100  22.62
2012-04-17  22.67  23.14  22.53  22.86  6708100  22.86
2012-04-16  22.39  22.64  22.13  22.39  9750100  22.39
2012-04-13  22.96  23.07  21.82  22.14  19341400  22.14
2012-04-12  22.83  23.19  22.77  23.09  5557500  23.09
2012-04-11  22.72  23.12  22.51  22.79  6877400  22.79
2012-04-10  22.7  22.87  22.22  22.4  9188500  22.4
2012-04-09  23.13  23.13  22.57  22.83  5352800  22.83
2012-04-05  23.47  23.86  23.34  23.59  5016800  23.59
2012-04-04  23.66  23.9  23.49  23.56  6503500  23.56
2012-04-03  23.71  24.01  23.54  24.0  7421000  24.0
2012-04-02  23.21  23.95  23.21  23.81  6233400  23.81
2012-03-30  23.89  23.95  23.31  23.7  7377500  23.7
2012-03-29  23.94  23.97  23.3  23.68  13125400  23.68
2012-03-28  23.46  23.83  23.34  23.82  7858000  23.82
2012-03-27  23.64  23.69  23.36  23.44  6155600  23.44
2012-03-26  23.64  23.69  23.33  23.54  7860200  23.54
2012-03-23  22.79  23.3  22.55  23.27  12174000  23.27
2012-03-22  23.77  23.77  22.99  23.17  9083100  23.17
2012-03-21  24.0  24.22  23.74  24.02  6561700  24.02
2012-03-20  24.26  24.4  23.73  24.17  11941000  24.17
2012-03-19  23.91  24.45  23.59  24.07  7451700  24.07
2012-03-16  24.16  24.34  23.83  23.91  9033400  23.91
2012-03-15  23.33  24.4  23.22  24.02  13920600  24.02
2012-03-14  21.74  23.57  21.57  23.15  24929400  23.15
2012-03-13  21.75  22.48  21.28  22.14  18196400  22.14
2012-03-12  21.92  21.92  21.23  21.46  9908600  21.46
2012-03-09  21.96  22.34  21.82  22.0  7248600  22.0
2012-03-08  21.7  21.91  21.46  21.82  4860700  21.82
2012-03-07  21.23  21.64  21.13  21.46  8068900  21.46
2012-03-06  21.43  21.46  20.94  21.12  10038900  21.12
2012-03-05  22.49  22.49  21.67  21.77  8942500  21.77
2012-03-02  22.59  22.71  22.4  22.47  6139000  22.47
2012-03-01  22.74  22.98  22.43  22.58  8340500  22.58
2012-02-29  22.81  23.27  22.52  22.52  12111000  22.52
2012-02-28  22.37  22.93  22.19  22.8  7952000  22.8
2012-02-27  21.62  22.47  21.54  22.36  7044700  22.36
2012-02-24  21.84  22.01  21.66  21.82  6257000  21.82
2012-02-23  21.67  21.84  21.41  21.84  5861600  21.84
2012-02-22  22.36  22.48  21.57  21.67  10088700  21.67
2012-02-21  22.41  23.05  22.17  22.52  8786900  22.52
2012-02-17  22.35  22.38  21.96  22.2  5337700  22.2
2012-02-16  21.39  22.21  21.19  22.08  6210900  22.08
2012-02-15  21.35  21.63  21.18  21.4  6734100  21.4
2012-02-14  21.26  21.43  20.95  21.2  8578200  21.2
2012-02-13  21.88  22.01  21.73  21.8  6775800  21.8
2012-02-10  21.73  21.94  21.46  21.56  6570700  21.56
2012-02-09  22.08  22.42  21.72  22.11  10980100  22.11
2012-02-08  21.72  21.86  21.46  21.77  5662300  21.77
2012-02-07  21.48  22.2  21.43  21.71  9215900  21.71
2012-02-06  21.62  21.82  21.54  21.63  4728500  21.63
2012-02-03  21.23  21.93  21.19  21.8  9038200  21.8
2012-02-02  20.59  21.05  20.44  20.85  4849800  20.85
2012-02-01  20.44  21.11  20.42  20.59  7025300  20.59
2012-01-31  20.23  20.43  19.96  20.13  6380200  20.13
2012-01-30  19.91  20.2  19.63  20.09  7304600  20.09
2012-01-27  19.87  20.3  19.79  20.17  7520400  20.17
2012-01-26  21.21  21.29  19.89  20.06  12192400  20.06
2012-01-25  20.69  21.35  20.69  21.16  9731600  21.16
2012-01-24  20.58  20.86  20.25  20.83  5500000  20.83
2012-01-23  20.59  20.97  20.45  20.76  10040200  20.76
2012-01-20  19.74  21.22  19.38  20.83  14400900  20.83
2012-01-19  20.6  20.82  19.72  19.81  13608200  19.81
2012-01-18  19.98  20.58  19.69  20.53  8027700  20.53
2012-01-17  20.76  20.76  20.06  20.17  8372500  20.17
2012-01-13  20.09  20.45  19.56  20.35  7546500  20.35
2012-01-12  20.7  20.77  19.99  20.6  10795900  20.6
2012-01-11  19.96  20.65  19.76  20.61  10862600  20.61
2012-01-10  20.03  20.38  19.75  20.03  8693800  20.03
2012-01-09  19.39  19.74  19.28  19.64  6903400  19.64
2012-01-06  19.49  19.57  18.84  19.33  11052100  19.33
2012-01-05  18.12  19.5  17.92  19.24  13086300  19.24
2012-01-04  17.92  18.35  17.68  18.26  7118500  18.26
2012-01-03  17.72  18.32  17.68  18.12  7372000  18.12
2011-12-30  17.25  17.45  17.09  17.32  3557600  17.32
2011-12-29  16.83  17.37  16.81  17.34  6863300  17.34
2011-12-28  17.17  17.24  16.64  16.82  4969300  16.82
2011-12-27  17.42  17.53  17.14  17.17  3399400  17.17
2011-12-23  17.32  17.52  17.04  17.37  5867700  17.37
2011-12-22  16.59  17.49  16.59  17.27  8490800  17.27
2011-12-21  16.41  16.62  16.12  16.59  9021200  16.59
2011-12-20  15.78  16.59  15.78  16.51  8388400  16.51
2011-12-19  16.17  16.35  15.45  15.46  7355900  15.46
2011-12-16  16.45  16.64  16.01  16.13  10793200  16.13
2011-12-15  16.44  16.65  16.16  16.31  8746800  16.31
2011-12-14  16.22  16.47  16.07  16.09  11554000  16.09
2011-12-13  16.59  16.79  15.8  16.02  9043800  16.02
2011-12-12  16.68  16.88  16.33  16.48  6831800  16.48
2011-12-09  17.08  17.34  16.82  16.85  9450200  16.85
2011-12-08  17.59  17.66  16.85  16.93  6714200  16.93
2011-12-07  17.47  17.89  17.13  17.82  11109300  17.82
2011-12-06  18.42  18.47  17.61  17.64  10271700  17.64
2011-12-05  18.61  19.07  18.53  18.86  8313500  18.86
2011-12-02  17.88  18.55  17.82  18.17  8155700  18.17
2011-12-01  17.46  17.72  17.08  17.6  4224700  17.6
2011-11-30  17.32  17.76  17.08  17.74  8065800  17.74
2011-11-29  16.43  16.73  16.25  16.58  5536900  16.58
2011-11-28  16.79  16.89  16.21  16.44  5057000  16.44
2011-11-25  16.05  16.48  16.01  16.13  1594200  16.13
2011-11-23  16.72  16.78  16.04  16.04  6939500  16.04
2011-11-22  17.15  17.37  16.85  16.99  4514900  16.99
2011-11-21  17.29  17.38  17.0  17.21  7380100  17.21
2011-11-18  17.64  17.74  17.27  17.65  7278800  17.65
2011-11-17  17.57  17.82  17.33  17.43  9608100  17.43
2011-11-16  17.77  18.22  17.6  17.62  7252100  17.62
2011-11-15  18.02  18.21  17.55  18.02  6410300  18.02
2011-11-14  18.68  18.72  17.97  18.17  6303400  18.17
2011-11-11  18.83  18.89  18.6  18.81  5005800  18.81
2011-11-10  18.67  18.89  18.25  18.44  8120800  18.44
2011-11-09  19.0  19.04  18.21  18.36  8067400  18.36
2011-11-08  19.3  19.81  18.95  19.69  5350300  19.69
2011-11-07  19.02  19.38  18.64  19.11  6111400  19.11
2011-11-04  19.05  19.24  18.63  19.01  5945000  19.01
2011-11-03  19.32  19.46  18.57  19.34  7032200  19.34
2011-11-02  18.89  19.14  18.59  19.06  6381300  19.06
2011-11-01  18.24  19.05  17.99  18.29  9796100  18.29
2011-10-31  19.76  19.85  19.25  19.25  6792500  19.25
2011-10-28  20.26  20.54  19.96  20.13  5786000  20.13
2011-10-27  19.89  20.79  19.72  20.5  13392700  20.5
2011-10-26  18.86  19.09  18.36  18.92  5847400  18.92
2011-10-25  18.92  19.04  18.29  18.31  9067700  18.31
2011-10-24  18.12  19.33  18.07  19.14  10629200  19.14
2011-10-21  18.4  18.51  17.52  18.12  18129300  18.12
2011-10-20  18.48  18.82  17.98  18.74  7810900  18.74
2011-10-19  18.88  19.12  18.29  18.33  12647300  18.33
2011-10-18  17.88  19.2  17.62  18.91  8978300  18.91
2011-10-17  18.26  18.27  17.61  17.65  6383800  17.65
2011-10-14  18.99  19.18  18.31  18.58  8383300  18.58
2011-10-13  18.76  18.78  18.03  18.58  7982300  18.58
2011-10-12  18.54  19.41  18.52  18.93  10482200  18.93
2011-10-11  18.15  18.47  17.94  18.37  10751800  18.37
2011-10-10  18.19  18.72  18.08  18.4  7982000  18.4
2011-10-07  18.78  18.78  17.46  17.7  7642500  17.7
2011-10-06  17.47  18.7  17.14  18.66  7932500  18.66
2011-10-05  17.31  17.68  16.82  17.54  5205200  17.54
2011-10-04  16.44  17.4  16.2  17.37  12500000  17.37
2011-10-03  17.32  17.83  16.7  16.73  8467400  16.73
2011-09-30  17.9  18.09  17.48  17.51  7696500  17.51
2011-09-29  18.09  18.48  17.56  18.25  8475200  18.25
2011-09-28  18.28  18.28  17.55  17.59  8034000  17.59
2011-09-27  18.34  18.87  18.02  18.24  10471100  18.24
2011-09-26  16.88  17.94  16.78  17.88  8157600  17.88
2011-09-23  16.25  16.83  16.23  16.56  9020000  16.56
2011-09-22  16.55  17.06  16.11  16.53  11697200  16.53
2011-09-21  18.43  18.57  17.08  17.17  8349300  17.17
2011-09-20  18.8  19.12  18.51  18.52  5382600  18.52
2011-09-19  18.9  19.04  18.49  18.69  5372900  18.69
2011-09-16  19.59  19.78  19.04  19.43  6972700  19.43
2011-09-15  19.38  19.61  19.03  19.61  5133700  19.61
2011-09-14  18.76  19.38  18.54  19.1  8949700  19.1
2011-09-13  18.27  18.73  18.07  18.59  5898300  18.59
2011-09-12  17.67  18.29  17.45  18.21  5760400  18.21
2011-09-09  18.55  18.78  17.8  17.81  8816900  17.81
2011-09-08  18.84  19.17  18.36  18.59  6943000  18.59
2011-09-07  18.3  19.31  18.07  19.18  8538200  19.18
2011-09-06  16.82  17.94  16.81  17.88  8055900  17.88
2011-09-02  18.5  18.65  17.65  17.78  6443600  17.78
2011-09-01  19.39  19.55  18.84  18.87  8194600  18.87
2011-08-31  19.44  19.72  19.2  19.41  6556000  19.41
2011-08-30  19.2  19.39  18.83  19.24  8011200  19.24
2011-08-29  18.63  19.31  18.53  19.29  6188400  19.29
2011-08-26  17.97  18.65  17.75  18.29  6387100  18.29
2011-08-25  18.88  19.21  17.83  18.09  12154900  18.09
2011-08-24  17.52  18.18  17.38  18.13  8219800  18.13
2011-08-23  16.72  17.62  16.54  17.61  7647700  17.61
2011-08-22  17.02  17.05  16.54  16.72  8807100  16.72
2011-08-19  17.01  17.62  16.41  16.46  13892300  16.46
2011-08-18  17.79  17.89  17.11  17.23  8114100  17.23
2011-08-17  18.66  19.04  18.33  18.53  9067300  18.53
2011-08-16  18.66  18.95  18.31  18.5  7388500  18.5
2011-08-15  18.06  18.91  18.03  18.87  6109200  18.87
2011-08-12  18.39  18.82  17.71  17.82  6701200  17.82
2011-08-11  17.47  18.41  17.15  18.16  11706400  18.16
2011-08-10  18.94  18.98  16.94  17.22  14037000  17.22
2011-08-09  18.53  19.45  17.86  19.44  12239900  19.44
2011-08-08  20.0  20.58  17.66  18.03  13761700  18.03
2011-08-05  21.72  21.98  20.58  20.93  10207200  20.93
2011-08-04  22.19  22.34  21.23  21.25  7069700  21.25
2011-08-03  22.51  22.65  21.99  22.62  5748800  22.62
2011-08-02  23.37  23.43  22.47  22.48  7821900  22.48
2011-08-01  24.21  24.33  23.5  23.68  3903800  23.68
2011-07-29  23.6  24.21  23.52  23.83  4751100  23.83
2011-07-28  24.02  24.3  23.9  23.96  4433100  23.96
2011-07-27  24.74  24.75  23.92  23.99  6266100  23.99
2011-07-26  25.11  25.17  24.71  24.88  4367200  24.88
2011-07-25  24.9  25.24  24.7  25.12  4560400  25.12
2011-07-22  25.25  25.6  24.65  25.25  6941400  25.25
2011-07-21  24.5  25.22  24.46  25.04  6685100  25.04
2011-07-20  23.9  24.45  23.87  24.24  4700100  24.24
2011-07-19  23.47  23.87  23.32  23.85  4482900  23.85
2011-07-18  23.85  23.89  23.13  23.31  4634600  23.31
2011-07-15  24.15  24.16  23.72  23.98  5678400  23.98
2011-07-14  24.59  24.63  23.93  23.98  6927700  23.98
2011-07-13  24.4  24.65  24.09  24.44  5456600  24.44
2011-07-12  24.06  24.67  24.06  24.27  4984600  24.27
2011-07-11  24.56  24.62  24.09  24.18  3476200  24.18
2011-07-08  25.16  25.23  24.75  24.98  3742300  24.98
2011-07-07  25.37  25.73  25.29  25.56  5575300  25.56
2011-07-06  25.07  25.11  24.54  25.06  6929500  25.06
2011-07-05  25.7  25.7  24.86  25.18  4275200  25.18
2011-07-01  25.0  25.81  25.0  25.7  3950700  25.7
2011-06-30  25.05  25.24  24.9  25.11  4302400  25.11
2011-06-29  24.55  25.05  24.42  25.02  6272800  25.02
2011-06-28  24.58  24.61  24.04  24.34  5107000  24.34
2011-06-27  24.33  24.66  24.26  24.47  5582000  24.47
2011-06-24  24.43  24.51  23.97  24.33  4225400  24.33
2011-06-23  24.47  24.66  24.18  24.36  8005100  24.36
2011-06-22  25.19  25.38  24.71  24.71  6245400  24.71
2011-06-21  25.37  25.45  25.17  25.2  6425500  25.2
2011-06-20  25.31  25.64  25.09  25.23  4795800  25.23
2011-06-17  24.96  25.48  24.81  25.48  7781200  25.48
2011-06-16  24.75  25.01  24.46  24.71  5689200  24.71
2011-06-15  24.98  25.19  24.47  24.73  5360100  24.73
2011-06-14  25.14  25.43  24.94  25.25  5357400  25.25
2011-06-13  24.83  24.86  24.35  24.83  3995500  24.83
2011-06-10  24.42  24.76  24.11  24.5  5540000  24.5
2011-06-09  24.51  25.03  24.37  24.84  4599600  24.84
2011-06-08  24.71  25.03  24.41  24.46  4352700  24.46
2011-06-07  24.89  25.27  24.77  24.78  3965600  24.78
2011-06-06  25.01  25.21  24.62  24.71  5927700  24.71
2011-06-03  25.14  25.75  24.98  25.16  6755000  25.16
2011-06-02  25.57  25.8  25.23  25.58  7300600  25.58
2011-06-01  27.18  27.19  25.46  25.61  10071000  25.61
2011-05-31  27.52  27.56  27.03  27.37  4663700  27.37
2011-05-27  26.94  27.29  26.88  27.24  2748700  27.24
2011-05-26  26.5  26.85  26.39  26.83  2949700  26.83
2011-05-25  26.62  26.72  26.19  26.62  3402200  26.62
2011-05-24  26.54  26.62  26.2  26.37  3875700  26.37
2011-05-23  26.79  26.95  26.35  26.46  4309400  26.46
2011-05-20  27.87  28.06  27.12  27.13  5284200  27.13
2011-05-19  27.98  28.07  27.65  27.99  3294900  27.99
2011-05-18  27.54  27.97  27.4  27.81  3929600  27.81
2011-05-17  26.77  27.55  26.77  27.53  4585700  27.53
2011-05-16  26.63  27.29  26.56  26.92  6247800  26.92
2011-05-13  27.33  27.38  26.63  26.72  3969000  26.72
2011-05-12  27.5  27.58  26.8  27.34  6394900  27.34
2011-05-11  27.67  27.82  27.45  27.54  3658900  27.54
2011-05-10  27.45  28.0  27.39  27.79  4963600  27.79
2011-05-09  27.37  27.63  27.15  27.42  3820200  27.42
2011-05-06  27.66  27.69  27.31  27.4  5296600  27.4
2011-05-05  27.48  27.57  27.08  27.26  5138400  27.26
2011-05-04  27.75  27.78  27.36  27.69  5133300  27.69
2011-05-03  27.43  27.83  27.34  27.8  5759300  27.8
2011-05-02  27.51  27.75  27.31  27.55  5929700  27.55
2011-04-29  27.35  27.55  27.18  27.42  3983500  27.42
2011-04-28  26.86  27.34  26.73  27.31  4652900  27.31
2011-04-27  26.76  27.07  26.57  26.9  5945400  26.9
2011-04-26  26.94  27.09  26.62  26.75  4200000  26.75
2011-04-25  26.51  27.05  26.51  26.95  4251800  26.95
2011-04-21  27.03  27.05  26.02  26.36  9494700  26.36
2011-04-20  27.38  27.39  26.57  26.88  6377700  26.88
2011-04-19  27.23  27.44  26.96  27.03  5579500  27.03
2011-04-18  27.08  27.37  26.86  27.12  6480700  27.12
2011-04-15  27.6  27.8  27.3  27.37  6472400  27.37
2011-04-14  27.98  28.03  27.34  27.42  8094000  27.42
2011-04-13  29.05  29.08  28.09  28.21  10241100  28.21
2011-04-12  28.57  28.92  28.52  28.79  5723500  28.79
2011-04-11  28.8  28.99  28.57  28.71  4444800  28.71
2011-04-08  29.24  29.3  28.76  28.84  5868100  28.84
2011-04-07  29.08  29.31  28.61  29.07  6310300  29.07
2011-04-06  28.57  29.13  28.37  29.07  7963400  29.07
2011-04-05  28.38  28.62  28.22  28.42  3689300  28.42
2011-04-04  28.7  28.77  28.35  28.55  3407200  28.55
2011-04-01  28.27  28.67  28.23  28.41  4126400  28.41
2011-03-31  28.27  28.38  27.82  28.06  5992600  28.06
2011-03-30  28.61  28.64  28.02  28.42  7857100  28.42
2011-03-29  28.26  28.63  28.2  28.52  5005600  28.52
2011-03-28  28.42  28.75  28.25  28.31  5034800  28.31
2011-03-25  28.39  28.67  28.12  28.42  4900300  28.42
2011-03-24  28.37  28.37  27.74  28.32  4680600  28.32
2011-03-23  28.23  28.34  27.68  28.17  6906000  28.17
2011-03-22  28.76  28.76  28.16  28.38  10182100  28.38
2011-03-21  29.42  29.62  28.42  28.6  35936500  28.6
2011-03-18  28.02  29.41  27.56  28.79  18269700  28.79
2011-03-17  27.63  27.68  27.11  27.48  6587000  27.48
2011-03-16  27.57  27.79  27.09  27.21  5905100  27.21
2011-03-15  26.98  27.82  26.8  27.64  5956800  27.64
2011-03-14  27.94  28.06  27.47  27.87  2863000  27.87
2011-03-11  27.79  28.42  27.67  28.21  3483000  28.21
2011-03-10  28.27  28.3  27.65  27.8  5321000  27.8
2011-03-09  28.94  29.11  28.57  28.6  4378500  28.6
2011-03-08  28.31  29.21  28.19  29.12  4278800  29.12
2011-03-07  28.62  28.74  27.89  28.11  4227100  28.11
2011-03-04  29.32  29.35  28.26  28.6  4492500  28.6
2011-03-03  28.92  29.43  28.92  29.32  3569200  29.32
2011-03-02  28.59  29.02  28.36  28.57  2904500  28.57
2011-03-01  29.56  29.56  28.57  28.61  4958100  28.61
2011-02-28  30.11  30.19  29.28  29.35  4760800  29.35
2011-02-25  29.4  30.31  29.38  29.98  5974100  29.98
2011-02-24  29.67  29.81  28.9  29.13  5525100  29.13
2011-02-23  29.75  30.08  29.11  29.78  4389400  29.78
2011-02-22  30.27  30.42  29.56  29.73  5127000  29.73
2011-02-18  30.85  31.1  30.64  30.87  4016500  30.87
2011-02-17  31.18  31.28  30.75  30.78  4132300  30.78
2011-02-16  31.86  32.01  31.29  31.46  4507800  31.46
2011-02-15  31.32  32.22  31.26  31.69  5885500  31.69
2011-02-14  31.56  31.66  31.23  31.46  2980500  31.46
2011-02-11  30.59  32.01  30.3  31.63  5383500  31.63
2011-02-10  30.87  31.23  30.37  30.72  4632000  30.72
2011-02-09  31.16  31.7  30.88  31.09  5100200  31.09
2011-02-08  30.99  31.38  30.65  31.38  3731700  31.38
2011-02-07  30.8  31.3  30.73  30.98  3976600  30.98
2011-02-04  30.62  30.69  30.17  30.63  5221700  30.63
2011-02-03  29.85  30.72  29.72  30.64  4758500  30.64
2011-02-02  30.28  30.37  29.54  29.94  4978100  29.94
2011-02-01  29.83  30.76  29.77  30.45  7415000  30.45
2011-01-31  28.85  29.68  28.7  29.59  5826400  29.59
2011-01-28  29.24  29.72  28.73  28.77  6159700  28.77
2011-01-27  28.79  29.31  28.54  29.29  5803000  29.29
2011-01-26  28.5  28.66  28.14  28.5  4673000  28.5
2011-01-25  28.15  28.59  27.73  28.38  4956100  28.38
2011-01-24  28.62  28.7  28.16  28.26  5221500  28.26
2011-01-21  28.87  29.1  28.3  28.69  9818600  28.69
2011-01-20  27.34  27.4  26.62  27.1  6649700  27.1
2011-01-19  28.1  28.37  27.38  27.6  4441600  27.6
2011-01-18  27.92  28.6  27.77  28.45  5901900  28.45
2011-01-14  27.55  28.47  27.5  28.12  6552000  28.12
2011-01-13  28.16  28.2  27.39  27.57  5769200  27.57
2011-01-12  28.43  28.64  28.01  28.11  4928200  28.11
2011-01-11  27.81  28.34  27.74  28.09  5378800  28.09
2011-01-10  27.65  28.1  27.38  27.69  4372800  27.69
2011-01-07  27.97  28.13  27.23  28.01  9105400  28.01
2011-01-06  28.56  29.0  27.68  27.86  10316900  27.86
2011-01-05  28.78  29.31  28.66  28.93  7791300  28.93
2011-01-04  29.84  29.95  28.67  28.85  7240200  28.85
2011-01-03  29.12  29.52  28.91  29.41  6294300  29.41
2010-12-31  28.49  28.86  28.39  28.7  2199900  28.7
2010-12-30  28.54  28.67  28.26  28.58  2704700  28.58
2010-12-29  28.76  28.84  28.44  28.54  2990900  28.54
2010-12-28  28.52  29.0  28.47  28.84  3545500  28.84
2010-12-27  27.78  28.57  27.74  28.49  3334100  28.49
2010-12-23  27.83  28.1  27.83  27.9  4611300  27.9
2010-12-22  27.39  28.56  27.38  28.06  8902200  28.06
2010-12-21  26.69  27.34  26.6  27.09  7441700  27.09
2010-12-20  26.23  26.47  26.07  26.31  5269000  26.31
2010-12-17  25.43  26.44  25.23  26.3  9616000  26.3
2010-12-16  25.34  25.7  25.01  25.15  6690500  25.15
2010-12-15  25.73  26.08  25.14  25.29  8393400  25.29
2010-12-14  26.48  26.75  26.17  26.25  5471400  26.25
2010-12-13  26.77  26.77  26.12  26.5  6193600  26.5
2010-12-10  26.38  26.91  26.19  26.82  5817800  26.82
2010-12-09  26.05  26.47  25.95  26.28  6563800  26.28
2010-12-08  24.88  25.93  24.83  25.72  7280200  25.72
2010-12-07  25.29  25.46  24.61  24.81  6976000  24.81
2010-12-06  24.85  25.04  24.7  24.89  3526700  24.89
2010-12-03  24.6  25.15  24.34  25.03  5203000  25.03
2010-12-02  23.39  24.71  23.34  24.68  8116000  24.68
2010-12-01  23.21  23.44  22.9  23.34  6397700  23.34
2010-11-30  22.88  22.98  22.7  22.72  5606300  22.72
2010-11-29  22.79  23.31  22.61  23.1  5800200  23.1
2010-11-26  23.03  23.17  22.85  22.93  2084700  22.93
2010-11-24  22.89  23.33  22.69  23.32  5248200  23.32
2010-11-23  22.91  23.38  22.64  22.75  8080900  22.75
2010-11-22  23.25  23.42  23.05  23.17  4103700  23.17
2010-11-19  23.25  23.5  23.02  23.49  6241100  23.49
2010-11-18  23.75  23.99  23.33  23.4  6866800  23.4
2010-11-17  24.12  24.12  23.42  23.45  6755900  23.45
2010-11-16  24.38  24.46  23.48  24.15  7530100  24.15
2010-11-15  24.46  24.94  24.46  24.56  3431400  24.56
2010-11-12  24.8  25.03  24.14  24.41  4020800  24.41
2010-11-11  24.89  25.34  24.75  24.99  5180200  24.99
2010-11-10  25.37  25.56  24.77  25.31  7592100  25.31
2010-11-09  25.61  25.9  25.19  25.31  5383500  25.31
2010-11-08  25.63  25.93  25.31  25.59  4752000  25.59
2010-11-05  25.79  26.95  25.6  25.73  10540500  25.73
2010-11-04  24.67  25.78  24.67  25.67  8306800  25.67
2010-11-03  23.81  24.47  23.81  24.45  6859500  24.45
2010-11-02  24.23  24.37  23.6  23.73  5171200  23.73
2010-11-01  24.43  24.59  23.55  23.96  8313700  23.96
2010-10-29  24.48  24.67  24.31  24.31  3692900  24.31
2010-10-28  24.88  25.06  24.17  24.63  6227000  24.63
2010-10-27  24.66  25.13  24.52  24.67  6275300  24.67
2010-10-26  24.71  25.0  24.3  24.89  6725500  24.89
2010-10-25  25.81  25.83  24.63  24.8  6811200  24.8
2010-10-22  25.52  26.0  25.29  25.47  5134400  25.47
2010-10-21  25.33  26.18  25.26  25.85  14649500  25.85
2010-10-20  24.01  24.85  23.22  24.74  15506200  24.74
2010-10-19  23.66  24.72  23.66  24.05  10871600  24.05
2010-10-18  23.59  24.2  23.36  23.99  10548300  23.99
2010-10-15  25.1  25.18  23.52  23.7  14150600  23.7
2010-10-14  25.58  25.67  24.28  24.87  11744100  24.87
2010-10-13  26.75  26.99  25.83  25.96  6978700  25.96
2010-10-12  26.12  26.7  25.93  26.61  5300200  26.61
2010-10-11  26.07  26.27  25.92  26.18  4100800  26.18
2010-10-08  26.23  26.42  25.83  26.08  6110400  26.08
2010-10-07  26.99  27.28  26.03  26.15  7540700  26.15
2010-10-06  26.54  26.98  26.54  26.87  8529700  26.87
2010-10-05  25.6  26.63  25.4  26.5  10098300  26.5
2010-10-04  25.3  25.69  25.1  25.4  6245100  25.4
2010-10-01  25.4  25.59  25.16  25.37  5390300  25.37
2010-09-30  25.31  25.77  25.04  25.11  6938300  25.11
2010-09-29  24.99  25.29  24.69  25.08  5393000  25.08
2010-09-28  25.15  25.4  24.8  25.24  4196600  25.24
2010-09-27  25.29  25.53  25.06  25.11  6311600  25.11
2010-09-24  24.63  25.31  24.47  25.31  5286300  25.31
2010-09-23  24.48  24.94  24.03  24.17  5038200  24.17
2010-09-22  25.04  25.46  24.69  24.76  4541100  24.76
2010-09-21  25.73  25.81  25.07  25.12  6743200  25.12
2010-09-20  25.3  25.65  25.16  25.55  6367200  25.55
2010-09-17  25.18  25.38  24.98  25.24  6769300  25.24
2010-09-16  25.45  25.45  24.93  25.12  5734100  25.12
2010-09-15  24.97  25.58  24.66  25.53  9961500  25.53
2010-09-14  24.53  25.74  24.11  25.19  15399600  25.19
2010-09-13  24.34  24.85  24.28  24.6  7157900  24.6
2010-09-10  24.14  24.21  23.72  23.84  4892600  23.84
2010-09-09  23.85  24.27  23.74  24.08  6480800  24.08
2010-09-08  22.9  23.6  22.89  23.4  4774600  23.4
2010-09-07  23.19  23.3  22.72  22.75  4127100  22.75
2010-09-03  23.66  23.85  23.21  23.5  4297200  23.5
2010-09-02  22.95  23.31  22.69  23.28  5391300  23.28
2010-09-01  22.25  23.03  21.99  22.99  7128400  22.99
2010-08-31  21.66  22.14  21.43  21.88  6821200  21.88
2010-08-30  21.98  22.2  21.74  21.76  6018000  21.76
2010-08-27  21.86  22.07  21.32  22.03  6151400  22.03
2010-08-26  22.34  22.67  21.53  21.72  7092800  21.72
2010-08-25  22.35  22.44  21.7  22.23  7042700  22.23
2010-08-24  22.9  23.04  22.48  22.52  5057000  22.52
2010-08-23  23.54  23.9  23.32  23.34  3864600  23.34
2010-08-20  23.32  23.55  22.92  23.32  5304100  23.32
2010-08-19  23.82  24.38  23.5  23.53  7064400  23.53
2010-08-18  23.46  24.23  23.18  23.97  6239600  23.97
2010-08-17  24.01  24.06  23.43  23.46  4773500  23.46
2010-08-16  23.55  23.77  23.34  23.67  3863000  23.67
2010-08-13  23.57  24.03  23.54  23.7  3953900  23.7
2010-08-12  23.37  23.86  23.26  23.61  5942900  23.61
2010-08-11  24.71  24.84  23.69  23.77  7481900  23.77
2010-08-10  24.82  25.51  24.65  25.25  5869000  25.25
2010-08-09  25.27  25.41  24.77  25.15  4833100  25.15
2010-08-06  25.34  25.38  24.46  25.12  4949600  25.12
2010-08-05  25.32  25.67  25.02  25.59  4580300  25.59
2010-08-04  25.68  25.83  25.27  25.45  3966400  25.45
2010-08-03  25.74  26.01  25.5  25.62  5246700  25.62
2010-08-02  25.75  26.01  25.45  25.88  4755300  25.88
2010-07-30  24.8  25.38  24.7  25.21  4405100  25.21
2010-07-29  25.5  25.67  24.78  25.22  5931600  25.22
2010-07-28  25.36  25.55  25.09  25.25  4776300  25.25
2010-07-27  25.93  26.29  25.42  25.53  7230300  25.53
2010-07-26  24.46  25.67  24.17  25.63  8780200  25.63
2010-07-23  23.67  24.44  23.34  24.33  7169100  24.33
2010-07-22  23.33  24.18  22.98  23.88  12281100  23.88
2010-07-21  22.79  23.18  21.68  21.78  9265600  21.78
2010-07-20  22.17  22.43  21.81  22.42  9666900  22.42
2010-07-19  22.72  22.87  21.95  22.71  6442600  22.71
2010-07-16  24.12  24.12  22.48  22.65  10861800  22.65
2010-07-15  24.86  24.86  23.73  24.48  6879400  24.48
2010-07-14  25.2  25.2  24.27  24.74  6956200  24.74
2010-07-13  24.82  25.62  24.78  25.44  6304600  25.44
2010-07-12  24.41  24.76  24.1  24.47  3314300  24.47
2010-07-09  23.86  24.82  23.77  24.74  5418900  24.74
2010-07-08  24.25  24.25  23.37  23.97  8224100  23.97
2010-07-07  22.2  23.87  22.07  23.79  14179300  23.79
2010-07-06  22.32  22.35  21.74  21.98  9352600  21.98
2010-07-02  22.37  22.37  21.48  21.8  6596200  21.8
2010-07-01  22.6  22.83  21.17  22.15  13868400  22.15
2010-06-30  22.83  23.36  22.47  22.64  7704100  22.64
2010-06-29  23.91  24.11  22.62  22.78  10280200  22.78
2010-06-28  24.95  24.97  24.22  24.45  5520800  24.45
2010-06-25  24.04  25.24  23.82  24.79  10215000  24.79
2010-06-24  24.37  24.43  23.59  23.68  7481700  23.68
2010-06-23  24.58  24.98  23.96  24.55  5731500  24.55
2010-06-22  25.16  25.19  24.47  24.52  6468200  24.52
2010-06-21  25.87  25.88  24.98  25.12  5786800  25.12
2010-06-18  25.58  25.79  25.35  25.46  5317100  25.46
2010-06-17  25.54  25.82  25.24  25.5  4528300  25.5
2010-06-16  25.48  25.75  25.26  25.61  5834000  25.61
2010-06-15  25.39  25.69  25.08  25.62  6261100  25.62
2010-06-14  25.24  25.57  24.79  24.96  4824200  24.96
2010-06-11  24.67  25.19  24.45  25.16  5028600  25.16
2010-06-10  24.39  25.19  24.24  25.1  6372300  25.1
2010-06-09  24.68  24.81  23.94  24.03  6938500  24.03
2010-06-08  23.97  24.55  23.61  24.4  9766800  24.4
2010-06-07  24.45  24.8  23.72  23.74  7112200  23.74
2010-06-04  25.59  25.63  24.21  24.32  10624100  24.32
2010-06-03  26.74  26.81  25.93  26.14  5014200  26.14
2010-06-02  25.58  26.49  25.33  26.49  7342000  26.49
2010-06-01  25.83  26.42  25.36  25.43  6479000  25.43
2010-05-28  26.8  26.95  25.92  26.19  5347900  26.19
2010-05-27  26.35  26.91  25.69  26.83  7665100  26.83
2010-05-26  26.07  26.29  25.35  25.8  9178000  25.8
2010-05-25  24.02  25.56  23.69  25.55  9102600  25.55
2010-05-24  25.46  26.11  24.61  24.67  8944600  24.67
2010-05-21  24.76  26.48  24.65  26.21  11751400  26.21
2010-05-20  26.05  26.44  25.4  25.46  11681200  25.46
2010-05-19  26.88  27.83  26.23  26.75  10597700  26.75
2010-05-18  29.33  29.36  26.69  27.23  15095800  27.23
2010-05-17  28.94  29.38  28.05  29.02  7027000  29.02
2010-05-14  29.89  30.08  28.45  28.96  8496000  28.96
2010-05-13  30.76  31.1  30.32  30.37  5949100  30.37
2010-05-12  29.71  31.01  29.56  30.94  9586300  30.94
2010-05-11  27.8  29.79  27.71  29.58  9846300  29.58
2010-05-10  28.13  28.79  27.5  28.26  7033800  28.26
2010-05-07  27.29  27.83  26.17  26.67  9946400  26.67
2010-05-06  28.35  28.95  25.53  27.23  10736100  27.23
2010-05-05  27.97  29.24  27.5  28.56  5197600  28.56
2010-05-04  29.17  29.32  28.13  28.31  5484100  28.31
2010-05-03  29.02  29.62  28.65  29.57  5437200  29.57
2010-04-30  28.64  29.11  28.57  28.75  6206700  28.75
2010-04-29  28.67  29.03  28.1  28.85  5949100  28.85
2010-04-28  27.58  28.6  27.55  28.28  10329500  28.28
2010-04-27  27.26  28.46  26.88  26.99  11376500  26.99
2010-04-26  28.59  28.76  27.43  27.56  5089500  27.56
2010-04-23  28.55  28.92  28.23  28.59  6465800  28.59
2010-04-22  28.4  28.62  27.59  28.48  9776300  28.48
2010-04-21  28.82  30.52  28.45  28.87  13490600  28.87
2010-04-20  28.17  29.42  27.93  29.32  8139600  29.32
2010-04-19  27.31  28.22  27.18  28.14  8845800  28.14
2010-04-16  28.79  28.79  26.84  27.66  14849900  27.66
2010-04-15  29.4  29.55  28.75  28.92  6805200  28.92
2010-04-14  28.47  29.42  28.33  29.41  8111900  29.41
2010-04-13  28.44  28.44  27.89  28.19  5441900  28.19
2010-04-12  28.08  28.78  27.96  28.59  6926200  28.59
2010-04-09  27.88  28.0  27.43  27.83  4002800  27.83
2010-04-08  27.37  27.78  26.92  27.74  6717200  27.74
2010-04-07  28.17  28.56  27.53  27.71  7916400  27.71
2010-04-06  26.73  28.14  26.65  27.89  8129100  27.89
2010-04-05  26.51  26.99  26.27  26.94  6325800  26.94
2010-04-01  26.2  26.45  26.07  26.38  4972600  26.38
2010-03-31  25.46  26.13  25.4  26.02  5623100  26.02
2010-03-30  25.59  25.98  25.4  25.58  3405300  25.58
2010-03-29  25.93  25.99  25.42  25.58  3207100  25.58
2010-03-26  25.94  26.29  25.5  25.74  8355800  25.74
2010-03-25  26.75  26.86  25.78  25.81  8430600  25.81
2010-03-24  25.91  26.52  25.91  26.48  6019100  26.48
2010-03-23  26.25  26.31  25.41  26.1  7817900  26.1
2010-03-22  25.63  26.37  25.63  26.31  7136600  26.31
2010-03-19  26.82  27.0  26.12  26.4  6921100  26.4
2010-03-18  27.19  27.32  26.34  26.59  6382000  26.59
2010-03-17  26.51  27.57  26.48  27.28  7544700  27.28
2010-03-16  26.37  26.66  26.04  26.59  6803500  26.59
2010-03-15  25.95  26.6  25.95  26.21  7235600  26.21
2010-03-12  26.76  27.2  25.99  26.09  8986700  26.09
2010-03-11  25.92  26.35  25.52  26.3  6651300  26.3
2010-03-10  25.27  26.47  25.18  25.73  12603900  25.73
2010-03-09  24.62  25.69  24.35  25.09  10527600  25.09
2010-03-08  24.3  25.15  24.24  24.9  7261400  24.9
2010-03-05  23.75  24.37  23.65  24.34  4957700  24.34
2010-03-04  23.48  23.74  23.31  23.68  4261700  23.68
2010-03-03  23.81  23.94  23.39  23.47  3923000  23.47
2010-03-02  22.99  24.01  22.99  23.73  7656800  23.73
2010-03-01  23.1  23.17  22.63  22.96  4387400  22.96
2010-02-26  22.92  23.18  22.53  23.13  6849400  23.13
2010-02-25  22.71  22.87  22.27  22.84  6841500  22.84
2010-02-24  22.19  23.18  22.11  23.08  8697700  23.08
2010-02-23  23.02  23.05  22.03  22.1  7776400  22.1
2010-02-22  22.48  23.2  22.38  22.96  7016700  22.96
2010-02-19  21.99  22.45  21.99  22.36  7952400  22.36
2010-02-18  21.79  22.12  21.44  21.96  9492600  21.96
2010-02-17  22.24  22.35  21.76  21.94  9022600  21.94
2010-02-16  22.05  22.22  21.87  22.03  9008200  22.03
2010-02-12  21.61  21.75  21.17  21.72  8346600  21.72
2010-02-11  22.28  22.33  21.73  21.83  9105600  21.83
2010-02-10  21.93  22.73  21.83  22.32  5819800  22.32
2010-02-09  21.95  22.4  21.75  22.03  5773100  22.03
2010-02-08  21.72  22.42  21.21  21.75  7662000  21.75
2010-02-05  21.33  22.01  20.82  21.84  9157500  21.84
2010-02-04  22.54  22.62  21.28  21.36  12493100  21.36
2010-02-03  23.35  23.35  22.19  22.59  13874900  22.59
2010-02-02  23.78  23.96  23.28  23.56  11749100  23.56
2010-02-01  23.75  23.87  22.95  23.79  11481000  23.79
2010-01-29  23.87  24.05  23.49  23.62  13430100  23.62
2010-01-28  25.26  25.44  23.86  24.09  20523500  24.09
2010-01-27  22.88  24.09  22.76  23.98  11197700  23.98
2010-01-26  23.03  23.67  22.77  22.93  9918600  22.93
2010-01-25  23.82  23.98  22.39  23.3  12374200  23.3
2010-01-22  23.81  24.93  22.98  23.84  20884600  23.84
2010-01-21  22.85  25.14  22.83  23.82  18108000  23.82
2010-01-20  22.58  23.24  22.44  22.74  8259000  22.74
2010-01-19  22.6  22.79  22.33  22.67  5851900  22.67
2010-01-15  22.81  22.91  22.28  22.71  10337100  22.71
2010-01-14  22.12  23.29  22.0  23.01  7962100  23.01
2010-01-13  21.95  22.24  21.47  22.12  8276800  22.12
2010-01-12  22.36  22.43  21.73  21.8  9228700  21.8
2010-01-11  22.43  22.67  22.06  22.59  7180200  22.59
2010-01-08  21.78  22.37  21.67  22.34  6714700  22.34
2010-01-07  20.77  22.61  20.42  21.9  15574600  21.9
2010-01-06  20.02  20.85  19.74  20.68  8224800  20.68
2010-01-05  19.71  20.18  19.58  20.12  8285700  20.12
2010-01-04  20.04  20.08  19.62  19.84  6668600  19.84
