Date  Open  High  Low  Close  Volume  Adj Close
2014-02-28  81.17  81.52  79.84  80.24  2490500  80.24
2014-02-27  81.12  81.32  80.65  81.17  1552800  81.17
2014-02-26  81.7  81.97  80.74  81.13  1853400  81.13
2014-02-25  82.32  82.68  81.46  81.59  1594600  81.59
2014-02-24  82.15  83.06  82.1  82.61  1745500  82.61
2014-02-21  82.59  83.12  82.0  82.1  1602100  82.1
2014-02-20  81.59  82.85  81.18  82.65  1428100  82.65
2014-02-19  82.2  82.6  81.57  81.64  1757000  81.64
2014-02-18  83.81  83.82  82.55  82.62  1805700  82.62
2014-02-14  83.08  83.86  82.47  83.35  2557100  83.35
2014-02-13  80.52  82.93  80.45  82.75  2446500  82.75
2014-02-12  81.18  81.42  80.69  80.95  1340300  80.95
2014-02-11  80.34  81.28  80.17  81.14  1229400  81.14
2014-02-10  79.43  80.44  79.08  80.42  2736000  80.42
2014-02-07  78.45  79.54  78.28  79.43  1340000  79.43
2014-02-06  77.28  78.33  77.17  78.21  2302100  78.21
2014-02-05  76.45  77.42  76.21  77.0  1793700  77.0
2014-02-04  76.85  77.28  76.23  76.75  3908000  76.75
2014-02-03  77.84  77.84  76.31  76.47  3528300  76.47
2014-01-31  76.96  77.85  76.94  77.6  1563600  77.6
2014-01-30  77.28  78.45  77.21  78.14  2097300  78.14
2014-01-29  77.24  77.37  76.48  76.9  2155500  76.9
2014-01-28  76.75  77.46  76.53  77.44  1243600  77.44
2014-01-27  76.13  76.78  75.79  76.32  1235800  76.32
2014-01-24  77.66  78.15  76.11  76.13  1789100  76.13
2014-01-23  77.54  79.0  76.14  77.78  2333200  77.78
2014-01-22  78.59  79.24  78.49  78.58  2041800  78.58
2014-01-21  78.62  79.0  78.26  78.59  1285800  78.59
2014-01-17  78.82  78.89  78.08  78.2  1632900  78.2
2014-01-16  78.23  78.87  78.09  78.68  951800  78.68
2014-01-15  78.26  78.49  77.67  78.25  1166200  78.25
2014-01-14  77.75  78.4  77.48  78.16  1573600  78.16
2014-01-13  77.83  78.29  77.36  77.43  1482300  77.43
2014-01-10  77.17  78.53  76.89  78.15  1879800  78.15
2014-01-09  77.23  77.35  76.65  76.99  2129200  76.99
2014-01-08  76.22  77.21  76.11  77.02  2146300  77.02
2014-01-07  74.87  75.92  74.87  75.78  1576200  75.78
2014-01-06  75.48  75.6  74.92  75.35  2301700  75.35
2014-01-03  74.02  75.18  74.02  74.84  719500  74.84
2014-01-02  75.12  75.12  74.4  74.63  1204400  74.63
2013-12-31  75.25  75.25  74.9  75.14  1006400  75.14
2013-12-30  75.19  75.29  74.9  75.02  759200  75.02
2013-12-27  75.3  75.33  74.78  75.06  686400  75.06
2013-12-26  74.7  75.25  74.63  75.09  519500  75.09
2013-12-24  74.59  75.04  74.45  74.7  648600  74.7
2013-12-23  74.7  74.78  74.28  74.71  1041500  74.71
2013-12-20  73.73  74.51  73.55  74.42  1872900  74.42
2013-12-19  73.32  73.69  72.75  73.55  1544200  73.55
2013-12-18  71.44  73.51  71.18  73.46  2722900  73.46
2013-12-17  71.51  71.57  70.95  71.36  2272600  71.36
2013-12-16  71.73  71.92  71.11  71.27  2012900  71.27
2013-12-13  71.75  71.86  70.93  71.27  2079500  71.27
2013-12-12  72.24  72.33  71.52  71.55  1422400  71.55
2013-12-11  74.11  74.15  72.39  72.44  1079400  72.44
2013-12-10  74.05  74.36  73.71  74.1  1030300  74.1
2013-12-09  74.18  74.36  73.76  74.31  935700  74.31
2013-12-06  73.64  74.24  73.51  74.22  1092900  74.22
2013-12-05  72.89  73.39  72.78  72.86  762200  72.86
2013-12-04  73.35  73.71  72.46  72.99  786000  72.99
2013-12-03  73.75  73.93  73.14  73.63  1066900  73.63
2013-12-02  74.02  74.46  73.85  73.96  827300  73.96
2013-11-29  74.29  74.81  74.05  74.12  515200  74.12
2013-11-27  74.5  74.82  74.26  74.26  608500  74.26
2013-11-26  74.58  74.83  74.09  74.52  997800  74.52
2013-11-25  75.08  75.2  74.24  74.44  1481700  74.44
2013-11-22  73.85  74.14  73.5  73.98  1003000  73.98
2013-11-21  73.78  74.02  73.6  73.84  838700  73.84
2013-11-20  73.75  73.98  73.32  73.49  616500  73.49
2013-11-19  73.01  73.88  72.7  73.8  1216400  73.8
2013-11-18  74.05  74.2  73.04  73.21  932300  73.21
2013-11-15  74.26  74.5  73.91  73.91  2007800  73.91
2013-11-14  73.7  74.27  73.45  74.18  932500  74.18
2013-11-13  72.59  73.52  72.3  73.52  892000  73.52
2013-11-12  73.01  73.15  72.51  72.93  1253000  72.93
2013-11-11  73.06  73.19  72.74  73.0  1245800  73.0
2013-11-08  72.59  73.05  72.24  73.03  1604400  73.03
2013-11-07  73.6  73.6  72.56  72.61  1906200  72.61
2013-11-06  74.0  74.3  73.37  73.41  1870400  73.41
2013-11-05  73.55  73.93  73.34  73.75  1251400  73.75
2013-11-04  73.87  74.1  73.71  73.99  752900  73.99
2013-11-01  73.95  73.95  73.15  73.73  1350100  73.73
2013-10-31  73.86  74.03  73.02  73.56  1821900  73.56
2013-10-30  74.34  74.49  73.31  73.79  1820200  73.79
2013-10-29  74.37  74.37  73.64  74.23  1902400  74.23
2013-10-28  74.24  74.56  73.87  74.24  1031400  74.24
2013-10-25  73.75  74.41  73.42  74.31  1483500  74.31
2013-10-24  73.13  73.96  72.79  73.72  2494600  73.72
2013-10-23  73.2  73.78  72.99  73.67  1223800  73.67
2013-10-22  72.87  73.42  72.34  73.23  1142400  73.23
2013-10-21  73.15  73.15  72.62  72.86  1131000  72.86
2013-10-18  72.47  73.3  71.73  73.16  2696100  73.16
2013-10-17  70.77  72.33  70.62  72.26  2322900  72.26
2013-10-16  70.36  71.23  70.13  71.23  1099500  71.23
2013-10-15  70.37  70.64  69.83  69.86  1631300  69.86
2013-10-14  69.56  70.69  69.43  70.52  1261100  70.52
2013-10-11  69.14  70.05  69.1  69.94  1260000  69.94
2013-10-10  68.76  69.35  68.48  69.14  1297600  69.14
2013-10-09  67.52  68.67  67.43  68.16  1828200  68.16
2013-10-08  67.44  68.1  67.32  67.34  1561800  67.34
2013-10-07  67.04  67.62  66.77  67.27  755500  67.27
2013-10-04  67.11  67.59  67.0  67.43  921100  67.43
2013-10-03  67.22  67.58  66.66  67.07  1095800  67.07
2013-10-02  67.23  67.82  67.06  67.47  1676700  67.47
2013-10-01  67.47  67.83  67.28  67.69  1103400  67.69
2013-09-30  67.15  67.6  66.88  67.32  1880000  67.32
2013-09-27  68.03  68.07  67.32  67.38  1197500  67.38
2013-09-26  68.43  68.43  67.67  68.12  1639400  68.12
2013-09-25  68.56  69.36  68.18  68.25  3482500  68.25
2013-09-24  70.55  70.89  70.21  70.27  1073900  70.27
2013-09-23  70.55  70.88  70.3  70.64  940800  70.64
2013-09-20  71.17  71.3  70.61  70.72  2599300  70.72
2013-09-19  71.18  71.38  71.0  71.07  826700  71.07
2013-09-18  70.62  71.29  69.83  71.21  1081700  71.21
2013-09-17  70.24  70.98  70.12  70.79  1238200  70.79
2013-09-16  70.19  70.45  69.87  70.27  1035000  70.27
2013-09-13  68.95  69.61  68.77  69.57  1013200  69.57
2013-09-12  68.91  69.18  68.57  68.95  1421500  68.95
2013-09-11  69.05  69.52  68.82  69.03  1176500  69.03
2013-09-10  69.14  69.45  68.78  68.99  1303400  68.99
2013-09-09  68.43  68.65  68.07  68.61  732800  68.61
2013-09-06  69.08  69.83  67.53  68.39  1713200  68.39
2013-09-05  66.81  67.47  66.58  67.26  1036800  67.26
2013-09-04  66.6  66.85  66.0  66.74  1465900  66.74
2013-09-03  67.1  67.45  66.16  66.69  1000700  66.69
2013-08-30  66.43  66.54  66.1  66.36  910000  66.36
2013-08-29  65.97  66.77  65.91  66.38  955800  66.38
2013-08-28  66.6  66.77  66.06  66.11  926900  66.11
2013-08-27  67.28  67.3  66.51  66.55  927400  66.55
2013-08-26  67.86  68.46  67.79  67.84  879800  67.84
2013-08-23  68.2  68.37  67.54  67.75  624600  67.75
2013-08-22  67.5  68.54  67.5  68.24  613900  68.24
2013-08-21  67.67  67.91  67.13  67.39  912300  67.39
2013-08-20  67.46  67.99  67.03  67.71  1233600  67.71
2013-08-19  67.39  68.0  67.28  67.52  826800  67.52
2013-08-16  68.18  68.27  67.43  67.43  1622700  67.43
2013-08-15  69.42  69.6  68.22  68.37  969800  68.37
2013-08-14  70.4  70.52  69.74  69.87  1179400  69.87
2013-08-13  70.39  70.52  69.74  70.32  759700  70.32
2013-08-12  69.81  70.3  69.58  70.2  962800  70.2
2013-08-09  70.24  70.6  70.14  70.45  891900  70.45
2013-08-08  70.42  70.76  70.08  70.34  928200  70.34
2013-08-07  70.2  70.51  70.03  70.23  1285200  70.23
2013-08-06  70.58  70.81  70.23  70.41  1894900  70.41
2013-08-05  70.51  70.99  70.13  70.64  805400  70.64
2013-08-02  70.67  70.84  70.49  70.71  861300  70.71
2013-08-01  70.33  70.88  69.28  70.66  1032100  70.66
2013-07-31  70.07  70.68  69.67  69.9  1389600  69.9
2013-07-30  70.07  70.39  69.7  69.86  751600  69.86
2013-07-29  70.1  70.1  69.4  69.8  1077300  69.8
2013-07-26  70.31  70.53  69.77  70.38  819500  70.38
2013-07-25  70.16  70.39  69.8  70.31  852300  70.31
2013-07-24  70.65  70.76  70.07  70.27  961800  70.27
2013-07-23  70.52  70.52  69.84  70.49  1283800  70.49
2013-07-22  70.27  70.48  69.93  70.4  1532900  70.4
2013-07-19  69.02  70.32  68.5  70.32  3241200  70.32
2013-07-18  68.82  69.69  68.54  69.45  1802900  69.45
2013-07-17  68.39  69.09  68.15  68.82  1896800  68.82
2013-07-16  67.89  68.76  67.81  68.13  1378700  68.13
2013-07-15  66.88  67.74  66.81  67.68  767000  67.68
2013-07-12  66.73  67.19  66.44  66.9  916700  66.9
2013-07-11  66.45  66.95  66.14  66.85  1058700  66.85
2013-07-10  65.6  66.04  65.29  65.83  938600  65.83
2013-07-09  65.62  65.75  64.96  65.55  1532000  65.55
2013-07-08  64.99  65.89  64.87  65.65  1073700  65.65
2013-07-05  64.09  64.73  63.92  64.72  966000  64.72
2013-07-03  63.66  63.96  63.2  63.69  491500  63.69
2013-07-02  63.89  64.53  63.68  63.81  1573500  63.81
2013-07-01  64.34  64.65  63.83  63.92  1453900  63.92
2013-06-28  64.15  64.94  63.84  64.17  2393600  64.17
2013-06-27  64.42  64.55  64.04  64.21  1302700  64.21
2013-06-26  64.8  65.16  64.16  64.18  1248300  64.18
2013-06-25  64.49  64.71  63.69  64.12  937100  64.12
2013-06-24  64.32  64.57  63.07  63.99  1581200  63.99
2013-06-21  64.55  65.2  64.23  64.82  1668500  64.82
2013-06-20  64.94  65.08  63.83  63.98  1733500  63.98
2013-06-19  66.95  67.09  65.58  65.66  1262700  65.66
2013-06-18  66.99  67.29  66.77  66.86  1479200  66.86
2013-06-17  66.83  67.41  66.63  67.0  1005800  67.0
2013-06-14  66.84  67.19  66.33  66.41  813200  66.41
2013-06-13  65.53  66.98  65.02  66.91  783100  66.91
2013-06-12  66.42  66.45  65.57  65.58  1043200  65.58
2013-06-11  65.96  66.44  65.47  66.03  841200  66.03
2013-06-10  66.4  66.66  66.03  66.45  766400  66.45
2013-06-07  65.89  66.4  65.77  66.35  774000  66.35
2013-06-06  65.01  65.59  64.81  65.57  1323200  65.57
2013-06-05  65.73  65.92  64.72  64.95  1327900  64.95
2013-06-04  66.5  66.54  65.45  65.9  828500  65.9
2013-06-03  65.61  66.53  65.31  66.51  1481700  66.51
2013-05-31  66.41  66.97  65.6  65.6  1267300  65.6
2013-05-30  66.44  67.08  66.37  66.55  1018400  66.55
2013-05-29  66.7  66.84  66.03  66.43  1350100  66.43
2013-05-28  66.61  67.55  66.58  67.1  977300  67.1
2013-05-24  66.2  66.62  65.78  66.19  1085500  66.19
2013-05-23  66.37  66.93  66.15  66.44  1631500  66.44
2013-05-22  68.48  69.16  66.55  66.89  1948800  66.89
2013-05-21  68.18  68.5  68.0  68.41  1321400  68.41
2013-05-20  67.82  68.32  67.7  67.91  1211100  67.91
2013-05-17  67.79  68.15  67.47  68.08  3311400  68.08
2013-05-16  68.3  68.45  67.84  68.24  1920500  68.24
2013-05-15  68.29  68.98  68.28  68.6  1538400  68.6
2013-05-14  67.7  68.47  67.56  68.38  1076400  68.38
2013-05-13  67.18  68.04  67.04  67.78  1168800  67.78
2013-05-10  66.2  67.42  66.04  67.4  1776700  67.4
2013-05-09  65.66  66.67  65.53  66.21  1190900  66.21
2013-05-08  65.51  65.82  65.28  65.66  1293100  65.66
2013-05-07  65.48  65.65  65.17  65.6  788600  65.6
2013-05-06  65.45  65.79  65.25  65.49  1044400  65.49
2013-05-03  65.31  65.91  65.3  65.54  945100  65.54
2013-05-02  64.74  65.7  64.55  64.99  1407300  64.99
2013-05-01  64.71  65.12  64.34  64.52  1171700  64.52
2013-04-30  64.79  64.83  63.93  64.8  1284700  64.8
2013-04-29  64.43  65.02  64.34  64.88  1247000  64.88
2013-04-26  64.71  64.71  63.97  64.28  1123900  64.28
2013-04-25  63.73  65.49  63.69  64.86  2300000  64.86
2013-04-24  64.02  64.44  63.82  63.96  1685100  63.96
2013-04-23  63.71  64.34  63.34  64.17  1329700  64.17
2013-04-22  63.93  64.02  63.04  63.38  1403900  63.38
2013-04-19  63.2  63.91  62.74  63.91  2109300  63.91
2013-04-18  63.79  63.82  62.59  62.94  1841500  62.94
2013-04-17  64.0  64.28  63.42  63.63  1748600  63.63
2013-04-16  64.49  64.49  63.39  64.3  2258500  64.3
2013-04-15  65.19  65.61  64.51  64.51  1546100  64.51
2013-04-12  65.73  65.89  65.2  65.71  1121000  65.71
2013-04-11  66.01  66.35  65.87  66.05  1280800  66.05
2013-04-10  65.55  66.2  65.15  65.94  1945800  65.94
2013-04-09  65.23  65.69  64.97  65.55  2468000  65.55
2013-04-08  64.26  64.72  64.14  64.6  1646600  64.6
2013-04-05  64.05  64.42  63.89  64.22  2543600  64.22
2013-04-04  64.95  65.27  64.57  64.81  2513200  64.81
2013-04-03  64.84  64.86  64.03  64.47  2014600  64.47
2013-04-02  64.79  64.96  64.49  64.78  1185100  64.78
2013-04-01  64.32  64.82  64.21  64.55  1233100  64.55
2013-03-28  63.9  64.55  63.63  64.46  1216900  64.46
2013-03-27  63.82  64.15  63.43  64.1  1016400  64.1
2013-03-26  63.78  64.11  63.6  64.09  869700  64.09
2013-03-25  63.81  63.82  63.15  63.51  1175900  63.51
2013-03-22  63.53  63.6  63.21  63.54  1636900  63.54
2013-03-21  64.11  64.32  63.13  63.51  2089000  63.51
2013-03-20  64.1  64.51  64.03  64.32  1277100  64.32
2013-03-19  64.0  64.15  63.26  63.73  1979100  63.73
2013-03-18  64.38  64.38  63.4  63.74  2328900  63.74
2013-03-15  65.52  65.66  64.67  64.88  2464200  64.88
2013-03-14  65.84  65.85  65.23  65.74  1158900  65.74
2013-03-13  65.64  65.66  65.11  65.61  1182500  65.61
2013-03-12  64.92  65.72  64.8  65.72  1302500  65.72
2013-03-11  64.78  65.21  64.63  65.16  1103900  65.16
2013-03-08  64.72  64.95  64.47  64.67  1499900  64.67
2013-03-07  64.94  65.1  64.2  64.35  1444500  64.35
2013-03-06  65.0  65.51  64.75  64.91  1748900  64.91
2013-03-05  64.02  65.3  64.02  64.94  1748400  64.94
2013-03-04  63.63  64.04  63.51  64.03  1414300  64.03
2013-03-01  62.71  63.96  62.17  63.86  2487100  63.86
2013-02-28  62.55  63.25  62.49  62.86  1633300  62.86
2013-02-27  61.79  62.82  61.7  62.64  1332100  62.64
2013-02-26  61.47  62.16  61.41  61.77  1975500  61.77
2013-02-25  61.82  62.16  61.1  61.1  1614900  61.1
2013-02-22  61.5  61.7  61.13  61.7  1233000  61.7
2013-02-21  61.75  61.77  60.61  61.18  2143000  61.18
2013-02-20  62.72  62.77  62.03  62.07  1561600  62.07
2013-02-19  62.73  62.83  62.18  62.67  2019100  62.67
2013-02-15  62.96  62.96  62.25  62.83  2206600  62.83
2013-02-14  62.74  63.12  62.58  63.0  1215900  63.0
2013-02-13  63.12  63.43  62.6  62.86  847100  62.86
2013-02-12  62.84  63.08  62.53  62.99  1098300  62.99
2013-02-11  62.65  62.88  62.34  62.88  1173200  62.88
2013-02-08  62.18  62.91  61.99  62.76  1083500  62.76
2013-02-07  61.72  62.07  61.29  62.04  1808500  62.04
2013-02-06  61.57  62.11  61.46  62.05  1404800  62.05
2013-02-05  61.31  61.86  61.28  61.8  1893100  61.8
2013-02-04  61.65  61.65  61.01  61.3  1855100  61.3
2013-02-01  61.35  62.16  60.54  62.03  2558200  62.03
2013-01-31  62.29  62.37  61.55  61.65  2714500  61.65
2013-01-30  62.68  62.79  62.32  62.37  2071800  62.37
2013-01-29  62.65  62.97  62.45  62.78  1189800  62.78
2013-01-28  62.66  62.83  62.22  62.76  1624700  62.76
2013-01-25  62.73  62.89  62.31  62.53  2077100  62.53
2013-01-24  61.02  62.64  60.62  62.44  2491300  62.44
2013-01-23  60.64  60.93  60.27  60.88  2350900  60.88
2013-01-22  60.51  60.73  60.21  60.72  1725400  60.72
2013-01-18  59.76  60.61  59.52  60.57  3599100  60.57
2013-01-17  58.76  60.19  58.75  59.65  2379400  59.65
2013-01-16  58.5  58.77  58.35  58.48  1170200  58.48
2013-01-15  57.82  58.78  57.64  58.61  2212100  58.61
2013-01-14  57.62  57.94  57.33  57.93  1375700  57.93
2013-01-11  57.88  57.96  57.55  57.9  1477800  57.9
2013-01-10  57.77  57.9  57.37  57.9  1815200  57.9
2013-01-09  56.3  57.8  56.23  57.45  2828300  57.45
2013-01-08  56.02  56.16  55.62  56.06  1854100  56.06
2013-01-07  55.75  56.31  55.7  56.16  1762600  56.16
2013-01-04  55.42  56.09  55.21  55.82  2471000  55.82
2013-01-03  55.0  55.35  54.93  55.24  1384600  55.24
2013-01-02  54.66  55.0  54.36  54.99  2118400  54.99
2012-12-31  53.47  53.94  53.2  53.94  1780100  53.94
2012-12-28  53.92  54.17  53.54  53.58  1094000  53.58
2012-12-27  54.37  54.52  53.68  54.28  1132600  54.28
2012-12-26  54.72  54.83  54.12  54.28  932300  54.28
2012-12-24  54.64  54.83  54.57  54.71  703800  54.71
2012-12-21  55.29  55.56  54.47  54.71  3226700  54.71
2012-12-20  54.87  55.41  54.63  55.4  1273700  55.4
2012-12-19  55.25  55.32  54.74  54.8  1677400  54.8
2012-12-18  55.01  55.57  54.81  55.18  2553600  55.18
2012-12-17  54.68  55.05  54.64  55.0  1456000  55.0
2012-12-14  54.85  55.13  54.59  54.63  2587400  54.63
2012-12-13  54.92  55.14  54.72  55.03  2265200  55.03
2012-12-12  54.63  55.45  54.59  54.97  1843300  54.97
2012-12-11  54.08  54.84  53.95  54.65  2254300  54.65
2012-12-10  53.26  53.69  53.25  53.66  1567200  53.66
2012-12-07  53.34  53.5  52.97  53.44  1437000  53.44
2012-12-06  53.1  53.33  52.82  53.23  1986000  53.23
2012-12-05  53.21  53.41  52.89  53.24  2153800  53.24
2012-12-04  53.38  53.58  52.93  53.23  2157700  53.23
2012-12-03  53.35  53.94  52.98  53.31  2977200  53.31
2012-11-30  52.95  53.17  52.67  53.04  2311500  53.04
2012-11-29  53.68  53.94  52.74  52.93  2455200  52.93
2012-11-28  52.96  53.48  52.48  53.47  1161400  53.47
2012-11-27  53.26  53.54  53.06  53.1  1362600  53.1
2012-11-26  53.14  53.4  52.74  53.4  1766700  53.4
2012-11-23  52.55  53.4  52.5  53.39  738100  53.39
2012-11-21  52.51  52.69  52.31  52.39  2009800  52.39
2012-11-20  51.95  52.77  51.71  52.49  2361400  52.49
2012-11-19  51.48  52.03  51.4  51.9  2340400  51.9
2012-11-16  51.46  51.47  50.74  51.02  3704900  51.02
2012-11-15  51.24  51.44  50.79  50.92  1750300  50.92
2012-11-14  51.69  51.92  51.15  51.24  1804900  51.24
2012-11-13  51.7  52.07  51.51  51.59  1682000  51.59
2012-11-12  51.65  52.02  51.22  51.95  1310400  51.95
2012-11-09  51.21  51.88  51.15  51.44  1356800  51.44
2012-11-08  51.39  51.73  51.14  51.34  2282200  51.34
2012-11-07  51.96  52.01  50.98  51.52  2060500  51.52
2012-11-06  51.67  52.41  51.41  52.35  1718000  52.35
2012-11-05  51.48  51.72  51.08  51.62  1018900  51.62
2012-11-02  52.33  52.46  51.46  51.55  1300800  51.55
2012-11-01  51.51  52.16  51.38  51.97  1574200  51.97
2012-10-31  51.51  51.83  50.95  51.51  1740000  51.51
2012-10-26  51.34  51.48  50.89  51.11  1766100  51.11
2012-10-25  51.55  51.88  50.92  51.32  1801400  51.32
2012-10-24  51.37  51.51  50.9  51.2  1543000  51.2
2012-10-23  51.34  51.44  50.84  51.17  2088200  51.17
2012-10-22  51.6  51.89  51.3  51.85  1869100  51.85
2012-10-19  52.31  52.57  51.33  51.55  2960400  51.55
2012-10-18  50.78  52.63  50.53  52.5  4556600  52.5
2012-10-17  52.1  53.17  51.66  51.73  4390700  51.73
2012-10-16  51.55  52.37  51.45  52.35  2041200  52.35
2012-10-15  51.22  51.24  50.85  51.22  2842300  51.22
2012-10-12  51.51  51.89  51.13  51.22  1535600  51.22
2012-10-11  51.41  52.04  51.34  51.37  1516600  51.37
2012-10-10  51.36  51.36  50.6  51.14  4463200  51.14
2012-10-09  52.27  52.84  51.41  51.64  3664100  51.64
2012-10-08  53.6  53.68  53.18  53.23  1117300  53.23
2012-10-05  54.08  54.08  53.39  53.68  1484000  53.68
2012-10-04  53.31  53.93  52.87  53.92  1624300  53.92
2012-10-03  53.77  53.82  53.05  53.29  2561100  53.29
2012-10-02  53.88  54.0  53.15  53.54  2856600  53.54
2012-10-01  54.35  54.35  53.47  53.76  3192100  53.76
2012-09-28  54.41  54.75  54.21  54.51  1495000  54.51
2012-09-27  54.49  54.69  54.22  54.65  1201100  54.65
2012-09-26  54.74  54.84  54.27  54.44  1165200  54.44
2012-09-25  55.3  55.41  54.6  54.61  1844800  54.61
2012-09-24  54.72  55.23  54.47  55.11  1512500  55.11
2012-09-21  54.74  55.12  54.23  54.92  5620700  54.92
2012-09-20  54.32  54.42  53.94  54.41  1512500  54.41
2012-09-19  54.47  54.78  54.06  54.53  1516700  54.53
2012-09-18  54.63  54.64  54.27  54.56  1879000  54.56
2012-09-17  54.56  54.87  54.52  54.86  1580700  54.86
2012-09-14  53.84  54.92  53.75  54.64  2520300  54.64
2012-09-13  53.28  54.03  52.73  53.84  1980400  53.84
2012-09-12  52.76  53.35  52.75  53.09  1487200  53.09
2012-09-11  52.35  52.93  52.18  52.68  2582400  52.68
2012-09-10  52.85  52.85  52.15  52.24  1499300  52.24
2012-09-07  53.04  53.04  52.4  52.83  3201300  52.83
2012-09-06  51.56  52.87  51.56  52.87  2961500  52.87
2012-09-05  52.46  52.46  51.54  51.82  2108300  51.82
2012-09-04  52.93  54.14  52.34  52.51  2431300  52.51
2012-08-31  52.07  52.39  51.64  51.96  964400  51.96
2012-08-30  51.89  52.03  51.48  51.81  1160700  51.81
2012-08-29  52.41  52.55  52.17  52.27  1182100  52.27
2012-08-28  52.28  52.76  52.28  52.41  1573500  52.41
2012-08-27  52.45  52.9  52.2  52.38  856500  52.38
2012-08-24  51.87  52.55  51.82  52.43  882800  52.43
2012-08-23  52.49  52.58  51.73  51.93  1654400  51.93
2012-08-22  53.12  53.15  52.34  52.51  2154800  52.51
2012-08-21  53.23  53.72  52.87  52.97  1662400  52.97
2012-08-20  53.03  53.22  52.84  53.17  1122700  53.17
2012-08-17  53.15  53.22  52.77  53.03  1799100  53.03
2012-08-16  52.77  53.42  52.62  53.17  1818600  53.17
2012-08-15  52.29  53.03  52.29  52.79  1276800  52.79
2012-08-14  52.08  52.51  52.08  52.48  1867400  52.48
2012-08-13  51.54  52.1  51.44  51.9  2305700  51.9
2012-08-10  51.36  51.88  51.36  51.76  1626500  51.76
2012-08-09  51.6  51.95  51.41  51.5  1524200  51.5
2012-08-08  51.58  51.88  51.3  51.7  1171800  51.7
2012-08-07  51.69  51.98  51.6  51.71  1152600  51.71
2012-08-06  51.58  52.07  51.38  51.65  1335800  51.65
2012-08-03  51.25  51.58  50.84  51.46  1700800  51.46
2012-08-02  50.71  50.88  49.71  50.14  2406200  50.14
2012-08-01  51.08  51.79  51.0  51.54  2228600  51.54
2012-07-31  51.13  51.3  50.72  50.76  1375400  50.76
2012-07-30  50.95  51.26  50.69  51.06  984400  51.06
2012-07-27  50.36  51.27  50.26  51.13  1953900  51.13
2012-07-26  50.56  50.62  49.69  50.05  2064200  50.05
2012-07-25  49.57  50.3  49.57  50.02  2240800  50.02
2012-07-24  49.84  49.97  48.82  49.51  2309500  49.51
2012-07-23  49.46  49.78  49.1  49.51  1465800  49.51
2012-07-20  50.71  50.81  49.88  50.13  2013800  50.13
2012-07-19  51.05  51.8  49.72  50.87  4618100  50.87
2012-07-18  52.2  53.1  50.62  52.26  2318800  52.26
2012-07-17  51.87  52.44  51.57  52.41  1912200  52.41
2012-07-16  51.85  51.96  51.44  51.61  1145700  51.61
2012-07-13  51.53  51.91  51.42  51.75  822100  51.75
2012-07-12  51.4  51.59  51.01  51.43  1289300  51.43
2012-07-11  51.61  51.91  51.36  51.76  1680800  51.76
2012-07-10  52.85  52.85  51.61  51.76  1361500  51.76
2012-07-09  52.18  52.41  52.0  52.36  834300  52.36
2012-07-06  52.18  52.28  51.66  52.23  1221500  52.23
2012-07-05  53.2  53.22  52.72  52.89  959800  52.89
2012-07-03  53.24  53.55  53.08  53.34  1105400  53.34
2012-07-02  53.65  53.67  52.64  53.33  1744000  53.33
2012-06-29  53.36  53.75  53.29  53.75  1835000  53.75
2012-06-28  52.71  52.88  51.47  52.48  2701800  52.48
2012-06-27  52.42  53.19  52.4  53.0  1371300  53.0
2012-06-26  52.2  52.5  51.87  52.3  1344000  52.3
2012-06-25  52.61  52.7  52.06  52.19  1552700  52.19
2012-06-22  52.49  53.21  52.17  53.03  2621600  53.03
2012-06-21  53.52  53.69  52.14  52.23  1724800  52.23
2012-06-20  53.6  53.68  52.94  53.35  1692300  53.35
2012-06-19  53.23  53.97  53.2  53.63  2017000  53.63
2012-06-18  52.48  53.26  52.38  53.03  1950300  53.03
2012-06-15  51.23  52.75  51.02  52.62  3727000  52.62
2012-06-14  50.19  51.08  50.09  50.86  1482400  50.86
2012-06-13  50.26  50.68  49.86  50.03  1411600  50.03
2012-06-12  50.09  50.33  49.59  50.32  981800  50.32
2012-06-11  50.17  50.51  49.91  49.96  2006300  49.96
2012-06-08  49.59  49.92  49.46  49.86  1793700  49.86
2012-06-07  50.26  50.52  49.63  49.74  1001500  49.74
2012-06-06  49.58  49.84  49.4  49.8  1507200  49.8
2012-06-05  48.23  49.51  48.15  49.35  1751200  49.35
2012-06-04  48.49  48.64  48.03  48.43  1726500  48.43
2012-06-01  49.31  49.47  48.57  48.6  1741400  48.6
2012-05-31  50.03  50.33  49.43  49.99  2177000  49.99
2012-05-30  50.89  50.89  49.92  50.09  1246500  50.09
2012-05-29  50.93  51.22  50.58  51.1  2076600  51.1
2012-05-25  50.22  50.6  50.12  50.38  968400  50.38
2012-05-24  49.93  50.43  49.65  50.26  1435500  50.26
2012-05-23  50.0  50.0  49.3  49.83  1835200  49.83
2012-05-22  49.99  50.49  49.78  50.26  2314300  50.26
2012-05-21  49.06  50.01  48.93  49.98  1443700  49.98
2012-05-18  49.76  49.76  48.68  48.84  1748700  48.84
2012-05-17  50.3  50.46  49.54  49.54  1131700  49.54
2012-05-16  50.65  50.88  50.12  50.27  1708000  50.27
2012-05-15  51.18  51.2  50.44  50.52  1248500  50.52
2012-05-14  51.16  51.52  50.78  51.15  1253300  51.15
2012-05-11  51.74  52.2  51.51  51.68  759500  51.68
2012-05-10  52.11  52.53  51.76  51.86  1090300  51.86
2012-05-09  51.99  52.23  51.43  51.74  1460300  51.74
2012-05-08  52.2  52.66  51.89  52.62  1498500  52.62
2012-05-07  52.13  52.92  52.13  52.59  1043100  52.59
2012-05-04  52.96  52.99  52.34  52.35  1512700  52.35
2012-05-03  53.25  53.54  52.96  53.21  1368600  53.21
2012-05-02  52.56  53.15  51.96  53.11  1875800  53.11
2012-05-01  52.84  53.57  52.46  53.32  1268000  53.32
2012-04-30  53.18  53.25  52.66  53.03  1558400  53.03
2012-04-27  53.02  53.21  52.52  53.02  2003700  53.02
2012-04-26  51.78  52.62  51.39  52.53  2658600  52.53
2012-04-25  51.88  52.22  51.66  52.16  1293300  52.16
2012-04-24  51.48  51.72  51.1  51.66  1472700  51.66
2012-04-23  51.77  51.79  50.92  51.21  2150300  51.21
2012-04-20  52.93  52.93  52.34  52.4  1883900  52.4
2012-04-19  54.03  54.11  52.36  52.82  2972600  52.82
2012-04-18  53.95  55.53  53.48  53.89  3830600  53.89
2012-04-17  53.04  53.68  52.89  53.34  2114500  53.34
2012-04-16  52.6  52.87  52.35  52.71  1754000  52.71
2012-04-13  53.22  53.62  52.42  52.43  1487200  52.43
2012-04-12  52.39  53.48  52.18  53.31  1508800  53.31
2012-04-11  52.3  52.73  52.0  52.31  1170200  52.31
2012-04-10  52.39  52.45  51.61  51.61  1665900  51.61
2012-04-09  52.72  52.79  52.4  52.62  1505600  52.62
2012-04-05  52.84  53.47  52.78  53.47  2235300  53.47
2012-04-04  53.72  53.72  52.93  53.22  1935600  53.22
2012-04-03  53.93  54.2  53.6  54.01  1580000  54.01
2012-04-02  54.1  54.29  53.93  53.98  1773900  53.98
2012-03-30  53.76  54.02  53.67  53.91  3054300  53.91
2012-03-29  53.19  53.65  52.92  53.52  1479700  53.52
2012-03-28  53.64  53.89  53.04  53.49  1050000  53.49
2012-03-27  53.75  53.97  53.48  53.57  889000  53.57
2012-03-26  53.0  53.76  52.9  53.73  1534200  53.73
2012-03-23  52.61  52.86  52.47  52.7  1024400  52.7
2012-03-22  52.65  52.92  52.33  52.48  1208000  52.48
2012-03-21  53.02  53.25  52.9  53.09  1076800  53.09
2012-03-20  53.02  53.22  52.99  53.06  679500  53.06
2012-03-19  52.85  53.51  52.81  53.19  1502000  53.19
2012-03-16  53.36  53.48  52.95  53.14  1764600  53.14
2012-03-15  52.62  53.31  52.36  53.24  1389300  53.24
2012-03-14  51.55  52.55  51.52  52.49  1963200  52.49
2012-03-13  51.11  51.7  51.05  51.62  1408700  51.62
2012-03-12  51.15  51.49  50.68  50.72  1224700  50.72
2012-03-09  51.32  51.95  51.17  51.21  1226900  51.21
2012-03-08  50.68  51.2  50.62  51.08  1068100  51.08
2012-03-07  50.21  50.55  50.08  50.38  1816600  50.38
2012-03-06  50.54  50.74  50.18  50.36  1807000  50.36
2012-03-05  51.45  51.6  50.93  51.11  1365800  51.11
2012-03-02  51.36  51.76  51.11  51.51  2041300  51.51
2012-03-01  52.13  52.27  51.24  51.44  2643800  51.44
2012-02-29  52.94  52.94  51.87  51.92  2123800  51.92
2012-02-28  52.99  53.27  52.65  52.81  1692800  52.81
2012-02-27  52.51  53.31  52.36  53.2  1542700  53.2
2012-02-24  52.31  53.06  52.22  53.03  1464600  53.03
2012-02-23  51.72  52.54  51.53  52.19  1529700  52.19
2012-02-22  51.71  51.94  51.61  51.73  1085700  51.73
2012-02-21  52.05  52.16  51.51  51.62  1151700  51.62
2012-02-17  52.17  52.51  51.83  51.88  1389700  51.88
2012-02-16  51.99  52.01  51.54  51.93  1241000  51.93
2012-02-15  52.11  52.34  51.65  51.86  1224700  51.86
2012-02-14  51.55  52.05  51.53  51.81  1139200  51.81
2012-02-13  52.06  52.43  51.97  52.14  1751000  52.14
2012-02-10  51.95  52.04  51.22  51.83  2329400  51.83
2012-02-09  52.35  52.56  52.03  52.23  3307900  52.23
2012-02-08  53.47  53.76  52.82  53.0  1774700  53.0
2012-02-07  53.61  53.79  53.17  53.41  1474900  53.41
2012-02-06  53.71  54.11  53.68  53.89  2781600  53.89
2012-02-03  53.68  53.88  53.32  53.83  2718200  53.83
2012-02-02  53.63  53.63  53.02  53.24  2234900  53.24
2012-02-01  53.07  53.95  53.06  53.45  2303300  53.45
2012-01-31  53.69  54.02  53.23  53.65  2450900  53.65
2012-01-30  52.66  53.3  52.34  53.26  2431100  53.26
2012-01-27  52.95  53.28  52.77  53.14  1636000  53.14
2012-01-26  53.6  54.08  52.81  53.11  2760200  53.11
2012-01-25  51.14  53.5  51.14  53.3  4791300  53.3
2012-01-24  50.96  51.78  50.48  51.24  1995600  51.24
2012-01-23  51.38  51.42  50.56  51.11  1425900  51.11
2012-01-20  51.18  51.66  50.71  51.44  1689000  51.44
2012-01-19  49.89  51.48  49.76  51.11  2278000  51.11
2012-01-18  50.33  50.82  49.68  50.5  3397700  50.5
2012-01-17  50.62  51.05  50.22  50.34  1907400  50.34
2012-01-13  50.48  50.65  49.84  50.07  1897600  50.07
2012-01-12  50.56  51.26  50.02  50.81  2894300  50.81
2012-01-11  50.28  51.4  49.98  51.32  3107500  51.32
2012-01-10  50.49  50.82  50.06  50.59  3150900  50.59
2012-01-09  50.06  50.26  49.84  50.14  1609500  50.14
2012-01-06  49.66  50.39  49.61  49.85  2365400  49.85
2012-01-05  49.45  49.68  49.23  49.55  3304800  49.55
2012-01-04  49.28  49.64  48.82  49.61  2626800  49.61
2012-01-03  49.02  49.58  48.76  49.43  2668700  49.43
2011-12-30  48.08  48.64  47.99  48.12  1578700  48.12
2011-12-29  47.5  48.08  47.37  48.0  965400  48.0
2011-12-28  48.18  48.28  47.54  47.73  1195000  47.73
2011-12-27  48.14  48.49  48.03  48.25  946400  48.25
2011-12-23  47.91  48.25  47.71  48.2  1173500  48.2
2011-12-22  46.86  47.92  46.86  47.92  1936900  47.92
2011-12-21  45.85  46.91  45.75  46.84  2690400  46.84
2011-12-20  45.01  46.35  45.01  46.03  2696700  46.03
2011-12-19  44.72  45.21  43.97  44.13  2046200  44.13
2011-12-16  45.3  45.3  44.3  44.54  3740000  44.54
2011-12-15  44.7  45.39  44.58  44.94  1851800  44.94
2011-12-14  45.21  45.36  44.62  45.08  1814000  45.08
2011-12-13  45.42  45.66  44.93  45.16  2309700  45.16
2011-12-12  45.77  45.83  45.15  45.37  1747700  45.37
2011-12-09  45.57  46.45  45.56  46.12  1342400  46.12
2011-12-08  46.22  46.43  45.31  45.42  2604300  45.42
2011-12-07  46.5  46.69  45.77  46.53  2322800  46.53
2011-12-06  47.45  47.45  46.37  46.78  1777600  46.78
2011-12-05  46.92  47.53  46.83  47.32  2773600  47.32
2011-12-02  47.98  48.19  45.08  45.9  5840200  45.9
2011-12-01  47.04  47.91  46.9  47.74  1820600  47.74
2011-11-30  45.93  47.12  45.93  47.07  2436900  47.07
2011-11-29  45.3  45.55  44.79  44.93  1927400  44.93
2011-11-28  44.79  45.47  44.7  45.26  1701500  45.26
2011-11-25  43.89  44.44  43.85  43.87  610500  43.87
2011-11-23  44.12  44.3  43.81  43.83  2252800  43.83
2011-11-22  44.52  45.09  44.2  44.68  1802300  44.68
2011-11-21  45.3  45.69  44.56  44.56  2291600  44.56
2011-11-18  46.44  46.48  45.87  46.08  1844000  46.08
2011-11-17  46.85  47.06  45.78  46.18  2311300  46.18
2011-11-16  47.16  47.99  46.99  47.02  1754700  47.02
2011-11-15  47.1  47.95  46.89  47.77  1598100  47.77
2011-11-14  47.47  47.84  47.06  47.17  1313600  47.17
2011-11-11  47.29  47.93  47.16  47.69  1380800  47.69
2011-11-10  46.27  46.75  45.81  46.53  1699800  46.53
2011-11-09  46.97  46.97  45.67  45.78  1947200  45.78
2011-11-08  47.37  48.11  47.02  48.01  1394900  48.01
2011-11-07  46.65  47.3  46.26  47.29  1858100  47.29
2011-11-04  46.67  47.04  46.27  46.8  1930600  46.8
2011-11-03  46.29  47.06  45.95  46.96  1834800  46.96
2011-11-02  46.08  46.2  45.57  46.03  1581700  46.03
2011-11-01  45.13  45.83  44.49  45.3  3443500  45.3
2011-10-31  47.6  47.63  46.18  46.18  2566100  46.18
2011-10-28  47.77  48.26  47.77  48.12  2190600  48.12
2011-10-27  48.7  48.72  46.92  47.57  2979700  47.57
2011-10-26  46.85  46.99  45.69  46.58  1911300  46.58
2011-10-25  47.85  47.92  46.39  46.5  1989500  46.5
2011-10-24  47.47  48.32  47.34  48.19  1906900  48.19
2011-10-21  47.05  47.95  47.01  47.39  2799500  47.39
2011-10-20  47.25  48.0  45.73  46.53  3858200  46.53
2011-10-19  47.41  48.23  47.32  47.62  2242300  47.62
2011-10-18  46.66  47.75  46.37  47.28  1807200  47.28
2011-10-17  47.94  48.16  46.69  46.79  1438300  46.79
2011-10-14  48.81  48.91  48.01  48.21  1542300  48.21
2011-10-13  47.98  48.55  47.57  48.37  1627500  48.37
2011-10-12  48.46  49.3  48.1  48.35  2762000  48.35
2011-10-11  47.98  48.69  47.85  48.29  2771500  48.29
2011-10-10  46.75  47.62  46.66  47.6  1784200  47.6
2011-10-07  46.23  46.64  45.86  46.15  2065300  46.15
2011-10-06  45.95  46.22  44.97  46.09  2609100  46.09
2011-10-05  45.19  45.98  44.88  45.91  1960300  45.91
2011-10-04  42.94  45.13  42.94  45.08  2500000  45.08
2011-10-03  45.05  45.69  43.69  43.71  2770700  43.71
2011-09-30  46.05  46.63  45.4  45.43  2153500  45.43
2011-09-29  47.43  47.66  45.65  46.48  2560000  46.48
2011-09-28  47.23  47.59  46.61  46.74  3627200  46.74
2011-09-27  46.68  48.14  46.6  47.21  3267800  47.21
2011-09-26  44.75  45.43  44.07  45.39  2050400  45.39
2011-09-23  44.18  44.52  43.75  44.33  2479300  44.33
2011-09-22  44.35  44.85  43.84  44.39  4026000  44.39
2011-09-21  46.6  46.79  45.36  45.36  2215300  45.36
2011-09-20  46.78  47.78  46.55  46.57  1708100  46.57
2011-09-19  46.68  46.83  46.15  46.58  1316900  46.58
2011-09-16  47.9  48.17  47.18  47.38  3098200  47.38
2011-09-15  47.5  47.66  46.21  47.64  2513100  47.64
2011-09-14  45.93  47.35  45.32  46.78  2618200  46.78
2011-09-13  44.91  45.85  44.91  45.75  2292300  45.75
2011-09-12  44.47  45.02  43.92  45.01  2195200  45.01
2011-09-09  46.21  46.25  44.88  45.02  3749300  45.02
2011-09-08  47.48  47.71  46.57  46.75  3559100  46.75
2011-09-07  46.64  47.85  46.29  47.81  3957200  47.81
2011-09-06  44.22  45.98  43.81  45.89  3147800  45.89
2011-09-02  45.53  46.17  44.94  45.39  2502800  45.39
2011-09-01  47.14  47.45  46.24  46.33  1951900  46.33
2011-08-31  45.98  47.67  45.98  46.9  3129200  46.9
2011-08-30  45.93  46.1  45.2  45.8  2029900  45.8
2011-08-29  45.52  46.48  45.28  46.13  2122500  46.13
2011-08-26  43.94  44.88  43.06  44.34  2434400  44.34
2011-08-25  45.36  45.52  44.16  44.3  2220500  44.3
2011-08-24  44.2  45.23  43.86  45.15  2323600  45.15
2011-08-23  42.09  44.39  42.05  44.31  2906500  44.31
2011-08-22  43.16  43.47  42.0  42.14  3313700  42.14
2011-08-19  42.34  43.88  41.99  42.06  4804800  42.06
2011-08-18  44.78  44.81  42.56  42.8  4641000  42.8
2011-08-17  46.58  47.18  45.21  45.68  3285000  45.68
2011-08-16  46.8  47.1  46.25  46.5  2318400  46.5
2011-08-15  47.08  47.59  46.64  47.2  2653400  47.2
2011-08-12  46.14  46.91  45.49  46.61  2854600  46.61
2011-08-11  44.36  46.2  44.01  45.69  4848600  45.69
2011-08-10  46.3  46.5  44.09  44.21  4809700  44.21
2011-08-09  46.0  47.11  44.68  47.07  3119200  47.07
2011-08-08  47.0  47.76  45.48  45.55  4508400  45.55
2011-08-05  48.36  48.77  46.53  48.05  3250600  48.05
2011-08-04  49.28  49.79  47.65  47.68  4817800  47.68
2011-08-03  49.56  50.11  49.14  50.0  3903000  50.0
2011-08-02  50.67  50.97  49.6  49.62  2958500  49.62
2011-08-01  52.5  52.5  50.6  50.99  3247700  50.99
2011-07-29  51.43  52.58  51.24  52.18  2801500  52.18
2011-07-28  52.22  52.53  51.83  51.91  2401300  51.91
2011-07-27  53.26  53.26  52.32  52.32  2698000  52.32
2011-07-26  53.8  54.05  52.89  52.93  1943400  52.93
2011-07-25  54.14  54.33  53.55  53.99  1752000  53.99
2011-07-22  55.39  55.39  54.38  54.62  2275700  54.62
2011-07-21  54.38  55.39  54.25  55.34  4094700  55.34
2011-07-20  56.7  56.7  54.38  54.65  6330600  54.65
2011-07-19  56.18  57.0  55.34  56.81  2405200  56.81
2011-07-18  55.87  55.95  54.95  55.95  1493500  55.95
2011-07-15  56.34  56.5  55.74  56.11  1132500  56.11
2011-07-14  57.13  57.13  56.2  56.31  1354300  56.31
2011-07-13  57.01  57.7  56.81  56.97  1163100  56.97
2011-07-12  56.1  57.31  55.97  56.78  1670500  56.78
2011-07-11  57.13  57.35  56.14  56.24  1303200  56.24
2011-07-08  57.73  57.81  57.27  57.75  1398800  57.75
2011-07-07  58.0  58.24  57.64  58.2  1206700  58.2
2011-07-06  57.36  57.99  57.14  57.48  1276200  57.48
2011-07-05  57.65  57.7  57.01  57.3  1025900  57.3
2011-07-01  56.6  57.96  56.47  57.89  1836100  57.89
2011-06-30  56.09  56.47  56.01  56.36  1493800  56.36
2011-06-29  56.57  56.57  55.7  55.82  1459000  55.82
2011-06-28  55.68  56.41  55.49  56.34  1106800  56.34
2011-06-27  55.07  55.71  54.67  55.47  1214100  55.47
2011-06-24  55.86  55.94  54.72  54.93  1854700  54.93
2011-06-23  55.45  55.93  54.16  55.75  2306800  55.75
2011-06-22  55.8  56.18  55.66  55.91  1377100  55.91
2011-06-21  55.87  56.06  55.55  55.79  1431600  55.79
2011-06-20  55.21  55.65  55.19  55.53  1019800  55.53
2011-06-17  55.93  55.93  55.13  55.25  2105200  55.25
2011-06-16  55.42  55.96  55.21  55.53  1111400  55.53
2011-06-15  56.09  56.49  55.39  55.52  1378200  55.52
2011-06-14  56.54  56.74  56.27  56.37  1253900  56.37
2011-06-13  56.04  56.35  55.55  56.04  1537400  56.04
2011-06-10  56.37  56.43  55.61  55.69  1566900  55.69
2011-06-09  56.19  56.77  56.01  56.46  1398100  56.46
2011-06-08  56.72  56.72  55.71  56.14  2024700  56.14
2011-06-07  56.44  57.3  55.76  56.75  2568700  56.75
2011-06-06  57.65  57.69  56.08  56.08  3571800  56.08
2011-06-03  57.74  57.98  57.51  57.63  1498800  57.63
2011-06-02  58.66  58.77  58.05  58.41  2080800  58.41
2011-06-01  59.44  59.49  58.65  58.69  2132000  58.69
2011-05-31  59.78  59.79  59.39  59.74  2249800  59.74
2011-05-27  59.76  59.93  59.44  59.51  1060000  59.51
2011-05-26  59.53  59.69  59.0  59.56  2259700  59.56
2011-05-25  59.63  60.16  59.58  59.63  1615500  59.63
2011-05-24  60.34  60.44  59.59  60.06  1824100  60.06
2011-05-23  60.18  60.51  59.49  60.36  2959800  60.36
2011-05-20  61.49  61.49  60.19  60.71  2494000  60.71
2011-05-19  61.4  61.53  60.91  61.27  2159300  61.27
2011-05-18  61.16  61.41  60.91  61.27  3304900  61.27
2011-05-17  60.59  61.14  60.23  61.08  2363200  61.08
2011-05-16  60.07  61.85  60.07  61.04  4010500  61.04
2011-05-13  60.69  60.93  60.09  60.58  3240200  60.58
2011-05-12  59.2  60.57  58.76  60.47  3700000  60.47
2011-05-11  59.28  59.8  58.88  59.2  3146600  59.2
2011-05-10  57.81  58.5  57.74  58.4  2823700  58.4
2011-05-09  57.08  57.68  56.9  57.55  1591800  57.55
2011-05-06  57.45  57.88  56.91  57.14  2455700  57.14
2011-05-05  56.9  57.79  56.75  57.16  2439400  57.16
2011-05-04  56.72  56.95  56.48  56.93  1665500  56.93
2011-05-03  56.66  56.95  56.64  56.82  2342300  56.82
2011-05-02  56.58  56.85  56.28  56.71  3040700  56.71
2011-04-29  56.79  56.82  56.41  56.48  1832600  56.48
2011-04-28  55.85  56.75  55.8  56.66  3090500  56.66
2011-04-27  56.06  56.06  55.65  55.9  2507700  55.9
2011-04-26  55.95  56.0  55.59  55.84  2098800  55.84
2011-04-25  55.89  56.0  55.39  55.54  2260500  55.54
2011-04-21  56.05  56.45  55.94  56.01  2589100  56.01
2011-04-20  57.89  57.89  55.71  55.92  4891400  55.92
2011-04-19  57.55  58.85  57.55  58.49  3703400  58.49
2011-04-18  57.44  57.68  57.11  57.45  1891300  57.45
2011-04-15  57.53  58.43  57.44  58.11  2554000  58.11
2011-04-14  56.98  57.52  56.88  57.32  1375900  57.32
2011-04-13  57.39  57.72  56.97  57.29  1685700  57.29
2011-04-12  56.89  57.36  56.66  57.14  2315400  57.14
2011-04-11  57.26  57.74  57.24  57.44  1553400  57.44
2011-04-08  57.59  57.8  56.86  57.16  1850700  57.16
2011-04-07  57.68  57.95  57.24  57.3  2026100  57.3
2011-04-06  58.46  58.47  57.56  57.69  1977000  57.69
2011-04-05  58.64  58.72  57.91  57.94  1455700  57.94
2011-04-04  58.49  58.96  58.33  58.87  1876400  58.87
2011-04-01  58.29  58.8  58.17  58.3  1815100  58.3
2011-03-31  58.12  58.37  58.03  58.21  2074200  58.21
2011-03-30  58.77  58.85  58.1  58.17  1020600  58.17
2011-03-29  57.96  58.51  57.65  58.48  1535300  58.48
2011-03-28  58.56  58.56  57.95  57.95  1090300  57.95
2011-03-25  58.44  58.49  58.01  58.34  1260000  58.34
2011-03-24  58.68  58.86  57.72  58.41  2287600  58.41
2011-03-23  58.85  58.85  57.71  58.56  1543300  58.56
2011-03-22  59.33  59.42  58.84  58.93  1278400  58.93
2011-03-21  59.34  59.45  59.11  59.21  1556100  59.21
2011-03-18  58.58  59.48  58.51  58.72  4045900  58.72
2011-03-17  58.33  58.76  57.65  57.83  1706600  57.83
2011-03-16  58.38  58.85  57.28  57.59  1787400  57.59
2011-03-15  57.97  58.94  57.46  58.62  2810700  58.62
2011-03-14  60.15  60.25  59.22  59.5  1613000  59.5
2011-03-11  60.14  60.3  59.73  60.15  1342500  60.15
2011-03-10  60.95  60.95  59.83  60.06  2714700  60.06
2011-03-09  61.72  62.09  61.03  61.43  2167500  61.43
2011-03-08  60.9  62.24  60.3  62.11  2342400  62.11
2011-03-07  61.07  61.47  60.02  60.43  2959100  60.43
2011-03-04  61.33  61.54  60.26  60.77  2008400  60.77
2011-03-03  60.51  61.63  60.26  61.62  2012400  61.62
2011-03-02  59.67  60.24  59.37  60.19  1478900  60.19
2011-03-01  60.38  60.57  59.41  59.63  2511800  59.63
2011-02-28  59.94  60.53  59.77  60.38  2206400  60.38
2011-02-25  58.75  60.2  58.71  60.19  1522700  60.19
2011-02-24  58.81  59.96  58.35  58.76  2301700  58.76
2011-02-23  59.74  59.97  58.66  58.95  2962500  58.95
2011-02-22  59.48  59.99  58.77  59.1  2357500  59.1
2011-02-18  58.13  60.19  57.77  60.13  3232500  60.13
2011-02-17  58.17  58.32  57.83  58.01  1829700  58.01
2011-02-16  57.78  58.75  57.52  58.25  1186100  58.25
2011-02-15  57.55  57.59  57.22  57.52  1036200  57.52
2011-02-14  57.62  57.84  57.29  57.74  929400  57.74
2011-02-11  56.91  57.63  56.9  57.48  1487800  57.48
2011-02-10  56.81  57.53  56.81  57.22  1687200  57.22
2011-02-09  56.93  57.14  56.32  57.08  1539200  57.08
2011-02-08  56.85  57.21  56.56  56.98  1980900  56.98
2011-02-07  55.93  57.34  55.93  56.77  2070400  56.77
2011-02-04  55.9  55.97  55.46  55.85  992000  55.85
2011-02-03  55.55  55.76  55.06  55.75  1209400  55.75
2011-02-02  55.66  55.88  55.4  55.55  1608900  55.55
2011-02-01  55.36  55.98  55.1  55.88  1465300  55.88
2011-01-31  54.81  55.0  54.23  54.94  1478500  54.94
2011-01-28  55.63  55.66  54.41  54.6  2199100  54.6
2011-01-27  55.34  56.21  55.27  55.47  3252900  55.47
2011-01-26  55.56  55.66  54.51  54.74  2317400  54.74
2011-01-25  54.92  55.77  54.69  55.71  2575900  55.71
2011-01-24  55.02  55.5  54.86  54.98  1786000  54.98
2011-01-21  55.26  55.95  54.96  55.03  3368300  55.03
2011-01-20  55.0  55.33  54.44  54.6  2203800  54.6
2011-01-19  55.68  56.18  54.74  54.96  2230600  54.96
2011-01-18  55.04  55.81  55.04  55.73  2058100  55.73
2011-01-14  55.02  55.26  54.79  55.19  1536200  55.19
2011-01-13  55.05  55.32  54.79  55.03  1955900  55.03
2011-01-12  55.76  55.8  55.04  55.18  2198300  55.18
2011-01-11  54.76  56.02  54.27  55.36  6795300  55.36
2011-01-10  51.65  52.28  51.6  52.21  1438500  52.21
2011-01-07  52.1  52.15  51.07  51.85  2636500  51.85
2011-01-06  52.02  52.38  51.22  52.15  2752700  52.15
2011-01-05  51.6  52.25  51.42  52.17  1447800  52.17
2011-01-04  52.0  52.21  51.52  51.89  1465600  51.89
2011-01-03  51.48  52.33  51.13  52.1  1763900  52.1
2010-12-31  51.48  51.6  51.12  51.26  804200  51.26
2010-12-30  51.54  51.72  51.37  51.62  751000  51.62
2010-12-29  51.68  51.92  51.54  51.64  990300  51.64
2010-12-28  51.36  51.56  51.05  51.42  748400  51.42
2010-12-27  50.94  51.57  50.9  51.38  958800  51.38
2010-12-23  51.61  51.61  51.01  51.09  1294800  51.09
2010-12-22  51.56  51.84  51.24  51.73  1294200  51.73
2010-12-21  52.19  52.26  51.52  51.54  1247700  51.54
2010-12-20  52.03  52.32  51.78  52.13  1454600  52.13
2010-12-17  51.71  51.94  51.41  51.88  1897700  51.88
2010-12-16  50.94  51.74  50.54  51.73  2385600  51.73
2010-12-15  50.98  51.38  50.88  50.94  2673400  50.94
2010-12-14  50.62  51.71  50.62  51.42  1477900  51.42
2010-12-13  50.63  50.76  50.28  50.5  1651200  50.5
2010-12-10  50.51  50.74  50.27  50.42  2560500  50.42
2010-12-09  49.86  50.53  49.68  50.42  2657400  50.42
2010-12-08  48.84  49.55  48.77  49.55  2188600  49.55
2010-12-07  49.43  49.6  48.75  48.78  3498400  48.78
2010-12-06  49.36  49.37  48.99  49.02  1288000  49.02
2010-12-03  48.66  49.59  48.66  49.57  1544400  49.57
2010-12-02  48.37  49.11  48.18  48.9  1344500  48.9
2010-12-01  48.31  48.76  48.0  48.47  2621400  48.47
2010-11-30  47.73  47.96  47.59  47.65  2244400  47.65
2010-11-29  48.43  48.52  47.74  48.3  2132400  48.3
2010-11-26  48.52  49.06  48.35  48.96  893800  48.96
2010-11-24  48.18  48.96  47.58  48.8  1300000  48.8
2010-11-23  48.4  48.51  48.11  48.4  1660900  48.4
2010-11-22  48.84  49.07  48.23  48.89  1206600  48.89
2010-11-19  48.91  49.21  48.79  49.13  1441700  49.13
2010-11-18  48.57  49.16  48.28  48.89  1271100  48.89
2010-11-17  48.14  48.43  48.02  48.11  1819100  48.11
2010-11-16  48.55  48.76  48.04  48.23  1826800  48.23
2010-11-15  49.14  49.46  48.75  48.92  2042000  48.92
2010-11-12  49.18  49.47  48.87  49.08  1777600  49.08
2010-11-11  48.88  49.86  48.87  49.65  2195000  49.65
2010-11-10  49.29  49.63  48.86  49.58  2003100  49.58
2010-11-09  49.73  50.15  49.42  49.63  2138200  49.63
2010-11-08  49.51  49.75  49.27  49.55  1724000  49.55
2010-11-05  49.1  50.19  49.07  49.88  2418200  49.88
2010-11-04  49.2  49.61  48.99  49.24  2445900  49.24
2010-11-03  47.58  48.99  47.57  48.76  4618600  48.76
2010-11-02  47.32  47.76  47.14  47.47  1631100  47.47
2010-11-01  47.21  47.45  46.6  46.91  2726500  46.91
2010-10-29  47.75  47.75  46.89  47.08  3189300  47.08
2010-10-28  46.76  48.32  46.33  47.76  3533800  47.76
2010-10-27  48.36  48.47  47.61  48.42  1880000  48.42
2010-10-26  48.48  48.85  48.02  48.74  2016400  48.74
2010-10-25  48.36  48.98  48.32  48.77  1919500  48.77
2010-10-22  48.81  48.92  48.04  48.13  1964500  48.13
2010-10-21  48.34  48.92  48.22  48.82  3604800  48.82
2010-10-20  50.26  50.42  47.6  48.11  5839700  48.11
2010-10-19  46.32  47.95  46.24  47.63  5012500  47.63
2010-10-18  46.9  48.18  46.9  48.05  3212700  48.05
2010-10-15  46.73  47.0  45.99  46.65  2844200  46.65
2010-10-14  46.91  47.21  46.18  46.45  2247500  46.45
2010-10-13  46.79  47.04  46.39  46.89  2813700  46.89
2010-10-12  47.1  47.25  45.78  46.66  6077300  46.66
2010-10-11  47.23  47.57  46.98  47.37  1514100  47.37
2010-10-08  47.34  47.66  47.06  47.26  2249900  47.26
2010-10-07  48.18  48.18  46.78  47.36  3061300  47.36
2010-10-06  48.09  48.32  47.83  47.99  1112000  47.99
2010-10-05  47.44  48.5  47.38  48.11  2204900  48.11
2010-10-04  47.43  47.85  46.72  46.97  1567800  46.97
2010-10-01  47.82  47.95  46.96  47.58  2476000  47.58
2010-09-30  47.85  48.4  47.48  47.61  2431900  47.61
2010-09-29  47.33  48.08  47.04  47.79  3454900  47.79
2010-09-28  46.64  47.77  46.22  47.67  3012500  47.67
2010-09-27  47.25  47.25  46.52  46.61  2027800  46.61
2010-09-24  45.82  47.15  45.76  47.14  2761800  47.14
2010-09-23  45.28  45.95  45.09  45.46  1696000  45.46
2010-09-22  45.97  46.23  45.37  45.54  2590200  45.54
2010-09-21  46.29  46.45  45.9  46.01  2209500  46.01
2010-09-20  45.76  46.3  45.72  46.23  2235000  46.23
2010-09-17  46.35  46.64  45.54  45.55  11000200  45.55
2010-09-16  46.51  46.51  45.89  46.23  3595600  46.23
2010-09-15  45.7  46.22  45.22  46.18  3269300  46.18
2010-09-14  44.87  46.3  44.21  45.9  4549400  45.9
2010-09-13  44.57  45.14  44.32  44.86  2270500  44.86
2010-09-10  43.84  44.38  43.42  44.26  2631600  44.26
2010-09-09  43.52  43.79  43.2  43.74  2481000  43.74
2010-09-08  43.67  43.67  42.95  43.13  2911800  43.13
2010-09-07  43.45  44.02  43.32  43.61  1696200  43.61
2010-09-03  43.7  43.89  42.98  43.71  2251000  43.71
2010-09-02  42.62  44.19  42.48  43.36  4330000  43.36
2010-09-01  41.27  42.46  41.27  42.34  2023300  42.34
2010-08-31  40.97  41.15  40.66  40.96  2219000  40.96
2010-08-30  41.77  41.77  41.28  41.3  2746000  41.3
2010-08-27  40.72  41.88  40.65  41.73  2468600  41.73
2010-08-26  40.94  41.04  40.65  40.67  2320500  40.67
2010-08-25  40.64  41.25  40.54  40.9  3817200  40.9
2010-08-24  43.21  43.21  40.9  40.97  5204900  40.97
2010-08-23  43.64  44.29  43.64  43.76  2144600  43.76
2010-08-20  43.2  43.57  42.83  43.45  2009300  43.45
2010-08-19  44.17  44.23  43.28  43.49  1953200  43.49
2010-08-18  44.16  44.89  43.53  44.44  1550600  44.44
2010-08-17  44.44  45.29  43.88  44.28  3666500  44.28
2010-08-16  43.94  44.22  43.66  44.09  1242300  44.09
2010-08-13  44.34  44.44  43.99  44.17  1235800  44.17
2010-08-12  43.59  44.42  43.59  44.26  1862700  44.26
2010-08-11  44.68  44.68  44.01  44.22  2664900  44.22
2010-08-10  45.27  45.38  44.89  45.17  1558600  45.17
2010-08-09  45.56  45.76  45.17  45.59  1190100  45.59
2010-08-06  45.02  45.5  44.69  45.5  1741300  45.5
2010-08-05  45.3  45.58  44.93  45.58  3398400  45.58
2010-08-04  45.36  45.77  45.19  45.45  1625200  45.45
2010-08-03  44.62  45.76  44.62  45.3  1937000  45.3
2010-08-02  44.64  45.43  44.5  45.14  2291000  45.14
2010-07-30  43.44  44.31  43.17  44.17  1841200  44.17
2010-07-29  44.63  44.96  43.49  43.77  2498600  43.77
2010-07-28  44.89  45.07  44.3  44.43  2347000  44.43
2010-07-27  44.92  45.21  44.8  45.04  2979800  45.04
2010-07-26  45.55  45.55  44.56  44.73  3499000  44.73
2010-07-23  44.66  45.52  44.49  45.36  3361900  45.36
2010-07-22  44.72  44.97  43.98  44.7  5039000  44.7
2010-07-21  46.64  47.19  44.18  44.34  8511500  44.34
2010-07-20  47.97  48.73  46.69  48.64  3213900  48.64
2010-07-19  48.63  49.08  48.18  48.87  1573700  48.87
2010-07-16  49.68  49.85  48.4  48.56  1805800  48.56
2010-07-15  50.27  50.36  49.39  49.85  1598900  49.85
2010-07-14  50.27  50.54  49.99  50.31  1532700  50.31
2010-07-13  49.73  50.5  49.68  50.38  1171400  50.38
2010-07-12  49.57  49.71  49.12  49.45  998200  49.45
2010-07-09  49.72  49.89  49.4  49.68  962700  49.68
2010-07-08  49.9  49.95  49.05  49.77  2674700  49.77
2010-07-07  47.94  49.58  47.9  49.56  1730000  49.56
2010-07-06  47.61  48.25  47.34  47.82  1592000  47.82
2010-07-02  47.27  47.64  46.87  47.31  1897000  47.31
2010-07-01  47.23  47.31  46.1  47.19  2948200  47.19
2010-06-30  47.41  48.12  47.18  47.48  1995800  47.48
2010-06-29  47.9  48.15  47.16  47.57  2444400  47.57
2010-06-28  47.23  48.79  47.06  48.41  2396700  48.41
2010-06-25  47.52  47.76  47.04  47.37  3624600  47.37
2010-06-24  48.29  48.38  47.31  47.47  2361300  47.47
2010-06-23  48.45  48.63  47.44  48.36  2388800  48.36
2010-06-22  48.92  49.27  48.16  48.17  1879700  48.17
2010-06-21  49.39  49.61  48.46  48.77  1814100  48.77
2010-06-18  49.03  49.26  48.78  49.0  2019800  49.0
2010-06-17  49.38  49.39  48.76  49.21  1749600  49.21
2010-06-16  48.52  49.53  48.48  49.39  2039600  49.39
2010-06-15  48.07  48.91  47.93  48.91  2056200  48.91
2010-06-14  47.98  48.48  47.69  47.7  2018900  47.7
2010-06-11  46.35  47.85  46.34  47.84  4198800  47.84
2010-06-10  47.41  47.51  46.1  46.67  4722700  46.67
2010-06-09  48.09  48.23  46.56  46.79  4328200  46.79
2010-06-08  47.95  48.17  47.2  47.81  2642000  47.81
2010-06-07  49.16  49.34  47.83  47.87  3053600  47.87
2010-06-04  50.48  50.48  48.98  49.14  2390700  49.14
2010-06-03  50.98  51.39  50.7  51.09  1760700  51.09
2010-06-02  49.68  50.79  49.35  50.79  1833900  50.79
2010-06-01  49.74  50.44  49.49  49.57  1737300  49.57
2010-05-28  50.43  50.8  50.05  50.14  1827000  50.14
2010-05-27  49.92  50.62  49.67  50.56  1372900  50.56
2010-05-26  50.15  50.47  49.31  49.35  2173800  49.35
2010-05-25  49.19  49.76  48.43  49.73  2327300  49.73
2010-05-24  49.72  50.81  49.46  50.29  2787700  50.29
2010-05-21  50.33  50.96  49.34  49.83  5263400  49.83
2010-05-20  52.01  52.01  50.41  50.95  4533600  50.95
2010-05-19  52.63  53.31  52.05  52.69  2236200  52.69
2010-05-18  54.09  54.16  52.83  52.87  1241100  52.87
2010-05-17  53.32  53.79  52.7  53.48  2337500  53.48
2010-05-14  54.57  54.57  52.62  53.39  3243900  53.39
2010-05-13  53.91  54.83  53.91  54.34  1787000  54.34
2010-05-12  53.86  54.11  53.38  54.11  1166700  54.11
2010-05-11  53.23  54.07  53.04  53.66  1849300  53.66
2010-05-10  53.35  53.78  52.54  53.77  2755400  53.77
2010-05-07  53.06  53.06  50.81  51.17  4881200  51.17
2010-05-06  53.81  54.16  50.92  53.19  4144300  53.19
2010-05-05  53.67  54.29  53.67  54.11  2073000  54.11
2010-05-04  55.48  55.58  53.82  54.32  3484700  54.32
2010-05-03  54.47  55.2  54.11  54.96  2187900  54.96
2010-04-30  55.64  55.72  54.27  54.31  2093600  54.31
2010-04-29  55.18  55.77  55.15  55.41  1302400  55.41
2010-04-28  54.39  55.18  54.19  54.92  1907600  54.92
2010-04-27  55.54  55.72  54.32  54.41  2400400  54.41
2010-04-26  55.91  56.47  55.52  55.61  2269200  55.61
2010-04-23  54.62  55.8  54.04  55.69  3247900  55.69
2010-04-22  54.25  54.67  53.67  54.58  1896300  54.58
2010-04-21  54.77  55.26  54.23  54.78  1997600  54.78
2010-04-20  54.57  55.53  54.42  55.27  2116500  55.27
2010-04-19  53.92  54.38  53.92  54.34  1627800  54.34
2010-04-16  54.9  55.09  53.75  54.13  1842500  54.13
2010-04-15  54.84  55.19  54.38  54.93  1513400  54.93
2010-04-14  54.1  54.68  53.78  54.57  1953300  54.57
2010-04-13  54.02  54.43  53.78  54.07  1950800  54.07
2010-04-12  54.5  54.79  54.2  54.5  1068500  54.5
2010-04-09  53.9  54.5  53.9  54.5  618800  54.5
2010-04-08  54.08  54.08  53.55  53.99  1087600  53.99
2010-04-07  54.67  54.78  53.8  54.06  1416900  54.06
2010-04-06  54.65  54.75  54.38  54.64  875400  54.64
2010-04-05  54.6  55.03  54.38  54.7  942200  54.7
2010-04-01  54.45  54.6  54.19  54.51  859200  54.51
2010-03-31  54.13  54.47  53.73  54.11  1251000  54.11
2010-03-30  54.21  54.48  53.95  54.38  1088000  54.38
2010-03-29  53.74  54.16  53.67  54.07  1123600  54.07
2010-03-26  54.53  54.54  53.57  53.62  1950700  53.62
2010-03-25  54.99  55.16  54.4  54.4  1713400  54.4
2010-03-24  54.59  54.92  54.11  54.66  2681700  54.66
2010-03-23  53.64  53.77  53.01  53.76  1365300  53.76
2010-03-22  53.02  54.0  53.02  53.62  1847500  53.62
2010-03-19  53.67  53.84  53.01  53.42  1804100  53.42
2010-03-18  52.88  53.45  52.84  53.44  1597100  53.44
2010-03-17  52.29  53.07  52.18  53.07  2233000  53.07
2010-03-16  52.39  52.39  51.93  52.28  1059200  52.28
2010-03-15  52.21  52.32  51.86  52.27  1033500  52.27
2010-03-12  52.58  52.58  51.37  52.09  2085600  52.09
2010-03-11  52.06  52.62  51.66  52.56  2422700  52.56
2010-03-10  51.82  52.25  51.58  52.15  1566300  52.15
2010-03-09  51.8  51.94  51.66  51.87  1329800  51.87
2010-03-08  51.97  52.1  51.83  51.92  1357300  51.92
2010-03-05  51.15  51.91  51.13  51.91  2263400  51.91
2010-03-04  50.94  51.11  50.73  50.98  1256500  50.98
2010-03-03  51.45  51.66  50.98  51.03  1447800  51.03
2010-03-02  50.87  51.65  50.85  51.36  1092100  51.36
2010-03-01  50.29  51.01  50.26  50.76  1031000  50.76
2010-02-26  49.97  50.39  49.75  50.08  1213900  50.08
2010-02-25  49.1  49.84  48.89  49.83  1332700  49.83
2010-02-24  49.92  49.94  49.48  49.88  1094700  49.88
2010-02-23  49.9  50.05  49.47  49.63  1249300  49.63
2010-02-22  50.32  50.41  49.95  50.07  1255300  50.07
2010-02-19  49.96  50.39  49.81  50.14  1227100  50.14
2010-02-18  49.98  50.3  49.8  50.21  1074800  50.21
2010-02-17  49.98  50.19  49.8  50.05  1117900  50.05
2010-02-16  49.28  49.81  49.1  49.8  1362300  49.8
2010-02-12  48.72  49.29  48.45  49.1  1657600  49.1
2010-02-11  48.49  49.41  48.24  49.2  1778500  49.2
2010-02-10  48.97  49.13  48.37  48.68  1461600  48.68
2010-02-09  49.01  49.47  48.6  48.96  1910200  48.96
2010-02-08  48.23  49.02  48.03  48.5  2219000  48.5
2010-02-05  48.09  48.32  47.02  48.16  3187300  48.16
2010-02-04  49.18  49.22  48.16  48.18  4333900  48.18
2010-02-03  50.0  50.0  49.44  49.55  1353700  49.55
2010-02-02  49.37  50.26  49.1  50.13  2113600  50.13
2010-02-01  49.25  49.25  48.66  49.23  1323800  49.23
2010-01-29  49.45  49.58  48.67  48.97  3632400  48.97
2010-01-28  49.95  50.17  48.82  49.22  3360100  49.22
2010-01-27  50.56  50.9  48.79  49.9  4063900  49.9
2010-01-26  51.21  51.91  50.84  51.46  2183300  51.46
2010-01-25  51.18  51.75  50.75  51.34  2314000  51.34
2010-01-22  51.36  52.05  50.91  50.97  2588900  50.97
2010-01-21  52.67  52.79  51.4  51.62  2411000  51.62
2010-01-20  53.59  54.11  52.43  52.75  2593100  52.75
2010-01-19  53.03  54.13  53.03  53.72  2577700  53.72
2010-01-15  52.79  52.85  52.27  52.84  2935500  52.84
2010-01-14  52.37  52.92  52.25  52.83  1627200  52.83
2010-01-13  52.02  52.48  51.9  52.32  1770600  52.32
2010-01-12  51.59  52.23  51.29  52.07  2884700  52.07
2010-01-11  52.59  52.68  51.86  52.11  2164800  52.11
2010-01-08  52.52  52.93  52.07  52.27  3535500  52.27
2010-01-07  50.32  52.21  50.32  52.11  4095500  52.11
2010-01-06  49.67  50.49  49.51  50.42  3250400  50.42
2010-01-05  49.36  49.7  48.98  49.66  2238300  49.66
2010-01-04  48.36  49.29  47.94  49.19  3982800  49.19
