Date  Open  High  Low  Close  Volume  Adj Close
2014-02-28  34.39  34.93  34.36  34.78  1600000  34.78
2014-02-27  33.94  34.38  33.84  34.37  2012100  34.37
2014-02-26  33.92  34.06  33.62  34.0  1735500  34.0
2014-02-25  33.86  33.99  33.62  33.86  1167800  33.86
2014-02-24  33.54  34.1  33.52  33.9  1355400  33.9
2014-02-21  33.62  33.71  33.39  33.55  1485200  33.55
2014-02-20  33.56  33.75  33.32  33.57  1361400  33.57
2014-02-19  33.71  34.15  33.46  33.49  1663300  33.49
2014-02-18  33.64  34.12  33.55  33.88  1290500  33.88
2014-02-14  33.4  33.74  33.31  33.54  1165500  33.54
2014-02-13  33.25  33.52  33.08  33.5  2082600  33.5
2014-02-12  33.24  33.7  33.21  33.65  1586600  33.65
2014-02-11  32.67  33.29  32.67  33.19  1314300  33.19
2014-02-10  32.94  33.06  32.44  32.9  2164400  32.9
2014-02-07  32.73  33.07  32.57  32.97  1470400  32.97
2014-02-06  31.92  32.7  31.74  32.66  2483300  32.66
2014-02-05  30.99  31.93  30.91  31.83  2824000  31.83
2014-02-04  30.79  31.49  30.76  31.3  1738200  31.3
2014-02-03  32.08  32.21  30.66  30.71  2020000  30.71
2014-01-31  32.0  32.6  32.0  32.2  1484300  32.2
2014-01-30  32.18  32.74  32.05  32.67  1148400  32.67
2014-01-29  31.82  32.3  31.73  31.85  1278100  31.85
2014-01-28  32.16  32.37  31.96  32.17  1637100  32.17
2014-01-27  32.06  32.32  31.63  32.0  1437500  32.0
2014-01-24  32.96  32.97  32.02  32.02  1803100  32.02
2014-01-23  33.85  33.95  33.07  33.13  1950500  33.13
2014-01-22  34.35  34.48  33.97  34.14  889900  34.14
2014-01-21  34.49  34.49  34.02  34.21  923800  34.21
2014-01-17  34.77  34.77  34.14  34.2  898800  34.2
2014-01-16  34.58  34.59  34.27  34.4  713300  34.4
2014-01-15  34.07  34.73  34.04  34.61  1667000  34.61
2014-01-14  33.99  34.13  33.5  34.05  1748000  34.05
2014-01-13  34.4  34.58  33.71  33.81  1027900  33.81
2014-01-10  34.94  34.96  34.45  34.57  845500  34.57
2014-01-09  34.63  34.92  34.46  34.91  1274200  34.91
2014-01-08  34.5  34.67  34.27  34.58  1319700  34.58
2014-01-07  34.34  34.52  34.21  34.37  775800  34.37
2014-01-06  34.34  34.4  33.98  34.14  1026800  34.14
2014-01-03  34.25  34.44  34.1  34.19  852700  34.19
2014-01-02  34.78  34.84  34.11  34.18  1205800  34.18
2013-12-31  34.88  35.0  34.76  34.92  861000  34.92
2013-12-30  34.94  35.0  34.73  34.79  786600  34.79
2013-12-27  35.08  35.24  34.74  34.92  931500  34.92
2013-12-26  34.9  35.07  34.67  35.0  972700  35.0
2013-12-24  34.54  34.8  34.46  34.7  611700  34.7
2013-12-23  34.54  34.79  34.4  34.6  1152800  34.6
2013-12-20  34.19  34.33  33.93  34.23  2186000  34.23
2013-12-19  34.47  34.6  34.06  34.14  2552800  34.14
2013-12-18  34.09  34.48  33.47  34.46  2614800  34.46
2013-12-17  33.91  34.01  33.75  33.89  1813000  33.89
2013-12-16  33.87  34.24  33.83  33.98  2517200  33.98
2013-12-13  33.84  34.16  33.55  33.76  1325200  33.76
2013-12-12  33.85  34.08  33.59  33.63  1789400  33.63
2013-12-11  34.15  34.24  33.88  33.95  1568700  33.95
2013-12-10  34.03  34.38  33.82  34.15  1117100  34.15
2013-12-09  34.22  34.43  34.03  34.15  1287100  34.15
2013-12-06  33.63  34.17  33.53  34.16  1594300  34.16
2013-12-05  33.61  33.87  32.99  33.21  2464000  33.21
2013-12-04  33.2  33.86  33.19  33.76  2887700  33.76
2013-12-03  33.3  33.31  32.99  33.2  1959800  33.2
2013-12-02  33.41  33.85  33.2  33.37  1116400  33.37
2013-11-29  33.6  33.73  33.39  33.42  535400  33.42
2013-11-27  33.74  33.78  33.39  33.55  853500  33.55
2013-11-26  33.82  33.89  33.5  33.61  915400  33.61
2013-11-25  33.84  33.88  33.65  33.74  678400  33.74
2013-11-22  33.5  33.84  33.39  33.78  1079000  33.78
2013-11-21  33.19  33.59  32.94  33.49  1020800  33.49
2013-11-20  33.15  33.4  32.85  33.01  978200  33.01
2013-11-19  33.18  33.25  32.94  33.06  1057500  33.06
2013-11-18  33.18  33.53  33.09  33.16  898700  33.16
2013-11-15  32.98  33.17  32.64  33.16  1338800  33.16
2013-11-14  32.78  33.08  32.59  33.07  1294800  33.07
2013-11-13  32.42  32.8  32.19  32.65  2020400  32.65
2013-11-12  32.74  32.91  32.49  32.6  1075400  32.6
2013-11-11  33.0  33.0  32.47  32.8  1274700  32.8
2013-11-08  31.88  33.59  31.84  33.01  3432400  33.01
2013-11-07  32.37  32.59  31.78  31.81  1659200  31.81
2013-11-06  32.25  32.51  32.05  32.2  1649000  32.2
2013-11-05  32.85  32.85  32.09  32.43  3248200  32.43
2013-11-04  31.43  31.78  31.29  31.62  2511400  31.62
2013-11-01  31.65  31.71  31.34  31.37  1731500  31.37
2013-10-31  31.54  31.77  31.33  31.6  1409900  31.6
2013-10-30  31.75  31.88  31.49  31.62  1379700  31.62
2013-10-29  31.36  31.73  31.28  31.71  864800  31.71
2013-10-28  31.19  31.5  31.07  31.25  1268700  31.25
2013-10-25  31.16  31.3  31.08  31.21  740800  31.21
2013-10-24  31.09  31.23  30.75  31.16  842000  31.16
2013-10-23  31.31  31.43  30.81  30.88  1578700  30.88
2013-10-22  31.66  32.13  31.36  31.4  1827300  31.4
2013-10-21  31.66  31.75  31.48  31.56  1011100  31.56
2013-10-18  31.74  31.78  31.31  31.63  1145200  31.63
2013-10-17  31.36  31.75  31.27  31.62  1222900  31.62
2013-10-16  31.05  31.61  30.9  31.57  1198700  31.57
2013-10-15  31.24  31.34  30.8  30.83  1072500  30.83
2013-10-14  30.37  31.07  30.17  30.99  1613400  30.99
2013-10-11  30.01  30.64  30.0  30.56  1611600  30.56
2013-10-10  29.72  30.02  29.71  30.02  2600500  30.02
2013-10-09  29.61  29.66  29.18  29.25  2518400  29.25
2013-10-08  30.04  30.06  29.48  29.52  1143900  29.52
2013-10-07  30.14  30.24  29.9  30.0  1038100  30.0
2013-10-04  29.93  30.48  29.79  30.45  885400  30.45
2013-10-03  30.03  30.06  29.51  29.88  1354400  29.88
2013-10-02  30.32  30.32  29.93  30.16  1516100  30.16
2013-10-01  30.13  30.55  30.08  30.55  1044700  30.55
2013-09-30  29.91  30.29  29.82  30.16  1184600  30.16
2013-09-27  30.47  30.58  30.26  30.34  1178700  30.34
2013-09-26  30.64  30.91  30.44  30.67  1147500  30.67
2013-09-25  30.27  30.65  30.16  30.52  1126700  30.52
2013-09-24  30.04  30.54  29.97  30.2  1207700  30.2
2013-09-23  30.04  30.22  29.77  30.05  1774000  30.05
2013-09-20  30.14  30.49  29.96  29.98  2328800  29.98
2013-09-19  31.09  31.09  30.07  30.14  2774300  30.14
2013-09-18  31.13  31.45  30.95  31.0  1822800  31.0
2013-09-17  30.99  31.14  30.88  31.12  889500  31.12
2013-09-16  31.15  31.16  30.9  30.99  861300  30.99
2013-09-13  30.86  30.93  30.62  30.71  703500  30.71
2013-09-12  31.16  31.16  30.64  30.74  1153600  30.74
2013-09-11  30.69  31.37  30.51  31.17  1813700  31.17
2013-09-10  30.67  30.8  30.56  30.75  1383000  30.75
2013-09-09  30.09  30.37  30.04  30.37  1405100  30.37
2013-09-06  30.31  30.39  29.67  29.98  1614300  29.98
2013-09-05  30.12  30.42  30.05  30.21  1719200  30.21
2013-09-04  29.52  30.47  29.52  30.12  2128300  30.12
2013-09-03  29.7  30.17  29.23  29.47  1781000  29.47
2013-08-30  29.53  29.53  29.12  29.26  1358500  29.26
2013-08-29  29.18  29.7  29.09  29.48  1073800  29.48
2013-08-28  28.96  29.41  28.94  29.23  1339200  29.23
2013-08-27  29.5  29.57  28.87  28.96  3316400  28.96
2013-08-26  29.97  30.14  29.8  29.8  1372900  29.8
2013-08-23  30.1  30.1  29.62  29.87  1303900  29.87
2013-08-22  29.36  30.14  29.28  30.02  1279600  30.02
2013-08-21  29.23  29.58  29.03  29.23  1813500  29.23
2013-08-20  29.19  29.39  28.99  29.28  2134700  29.28
2013-08-19  29.34  29.35  28.92  29.15  2006800  29.15
2013-08-16  28.99  29.5  28.99  29.34  1451500  29.34
2013-08-15  29.32  29.32  28.94  29.12  1379800  29.12
2013-08-14  29.65  29.67  29.28  29.56  1832600  29.56
2013-08-13  29.51  29.72  29.34  29.72  2425800  29.72
2013-08-12  29.9  29.91  29.32  29.36  2911000  29.36
2013-08-09  30.23  30.32  29.95  30.04  2048000  30.04
2013-08-08  30.39  30.56  30.0  30.28  1550200  30.28
2013-08-07  30.49  30.53  29.94  30.16  2835700  30.16
2013-08-06  32.16  32.26  30.41  30.64  3973000  30.64
2013-08-05  32.23  32.23  31.83  32.05  1875800  32.05
2013-08-02  32.42  32.42  32.1  32.24  1420300  32.24
2013-08-01  31.75  32.64  31.75  32.6  1796100  32.6
2013-07-31  31.06  31.65  30.94  31.35  2421100  31.35
2013-07-30  31.32  31.41  30.96  31.09  1327000  31.09
2013-07-29  31.3  31.4  30.97  31.14  736800  31.14
2013-07-26  31.08  31.3  30.95  31.29  1375200  31.29
2013-07-25  31.16  31.44  30.95  31.27  1129200  31.27
2013-07-24  31.47  31.57  31.12  31.15  2186300  31.15
2013-07-23  31.5  31.55  31.23  31.34  786400  31.34
2013-07-22  31.04  31.32  31.01  31.32  881800  31.32
2013-07-19  31.34  31.34  30.76  31.03  1219200  31.03
2013-07-18  30.85  31.34  30.82  31.29  1178300  31.29
2013-07-17  30.89  30.89  30.38  30.72  1340500  30.72
2013-07-16  31.08  31.22  30.66  30.82  1192900  30.82
2013-07-15  31.02  31.14  30.89  30.99  1191700  30.99
2013-07-12  31.02  31.18  30.9  31.14  1364300  31.14
2013-07-11  31.43  31.53  30.81  30.96  1488800  30.96
2013-07-10  30.95  31.12  30.74  31.04  1657700  31.04
2013-07-09  30.58  31.01  30.49  30.99  2060900  30.99
2013-07-08  30.23  30.44  30.18  30.31  1183100  30.31
2013-07-05  29.59  30.07  29.54  30.06  1212200  30.06
2013-07-03  29.19  29.4  29.11  29.26  717100  29.26
2013-07-02  29.31  29.57  29.25  29.43  1795400  29.43
2013-07-01  29.2  29.48  29.17  29.33  1561800  29.33
2013-06-28  29.29  29.3  28.96  28.97  2394500  28.97
2013-06-27  29.05  29.51  29.0  29.39  1670900  29.39
2013-06-26  28.63  28.91  28.47  28.85  2393800  28.85
2013-06-25  28.3  28.49  28.02  28.36  3369200  28.36
2013-06-24  28.43  28.62  27.99  28.12  4953400  28.12
2013-06-21  28.77  29.2  28.61  28.82  6022100  28.82
2013-06-20  27.64  28.73  27.52  28.5  3738500  28.5
2013-06-19  28.25  28.43  27.95  27.95  1535100  27.95
2013-06-18  28.06  28.38  28.03  28.31  1035500  28.31
2013-06-17  27.52  28.06  27.51  27.97  1943800  27.97
2013-06-14  27.87  28.03  27.34  27.38  1444600  27.38
2013-06-13  27.57  28.07  27.39  28.0  1382500  28.0
2013-06-12  28.04  28.08  27.45  27.63  1739800  27.63
2013-06-11  27.83  28.26  27.73  27.82  1324500  27.82
2013-06-10  28.47  28.63  28.17  28.23  1848300  28.23
2013-06-07  27.95  28.4  27.71  28.36  1894200  28.36
2013-06-06  27.16  27.69  26.94  27.69  2284600  27.69
2013-06-05  27.71  27.71  27.02  27.11  2242600  27.11
2013-06-04  28.1  28.35  27.65  27.79  1747300  27.79
2013-06-03  28.1  28.21  27.45  28.12  1968200  28.12
2013-05-31  28.3  28.82  28.09  28.09  2071000  28.09
2013-05-30  27.93  28.65  27.85  28.48  1916600  28.48
2013-05-29  27.13  28.08  27.08  27.87  2353700  27.87
2013-05-28  27.24  27.63  27.11  27.39  1753200  27.39
2013-05-24  26.95  26.96  26.48  26.82  2138900  26.82
2013-05-23  26.92  27.34  26.78  27.18  2126300  27.18
2013-05-22  27.57  27.81  27.09  27.21  3670600  27.21
2013-05-21  27.82  27.9  27.41  27.58  2801100  27.58
2013-05-20  28.01  28.1  27.63  27.78  2327100  27.78
2013-05-17  27.87  28.13  27.86  28.06  2044900  28.06
2013-05-16  28.28  28.28  27.59  27.8  4041100  27.8
2013-05-15  28.31  28.58  28.2  28.55  1198800  28.55
2013-05-14  27.92  28.33  27.92  28.32  1545600  28.32
2013-05-13  27.69  27.92  27.57  27.92  2049800  27.92
2013-05-10  27.68  27.77  27.49  27.71  1280000  27.71
2013-05-09  27.79  27.85  27.53  27.66  1572000  27.66
2013-05-08  27.58  27.96  27.5  27.78  2272900  27.78
2013-05-07  27.36  27.8  27.3  27.59  2498600  27.59
2013-05-06  26.7  27.29  26.64  27.2  2918600  27.2
2013-05-03  27.45  27.67  27.01  27.06  2782100  27.06
2013-05-02  26.95  27.17  26.34  27.14  1515300  27.14
2013-05-01  27.25  27.63  26.79  26.8  1825700  26.8
2013-04-30  27.16  27.52  26.96  27.51  1568800  27.51
2013-04-29  26.99  27.25  26.81  27.15  948100  27.15
2013-04-26  27.19  27.22  26.76  26.86  1048100  26.86
2013-04-25  26.99  27.25  26.79  27.2  1907400  27.2
2013-04-24  26.69  26.95  26.58  26.81  1466900  26.81
2013-04-23  26.15  26.72  26.07  26.56  2153200  26.56
2013-04-22  25.98  25.98  25.56  25.96  1531900  25.96
2013-04-19  25.53  25.91  25.43  25.89  1495200  25.89
2013-04-18  25.71  25.75  25.25  25.39  2264500  25.39
2013-04-17  26.05  26.11  25.52  25.66  2676300  25.66
2013-04-16  26.16  26.38  26.01  26.31  1779600  26.31
2013-04-15  26.89  26.91  25.92  25.92  1990300  25.92
2013-04-12  26.78  27.0  26.62  26.96  2033400  26.96
2013-04-11  26.95  27.11  26.77  26.96  1836300  26.96
2013-04-10  26.38  26.94  26.27  26.91  2733900  26.91
2013-04-09  25.99  26.28  25.78  26.22  2281600  26.22
2013-04-08  25.91  26.14  25.55  25.96  2566200  25.96
2013-04-05  26.09  26.14  25.08  25.78  5539800  25.78
2013-04-04  26.71  26.87  26.4  26.48  2645300  26.48
2013-04-03  27.07  27.21  26.55  26.64  3170800  26.64
2013-04-02  27.68  27.73  27.38  27.47  2357100  27.47
2013-04-01  27.74  27.82  27.49  27.53  1600400  27.53
2013-03-28  27.51  27.82  27.5  27.73  4057500  27.73
2013-03-27  27.29  27.58  27.22  27.55  2283000  27.55
2013-03-26  27.25  27.67  27.21  27.55  2843800  27.55
2013-03-25  27.14  27.14  26.85  27.08  2438800  27.08
2013-03-22  26.96  26.99  26.75  26.99  2195600  26.99
2013-03-21  26.95  27.06  26.65  26.79  2705800  26.79
2013-03-20  27.06  27.22  26.88  27.08  1894100  27.08
2013-03-19  26.72  27.05  26.72  26.94  3458600  26.94
2013-03-18  26.65  27.21  26.58  26.86  3273300  26.86
2013-03-15  27.21  27.33  26.99  27.22  4189300  27.22
2013-03-14  26.98  27.36  26.97  27.3  2857900  27.3
2013-03-13  26.54  26.97  26.54  26.94  2849000  26.94
2013-03-12  26.51  26.66  26.34  26.49  3188700  26.49
2013-03-11  25.99  26.67  25.95  26.57  3807300  26.57
2013-03-08  25.81  26.04  25.77  26.02  2454500  26.02
2013-03-07  25.65  25.75  25.45  25.65  2552400  25.65
2013-03-06  25.31  25.65  25.25  25.58  2699400  25.58
2013-03-05  24.81  25.26  24.81  25.18  4380900  25.18
2013-03-04  24.05  24.82  23.97  24.76  4306100  24.76
2013-03-01  23.88  24.24  23.56  24.16  2765800  24.16
2013-02-28  23.88  24.16  23.73  24.02  3724100  24.02
2013-02-27  23.35  23.99  23.32  23.94  2209100  23.94
2013-02-26  23.38  23.45  23.14  23.33  3370600  23.33
2013-02-25  23.94  23.99  23.25  23.27  2758400  23.27
2013-02-22  23.69  23.86  23.62  23.8  1510100  23.8
2013-02-21  23.69  23.72  23.38  23.53  2156900  23.53
2013-02-20  24.27  24.33  23.74  23.8  2722900  23.8
2013-02-19  24.08  24.4  24.03  24.34  2251100  24.34
2013-02-15  24.0  24.16  23.95  24.01  1918300  24.01
2013-02-14  23.91  24.08  23.79  23.95  1769200  23.95
2013-02-13  23.91  24.27  23.91  24.04  2981000  24.04
2013-02-12  23.73  23.79  23.61  23.73  1509200  23.73
2013-02-11  23.55  23.77  23.48  23.73  1482800  23.73
2013-02-08  23.3  23.65  23.28  23.62  2163100  23.62
2013-02-07  23.42  23.48  23.05  23.2  2140900  23.2
2013-02-06  22.6  23.68  22.6  23.42  4069600  23.42
2013-02-05  22.74  23.07  22.7  23.07  2677900  23.07
2013-02-04  22.76  22.82  22.52  22.52  2149600  22.52
2013-02-01  23.07  23.17  22.95  22.95  1720900  22.95
2013-01-31  22.61  22.92  22.54  22.88  2137600  22.88
2013-01-30  22.87  22.91  22.58  22.6  2351200  22.6
2013-01-29  22.75  22.99  22.64  22.91  1973200  22.91
2013-01-28  22.87  22.95  22.69  22.73  1469200  22.73
2013-01-25  22.76  22.94  22.53  22.86  2390800  22.86
2013-01-24  22.63  22.84  22.59  22.71  1866300  22.71
2013-01-23  22.45  22.62  22.39  22.6  3015100  22.6
2013-01-22  21.94  22.31  21.91  22.31  1330300  22.31
2013-01-18  22.05  22.13  21.81  21.96  1670100  21.96
2013-01-17  21.69  22.27  21.62  21.97  2370300  21.97
2013-01-16  21.6  21.67  21.45  21.6  1069100  21.6
2013-01-15  21.55  21.69  21.52  21.68  1021300  21.68
2013-01-14  21.64  21.73  21.48  21.71  1398500  21.71
2013-01-11  21.61  21.68  21.43  21.68  1721600  21.68
2013-01-10  21.34  21.66  21.3  21.59  1943300  21.59
2013-01-09  21.44  21.5  21.12  21.24  1043300  21.24
2013-01-08  21.13  21.18  20.95  21.09  1342900  21.09
2013-01-07  21.27  21.3  21.12  21.25  1091800  21.25
2013-01-04  21.16  21.45  21.15  21.37  1389100  21.37
2013-01-03  20.96  21.15  20.88  21.13  1629600  21.13
2013-01-02  20.72  20.95  20.68  20.95  1557300  20.95
2012-12-31  20.0  20.33  19.91  20.32  1929300  20.32
2012-12-28  20.09  20.21  20.01  20.06  1283600  20.06
2012-12-27  20.31  20.36  19.94  20.22  1843600  20.22
2012-12-26  20.36  20.45  20.2  20.27  1205900  20.27
2012-12-24  20.37  20.58  20.26  20.33  596200  20.33
2012-12-21  20.46  20.55  20.26  20.37  2957300  20.37
2012-12-20  20.44  20.64  20.37  20.64  2091600  20.64
2012-12-19  20.74  20.74  20.47  20.47  2040700  20.47
2012-12-18  20.35  20.76  20.31  20.75  2194300  20.75
2012-12-17  20.4  20.66  20.16  20.39  3381400  20.39
2012-12-14  20.28  20.46  19.95  20.33  1833400  20.33
2012-12-13  20.54  20.74  20.35  20.36  1835200  20.36
2012-12-12  20.49  20.84  20.31  20.59  2263000  20.59
2012-12-11  20.54  20.54  20.29  20.36  1667700  20.36
2012-12-10  20.27  20.48  20.02  20.47  1525700  20.47
2012-12-07  20.22  20.33  20.07  20.33  1834200  20.33
2012-12-06  20.2  20.23  20.02  20.17  1122600  20.17
2012-12-05  20.01  20.23  19.97  20.19  1504900  20.19
2012-12-04  19.97  20.06  19.86  19.94  3065600  19.94
2012-12-03  20.02  20.09  19.93  19.95  2255700  19.95
2012-11-30  19.92  20.02  19.77  19.9  2346000  19.9
2012-11-29  19.91  20.0  19.8  19.9  1770900  19.9
2012-11-28  19.54  19.85  19.52  19.83  1593400  19.83
2012-11-27  19.81  19.93  19.63  19.68  2534200  19.68
2012-11-26  19.61  19.84  19.6  19.84  1801900  19.84
2012-11-23  19.49  19.75  19.43  19.75  390900  19.75
2012-11-21  19.35  19.43  19.2  19.41  1212400  19.41
2012-11-20  19.24  19.39  19.09  19.34  1843400  19.34
2012-11-19  19.24  19.39  19.16  19.31  1869800  19.31
2012-11-16  18.83  19.04  18.58  19.01  2205400  19.01
2012-11-15  18.74  18.94  18.69  18.88  1788600  18.88
2012-11-14  19.04  19.08  18.66  18.72  1810900  18.72
2012-11-13  18.86  19.29  18.83  18.96  2509200  18.96
2012-11-12  19.28  19.28  18.97  19.06  1139400  19.06
2012-11-09  19.02  19.32  18.93  19.19  1699600  19.19
2012-11-08  19.6  19.77  19.11  19.11  2208400  19.11
2012-11-07  20.15  20.22  19.5  19.57  2632000  19.57
2012-11-06  20.15  20.61  20.03  20.41  2061900  20.41
2012-11-05  19.99  20.18  19.79  20.09  1366400  20.09
2012-11-02  20.12  20.29  19.85  20.16  2794000  20.16
2012-11-01  19.88  20.35  19.81  20.03  3464700  20.03
2012-10-31  19.92  19.96  19.62  19.8  2830100  19.8
2012-10-26  20.02  20.13  19.76  19.93  1848500  19.93
2012-10-25  19.83  20.13  19.8  20.03  1536800  20.03
2012-10-24  19.91  19.97  19.77  19.82  1720100  19.82
2012-10-23  19.68  19.93  19.64  19.84  2977000  19.84
2012-10-22  19.44  19.97  19.21  19.96  1814300  19.96
2012-10-19  20.17  20.24  19.8  19.86  3973500  19.86
2012-10-18  20.02  20.2  19.98  20.18  2184800  20.18
2012-10-17  19.79  20.06  19.73  20.05  3157800  20.05
2012-10-16  19.38  19.71  19.32  19.7  4352700  19.7
2012-10-15  19.32  19.32  19.09  19.22  1614900  19.22
2012-10-12  19.32  19.34  19.04  19.16  1332500  19.16
2012-10-11  19.14  19.38  19.02  19.33  2301100  19.33
2012-10-10  19.2  19.2  18.88  18.96  2626000  18.96
2012-10-09  19.26  19.34  19.1  19.18  1866400  19.18
2012-10-08  19.25  19.34  19.12  19.26  1495900  19.26
2012-10-05  19.46  19.6  19.32  19.38  2258100  19.38
2012-10-04  18.96  19.27  18.93  19.27  1725700  19.27
2012-10-03  18.99  19.03  18.76  18.89  1722700  18.89
2012-10-02  18.94  18.99  18.77  18.95  1839200  18.95
2012-10-01  18.77  19.09  18.71  18.9  2717600  18.9
2012-09-28  18.75  18.77  18.6  18.64  2666300  18.64
2012-09-27  18.8  18.93  18.61  18.85  2213700  18.85
2012-09-26  18.67  18.73  18.4  18.67  3437300  18.67
2012-09-25  19.24  19.29  18.72  18.73  2536900  18.73
2012-09-24  19.24  19.39  19.13  19.22  2218800  19.22
2012-09-21  19.67  19.67  19.26  19.29  2696900  19.29
2012-09-20  19.55  19.56  19.32  19.45  2413300  19.45
2012-09-19  19.76  19.83  19.62  19.67  1730000  19.67
2012-09-18  19.84  19.85  19.65  19.75  1235300  19.75
2012-09-17  20.29  20.29  19.88  19.93  2164500  19.93
2012-09-14  19.99  20.29  19.77  20.29  4279500  20.29
2012-09-13  19.42  19.77  19.27  19.76  2685200  19.76
2012-09-12  19.67  19.7  19.41  19.48  2304800  19.48
2012-09-11  19.37  19.61  19.37  19.55  1780600  19.55
2012-09-10  19.47  19.55  19.34  19.35  2193100  19.35
2012-09-07  19.39  19.58  19.34  19.51  2361000  19.51
2012-09-06  18.95  19.39  18.91  19.33  4302500  19.33
2012-09-05  18.91  18.96  18.78  18.82  2035400  18.82
2012-09-04  18.92  19.01  18.77  18.91  3088100  18.91
2012-08-31  18.78  19.08  18.76  18.92  4148800  18.92
2012-08-30  18.67  18.74  18.59  18.69  3116200  18.69
2012-08-29  18.52  18.75  18.42  18.74  2292800  18.74
2012-08-28  18.44  18.6  18.44  18.47  2155000  18.47
2012-08-27  18.73  18.8  18.48  18.54  1891600  18.54
2012-08-24  18.65  18.8  18.55  18.63  2186700  18.63
2012-08-23  18.7  18.84  18.62  18.74  3145100  18.74
2012-08-22  18.99  19.08  18.62  18.74  2449600  18.74
2012-08-21  19.04  19.19  18.95  19.01  3195500  19.01
2012-08-20  18.83  19.02  18.67  19.01  2288600  19.01
2012-08-17  19.06  19.13  18.78  18.82  2011500  18.82
2012-08-16  18.91  19.05  18.73  19.05  1966500  19.05
2012-08-15  18.76  18.91  18.71  18.86  1714600  18.86
2012-08-14  18.85  19.01  18.73  18.82  2675600  18.82
2012-08-13  18.81  18.86  18.68  18.81  2945900  18.81
2012-08-10  18.7  18.87  18.61  18.86  3346800  18.86
2012-08-09  18.54  18.78  18.47  18.78  3571900  18.78
2012-08-08  18.51  18.65  18.43  18.54  2287200  18.54
2012-08-07  18.46  18.76  18.46  18.59  2342100  18.59
2012-08-06  18.67  18.73  18.37  18.39  2783800  18.39
2012-08-03  18.47  18.85  18.44  18.6  3830300  18.6
2012-08-02  18.04  18.84  17.84  18.14  5517100  18.14
2012-08-01  18.42  18.5  17.91  18.04  2094400  18.04
2012-07-31  18.44  18.5  18.31  18.32  1721500  18.32
2012-07-30  18.32  18.52  18.32  18.43  1377700  18.43
2012-07-27  18.16  18.51  18.09  18.38  2288200  18.38
2012-07-26  18.15  18.17  17.88  18.02  2323100  18.02
2012-07-25  17.74  18.01  17.71  17.84  2471500  17.84
2012-07-24  17.99  18.16  17.6  17.68  3604400  17.68
2012-07-23  17.9  18.14  17.79  18.06  1962500  18.06
2012-07-20  18.47  18.6  18.23  18.25  1814400  18.25
2012-07-19  18.78  18.87  18.63  18.66  2510200  18.66
2012-07-18  18.25  18.8  18.23  18.72  3886400  18.72
2012-07-17  18.43  18.44  17.94  18.22  3581800  18.22
2012-07-16  18.64  18.65  18.35  18.47  2064200  18.47
2012-07-13  18.2  18.72  18.2  18.7  2190000  18.7
2012-07-12  18.27  18.34  18.07  18.2  2135100  18.2
2012-07-11  18.23  18.55  18.18  18.46  2803200  18.46
2012-07-10  18.5  18.54  18.16  18.25  2125000  18.25
2012-07-09  18.43  18.49  18.26  18.38  1611500  18.38
2012-07-06  18.44  18.58  18.36  18.49  2127200  18.49
2012-07-05  18.84  18.91  18.62  18.71  2529400  18.71
2012-07-03  18.6  18.89  18.58  18.86  1567500  18.86
2012-07-02  18.53  18.67  18.34  18.66  2967600  18.66
2012-06-29  18.64  18.64  18.32  18.42  3866200  18.42
2012-06-28  17.95  18.22  17.79  18.2  3207900  18.2
2012-06-27  18.08  18.27  17.96  18.11  2261300  18.11
2012-06-26  17.85  18.17  17.78  18.04  3514300  18.04
2012-06-25  18.29  18.29  17.7  17.84  3665600  17.84
2012-06-22  18.58  18.68  18.47  18.55  2770300  18.55
2012-06-21  19.08  19.2  18.44  18.46  2735600  18.46
2012-06-20  18.72  19.34  18.68  19.07  4253100  19.07
2012-06-19  18.65  18.78  18.59  18.68  2939300  18.68
2012-06-18  18.66  18.71  18.51  18.55  3072800  18.55
2012-06-15  18.52  18.79  18.44  18.79  3441300  18.79
2012-06-14  18.54  18.68  18.38  18.39  3769600  18.39
2012-06-13  18.66  18.89  18.38  18.45  5072100  18.45
2012-06-12  18.82  18.9  18.59  18.72  3487200  18.72
2012-06-11  19.26  19.29  18.74  18.77  2266100  18.77
2012-06-08  18.94  19.08  18.69  19.06  2544800  19.06
2012-06-07  19.37  19.53  19.02  19.05  5074600  19.05
2012-06-06  18.63  19.13  18.52  19.13  3439600  19.13
2012-06-05  18.32  18.63  18.28  18.44  2804700  18.44
2012-06-04  18.61  18.62  18.27  18.35  2374100  18.35
2012-06-01  18.78  18.88  18.55  18.59  3932800  18.59
2012-05-31  19.08  19.36  18.98  19.21  2813300  19.21
2012-05-30  19.29  19.35  19.07  19.12  1516000  19.12
2012-05-29  19.58  19.63  19.34  19.51  1720200  19.51
2012-05-25  19.46  19.52  19.27  19.39  2047100  19.39
2012-05-24  19.48  19.55  19.19  19.45  2413300  19.45
2012-05-23  19.31  19.45  19.04  19.39  4382100  19.39
2012-05-22  19.6  19.77  19.35  19.48  2177500  19.48
2012-05-21  19.17  19.5  19.11  19.46  2969900  19.46
2012-05-18  19.31  19.43  19.1  19.17  3205600  19.17
2012-05-17  19.75  19.82  19.26  19.26  4103100  19.26
2012-05-16  20.43  20.45  19.77  19.78  3325600  19.78
2012-05-15  20.5  20.55  20.22  20.27  2275000  20.27
2012-05-14  20.6  20.72  20.51  20.54  2521900  20.54
2012-05-11  20.74  21.04  20.32  20.87  2520200  20.87
2012-05-10  20.84  21.18  20.83  20.96  3727500  20.96
2012-05-09  20.87  21.21  20.82  20.98  3446200  20.98
2012-05-08  21.05  21.26  20.97  21.12  2328800  21.12
2012-05-07  21.13  21.34  21.08  21.23  3663300  21.23
2012-05-04  21.49  21.65  21.02  21.22  3114900  21.22
2012-05-03  21.97  22.0  21.47  21.64  5868600  21.64
2012-05-02  21.66  22.16  21.52  22.04  5719800  22.04
2012-05-01  22.92  23.11  22.65  22.85  2598200  22.85
2012-04-30  23.01  23.06  22.8  22.86  2031800  22.86
2012-04-27  22.97  23.11  22.85  23.02  1561800  23.02
2012-04-26  22.87  22.99  22.63  22.87  1898600  22.87
2012-04-25  22.69  22.92  22.49  22.88  1981100  22.88
2012-04-24  22.24  22.59  22.22  22.48  2059100  22.48
2012-04-23  22.18  22.22  21.98  22.18  3719600  22.18
2012-04-20  22.56  22.65  22.34  22.4  2191200  22.4
2012-04-19  22.62  22.76  22.45  22.58  1701600  22.58
2012-04-18  22.72  22.76  22.45  22.55  1423600  22.55
2012-04-17  22.75  22.91  22.61  22.84  1923300  22.84
2012-04-16  22.5  22.68  22.24  22.57  2089400  22.57
2012-04-13  22.62  22.66  22.29  22.31  1683100  22.31
2012-04-12  22.31  22.75  22.16  22.72  1259900  22.72
2012-04-11  22.34  22.4  22.2  22.31  1223600  22.31
2012-04-10  22.49  22.52  22.08  22.12  1926600  22.12
2012-04-09  22.78  22.8  22.48  22.52  1874100  22.52
2012-04-05  23.08  23.23  22.96  23.11  1680400  23.11
2012-04-04  23.22  23.35  23.07  23.19  2404000  23.19
2012-04-03  23.52  23.59  23.27  23.43  2526400  23.43
2012-04-02  23.4  23.75  23.31  23.57  3949400  23.57
2012-03-30  23.58  23.61  23.34  23.47  2222200  23.47
2012-03-29  23.43  23.5  23.1  23.43  2299500  23.43
2012-03-28  23.38  23.69  23.32  23.66  3193500  23.66
2012-03-27  23.4  23.59  23.32  23.44  2469500  23.44
2012-03-26  23.22  23.37  23.11  23.34  1849500  23.34
2012-03-23  22.82  23.0  22.73  22.96  1761100  22.96
2012-03-22  23.05  23.05  22.81  22.86  1468700  22.86
2012-03-21  23.41  23.46  23.08  23.19  1142800  23.19
2012-03-20  23.11  23.43  22.96  23.31  1473500  23.31
2012-03-19  23.41  23.62  23.2  23.2  2247900  23.2
2012-03-16  23.63  23.78  23.4  23.43  2382800  23.43
2012-03-15  23.3  23.67  23.11  23.63  2809000  23.63
2012-03-14  23.15  23.33  23.06  23.16  2351300  23.16
2012-03-13  22.82  23.24  22.78  23.2  2733200  23.2
2012-03-12  22.8  22.84  22.61  22.73  1393300  22.73
2012-03-09  22.54  22.89  22.43  22.78  2087100  22.78
2012-03-08  22.37  22.58  22.18  22.52  4023100  22.52
2012-03-07  22.14  22.27  22.06  22.26  2033400  22.26
2012-03-06  22.29  22.37  22.03  22.07  2850400  22.07
2012-03-05  22.18  22.58  22.15  22.53  1585700  22.53
2012-03-02  22.46  22.73  22.15  22.26  2054200  22.26
2012-03-01  22.14  22.46  22.1  22.22  2245200  22.22
2012-02-29  22.37  22.63  22.07  22.1  3823500  22.1
2012-02-28  22.24  22.49  22.18  22.3  2010900  22.3
2012-02-27  22.01  22.37  21.97  22.25  1835100  22.25
2012-02-24  22.3  22.41  22.19  22.23  1347500  22.23
2012-02-23  22.26  22.43  22.2  22.28  1734300  22.28
2012-02-22  22.4  22.48  22.24  22.32  2932400  22.32
2012-02-21  22.35  22.53  22.2  22.39  2882100  22.39
2012-02-17  22.02  22.17  21.94  22.13  1463500  22.13
2012-02-16  21.71  22.01  21.63  21.9  1577200  21.9
2012-02-15  21.73  21.9  21.63  21.75  2410600  21.75
2012-02-14  21.52  21.62  21.34  21.6  2828200  21.6
2012-02-13  21.65  21.73  21.5  21.63  2280500  21.63
2012-02-10  21.35  21.53  21.13  21.52  4689000  21.52
2012-02-09  22.08  22.13  21.37  21.57  4830300  21.57
2012-02-08  21.8  22.29  21.8  22.06  3395700  22.06
2012-02-07  22.22  22.22  21.3  21.82  6780900  21.82
2012-02-06  22.61  22.85  22.53  22.68  2084600  22.68
2012-02-03  22.41  22.81  22.41  22.81  2442600  22.81
2012-02-02  22.24  22.25  22.02  22.13  1349600  22.13
2012-02-01  22.13  22.28  22.01  22.16  2334900  22.16
2012-01-31  22.04  22.14  21.78  21.89  1861700  21.89
2012-01-30  21.7  21.96  21.54  21.88  1868400  21.88
2012-01-27  21.82  22.1  21.67  21.98  2784100  21.98
2012-01-26  22.16  22.28  21.75  21.88  5206800  21.88
2012-01-25  22.17  22.25  21.94  22.17  3063500  22.17
2012-01-24  21.87  22.31  21.85  22.26  3005100  22.26
2012-01-23  21.71  22.05  21.71  22.02  1526900  22.02
2012-01-20  21.65  21.77  21.6  21.73  2507300  21.73
2012-01-19  21.6  21.92  21.6  21.71  2413200  21.71
2012-01-18  21.28  21.51  21.2  21.49  2518800  21.49
2012-01-17  21.53  21.65  21.23  21.34  2619200  21.34
2012-01-13  21.06  21.24  20.71  21.23  2251700  21.23
2012-01-12  21.0  21.36  20.89  21.31  3364700  21.31
2012-01-11  20.76  20.96  20.63  20.89  2974600  20.89
2012-01-10  20.34  20.9  20.34  20.85  3232200  20.85
2012-01-09  20.08  20.27  19.89  20.12  3052100  20.12
2012-01-06  20.77  20.88  20.47  20.48  2712700  20.48
2012-01-05  20.4  20.78  20.11  20.76  2072600  20.76
2012-01-04  20.5  20.68  20.36  20.61  2078400  20.61
2012-01-03  20.62  20.74  20.44  20.54  2149800  20.54
2011-12-30  20.19  20.29  20.11  20.11  1140100  20.11
2011-12-29  20.01  20.37  20.01  20.24  1104800  20.24
2011-12-28  20.26  20.3  19.99  20.01  1359800  20.01
2011-12-27  20.26  20.48  20.25  20.25  880400  20.25
2011-12-23  20.27  20.37  20.16  20.33  1357400  20.33
2011-12-22  19.94  20.19  19.83  20.14  2699500  20.14
2011-12-21  19.48  19.97  19.47  19.92  4281400  19.92
2011-12-20  19.27  19.58  19.27  19.48  2857700  19.48
2011-12-19  19.69  19.78  18.97  19.0  2147000  19.0
2011-12-16  19.7  19.83  19.51  19.64  4723900  19.64
2011-12-15  19.7  19.78  19.54  19.55  3685100  19.55
2011-12-14  19.46  19.66  19.32  19.34  4818200  19.34
2011-12-13  20.19  20.34  19.42  19.58  4775500  19.58
2011-12-12  20.17  20.24  19.88  20.01  3269400  20.01
2011-12-09  20.57  20.71  20.41  20.49  3344500  20.49
2011-12-08  21.1  21.11  20.34  20.4  2904100  20.4
2011-12-07  20.91  21.41  20.74  21.31  2613400  21.31
2011-12-06  21.27  21.28  20.96  21.07  4237300  21.07
2011-12-05  21.46  21.59  21.1  21.31  2938200  21.31
2011-12-02  21.33  21.59  21.02  21.06  3354300  21.06
2011-12-01  21.01  21.37  20.93  21.18  2118800  21.18
2011-11-30  21.35  21.6  21.12  21.49  3848800  21.49
2011-11-29  20.41  20.62  20.26  20.38  1931600  20.38
2011-11-28  20.4  20.57  20.15  20.39  3022600  20.39
2011-11-25  19.72  20.08  19.7  19.76  918900  19.76
2011-11-23  20.12  20.3  19.79  19.79  2518100  19.79
2011-11-22  20.25  20.68  20.18  20.4  2748800  20.4
2011-11-21  20.36  20.52  20.12  20.33  2695600  20.33
2011-11-18  20.71  20.88  20.43  20.73  3028700  20.73
2011-11-17  20.87  21.07  20.37  20.51  3658500  20.51
2011-11-16  21.04  21.37  20.86  20.89  3334800  20.89
2011-11-15  20.92  21.52  20.85  21.37  3305600  21.37
2011-11-14  21.21  21.31  21.0  21.09  2394100  21.09
2011-11-11  21.13  21.58  21.13  21.32  2614600  21.32
2011-11-10  20.93  21.06  20.64  20.81  2712800  20.81
2011-11-09  20.84  21.06  20.61  20.68  4340900  20.68
2011-11-08  21.12  21.53  20.93  21.44  3475400  21.44
2011-11-07  20.7  21.03  20.56  21.01  2172000  21.01
2011-11-04  20.77  20.95  20.55  20.87  3634700  20.87
2011-11-03  21.31  21.34  20.58  20.94  5316500  20.94
2011-11-02  21.12  21.27  20.52  21.08  7618300  21.08
2011-11-01  21.65  22.63  21.57  21.78  5668500  21.78
2011-10-31  22.7  23.23  22.55  22.76  4138500  22.76
2011-10-28  23.46  23.52  23.03  23.14  4636900  23.14
2011-10-27  23.81  23.87  23.31  23.62  6272000  23.62
2011-10-26  22.79  23.11  22.33  22.89  5819800  22.89
2011-10-25  22.95  22.97  22.31  22.41  4598400  22.41
2011-10-24  23.21  23.5  23.11  23.24  3787300  23.24
2011-10-21  22.95  23.29  22.53  23.14  4109300  23.14
2011-10-20  22.18  22.74  21.96  22.66  2992600  22.66
2011-10-19  22.82  22.97  22.03  22.09  3052500  22.09
2011-10-18  22.0  22.98  21.58  22.83  3333700  22.83
2011-10-17  22.48  22.49  21.74  21.82  3066800  21.82
2011-10-14  22.47  22.77  22.22  22.71  2178000  22.71
2011-10-13  22.4  22.46  21.74  22.09  3257800  22.09
2011-10-12  21.97  22.7  21.97  22.39  3489800  22.39
2011-10-11  21.51  22.04  21.4  21.75  2247700  21.75
2011-10-10  21.42  21.77  21.35  21.68  3931900  21.68
2011-10-07  21.44  21.48  20.85  20.91  4668300  20.91
2011-10-06  20.53  21.36  20.32  21.28  3241100  21.28
2011-10-05  19.91  20.7  19.62  20.59  3056400  20.59
2011-10-04  18.75  19.95  18.74  19.9  5300000  19.9
2011-10-03  19.69  20.17  19.02  19.02  4181900  19.02
2011-09-30  20.2  20.45  19.92  19.92  3601700  19.92
2011-09-29  20.28  20.51  19.85  20.5  3616600  20.5
2011-09-28  20.57  20.61  19.77  19.81  2836900  19.81
2011-09-27  20.98  21.07  20.38  20.55  2909500  20.55
2011-09-26  20.04  20.45  19.63  20.43  3172700  20.43
2011-09-23  19.6  19.97  19.52  19.72  2791900  19.72
2011-09-22  19.34  19.9  19.24  19.76  5338000  19.76
2011-09-21  21.0  21.17  19.93  19.96  3101200  19.96
2011-09-20  21.47  21.59  21.0  21.01  3049000  21.01
2011-09-19  21.47  21.53  21.02  21.31  2752200  21.31
2011-09-16  22.06  22.3  21.69  22.01  3180200  22.01
2011-09-15  21.61  21.97  21.34  21.97  4309500  21.97
2011-09-14  21.6  21.68  20.83  21.31  4711500  21.31
2011-09-13  21.35  21.65  21.1  21.37  2470600  21.37
2011-09-12  20.63  21.24  20.57  21.2  2911200  21.2
2011-09-09  21.09  21.4  20.73  20.97  3881400  20.97
2011-09-08  21.63  21.88  21.34  21.44  2002300  21.44
2011-09-07  21.41  21.8  21.32  21.78  2348500  21.78
2011-09-06  20.51  21.02  20.49  20.98  2801300  20.98
2011-09-02  21.47  21.82  21.29  21.29  2579400  21.29
2011-09-01  22.4  22.56  22.04  22.05  3713200  22.05
2011-08-31  22.46  22.69  22.15  22.37  3414400  22.37
2011-08-30  22.25  22.45  21.8  22.29  4144800  22.29
2011-08-29  22.0  22.43  21.96  22.42  4854200  22.42
2011-08-26  21.26  21.95  20.98  21.62  3867700  21.62
2011-08-25  22.28  22.48  21.17  21.48  4020000  21.48
2011-08-24  21.61  22.11  21.49  22.08  3720700  22.08
2011-08-23  20.73  21.79  20.67  21.73  5295400  21.73
2011-08-22  21.22  21.23  20.51  20.67  3268100  20.67
2011-08-19  20.35  21.28  20.33  20.61  4189600  20.61
2011-08-18  21.08  21.23  20.55  20.71  5345600  20.71
2011-08-17  22.09  22.2  21.65  21.93  2565000  21.93
2011-08-16  21.87  22.13  21.56  21.88  3377100  21.88
2011-08-15  21.65  22.2  21.51  22.2  3770800  22.2
2011-08-12  21.84  22.3  21.27  21.36  4177300  21.36
2011-08-11  20.35  22.09  20.35  21.66  6054900  21.66
2011-08-10  20.92  21.09  20.17  20.25  10278200  20.25
2011-08-09  19.72  21.34  19.53  21.34  10437000  21.34
2011-08-08  21.15  21.53  19.38  19.38  7613600  19.38
2011-08-05  22.29  22.29  21.15  21.66  5458700  21.66
2011-08-04  22.81  23.01  21.88  21.95  5082800  21.95
2011-08-03  22.57  23.26  22.42  23.16  4666800  23.16
2011-08-02  22.84  23.18  22.4  22.42  3209100  22.42
2011-08-01  23.46  23.53  22.83  23.02  2679100  23.02
2011-07-29  23.07  23.41  22.96  23.18  2466400  23.18
2011-07-28  23.22  23.68  23.21  23.33  1976200  23.33
2011-07-27  23.71  23.76  23.12  23.15  2115400  23.15
2011-07-26  23.9  24.21  23.71  23.76  2008200  23.76
2011-07-25  23.94  24.06  23.75  23.94  1562700  23.94
2011-07-22  24.3  24.34  23.9  24.18  2104400  24.18
2011-07-21  24.22  24.69  24.19  24.44  2225300  24.44
2011-07-20  23.99  24.1  23.82  23.97  1329500  23.97
2011-07-19  23.66  24.05  23.48  23.92  2640400  23.92
2011-07-18  23.92  23.98  23.3  23.53  2063900  23.53
2011-07-15  24.27  24.27  23.78  23.95  1965200  23.95
2011-07-14  24.45  24.58  24.03  24.12  2384800  24.12
2011-07-13  24.28  24.65  24.12  24.39  3644700  24.39
2011-07-12  24.04  24.34  23.96  24.14  2924800  24.14
2011-07-11  24.28  24.36  24.05  24.13  3109600  24.13
2011-07-08  24.6  24.69  24.37  24.65  2973500  24.65
2011-07-07  24.86  25.0  24.79  24.95  1492000  24.95
2011-07-06  24.34  24.65  24.3  24.63  2727400  24.63
2011-07-05  24.46  24.51  24.15  24.42  2456500  24.42
2011-07-01  24.18  24.58  24.06  24.55  2339300  24.55
2011-06-30  23.97  24.31  23.81  24.11  2361300  24.11
2011-06-29  23.78  23.98  23.62  23.88  2566800  23.88
2011-06-28  23.45  23.62  23.37  23.62  2023300  23.62
2011-06-27  23.19  23.41  23.13  23.35  3020500  23.35
2011-06-24  23.46  23.5  22.99  23.21  4109000  23.21
2011-06-23  23.3  23.47  23.02  23.44  4493700  23.44
2011-06-22  24.02  24.07  23.61  23.62  3182700  23.62
2011-06-21  23.97  24.3  23.96  24.06  3649200  24.06
2011-06-20  23.61  23.87  23.46  23.79  1854900  23.79
2011-06-17  23.54  23.86  23.51  23.7  2675700  23.7
2011-06-16  23.2  23.36  23.05  23.29  3044300  23.29
2011-06-15  23.78  23.86  23.16  23.16  3299500  23.16
2011-06-14  23.87  24.25  23.78  24.06  2894900  24.06
2011-06-13  23.59  23.68  23.38  23.59  2410300  23.59
2011-06-10  23.59  23.73  23.35  23.47  2670600  23.47
2011-06-09  23.6  23.86  23.51  23.78  2127700  23.78
2011-06-08  23.6  23.68  23.46  23.55  1885300  23.55
2011-06-07  23.84  23.98  23.66  23.68  2249500  23.68
2011-06-06  23.82  24.04  23.66  23.69  2085700  23.69
2011-06-03  23.86  24.27  23.82  23.92  1734900  23.92
2011-06-02  24.14  24.37  24.01  24.19  1900800  24.19
2011-06-01  24.78  24.82  24.05  24.08  2543100  24.08
2011-05-31  24.96  25.0  24.67  24.9  2190300  24.9
2011-05-27  24.8  24.86  24.64  24.7  1344000  24.7
2011-05-26  24.44  24.79  24.29  24.68  2222100  24.68
2011-05-25  24.51  24.65  24.23  24.51  2193300  24.51
2011-05-24  24.89  24.93  24.45  24.46  2379900  24.46
2011-05-23  24.95  25.05  24.76  24.78  1778000  24.78
2011-05-20  25.38  25.52  25.24  25.29  2418900  25.29
2011-05-19  25.09  25.51  24.99  25.46  2343600  25.46
2011-05-18  24.77  24.97  24.68  24.95  1232400  24.95
2011-05-17  24.79  24.88  24.63  24.82  1621700  24.82
2011-05-16  24.69  25.09  24.61  24.92  1343900  24.92
2011-05-13  25.2  25.27  24.67  24.81  1955500  24.81
2011-05-12  24.94  25.27  24.78  25.25  2459100  25.25
2011-05-11  25.17  25.29  24.85  25.02  1672700  25.02
2011-05-10  25.04  25.23  24.95  25.21  1304500  25.21
2011-05-09  24.8  25.0  24.68  24.95  1561700  24.95
2011-05-06  24.89  25.06  24.53  24.82  2351200  24.82
2011-05-05  24.91  24.91  24.42  24.62  2791700  24.62
2011-05-04  25.36  25.48  24.53  25.11  2872000  25.11
2011-05-03  24.88  25.1  24.49  24.75  2383000  24.75
2011-05-02  25.23  25.28  24.88  24.97  1268300  24.97
2011-04-29  24.99  25.1  24.83  25.06  1176500  25.06
2011-04-28  24.67  25.05  24.67  25.0  1583600  25.0
2011-04-27  24.52  24.77  24.27  24.69  1369500  24.69
2011-04-26  24.38  24.63  24.34  24.5  1400000  24.5
2011-04-25  24.44  24.46  24.19  24.23  1338600  24.23
2011-04-21  24.37  24.53  24.24  24.42  1217200  24.42
2011-04-20  24.43  24.59  24.24  24.26  1807200  24.26
2011-04-19  23.98  24.07  23.83  24.06  2121000  24.06
2011-04-18  23.92  24.01  23.73  23.9  2386800  23.9
2011-04-15  24.26  24.33  23.84  24.22  3099200  24.22
2011-04-14  24.28  24.41  24.08  24.33  1683800  24.33
2011-04-13  24.9  24.93  24.5  24.5  1896000  24.5
2011-04-12  24.7  24.92  24.65  24.78  1147600  24.78
2011-04-11  24.79  25.01  24.76  24.89  856000  24.89
2011-04-08  25.22  25.36  24.68  24.81  1182800  24.81
2011-04-07  25.1  25.61  24.99  25.17  2160000  25.17
2011-04-06  25.03  25.26  25.01  25.18  1933600  25.18
2011-04-05  24.95  25.02  24.87  24.92  1671200  24.92
2011-04-04  25.09  25.32  25.0  25.01  1775800  25.01
2011-04-01  24.99  25.33  24.88  25.06  2379400  25.06
2011-03-31  24.91  25.01  24.72  24.75  3006900  24.75
2011-03-30  24.9  25.13  24.87  25.09  1467600  25.09
2011-03-29  24.67  24.82  24.51  24.79  1575800  24.79
2011-03-28  24.75  24.9  24.64  24.71  1216000  24.71
2011-03-25  24.45  24.79  24.38  24.66  1728400  24.66
2011-03-24  24.53  24.56  24.25  24.43  1625000  24.43
2011-03-23  24.41  24.51  24.16  24.41  1474100  24.41
2011-03-22  24.76  25.03  24.51  24.53  2145500  24.53
2011-03-21  24.54  24.83  24.43  24.75  1727000  24.75
2011-03-18  24.34  24.66  24.16  24.21  3652000  24.21
2011-03-17  24.18  24.32  23.76  23.99  1943400  23.99
2011-03-16  24.14  24.25  23.7  23.82  5323500  23.82
2011-03-15  23.59  24.36  23.33  24.23  3202200  24.23
2011-03-14  24.55  24.65  24.15  24.4  2378300  24.4
2011-03-11  24.44  24.9  24.37  24.82  1662400  24.82
2011-03-10  24.69  24.93  24.5  24.56  2567600  24.56
2011-03-09  24.88  25.28  24.88  24.98  3199300  24.98
2011-03-08  24.36  25.14  24.21  24.93  6101900  24.93
2011-03-07  24.6  24.89  24.26  24.34  2276700  24.34
2011-03-04  24.61  24.71  24.24  24.54  2329800  24.54
2011-03-03  24.41  24.78  24.41  24.66  1697700  24.66
2011-03-02  24.62  24.73  24.04  24.1  4681100  24.1
2011-03-01  25.13  25.13  24.49  24.65  2802300  24.65
2011-02-28  25.13  25.27  24.77  25.02  3569200  25.02
2011-02-25  24.81  25.08  24.79  25.08  1727300  25.08
2011-02-24  24.58  24.93  24.35  24.73  2959000  24.73
2011-02-23  24.82  24.97  24.51  24.61  2760600  24.61
2011-02-22  24.98  25.37  24.64  24.79  2265500  24.79
2011-02-18  25.29  25.5  25.15  25.34  1788500  25.34
2011-02-17  25.0  25.39  24.96  25.25  1308800  25.25
2011-02-16  24.97  25.28  24.95  25.22  1479800  25.22
2011-02-15  24.81  25.04  24.72  24.92  1601200  24.92
2011-02-14  25.0  25.15  24.69  24.92  1579000  24.92
2011-02-11  24.63  25.08  24.53  25.04  1525900  25.04
2011-02-10  24.61  24.79  24.43  24.73  2129700  24.73
2011-02-09  24.67  24.87  24.53  24.79  1779800  24.79
2011-02-08  24.7  24.83  24.55  24.76  1682700  24.76
2011-02-07  24.39  24.76  24.31  24.65  1836400  24.65
2011-02-04  23.87  24.4  23.82  24.31  2256800  24.31
2011-02-03  23.73  23.98  23.22  23.79  3899800  23.79
2011-02-02  24.05  24.2  23.68  23.71  1784500  23.71
2011-02-01  23.72  24.18  23.68  24.18  2062800  24.18
2011-01-31  23.58  23.69  23.45  23.52  1667100  23.52
2011-01-28  24.11  24.11  23.39  23.51  3941000  23.51
2011-01-27  24.04  24.29  23.98  24.16  1739600  24.16
2011-01-26  23.88  24.19  23.79  24.08  2281200  24.08
2011-01-25  23.55  23.87  23.46  23.87  2076600  23.87
2011-01-24  23.56  23.74  23.44  23.67  2567900  23.67
2011-01-21  23.46  23.67  23.37  23.6  1816700  23.6
2011-01-20  23.29  23.61  23.0  23.33  2375800  23.33
2011-01-19  23.53  23.58  23.18  23.26  1716200  23.26
2011-01-18  23.6  23.7  23.44  23.58  1372100  23.58
2011-01-14  23.34  23.57  23.33  23.57  1326800  23.57
2011-01-13  23.59  23.69  23.37  23.39  1689000  23.39
2011-01-12  23.6  23.76  23.53  23.62  1126300  23.62
2011-01-11  23.41  23.53  23.28  23.42  1679200  23.42
2011-01-10  23.21  23.35  22.89  23.33  1639800  23.33
2011-01-07  23.59  23.63  23.19  23.4  1793200  23.4
2011-01-06  23.54  23.59  23.37  23.51  1603600  23.51
2011-01-05  23.15  23.54  23.15  23.54  2848000  23.54
2011-01-04  23.34  23.44  23.14  23.29  2038500  23.29
2011-01-03  22.96  23.38  22.96  23.33  1811300  23.33
2010-12-31  22.68  22.85  22.58  22.76  1184600  22.76
2010-12-30  22.79  22.86  22.67  22.73  813300  22.73
2010-12-29  22.93  23.0  22.77  22.8  831000  22.8
2010-12-28  23.05  23.09  22.85  22.93  1102000  22.93
2010-12-27  22.82  23.09  22.75  23.03  1086100  23.03
2010-12-23  23.01  23.1  22.79  22.9  1405600  22.9
2010-12-22  22.88  23.1  22.88  23.09  1779100  23.09
2010-12-21  22.69  22.88  22.59  22.87  1848200  22.87
2010-12-20  22.41  22.58  22.38  22.54  1474400  22.54
2010-12-17  22.21  22.5  22.14  22.39  3058100  22.39
2010-12-16  22.37  22.51  22.2  22.22  2189100  22.22
2010-12-15  22.47  22.72  22.31  22.31  3214900  22.31
2010-12-14  22.55  22.84  22.39  22.47  3425900  22.47
2010-12-13  22.45  22.66  22.24  22.5  3001900  22.5
2010-12-10  22.0  22.29  21.87  22.28  1709200  22.28
2010-12-09  22.01  22.05  21.76  21.96  2631800  21.96
2010-12-08  21.28  21.93  21.27  21.85  3828400  21.85
2010-12-07  21.32  21.5  21.11  21.29  2443100  21.29
2010-12-06  21.04  21.13  20.93  21.05  1449800  21.05
2010-12-03  21.16  21.24  20.84  21.14  2228400  21.14
2010-12-02  20.91  21.36  20.9  21.31  2562700  21.31
2010-12-01  20.59  20.88  20.23  20.86  2413900  20.86
2010-11-30  20.12  20.36  20.05  20.19  2120200  20.19
2010-11-29  20.18  20.5  20.11  20.42  1559400  20.42
2010-11-26  20.4  20.55  20.34  20.38  720700  20.38
2010-11-24  20.39  20.78  20.39  20.67  1675400  20.67
2010-11-23  20.39  20.45  20.15  20.18  2451700  20.18
2010-11-22  20.68  20.77  20.45  20.69  1731900  20.69
2010-11-19  20.87  20.98  20.7  20.83  1793100  20.83
2010-11-18  20.79  21.12  20.74  20.87  2486100  20.87
2010-11-17  20.33  20.96  20.28  20.5  3012500  20.5
2010-11-16  20.49  20.74  20.2  20.28  3378500  20.28
2010-11-15  20.59  20.83  20.49  20.66  2055800  20.66
2010-11-12  20.54  20.68  20.43  20.51  2367600  20.51
2010-11-11  20.51  20.98  20.37  20.74  2768200  20.74
2010-11-10  20.37  20.78  20.21  20.77  3528300  20.77
2010-11-09  21.03  21.09  20.36  20.43  3486500  20.43
2010-11-08  21.39  21.44  20.87  21.0  2387200  21.0
2010-11-05  21.54  21.87  21.36  21.5  2250100  21.5
2010-11-04  21.05  21.57  20.92  21.53  2920900  21.53
2010-11-03  21.44  21.44  20.43  20.74  5130100  20.74
2010-11-02  21.36  21.52  21.21  21.44  2310800  21.44
2010-11-01  21.18  21.59  20.91  21.11  1963300  21.11
2010-10-29  21.28  21.29  20.87  21.06  2159000  21.06
2010-10-28  21.61  21.68  21.22  21.39  1982300  21.39
2010-10-27  20.91  21.54  20.81  21.46  3702700  21.46
2010-10-26  20.87  21.11  20.87  21.06  3912100  21.06
2010-10-25  21.25  21.31  20.96  21.0  2470200  21.0
2010-10-22  21.11  21.24  20.98  21.06  1921400  21.06
2010-10-21  20.99  21.59  20.85  21.09  4173100  21.09
2010-10-20  20.87  20.96  20.7  20.84  4095300  20.84
2010-10-19  21.04  21.42  20.77  20.84  4442100  20.84
2010-10-18  21.06  21.39  20.98  21.37  1546400  21.37
2010-10-15  21.25  21.4  20.89  21.07  2756800  21.07
2010-10-14  21.04  21.48  20.87  21.07  2700500  21.07
2010-10-13  20.95  21.39  20.88  21.1  3047200  21.1
2010-10-12  20.77  20.89  20.52  20.82  3128200  20.82
2010-10-11  20.96  21.06  20.82  20.86  1464000  20.86
2010-10-08  20.87  20.98  20.59  20.93  2318200  20.93
2010-10-07  21.15  21.27  20.77  20.9  2149400  20.9
2010-10-06  21.04  21.11  20.93  21.0  1791600  21.0
2010-10-05  20.61  21.1  20.26  21.05  2595000  21.05
2010-10-04  20.53  20.69  20.32  20.4  2870600  20.4
2010-10-01  20.83  20.9  20.4  20.62  2816200  20.62
2010-09-30  20.97  21.12  20.65  20.72  2701300  20.72
2010-09-29  20.79  20.95  20.73  20.82  2279200  20.82
2010-09-28  20.82  21.0  20.5  20.91  2019300  20.91
2010-09-27  20.9  20.93  20.69  20.72  2966800  20.72
2010-09-24  20.69  21.01  20.3  20.96  3743500  20.96
2010-09-23  20.54  20.7  20.4  20.49  2800600  20.49
2010-09-22  21.0  21.04  20.67  20.77  4067400  20.77
2010-09-21  21.23  21.33  20.96  21.07  2610400  21.07
2010-09-20  20.82  21.25  20.74  21.18  1767500  21.18
2010-09-17  20.85  20.88  20.68  20.77  3955200  20.77
2010-09-16  20.67  20.71  20.52  20.7  1418700  20.7
2010-09-15  20.51  20.78  20.44  20.72  1942100  20.72
2010-09-14  20.79  20.87  20.53  20.74  2662300  20.74
2010-09-13  20.68  20.83  20.48  20.81  1818000  20.81
2010-09-10  20.3  20.64  20.12  20.46  2326000  20.46
2010-09-09  20.34  20.5  20.11  20.27  1633500  20.27
2010-09-08  19.99  20.3  19.97  20.01  2178000  20.01
2010-09-07  20.64  20.65  19.92  19.92  3046600  19.92
2010-09-03  20.26  20.87  20.26  20.84  3914600  20.84
2010-09-02  19.53  20.07  19.42  20.07  3576700  20.07
2010-09-01  19.09  19.62  19.01  19.58  3812900  19.58
2010-08-31  18.21  18.88  18.2  18.76  3453100  18.76
2010-08-30  18.81  18.89  18.32  18.34  1582100  18.34
2010-08-27  18.31  18.92  18.06  18.91  2331900  18.91
2010-08-26  18.45  18.5  18.07  18.2  3061900  18.2
2010-08-25  18.35  18.42  18.1  18.32  5175800  18.32
2010-08-24  18.85  18.94  18.52  18.53  3203500  18.53
2010-08-23  19.16  19.33  19.04  19.1  2262300  19.1
2010-08-20  18.94  19.14  18.77  19.02  2406600  19.02
2010-08-19  19.54  19.61  18.95  19.11  2954600  19.11
2010-08-18  19.69  19.76  19.42  19.66  1913100  19.66
2010-08-17  19.56  19.77  19.5  19.68  2287200  19.68
2010-08-16  19.31  19.51  19.22  19.39  2237200  19.39
2010-08-13  19.41  19.66  19.3  19.47  3128200  19.47
2010-08-12  19.29  19.52  19.27  19.44  3021500  19.44
2010-08-11  19.93  20.19  19.56  19.57  3945100  19.57
2010-08-10  20.59  20.75  20.43  20.51  5489500  20.51
2010-08-09  20.47  20.9  20.33  20.87  2742900  20.87
2010-08-06  20.18  20.47  19.93  20.41  4813700  20.41
2010-08-05  20.25  20.51  20.11  20.47  2804400  20.47
2010-08-04  21.29  21.45  20.11  20.42  9574500  20.42
2010-08-03  21.64  21.67  20.88  21.27  3274900  21.27
2010-08-02  21.67  22.05  21.37  21.74  4180800  21.74
2010-07-30  20.99  21.51  20.88  21.35  2669200  21.35
2010-07-29  21.24  21.62  20.85  21.28  4019100  21.28
2010-07-28  21.34  21.34  20.94  20.95  2710700  20.95
2010-07-27  21.02  21.43  20.99  21.32  4363700  21.32
2010-07-26  20.92  21.07  20.67  20.8  4177900  20.8
2010-07-23  20.23  20.96  20.09  20.93  5736000  20.93
2010-07-22  20.61  20.61  20.12  20.32  7647800  20.32
2010-07-21  20.92  20.92  20.24  20.31  4497900  20.31
2010-07-20  19.84  20.64  19.83  20.64  3264000  20.64
2010-07-19  20.32  20.47  19.89  20.24  2369000  20.24
2010-07-16  20.7  20.71  20.17  20.25  3989200  20.25
2010-07-15  20.93  21.0  20.49  20.93  3187900  20.93
2010-07-14  21.17  21.17  20.72  20.91  3729000  20.91
2010-07-13  21.26  21.44  21.18  21.33  2869100  21.33
2010-07-12  21.03  21.17  20.8  20.97  2387100  20.97
2010-07-09  20.92  21.15  20.82  21.11  2066900  21.11
2010-07-08  20.68  20.91  20.42  20.87  3140400  20.87
2010-07-07  20.06  20.49  19.85  20.45  5086700  20.45
2010-07-06  20.06  20.33  19.56  19.85  4189700  19.85
2010-07-02  19.98  20.12  19.55  19.81  3109200  19.81
2010-07-01  20.28  20.29  19.49  19.88  4671700  19.88
2010-06-30  20.32  20.7  20.17  20.22  4520400  20.22
2010-06-29  20.91  20.91  20.28  20.42  4575700  20.42
2010-06-28  21.18  21.39  21.06  21.24  2743600  21.24
2010-06-25  20.98  21.21  20.55  21.14  3641900  21.14
2010-06-24  21.05  21.17  20.73  20.81  3382900  20.81
2010-06-23  21.39  21.5  21.02  21.19  2852700  21.19
2010-06-22  21.79  22.06  21.36  21.39  2615000  21.39
2010-06-21  22.27  22.68  21.69  21.84  1854600  21.84
2010-06-18  21.84  21.97  21.78  21.97  2206400  21.97
2010-06-17  21.84  21.98  21.56  21.77  2417100  21.77
2010-06-16  21.89  22.12  21.69  21.83  2907400  21.83
2010-06-15  21.88  22.23  21.65  22.2  3367900  22.2
2010-06-14  21.9  22.11  21.69  21.76  3647300  21.76
2010-06-11  21.19  21.75  21.04  21.7  3242300  21.7
2010-06-10  21.06  21.53  20.96  21.49  2882500  21.49
2010-06-09  20.96  21.21  20.56  20.63  3921000  20.63
2010-06-08  20.32  20.83  20.12  20.76  5482500  20.76
2010-06-07  20.81  20.94  20.24  20.25  6816000  20.25
2010-06-04  21.09  21.22  20.68  20.76  7167700  20.76
2010-06-03  21.84  21.94  21.48  21.67  2982900  21.67
2010-06-02  21.27  21.81  21.1  21.8  3711300  21.8
2010-06-01  21.07  21.65  20.88  21.08  4141100  21.08
2010-05-28  21.92  22.14  21.45  21.52  5270700  21.52
2010-05-27  21.33  21.96  21.14  21.92  4135600  21.92
2010-05-26  20.91  21.25  20.74  20.87  6643000  20.87
2010-05-25  19.83  20.79  19.55  20.68  10840300  20.68
2010-05-24  20.8  20.96  20.5  20.57  4382800  20.57
2010-05-21  19.73  21.0  19.62  20.93  7578200  20.93
2010-05-20  20.15  20.47  19.59  20.04  18734300  20.04
2010-05-19  20.47  20.87  20.07  20.55  7475300  20.55
2010-05-18  21.24  21.36  20.45  20.56  6286700  20.56
2010-05-17  21.18  21.35  20.64  21.05  7467100  21.05
2010-05-14  21.7  21.78  20.96  21.16  5212300  21.16
2010-05-13  22.56  22.58  21.93  21.96  3663100  21.96
2010-05-12  22.55  22.72  22.31  22.65  4325200  22.65
2010-05-11  22.3  22.83  22.13  22.41  2974400  22.41
2010-05-10  22.07  22.66  22.05  22.66  4757900  22.66
2010-05-07  20.88  21.44  20.37  20.91  7541500  20.91
2010-05-06  21.85  22.2  19.59  21.11  5500400  21.11
2010-05-05  21.52  22.65  21.35  21.97  5665700  21.97
2010-05-04  22.41  22.42  21.84  21.96  5844300  21.96
2010-05-03  23.03  23.13  22.55  22.7  3779400  22.7
2010-04-30  23.21  23.45  22.7  22.8  4575900  22.8
2010-04-29  22.95  23.26  22.74  23.02  4851300  23.02
2010-04-28  22.89  23.23  22.49  22.62  4914400  22.62
2010-04-27  23.67  23.81  22.53  22.61  4427200  22.61
2010-04-26  24.08  24.31  23.88  23.89  2184900  23.89
2010-04-23  23.72  24.17  23.66  24.14  2103400  24.14
2010-04-22  23.65  23.82  23.22  23.77  2370400  23.77
2010-04-21  24.1  24.31  23.53  23.82  2830300  23.82
2010-04-20  23.85  24.1  23.82  24.05  1971700  24.05
2010-04-19  23.32  23.69  23.18  23.67  3112800  23.67
2010-04-16  24.08  24.16  23.19  23.52  4268200  23.52
2010-04-15  24.14  24.33  23.92  24.21  2697600  24.21
2010-04-14  23.86  24.54  23.86  24.53  2524700  24.53
2010-04-13  23.65  23.82  23.48  23.77  1322100  23.77
2010-04-12  23.82  23.89  23.65  23.72  1727500  23.72
2010-04-09  23.62  23.71  23.51  23.71  2333200  23.71
2010-04-08  23.44  23.68  23.3  23.62  1879700  23.62
2010-04-07  23.75  23.82  23.34  23.55  2585500  23.55
2010-04-06  23.43  24.0  23.34  23.78  3523400  23.78
2010-04-05  23.42  23.64  23.4  23.54  2600300  23.54
2010-04-01  23.19  23.51  23.16  23.38  1927600  23.38
2010-03-31  22.83  23.17  22.81  23.01  4751800  23.01
2010-03-30  23.12  23.22  22.94  22.97  2050400  22.97
2010-03-29  23.0  23.22  22.99  23.1  3731800  23.1
2010-03-26  22.67  23.01  22.67  22.89  4124800  22.89
2010-03-25  22.63  22.94  22.45  22.65  4214900  22.65
2010-03-24  22.37  22.58  22.26  22.46  2752300  22.46
2010-03-23  22.2  22.5  22.04  22.47  3393500  22.47
2010-03-22  21.91  22.3  21.87  22.19  3222800  22.19
2010-03-19  21.95  22.74  21.95  22.23  5142400  22.23
2010-03-18  22.61  22.68  22.47  22.6  2622000  22.6
2010-03-17  23.11  23.14  22.59  22.69  4781200  22.69
2010-03-16  22.2  22.51  22.06  22.45  3553600  22.45
2010-03-15  21.73  22.22  21.62  22.14  4206100  22.14
2010-03-12  21.76  21.87  21.38  21.73  4262000  21.73
2010-03-11  21.26  21.59  21.2  21.59  3194800  21.59
2010-03-10  20.97  21.21  20.78  21.15  2297800  21.15
2010-03-09  20.68  20.95  20.66  20.88  2619900  20.88
2010-03-08  20.67  20.93  20.61  20.82  2505900  20.82
2010-03-05  20.29  20.67  20.12  20.62  3338500  20.62
2010-03-04  19.92  20.14  19.78  20.14  2267500  20.14
2010-03-03  19.81  19.97  19.73  19.83  2825200  19.83
2010-03-02  19.85  19.9  19.65  19.78  2507500  19.78
2010-03-01  19.4  19.8  19.37  19.79  2535400  19.79
2010-02-26  19.36  19.47  19.15  19.33  2615300  19.33
2010-02-25  19.21  19.33  18.97  19.3  2800000  19.3
2010-02-24  19.29  19.5  19.17  19.44  2771900  19.44
2010-02-23  19.42  19.59  19.1  19.17  3734800  19.17
2010-02-22  19.44  19.59  19.38  19.51  1603500  19.51
2010-02-19  19.36  19.57  19.19  19.51  2920300  19.51
2010-02-18  19.02  19.45  18.95  19.43  3639500  19.43
2010-02-17  19.16  19.27  18.75  19.07  3316100  19.07
2010-02-16  18.33  18.65  18.22  18.65  3084100  18.65
2010-02-12  17.75  18.16  17.44  18.13  3630000  18.13
2010-02-11  17.78  18.11  17.62  18.04  2863200  18.04
2010-02-10  17.69  17.96  17.56  17.78  3112000  17.78
2010-02-09  17.69  18.0  17.45  17.66  3393200  17.66
2010-02-08  17.82  17.86  17.4  17.4  2748600  17.4
2010-02-05  17.55  17.86  17.24  17.85  4817000  17.85
2010-02-04  18.33  18.33  17.51  17.55  4127100  17.55
2010-02-03  18.99  19.15  18.34  18.53  3713500  18.53
2010-02-02  18.74  19.32  18.58  19.2  3610400  19.2
2010-02-01  18.31  18.71  18.2  18.67  3175100  18.67
2010-01-29  18.29  18.68  18.13  18.18  3336500  18.18
2010-01-28  18.5  18.6  18.19  18.21  4037700  18.21
2010-01-27  18.4  18.59  18.07  18.57  3471900  18.57
2010-01-26  18.7  18.96  18.35  18.39  2908500  18.39
2010-01-25  19.02  19.14  18.79  18.88  2502800  18.88
2010-01-22  19.49  19.59  18.71  18.75  3668400  18.75
2010-01-21  20.0  20.03  19.44  19.49  5031100  19.49
2010-01-20  19.89  19.99  19.59  19.92  3954400  19.92
2010-01-19  19.7  20.28  19.67  20.02  3621800  20.02
2010-01-15  19.81  20.16  19.71  19.79  6101000  19.79
2010-01-14  19.39  20.07  19.39  19.85  5754800  19.85
2010-01-13  19.44  19.57  19.22  19.48  2686700  19.48
2010-01-12  19.24  19.66  19.24  19.35  5054100  19.35
2010-01-11  19.04  19.42  19.04  19.39  2172600  19.39
2010-01-08  19.24  19.24  18.88  19.04  2046300  19.04
2010-01-07  18.73  19.36  18.57  19.3  3769600  19.3
2010-01-06  18.73  18.97  18.68  18.88  2435300  18.88
2010-01-05  18.37  18.78  18.32  18.72  1989000  18.72
2010-01-04  18.26  18.55  18.09  18.45  3110300  18.45
