Date  Open  High  Low  Close  Volume  Adj Close
2014-02-28  95.42  96.34  95.05  95.77  4097100  95.77
2014-02-27  95.07  95.64  94.9  95.55  2681600  95.55
2014-02-26  95.5  95.85  94.91  95.2  2915700  95.2
2014-02-25  95.99  96.19  95.25  95.45  3291400  95.45
2014-02-24  96.21  97.0  95.92  95.95  2762600  95.95
2014-02-21  95.95  96.73  95.79  96.11  3422600  96.11
2014-02-20  94.85  96.24  94.12  95.67  4908700  95.67
2014-02-19  95.35  95.69  94.36  94.51  4445200  94.51
2014-02-18  96.47  97.22  95.5  95.81  3037500  95.81
2014-02-14  95.78  96.69  95.62  96.56  3304300  96.56
2014-02-13  95.02  96.06  94.77  95.88  2376400  95.88
2014-02-12  95.47  96.07  95.19  95.35  2471300  95.35
2014-02-11  94.04  95.79  94.04  95.48  3264600  95.48
2014-02-10  94.58  94.78  93.79  94.06  4233800  94.06
2014-02-07  94.63  94.93  93.91  94.7  2889700  94.7
2014-02-06  93.48  94.26  93.35  94.07  4195600  94.07
2014-02-05  93.19  93.67  92.84  93.1  4591300  93.1
2014-02-04  93.48  93.57  92.53  93.23  3537300  93.23
2014-02-03  94.43  95.24  92.86  92.96  5448600  92.96
2014-01-31  93.81  95.29  93.36  94.56  4082600  94.56
2014-01-30  96.04  96.32  94.98  95.11  4010000  95.11
2014-01-29  94.85  95.33  94.28  94.66  4554500  94.66
2014-01-28  94.64  95.14  94.5  95.14  3881700  95.14
2014-01-27  95.46  95.94  94.34  94.5  4973700  94.5
2014-01-24  96.89  97.0  95.6  95.65  5251600  95.65
2014-01-23  97.7  97.85  96.92  97.25  4255100  97.25
2014-01-22  98.56  98.66  97.8  98.29  3234100  98.29
2014-01-21  99.76  99.89  96.86  97.88  5783200  97.88
2014-01-17  96.83  99.61  96.32  99.21  10135500  99.21
2014-01-16  100.07  100.36  99.39  99.78  2603900  99.78
2014-01-15  100.51  100.73  100.0  100.34  2027700  100.34
2014-01-14  99.65  100.28  98.93  100.22  3620300  100.22
2014-01-13  100.92  101.8  99.32  99.52  3510100  99.52
2014-01-10  101.55  101.92  100.62  101.8  3499500  101.8
2014-01-09  101.55  101.82  100.81  101.4  2352000  101.4
2014-01-08  101.4  101.56  100.69  101.28  3024400  101.28
2014-01-07  101.12  102.16  101.08  101.36  3385700  101.36
2014-01-06  102.8  102.94  100.51  101.03  3884800  101.03
2014-01-03  102.75  103.2  102.32  102.36  3719600  102.36
2014-01-02  103.89  104.17  102.09  102.59  2799700  102.59
2013-12-31  104.2  104.63  103.93  104.34  1778400  104.34
2013-12-30  104.21  104.32  103.85  104.18  1479800  104.18
2013-12-27  104.26  104.35  103.84  103.98  3433500  103.98
2013-12-26  103.61  104.16  103.3  103.93  2108300  103.93
2013-12-24  103.39  103.76  103.18  103.72  904500  103.72
2013-12-23  103.07  103.34  102.72  103.23  2155500  103.23
2013-12-20  102.5  103.82  102.27  102.6  8363500  102.6
2013-12-19  102.0  102.51  101.68  102.45  2508600  102.45
2013-12-18  101.42  102.32  100.53  102.26  4224900  102.26
2013-12-17  101.51  101.88  100.97  101.26  3190600  101.26
2013-12-16  100.92  101.68  100.91  101.41  3116600  101.41
2013-12-13  100.34  101.06  99.95  100.67  2712600  100.67
2013-12-12  100.05  100.78  100.05  100.24  2303200  100.24
2013-12-11  101.23  101.36  99.96  100.16  3010000  100.16
2013-12-10  101.43  101.69  100.83  101.01  2199300  101.01
2013-12-09  102.3  102.32  101.25  101.62  2373400  101.62
2013-12-06  101.66  102.2  101.22  101.71  3723900  101.71
2013-12-05  100.74  101.36  100.74  100.91  2230900  100.91
2013-12-04  101.15  101.52  100.04  101.0  2249300  101.0
2013-12-03  101.73  102.05  100.77  101.18  2600100  101.18
2013-12-02  101.42  102.18  101.41  101.61  2336900  101.61
2013-11-29  101.98  102.32  101.65  101.66  1281700  101.66
2013-11-27  101.58  102.1  101.3  101.82  1879700  101.82
2013-11-26  100.61  101.63  100.61  101.57  3997300  101.57
2013-11-25  101.48  101.51  100.48  100.51  2219000  100.51
2013-11-22  100.72  101.28  100.15  101.26  2014300  101.26
2013-11-21  99.66  100.56  99.5  100.42  2262600  100.42
2013-11-20  100.14  100.23  99.41  99.43  2128400  99.43
2013-11-19  100.47  100.65  99.79  100.01  2447200  100.01
2013-11-18  100.5  101.04  100.26  100.57  2448900  100.57
2013-11-15  100.39  100.66  99.64  100.23  4083600  100.23
2013-11-14  100.06  100.85  99.56  100.26  6082800  100.26
2013-11-13  97.93  99.73  97.84  99.71  3862700  99.71
2013-11-12  97.64  98.77  97.46  98.51  3549900  98.51
2013-11-11  98.21  98.49  97.79  97.98  4214600  97.98
2013-11-08  97.18  98.56  97.18  98.31  3886000  98.31
2013-11-07  98.22  98.62  97.25  97.3  2961400  97.3
2013-11-06  98.99  99.27  97.48  97.8  4088400  97.8
2013-11-05  98.05  99.35  97.71  98.98  3912700  98.98
2013-11-04  97.47  98.59  97.35  98.57  3009600  98.57
2013-11-01  96.99  97.52  96.47  96.93  2944500  96.93
2013-10-31  96.57  97.69  96.06  96.95  4213200  96.95
2013-10-30  96.92  97.49  96.72  96.99  3975200  96.99
2013-10-29  96.54  97.12  95.39  97.02  6452700  97.02
2013-10-28  94.2  97.49  94.2  96.49  5926700  96.49
2013-10-25  95.4  95.72  92.92  94.35  5203400  94.35
2013-10-24  92.94  94.15  92.94  93.25  4802700  93.25
2013-10-23  92.3  92.8  92.0  92.72  2654400  92.72
2013-10-22  92.73  93.6  92.42  92.54  3000900  92.54
2013-10-21  91.88  92.71  91.71  92.55  3778800  92.55
2013-10-18  91.1  91.79  90.73  91.78  3168500  91.78
2013-10-17  90.01  90.8  89.83  90.71  1954900  90.71
2013-10-16  89.37  90.27  89.31  90.13  2607500  90.13
2013-10-15  89.19  90.35  88.99  89.09  3144200  89.09
2013-10-14  89.15  89.49  88.96  89.17  2283200  89.17
2013-10-11  89.03  89.61  89.03  89.58  1825800  89.58
2013-10-10  88.2  89.13  87.74  89.09  2540900  89.09
2013-10-09  88.01  88.08  87.29  87.54  2455300  87.54
2013-10-08  88.7  88.97  87.73  87.76  2149200  87.76
2013-10-07  89.03  89.35  88.36  88.85  1707200  88.85
2013-10-04  88.97  89.88  88.46  89.8  2253700  89.8
2013-10-03  89.9  89.96  88.62  88.92  3168000  88.92
2013-10-02  90.06  90.24  89.63  90.08  2558900  90.08
2013-10-01  90.22  90.64  90.17  90.59  1800900  90.59
2013-09-30  89.5  90.66  89.26  90.17  2436600  90.17
2013-09-27  90.3  90.49  89.56  90.05  2390500  90.05
2013-09-26  89.98  90.59  89.87  90.59  2734300  90.59
2013-09-25  89.99  90.33  89.46  89.8  2544100  89.8
2013-09-24  90.0  90.78  89.84  90.06  2931200  90.06
2013-09-23  90.32  90.39  89.17  90.09  3229200  90.09
2013-09-20  90.52  90.91  90.23  90.35  5317500  90.35
2013-09-19  89.76  90.85  89.62  90.5  3140800  90.5
2013-09-18  88.81  89.91  88.58  89.78  4019200  89.78
2013-09-17  88.44  89.02  88.08  88.71  2355900  88.71
2013-09-16  88.74  89.22  88.34  88.41  3454700  88.41
2013-09-13  87.61  87.83  87.28  87.5  1553100  87.5
2013-09-12  87.7  88.1  87.34  87.43  2187900  87.43
2013-09-11  86.93  87.74  86.77  87.58  2763900  87.58
2013-09-10  86.43  87.04  86.31  86.91  2828000  86.91
2013-09-09  85.78  86.13  85.7  85.99  2099100  85.99
2013-09-06  85.92  86.23  84.93  85.62  1861500  85.62
2013-09-05  85.4  86.11  85.31  85.67  1429700  85.67
2013-09-04  84.94  85.85  84.75  85.41  2187600  85.41
2013-09-03  85.1  85.36  84.57  84.83  2006800  84.83
2013-08-30  84.64  84.81  84.07  84.46  2471100  84.46
2013-08-29  84.35  85.43  84.21  84.58  1571600  84.58
2013-08-28  84.69  84.95  84.47  84.52  1964400  84.52
2013-08-27  85.33  85.43  84.47  84.71  3425100  84.71
2013-08-26  86.0  86.78  86.0  86.05  2208100  86.05
2013-08-23  85.78  86.3  85.73  86.03  1805000  86.03
2013-08-22  84.97  86.16  84.86  85.82  2872900  85.82
2013-08-21  85.13  85.46  84.77  84.96  4179700  84.96
2013-08-20  84.97  85.61  84.79  85.17  2205300  85.17
2013-08-19  84.68  85.12  84.61  84.95  2682500  84.95
2013-08-16  84.71  85.34  84.7  84.92  2822900  84.92
2013-08-15  85.16  85.19  84.27  84.83  4775800  84.83
2013-08-14  85.72  86.02  85.58  85.69  2435400  85.69
2013-08-13  86.09  86.22  85.61  85.94  2384900  85.94
2013-08-12  85.72  86.16  85.64  86.0  2160900  86.0
2013-08-09  86.34  86.5  85.8  86.04  1828100  86.04
2013-08-08  86.41  86.7  86.05  86.35  2029200  86.35
2013-08-07  85.91  86.21  85.6  86.11  2039900  86.11
2013-08-06  86.05  86.91  85.96  86.18  2700700  86.18
2013-08-05  85.86  86.49  85.84  86.09  2086500  86.09
2013-08-02  85.89  86.22  85.63  86.15  2253200  86.15
2013-08-01  85.61  86.71  85.6  86.27  2942300  86.27
2013-07-31  84.64  85.87  84.64  85.05  3386300  85.05
2013-07-30  85.18  85.46  84.56  84.67  3191400  84.67
2013-07-29  85.0  85.3  84.88  85.06  2786000  85.06
2013-07-26  84.7  85.36  84.51  85.24  2820600  85.24
2013-07-25  85.16  85.43  84.56  85.08  3190500  85.08
2013-07-24  86.08  86.29  85.15  85.23  3720300  85.23
2013-07-23  85.95  86.23  84.91  85.75  3141600  85.75
2013-07-22  86.06  86.36  85.65  85.85  2946200  85.85
2013-07-19  86.14  86.32  85.63  86.31  3172000  86.31
2013-07-18  84.97  86.53  84.87  86.08  4752400  86.08
2013-07-17  84.68  85.05  84.52  84.91  3185700  84.91
2013-07-16  83.78  84.33  83.53  84.25  4152400  84.25
2013-07-15  83.91  84.57  83.73  83.76  6194200  83.76
2013-07-12  84.85  85.74  83.77  84.39  15335100  84.39
2013-07-11  89.41  89.93  89.23  89.61  3446700  89.61
2013-07-10  87.82  89.19  87.62  88.42  3625400  88.42
2013-07-09  86.85  89.2  86.85  87.92  5645300  87.92
2013-07-08  86.23  86.99  86.08  86.57  2852500  86.57
2013-07-05  84.94  85.96  84.89  85.78  1994800  85.78
2013-07-03  84.61  84.74  84.12  84.43  1223300  84.43
2013-07-02  85.13  85.72  84.54  84.87  2127800  84.87
2013-07-01  85.17  85.89  85.12  85.3  2556200  85.3
2013-06-28  85.22  85.7  84.73  84.74  3271100  84.74
2013-06-27  85.27  85.55  84.88  85.34  3002700  85.34
2013-06-26  84.57  85.17  84.47  84.68  2291800  84.68
2013-06-25  84.09  84.3  83.57  83.99  2661300  83.99
2013-06-24  83.27  84.55  82.99  83.55  3472300  83.55
2013-06-21  83.87  84.13  83.2  83.69  4676900  83.69
2013-06-20  84.09  84.11  82.68  83.18  4213900  83.18
2013-06-19  85.76  85.89  84.57  84.63  3027000  84.63
2013-06-18  85.05  86.05  85.02  85.67  2916200  85.67
2013-06-17  84.7  85.05  84.23  84.8  3198600  84.8
2013-06-14  84.49  85.06  83.87  84.18  2505600  84.18
2013-06-13  83.79  84.74  83.39  84.58  2282000  84.58
2013-06-12  84.49  84.68  83.43  83.79  2771200  83.79
2013-06-11  84.02  84.52  83.78  83.93  2478600  83.93
2013-06-10  84.8  84.83  84.21  84.61  2101600  84.61
2013-06-07  83.49  84.76  83.39  84.63  4231900  84.63
2013-06-06  83.0  83.33  82.5  83.05  3918000  83.05
2013-06-05  84.04  84.18  82.98  83.25  4156200  83.25
2013-06-04  84.51  85.09  84.05  84.23  3454900  84.23
2013-06-03  84.14  84.68  83.89  84.51  4186800  84.51
2013-05-31  84.58  85.03  84.14  84.17  4082000  84.17
2013-05-30  84.67  85.02  84.57  84.62  2882600  84.62
2013-05-29  84.61  84.86  84.33  84.6  3306300  84.6
2013-05-28  85.47  85.73  84.62  85.0  4191300  85.0
2013-05-24  84.97  85.15  84.64  85.08  3587400  85.08
2013-05-23  85.83  86.04  85.25  85.55  5157400  85.55
2013-05-22  86.95  87.74  86.01  86.37  4191600  86.37
2013-05-21  86.76  87.62  86.73  86.99  2907300  86.99
2013-05-20  86.84  87.06  86.57  86.77  2640000  86.77
2013-05-17  86.18  86.95  86.1  86.91  3440500  86.91
2013-05-16  86.61  86.86  85.93  86.08  3115400  86.08
2013-05-15  86.57  86.91  86.33  86.82  3534400  86.82
2013-05-14  86.48  86.93  86.38  86.62  3233400  86.62
2013-05-13  86.37  86.6  86.03  86.27  1858700  86.27
2013-05-10  86.38  87.04  86.33  86.56  2604900  86.56
2013-05-09  86.71  87.2  86.25  86.45  4937000  86.45
2013-05-08  86.01  87.53  85.47  86.63  6309100  86.63
2013-05-07  85.07  86.55  84.96  86.27  4853800  86.27
2013-05-06  83.8  85.19  83.75  84.69  3259000  84.69
2013-05-03  83.61  84.15  83.49  83.77  3471700  83.77
2013-05-02  82.54  83.15  82.51  83.03  3566400  83.03
2013-05-01  83.5  83.58  82.36  82.53  3372200  82.53
2013-04-30  84.07  84.07  83.31  83.53  4296400  83.53
2013-04-29  83.45  84.12  83.29  83.94  3000300  83.94
2013-04-26  83.06  83.66  82.84  83.4  3266300  83.4
2013-04-25  82.27  83.57  81.91  83.12  4825000  83.12
2013-04-24  81.54  81.68  80.88  81.25  4387400  81.25
2013-04-23  81.13  81.72  80.77  81.48  3729400  81.48
2013-04-22  80.78  81.19  80.03  81.02  3410400  81.02
2013-04-19  80.45  81.18  80.19  80.75  3115200  80.75
2013-04-18  80.81  80.95  79.74  80.15  4188900  80.15
2013-04-17  80.66  80.77  79.88  80.3  3113900  80.3
2013-04-16  80.64  80.99  80.28  80.98  2365500  80.98
2013-04-15  81.71  81.82  80.15  80.19  3678000  80.19
2013-04-12  81.88  82.1  81.62  81.87  2491500  81.87
2013-04-11  82.38  82.5  81.9  82.05  3788200  82.05
2013-04-10  81.47  82.53  81.41  82.28  3446100  82.28
2013-04-09  81.25  81.56  80.74  81.3  3164600  81.3
2013-04-08  81.3  81.45  80.62  80.99  3057900  80.99
2013-04-05  80.58  81.39  80.11  81.29  3031000  81.29
2013-04-04  81.21  81.59  81.02  81.41  2730700  81.41
2013-04-03  81.74  81.81  80.87  81.08  4010900  81.08
2013-04-02  81.58  82.08  81.4  81.66  4133000  81.66
2013-04-01  83.49  83.63  82.05  82.19  2959800  82.19
2013-03-28  82.86  83.61  82.71  83.58  3498300  83.58
2013-03-27  82.56  83.24  82.37  83.13  2611500  83.13
2013-03-26  82.57  82.79  82.24  82.75  3184600  82.75
2013-03-25  82.69  82.74  81.84  82.33  4080300  82.33
2013-03-22  81.06  82.58  81.03  82.48  4667000  82.48
2013-03-21  81.53  81.88  80.44  80.76  5824100  80.76
2013-03-20  81.91  82.67  81.58  81.77  5285400  81.77
2013-03-19  83.26  83.54  82.54  82.79  3640300  82.79
2013-03-18  82.53  83.31  82.31  83.13  3374300  83.13
2013-03-15  82.86  83.35  82.69  83.17  5015600  83.17
2013-03-14  82.92  83.39  82.88  83.32  3410800  83.32
2013-03-13  82.25  83.02  82.2  82.88  2885700  82.88
2013-03-12  82.51  82.66  81.85  82.25  2503500  82.25
2013-03-11  82.06  82.66  82.06  82.4  2793400  82.4
2013-03-08  82.41  82.46  81.97  82.16  2225800  82.16
2013-03-07  82.17  82.37  81.72  82.03  2404600  82.03
2013-03-06  82.24  82.45  81.94  82.15  3221500  82.15
2013-03-05  80.98  82.18  80.88  81.8  3581100  81.8
2013-03-04  80.61  80.71  80.17  80.69  2737600  80.69
2013-03-01  80.33  80.76  80.07  80.64  2722800  80.64
2013-02-28  80.75  80.96  80.42  80.42  3744700  80.42
2013-02-27  79.64  80.85  79.58  80.6  4015400  80.6
2013-02-26  80.11  80.28  79.31  79.73  3806400  79.73
2013-02-25  81.03  81.41  79.73  79.73  3996800  79.73
2013-02-22  80.75  80.94  80.44  80.7  2394500  80.7
2013-02-21  80.63  80.9  80.05  80.38  5027400  80.38
2013-02-20  81.75  81.8  80.95  80.95  4456000  80.95
2013-02-19  80.65  81.98  80.63  81.87  5442400  81.87
2013-02-15  80.3  81.24  79.96  80.63  4983000  80.63
2013-02-14  79.39  80.01  79.1  79.87  3761400  79.87
2013-02-13  79.62  79.86  79.57  79.68  2926400  79.68
2013-02-12  80.23  80.24  79.42  79.5  3941800  79.5
2013-02-11  79.31  79.91  79.31  79.87  3063900  79.87
2013-02-08  78.96  79.65  78.87  79.57  3805400  79.57
2013-02-07  78.1  79.02  77.92  79.01  4602400  79.01
2013-02-06  77.68  78.2  77.54  78.15  3733500  78.15
2013-02-05  77.5  78.19  77.31  78.04  3394100  78.04
2013-02-04  76.89  77.51  76.79  77.18  4074200  77.18
2013-02-01  76.5  77.27  76.3  77.24  5220500  77.24
2013-01-31  77.02  78.07  76.54  76.58  9502800  76.58
2013-01-30  79.15  79.37  78.43  78.46  3877000  78.46
2013-01-29  79.6  79.68  79.24  79.4  4021600  79.4
2013-01-28  79.8  79.92  79.06  79.69  3083800  79.69
2013-01-25  79.57  79.93  79.04  79.63  4211300  79.63
2013-01-24  78.19  79.67  78.04  79.33  6434300  79.33
2013-01-23  77.62  78.12  77.48  77.6  3029500  77.6
2013-01-22  77.21  77.93  77.17  77.92  3310000  77.92
2013-01-18  77.22  77.57  76.6  77.51  5850000  77.51
2013-01-17  77.09  77.32  76.89  77.07  3076500  77.07
2013-01-16  76.35  76.99  76.3  76.94  3018700  76.94
2013-01-15  76.05  76.69  75.9  76.62  3562200  76.62
2013-01-14  75.97  77.09  75.85  76.53  7255400  76.53
2013-01-11  75.68  75.75  75.12  75.26  2323800  75.26
2013-01-10  74.53  75.55  74.37  75.53  4761000  75.53
2013-01-09  73.69  74.47  73.65  74.37  3123900  74.37
2013-01-08  73.56  73.82  73.22  73.54  2653300  73.54
2013-01-07  73.84  74.08  73.61  73.74  2955900  73.74
2013-01-04  73.9  74.34  73.81  73.96  2632000  73.96
2013-01-03  73.64  73.91  73.38  73.77  4528900  73.77
2013-01-02  72.52  73.7  72.45  73.7  4810800  73.7
2012-12-31  70.31  71.31  70.1  71.21  4700000  71.21
2012-12-28  71.04  71.42  70.32  70.34  2599500  70.34
2012-12-27  71.63  71.78  70.7  71.39  3355100  71.39
2012-12-26  72.1  72.28  71.52  71.72  1917000  71.72
2012-12-24  72.19  72.37  71.85  72.09  1451400  72.09
2012-12-21  72.05  72.48  71.74  72.28  5567400  72.28
2012-12-20  72.82  72.98  72.09  72.56  3631700  72.56
2012-12-19  72.75  73.6  72.55  73.03  6184000  73.03
2012-12-18  70.81  72.5  70.51  72.49  6385800  72.49
2012-12-17  70.65  70.89  70.46  70.85  2950300  70.85
2012-12-14  70.74  71.05  70.23  70.36  2874800  70.36
2012-12-13  70.99  71.32  70.53  70.85  2753300  70.85
2012-12-12  71.34  71.52  70.82  70.92  2749500  70.92
2012-12-11  71.21  71.72  70.83  71.24  3021900  71.24
2012-12-10  70.62  71.42  70.59  71.16  3018600  71.16
2012-12-07  70.59  70.97  70.26  70.67  4098100  70.67
2012-12-06  71.23  71.31  70.16  70.44  4269300  70.44
2012-12-05  70.65  71.16  70.21  70.99  3216100  70.99
2012-12-04  69.81  70.87  69.51  70.55  3832800  70.55
2012-12-03  70.99  70.99  69.73  69.8  2703800  69.8
2012-11-30  70.94  70.99  70.2  70.61  3520000  70.61
2012-11-29  70.51  71.31  70.48  71.05  4449100  71.05
2012-11-28  69.56  70.26  69.31  70.23  2523200  70.23
2012-11-27  70.19  70.37  69.65  69.7  2355900  69.7
2012-11-26  69.38  70.13  69.38  70.1  3433900  70.1
2012-11-23  69.08  69.62  68.94  69.52  1594600  69.52
2012-11-21  69.02  69.24  68.8  68.96  2157100  68.96
2012-11-20  68.83  69.04  68.48  68.9  3226400  68.9
2012-11-19  68.29  69.0  67.93  69.0  4126100  69.0
2012-11-16  68.42  68.42  67.34  67.63  4610300  67.63
2012-11-15  67.61  67.99  67.19  67.93  4172200  67.93
2012-11-14  68.82  69.12  67.13  67.35  4037100  67.35
2012-11-13  68.88  69.64  68.8  68.84  2194100  68.84
2012-11-12  69.2  69.58  68.85  69.26  1835300  69.26
2012-11-09  69.23  69.81  68.92  69.22  3607300  69.22
2012-11-08  69.51  70.32  69.45  69.54  3695100  69.54
2012-11-07  70.73  70.73  69.27  69.94  3866200  69.94
2012-11-06  70.58  71.06  70.13  70.48  3832500  70.48
2012-11-05  70.47  70.53  70.16  70.37  3312700  70.37
2012-11-02  71.12  71.38  70.31  70.4  3158800  70.4
2012-11-01  70.3  71.01  69.99  70.8  3674900  70.8
2012-10-31  70.36  70.98  69.93  70.17  3002000  70.17
2012-10-26  70.3  70.48  69.69  69.95  3044500  69.95
2012-10-25  70.33  70.36  69.82  70.13  3080100  70.13
2012-10-24  70.86  70.95  69.93  70.05  3894200  70.05
2012-10-23  70.13  71.02  69.7  70.63  8209600  70.63
2012-10-22  69.02  69.11  68.04  68.56  6481900  68.56
2012-10-19  69.96  70.37  68.89  69.26  5469900  69.26
2012-10-18  70.23  70.78  70.04  70.52  3003900  70.52
2012-10-17  70.24  70.35  69.86  70.21  2913500  70.21
2012-10-16  69.38  70.31  69.26  70.04  2755500  70.04
2012-10-15  69.17  69.76  69.12  69.54  2407000  69.54
2012-10-12  69.52  69.79  68.96  69.08  2335800  69.08
2012-10-11  69.84  70.01  69.22  69.26  3006700  69.26
2012-10-10  70.73  70.78  69.21  69.23  4014900  69.23
2012-10-09  70.77  70.89  69.85  69.95  2328800  69.95
2012-10-08  70.0  70.77  69.69  70.66  2949500  70.66
2012-10-05  70.23  70.78  69.92  70.03  3964000  70.03
2012-10-04  70.02  70.55  69.77  69.91  3868100  69.91
2012-10-03  69.24  70.38  69.01  70.31  5109300  70.31
2012-10-02  69.24  69.46  68.68  69.0  2791300  69.0
2012-10-01  69.07  69.85  68.7  68.99  3788900  68.99
2012-09-28  68.86  68.88  68.26  68.57  3350900  68.57
2012-09-27  68.9  69.21  68.58  69.0  2651100  69.0
2012-09-26  69.08  69.23  68.68  68.77  3928100  68.77
2012-09-25  69.21  70.44  69.0  69.04  7047400  69.04
2012-09-24  68.77  69.3  68.5  69.01  5919700  69.01
2012-09-21  69.29  69.88  68.19  68.86  29326400  68.86
2012-09-20  70.69  70.99  69.32  69.56  8127000  69.56
2012-09-19  71.01  71.72  70.32  71.15  4477700  71.15
2012-09-18  70.76  71.15  70.24  70.42  3774600  70.42
2012-09-17  70.42  71.37  70.35  71.11  4361200  71.11
2012-09-14  71.47  71.51  70.47  70.59  6255200  70.59
2012-09-13  70.29  72.09  70.03  71.59  4915600  71.59
2012-09-12  70.73  70.83  69.86  70.55  3917800  70.55
2012-09-11  69.87  70.67  69.54  70.45  3914900  70.45
2012-09-10  69.2  70.23  69.2  69.98  4762600  69.98
2012-09-07  68.98  69.56  68.86  69.55  4799000  69.55
2012-09-06  69.11  69.99  68.61  68.92  8389000  68.92
2012-09-05  69.46  69.72  68.78  68.92  10182200  68.92
2012-09-04  70.49  70.82  70.23  70.61  4513400  70.61
2012-08-31  70.96  71.23  70.48  70.71  2717800  70.71
2012-08-30  70.86  71.05  70.64  70.72  2587000  70.72
2012-08-29  71.51  71.58  71.11  71.18  2829800  71.18
2012-08-28  71.92  72.03  71.37  71.46  2954300  71.46
2012-08-27  72.6  72.76  71.98  72.1  1893300  72.1
2012-08-24  72.36  72.68  72.12  72.54  2253000  72.54
2012-08-23  72.79  73.07  72.11  72.5  2312100  72.5
2012-08-22  72.8  73.25  72.53  72.94  2142500  72.94
2012-08-21  73.22  73.65  72.64  72.71  2732700  72.71
2012-08-20  73.19  73.5  73.02  73.23  2186100  73.23
2012-08-17  73.47  73.47  73.13  73.28  1746300  73.28
2012-08-16  72.97  73.47  72.84  73.16  2153200  73.16
2012-08-15  72.4  73.04  72.26  72.82  2349200  72.82
2012-08-14  72.7  72.77  72.26  72.44  2197300  72.44
2012-08-13  72.27  72.43  71.93  72.41  1624000  72.41
2012-08-10  72.23  72.6  71.89  72.55  2222600  72.55
2012-08-09  71.97  72.4  71.62  72.3  2868400  72.3
2012-08-08  72.27  72.37  71.86  72.06  2261400  72.06
2012-08-07  72.29  72.5  72.06  72.35  2156600  72.35
2012-08-06  72.26  72.65  71.88  71.91  2104600  71.91
2012-08-03  72.11  72.74  71.97  72.04  2844400  72.04
2012-08-02  71.26  71.61  70.44  71.32  3111800  71.32
2012-08-01  72.09  72.27  71.11  71.46  3493000  71.46
2012-07-31  72.36  72.5  71.83  71.9  2815200  71.9
2012-07-30  72.2  72.61  71.88  72.49  2770100  72.49
2012-07-27  71.54  72.71  71.41  72.27  3446900  72.27
2012-07-26  71.52  71.99  70.87  71.19  4625200  71.19
2012-07-25  70.62  71.27  70.14  70.62  4243700  70.62
2012-07-24  71.55  72.98  69.9  70.69  12643000  70.69
2012-07-23  74.0  74.31  72.64  74.12  4214400  74.12
2012-07-20  75.88  75.88  74.5  74.6  4664000  74.6
2012-07-19  76.16  76.45  75.75  76.04  3199200  76.04
2012-07-18  75.13  76.57  75.12  76.27  3722000  76.27
2012-07-17  75.53  75.59  74.51  75.43  2981500  75.43
2012-07-16  75.71  75.71  75.07  75.28  2634100  75.28
2012-07-13  74.65  75.83  74.65  75.54  3462400  75.54
2012-07-12  74.74  75.21  74.05  74.73  3637000  74.73
2012-07-11  74.81  75.23  74.48  75.01  3768800  75.01
2012-07-10  75.73  75.76  74.32  74.72  3230600  74.72
2012-07-09  75.39  75.66  75.04  75.31  2357600  75.31
2012-07-06  75.52  75.95  75.05  75.47  3014400  75.47
2012-07-05  75.41  76.28  75.12  75.99  3660800  75.99
2012-07-03  74.66  75.82  74.34  75.57  2817400  75.57
2012-07-02  74.39  74.92  73.8  74.83  3584100  74.83
2012-06-29  73.62  74.89  73.48  74.89  4822400  74.89
2012-06-28  72.8  73.48  72.15  73.32  2512300  73.32
2012-06-27  72.55  73.15  72.55  73.02  1942600  73.02
2012-06-26  72.68  72.95  71.91  72.61  2309900  72.61
2012-06-25  73.26  73.35  72.37  72.69  2557400  72.69
2012-06-22  73.47  74.11  73.02  73.89  3830200  73.89
2012-06-21  74.63  74.74  73.23  73.31  3709400  73.31
2012-06-20  74.46  74.61  73.69  74.33  2577100  74.33
2012-06-19  73.84  74.64  73.84  74.32  2814500  74.32
2012-06-18  73.61  74.28  73.29  73.97  3083500  73.97
2012-06-15  74.16  74.21  73.39  73.72  4579600  73.72
2012-06-14  72.7  74.01  72.59  73.57  3693200  73.57
2012-06-13  72.35  73.03  72.01  72.52  2851400  72.52
2012-06-12  72.41  72.56  71.75  72.45  3416900  72.45
2012-06-11  73.23  73.34  72.0  72.11  2316800  72.11
2012-06-08  71.72  72.89  71.72  72.87  3562900  72.87
2012-06-07  71.76  72.36  71.54  71.76  3997000  71.76
2012-06-06  69.46  71.3  69.46  71.3  4085800  71.3
2012-06-05  69.12  69.46  68.6  69.22  2762400  69.22
2012-06-04  69.76  69.95  69.0  69.41  3605000  69.41
2012-06-01  70.36  70.56  69.54  69.65  4813300  69.65
2012-05-31  70.97  71.56  70.0  71.26  4673900  71.26
2012-05-30  71.49  71.77  70.86  70.95  3140700  70.95
2012-05-29  71.69  72.33  71.42  71.8  2342900  71.8
2012-05-25  71.95  71.95  71.05  71.26  1998600  71.26
2012-05-24  71.53  72.05  70.91  71.49  3607100  71.49
2012-05-23  70.63  71.51  69.95  71.32  4455500  71.32
2012-05-22  70.93  71.6  70.64  71.09  3662500  71.09
2012-05-21  70.64  71.14  70.39  70.97  3667900  70.97
2012-05-18  71.46  71.64  70.23  70.39  4986700  70.39
2012-05-17  72.21  72.4  71.11  71.14  3099300  71.14
2012-05-16  72.58  73.17  72.17  72.19  3047700  72.19
2012-05-15  72.27  73.01  72.13  72.34  3022100  72.34
2012-05-14  72.21  73.08  71.95  72.47  2629700  72.47
2012-05-11  72.62  73.3  72.55  72.68  2529800  72.68
2012-05-10  73.67  73.91  72.74  72.85  2984900  72.85
2012-05-09  72.87  73.22  72.4  72.82  3984600  72.82
2012-05-08  73.18  73.56  73.06  73.3  6463400  73.3
2012-05-07  73.01  73.97  72.89  73.43  2953900  73.43
2012-05-04  73.53  73.86  72.91  73.37  3991500  73.37
2012-05-03  74.08  74.23  73.68  73.69  3025300  73.69
2012-05-02  73.88  74.21  73.68  74.02  4227400  74.02
2012-05-01  73.75  74.48  73.58  74.06  3313400  74.06
2012-04-30  73.85  74.33  73.52  73.75  2405100  73.75
2012-04-27  74.01  74.56  73.6  74.04  3788600  74.04
2012-04-26  73.23  73.9  72.26  73.86  8120500  73.86
2012-04-25  75.45  75.6  74.97  75.18  3318200  75.18
2012-04-24  74.85  75.64  74.72  75.0  2874800  75.0
2012-04-23  75.56  75.56  74.06  74.59  4307900  74.59
2012-04-20  75.5  76.01  74.84  75.76  4216000  75.76
2012-04-19  76.06  76.12  74.96  75.38  3471400  75.38
2012-04-18  75.6  76.42  75.45  75.97  3696500  75.97
2012-04-17  75.35  76.12  75.29  75.79  3541700  75.79
2012-04-16  75.3  75.39  74.66  75.09  3212400  75.09
2012-04-13  74.84  75.22  74.2  75.09  3945000  75.09
2012-04-12  74.51  75.14  74.32  74.96  4016100  74.96
2012-04-11  74.5  75.03  74.3  74.37  3998400  74.37
2012-04-10  74.5  74.61  73.65  73.93  4226800  73.93
2012-04-09  74.89  75.1  74.51  74.74  2386200  74.74
2012-04-05  75.04  75.75  74.87  75.68  2389200  75.68
2012-04-04  75.69  75.86  75.16  75.38  2629600  75.38
2012-04-03  76.25  76.25  75.45  76.0  2947100  76.0
2012-04-02  75.8  76.42  75.62  76.14  2979300  76.14
2012-03-30  75.73  76.27  75.52  76.19  3470100  76.19
2012-03-29  75.27  75.55  74.43  75.37  3231500  75.37
2012-03-28  75.71  75.91  74.99  75.55  3656600  75.55
2012-03-27  76.4  76.46  75.83  75.88  3059400  75.88
2012-03-26  75.76  76.3  75.76  76.05  3218600  76.05
2012-03-23  75.69  75.75  74.85  75.24  4198300  75.24
2012-03-22  75.24  75.92  75.01  75.77  3711800  75.77
2012-03-21  75.89  76.21  75.47  75.99  3846800  75.99
2012-03-20  75.84  76.19  75.46  75.88  5137500  75.88
2012-03-19  75.16  77.2  74.93  76.56  11886200  76.56
2012-03-16  74.5  74.69  74.0  74.01  4612000  74.01
2012-03-15  73.86  74.55  73.53  74.51  3956700  74.51
2012-03-14  73.93  74.05  73.63  73.85  3453000  73.85
2012-03-13  73.4  74.03  73.21  73.97  4442600  73.97
2012-03-12  73.05  73.42  72.79  73.33  3243400  73.33
2012-03-09  72.6  73.08  72.15  72.83  2954900  72.83
2012-03-08  71.99  72.57  71.77  72.41  3405400  72.41
2012-03-07  71.34  71.88  71.32  71.73  2552500  71.73
2012-03-06  71.45  71.95  71.15  71.37  3290300  71.37
2012-03-05  72.25  72.28  71.67  72.04  2102500  72.04
2012-03-02  71.82  72.67  71.82  72.24  1992900  72.24
2012-03-01  72.82  72.92  72.29  72.57  3659700  72.57
2012-02-29  72.55  72.77  72.05  72.67  4314300  72.67
2012-02-28  72.36  72.77  72.16  72.55  3209000  72.55
2012-02-27  72.05  72.81  71.58  72.46  3439000  72.46
2012-02-24  72.29  72.47  71.99  72.21  3575300  72.21
2012-02-23  71.74  72.48  71.54  72.34  3018200  72.34
2012-02-22  72.01  72.27  71.56  71.64  3284900  71.64
2012-02-21  72.64  72.76  71.79  72.11  3652400  72.11
2012-02-17  72.76  72.95  71.22  72.45  7105100  72.45
2012-02-16  71.92  72.54  71.79  72.45  3692400  72.45
2012-02-15  72.44  72.44  71.53  71.88  3424300  71.88
2012-02-14  72.17  72.34  71.81  72.24  2918600  72.24
2012-02-13  72.1  72.38  71.69  72.29  3115800  72.29
2012-02-10  71.3  71.92  71.18  71.85  3620600  71.85
2012-02-09  71.99  72.16  71.43  71.73  3848700  71.73
2012-02-08  72.3  72.42  71.9  72.06  3262300  72.06
2012-02-07  71.73  72.65  71.52  72.41  5027900  72.41
2012-02-06  71.69  72.17  71.69  72.06  3922300  72.06
2012-02-03  72.22  72.46  71.8  71.86  4149200  71.86
2012-02-02  72.12  72.29  71.46  71.56  3043100  71.56
2012-02-01  71.55  72.3  70.97  71.93  7305600  71.93
2012-01-31  71.7  72.07  70.11  70.87  6997700  70.87
2012-01-30  70.78  71.58  70.73  71.34  4318400  71.34
2012-01-27  71.1  71.68  70.85  71.24  4284000  71.24
2012-01-26  70.91  71.57  70.79  71.05  4011600  71.05
2012-01-25  70.03  70.96  69.88  70.84  4219800  70.84
2012-01-24  69.95  70.34  69.75  70.26  3577700  70.26
2012-01-23  70.69  70.73  69.97  70.39  3198600  70.39
2012-01-20  70.56  70.84  70.27  70.66  5051000  70.66
2012-01-19  70.23  70.8  70.23  70.55  4714100  70.55
2012-01-18  69.58  70.4  69.41  70.2  4578400  70.2
2012-01-17  69.92  70.03  69.23  69.51  4093200  69.51
2012-01-13  68.57  69.58  68.39  69.48  5020600  69.48
2012-01-12  69.71  70.23  69.71  70.02  2777700  70.02
2012-01-11  69.31  70.04  69.12  69.9  4047500  69.9
2012-01-10  69.29  70.02  68.67  69.5  3803700  69.5
2012-01-09  68.62  68.86  68.23  68.81  3959000  68.81
2012-01-06  68.51  69.27  68.44  68.84  3177500  68.84
2012-01-05  68.82  68.86  67.59  68.5  5064700  68.5
2012-01-04  69.26  69.68  68.88  69.18  3698900  69.18
2012-01-03  69.34  70.19  69.17  69.48  5152300  69.48
2011-12-30  68.91  69.09  68.5  68.57  1774600  68.57
2011-12-29  68.23  68.98  68.22  68.89  1926900  68.89
2011-12-28  68.84  68.9  67.92  68.14  2098500  68.14
2011-12-27  68.77  69.15  68.51  68.85  1337000  68.85
2011-12-23  68.53  68.84  68.31  68.83  1870500  68.83
2011-12-22  68.14  68.79  68.05  68.39  3819000  68.39
2011-12-21  68.15  68.31  67.37  67.89  3105800  67.89
2011-12-20  67.28  68.19  67.1  67.98  3615300  67.98
2011-12-19  67.44  67.74  66.1  66.33  3735400  66.33
2011-12-16  67.54  67.83  66.86  67.23  6937500  67.23
2011-12-15  67.19  67.68  66.87  67.03  6363900  67.03
2011-12-14  66.31  66.89  65.94  66.18  4714700  66.18
2011-12-13  67.5  67.88  66.19  66.56  5511200  66.56
2011-12-12  67.29  67.35  66.54  67.3  4156600  67.3
2011-12-09  67.8  68.05  67.22  67.87  3741900  67.87
2011-12-08  68.29  68.67  67.26  67.47  5756800  67.47
2011-12-07  67.19  69.01  66.98  68.68  7583000  68.68
2011-12-06  67.64  67.69  66.98  67.27  3468500  67.27
2011-12-05  67.4  67.87  67.0  67.41  4760000  67.41
2011-12-02  67.23  67.54  66.51  66.58  4107400  66.58
2011-12-01  67.05  67.2  66.52  66.64  3766300  66.64
2011-11-30  65.6  67.27  65.53  67.22  6995600  67.22
2011-11-29  64.27  64.76  64.02  64.09  3121300  64.09
2011-11-28  63.88  64.44  63.46  63.93  4618600  63.93
2011-11-25  62.32  62.91  62.26  62.26  1690700  62.26
2011-11-23  63.28  63.31  62.68  62.68  5294900  62.68
2011-11-22  63.89  64.41  63.55  63.74  3331300  63.74
2011-11-21  63.82  64.06  63.34  63.91  4399200  63.91
2011-11-18  64.92  65.08  64.45  64.77  3691500  64.77
2011-11-17  64.65  65.4  64.17  64.58  4913400  64.58
2011-11-16  65.63  65.78  64.77  64.93  4903900  64.93
2011-11-15  65.64  66.56  65.64  66.11  4446400  66.11
2011-11-14  65.98  66.31  65.47  65.81  3116100  65.81
2011-11-11  66.25  66.8  66.19  66.31  3051700  66.31
2011-11-10  65.52  65.89  65.04  65.47  4910100  65.47
2011-11-09  65.55  65.74  64.26  64.63  5680200  64.63
2011-11-08  65.7  66.65  65.44  66.54  4106500  66.54
2011-11-07  64.99  65.79  64.51  65.53  3150800  65.53
2011-11-04  65.16  65.28  64.19  65.09  4583400  65.09
2011-11-03  64.99  65.84  64.34  65.62  3802200  65.62
2011-11-02  64.61  65.1  63.92  64.5  3443700  64.5
2011-11-01  64.36  64.82  63.56  63.8  5585000  63.8
2011-10-31  65.79  66.23  65.31  65.33  3634400  65.33
2011-10-28  66.19  67.0  66.15  66.49  3817900  66.49
2011-10-27  65.81  66.96  65.41  66.54  5827200  66.54
2011-10-26  64.64  65.29  63.48  64.53  5992600  64.53
2011-10-25  64.45  65.1  63.45  64.5  6197000  64.5
2011-10-24  65.42  66.63  65.3  65.91  6009000  65.91
2011-10-21  64.97  65.76  64.65  65.16  7502600  65.16
2011-10-20  64.14  64.88  63.38  64.36  3581700  64.36
2011-10-19  64.46  64.84  63.72  64.01  3320800  64.01
2011-10-18  63.21  65.04  62.88  64.41  4269500  64.41
2011-10-17  63.74  64.36  63.05  63.25  3773300  63.25
2011-10-14  64.12  64.45  63.53  64.14  3865700  64.14
2011-10-13  63.26  63.62  63.01  63.33  3312000  63.33
2011-10-12  63.47  64.47  63.46  63.76  4852400  63.76
2011-10-11  62.72  63.39  62.56  63.2  2737400  63.2
2011-10-10  62.78  63.11  62.41  63.11  3491000  63.11
2011-10-07  62.26  62.31  60.92  61.62  5511000  61.62
2011-10-06  60.73  61.97  60.33  61.87  4255600  61.87
2011-10-05  59.62  61.26  59.47  60.98  6314100  60.98
2011-10-04  57.32  59.68  56.99  59.58  8300000  59.58
2011-10-03  58.7  59.67  57.86  57.87  6140400  57.87
2011-09-30  59.54  60.16  58.7  58.73  6157000  58.73
2011-09-29  59.68  60.16  59.07  60.15  5197500  60.15
2011-09-28  59.77  59.99  58.65  58.73  4261600  58.73
2011-09-27  60.23  60.63  59.22  59.53  5103800  59.53
2011-09-26  58.09  58.89  57.52  58.79  5466600  58.79
2011-09-23  57.56  58.15  56.84  57.66  9247700  57.66
2011-09-22  58.21  58.93  57.08  57.82  12778100  57.82
2011-09-21  61.48  61.48  59.81  59.84  6587200  59.84
2011-09-20  61.52  62.59  60.76  61.58  5804200  61.58
2011-09-19  60.97  61.39  60.19  61.2  6386200  61.2
2011-09-16  61.68  62.1  60.64  61.93  8253100  61.93
2011-09-15  62.34  62.77  61.09  61.55  7860700  61.55
2011-09-14  60.77  62.73  60.24  61.53  8365100  61.53
2011-09-13  59.46  60.7  59.43  60.15  6061100  60.15
2011-09-12  58.71  59.47  58.02  59.4  6720300  59.4
2011-09-09  59.76  60.25  59.16  59.73  6722200  59.73
2011-09-08  60.17  61.17  60.03  60.36  4822100  60.36
2011-09-07  60.7  60.83  59.87  60.44  7151300  60.44
2011-09-06  59.78  60.18  58.9  59.85  7391900  59.85
2011-09-02  61.38  61.57  60.71  61.02  5252000  61.02
2011-09-01  62.62  63.64  61.85  62.01  6335100  62.01
2011-08-31  63.01  63.75  62.32  62.68  5617100  62.68
2011-08-30  61.84  62.97  61.64  62.53  4477700  62.53
2011-08-29  60.8  62.26  60.8  62.06  4593200  62.06
2011-08-26  58.82  60.39  57.85  60.17  4754900  60.17
2011-08-25  60.42  60.63  58.94  59.21  5316800  59.21
2011-08-24  59.26  60.52  59.14  60.29  4596900  60.29
2011-08-23  57.84  59.45  57.54  59.37  5478800  59.37
2011-08-22  58.56  58.74  57.31  57.66  4648300  57.66
2011-08-19  57.23  58.66  57.22  57.38  6606800  57.38
2011-08-18  58.82  58.88  56.95  57.92  8434100  57.92
2011-08-17  60.35  60.94  59.53  60.04  5166600  60.04
2011-08-16  60.08  60.53  59.5  60.15  5874000  60.15
2011-08-15  60.75  60.85  59.92  60.78  4226200  60.78
2011-08-12  60.0  60.65  59.41  60.15  5740100  60.15
2011-08-11  57.67  60.84  57.23  59.71  11682900  59.71
2011-08-10  58.52  59.02  56.91  57.19  10562000  57.19
2011-08-09  57.32  59.24  56.04  59.14  13460000  59.14
2011-08-08  59.21  60.66  57.15  57.57  13977300  57.57
2011-08-05  61.05  61.79  59.42  60.61  10325100  60.61
2011-08-04  61.33  61.64  60.15  60.18  8060900  60.18
2011-08-03  61.26  62.26  60.93  62.05  6849000  62.05
2011-08-02  61.98  62.18  61.09  61.15  7928900  61.15
2011-08-01  64.46  64.46  61.82  62.39  8837400  62.39
2011-07-29  63.32  64.28  63.07  63.86  6237100  63.86
2011-07-28  64.78  65.14  63.63  63.79  7355600  63.79
2011-07-27  65.64  65.67  64.5  64.78  7097100  64.78
2011-07-26  66.74  66.79  64.23  66.05  12590500  66.05
2011-07-25  67.87  68.63  67.56  68.32  3452300  68.32
2011-07-22  68.49  68.89  68.24  68.42  2886800  68.42
2011-07-21  68.12  69.18  68.06  68.64  4600800  68.64
2011-07-20  67.78  68.03  67.49  67.83  2692300  67.83
2011-07-19  67.2  67.83  67.08  67.72  3096000  67.72
2011-07-18  67.27  67.36  66.56  66.82  3337600  66.82
2011-07-15  67.95  67.95  66.73  67.42  4210000  67.42
2011-07-14  67.73  68.29  67.31  67.68  3552200  67.68
2011-07-13  67.95  68.41  67.55  67.74  2704700  67.74
2011-07-12  67.81  68.34  67.51  67.58  3836900  67.58
2011-07-11  68.41  68.42  67.54  68.03  3704100  68.03
2011-07-08  69.0  69.15  68.39  68.8  4053100  68.8
2011-07-07  69.12  69.94  68.83  69.54  4707200  69.54
2011-07-06  68.04  69.17  68.02  68.73  4803500  68.73
2011-07-05  68.27  68.27  67.68  68.07  2834400  68.07
2011-07-01  67.44  68.39  67.26  68.24  3674300  68.24
2011-06-30  66.71  67.52  66.58  67.29  4070000  67.29
2011-06-29  66.76  66.87  66.02  66.41  3857200  66.41
2011-06-28  66.07  66.69  65.93  66.47  3440200  66.47
2011-06-27  65.64  66.07  65.37  65.91  2932700  65.91
2011-06-24  65.74  65.96  65.06  65.62  4743900  65.62
2011-06-23  64.76  65.99  64.68  65.8  5557400  65.8
2011-06-22  65.67  66.2  65.58  65.61  5037100  65.61
2011-06-21  64.38  65.38  64.3  65.18  4478600  65.18
2011-06-20  63.62  64.37  63.48  63.94  3058400  63.94
2011-06-17  64.25  64.43  63.82  63.82  5584200  63.82
2011-06-16  63.67  64.2  63.31  63.71  4450200  63.71
2011-06-15  63.46  63.94  63.18  63.76  5497300  63.76
2011-06-14  63.88  64.2  63.47  63.85  4270600  63.85
2011-06-13  63.16  63.55  62.98  63.16  4534800  63.16
2011-06-10  63.71  63.93  62.86  63.2  4866900  63.2
2011-06-09  64.18  64.32  63.89  63.93  4299600  63.93
2011-06-08  64.08  64.41  63.68  63.9  4896600  63.9
2011-06-07  64.9  65.08  64.29  64.35  4596400  64.35
2011-06-06  65.45  65.66  64.69  64.91  3988800  64.91
2011-06-03  66.2  66.2  65.35  65.64  5370200  65.64
2011-06-02  66.98  67.34  66.3  66.72  4694800  66.72
2011-06-01  67.82  67.97  66.66  66.7  6098900  66.7
2011-05-31  67.6  68.11  67.48  67.8  4642000  67.8
2011-05-27  67.66  67.73  67.11  67.31  2702200  67.31
2011-05-26  66.98  67.62  66.69  67.32  4098800  67.32
2011-05-25  67.17  67.39  66.98  67.17  4145200  67.17
2011-05-24  67.86  67.89  67.09  67.27  3790300  67.27
2011-05-23  67.69  67.95  67.07  67.81  4397400  67.81
2011-05-20  68.34  68.63  68.23  68.32  4704800  68.32
2011-05-19  68.27  68.87  68.24  68.55  3354900  68.55
2011-05-18  67.73  68.33  67.29  68.13  3114300  68.13
2011-05-17  67.9  68.04  67.37  67.74  4723300  67.74
2011-05-16  68.27  68.55  67.93  68.09  3810400  68.09
2011-05-13  68.67  68.93  68.08  68.4  3773000  68.4
2011-05-12  68.53  68.67  67.99  68.59  3793500  68.59
2011-05-11  68.25  68.66  68.0  68.39  4816300  68.39
2011-05-10  67.67  68.45  67.67  68.14  2871700  68.14
2011-05-09  67.8  67.85  67.41  67.52  3403200  67.52
2011-05-06  68.62  68.67  67.8  67.89  3976200  67.89
2011-05-05  67.57  68.65  67.41  67.76  5406300  67.76
2011-05-04  68.69  68.94  67.56  68.03  4214700  68.03
2011-05-03  68.41  68.94  68.26  68.8  3481700  68.8
2011-05-02  69.02  69.24  68.25  68.59  2452700  68.59
2011-04-29  68.58  69.03  68.37  68.69  4400000  68.69
2011-04-28  67.79  68.7  67.79  68.54  2885200  68.54
2011-04-27  68.38  68.39  67.5  68.04  3410700  68.04
2011-04-26  68.64  68.71  67.83  68.07  4294800  68.07
2011-04-25  66.96  67.88  66.72  67.47  3831100  67.47
2011-04-21  66.87  67.34  66.68  67.04  2613600  67.04
2011-04-20  66.66  67.27  66.33  66.62  3003300  66.62
2011-04-19  65.83  66.11  65.68  65.95  2705300  65.95
2011-04-18  65.79  66.0  65.49  65.89  3448700  65.89
2011-04-15  66.52  66.85  66.29  66.62  3606700  66.62
2011-04-14  66.23  66.85  66.07  66.34  3412500  66.34
2011-04-13  67.3  67.35  66.25  66.52  3639300  66.52
2011-04-12  66.66  67.66  66.66  67.09  3184300  67.09
2011-04-11  67.0  67.15  66.47  67.07  3487800  67.07
2011-04-08  67.9  67.92  66.73  67.11  4208900  67.11
2011-04-07  68.02  68.18  67.52  67.8  2652000  67.8
2011-04-06  68.07  68.36  67.75  68.23  2703900  68.23
2011-04-05  68.2  68.61  67.87  67.94  2842400  67.94
2011-04-04  68.34  68.58  68.17  68.48  2306900  68.48
2011-04-01  68.71  68.84  68.06  68.24  3620300  68.24
2011-03-31  68.13  68.67  68.02  68.09  3307900  68.09
2011-03-30  67.95  68.63  67.76  68.26  3960700  68.26
2011-03-29  67.15  67.71  66.96  67.66  2472600  67.66
2011-03-28  66.21  67.85  66.21  67.36  4499600  67.36
2011-03-25  66.09  66.5  65.95  66.0  3459600  66.0
2011-03-24  65.79  66.1  65.6  66.06  3982600  66.06
2011-03-23  65.66  65.89  65.36  65.62  4445500  65.62
2011-03-22  66.69  66.81  65.83  66.01  3932800  66.01
2011-03-21  66.48  67.24  66.27  66.73  3825300  66.73
2011-03-18  66.5  66.52  65.31  65.6  5949600  65.6
2011-03-17  66.53  66.7  65.2  65.61  8259800  65.61
2011-03-16  65.74  65.76  64.32  64.48  7607300  64.48
2011-03-15  65.87  66.22  65.44  65.79  5519100  65.79
2011-03-14  67.2  67.44  66.24  67.06  4789700  67.06
2011-03-11  66.88  68.27  66.88  67.88  4736900  67.88
2011-03-10  66.29  67.58  66.19  66.98  4873500  66.98
2011-03-09  66.4  67.38  65.99  67.11  4058300  67.11
2011-03-08  66.12  67.14  65.85  66.72  3889800  66.72
2011-03-07  66.58  66.82  65.3  65.78  3597400  65.78
2011-03-04  67.4  67.48  65.63  66.37  4913300  66.37
2011-03-03  66.65  67.54  66.45  67.3  3913700  67.3
2011-03-02  66.1  66.79  65.29  66.21  6457400  66.21
2011-03-01  67.58  67.76  65.93  66.29  6660100  66.29
2011-02-28  67.59  68.14  67.3  67.61  3680100  67.61
2011-02-25  67.78  67.84  67.15  67.3  3729300  67.3
2011-02-24  67.09  67.95  66.9  67.5  5193800  67.5
2011-02-23  68.48  68.99  66.72  67.31  7181200  67.31
2011-02-22  69.25  69.51  68.09  68.36  5887000  68.36
2011-02-18  70.06  70.55  69.71  70.06  5038700  70.06
2011-02-17  69.01  69.98  68.87  69.93  3835700  69.93
2011-02-16  68.59  69.45  68.59  69.32  4256300  69.32
2011-02-15  68.51  68.89  67.97  68.53  3874900  68.53
2011-02-14  68.8  69.01  68.34  68.53  3273900  68.53
2011-02-11  68.4  69.29  68.16  69.01  4248300  69.01
2011-02-10  67.51  68.71  67.39  68.5  5216900  68.5
2011-02-09  67.5  67.85  66.83  67.85  3056400  67.85
2011-02-08  67.42  67.85  67.18  67.75  2959400  67.75
2011-02-07  67.55  67.72  66.91  67.55  4781300  67.55
2011-02-04  67.74  67.87  66.96  67.63  2959000  67.63
2011-02-03  67.34  67.84  67.24  67.59  4063600  67.59
2011-02-02  68.03  68.09  67.23  67.36  4992300  67.36
2011-02-01  67.32  68.41  67.12  67.86  12457000  67.86
2011-01-31  64.42  65.2  64.0  65.16  5369500  65.16
2011-01-28  66.35  66.38  64.27  64.35  5646400  64.35
2011-01-27  66.55  66.78  65.91  66.33  3096100  66.33
2011-01-26  66.45  66.69  65.95  66.3  2825700  66.3
2011-01-25  66.58  66.78  65.92  66.26  3820100  66.26
2011-01-24  66.21  66.65  65.91  66.61  3255700  66.61
2011-01-21  66.43  66.49  65.91  66.31  4601400  66.31
2011-01-20  65.86  66.28  65.49  66.11  4188200  66.11
2011-01-19  66.33  66.5  65.32  65.67  3354500  65.67
2011-01-18  66.14  66.59  66.09  66.43  4370800  66.43
2011-01-14  65.56  66.29  65.53  65.94  2422900  65.94
2011-01-13  65.37  65.93  65.1  65.73  2397900  65.73
2011-01-12  65.72  65.87  65.29  65.46  2498300  65.46
2011-01-11  65.78  65.81  64.85  65.28  3020900  65.28
2011-01-10  65.27  65.98  65.02  65.63  2783300  65.63
2011-01-07  66.24  66.34  64.59  65.64  7145200  65.64
2011-01-06  66.3  66.4  65.7  65.95  3354100  65.95
2011-01-05  65.65  66.6  65.63  66.32  3391300  66.32
2011-01-04  66.31  66.54  65.81  66.22  3834900  66.22
2011-01-03  66.58  67.23  66.29  66.37  4232600  66.37
2010-12-31  66.09  66.47  65.96  66.03  2054500  66.03
2010-12-30  66.11  66.5  65.97  66.12  1443000  66.12
2010-12-29  66.22  66.39  65.99  66.12  1484700  66.12
2010-12-28  66.37  66.53  66.12  66.24  1632900  66.24
2010-12-27  65.96  66.55  65.84  66.24  1612800  66.24
2010-12-23  66.31  66.39  65.96  66.17  1540500  66.17
2010-12-22  66.47  66.58  66.12  66.29  1531600  66.29
2010-12-21  66.42  66.58  66.29  66.31  2127400  66.31
2010-12-20  66.81  66.91  65.81  66.18  3515200  66.18
2010-12-17  67.09  67.22  66.31  66.47  6813000  66.47
2010-12-16  65.74  67.27  65.12  67.11  7250500  67.11
2010-12-15  65.65  66.23  65.52  65.73  3520800  65.73
2010-12-14  66.45  66.49  65.63  66.05  3857900  66.05
2010-12-13  66.64  66.64  66.16  66.21  2979200  66.21
2010-12-10  66.73  66.93  65.82  66.31  3404000  66.31
2010-12-09  65.79  66.95  65.78  66.45  6291600  66.45
2010-12-08  65.26  65.66  64.95  65.51  2932200  65.51
2010-12-07  65.64  65.88  65.14  65.22  4994600  65.22
2010-12-06  65.2  65.52  64.79  65.22  3498500  65.22
2010-12-03  64.99  65.39  64.47  65.32  3859200  65.32
2010-12-02  65.01  65.69  64.99  65.38  4513800  65.38
2010-12-01  64.57  65.42  64.48  65.0  5762100  65.0
2010-11-30  63.01  64.27  62.83  63.8  7606600  63.8
2010-11-29  62.74  63.67  62.41  63.58  5209100  63.58
2010-11-26  62.86  63.22  62.73  62.87  1842200  62.87
2010-11-24  62.36  63.56  62.36  63.31  4635100  63.31
2010-11-23  61.87  62.1  61.35  62.01  3775400  62.01
2010-11-22  62.56  62.84  62.0  62.58  3441300  62.58
2010-11-19  62.06  62.88  61.75  62.88  4166400  62.88
2010-11-18  61.8  62.44  61.64  62.02  2885300  62.02
2010-11-17  61.32  61.52  60.92  61.17  2560500  61.17
2010-11-16  61.59  61.78  60.87  61.42  4070300  61.42
2010-11-15  62.08  62.53  61.81  61.93  2456100  61.93
2010-11-12  61.95  62.2  61.65  61.98  2802100  61.98
2010-11-11  61.66  62.17  61.39  62.12  2770800  62.12
2010-11-10  62.1  62.33  61.51  61.93  4962500  61.93
2010-11-09  63.1  63.14  62.11  62.34  4615200  62.34
2010-11-08  62.9  62.9  62.3  62.78  3304700  62.78
2010-11-05  62.65  63.21  62.6  63.06  3685200  63.06
2010-11-04  62.43  62.92  62.06  62.68  4203400  62.68
2010-11-03  61.72  62.07  61.17  62.01  2704500  62.01
2010-11-02  61.43  61.94  61.37  61.72  3069000  61.72
2010-11-01  60.89  61.47  60.48  60.85  2841000  60.85
2010-10-29  60.96  61.03  60.54  60.85  4329100  60.85
2010-10-28  61.67  61.81  60.52  61.14  5237100  61.14
2010-10-27  62.3  62.44  60.95  61.43  5400400  61.43
2010-10-26  62.39  62.92  62.05  62.73  2869300  62.73
2010-10-25  63.2  63.25  62.58  62.64  4036000  62.64
2010-10-22  62.9  63.21  62.46  63.1  2969600  63.1
2010-10-21  63.21  63.25  61.99  62.88  6172200  62.88
2010-10-20  62.12  63.16  62.12  62.94  4773000  62.94
2010-10-19  62.19  62.43  61.16  62.11  4388600  62.11
2010-10-18  62.75  63.03  62.1  62.8  3982700  62.8
2010-10-15  62.99  63.17  62.35  62.63  5733000  62.63
2010-10-14  61.94  62.71  61.92  62.71  5099000  62.71
2010-10-13  61.36  62.75  61.2  62.04  8406100  62.04
2010-10-12  60.63  60.95  59.87  60.76  3010600  60.76
2010-10-11  60.95  61.09  60.51  60.86  2811700  60.86
2010-10-08  61.05  61.22  60.47  61.02  4287200  61.02
2010-10-07  61.62  61.7  60.56  60.88  3442600  60.88
2010-10-06  61.44  61.58  61.17  61.27  3600600  61.27
2010-10-05  60.44  61.7  60.1  61.34  7262300  61.34
2010-10-04  59.87  60.21  59.14  59.75  3936300  59.75
2010-10-01  60.69  60.93  59.8  60.04  3910900  60.04
2010-09-30  60.64  61.44  60.22  60.26  4538900  60.26
2010-09-29  60.39  60.61  59.86  60.31  4560200  60.31
2010-09-28  60.84  61.02  59.98  60.7  3699700  60.7
2010-09-27  60.92  61.15  60.61  60.61  3187800  60.61
2010-09-24  60.47  61.02  60.47  60.78  4637500  60.78
2010-09-23  60.43  60.76  59.67  59.99  4042800  59.99
2010-09-22  60.51  61.43  60.51  61.01  6831000  61.01
2010-09-21  60.95  60.95  60.35  60.53  3937400  60.53
2010-09-20  60.59  60.81  60.15  60.45  3417500  60.45
2010-09-17  60.4  60.58  59.73  60.25  5438000  60.25
2010-09-16  60.43  60.53  59.84  60.29  5561000  60.29
2010-09-15  60.82  61.24  60.52  61.14  4227300  61.14
2010-09-14  61.03  61.28  60.9  60.95  3912000  60.95
2010-09-13  61.8  62.8  60.79  61.02  4532000  61.02
2010-09-10  61.31  61.53  61.04  61.23  3600200  61.23
2010-09-09  61.83  62.02  60.97  61.13  3312000  61.13
2010-09-08  60.63  61.75  60.63  61.05  3622200  61.05
2010-09-07  60.74  60.97  60.29  60.61  3024600  60.61
2010-09-03  60.99  61.75  60.82  61.12  4317900  61.12
2010-09-02  60.11  60.95  60.11  60.65  4991400  60.65
2010-09-01  58.59  60.09  58.19  59.81  6207400  59.81
2010-08-31  57.48  58.07  57.18  57.65  3966400  57.65
2010-08-30  58.01  58.62  57.73  57.78  3007100  57.78
2010-08-27  57.75  58.45  57.21  58.25  3802800  58.25
2010-08-26  57.43  58.07  57.22  57.32  3493900  57.32
2010-08-25  57.23  57.51  56.57  57.24  4544700  57.24
2010-08-24  58.22  58.55  57.56  57.69  6716100  57.69
2010-08-23  59.35  59.8  58.9  58.93  3380500  58.93
2010-08-20  58.65  58.88  58.17  58.82  4976900  58.82
2010-08-19  59.47  59.8  58.58  59.11  5560200  59.11
2010-08-18  59.57  60.18  59.08  59.79  3845400  59.79
2010-08-17  58.84  60.14  58.77  59.66  4400400  59.66
2010-08-16  57.86  58.68  57.59  58.42  2895800  58.42
2010-08-13  58.03  58.56  57.94  58.23  3299900  58.23
2010-08-12  57.81  58.49  57.43  58.26  3950500  58.26
2010-08-11  59.5  59.76  58.12  58.5  5524900  58.5
2010-08-10  60.09  60.59  59.81  60.29  4724800  60.29
2010-08-09  60.17  60.75  60.06  60.48  2623300  60.48
2010-08-06  59.81  60.55  59.21  59.84  4663600  59.84
2010-08-05  59.99  60.75  59.76  60.48  4357700  60.48
2010-08-04  59.82  60.74  59.72  60.45  4940100  60.45
2010-08-03  59.64  59.89  59.04  59.75  5170600  59.75
2010-08-02  58.97  59.79  58.51  59.75  5489500  59.75
2010-07-30  57.37  58.62  57.09  58.31  5191500  58.31
2010-07-29  58.4  58.59  57.54  57.76  3781200  57.76
2010-07-28  57.95  58.57  57.66  58.13  4010300  58.13
2010-07-27  58.37  58.54  57.91  58.01  4474000  58.01
2010-07-26  58.06  58.31  57.56  58.2  4998000  58.2
2010-07-23  56.84  57.42  56.43  57.12  4716200  57.12
2010-07-22  56.52  57.69  56.16  56.65  11500700  56.65
2010-07-21  55.11  55.11  53.26  53.83  4417600  53.83
2010-07-20  53.7  54.67  53.17  54.61  3071100  54.61
2010-07-19  53.69  54.4  53.14  54.24  4435000  54.24
2010-07-16  54.72  54.98  53.33  53.54  6274700  53.54
2010-07-15  55.45  55.49  54.2  55.03  3607000  55.03
2010-07-14  54.94  55.92  54.94  55.4  4290000  55.4
2010-07-13  54.44  55.3  54.42  54.99  5123400  54.99
2010-07-12  54.17  54.27  53.32  53.84  3555100  53.84
2010-07-09  53.83  54.09  53.42  53.88  2700000  53.88
2010-07-08  53.67  54.17  53.16  53.79  4122500  53.79
2010-07-07  51.39  53.48  51.39  53.35  6372400  53.35
2010-07-06  51.44  52.22  50.78  51.31  4749400  51.31
2010-07-02  52.02  52.26  50.66  50.92  4630300  50.92
2010-07-01  51.55  52.16  51.02  52.03  6305900  52.03
2010-06-30  51.44  52.27  50.87  51.04  4703900  51.04
2010-06-29  52.93  52.93  51.16  51.62  6077500  51.62
2010-06-28  54.14  54.34  53.38  53.49  2573100  53.49
2010-06-25  53.95  54.18  53.38  54.14  4359700  54.14
2010-06-24  53.98  54.74  53.63  53.91  4603500  53.91
2010-06-23  54.19  54.63  53.51  54.17  3502600  54.17
2010-06-22  55.7  55.88  53.92  54.18  6483100  54.18
2010-06-21  56.54  56.91  55.47  55.77  5075400  55.77
2010-06-18  55.85  56.1  55.62  56.07  5100000  56.07
2010-06-17  56.45  56.45  55.07  55.8  5598500  55.8
2010-06-16  55.91  56.96  55.8  55.99  8791700  55.99
2010-06-15  55.26  56.3  55.08  56.21  4834900  56.21
2010-06-14  55.35  56.07  54.75  54.79  3873300  54.79
2010-06-11  54.21  55.03  53.95  54.9  4411200  54.9
2010-06-10  53.65  54.72  53.38  54.58  6315700  54.58
2010-06-09  53.12  53.81  52.37  52.59  5420700  52.59
2010-06-08  52.41  53.01  51.59  52.9  7424300  52.9
2010-06-07  54.32  54.34  52.32  52.43  7057100  52.43
2010-06-04  55.46  55.66  53.91  54.33  5186400  54.33
2010-06-03  56.3  56.84  55.86  56.53  3619700  56.53
2010-06-02  55.23  56.2  54.65  56.15  4652600  56.15
2010-06-01  55.71  56.07  54.81  54.87  5406500  54.87
2010-05-28  56.74  56.88  55.65  56.3  4276800  56.3
2010-05-27  56.59  57.07  55.75  57.03  4861100  57.03
2010-05-26  56.06  56.49  55.22  55.58  5863000  55.58
2010-05-25  54.05  55.66  53.4  55.59  7427100  55.59
2010-05-24  55.67  56.52  55.29  55.31  6607100  55.31
2010-05-21  56.09  56.92  55.17  55.96  13071700  55.96
2010-05-20  57.52  58.24  56.71  56.9  7218400  56.9
2010-05-19  58.06  58.74  57.54  58.43  5304000  58.43
2010-05-18  59.34  59.78  58.19  58.57  4282200  58.57
2010-05-17  59.12  59.63  57.85  58.8  4882700  58.8
2010-05-14  59.46  59.81  58.47  58.98  4656400  58.98
2010-05-13  60.77  61.0  59.84  59.92  3586500  59.92
2010-05-12  59.95  61.2  59.63  60.79  4184400  60.79
2010-05-11  59.58  60.62  59.25  59.68  4941200  59.68
2010-05-10  58.8  60.49  58.56  60.12  7940600  60.12
2010-05-07  57.6  58.03  56.1  56.96  8678000  56.96
2010-05-06  59.55  60.08  54.57  57.91  11149400  57.91
2010-05-05  60.52  60.84  59.39  59.85  8384200  59.85
2010-05-04  62.35  62.35  60.68  61.42  6279200  61.42
2010-05-03  61.91  63.16  61.61  62.99  5424700  62.99
2010-04-30  62.14  62.64  61.44  61.6  7025900  61.6
2010-04-29  61.21  62.32  61.08  62.1  5838400  62.1
2010-04-28  59.63  60.92  59.35  60.86  7691300  60.86
2010-04-27  60.95  61.0  58.56  59.0  8133600  59.0
2010-04-26  61.43  61.87  61.0  61.04  6395400  61.04
2010-04-23  60.98  61.39  60.36  61.35  4269300  61.35
2010-04-22  60.52  60.9  59.81  60.81  4666300  60.81
2010-04-21  60.81  61.36  60.65  60.69  3890900  60.69
2010-04-20  61.3  61.53  60.24  60.64  5222600  60.64
2010-04-19  60.68  61.07  60.34  60.84  5006500  60.84
2010-04-16  61.38  61.95  60.58  60.77  8515500  60.77
2010-04-15  61.02  62.13  60.92  61.37  15257900  61.37
2010-04-14  57.82  58.37  57.7  58.31  6098900  58.31
2010-04-13  57.36  58.06  57.23  57.8  4793600  57.8
2010-04-12  57.74  57.9  57.61  57.7  3687800  57.7
2010-04-09  57.27  57.55  57.01  57.41  2790700  57.41
2010-04-08  56.7  57.37  56.16  57.26  4319600  57.26
2010-04-07  57.03  57.1  56.35  56.72  4836600  56.72
2010-04-06  56.98  57.41  56.81  57.21  3543000  57.21
2010-04-05  57.39  57.57  57.03  57.18  3827300  57.18
2010-04-01  57.65  57.85  56.76  57.15  3573900  57.15
2010-03-31  57.34  57.55  56.89  57.38  3177900  57.38
2010-03-30  57.29  57.86  57.16  57.49  3493100  57.49
2010-03-29  56.84  57.52  56.76  57.13  3226100  57.13
2010-03-26  56.76  57.25  56.52  56.72  2906000  56.72
2010-03-25  57.06  57.46  56.61  56.71  4120000  56.71
2010-03-24  57.5  57.55  56.61  56.81  4127800  56.81
2010-03-23  57.09  57.65  56.75  57.57  4073400  57.57
2010-03-22  57.02  57.59  56.88  56.98  3829600  56.98
2010-03-19  57.82  57.85  57.03  57.31  7960000  57.31
2010-03-18  56.09  57.45  55.68  57.39  7749200  57.39
2010-03-17  55.68  56.32  55.68  56.02  5771400  56.02
2010-03-16  55.91  56.08  55.5  55.66  5827100  55.66
2010-03-15  55.44  55.95  55.25  55.86  4937900  55.86
2010-03-12  55.68  55.71  55.23  55.52  5878800  55.52
2010-03-11  53.98  55.67  53.85  55.65  10353600  55.65
2010-03-10  53.65  54.37  53.52  54.1  6309500  54.1
2010-03-09  53.17  53.83  52.94  53.71  5471000  53.71
2010-03-08  53.16  53.36  52.98  53.28  4076700  53.28
2010-03-05  53.06  53.2  52.76  53.0  5400400  53.0
2010-03-04  52.86  53.17  52.48  52.74  4370400  52.74
2010-03-03  53.4  53.45  52.68  52.72  6077200  52.72
2010-03-02  52.73  53.09  52.58  52.71  6304900  52.71
2010-03-01  52.39  53.04  52.32  52.43  3944600  52.43
2010-02-26  52.04  52.52  51.58  52.33  3895100  52.33
2010-02-25  51.66  52.05  51.19  52.05  4441400  52.05
2010-02-24  52.06  52.52  51.9  52.35  4748300  52.35
2010-02-23  51.63  52.14  51.23  52.03  5622400  52.03
2010-02-22  51.74  51.87  51.38  51.63  2916300  51.63
2010-02-19  50.73  51.81  50.58  51.5  4886100  51.5
2010-02-18  51.05  51.32  50.72  50.93  4332500  50.93
2010-02-17  51.24  51.32  50.91  51.24  4489000  51.24
2010-02-16  50.73  51.22  50.31  51.08  5065200  51.08
2010-02-12  50.12  50.26  49.68  50.02  6148400  50.02
2010-02-11  50.61  50.91  50.21  50.53  6647300  50.53
2010-02-10  50.77  50.77  49.99  50.43  4704000  50.43
2010-02-09  50.68  51.41  50.28  50.73  5253000  50.73
2010-02-08  50.52  50.72  49.92  50.03  3485100  50.03
2010-02-05  50.52  51.01  49.68  50.54  5799400  50.54
2010-02-04  51.63  51.8  50.58  50.62  7259900  50.62
2010-02-03  51.9  52.4  51.47  52.02  4745400  52.02
2010-02-02  52.78  52.97  51.51  51.79  7843800  51.79
2010-02-01  51.2  51.71  50.76  51.59  6331100  51.59
2010-01-29  52.24  52.82  50.99  51.04  6565200  51.04
2010-01-28  52.59  52.71  51.3  52.1  5711600  52.1
2010-01-27  51.82  52.57  51.35  52.43  5247300  52.43
2010-01-26  51.68  52.3  51.15  51.81  3285800  51.81
2010-01-25  52.23  52.59  51.48  51.91  3520500  51.91
2010-01-22  52.56  52.62  51.78  51.91  5623300  51.91
2010-01-21  53.96  54.18  52.6  52.75  6344200  52.75
2010-01-20  54.92  54.97  53.61  54.04  5261100  54.04
2010-01-19  54.79  55.47  54.78  55.0  3525000  55.0
2010-01-15  54.96  55.14  54.53  54.72  6066300  54.72
2010-01-14  54.66  55.1  54.63  54.96  4698000  54.96
2010-01-13  55.78  55.86  54.72  54.84  5822600  54.84
2010-01-12  55.24  55.61  54.86  55.13  5662500  55.13
2010-01-11  53.5  56.0  53.46  55.51  13744900  55.51
2010-01-08  52.81  54.01  52.59  53.16  13779300  53.16
2010-01-07  51.22  51.22  50.54  50.73  5747000  50.73
2010-01-06  51.43  51.48  51.07  51.11  5770200  51.11
2010-01-05  51.46  52.13  51.35  51.49  5966300  51.49
2010-01-04  51.41  51.98  51.23  51.41  3897200  51.41
