Date  Open  High  Low  Close  Volume  Adj Close
2014-02-28  37.73  37.83  37.1  37.44  1807600  37.44
2014-02-27  38.11  38.5  37.31  37.62  2078700  37.62
2014-02-26  37.05  37.99  37.02  37.9  2254500  37.9
2014-02-25  36.28  37.04  35.75  36.79  2339500  36.79
2014-02-24  36.0  36.62  35.89  36.22  959200  36.22
2014-02-21  35.86  36.14  35.7  35.92  1165100  35.92
2014-02-20  36.32  36.46  35.57  35.75  1840500  35.75
2014-02-19  36.36  36.58  36.11  36.32  1734200  36.32
2014-02-18  35.03  36.39  35.03  36.31  2086800  36.31
2014-02-14  35.92  35.99  35.53  35.85  1287000  35.85
2014-02-13  34.99  36.03  34.86  36.03  1713900  36.03
2014-02-12  35.78  35.85  34.99  35.25  2845400  35.25
2014-02-11  35.88  36.29  35.54  35.61  4459100  35.61
2014-02-10  37.13  37.2  36.38  36.64  3128800  36.64
2014-02-07  35.01  36.3  34.91  36.24  2144700  36.24
2014-02-06  34.75  35.85  34.6  35.6  1449600  35.6
2014-02-05  34.64  34.84  34.25  34.72  1615400  34.72
2014-02-04  34.39  34.85  33.95  34.77  3482500  34.77
2014-02-03  35.89  35.98  34.2  34.28  3568900  34.28
2014-01-31  35.52  36.03  35.42  35.82  1437300  35.82
2014-01-30  35.68  36.24  35.5  35.96  1364200  35.96
2014-01-29  35.76  35.92  35.3  35.41  1726800  35.41
2014-01-28  36.23  36.51  35.75  35.84  1748200  35.84
2014-01-27  36.52  36.74  35.98  36.28  2466000  36.28
2014-01-24  36.32  36.4  35.9  36.0  1285300  36.0
2014-01-23  36.74  36.91  36.42  36.52  1598400  36.52
2014-01-22  36.82  36.95  36.67  36.88  999100  36.88
2014-01-21  37.27  37.3  36.73  36.89  1453400  36.89
2014-01-17  36.87  37.59  36.67  37.02  1809100  37.02
2014-01-16  37.01  37.07  36.4  36.78  1864700  36.78
2014-01-15  36.29  37.56  36.29  37.13  1454800  37.13
2014-01-14  36.95  37.66  36.91  37.13  1782900  37.13
2014-01-13  37.38  37.55  36.82  36.89  2575200  36.89
2014-01-10  37.99  38.08  37.1  37.57  2103400  37.57
2014-01-09  38.41  38.52  37.6  38.01  3281700  38.01
2014-01-08  37.98  38.13  37.69  37.87  3184200  37.87
2014-01-07  38.09  38.23  37.88  37.98  2563600  37.98
2014-01-06  38.75  38.75  37.95  37.96  2120000  37.96
2014-01-03  37.75  38.17  37.71  37.99  1692300  37.99
2014-01-02  38.4  38.69  37.76  37.78  2502900  37.78
2013-12-31  37.3  37.35  36.88  37.1  886800  37.1
2013-12-30  37.03  37.39  36.84  37.32  996600  37.32
2013-12-27  37.52  37.67  36.88  37.06  1180800  37.06
2013-12-26  36.8  37.84  36.8  37.55  2392600  37.55
2013-12-24  36.96  37.19  36.68  36.76  472700  36.76
2013-12-23  36.55  36.95  36.14  36.88  1571700  36.88
2013-12-20  35.81  36.87  35.76  36.48  2754900  36.48
2013-12-19  36.1  36.55  35.65  35.72  1603500  35.72
2013-12-18  35.8  36.34  35.26  36.27  2225600  36.27
2013-12-17  36.08  36.13  35.73  35.85  1277300  35.85
2013-12-16  36.83  36.87  36.03  36.03  2641800  36.03
2013-12-13  36.0  36.12  35.75  35.78  1964200  35.78
2013-12-12  36.61  36.81  35.97  36.0  1910000  36.0
2013-12-11  37.15  37.77  36.42  36.84  4119000  36.84
2013-12-10  36.03  36.25  35.63  35.74  1894800  35.74
2013-12-09  35.94  36.19  35.61  36.04  2366700  36.04
2013-12-06  36.42  36.71  35.51  35.99  2325300  35.99
2013-12-05  36.31  36.71  36.04  36.29  3092000  36.29
2013-12-04  36.92  37.08  36.46  36.63  2463600  36.63
2013-12-03  37.56  37.73  37.15  37.24  2106500  37.24
2013-12-02  37.51  38.54  37.4  37.66  3324100  37.66
2013-11-29  39.2  39.22  38.92  39.02  506500  39.02
2013-11-27  38.88  39.08  38.67  39.07  911200  39.07
2013-11-26  38.87  39.19  38.7  38.87  1143500  38.87
2013-11-25  38.7  39.38  38.5  38.91  1832700  38.91
2013-11-22  38.96  39.13  38.24  38.44  2334800  38.44
2013-11-21  39.05  39.14  38.72  38.98  1400800  38.98
2013-11-20  39.47  39.54  38.87  39.02  1929100  39.02
2013-11-19  38.54  39.94  37.98  39.31  4687800  39.31
2013-11-18  40.37  40.44  39.38  39.64  3741600  39.64
2013-11-15  40.44  40.45  39.52  40.17  2254600  40.17
2013-11-14  39.87  40.19  39.72  40.0  1532600  40.0
2013-11-13  39.65  40.08  39.56  39.99  1613200  39.99
2013-11-12  40.02  40.14  39.64  39.82  1877700  39.82
2013-11-11  39.45  40.1  39.27  40.02  1878500  40.02
2013-11-08  38.61  39.51  38.46  39.48  1637700  39.48
2013-11-07  38.88  39.29  38.4  38.47  1051500  38.47
2013-11-06  38.92  39.32  38.61  38.76  1165400  38.76
2013-11-05  39.3  39.3  38.84  38.93  1364900  38.93
2013-11-04  38.84  39.55  38.76  39.47  2543000  39.47
2013-11-01  37.99  38.66  37.86  38.59  1988300  38.59
2013-10-31  37.94  37.99  37.46  37.88  1260700  37.88
2013-10-30  38.27  38.8  37.67  38.09  1628000  38.09
2013-10-29  38.33  38.34  37.8  38.24  1056600  38.24
2013-10-28  37.68  38.29  37.57  38.0  1792400  38.0
2013-10-25  37.02  37.89  36.85  37.88  1908800  37.88
2013-10-24  36.89  37.76  36.66  37.59  2325300  37.59
2013-10-23  36.24  36.57  36.07  36.45  1030800  36.45
2013-10-22  36.54  36.73  36.17  36.35  1315100  36.35
2013-10-21  37.03  37.19  36.24  36.5  1348700  36.5
2013-10-18  36.51  37.24  36.4  37.01  1976700  37.01
2013-10-17  36.3  36.46  36.09  36.44  1056800  36.44
2013-10-16  36.27  36.51  36.1  36.46  1331200  36.46
2013-10-15  35.91  36.07  35.41  35.89  1627300  35.89
2013-10-14  35.78  36.1  35.61  36.07  1302500  36.07
2013-10-11  36.07  36.09  35.26  35.9  3201200  35.9
2013-10-10  36.05  36.46  35.71  36.46  2549000  36.46
2013-10-09  35.19  36.02  35.0  35.7  2151200  35.7
2013-10-08  35.58  35.82  35.03  35.06  2356300  35.06
2013-10-07  36.55  36.87  35.66  35.66  2588700  35.66
2013-10-04  36.83  37.15  36.55  36.96  991500  36.96
2013-10-03  36.8  37.02  36.55  36.7  1808200  36.7
2013-10-02  36.78  36.92  36.48  36.92  2637500  36.92
2013-10-01  36.76  36.9  36.47  36.51  2449200  36.51
2013-09-30  36.82  37.13  36.58  36.77  1994000  36.77
2013-09-27  36.85  37.26  36.4  37.07  1612300  37.07
2013-09-26  36.9  37.35  36.8  36.98  1345700  36.98
2013-09-25  37.28  37.54  36.84  36.94  1875100  36.94
2013-09-24  37.5  37.66  37.07  37.29  2997100  37.29
2013-09-23  38.0  38.09  37.38  37.43  1652700  37.43
2013-09-20  38.8  38.8  37.91  38.1  2685800  38.1
2013-09-19  38.01  38.27  37.92  38.12  1999100  38.12
2013-09-18  38.19  39.0  37.34  37.97  4174700  37.97
2013-09-17  38.4  38.73  38.06  38.12  3570700  38.12
2013-09-16  38.74  38.8  38.26  38.39  2254300  38.39
2013-09-13  38.72  38.74  38.23  38.38  2029900  38.38
2013-09-12  38.11  38.8  37.89  38.3  3129400  38.3
2013-09-11  38.42  38.73  38.09  38.2  5378800  38.2
2013-09-10  39.55  39.7  37.83  38.35  14160500  38.35
2013-09-09  42.42  42.79  42.06  42.71  2026200  42.71
2013-09-06  42.2  42.76  41.49  42.56  1850000  42.56
2013-09-05  42.0  42.12  41.47  41.96  1748800  41.96
2013-09-04  41.61  42.02  41.48  41.82  1580100  41.82
2013-09-03  42.55  42.65  41.65  41.76  1874400  41.76
2013-08-30  42.71  42.73  41.78  41.93  1054200  41.93
2013-08-29  42.15  43.06  42.03  42.49  1766600  42.49
2013-08-28  41.61  42.16  41.41  41.95  1933200  41.95
2013-08-27  41.57  41.96  41.24  41.45  1592200  41.45
2013-08-26  42.75  42.96  41.99  42.06  1015200  42.06
2013-08-23  42.83  42.97  42.12  42.8  1287700  42.8
2013-08-22  42.14  42.91  41.71  42.7  1853400  42.7
2013-08-21  43.04  43.14  41.95  42.3  3490200  42.3
2013-08-20  43.91  44.15  42.94  43.19  8315200  43.19
2013-08-19  39.97  40.35  39.77  39.92  4163700  39.92
2013-08-16  40.17  40.37  39.65  39.74  2454200  39.74
2013-08-15  40.5  40.5  40.07  40.28  2546200  40.28
2013-08-14  41.64  41.64  40.72  40.77  1748100  40.77
2013-08-13  42.05  42.34  41.68  41.77  1841000  41.77
2013-08-12  41.29  42.21  41.18  42.1  1741100  42.1
2013-08-09  41.6  41.84  41.06  41.46  1314300  41.46
2013-08-08  41.39  41.83  40.84  41.64  2304600  41.64
2013-08-07  42.2  42.37  41.23  41.27  1919000  41.27
2013-08-06  42.84  43.23  41.32  42.47  2515700  42.47
2013-08-05  43.88  43.98  43.43  43.67  600500  43.67
2013-08-02  43.78  43.95  43.41  43.83  616300  43.83
2013-08-01  42.44  43.98  42.44  43.79  1439700  43.79
2013-07-31  42.64  43.04  42.52  42.56  950700  42.56
2013-07-30  42.22  42.6  41.83  42.5  1211700  42.5
2013-07-29  41.93  42.27  41.7  41.98  1013200  41.98
2013-07-26  41.98  42.08  41.51  41.95  1168700  41.95
2013-07-25  42.09  42.34  41.96  42.29  543000  42.29
2013-07-24  42.54  42.67  41.8  42.04  1115700  42.04
2013-07-23  42.79  42.93  42.25  42.34  849500  42.34
2013-07-22  43.19  43.25  42.56  42.76  774800  42.76
2013-07-19  42.54  42.99  42.45  42.85  1021900  42.85
2013-07-18  42.45  43.04  42.44  42.72  1064600  42.72
2013-07-17  42.83  42.91  42.32  42.5  890900  42.5
2013-07-16  43.23  43.33  42.43  42.63  835700  42.63
2013-07-15  42.95  43.35  42.73  43.09  1237700  43.09
2013-07-12  43.15  43.45  42.64  42.98  900200  42.98
2013-07-11  43.1  43.26  42.35  43.17  1834100  43.17
2013-07-10  41.79  42.36  41.79  42.34  1149000  42.34
2013-07-09  41.87  42.22  41.73  41.95  1426500  41.95
2013-07-08  41.27  41.99  41.19  41.77  1447300  41.77
2013-07-05  40.66  41.2  40.11  41.04  845400  41.04
2013-07-03  40.29  40.58  40.03  40.37  376000  40.37
2013-07-02  40.37  40.85  40.14  40.66  1037500  40.66
2013-07-01  40.38  40.97  40.38  40.41  1425400  40.41
2013-06-28  40.3  40.54  40.14  40.22  2079600  40.22
2013-06-27  39.65  40.49  39.57  40.34  1422400  40.34
2013-06-26  39.44  39.82  38.95  39.52  1416000  39.52
2013-06-25  38.85  39.21  38.56  39.04  2444300  39.04
2013-06-24  39.19  39.39  38.11  38.74  3235500  38.74
2013-06-21  39.37  39.97  38.96  39.54  2664100  39.54
2013-06-20  39.66  39.87  38.85  39.16  1918300  39.16
2013-06-19  40.7  40.83  39.78  39.9  2024900  39.9
2013-06-18  40.73  41.07  40.55  40.65  1034300  40.65
2013-06-17  41.25  41.39  40.52  40.79  1381900  40.79
2013-06-14  41.36  41.53  40.52  40.88  1178800  40.88
2013-06-13  41.31  41.55  40.8  41.41  971300  41.41
2013-06-12  42.54  42.54  40.6  41.18  1878000  41.18
2013-06-11  42.01  42.51  41.88  42.04  1602100  42.04
2013-06-10  42.78  42.81  42.12  42.27  1122000  42.27
2013-06-07  42.24  42.64  42.02  42.58  999400  42.58
2013-06-06  41.5  41.77  40.57  41.77  1856200  41.77
2013-06-05  42.21  42.21  41.36  41.57  1475300  41.57
2013-06-04  41.75  42.62  41.73  42.31  1890800  42.31
2013-06-03  41.78  41.88  40.85  41.86  1670200  41.86
2013-05-31  41.77  42.6  41.58  41.93  1776500  41.93
2013-05-30  40.66  42.04  40.66  41.87  1966400  41.87
2013-05-29  40.81  41.04  40.49  40.91  1870200  40.91
2013-05-28  42.44  42.61  41.07  41.1  1918200  41.1
2013-05-24  41.87  42.02  41.32  41.84  1666100  41.84
2013-05-23  42.46  42.7  42.16  42.3  1926700  42.3
2013-05-22  43.4  43.93  42.52  42.81  2314300  42.81
2013-05-21  43.65  44.35  43.1  43.27  5872300  43.27
2013-05-20  44.43  44.96  44.21  44.49  2729800  44.49
2013-05-17  43.77  44.71  43.56  44.54  2234800  44.54
2013-05-16  44.56  44.63  43.4  43.64  2477200  43.64
2013-05-15  44.0  44.82  43.94  44.43  1842200  44.43
2013-05-14  43.72  44.26  43.72  44.11  1613500  44.11
2013-05-13  43.33  44.31  43.26  43.75  1339300  43.75
2013-05-10  43.51  44.12  43.48  43.83  849000  43.83
2013-05-09  43.17  43.87  43.0  43.39  1431600  43.39
2013-05-08  43.5  43.65  43.05  43.39  1062000  43.39
2013-05-07  42.36  43.82  42.0  43.66  2795500  43.66
2013-05-06  41.5  41.8  41.21  41.65  847500  41.65
2013-05-03  41.44  42.0  41.36  41.54  1081000  41.54
2013-05-02  40.95  41.11  40.5  40.97  1029700  40.97
2013-05-01  41.43  41.57  40.73  40.9  765300  40.9
2013-04-30  41.57  41.62  40.95  41.44  1602100  41.44
2013-04-29  41.49  41.93  41.26  41.35  1184200  41.35
2013-04-26  41.02  41.31  40.63  41.16  1413900  41.16
2013-04-25  39.87  41.31  39.69  41.04  1816000  41.04
2013-04-24  39.74  39.96  39.44  39.73  850300  39.73
2013-04-23  39.84  40.2  39.03  39.6  1953900  39.6
2013-04-22  39.45  39.72  38.9  39.5  1235900  39.5
2013-04-19  39.5  39.84  39.18  39.46  1131100  39.46
2013-04-18  39.7  39.87  38.83  39.26  1491900  39.26
2013-04-17  40.28  40.29  39.18  39.61  1663100  39.61
2013-04-16  40.27  40.56  39.61  40.54  1665800  40.54
2013-04-15  41.25  41.36  39.97  40.06  1309900  40.06
2013-04-12  41.33  41.63  41.03  41.38  623800  41.38
2013-04-11  40.9  42.19  40.77  41.55  1945600  41.55
2013-04-10  40.59  41.0  40.42  40.81  1136800  40.81
2013-04-09  40.56  40.71  40.07  40.47  1295400  40.47
2013-04-08  39.85  40.79  39.8  40.68  1599400  40.68
2013-04-05  38.97  40.06  38.83  39.97  1698300  39.97
2013-04-04  39.01  39.7  39.01  39.52  1920000  39.52
2013-04-03  39.71  39.8  39.0  39.06  2197600  39.06
2013-04-02  40.45  40.98  39.6  39.87  5763400  39.87
2013-04-01  38.88  39.08  38.19  38.41  2088100  38.41
2013-03-28  39.0  39.16  38.55  38.74  2973300  38.74
2013-03-27  39.04  39.28  38.95  39.14  1307500  39.14
2013-03-26  39.39  39.46  38.78  39.41  1800800  39.41
2013-03-25  38.88  39.45  38.46  39.36  3937400  39.36
2013-03-22  39.67  40.1  38.63  38.75  2771000  38.75
2013-03-21  40.0  40.46  39.46  39.52  2059200  39.52
2013-03-20  39.78  40.54  39.5  40.32  2819100  40.32
2013-03-19  40.11  40.28  38.95  39.4  2151500  39.4
2013-03-18  40.31  40.42  39.97  40.08  1696700  40.08
2013-03-15  40.97  41.26  40.5  40.65  1683800  40.65
2013-03-14  41.71  41.72  40.96  41.17  1791300  41.17
2013-03-13  41.7  42.05  41.13  41.51  1959400  41.51
2013-03-12  40.73  42.3  40.25  41.81  3554100  41.81
2013-03-11  41.36  41.73  40.86  41.5  2807900  41.5
2013-03-08  40.89  41.46  40.4  41.31  1609300  41.31
2013-03-07  40.93  41.25  40.32  40.49  2352000  40.49
2013-03-06  41.5  41.67  40.66  40.74  1403800  40.74
2013-03-05  41.34  41.78  41.34  41.71  1312900  41.71
2013-03-04  40.48  41.65  40.45  41.01  1519000  41.01
2013-03-01  40.34  40.87  40.14  40.81  1389600  40.81
2013-02-28  39.99  40.75  39.84  40.52  1860600  40.52
2013-02-27  39.5  40.38  39.22  40.18  1434600  40.18
2013-02-26  39.27  39.75  38.91  39.56  2518700  39.56
2013-02-25  39.82  40.16  39.0  39.06  2061700  39.06
2013-02-22  40.35  40.5  39.52  39.54  3159300  39.54
2013-02-21  41.06  41.12  39.61  40.26  3769000  40.26
2013-02-20  41.69  41.94  41.12  41.26  2741400  41.26
2013-02-19  41.5  41.98  41.06  41.69  3449200  41.69
2013-02-15  40.88  41.99  40.65  41.29  2802500  41.29
2013-02-14  41.49  41.93  41.26  41.43  1811300  41.43
2013-02-13  42.34  42.53  41.26  41.53  2242400  41.53
2013-02-12  42.68  42.97  42.13  42.25  1702400  42.25
2013-02-11  42.5  43.03  42.25  42.37  1488500  42.37
2013-02-08  43.16  43.28  42.46  42.58  1967300  42.58
2013-02-07  43.74  44.15  42.93  43.17  4256000  43.17
2013-02-06  42.75  43.47  42.6  43.15  1768900  43.15
2013-02-05  42.65  43.23  42.65  42.72  2451800  42.72
2013-02-04  43.23  43.41  42.52  42.57  1979200  42.57
2013-02-01  43.24  43.5  42.58  43.35  2235700  43.35
2013-01-31  42.75  43.06  42.49  42.8  2734500  42.8
2013-01-30  43.13  43.34  42.66  42.8  1498100  42.8
2013-01-29  43.07  43.12  42.69  42.93  1463000  42.93
2013-01-28  43.25  43.49  42.87  43.13  1660700  43.13
2013-01-25  42.81  43.81  42.64  43.62  2131900  43.62
2013-01-24  42.62  43.11  42.43  42.72  1565500  42.72
2013-01-23  42.8  42.85  42.25  42.5  1409300  42.5
2013-01-22  42.62  43.22  42.17  42.82  2327500  42.82
2013-01-18  43.02  43.46  42.49  43.39  2069700  43.39
2013-01-17  42.12  43.18  41.83  43.18  3531000  43.18
2013-01-16  41.99  42.1  41.72  41.9  3655300  41.9
2013-01-15  41.92  42.72  41.52  42.1  4074100  42.1
2013-01-14  42.53  42.92  42.0  42.25  3623700  42.25
2013-01-11  42.85  42.98  42.27  42.75  4404300  42.75
2013-01-10  41.39  43.27  41.35  42.64  6044700  42.64
2013-01-09  41.48  41.69  40.62  40.75  2978000  40.75
2013-01-08  40.81  41.26  40.23  41.18  2245600  41.18
2013-01-07  41.13  41.4  40.27  40.84  1602100  40.84
2013-01-04  41.49  41.72  40.89  41.39  2216300  41.39
2013-01-03  41.22  41.56  40.59  40.74  2076300  40.74
2013-01-02  40.24  41.0  39.9  40.98  4579900  40.98
2012-12-31  38.42  39.46  38.4  39.36  1380100  39.36
2012-12-28  38.23  39.09  38.01  38.22  1507100  38.22
2012-12-27  38.37  38.74  37.73  38.61  1537900  38.61
2012-12-26  39.3  39.36  37.84  38.24  1899600  38.24
2012-12-24  39.49  39.51  39.19  39.3  555500  39.3
2012-12-21  40.04  40.18  39.35  39.43  2517600  39.43
2012-12-20  40.09  40.45  39.66  40.42  2147400  40.42
2012-12-19  39.92  40.65  39.75  40.18  2317000  40.18
2012-12-18  39.73  40.13  39.56  39.69  2126800  39.69
2012-12-17  38.67  39.7  38.62  39.58  2270700  39.58
2012-12-14  38.33  39.01  38.12  38.6  2350200  38.6
2012-12-13  37.96  38.62  37.87  38.23  3876100  38.23
2012-12-12  38.94  38.98  38.04  38.18  3046700  38.18
2012-12-11  39.3  40.0  38.65  38.65  9442500  38.65
2012-12-10  37.35  37.58  36.94  37.0  2505800  37.0
2012-12-07  36.99  37.48  36.9  37.37  1589800  37.37
2012-12-06  36.39  37.34  36.36  36.97  1950100  36.97
2012-12-05  36.78  36.93  35.82  36.35  2562900  36.35
2012-12-04  37.32  37.37  36.15  36.54  3273300  36.54
2012-12-03  37.79  37.81  37.01  37.37  1492800  37.37
2012-11-30  37.63  38.11  37.35  37.7  1221400  37.7
2012-11-29  38.11  38.3  37.47  37.82  1339000  37.82
2012-11-28  37.57  38.33  37.18  38.16  2715100  38.16
2012-11-27  38.16  38.74  37.55  37.65  2222900  37.65
2012-11-26  37.87  38.44  37.75  38.34  2772600  38.34
2012-11-23  37.52  37.95  37.38  37.86  737800  37.86
2012-11-21  37.0  37.77  37.0  37.35  1891900  37.35
2012-11-20  37.09  37.9  35.8  36.81  7257300  36.81
2012-11-19  35.59  37.25  35.55  37.07  5386600  37.07
2012-11-16  34.86  35.14  34.38  35.05  2207100  35.05
2012-11-15  36.08  36.27  34.68  34.82  2978100  34.82
2012-11-14  36.39  36.91  36.06  36.21  3041000  36.21
2012-11-13  35.33  36.69  35.22  35.95  2072100  35.95
2012-11-12  35.31  35.48  34.98  35.38  871100  35.38
2012-11-09  35.26  35.63  34.48  35.31  1889600  35.31
2012-11-08  36.28  36.36  34.97  35.25  1512200  35.25
2012-11-07  36.74  37.03  36.09  36.21  1193900  36.21
2012-11-06  37.09  37.26  36.71  36.95  1375500  36.95
2012-11-05  36.61  37.12  36.33  37.08  1090400  37.08
2012-11-02  36.77  37.06  36.35  36.56  1513100  36.56
2012-11-01  35.8  36.86  35.47  36.69  2420800  36.69
2012-10-31  35.78  35.99  35.28  35.75  2004000  35.75
2012-10-26  35.86  36.38  35.62  35.74  1651200  35.74
2012-10-25  36.42  36.46  35.45  35.8  1752000  35.8
2012-10-24  35.87  36.16  35.73  36.06  2006900  36.06
2012-10-23  36.33  36.37  35.42  35.94  2055900  35.94
2012-10-22  36.85  37.26  36.1  36.39  1937800  36.39
2012-10-19  37.72  37.81  36.8  37.09  1199800  37.09
2012-10-18  37.94  38.13  37.52  37.91  1086300  37.91
2012-10-17  38.17  38.37  37.68  37.99  1582800  37.99
2012-10-16  37.74  38.31  37.63  38.24  1698100  38.24
2012-10-15  36.73  37.81  36.7  37.48  1871100  37.48
2012-10-12  36.98  37.19  36.5  36.61  987500  36.61
2012-10-11  37.1  37.57  36.9  36.97  1909500  36.97
2012-10-10  36.76  36.95  36.53  36.85  1468300  36.85
2012-10-09  37.2  37.44  36.64  36.7  1376100  36.7
2012-10-08  37.56  37.94  37.29  37.3  1443300  37.3
2012-10-05  37.57  38.21  37.55  37.73  1463700  37.73
2012-10-04  37.15  37.73  37.0  37.57  1542300  37.57
2012-10-03  36.86  37.25  36.81  37.0  2573900  37.0
2012-10-02  37.59  37.59  36.65  36.86  2813200  36.86
2012-10-01  37.64  38.25  37.32  37.33  1422600  37.33
2012-09-28  37.91  37.91  36.87  37.56  2684100  37.56
2012-09-27  37.71  37.89  37.05  37.46  2900400  37.46
2012-09-26  38.02  38.42  37.33  37.51  2845800  37.51
2012-09-25  38.77  38.82  37.89  37.94  2101500  37.94
2012-09-24  38.79  39.0  37.99  38.43  3919500  38.43
2012-09-21  39.14  39.3  38.71  38.75  2424000  38.75
2012-09-20  39.2  39.45  38.54  38.87  3065200  38.87
2012-09-19  39.49  39.62  39.05  39.09  3950600  39.09
2012-09-18  39.72  39.76  39.03  39.35  2241800  39.35
2012-09-17  39.56  39.95  39.2  39.82  1909300  39.82
2012-09-14  39.25  40.02  39.25  39.71  2754900  39.71
2012-09-13  39.12  39.85  38.97  39.5  2708200  39.5
2012-09-12  39.0  39.58  38.92  39.24  2198700  39.24
2012-09-11  40.25  40.65  38.59  38.9  5473700  38.9
2012-09-10  38.98  40.19  38.77  39.48  4588600  39.48
2012-09-07  39.0  39.08  38.64  38.73  1674400  38.73
2012-09-06  38.56  39.07  38.38  39.03  2594200  39.03
2012-09-05  37.95  38.43  37.74  38.25  2082100  38.25
2012-09-04  37.57  38.16  37.29  38.1  2540700  38.1
2012-08-31  37.91  38.13  37.41  37.54  2033500  37.54
2012-08-30  37.37  38.3  37.32  37.85  2854900  37.85
2012-08-29  37.08  37.83  36.82  37.77  3084400  37.77
2012-08-28  36.88  37.25  36.76  37.02  2233200  37.02
2012-08-27  36.99  37.19  36.78  36.92  2215000  36.92
2012-08-24  36.83  37.0  36.62  36.94  1961600  36.94
2012-08-23  37.17  37.47  36.68  36.83  2545300  36.83
2012-08-22  36.82  37.68  36.68  37.19  4377900  37.19
2012-08-21  36.91  37.65  35.91  36.98  21693800  36.98
2012-08-20  31.5  31.8  30.91  31.28  5347900  31.28
2012-08-17  31.04  31.6  30.78  31.42  3397400  31.42
2012-08-16  31.21  31.42  30.96  30.98  2053400  30.98
2012-08-15  30.41  31.3  30.37  31.24  2133300  31.24
2012-08-14  30.62  30.79  30.16  30.32  1561600  30.32
2012-08-13  30.47  30.62  30.0  30.49  1461300  30.49
2012-08-10  30.75  30.81  30.4  30.66  961300  30.66
2012-08-09  30.9  31.2  30.84  30.87  1480400  30.87
2012-08-08  30.71  31.09  30.65  30.91  944000  30.91
2012-08-07  30.68  31.34  30.45  30.96  1732100  30.96
2012-08-06  30.43  30.79  30.18  30.4  1986600  30.4
2012-08-03  30.27  30.43  29.9  30.16  1910600  30.16
2012-08-02  30.08  30.3  29.36  29.69  3909800  29.69
2012-08-01  30.6  30.93  30.38  30.42  1756000  30.42
2012-07-31  30.82  31.14  30.51  30.55  2480000  30.55
2012-07-30  31.05  31.34  30.74  30.95  1257100  30.95
2012-07-27  30.67  31.39  30.6  30.97  2221500  30.97
2012-07-26  30.74  31.23  30.17  30.5  1682600  30.5
2012-07-25  30.21  30.42  29.85  30.09  2177100  30.09
2012-07-24  30.46  30.59  29.83  29.96  2408100  29.96
2012-07-23  30.36  30.81  29.91  30.3  3440200  30.3
2012-07-20  31.33  31.49  30.67  31.01  2244800  31.01
2012-07-19  31.11  31.81  30.91  31.56  2629800  31.56
2012-07-18  30.54  31.29  30.44  31.07  2996400  31.07
2012-07-17  29.82  30.65  29.63  30.59  5496500  30.59
2012-07-16  29.21  29.65  28.96  29.49  2334400  29.49
2012-07-13  28.34  29.32  28.34  29.18  1950400  29.18
2012-07-12  27.57  28.56  27.33  28.39  3314200  28.39
2012-07-11  27.89  28.2  27.32  27.86  2620600  27.86
2012-07-10  27.62  28.22  27.41  27.93  2439400  27.93
2012-07-09  27.45  27.68  27.21  27.52  1664200  27.52
2012-07-06  27.84  27.91  27.21  27.41  1507300  27.41
2012-07-05  27.6  28.15  27.55  28.03  1084900  28.03
2012-07-03  27.34  27.95  27.02  27.63  1273900  27.63
2012-07-02  27.79  28.0  27.17  27.56  1153300  27.56
2012-06-29  26.9  27.76  26.7  27.59  2404300  27.59
2012-06-28  26.52  26.74  26.04  26.39  1929300  26.39
2012-06-27  27.2  27.3  26.54  26.75  1694600  26.75
2012-06-26  26.97  27.46  26.74  27.11  2260400  27.11
2012-06-25  27.25  27.3  26.81  26.9  1908200  26.9
2012-06-22  27.8  27.88  27.29  27.55  2606000  27.55
2012-06-21  28.48  28.54  27.53  27.69  2801900  27.69
2012-06-20  28.37  28.68  27.95  28.46  1634600  28.46
2012-06-19  27.76  28.52  27.69  28.27  1504800  28.27
2012-06-18  27.46  27.76  26.97  27.63  1929200  27.63
2012-06-15  26.76  27.58  26.63  27.51  2617800  27.51
2012-06-14  26.54  26.69  26.13  26.62  3239700  26.62
2012-06-13  27.55  27.57  26.28  26.4  3512500  26.4
2012-06-12  27.37  28.0  27.3  27.75  4647400  27.75
2012-06-11  27.89  28.04  27.07  27.13  2138200  27.13
2012-06-08  27.32  27.78  27.14  27.64  2380100  27.64
2012-06-07  27.93  28.05  26.92  27.33  3888500  27.33
2012-06-06  26.92  27.67  26.83  27.59  3099000  27.59
2012-06-05  26.54  26.88  26.33  26.7  2268800  26.7
2012-06-04  27.0  27.18  26.26  26.64  1697100  26.64
2012-06-01  27.53  27.63  26.59  26.69  2830200  26.69
2012-05-31  28.3  28.3  27.6  27.97  2869900  27.97
2012-05-30  28.49  28.68  28.02  28.19  2074900  28.19
2012-05-29  28.55  28.89  28.19  28.72  2254100  28.72
2012-05-25  28.11  28.53  27.98  28.42  1997300  28.42
2012-05-24  28.18  28.2  27.6  28.03  2190000  28.03
2012-05-23  27.91  28.27  27.43  28.18  3434800  28.18
2012-05-22  26.17  28.38  26.02  28.1  11306600  28.1
2012-05-21  25.7  26.52  25.57  26.16  6080000  26.16
2012-05-18  25.61  26.03  25.43  25.62  3564500  25.62
2012-05-17  26.35  26.58  25.48  25.56  4444000  25.56
2012-05-16  26.76  27.01  26.28  26.33  3671100  26.33
2012-05-15  27.06  27.6  26.62  26.74  2651000  26.74
2012-05-14  27.32  27.69  26.93  27.02  3537300  27.02
2012-05-11  27.51  27.87  27.36  27.45  2352100  27.45
2012-05-10  28.01  28.19  27.58  27.69  1584600  27.69
2012-05-09  27.46  28.1  27.08  27.84  2630200  27.84
2012-05-08  27.96  28.08  26.98  27.65  3110700  27.65
2012-05-07  28.17  28.67  28.1  28.2  2829600  28.2
2012-05-04  28.85  29.21  28.28  28.31  2054600  28.31
2012-05-03  30.08  30.08  28.78  28.97  3283900  28.97
2012-05-02  28.84  30.13  28.61  30.1  3830400  30.1
2012-05-01  28.95  29.32  28.66  28.83  2884800  28.83
2012-04-30  29.27  29.36  28.64  28.96  1333700  28.96
2012-04-27  29.04  29.39  28.54  29.21  2114400  29.21
2012-04-26  28.37  29.0  28.22  28.92  1320800  28.92
2012-04-25  27.94  28.53  27.94  28.34  1784900  28.34
2012-04-24  28.2  28.4  27.75  27.87  2659300  27.87
2012-04-23  28.58  28.6  27.99  28.14  2277000  28.14
2012-04-20  29.11  29.38  28.88  28.94  2126400  28.94
2012-04-19  29.17  29.63  28.85  29.06  1574500  29.06
2012-04-18  28.88  29.17  28.72  29.17  1910800  29.17
2012-04-17  28.67  29.06  28.6  28.94  1731300  28.94
2012-04-16  28.9  29.15  28.37  28.48  2257600  28.48
2012-04-13  29.07  29.13  28.61  28.67  2240500  28.67
2012-04-12  28.75  29.15  28.59  29.0  2194100  29.0
2012-04-11  28.7  29.0  28.6  28.8  1418600  28.8
2012-04-10  29.33  29.4  28.39  28.51  3193800  28.51
2012-04-09  29.68  29.68  29.11  29.48  2900300  29.48
2012-04-05  30.02  30.27  29.94  30.03  3185900  30.03
2012-04-04  30.05  30.34  29.74  30.16  3934000  30.16
2012-04-03  30.86  31.36  29.96  30.22  9571300  30.22
2012-04-02  29.25  29.78  29.07  29.54  4679500  29.54
2012-03-30  29.47  29.74  28.98  29.11  2981500  29.11
2012-03-29  29.07  29.2  28.61  29.19  2315800  29.19
2012-03-28  29.77  29.88  28.92  29.23  3409600  29.23
2012-03-27  29.74  30.01  29.5  29.72  3106800  29.72
2012-03-26  29.64  29.89  29.37  29.49  3774600  29.49
2012-03-23  29.08  29.43  28.39  29.37  3827000  29.37
2012-03-22  28.05  29.15  27.98  29.05  6391700  29.05
2012-03-21  28.42  28.69  28.31  28.51  2018900  28.51
2012-03-20  27.72  28.65  27.68  28.51  3469300  28.51
2012-03-19  27.87  28.09  27.52  27.81  2823800  27.81
2012-03-16  27.99  28.3  27.59  27.98  3765200  27.98
2012-03-15  28.22  28.45  27.8  27.98  5827300  27.98
2012-03-14  27.96  28.53  27.75  28.21  4804200  28.21
2012-03-13  28.11  28.65  27.52  27.95  15973200  27.95
2012-03-12  29.5  30.1  29.28  29.51  4975900  29.51
2012-03-09  28.82  29.68  28.5  29.5  2980200  29.5
2012-03-08  28.34  28.96  28.32  28.68  2471400  28.68
2012-03-07  28.15  28.29  27.87  28.24  1895700  28.24
2012-03-06  28.2  28.34  27.9  27.93  2246600  27.93
2012-03-05  28.21  28.8  28.1  28.52  2417600  28.52
2012-03-02  28.48  28.79  28.08  28.11  3220000  28.11
2012-03-01  28.6  28.96  28.29  28.4  3468700  28.4
2012-02-29  29.21  29.23  28.36  28.39  3399900  28.39
2012-02-28  29.69  29.75  28.86  29.19  2822800  29.19
2012-02-27  29.54  29.81  29.22  29.66  1305100  29.66
2012-02-24  29.11  29.82  29.05  29.62  1969400  29.62
2012-02-23  29.21  29.46  28.9  29.14  2219500  29.14
2012-02-22  29.23  30.0  29.05  29.33  3973800  29.33
2012-02-21  28.64  29.12  28.39  28.49  1939500  28.49
2012-02-17  27.59  29.15  27.54  28.48  5120600  28.48
2012-02-16  27.38  27.6  27.02  27.47  1260200  27.47
2012-02-15  27.16  27.56  27.05  27.28  1245900  27.28
2012-02-14  26.94  27.25  26.8  27.18  1164400  27.18
2012-02-13  27.21  27.31  26.79  27.02  1201800  27.02
2012-02-10  27.04  27.35  26.57  27.0  2128700  27.0
2012-02-09  27.94  28.0  26.77  27.41  7320200  27.41
2012-02-08  27.0  27.35  26.8  27.14  3476900  27.14
2012-02-07  26.57  27.2  26.57  26.9  2964800  26.9
2012-02-06  27.45  27.79  27.03  27.48  1646400  27.48
2012-02-03  27.68  28.28  27.62  27.69  7557500  27.69
2012-02-02  26.33  26.74  26.23  26.44  1773200  26.44
2012-02-01  26.62  26.89  26.34  26.39  2703400  26.39
2012-01-31  26.75  26.87  26.08  26.5  2721700  26.5
2012-01-30  26.76  26.85  26.39  26.51  1900300  26.51
2012-01-27  26.88  27.24  26.67  26.99  2187100  26.99
2012-01-26  27.29  27.51  26.64  26.83  3199700  26.83
2012-01-25  26.66  27.7  26.44  27.54  5811200  27.54
2012-01-24  25.6  26.62  25.57  26.62  3337400  26.62
2012-01-23  25.47  25.82  25.25  25.71  2998300  25.71
2012-01-20  25.94  26.03  25.25  25.4  2952900  25.4
2012-01-19  25.24  26.4  25.17  25.91  5108200  25.91
2012-01-18  24.93  25.18  24.68  25.1  3482000  25.1
2012-01-17  25.34  25.43  24.77  24.81  3546100  24.81
2012-01-13  24.4  25.24  24.22  25.13  6670100  25.13
2012-01-12  24.27  24.65  23.97  24.55  9344200  24.55
2012-01-11  24.5  24.66  23.42  23.93  31929400  23.93
2012-01-10  29.23  30.25  29.07  29.41  6294700  29.41
2012-01-09  27.72  28.93  27.71  28.78  4325900  28.78
2012-01-06  28.03  28.09  27.6  27.67  1913100  27.67
2012-01-05  27.84  28.12  27.5  27.98  2419900  27.98
2012-01-04  27.73  28.67  27.58  28.41  2862500  28.41
2012-01-03  28.02  28.65  27.69  27.75  2721700  27.75
2011-12-30  27.63  27.79  27.43  27.56  1138800  27.56
2011-12-29  27.3  27.65  27.04  27.49  1226700  27.49
2011-12-28  27.66  27.75  27.05  27.22  1225600  27.22
2011-12-27  27.39  27.73  27.29  27.68  1226000  27.68
2011-12-23  27.12  27.56  27.12  27.55  1131500  27.55
2011-12-22  27.1  27.39  26.9  27.2  2042900  27.2
2011-12-21  27.06  27.24  26.75  27.06  1508600  27.06
2011-12-20  26.66  27.14  26.51  27.08  2186800  27.08
2011-12-19  26.68  26.96  26.1  26.14  2168600  26.14
2011-12-16  27.03  27.28  26.51  26.58  7324800  26.58
2011-12-15  27.29  27.43  26.72  26.86  2455900  26.86
2011-12-14  27.78  27.81  27.09  27.11  4019400  27.11
2011-12-13  29.06  29.54  27.65  27.87  12443100  27.87
2011-12-12  26.19  26.53  25.66  26.46  3588100  26.46
2011-12-09  26.07  26.6  25.94  26.34  2012800  26.34
2011-12-08  26.74  26.79  25.79  26.03  3582600  26.03
2011-12-07  27.18  27.34  26.66  26.91  2544800  26.91
2011-12-06  27.61  27.74  27.05  27.16  2541800  27.16
2011-12-05  27.56  27.72  27.18  27.7  3303200  27.7
2011-12-02  27.66  27.76  27.08  27.09  2225400  27.09
2011-12-01  27.04  27.7  26.87  27.4  2388400  27.4
2011-11-30  26.76  27.06  26.73  26.98  3435900  26.98
2011-11-29  26.0  26.34  25.87  26.1  2077600  26.1
2011-11-28  25.85  26.6  25.75  26.04  2120900  26.04
2011-11-25  25.13  25.5  25.04  25.19  1697700  25.19
2011-11-23  25.42  25.58  25.02  25.26  3178800  25.26
2011-11-22  25.94  26.26  25.48  25.68  2103000  25.68
2011-11-21  25.51  26.23  25.38  26.12  3452500  26.12
2011-11-18  26.18  26.38  25.79  25.96  2937100  25.96
2011-11-17  26.7  26.83  25.85  26.18  3695000  26.18
2011-11-16  26.56  27.26  26.55  26.7  4169900  26.7
2011-11-15  25.82  27.37  25.62  26.85  10143200  26.85
2011-11-14  26.67  26.99  26.38  26.83  3963100  26.83
2011-11-11  26.34  26.91  26.2  26.82  2588600  26.82
2011-11-10  26.3  26.76  26.0  26.17  3026900  26.17
2011-11-09  25.86  26.43  25.4  26.05  4156700  26.05
2011-11-08  26.88  27.56  25.54  26.34  9047400  26.34
2011-11-07  26.75  27.28  26.59  27.21  2503700  27.21
2011-11-04  26.55  26.96  26.0  26.72  1798000  26.72
2011-11-03  26.77  26.9  25.73  26.76  4613200  26.76
2011-11-02  26.96  27.28  26.16  26.62  3377200  26.62
2011-11-01  26.67  27.17  26.2  26.54  4057800  26.54
2011-10-31  28.05  28.05  27.22  27.25  2962900  27.25
2011-10-28  27.75  28.2  27.2  28.1  3598000  28.1
2011-10-27  28.33  29.73  27.74  27.89  5061800  27.89
2011-10-26  26.39  26.5  25.54  26.23  3017300  26.23
2011-10-25  26.04  26.59  26.02  26.19  2969500  26.19
2011-10-24  25.19  26.78  25.19  26.37  3744200  26.37
2011-10-21  23.98  25.16  23.83  25.07  4219400  25.07
2011-10-20  23.42  23.79  23.12  23.67  1863900  23.67
2011-10-19  23.57  23.72  23.25  23.48  1829600  23.48
2011-10-18  23.22  23.7  22.27  23.59  3067900  23.59
2011-10-17  23.75  23.99  22.95  23.12  1915000  23.12
2011-10-14  24.15  24.26  23.49  23.84  2285900  23.84
2011-10-13  24.11  24.23  23.58  23.89  1655400  23.89
2011-10-12  23.85  24.89  23.6  24.15  3626300  24.15
2011-10-11  23.6  23.69  23.34  23.54  1973600  23.54
2011-10-10  23.63  24.01  23.3  23.66  2224800  23.66
2011-10-07  24.15  24.31  23.22  23.29  3489200  23.29
2011-10-06  23.47  24.13  23.3  24.06  3323700  24.06
2011-10-05  22.53  24.03  22.17  23.49  4317000  23.49
2011-10-04  21.72  22.7  21.47  22.49  4475100  22.49
2011-10-03  22.2  22.62  21.89  21.9  6719300  21.9
2011-09-30  23.18  23.21  22.31  22.31  4535900  22.31
2011-09-29  23.47  23.87  22.69  23.31  5480500  23.31
2011-09-28  24.02  24.18  23.06  23.11  3243900  23.11
2011-09-27  24.68  24.68  23.69  23.84  3090300  23.84
2011-09-26  23.54  24.25  23.28  24.2  3496900  24.2
2011-09-23  22.67  23.5  22.61  23.41  5855300  23.41
2011-09-22  22.85  23.3  22.52  22.87  8458600  22.87
2011-09-21  24.56  24.63  23.78  23.79  3854700  23.79
2011-09-20  24.82  24.93  24.32  24.34  2550900  24.34
2011-09-19  24.46  24.84  24.2  24.58  3348700  24.58
2011-09-16  25.39  25.6  24.3  24.83  6103200  24.83
2011-09-15  25.56  25.56  25.0  25.35  3429800  25.35
2011-09-14  24.72  25.62  24.52  25.13  4378400  25.13
2011-09-13  24.79  25.2  24.38  24.66  4334600  24.66
2011-09-12  24.24  25.02  24.19  24.85  3821700  24.85
2011-09-09  24.76  24.97  24.4  24.56  4862400  24.56
2011-09-08  24.98  25.64  24.81  24.96  4719700  24.96
2011-09-07  23.98  25.37  23.5  25.26  13004900  25.26
2011-09-06  25.22  26.02  25.12  25.78  4950500  25.78
2011-09-02  25.5  26.21  25.29  25.96  4847000  25.96
2011-09-01  26.23  26.52  25.67  26.0  4973300  26.0
2011-08-31  25.88  26.61  25.81  26.18  4629000  26.18
2011-08-30  25.24  26.05  25.04  25.73  3549900  25.73
2011-08-29  24.98  25.6  24.92  25.46  2543500  25.46
2011-08-26  24.24  25.0  24.02  24.77  4547400  24.77
2011-08-25  25.78  25.78  23.89  24.21  9604900  24.21
2011-08-24  26.45  26.45  25.36  25.64  8174400  25.64
2011-08-23  27.0  27.27  26.19  26.41  7422400  26.41
2011-08-22  26.49  27.26  26.49  27.03  4997100  27.03
2011-08-19  25.7  26.88  25.63  25.95  4334700  25.95
2011-08-18  26.12  26.71  25.27  26.02  5907200  26.02
2011-08-17  27.83  28.04  26.34  27.0  6044700  27.0
2011-08-16  26.18  28.05  25.74  27.84  14399500  27.84
2011-08-15  29.76  30.21  29.12  29.69  4588300  29.69
2011-08-12  28.46  30.39  28.15  29.68  4374900  29.68
2011-08-11  27.35  28.71  27.35  28.24  3455500  28.24
2011-08-10  27.65  28.28  26.79  27.38  4328100  27.38
2011-08-09  27.49  28.37  26.47  28.37  5015300  28.37
2011-08-08  28.58  28.96  26.46  27.41  6104100  27.41
2011-08-05  29.68  29.99  28.21  29.39  5049700  29.39
2011-08-04  30.87  31.05  29.2  29.2  5370100  29.2
2011-08-03  30.78  31.63  30.18  31.32  3376400  31.32
2011-08-02  31.9  32.0  30.58  30.76  4021100  30.76
2011-08-01  32.79  32.9  31.66  32.21  2326100  32.21
2011-07-29  32.34  32.97  31.95  32.54  2361600  32.54
2011-07-28  32.33  33.03  32.11  32.58  2275700  32.58
2011-07-27  33.27  33.9  32.09  32.16  3699500  32.16
2011-07-26  32.38  33.59  32.37  33.59  3765600  33.59
2011-07-25  32.26  32.77  32.2  32.49  1746800  32.49
2011-07-22  32.19  32.77  31.6  32.56  2481200  32.56
2011-07-21  31.6  32.62  31.6  32.17  2579200  32.17
2011-07-20  31.6  32.01  31.2  31.5  1649700  31.5
2011-07-19  31.31  31.83  31.23  31.59  1445500  31.59
2011-07-18  31.42  31.68  30.89  31.02  2242000  31.02
2011-07-15  31.37  31.6  31.03  31.41  2744000  31.41
2011-07-14  31.85  31.93  30.96  31.3  3030700  31.3
2011-07-13  31.86  32.46  31.74  31.85  1768400  31.85
2011-07-12  31.5  31.93  31.35  31.7  2649900  31.7
2011-07-11  31.7  32.1  31.14  31.3  2620100  31.3
2011-07-08  32.16  32.43  31.85  32.03  3258700  32.03
2011-07-07  32.01  33.56  31.95  32.58  10135300  32.58
2011-07-06  29.12  31.44  29.01  30.75  8239300  30.75
2011-07-05  28.96  29.19  28.51  29.11  2475100  29.11
2011-07-01  28.18  29.07  28.07  28.92  3349200  28.92
2011-06-30  28.41  28.54  27.96  28.15  3542500  28.15
2011-06-29  28.74  28.82  28.27  28.34  2316000  28.34
2011-06-28  28.63  28.81  28.38  28.68  2310200  28.68
2011-06-27  28.41  28.61  28.18  28.45  1599600  28.45
2011-06-24  29.28  29.29  28.39  28.43  2933500  28.43
2011-06-23  28.29  29.32  28.1  29.26  3806500  29.26
2011-06-22  29.24  29.28  28.57  28.63  2404000  28.63
2011-06-21  29.18  29.37  28.95  29.28  2329000  29.28
2011-06-20  28.71  29.16  28.5  28.97  1364400  28.97
2011-06-17  28.56  28.92  28.41  28.81  3190400  28.81
2011-06-16  28.83  29.0  28.13  28.27  3832400  28.27
2011-06-15  28.92  29.21  28.7  28.71  2366700  28.71
2011-06-14  29.12  29.58  29.06  29.15  1941300  29.15
2011-06-13  28.96  29.15  28.8  28.96  2909800  28.96
2011-06-10  28.98  29.33  28.81  29.03  4394300  29.03
2011-06-09  28.1  29.26  28.1  29.19  5434200  29.19
2011-06-08  29.05  29.05  28.22  28.49  6761400  28.49
2011-06-07  28.94  29.39  28.94  29.28  3330000  29.28
2011-06-06  29.1  29.43  28.89  28.9  3997600  28.9
2011-06-03  29.43  29.65  29.16  29.19  2730400  29.19
2011-06-02  29.98  30.32  29.75  29.8  3391300  29.8
2011-06-01  30.45  30.51  30.0  30.02  2107600  30.02
2011-05-31  30.65  30.72  30.11  30.46  2510200  30.46
2011-05-27  30.24  30.52  30.17  30.46  1620900  30.46
2011-05-26  30.23  30.36  29.87  30.24  4372200  30.24
2011-05-25  30.18  30.92  29.85  30.18  5547700  30.18
2011-05-24  31.48  31.68  30.9  30.97  2464600  30.97
2011-05-23  31.2  31.75  31.1  31.36  2800000  31.36
2011-05-20  32.22  32.22  30.92  31.51  4499000  31.51
2011-05-19  32.52  32.73  32.17  32.54  1634600  32.54
2011-05-18  32.95  32.96  32.17  32.43  2577000  32.43
2011-05-17  32.39  33.48  32.11  33.06  5297300  33.06
2011-05-16  32.56  32.89  31.98  32.29  4236200  32.29
2011-05-13  33.06  33.2  32.59  32.62  3321500  32.62
2011-05-12  32.72  33.3  32.12  32.99  3400000  32.99
2011-05-11  32.89  33.09  32.72  32.87  3900000  32.87
2011-05-10  31.53  32.98  31.47  32.9  4025700  32.9
2011-05-09  31.43  31.5  30.97  31.43  2075800  31.43
2011-05-06  31.85  31.97  31.18  31.38  1973300  31.38
2011-05-05  31.89  32.16  31.45  31.55  2600000  31.55
2011-05-04  32.07  32.63  31.85  32.12  2115000  32.12
2011-05-03  31.95  32.26  31.72  32.19  2200000  32.19
2011-05-02  31.72  32.01  31.55  31.85  1966600  31.85
2011-04-29  31.89  32.0  31.42  31.47  3645600  31.47
2011-04-28  31.78  32.5  31.09  31.83  6900000  31.83
2011-04-27  32.65  33.67  32.64  33.1  6468900  33.1
2011-04-26  32.0  32.67  31.97  32.65  4300000  32.65
2011-04-25  31.79  31.97  31.6  31.9  2128500  31.9
2011-04-21  31.23  31.76  31.2  31.76  2443600  31.76
2011-04-20  31.63  32.0  31.15  31.2  2521000  31.2
2011-04-19  30.53  31.48  30.37  31.43  4050500  31.43
2011-04-18  30.43  30.52  29.92  30.4  5278800  30.4
2011-04-15  30.51  30.8  30.02  30.64  4835700  30.64
2011-04-14  31.44  31.6  31.22  31.31  1470600  31.31
2011-04-13  31.56  32.18  31.33  31.69  2660900  31.69
2011-04-12  31.29  31.79  31.14  31.56  2135400  31.56
2011-04-11  31.05  31.45  30.99  31.3  2137800  31.3
2011-04-08  31.24  31.25  30.59  30.91  2224800  30.91
2011-04-07  31.19  31.66  30.9  31.0  1925800  31.0
2011-04-06  31.55  31.6  30.98  31.28  4250700  31.28
2011-04-05  30.29  31.13  30.24  30.68  2969300  30.68
2011-04-04  30.36  30.48  30.06  30.19  2031600  30.19
2011-04-01  29.82  30.44  29.5  30.35  5670100  30.35
2011-03-31  30.38  30.43  29.7  29.83  4205900  29.83
2011-03-30  29.92  30.69  29.87  30.55  2628000  30.55
2011-03-29  29.7  29.96  29.47  29.9  4352900  29.9
2011-03-28  30.06  30.21  29.62  29.62  2347600  29.62
2011-03-25  29.88  30.14  29.56  30.06  5874200  30.06
2011-03-24  30.56  30.7  30.06  30.19  3691700  30.19
2011-03-23  30.18  30.49  29.76  30.4  10545500  30.4
2011-03-22  31.55  31.76  30.39  30.4  5289800  30.4
2011-03-21  31.5  31.82  31.29  31.79  1984300  31.79
2011-03-18  31.19  31.32  30.91  31.25  3165900  31.25
2011-03-17  31.67  31.67  31.01  31.15  1485000  31.15
2011-03-16  31.34  31.58  31.12  31.19  2865500  31.19
2011-03-15  31.03  31.74  31.0  31.32  2555400  31.32
2011-03-14  31.8  32.25  31.72  31.73  3884700  31.73
2011-03-11  31.44  32.2  31.22  32.12  3348900  32.12
2011-03-10  30.94  31.77  30.8  31.67  5128600  31.67
2011-03-09  31.54  31.9  30.91  31.17  7150000  31.17
2011-03-08  32.44  32.84  31.46  31.66  17491400  31.66
2011-03-07  38.83  39.26  37.65  37.99  6256000  37.99
2011-03-04  38.39  38.54  37.91  38.5  2686200  38.5
2011-03-03  38.21  38.56  37.67  38.32  1993800  38.32
2011-03-02  37.9  38.34  37.57  37.93  1939400  37.93
2011-03-01  38.46  39.2  37.65  38.0  3259800  38.0
2011-02-28  37.55  38.41  37.4  38.38  2645200  38.38
2011-02-25  37.13  37.7  37.0  37.49  1195700  37.49
2011-02-24  36.74  37.47  36.43  37.07  1406600  37.07
2011-02-23  37.54  37.55  36.33  36.79  2923000  36.79
2011-02-22  37.35  38.2  37.28  37.55  2502600  37.55
2011-02-18  37.51  37.99  37.25  37.78  1667000  37.78
2011-02-17  37.68  38.09  37.42  37.86  1345900  37.86
2011-02-16  38.0  38.04  37.35  37.68  1825700  37.68
2011-02-15  37.63  37.96  37.05  37.72  2503700  37.72
2011-02-14  37.63  37.99  37.49  37.78  1003400  37.78
2011-02-11  37.36  37.62  36.95  37.61  1065800  37.61
2011-02-10  37.2  37.56  37.03  37.32  2168000  37.32
2011-02-09  37.0  37.97  36.87  37.31  4432300  37.31
2011-02-08  35.78  37.11  35.54  37.06  3922600  37.06
2011-02-07  34.62  35.4  34.58  35.11  2916000  35.11
2011-02-04  33.95  35.13  33.69  34.76  2052700  34.76
2011-02-03  33.66  35.11  33.66  33.86  2940700  33.86
2011-02-02  33.92  34.24  33.45  33.6  2814400  33.6
2011-02-01  33.98  34.36  33.66  34.01  1588800  34.01
2011-01-31  33.81  34.16  33.67  33.82  1847700  33.82
2011-01-28  34.38  34.41  33.62  33.82  2977400  33.82
2011-01-27  34.27  34.59  34.18  34.41  1710200  34.41
2011-01-26  34.12  34.46  33.62  34.27  2652400  34.27
2011-01-25  34.14  34.47  33.92  34.14  3011600  34.14
2011-01-24  34.9  35.03  34.17  34.23  2692200  34.23
2011-01-21  35.1  35.17  34.8  35.03  2037900  35.03
2011-01-20  34.89  35.31  34.75  35.0  2346600  35.0
2011-01-19  35.47  35.54  34.58  35.04  3008400  35.04
2011-01-18  35.95  36.23  35.16  35.63  2748300  35.63
2011-01-14  36.29  36.45  35.89  35.94  1580400  35.94
2011-01-13  36.23  36.67  36.08  36.31  2084500  36.31
2011-01-12  36.12  36.6  35.97  36.21  1593700  36.21
2011-01-11  36.22  36.25  35.44  35.89  2296800  35.89
2011-01-10  35.81  36.22  35.58  36.09  2143800  36.09
2011-01-07  36.15  36.19  35.29  36.01  3211300  36.01
2011-01-06  35.56  36.14  35.0  36.07  3588000  36.07
2011-01-05  35.7  36.23  35.48  35.75  5034100  35.75
2011-01-04  35.52  36.43  35.52  35.89  6098000  35.89
2011-01-03  35.46  35.79  35.11  35.45  4225800  35.45
2010-12-31  36.3  36.38  35.63  35.81  1242000  35.81
2010-12-30  36.08  36.45  35.96  36.39  1051000  36.39
2010-12-29  36.21  36.57  35.99  36.2  1331100  36.2
2010-12-28  35.76  36.16  35.69  36.07  1366100  36.07
2010-12-27  35.79  35.92  35.51  35.72  818200  35.72
2010-12-23  36.07  36.15  35.38  35.87  1709000  35.87
2010-12-22  36.98  36.98  35.83  36.06  2587200  36.06
2010-12-21  35.94  36.97  35.72  36.79  3232600  36.79
2010-12-20  36.55  36.91  36.41  36.79  1670800  36.79
2010-12-17  36.72  36.95  36.36  36.36  2958200  36.36
2010-12-16  36.64  37.15  36.49  36.67  1961200  36.67
2010-12-15  36.23  36.99  36.14  36.62  2821800  36.62
2010-12-14  36.36  36.83  35.93  36.34  2604900  36.34
2010-12-13  37.39  37.5  36.1  36.15  3690100  36.15
2010-12-10  37.35  37.39  36.44  37.2  4245700  37.2
2010-12-09  38.4  38.47  37.54  37.63  2723100  37.63
2010-12-08  38.1  38.36  37.72  38.32  2343100  38.32
2010-12-07  38.22  38.39  37.37  38.1  3336600  38.1
2010-12-06  38.26  38.53  37.71  37.88  2184800  37.88
2010-12-03  38.2  38.32  37.55  38.26  3815000  38.26
2010-12-02  38.42  38.95  38.22  38.32  3602500  38.32
2010-12-01  38.25  38.49  37.83  38.12  3624600  38.12
2010-11-30  37.93  38.35  37.71  37.79  3936000  37.79
2010-11-29  38.25  38.49  37.7  38.23  4141400  38.23
2010-11-26  38.35  38.73  38.29  38.46  1434900  38.46
2010-11-24  37.99  38.6  37.91  38.4  3819900  38.4
2010-11-23  37.72  38.19  37.43  37.74  5953100  37.74
2010-11-22  37.4  37.92  36.96  37.35  3373900  37.35
2010-11-19  36.59  37.46  36.18  37.26  3955100  37.26
2010-11-18  37.55  37.55  36.41  36.66  5468300  36.66
2010-11-17  36.57  37.57  36.08  37.28  8905400  37.28
2010-11-16  34.26  36.66  34.16  36.63  19409300  36.63
2010-11-15  33.17  33.34  32.7  32.74  4125700  32.74
2010-11-12  33.01  33.31  32.67  32.9  3432200  32.9
2010-11-11  32.9  33.24  32.5  33.1  4070500  33.1
2010-11-10  33.22  33.5  32.72  33.43  3071800  33.43
2010-11-09  33.36  33.5  33.1  33.27  4073400  33.27
2010-11-08  32.35  33.6  32.08  33.33  3824300  33.33
2010-11-05  31.9  32.5  31.73  32.44  2247600  32.44
2010-11-04  32.0  32.31  31.28  31.72  4855800  31.72
2010-11-03  30.29  31.54  30.25  31.54  4800500  31.54
2010-11-02  30.49  30.65  30.2  30.31  3668500  30.31
2010-11-01  30.74  31.0  30.18  30.31  3908000  30.31
2010-10-29  30.34  30.87  30.21  30.79  2743900  30.79
2010-10-28  31.24  31.3  30.25  30.34  4781800  30.34
2010-10-27  31.54  31.57  30.59  31.05  4544600  31.05
2010-10-26  31.05  31.91  30.89  31.81  6290200  31.81
2010-10-25  30.5  31.16  30.28  31.16  7347800  31.16
2010-10-22  29.36  30.38  29.09  30.28  5428900  30.28
2010-10-21  29.62  30.15  29.03  29.36  7107700  29.36
2010-10-20  29.41  30.2  29.14  29.4  7455400  29.4
2010-10-19  30.8  30.8  29.08  29.28  12153600  29.28
2010-10-18  31.09  31.31  30.58  31.18  3573400  31.18
2010-10-15  31.09  31.44  30.76  31.0  4744800  31.0
2010-10-14  31.89  32.03  31.15  31.27  2830100  31.27
2010-10-13  31.6  32.41  31.32  31.79  5717100  31.79
2010-10-12  30.5  31.32  30.08  31.21  7108700  31.21
2010-10-11  31.26  31.46  30.54  30.82  4998900  30.82
2010-10-08  31.49  31.88  31.06  31.28  4032300  31.28
2010-10-07  32.39  32.55  31.19  31.46  5159200  31.46
2010-10-06  31.64  32.06  31.06  32.06  5198400  32.06
2010-10-05  31.9  32.21  31.18  32.15  5183900  32.15
2010-10-04  31.34  32.0  31.29  31.49  5940900  31.49
2010-10-01  31.7  31.94  31.16  31.47  5463800  31.47
2010-09-30  32.57  32.84  31.4  31.44  7608200  31.44
2010-09-29  34.64  34.7  31.76  31.96  18991700  31.96
2010-09-28  34.6  35.11  34.08  34.87  2813300  34.87
2010-09-27  34.4  34.68  34.07  34.37  1759300  34.37
2010-09-24  33.99  34.68  33.77  34.67  2120000  34.67
2010-09-23  33.01  33.9  32.93  33.43  1784000  33.43
2010-09-22  33.8  33.8  32.91  33.4  2536400  33.4
2010-09-21  34.24  34.48  33.34  33.61  3565400  33.61
2010-09-20  34.25  34.54  33.96  34.13  3000500  34.13
2010-09-17  34.95  34.99  34.01  34.11  3939200  34.11
2010-09-16  34.77  34.93  34.12  34.82  3071900  34.82
2010-09-15  34.43  34.99  34.26  34.97  2233400  34.97
2010-09-14  33.63  34.95  33.63  34.76  3298500  34.76
2010-09-13  33.44  33.76  33.28  33.71  3409000  33.71
2010-09-10  33.51  33.57  32.96  33.18  2560900  33.18
2010-09-09  33.78  34.33  33.08  33.32  4293300  33.32
2010-09-08  32.29  33.49  32.11  33.34  4425200  33.34
2010-09-07  32.85  32.92  32.26  32.29  2412200  32.29
2010-09-03  33.16  33.71  32.75  33.1  2772400  33.1
2010-09-02  31.57  32.74  31.31  32.58  4641100  32.58
2010-09-01  30.93  31.79  30.68  31.19  2930400  31.19
2010-08-31  30.64  31.26  30.19  30.32  4229000  30.32
2010-08-30  30.9  31.1  30.68  30.7  2303300  30.7
2010-08-27  31.5  31.59  30.77  31.05  6581600  31.05
2010-08-26  32.37  32.67  31.36  31.52  2838600  31.52
2010-08-25  31.39  32.49  31.02  32.34  4383000  32.34
2010-08-24  32.23  32.69  31.74  31.75  3836200  31.75
2010-08-23  33.05  33.37  32.36  32.65  2561100  32.65
2010-08-20  33.08  33.29  32.51  32.95  2904400  32.95
2010-08-19  33.15  33.67  32.96  33.16  3050200  33.16
2010-08-18  32.47  33.5  32.47  33.43  2913900  33.43
2010-08-17  32.71  33.9  31.87  32.95  9932800  32.95
2010-08-16  30.75  31.78  30.68  31.36  4090900  31.36
2010-08-13  31.5  31.61  30.88  30.9  2713000  30.9
2010-08-12  31.19  31.77  30.79  31.61  2739000  31.61
2010-08-11  32.08  32.31  31.76  31.88  2397800  31.88
2010-08-10  33.32  33.47  32.68  32.89  2052600  32.89
2010-08-09  33.42  33.86  33.28  33.58  2070000  33.58
2010-08-06  32.6  33.43  32.49  33.11  4229200  33.11
2010-08-05  32.15  33.28  31.45  33.22  4731300  33.22
2010-08-04  31.81  32.24  31.51  32.21  3919500  32.21
2010-08-03  32.19  32.21  30.76  31.56  5496100  31.56
2010-08-02  32.71  32.79  31.83  32.39  3369400  32.39
2010-07-30  31.6  32.28  31.52  32.16  2853900  32.16
2010-07-29  32.73  32.91  31.5  32.02  3768700  32.02
2010-07-28  32.98  33.29  32.37  32.56  2548100  32.56
2010-07-27  34.6  34.88  32.84  32.97  3810900  32.97
2010-07-26  34.05  34.64  33.9  34.62  1985600  34.62
2010-07-23  33.87  34.25  33.32  34.19  2661700  34.19
2010-07-22  33.33  34.1  33.23  33.87  2678200  33.87
2010-07-21  33.76  33.82  32.8  32.94  2483800  32.94
2010-07-20  31.64  33.74  31.64  33.64  4237200  33.64
2010-07-19  32.07  32.62  32.03  32.21  2934300  32.21
2010-07-16  33.33  33.54  31.89  31.96  4693400  31.96
2010-07-15  33.27  33.46  32.86  33.32  3431600  33.32
2010-07-14  34.0  34.0  33.06  33.26  3096200  33.26
2010-07-13  32.82  34.03  32.71  33.91  5763900  33.91
2010-07-12  34.16  34.24  33.36  33.66  2466000  33.66
2010-07-09  34.08  34.52  33.72  34.12  1986000  34.12
2010-07-08  34.5  34.79  33.47  33.97  4205200  33.97
2010-07-07  33.7  34.72  33.7  34.43  3536800  34.43
2010-07-06  34.79  35.6  33.55  33.68  4894800  33.68
2010-07-02  35.33  35.77  34.51  34.69  2020300  34.69
2010-07-01  34.66  35.42  33.99  35.25  5379200  35.25
2010-06-30  34.49  35.63  34.35  34.39  3023700  34.39
2010-06-29  35.21  35.21  34.03  34.62  3954500  34.62
2010-06-28  35.97  36.37  35.59  35.8  2532700  35.8
2010-06-25  34.89  36.56  34.6  36.06  5907100  36.06
2010-06-24  34.99  35.15  33.96  34.66  4284900  34.66
2010-06-23  34.66  35.28  34.2  35.07  2260100  35.07
2010-06-22  35.88  35.99  34.59  34.7  2613100  34.7
2010-06-21  36.86  37.34  35.65  35.77  2193600  35.77
2010-06-18  36.59  37.35  36.4  36.53  2010500  36.53
2010-06-17  37.09  37.09  36.06  36.54  1886000  36.54
2010-06-16  37.75  37.75  36.85  36.93  2368800  36.93
2010-06-15  37.85  38.1  37.17  38.06  1630000  38.06
2010-06-14  37.61  37.91  37.11  37.58  2178600  37.58
2010-06-11  36.7  37.63  36.54  37.12  2398500  37.12
2010-06-10  36.69  37.31  36.54  37.29  2275600  37.29
2010-06-09  36.12  37.1  35.73  36.02  2722300  36.02
2010-06-08  36.12  36.32  34.87  36.0  4565800  36.0
2010-06-07  37.27  37.27  36.01  36.08  2376800  36.08
2010-06-04  38.58  38.83  36.78  36.88  3662800  36.88
2010-06-03  37.94  39.18  37.49  39.15  3607400  39.15
2010-06-02  35.79  37.81  35.79  37.79  3658000  37.79
2010-06-01  36.15  37.25  36.03  36.35  2587700  36.35
2010-05-28  36.17  36.74  35.78  36.3  1809100  36.3
2010-05-27  36.13  36.58  35.69  36.49  2261800  36.49
2010-05-26  36.55  37.14  35.08  35.33  4859200  35.33
2010-05-25  35.12  36.5  34.49  36.5  3690600  36.5
2010-05-24  35.36  36.14  34.97  35.74  3465500  35.74
2010-05-21  34.08  35.87  33.28  35.55  3980400  35.55
2010-05-20  34.54  35.46  34.03  34.41  2951700  34.41
2010-05-19  34.91  35.97  34.54  35.35  3182600  35.35
2010-05-18  36.18  36.68  34.95  35.06  2454800  35.06
2010-05-17  35.92  36.13  34.9  36.0  3794600  36.0
2010-05-14  36.48  36.76  35.56  35.88  3807500  35.88
2010-05-13  38.17  38.59  36.45  36.78  7067000  36.78
2010-05-12  39.1  39.41  38.38  39.41  3893400  39.41
2010-05-11  38.4  39.12  37.86  38.78  5369200  38.78
2010-05-10  37.37  38.62  36.65  38.55  6629000  38.55
2010-05-07  35.71  36.66  34.21  34.89  6409800  34.89
2010-05-06  37.2  37.74  33.75  35.92  5150200  35.92
2010-05-05  37.49  38.5  37.24  38.05  3674500  38.05
2010-05-04  37.95  38.17  37.16  37.54  3026500  37.54
2010-05-03  37.82  38.81  37.63  38.48  3283300  38.48
2010-04-30  38.01  38.14  36.97  37.56  4073300  37.56
2010-04-29  38.25  38.56  37.67  38.15  3163900  38.15
2010-04-28  39.26  39.6  38.05  38.12  3247200  38.12
2010-04-27  40.25  40.84  39.06  39.16  3176700  39.16
2010-04-26  40.44  40.77  39.84  40.56  3143600  40.56
2010-04-23  40.48  40.58  39.6  39.87  2764400  39.87
2010-04-22  38.32  40.49  38.03  40.3  3659200  40.3
2010-04-21  38.05  38.62  37.89  38.42  1772100  38.42
2010-04-20  38.18  38.64  37.7  38.2  2506600  38.2
2010-04-19  38.22  38.56  37.05  37.97  2695100  37.97
2010-04-16  39.42  39.47  38.24  38.41  2665900  38.41
2010-04-15  39.0  39.44  39.0  39.4  2077800  39.4
2010-04-14  38.32  39.21  38.22  39.18  2924900  39.18
2010-04-13  38.07  38.39  37.73  38.32  2806700  38.32
2010-04-12  38.62  38.7  37.92  38.05  2292500  38.05
2010-04-09  38.51  38.6  37.82  38.56  2270500  38.56
2010-04-08  38.24  38.52  37.54  38.29  3726700  38.29
2010-04-07  39.19  39.29  38.26  38.29  3763600  38.29
2010-04-06  38.71  39.21  38.33  39.15  3053700  39.15
2010-04-05  37.85  39.0  37.78  38.91  3044300  38.91
2010-04-01  38.53  38.84  37.52  37.84  4275000  37.84
2010-03-31  37.86  38.39  37.67  38.07  3623400  38.07
2010-03-30  37.37  38.29  37.29  38.13  2862400  38.13
2010-03-29  38.14  38.29  37.35  37.51  1728100  37.51
2010-03-26  37.75  38.74  37.5  37.98  4934900  37.98
2010-03-25  36.51  37.32  36.35  36.85  2998900  36.85
2010-03-24  36.2  36.39  35.98  36.29  2089300  36.29
2010-03-23  36.52  36.63  36.02  36.39  2634300  36.39
2010-03-22  35.66  36.75  35.59  36.44  2908400  36.44
2010-03-19  36.18  36.26  35.36  35.6  3344100  35.6
2010-03-18  35.98  36.41  35.85  36.14  2166600  36.14
2010-03-17  36.32  36.65  35.84  36.04  3087100  36.04
2010-03-16  36.56  36.91  36.09  36.42  2248000  36.42
2010-03-15  36.51  36.75  35.99  36.75  2165500  36.75
2010-03-12  36.64  36.64  36.16  36.49  2006200  36.49
2010-03-11  36.09  36.61  35.97  36.46  2183400  36.46
2010-03-10  35.95  36.57  35.78  36.31  3872700  36.31
2010-03-09  35.26  36.01  35.14  35.84  3690500  35.84
2010-03-08  35.0  35.42  34.88  35.32  4101500  35.32
2010-03-05  34.28  35.08  34.27  34.98  2782200  34.98
2010-03-04  34.44  34.75  33.95  34.34  4534700  34.34
2010-03-03  33.32  33.95  33.12  33.4  3029500  33.4
2010-03-02  33.46  33.65  32.99  33.11  2797000  33.11
2010-03-01  32.48  33.19  32.26  33.18  2757600  33.18
2010-02-26  31.9  32.23  31.72  32.2  2376100  32.2
2010-02-25  31.22  31.91  31.07  31.88  3039300  31.88
2010-02-24  31.83  31.97  31.48  31.79  1529900  31.79
2010-02-23  31.99  32.15  31.5  31.66  1568500  31.66
2010-02-22  32.14  32.36  31.63  32.04  2012100  32.04
2010-02-19  32.02  32.46  31.95  31.96  2468800  31.96
2010-02-18  31.68  32.13  31.36  32.1  2647700  32.1
2010-02-17  31.33  31.57  31.27  31.56  2128600  31.56
2010-02-16  30.96  31.26  30.77  31.2  2569200  31.2
2010-02-12  30.81  31.0  30.55  30.84  3346300  30.84
2010-02-11  31.2  31.49  30.79  31.14  3283800  31.14
2010-02-10  31.73  31.85  31.11  31.39  2570800  31.39
2010-02-09  31.37  31.97  31.06  31.85  4497400  31.85
2010-02-08  30.72  31.36  30.52  30.91  5235000  30.91
2010-02-05  31.14  31.29  30.63  30.83  34530300  30.83
2010-02-04  31.02  31.18  30.48  30.85  4919400  30.85
2010-02-03  32.4  32.58  31.78  31.99  3381300  31.99
2010-02-02  32.47  32.91  32.28  32.67  2744900  32.67
2010-02-01  32.39  32.54  32.05  32.49  3528800  32.49
2010-01-29  31.54  32.84  31.12  31.57  5132100  31.57
2010-01-28  31.54  31.65  30.11  30.52  3705400  30.52
2010-01-27  31.22  31.7  31.01  31.54  1912100  31.54
2010-01-26  31.01  31.6  31.0  31.38  2998800  31.38
2010-01-25  31.08  31.42  30.85  31.12  3841500  31.12
2010-01-22  31.79  31.82  30.97  31.05  4389800  31.05
2010-01-21  31.72  32.12  31.21  31.45  3242600  31.45
2010-01-20  32.35  32.5  31.27  31.62  3220900  31.62
2010-01-19  32.62  32.91  32.47  32.72  2651300  32.72
2010-01-15  33.51  34.1  32.38  32.45  3982400  32.45
2010-01-14  33.91  34.27  33.29  33.78  2544800  33.78
2010-01-13  33.71  34.27  33.65  34.16  1550900  34.16
2010-01-12  33.64  33.75  33.06  33.59  2906400  33.59
2010-01-11  33.95  34.11  33.54  33.82  2340100  33.82
2010-01-08  34.02  34.39  33.73  34.01  2945300  34.01
2010-01-07  34.97  34.99  33.8  34.08  5854700  34.08
2010-01-06  35.27  35.56  34.77  35.28  3294600  35.28
2010-01-05  34.99  36.23  34.82  35.56  3958600  35.56
2010-01-04  35.61  35.84  34.65  34.91  3433800  34.91
