Date  Open  High  Low  Close  Volume  Adj Close
2014-02-28  41.15  41.47  41.01  41.14  7043100  41.14
2014-02-27  40.94  41.15  40.77  41.14  3964600  41.14
2014-02-26  40.89  41.25  40.76  40.97  6091700  40.97
2014-02-25  40.75  41.0  40.56  40.95  9771600  40.95
2014-02-24  40.3  40.95  40.3  40.8  6821700  40.8
2014-02-21  40.26  40.63  40.24  40.34  8437500  40.34
2014-02-20  39.95  40.43  39.88  40.32  6167900  40.32
2014-02-19  40.62  40.62  39.89  39.95  6904600  39.95
2014-02-18  40.82  40.91  40.61  40.74  5413100  40.74
2014-02-14  40.29  40.88  40.16  40.79  6921800  40.79
2014-02-13  40.14  40.35  40.02  40.27  4877800  40.27
2014-02-12  40.31  40.66  40.19  40.35  4348600  40.35
2014-02-11  40.1  40.44  39.96  40.29  7008400  40.29
2014-02-10  40.03  40.25  39.87  40.08  5770900  40.08
2014-02-07  39.93  40.33  39.79  40.0  8910300  40.0
2014-02-06  39.23  39.84  39.12  39.81  7214400  39.81
2014-02-05  39.06  39.31  38.89  39.11  6164600  39.11
2014-02-04  38.99  39.26  38.72  39.11  6601000  39.11
2014-02-03  39.7  39.77  38.73  38.78  10478300  38.78
2014-01-31  39.61  40.11  39.55  39.73  7186700  39.73
2014-01-30  40.1  40.19  39.74  40.12  8540000  40.12
2014-01-29  40.28  40.6  39.69  39.76  14158700  39.76
2014-01-28  40.14  40.66  40.1  40.54  8051500  40.54
2014-01-27  40.11  40.42  39.94  40.04  9296800  40.04
2014-01-24  40.48  40.74  40.14  40.14  9684000  40.14
2014-01-23  41.26  41.26  40.31  40.72  12423900  40.72
2014-01-22  41.39  41.79  40.65  41.44  11034800  41.44
2014-01-21  41.68  41.86  41.34  41.58  9951500  41.58
2014-01-17  41.62  41.66  41.34  41.45  9827600  41.45
2014-01-16  41.43  41.48  41.12  41.46  7951200  41.46
2014-01-15  41.19  41.57  41.08  41.5  12576700  41.5
2014-01-14  40.88  40.99  40.58  40.89  6807900  40.89
2014-01-13  40.88  41.15  40.71  40.78  5954400  40.78
2014-01-10  41.28  41.3  40.79  41.02  7241400  41.02
2014-01-09  41.3  41.5  40.97  41.34  8862800  41.34
2014-01-08  40.72  41.14  40.65  41.09  10727200  41.09
2014-01-07  40.9  41.11  40.75  40.93  11027800  40.93
2014-01-06  40.58  40.84  40.5  40.59  8096000  40.59
2014-01-03  39.87  40.22  39.78  40.06  4455000  40.06
2014-01-02  39.87  40.07  39.45  39.89  7045800  39.89
2013-12-31  40.4  40.45  40.24  40.4  4335400  40.4
2013-12-30  40.31  40.49  40.15  40.27  3910300  40.27
2013-12-27  40.39  40.55  40.3  40.37  3416200  40.37
2013-12-26  40.49  40.53  40.26  40.29  5651800  40.29
2013-12-24  40.32  40.6  40.28  40.37  2841700  40.37
2013-12-23  40.01  40.58  39.94  40.26  8439800  40.26
2013-12-20  39.89  40.09  39.8  39.82  12591400  39.82
2013-12-19  39.12  39.92  39.09  39.81  8073100  39.81
2013-12-18  39.08  39.92  38.99  39.89  12426400  39.89
2013-12-17  39.11  39.12  38.86  38.9  6994100  38.9
2013-12-16  39.13  39.3  38.92  39.16  6949300  39.16
2013-12-13  39.03  39.09  38.79  38.84  5963400  38.84
2013-12-12  38.81  39.27  38.71  38.98  8754300  38.98
2013-12-11  39.37  39.37  38.79  38.82  6940200  38.82
2013-12-10  39.41  39.6  39.16  39.2  7072400  39.2
2013-12-09  39.51  39.73  39.4  39.51  9040100  39.51
2013-12-06  38.76  39.44  38.76  39.43  12510600  39.43
2013-12-05  38.72  38.91  38.37  38.39  10464700  38.39
2013-12-04  38.72  39.0  38.44  38.78  14275400  38.78
2013-12-03  38.92  39.02  38.08  38.3  14165300  38.3
2013-12-02  39.07  39.26  38.9  38.99  6101000  38.99
2013-11-29  39.19  39.39  38.98  39.0  3945300  39.0
2013-11-27  39.1  39.25  39.03  39.13  5110900  39.13
2013-11-26  39.08  39.26  38.98  39.05  7946800  39.05
2013-11-25  38.74  39.16  38.74  38.99  7711600  38.99
2013-11-22  38.58  38.75  38.33  38.73  6165800  38.73
2013-11-21  38.62  38.74  38.38  38.64  8209100  38.64
2013-11-20  38.57  38.68  38.28  38.52  8513100  38.52
2013-11-19  38.16  38.61  38.07  38.44  8187900  38.44
2013-11-18  38.07  38.26  37.96  38.11  8376200  38.11
2013-11-15  38.02  38.17  37.93  38.09  6546700  38.09
2013-11-14  37.95  38.17  37.82  38.06  7404300  38.06
2013-11-13  37.42  37.8  37.25  37.8  11824400  37.8
2013-11-12  37.62  37.79  37.41  37.54  8820200  37.54
2013-11-11  37.81  37.81  37.48  37.72  5924500  37.72
2013-11-08  37.22  37.86  37.07  37.86  10216000  37.86
2013-11-07  37.79  37.79  37.24  37.26  5647900  37.26
2013-11-06  37.54  37.78  37.41  37.7  5116900  37.7
2013-11-05  37.29  37.58  37.19  37.46  5652200  37.46
2013-11-04  37.2  37.4  37.14  37.33  5236900  37.33
2013-11-01  37.16  37.43  37.01  37.16  7146900  37.16
2013-10-31  37.62  37.64  37.15  37.15  8109900  37.15
2013-10-30  37.61  37.72  37.52  37.55  6763100  37.55
2013-10-29  37.68  37.71  37.48  37.62  4724200  37.62
2013-10-28  37.58  37.72  37.41  37.55  6988600  37.55
2013-10-25  37.67  38.04  37.43  37.62  7446600  37.62
2013-10-24  37.69  37.79  37.31  37.59  9328200  37.59
2013-10-23  37.81  37.84  37.56  37.76  6678100  37.76
2013-10-22  37.86  38.0  37.74  37.85  7032800  37.85
2013-10-21  37.71  37.9  37.56  37.84  6745300  37.84
2013-10-18  37.63  37.87  37.38  37.7  10330200  37.7
2013-10-17  36.97  37.58  36.97  37.47  10779700  37.47
2013-10-16  36.88  37.48  36.62  37.03  13183600  37.03
2013-10-15  36.95  37.05  36.56  36.67  8065700  36.67
2013-10-14  36.73  37.04  36.69  36.97  5931900  36.97
2013-10-11  36.54  37.0  36.36  36.84  7814900  36.84
2013-10-10  36.03  36.76  36.03  36.73  9142800  36.73
2013-10-09  35.62  35.9  35.52  35.76  7292500  35.76
2013-10-08  35.86  35.98  35.49  35.5  9128100  35.5
2013-10-07  36.14  36.18  35.89  35.92  5398800  35.92
2013-10-04  36.09  36.47  36.09  36.41  6427600  36.41
2013-10-03  36.12  36.27  36.02  36.14  6325900  36.14
2013-10-02  36.3  36.37  36.12  36.18  6852300  36.18
2013-10-01  36.48  36.58  36.28  36.5  4932400  36.5
2013-09-30  36.03  36.53  35.85  36.37  7895000  36.37
2013-09-27  36.13  36.44  36.1  36.29  5973100  36.29
2013-09-26  36.45  36.55  36.16  36.33  5592900  36.33
2013-09-25  36.43  36.61  36.16  36.32  9230100  36.32
2013-09-24  36.95  36.95  36.37  36.46  9922300  36.46
2013-09-23  37.31  37.32  36.73  36.92  7631000  36.92
2013-09-20  37.3  37.48  37.08  37.4  11096500  37.4
2013-09-19  37.59  37.61  37.0  37.26  11617800  37.26
2013-09-18  37.12  37.78  37.05  37.39  10296100  37.39
2013-09-17  37.17  37.21  36.87  37.07  6517100  37.07
2013-09-16  37.15  37.18  36.85  37.06  8614500  37.06
2013-09-13  36.49  36.79  36.49  36.7  7040600  36.7
2013-09-12  36.32  36.89  36.01  36.43  8241700  36.43
2013-09-11  36.33  36.37  36.05  36.24  5901500  36.24
2013-09-10  36.07  36.42  36.07  36.27  6474400  36.27
2013-09-09  36.05  36.07  35.47  35.89  6975500  35.89
2013-09-06  36.35  36.47  35.87  36.04  6171800  36.04
2013-09-05  35.72  36.39  35.69  36.26  8674800  36.26
2013-09-04  35.57  35.81  35.4  35.7  6125800  35.7
2013-09-03  36.03  36.17  35.47  35.63  6595600  35.63
2013-08-30  35.74  35.77  35.46  35.7  6816200  35.7
2013-08-29  35.57  35.96  35.47  35.68  5760500  35.68
2013-08-28  35.68  35.91  35.6  35.68  5331100  35.68
2013-08-27  36.16  36.23  35.6  35.68  7512600  35.68
2013-08-26  36.97  36.97  36.48  36.48  4213600  36.48
2013-08-23  37.14  37.17  36.71  36.88  5205700  36.88
2013-08-22  36.41  37.02  36.37  36.96  7472700  36.96
2013-08-21  36.3  36.68  36.24  36.35  6431100  36.35
2013-08-20  36.19  36.62  36.12  36.42  5711000  36.42
2013-08-19  36.43  36.47  36.18  36.22  5119900  36.22
2013-08-16  36.25  36.56  36.23  36.48  6350600  36.48
2013-08-15  36.48  36.56  36.14  36.33  5781700  36.33
2013-08-14  36.71  36.76  36.5  36.53  5573800  36.53
2013-08-13  36.72  36.82  36.5  36.67  6455000  36.67
2013-08-12  36.62  36.84  36.48  36.72  5349400  36.72
2013-08-09  36.87  36.95  36.6  36.73  6845900  36.73
2013-08-08  36.95  37.08  36.62  36.91  5256300  36.91
2013-08-07  37.0  37.0  36.56  36.77  5934000  36.77
2013-08-06  37.27  37.27  37.02  37.16  5004800  37.16
2013-08-05  37.24  37.38  37.14  37.29  4538600  37.29
2013-08-02  37.13  37.37  37.09  37.32  5639000  37.32
2013-08-01  37.21  37.48  37.15  37.21  6678700  37.21
2013-07-31  37.35  37.52  36.86  36.88  10825300  36.88
2013-07-30  37.27  37.52  37.2  37.25  11066700  37.25
2013-07-29  37.07  37.13  36.84  37.04  6038800  37.04
2013-07-26  36.85  37.12  36.69  37.09  6043600  37.09
2013-07-25  36.85  37.07  36.71  37.01  6573400  37.01
2013-07-24  37.17  37.24  37.0  37.09  7083700  37.09
2013-07-23  36.9  37.28  36.77  37.09  7708400  37.09
2013-07-22  36.79  37.04  36.74  36.91  7510900  36.91
2013-07-19  36.61  36.96  36.44  36.82  8928500  36.82
2013-07-18  36.44  36.67  36.37  36.63  10340300  36.63
2013-07-17  36.4  36.41  35.72  36.3  17808800  36.3
2013-07-16  37.06  37.12  36.49  36.83  9162900  36.83
2013-07-15  37.27  37.29  36.86  37.05  7245600  37.05
2013-07-12  36.81  37.23  36.62  37.21  7102000  37.21
2013-07-11  36.82  36.9  36.43  36.71  10127500  36.71
2013-07-10  36.77  36.83  36.38  36.63  9260400  36.63
2013-07-09  36.78  37.02  36.61  36.85  7484800  36.85
2013-07-08  36.44  36.75  36.44  36.61  8869200  36.61
2013-07-05  36.08  36.34  36.04  36.32  7525300  36.32
2013-07-03  35.72  35.97  35.57  35.92  3947400  35.92
2013-07-02  35.85  36.27  35.69  35.87  10381200  35.87
2013-07-01  35.93  36.21  35.86  35.88  8606900  35.88
2013-06-28  35.71  35.97  35.42  35.72  11220800  35.72
2013-06-27  35.67  35.89  35.47  35.71  10636800  35.71
2013-06-26  35.58  35.82  35.49  35.5  9412600  35.5
2013-06-25  35.02  35.41  34.92  35.29  10987800  35.29
2013-06-24  34.57  35.04  34.5  34.75  14635800  34.75
2013-06-21  34.73  35.07  34.51  34.92  15679900  34.92
2013-06-20  34.32  34.67  34.21  34.42  13474300  34.42
2013-06-19  34.76  34.98  34.49  34.55  9300200  34.55
2013-06-18  34.58  34.79  34.49  34.71  5994300  34.71
2013-06-17  34.59  34.77  34.42  34.59  6716600  34.59
2013-06-14  34.77  34.79  34.34  34.37  8118900  34.37
2013-06-13  34.7  34.87  34.44  34.81  11286400  34.81
2013-06-12  34.8  34.88  34.55  34.75  10647400  34.75
2013-06-11  34.72  34.92  34.58  34.76  10101800  34.76
2013-06-10  35.33  35.34  34.91  34.94  10289900  34.94
2013-06-07  34.91  35.26  34.77  35.22  10408700  35.22
2013-06-06  34.21  34.81  34.17  34.74  10148200  34.74
2013-06-05  34.51  34.67  34.19  34.37  10852100  34.37
2013-06-04  34.67  34.9  34.56  34.62  9337600  34.62
2013-06-03  34.44  34.64  34.28  34.63  9717600  34.63
2013-05-31  34.78  35.06  34.42  34.42  10703600  34.42
2013-05-30  34.77  35.15  34.64  34.88  10534800  34.88
2013-05-29  34.66  34.84  34.53  34.69  9108900  34.69
2013-05-28  35.18  35.27  34.85  34.89  8780300  34.89
2013-05-24  34.4  34.85  34.3  34.76  7667500  34.76
2013-05-23  34.38  34.71  34.36  34.58  12779000  34.58
2013-05-22  34.28  35.25  34.28  34.73  16879400  34.73
2013-05-21  34.51  34.74  34.47  34.65  8158100  34.65
2013-05-20  33.97  34.75  33.93  34.49  11921000  34.49
2013-05-17  33.73  34.15  33.68  34.04  12158200  34.04
2013-05-16  33.71  33.85  33.56  33.68  11134300  33.68
2013-05-15  33.24  33.74  33.11  33.71  8879100  33.71
2013-05-14  32.92  33.31  32.9  33.27  9411800  33.27
2013-05-13  32.77  33.09  32.69  32.89  7663100  32.89
2013-05-10  32.76  32.94  32.65  32.88  7592100  32.88
2013-05-09  32.74  32.95  32.54  32.7  11381700  32.7
2013-05-08  32.45  32.73  32.42  32.72  8929900  32.72
2013-05-07  32.45  32.66  32.29  32.55  8162700  32.55
2013-05-06  32.19  32.36  32.09  32.29  9902000  32.29
2013-05-03  32.22  32.31  32.08  32.17  13582300  32.17
2013-05-02  32.33  32.33  31.94  31.99  11841500  31.99
2013-05-01  32.61  32.62  32.11  32.21  10000400  32.21
2013-04-30  32.66  32.72  32.51  32.67  6018500  32.67
2013-04-29  32.58  32.85  32.54  32.68  7242600  32.68
2013-04-26  32.72  32.77  32.52  32.53  7920900  32.53
2013-04-25  32.65  32.87  32.56  32.7  8421500  32.7
2013-04-24  32.28  32.62  32.19  32.55  10491700  32.55
2013-04-23  32.03  32.25  31.85  32.22  10656200  32.22
2013-04-22  31.94  31.96  31.61  31.88  7722400  31.88
2013-04-19  31.82  31.96  31.6  31.92  9566900  31.92
2013-04-18  31.85  31.85  31.41  31.68  9889100  31.68
2013-04-17  31.8  32.11  31.63  31.79  15088600  31.79
2013-04-16  32.59  32.59  31.73  32.12  29836800  32.12
2013-04-15  33.36  33.39  32.67  32.7  15129300  32.7
2013-04-12  33.32  33.47  33.24  33.46  6702400  33.46
2013-04-11  33.6  33.81  33.43  33.58  6855000  33.58
2013-04-10  33.11  33.67  33.1  33.57  9597900  33.57
2013-04-09  33.12  33.33  32.94  33.08  7058700  33.08
2013-04-08  32.76  33.08  32.64  33.08  6925700  33.08
2013-04-05  32.92  32.92  32.57  32.75  14065700  32.75
2013-04-04  33.13  33.33  33.03  33.2  8801900  33.2
2013-04-03  33.44  33.49  32.91  33.06  12535400  33.06
2013-04-02  33.41  33.51  33.32  33.48  9894300  33.48
2013-04-01  33.31  33.42  33.22  33.37  6674300  33.37
2013-03-28  33.09  33.34  33.09  33.31  6993400  33.31
2013-03-27  32.87  33.22  32.79  33.14  6067900  33.14
2013-03-26  33.06  33.14  32.92  33.07  8308600  33.07
2013-03-25  32.97  33.02  32.66  32.87  9181900  32.87
2013-03-22  32.79  32.95  32.64  32.77  10585600  32.77
2013-03-21  32.97  33.06  32.7  32.75  9556400  32.75
2013-03-20  33.31  33.42  33.08  33.12  10278800  33.12
2013-03-19  33.36  33.44  32.97  33.14  9328100  33.14
2013-03-18  33.06  33.4  32.99  33.31  7843100  33.31
2013-03-15  33.02  33.48  33.0  33.4  15047700  33.4
2013-03-14  33.49  33.53  33.06  33.25  12258400  33.25
2013-03-13  33.49  33.49  33.26  33.4  7222300  33.4
2013-03-12  33.55  33.56  33.4  33.52  6650000  33.52
2013-03-11  33.43  33.78  33.39  33.59  8522600  33.59
2013-03-08  33.43  33.54  33.21  33.41  7710100  33.41
2013-03-07  32.97  33.36  32.93  33.33  11150200  33.33
2013-03-06  33.07  33.11  32.63  32.93  12558800  32.93
2013-03-05  33.61  33.9  32.78  33.0  17873600  33.0
2013-03-04  33.18  33.47  33.05  33.46  8611100  33.46
2013-03-01  32.95  33.34  32.81  33.2  8434800  33.2
2013-02-28  33.25  33.34  33.0  33.17  9518300  33.17
2013-02-27  32.96  33.23  32.83  33.22  9048800  33.22
2013-02-26  32.73  33.1  32.56  32.98  12324700  32.98
2013-02-25  33.15  33.28  32.54  32.54  11560400  32.54
2013-02-22  33.05  33.14  32.74  33.07  8925100  33.07
2013-02-21  33.01  33.16  32.84  32.96  10506100  32.96
2013-02-20  33.18  33.24  32.99  33.04  9466100  33.04
2013-02-19  33.02  33.34  32.91  33.27  7810600  33.27
2013-02-15  33.27  33.33  32.91  33.1  7431500  33.1
2013-02-14  32.94  33.25  32.94  33.18  6244800  33.18
2013-02-13  33.53  33.54  32.98  33.12  8358600  33.12
2013-02-12  33.29  33.58  33.23  33.49  9442700  33.49
2013-02-11  33.03  33.51  32.94  33.28  10627900  33.28
2013-02-08  32.77  32.89  32.71  32.85  6145700  32.85
2013-02-07  32.8  32.94  32.53  32.74  7721200  32.74
2013-02-06  32.19  32.83  32.19  32.81  12702000  32.81
2013-02-05  32.32  32.46  32.25  32.34  7772000  32.34
2013-02-04  32.38  32.45  32.05  32.17  8537000  32.17
2013-02-01  32.57  32.67  32.41  32.6  7890300  32.6
2013-01-31  32.2  32.47  32.19  32.31  8693800  32.31
2013-01-30  32.16  32.49  32.15  32.35  11237500  32.35
2013-01-29  32.35  32.64  32.28  32.53  10852200  32.53
2013-01-28  32.46  32.48  32.19  32.38  11712200  32.38
2013-01-25  32.46  32.5  32.18  32.38  9456600  32.38
2013-01-24  32.31  32.57  32.21  32.32  12115100  32.32
2013-01-23  32.13  32.3  32.07  32.3  9501800  32.3
2013-01-22  32.04  32.31  31.89  32.21  11999700  32.21
2013-01-18  32.1  32.18  31.76  32.08  17059600  32.08
2013-01-17  32.57  32.57  31.94  31.98  17747200  31.98
2013-01-16  31.96  32.48  31.94  32.36  9143000  32.36
2013-01-15  32.59  32.6  32.28  32.48  9372800  32.48
2013-01-14  32.73  32.77  32.41  32.67  6521600  32.67
2013-01-11  32.78  32.78  32.4  32.7  6768400  32.7
2013-01-10  32.76  33.0  32.41  32.84  10266200  32.84
2013-01-09  32.27  32.64  32.27  32.47  10072300  32.47
2013-01-08  32.01  32.23  31.86  32.18  6519800  32.18
2013-01-07  32.31  32.37  31.96  32.13  8170400  32.13
2013-01-04  32.07  32.51  31.86  32.43  11487400  32.43
2013-01-03  32.09  32.17  31.66  31.73  12697900  31.73
2013-01-02  31.68  32.19  31.62  32.18  10045200  32.18
2012-12-31  30.77  31.19  30.76  31.18  10879900  31.18
2012-12-28  30.97  31.24  30.91  30.92  7342100  30.92
2012-12-27  31.3  31.47  30.74  31.25  9266800  31.25
2012-12-26  31.42  31.44  31.13  31.3  6984700  31.3
2012-12-24  31.51  31.66  31.27  31.35  4244000  31.35
2012-12-21  31.19  31.57  30.95  31.51  20627100  31.51
2012-12-20  31.31  31.48  31.07  31.47  16923000  31.47
2012-12-19  31.42  31.67  31.2  31.24  11286000  31.24
2012-12-18  31.25  31.69  31.15  31.6  11899700  31.6
2012-12-17  30.53  31.15  30.46  31.13  13315900  31.13
2012-12-14  30.6  30.65  30.35  30.46  9875700  30.46
2012-12-13  30.93  30.98  30.56  30.63  9632400  30.63
2012-12-12  31.12  31.22  30.81  30.92  16342600  30.92
2012-12-11  31.02  31.39  30.95  31.02  8998700  31.02
2012-12-10  31.0  31.23  30.87  30.95  8762900  30.95
2012-12-07  30.91  31.09  30.72  31.07  7378400  31.07
2012-12-06  30.78  30.94  30.69  30.86  8498100  30.86
2012-12-05  30.65  31.03  30.38  30.81  12558200  30.81
2012-12-04  31.15  31.2  30.34  30.49  14722900  30.49
2012-12-03  31.38  31.45  31.02  31.09  7776500  31.09
2012-11-30  31.39  31.44  31.12  31.3  7934800  31.3
2012-11-29  31.56  31.69  31.37  31.43  7639700  31.43
2012-11-28  30.99  31.46  30.84  31.42  6763200  31.42
2012-11-27  31.34  31.43  31.06  31.14  9499300  31.14
2012-11-26  31.31  31.43  31.07  31.41  5420200  31.41
2012-11-23  31.28  31.62  31.16  31.61  2527500  31.61
2012-11-21  31.38  31.38  30.88  31.09  4797200  31.09
2012-11-20  31.07  31.41  30.85  31.29  6518800  31.29
2012-11-19  30.84  31.16  30.83  31.12  7819500  31.12
2012-11-16  30.34  30.66  30.08  30.61  9619500  30.61
2012-11-15  30.28  30.45  30.04  30.28  9918400  30.28
2012-11-14  30.83  31.0  30.29  30.4  9111300  30.4
2012-11-13  30.89  31.34  30.69  30.76  8782100  30.76
2012-11-12  31.21  31.29  31.02  31.1  4423100  31.1
2012-11-09  31.17  31.62  31.09  31.14  9608700  31.14
2012-11-08  31.48  31.98  31.21  31.21  9192900  31.21
2012-11-07  32.29  32.29  31.38  31.42  11400300  31.42
2012-11-06  32.22  32.78  32.2  32.59  6643100  32.59
2012-11-05  32.29  32.41  32.01  32.15  6664400  32.15
2012-11-02  32.95  32.95  32.32  32.43  7640100  32.43
2012-11-01  32.29  32.73  32.13  32.66  7273600  32.66
2012-10-31  32.29  32.59  32.02  32.22  8848700  32.22
2012-10-26  32.42  32.53  32.02  32.16  6811200  32.16
2012-10-25  32.38  32.64  32.25  32.48  7044800  32.48
2012-10-24  32.41  32.59  32.03  32.14  7141500  32.14
2012-10-23  32.65  32.86  32.13  32.37  9316300  32.37
2012-10-22  33.08  33.25  32.66  33.15  8973900  33.15
2012-10-19  33.38  33.43  33.02  33.21  10967400  33.21
2012-10-18  33.62  33.65  33.0  33.37  8784900  33.37
2012-10-17  32.83  33.36  32.48  33.18  12649300  33.18
2012-10-16  32.89  32.91  32.34  32.61  10911300  32.61
2012-10-15  32.91  32.92  32.25  32.63  13041100  32.63
2012-10-12  33.05  33.12  32.55  32.71  12208300  32.71
2012-10-11  33.86  33.92  33.35  33.36  6211500  33.36
2012-10-10  33.32  33.78  33.29  33.57  9646900  33.57
2012-10-09  33.82  33.88  33.49  33.65  6514200  33.65
2012-10-08  33.8  33.93  33.66  33.77  4544700  33.77
2012-10-05  34.29  34.4  33.74  33.88  7965800  33.88
2012-10-04  33.45  34.18  33.4  34.14  11296700  34.14
2012-10-03  33.19  33.44  33.03  33.36  6138200  33.36
2012-10-02  33.22  33.29  32.86  33.06  7463900  33.06
2012-10-01  33.42  33.58  33.01  33.07  8388100  33.07
2012-09-28  33.14  33.46  33.0  33.28  8341500  33.28
2012-09-27  33.05  33.31  32.94  33.14  7766800  33.14
2012-09-26  32.94  33.12  32.73  32.94  12702100  32.94
2012-09-25  33.05  33.4  32.87  32.91  9565400  32.91
2012-09-24  32.59  33.08  32.5  32.97  6900000  32.97
2012-09-21  33.09  33.09  32.65  32.65  13432400  32.65
2012-09-20  32.88  33.02  32.7  32.84  10618700  32.84
2012-09-19  33.02  33.33  32.97  33.13  9446700  33.13
2012-09-18  32.89  33.12  32.84  32.98  10512600  32.98
2012-09-17  33.68  33.7  32.91  32.98  14001100  32.98
2012-09-14  33.68  33.91  33.53  33.7  13796600  33.7
2012-09-13  32.77  33.72  32.77  33.64  14515000  33.64
2012-09-12  32.9  33.04  32.67  32.74  8568700  32.74
2012-09-11  32.63  32.88  32.53  32.84  9528900  32.84
2012-09-10  32.82  32.85  32.61  32.63  6200400  32.63
2012-09-07  32.8  32.96  32.68  32.78  8403800  32.78
2012-09-06  32.07  32.74  32.06  32.73  12074400  32.73
2012-09-05  32.01  32.11  31.84  31.91  9101100  31.91
2012-09-04  32.15  32.25  31.91  31.95  9313700  31.95
2012-08-31  32.19  32.38  32.08  32.23  6326600  32.23
2012-08-30  32.08  32.24  31.96  32.11  5248200  32.11
2012-08-29  32.18  32.43  32.17  32.32  4736200  32.32
2012-08-28  31.91  32.29  31.88  32.13  5267300  32.13
2012-08-27  31.89  32.16  31.73  32.02  6720200  32.02
2012-08-24  31.46  31.92  31.45  31.86  6008100  31.86
2012-08-23  31.7  31.8  31.57  31.6  5093000  31.6
2012-08-22  31.94  32.07  31.68  31.74  7082900  31.74
2012-08-21  32.08  32.34  31.83  31.86  11532200  31.86
2012-08-20  31.88  32.06  31.74  32.06  7946900  32.06
2012-08-17  32.14  32.14  31.84  31.94  8320600  31.94
2012-08-16  32.05  32.15  31.88  32.04  5320800  32.04
2012-08-15  31.84  32.05  31.72  32.0  4587900  32.0
2012-08-14  32.07  32.16  31.78  31.85  5437000  31.85
2012-08-13  31.85  32.06  31.75  32.01  4330900  32.01
2012-08-10  31.85  32.02  31.67  31.99  4252100  31.99
2012-08-09  31.77  32.02  31.59  31.86  5109200  31.86
2012-08-08  31.78  31.97  31.64  31.85  5343300  31.85
2012-08-07  31.97  32.12  31.78  31.92  10325000  31.92
2012-08-06  32.28  32.45  31.82  31.84  8261500  31.84
2012-08-03  32.26  32.5  32.1  32.31  9274500  32.31
2012-08-02  31.85  32.05  31.43  31.74  9860800  31.74
2012-08-01  32.44  32.69  32.11  32.14  7502700  32.14
2012-07-31  32.42  32.61  32.27  32.32  7860000  32.32
2012-07-30  32.63  32.9  32.4  32.56  8155500  32.56
2012-07-27  32.73  32.88  32.39  32.72  11449800  32.72
2012-07-26  32.59  32.67  32.33  32.4  9933000  32.4
2012-07-25  32.41  32.51  32.04  32.11  8033700  32.11
2012-07-24  32.33  32.43  31.97  32.29  10139700  32.29
2012-07-23  31.87  32.31  31.81  32.24  11506900  32.24
2012-07-20  32.43  32.65  32.33  32.41  13301000  32.41
2012-07-19  32.2  32.79  32.07  32.61  15086000  32.61
2012-07-18  31.47  32.43  31.47  32.3  12286500  32.3
2012-07-17  31.71  32.09  31.3  31.79  13084400  31.79
2012-07-16  31.52  31.77  31.4  31.62  6716300  31.62
2012-07-13  30.96  31.54  30.87  31.54  9510300  31.54
2012-07-12  30.85  31.07  30.64  30.88  8220000  30.88
2012-07-11  30.72  31.22  30.71  31.14  9584200  31.14
2012-07-10  31.1  31.42  30.67  30.77  9315400  30.77
2012-07-09  30.79  31.04  30.68  30.9  7396300  30.9
2012-07-06  30.8  31.07  30.72  30.88  8577600  30.88
2012-07-05  31.29  31.4  31.01  31.15  8433500  31.15
2012-07-03  31.1  31.45  30.98  31.43  5200200  31.43
2012-07-02  31.32  31.35  30.91  31.29  8126500  31.29
2012-06-29  30.88  31.04  30.65  31.02  12510100  31.02
2012-06-28  30.2  30.46  29.8  30.33  10275900  30.33
2012-06-27  30.22  30.45  29.99  30.32  8865100  30.32
2012-06-26  29.94  30.27  29.74  30.02  7861200  30.02
2012-06-25  30.09  30.19  29.75  29.87  9205500  29.87
2012-06-22  30.2  30.52  30.13  30.41  9562400  30.41
2012-06-21  30.61  30.68  29.86  29.94  10317600  29.94
2012-06-20  30.26  30.52  29.99  30.41  10657600  30.41
2012-06-19  30.35  30.62  30.26  30.45  8001800  30.45
2012-06-18  30.01  30.49  29.95  30.22  8054600  30.22
2012-06-15  30.14  30.27  29.69  30.27  14197800  30.27
2012-06-14  29.41  29.89  29.33  29.73  12608600  29.73
2012-06-13  29.24  29.67  29.18  29.3  13263700  29.3
2012-06-12  28.61  29.48  28.39  29.36  17221900  29.36
2012-06-11  29.2  29.38  28.6  28.63  11443000  28.63
2012-06-08  28.27  28.86  28.16  28.86  9279400  28.86
2012-06-07  28.73  28.96  28.36  28.36  14006100  28.36
2012-06-06  28.23  28.47  28.02  28.47  11021100  28.47
2012-06-05  27.4  28.12  27.4  28.01  12690100  28.01
2012-06-04  28.35  28.41  27.49  27.6  19680200  27.6
2012-06-01  29.26  29.34  28.29  28.38  19009400  28.38
2012-05-31  29.48  30.06  29.24  29.82  10641600  29.82
2012-05-30  29.6  29.74  29.38  29.48  8866100  29.48
2012-05-29  29.83  29.97  29.66  29.92  7984600  29.92
2012-05-25  29.8  30.07  29.49  29.65  8196000  29.65
2012-05-24  29.97  29.97  29.57  29.84  9213400  29.84
2012-05-23  29.62  29.89  29.19  29.8  11058500  29.8
2012-05-22  29.61  30.03  29.5  29.72  9914400  29.72
2012-05-21  29.17  29.52  28.92  29.45  12947800  29.45
2012-05-18  29.42  29.45  28.88  29.02  14431300  29.02
2012-05-17  29.76  29.88  29.36  29.38  11254000  29.38
2012-05-16  30.18  30.44  29.75  29.78  10553500  29.78
2012-05-15  30.21  30.45  29.94  30.01  10731500  30.01
2012-05-14  30.6  30.87  30.2  30.25  12357200  30.25
2012-05-11  30.3  31.08  30.11  30.88  14596500  30.88
2012-05-10  30.53  30.71  30.47  30.59  8217400  30.59
2012-05-09  29.94  30.42  29.88  30.17  11300500  30.17
2012-05-08  30.25  30.47  30.1  30.26  11302100  30.26
2012-05-07  30.15  30.72  30.15  30.52  9784400  30.52
2012-05-04  30.51  30.68  30.18  30.36  9793400  30.36
2012-05-03  30.92  31.04  30.5  30.62  9199700  30.62
2012-05-02  30.83  30.88  30.53  30.71  8781300  30.71
2012-05-01  30.73  31.61  30.73  30.95  9467000  30.95
2012-04-30  31.06  31.06  30.63  30.84  9889000  30.84
2012-04-27  30.72  31.21  30.59  31.09  12032100  31.09
2012-04-26  30.37  30.81  30.32  30.77  11210200  30.77
2012-04-25  30.48  30.55  30.15  30.37  10141400  30.37
2012-04-24  29.99  30.43  29.99  30.31  8608600  30.31
2012-04-23  29.87  29.95  29.67  29.92  9569500  29.92
2012-04-20  30.05  30.13  29.77  30.0  9902600  30.0
2012-04-19  30.12  30.22  29.73  29.93  9739400  29.93
2012-04-18  29.91  30.3  29.89  30.01  6779200  30.01
2012-04-17  30.06  30.31  29.92  30.25  9258400  30.25
2012-04-16  29.93  30.15  29.62  29.87  11442400  29.87
2012-04-13  29.96  30.07  29.6  29.62  10640200  29.62
2012-04-12  29.64  30.11  29.47  30.04  11585100  30.04
2012-04-11  29.49  29.76  29.41  29.59  9831000  29.59
2012-04-10  29.64  29.88  29.08  29.09  13146500  29.09
2012-04-09  29.65  29.91  29.54  29.73  8456000  29.73
2012-04-05  29.93  30.21  29.81  30.05  9899500  30.05
2012-04-04  30.12  30.21  29.81  30.02  11173200  30.02
2012-04-03  30.16  30.35  29.87  30.28  12366800  30.28
2012-04-02  30.25  30.5  29.91  30.4  10440100  30.4
2012-03-30  30.17  30.37  29.91  30.37  9690000  30.37
2012-03-29  30.17  30.27  29.85  30.25  9966100  30.25
2012-03-28  30.24  30.59  30.19  30.5  12149400  30.5
2012-03-27  30.41  30.5  30.18  30.19  8853200  30.19
2012-03-26  30.49  30.7  30.36  30.59  12965400  30.59
2012-03-23  29.84  30.22  29.7  30.2  12089600  30.2
2012-03-22  29.95  30.03  29.51  29.89  11259200  29.89
2012-03-21  30.28  30.4  29.98  30.05  12683500  30.05
2012-03-20  30.06  30.34  29.91  30.2  14261900  30.2
2012-03-19  30.16  30.65  30.01  30.34  13957100  30.34
2012-03-16  30.27  30.38  29.85  30.15  20693200  30.15
2012-03-15  30.04  30.28  29.5  30.18  18680700  30.18
2012-03-14  29.57  29.99  29.33  29.99  24511700  29.99
2012-03-13  28.39  29.6  28.33  29.54  25449800  29.54
2012-03-12  28.25  28.32  27.93  28.28  7671300  28.28
2012-03-09  27.88  28.47  27.8  28.32  10550500  28.32
2012-03-08  27.48  27.88  27.34  27.78  7102200  27.78
2012-03-07  27.01  27.41  26.99  27.29  7454300  27.29
2012-03-06  27.27  27.37  26.93  27.03  9107400  27.03
2012-03-05  27.73  27.75  27.22  27.53  10129900  27.53
2012-03-02  28.39  28.39  27.84  27.89  9861400  27.89
2012-03-01  28.04  28.38  27.99  28.31  11204400  28.31
2012-02-29  27.87  28.22  27.79  28.01  10432000  28.01
2012-02-28  27.94  27.98  27.71  27.79  8537800  27.79
2012-02-27  27.22  28.02  27.16  27.92  13324700  27.92
2012-02-24  27.65  27.78  27.3  27.37  7294000  27.37
2012-02-23  27.45  27.77  27.41  27.62  8205500  27.62
2012-02-22  27.65  27.76  27.4  27.45  10810100  27.45
2012-02-21  27.85  28.13  27.64  27.74  12012900  27.74
2012-02-17  27.7  28.02  27.58  27.96  8846800  27.96
2012-02-16  27.3  27.8  27.17  27.71  10190400  27.71
2012-02-15  27.75  27.78  27.23  27.28  9320200  27.28
2012-02-14  27.8  27.86  27.27  27.63  10260300  27.63
2012-02-13  27.81  27.87  27.62  27.8  6712100  27.8
2012-02-10  27.72  27.77  27.51  27.64  9390100  27.64
2012-02-09  28.22  28.26  27.83  27.95  10527000  27.95
2012-02-08  28.04  28.33  27.98  28.23  10251900  28.23
2012-02-07  27.59  28.18  27.59  28.06  10020400  28.06
2012-02-06  27.69  27.84  27.54  27.78  8768800  27.78
2012-02-03  27.63  27.88  27.53  27.82  13863500  27.82
2012-02-02  27.35  27.52  27.09  27.22  8380600  27.22
2012-02-01  27.1  27.55  26.95  27.21  16831400  27.21
2012-01-31  26.81  27.05  26.66  26.89  11931300  26.89
2012-01-30  26.15  26.79  26.01  26.69  10128000  26.69
2012-01-27  26.51  26.73  26.35  26.54  11854700  26.54
2012-01-26  27.36  27.5  26.38  26.48  18743600  26.48
2012-01-25  26.88  27.35  26.88  27.25  12197400  27.25
2012-01-24  26.97  27.21  26.72  27.11  9604200  27.11
2012-01-23  27.3  27.49  26.94  27.14  12430500  27.14
2012-01-20  27.22  27.48  27.06  27.38  12708500  27.38
2012-01-19  27.75  27.75  26.94  27.21  17775500  27.21
2012-01-18  27.76  27.92  26.94  27.71  18626100  27.71
2012-01-17  27.65  28.03  27.2  27.41  17608800  27.41
2012-01-13  27.05  27.89  27.0  27.66  23584100  27.66
2012-01-12  27.12  27.42  26.82  27.38  11914100  27.38
2012-01-11  26.71  27.1  26.55  27.07  14823700  27.07
2012-01-10  27.17  27.2  26.73  26.92  17290600  26.92
2012-01-09  26.39  26.99  26.39  26.91  15336100  26.91
2012-01-06  26.74  26.75  26.11  26.44  15693000  26.44
2012-01-05  26.15  26.97  26.09  26.66  16744800  26.66
2012-01-04  26.2  26.4  25.93  26.27  9373500  26.27
2012-01-03  26.31  26.6  26.18  26.28  15765000  26.28
2011-12-30  26.05  26.07  25.72  25.77  5024800  25.77
2011-12-29  25.7  26.07  25.68  26.01  6201700  26.01
2011-12-28  25.99  26.06  25.57  25.61  6705400  25.61
2011-12-27  26.07  26.16  25.9  25.9  4101400  25.9
2011-12-23  26.08  26.12  25.79  26.07  5190600  26.07
2011-12-22  25.53  26.03  25.51  25.93  13053800  25.93
2011-12-21  25.16  25.49  24.74  25.43  13006100  25.43
2011-12-20  24.57  25.34  24.54  25.13  14966800  25.13
2011-12-19  24.74  24.83  24.12  24.24  10038300  24.24
2011-12-16  24.73  25.07  24.57  24.66  15139400  24.66
2011-12-15  24.79  24.93  24.44  24.47  9709200  24.47
2011-12-14  24.21  24.83  24.15  24.45  12475100  24.45
2011-12-13  24.77  24.99  24.18  24.41  12324900  24.41
2011-12-12  24.65  24.76  24.33  24.7  14533000  24.7
2011-12-09  24.56  25.01  24.41  24.93  10268200  24.93
2011-12-08  24.98  25.04  24.24  24.33  11920600  24.33
2011-12-07  24.61  25.14  24.45  25.05  12314700  25.05
2011-12-06  24.6  25.06  24.46  24.86  11501200  24.86
2011-12-05  24.69  24.94  24.41  24.6  14883500  24.6
2011-12-02  24.61  24.8  24.29  24.39  15209300  24.39
2011-12-01  24.33  24.46  24.0  24.37  9248500  24.37
2011-11-30  24.12  24.63  23.74  24.58  18726500  24.58
2011-11-29  23.45  23.7  23.28  23.34  9198300  23.34
2011-11-28  23.53  23.58  23.18  23.44  11499700  23.44
2011-11-25  22.52  23.18  22.5  22.79  5089700  22.79
2011-11-23  23.07  23.1  22.56  22.56  15687700  22.56
2011-11-22  23.36  23.64  23.27  23.4  9936100  23.4
2011-11-21  23.7  23.82  23.21  23.35  14515400  23.35
2011-11-18  23.96  24.12  23.69  24.07  11446900  24.07
2011-11-17  24.02  24.64  23.67  23.81  14560100  23.81
2011-11-16  24.06  24.78  24.04  24.13  16249200  24.13
2011-11-15  24.02  24.3  23.92  24.2  11679000  24.2
2011-11-14  24.39  24.46  23.96  24.16  8652400  24.16
2011-11-11  24.64  24.81  24.42  24.6  13394200  24.6
2011-11-10  24.21  24.4  23.86  24.32  13612300  24.32
2011-11-09  24.27  24.45  23.7  23.81  16414500  23.81
2011-11-08  24.67  25.0  24.34  24.91  12915100  24.91
2011-11-07  24.28  24.57  24.17  24.55  14742800  24.55
2011-11-04  23.95  24.3  23.61  24.21  16712200  24.21
2011-11-03  24.37  24.5  23.78  24.28  12082600  24.28
2011-11-02  23.9  24.17  23.62  24.0  13514200  24.0
2011-11-01  23.19  23.92  22.95  23.26  17964400  23.26
2011-10-31  24.28  24.88  24.23  24.27  15048200  24.27
2011-10-28  24.64  24.95  24.46  24.69  16032500  24.69
2011-10-27  24.81  25.27  24.36  24.87  34060600  24.87
2011-10-26  23.96  24.31  23.66  24.17  15944500  24.17
2011-10-25  23.96  24.09  23.47  23.56  15856700  23.56
2011-10-24  24.17  24.48  24.01  24.25  14530900  24.25
2011-10-21  23.89  24.15  23.68  24.08  23221900  24.08
2011-10-20  22.99  23.71  22.78  23.63  17274600  23.63
2011-10-19  23.33  23.88  22.76  22.88  20913900  22.88
2011-10-18  22.57  23.57  22.33  23.22  22074300  23.22
2011-10-17  22.84  22.97  22.36  22.39  16782200  22.39
2011-10-14  23.37  23.61  22.85  23.43  15109600  23.43
2011-10-13  23.14  23.34  22.73  23.07  15475500  23.07
2011-10-12  22.91  24.02  22.83  23.47  22261600  23.47
2011-10-11  22.89  23.13  22.61  22.65  21949800  22.65
2011-10-10  22.64  23.19  22.63  23.19  15147700  23.19
2011-10-07  22.86  22.91  21.99  22.13  18471900  22.13
2011-10-06  22.12  22.8  21.82  22.76  16041300  22.76
2011-10-05  21.98  22.33  21.59  22.24  17900900  22.24
2011-10-04  21.11  22.12  20.71  21.96  34300000  21.96
2011-10-03  22.16  22.67  21.46  21.48  23128400  21.48
2011-09-30  22.6  22.89  22.32  22.32  18362300  22.32
2011-09-29  22.67  23.09  22.24  22.96  24180800  22.96
2011-09-28  22.81  23.02  22.11  22.14  16053400  22.14
2011-09-27  23.36  23.6  22.54  22.71  20106000  22.71
2011-09-26  22.18  23.03  22.11  22.98  17092000  22.98
2011-09-23  21.46  22.11  21.4  21.9  18073000  21.9
2011-09-22  20.92  21.74  20.86  21.61  25742000  21.61
2011-09-21  22.75  22.75  21.56  21.57  19821300  21.57
2011-09-20  22.59  23.16  22.33  22.73  18894100  22.73
2011-09-19  22.25  22.79  21.98  22.54  13796600  22.54
2011-09-16  22.92  23.02  22.18  22.75  18567800  22.75
2011-09-15  22.21  22.69  22.19  22.69  14045200  22.69
2011-09-14  21.83  22.46  21.58  22.18  18967600  22.18
2011-09-13  21.12  21.77  21.12  21.66  15944700  21.66
2011-09-12  20.42  21.11  20.32  21.09  18110400  21.09
2011-09-09  21.18  21.46  20.69  20.76  20100700  20.76
2011-09-08  21.19  21.85  21.02  21.57  25314200  21.57
2011-09-07  20.5  21.42  20.28  21.41  17442300  21.41
2011-09-06  19.69  20.1  19.58  20.07  17318900  20.07
2011-09-02  20.87  20.97  20.29  20.39  13604800  20.39
2011-09-01  21.77  22.01  21.37  21.38  11093500  21.38
2011-08-31  21.79  22.15  21.58  21.9  11850100  21.9
2011-08-30  21.69  21.94  21.33  21.73  11526000  21.73
2011-08-29  21.49  21.86  21.43  21.86  9998400  21.86
2011-08-26  20.73  21.41  20.4  21.15  13279300  21.15
2011-08-25  21.68  22.05  20.82  21.09  28019500  21.09
2011-08-24  20.28  21.04  20.08  20.98  18019700  20.98
2011-08-23  19.34  20.29  18.96  20.29  21494500  20.29
2011-08-22  19.95  20.01  19.01  19.16  20205200  19.16
2011-08-19  19.65  20.34  19.33  19.4  17928400  19.4
2011-08-18  20.42  20.52  19.71  19.88  21663500  19.88
2011-08-17  21.06  21.37  20.92  21.16  10731300  21.16
2011-08-16  21.14  21.4  20.79  20.93  12414700  20.93
2011-08-15  20.9  21.46  20.79  21.44  16138100  21.44
2011-08-12  21.79  22.0  20.5  20.67  17695100  20.67
2011-08-11  20.44  21.47  20.2  21.17  23561700  21.17
2011-08-10  21.55  21.55  20.14  20.22  29929900  20.22
2011-08-09  20.8  22.11  20.31  22.05  42253100  22.05
2011-08-08  21.72  22.31  20.27  20.37  37433600  20.37
2011-08-05  23.09  23.28  22.15  22.38  26504200  22.38
2011-08-04  23.44  23.64  22.77  22.78  24129000  22.78
2011-08-03  23.78  23.86  23.35  23.8  18660200  23.8
2011-08-02  24.27  24.4  23.73  23.73  17377600  23.73
2011-08-01  24.85  24.87  24.12  24.51  11419800  24.51
2011-07-29  24.39  24.84  24.27  24.59  15285200  24.59
2011-07-28  24.7  24.97  24.59  24.62  11893500  24.62
2011-07-27  25.09  25.29  24.69  24.74  13509600  24.74
2011-07-26  25.25  25.5  25.2  25.23  12766800  25.23
2011-07-25  25.08  25.52  24.93  25.44  16061600  25.44
2011-07-22  25.47  25.6  25.33  25.39  12315600  25.39
2011-07-21  24.87  25.63  24.84  25.48  21257400  25.48
2011-07-20  24.4  24.97  24.22  24.66  20080200  24.66
2011-07-19  23.14  23.74  22.94  23.61  19314800  23.61
2011-07-18  23.19  23.3  22.8  23.05  9785500  23.05
2011-07-15  23.42  23.42  23.07  23.34  11942900  23.34
2011-07-14  23.73  23.87  23.22  23.29  11426000  23.29
2011-07-13  23.64  24.08  23.6  23.7  10437700  23.7
2011-07-12  23.35  23.81  23.35  23.55  8424400  23.55
2011-07-11  23.6  23.69  23.38  23.46  8753000  23.46
2011-07-08  23.82  23.95  23.72  23.92  7196700  23.92
2011-07-07  24.09  24.33  24.08  24.17  7933300  24.17
2011-07-06  24.14  24.14  23.65  23.87  9714200  23.87
2011-07-05  24.54  24.56  24.04  24.14  12204200  24.14
2011-07-01  24.02  24.71  23.92  24.59  12912500  24.59
2011-06-30  24.02  24.16  23.83  24.07  11862100  24.07
2011-06-29  23.68  23.94  23.6  23.9  14245900  23.9
2011-06-28  23.25  23.48  23.08  23.46  12349400  23.46
2011-06-27  22.53  23.14  22.49  23.06  9645500  23.06
2011-06-24  22.79  22.83  22.43  22.45  14065500  22.45
2011-06-23  22.64  22.87  22.43  22.8  11952000  22.8
2011-06-22  23.08  23.33  22.95  22.95  8927200  22.95
2011-06-21  23.17  23.29  22.93  23.2  6168700  23.2
2011-06-20  22.9  23.23  22.82  23.0  8962400  23.0
2011-06-17  23.01  23.14  22.82  22.99  14971600  22.99
2011-06-16  22.54  22.95  22.43  22.72  10246100  22.72
2011-06-15  22.83  22.83  22.21  22.52  14025900  22.52
2011-06-14  23.08  23.18  22.93  23.0  10227400  23.0
2011-06-13  22.82  22.95  22.6  22.82  11871400  22.82
2011-06-10  22.76  23.01  22.38  22.84  15915700  22.84
2011-06-09  22.61  23.09  22.48  22.91  13568100  22.91
2011-06-08  22.3  22.85  22.3  22.5  13056700  22.5
2011-06-07  22.7  22.96  22.39  22.39  14872200  22.39
2011-06-06  22.94  23.17  22.6  22.63  17677600  22.63
2011-06-03  22.84  23.32  22.81  23.04  11276800  23.04
2011-06-02  23.25  23.44  23.11  23.21  12552600  23.21
2011-06-01  23.91  23.93  23.15  23.18  17527100  23.18
2011-05-31  24.12  24.17  23.77  24.03  10691700  24.03
2011-05-27  23.53  24.02  23.51  23.86  9464500  23.86
2011-05-26  23.34  23.51  23.25  23.42  8998300  23.42
2011-05-25  23.38  23.54  23.26  23.38  7837400  23.38
2011-05-24  23.42  23.55  23.34  23.43  7976400  23.43
2011-05-23  23.41  23.61  23.35  23.4  10139300  23.4
2011-05-20  24.19  24.28  23.61  23.65  10140600  23.65
2011-05-19  24.26  24.26  23.98  24.23  8946300  24.23
2011-05-18  23.99  24.19  23.82  24.16  9048700  24.16
2011-05-17  23.46  24.06  23.38  24.02  12930500  24.02
2011-05-16  23.3  23.85  23.23  23.51  11343200  23.51
2011-05-13  23.77  23.86  23.39  23.49  13112200  23.49
2011-05-12  23.64  23.88  23.36  23.78  10456000  23.78
2011-05-11  23.97  24.0  23.47  23.64  12119300  23.64
2011-05-10  23.7  24.13  23.67  24.1  10238900  24.1
2011-05-09  23.69  23.77  23.48  23.7  8856300  23.7
2011-05-06  23.89  23.92  23.48  23.64  10629300  23.64
2011-05-05  23.89  23.98  23.54  23.65  8597300  23.65
2011-05-04  24.2  24.3  23.88  23.97  9693900  23.97
2011-05-03  24.15  24.37  24.07  24.23  9720500  24.23
2011-05-02  24.32  24.46  24.04  24.1  9882300  24.1
2011-04-29  23.91  24.27  23.9  24.24  11044200  24.24
2011-04-28  23.89  24.11  23.81  23.92  11714200  23.92
2011-04-27  24.07  24.11  23.74  23.98  17628900  23.98
2011-04-26  23.6  23.73  23.46  23.5  45306400  23.5
2011-04-25  23.61  23.77  23.5  23.51  11014400  23.51
2011-04-21  23.45  23.73  23.28  23.61  14877200  23.61
2011-04-20  23.98  23.98  23.2  23.32  21254800  23.32
2011-04-19  24.24  24.27  23.47  23.7  19014200  23.7
2011-04-18  24.1  24.27  23.94  23.99  11150400  23.99
2011-04-15  24.37  24.44  24.23  24.34  13746600  24.34
2011-04-14  24.27  24.39  24.02  24.25  15261200  24.25
2011-04-13  24.94  24.94  24.33  24.4  14110300  24.4
2011-04-12  24.35  24.96  24.35  24.74  12858800  24.74
2011-04-11  24.51  24.82  24.48  24.49  7457500  24.49
2011-04-08  24.91  24.96  24.45  24.57  9160200  24.57
2011-04-07  25.32  25.39  24.72  24.81  15241800  24.81
2011-04-06  25.02  25.32  24.87  25.25  12693200  25.25
2011-04-05  24.87  25.03  24.82  24.88  9166200  24.88
2011-04-04  25.11  25.14  24.86  24.97  6912600  24.97
2011-04-01  25.09  25.11  24.89  25.04  13337400  25.04
2011-03-31  24.9  25.03  24.62  24.81  10263600  24.81
2011-03-30  25.14  25.19  25.0  25.04  12758900  25.04
2011-03-29  25.1  25.1  24.95  25.02  9113700  25.02
2011-03-28  25.21  25.26  25.05  25.1  6457900  25.1
2011-03-25  24.99  25.27  24.94  25.15  8509000  25.15
2011-03-24  24.96  24.98  24.71  24.93  6359100  24.93
2011-03-23  24.65  24.78  24.32  24.71  7561100  24.71
2011-03-22  24.88  25.05  24.65  24.72  6580900  24.72
2011-03-21  25.28  25.3  24.68  24.85  10552000  24.85
2011-03-18  24.99  25.48  24.87  24.9  19414900  24.9
2011-03-17  24.78  24.86  24.0  24.62  17874500  24.62
2011-03-16  24.93  24.99  24.22  24.43  19301800  24.43
2011-03-15  24.41  25.1  24.35  24.95  12230800  24.95
2011-03-14  25.18  25.28  24.75  25.1  8190500  25.1
2011-03-11  25.32  25.54  25.14  25.38  9150300  25.38
2011-03-10  25.64  25.74  25.34  25.39  11180300  25.39
2011-03-09  25.81  26.1  25.66  25.97  6930300  25.97
2011-03-08  25.32  26.04  25.26  25.93  12122800  25.93
2011-03-07  25.4  25.56  25.08  25.13  8699300  25.13
2011-03-04  25.63  25.72  24.94  25.26  19485900  25.26
2011-03-03  25.3  25.88  25.22  25.73  12897900  25.73
2011-03-02  25.41  25.47  25.0  25.09  10212200  25.09
2011-03-01  25.97  25.98  25.22  25.34  13034000  25.34
2011-02-28  25.8  25.99  25.71  25.91  7455900  25.91
2011-02-25  25.85  26.01  25.63  25.71  9868500  25.71
2011-02-24  25.62  25.88  25.41  25.69  11538000  25.69
2011-02-23  25.83  26.08  25.32  25.71  12197800  25.71
2011-02-22  26.08  26.27  25.78  25.87  13192800  25.87
2011-02-18  26.5  26.69  26.3  26.68  10144400  26.68
2011-02-17  26.74  26.81  26.5  26.5  7500900  26.5
2011-02-16  26.85  27.03  26.58  26.81  7706200  26.81
2011-02-15  26.71  26.96  26.64  26.77  8724600  26.77
2011-02-14  26.54  26.86  26.43  26.8  8139300  26.8
2011-02-11  25.74  26.67  25.65  26.51  10865100  26.51
2011-02-10  26.09  26.17  25.8  26.03  12202000  26.03
2011-02-09  26.25  26.42  26.03  26.2  7963800  26.2
2011-02-08  26.17  26.43  26.0  26.37  11659300  26.37
2011-02-07  25.66  26.21  25.63  26.11  9713800  26.11
2011-02-04  25.59  25.7  25.18  25.62  10315100  25.62
2011-02-03  25.53  25.71  25.35  25.66  8221400  25.66
2011-02-02  25.54  25.84  25.41  25.59  11924800  25.59
2011-02-01  25.28  25.91  25.22  25.84  10533800  25.84
2011-01-31  25.05  25.34  24.88  25.23  11576300  25.23
2011-01-28  25.19  25.49  25.03  25.04  17235700  25.04
2011-01-27  24.84  25.2  24.65  25.19  9951200  25.19
2011-01-26  25.04  25.23  24.85  24.85  9065800  24.85
2011-01-25  24.99  25.14  24.57  25.0  10517200  25.0
2011-01-24  24.69  25.29  24.69  25.08  11340600  25.08
2011-01-21  25.33  25.37  24.93  25.19  13241300  25.19
2011-01-20  24.54  25.06  24.49  24.95  12953400  24.95
2011-01-19  25.42  25.42  24.53  24.78  17963500  24.78
2011-01-18  25.72  25.87  25.35  25.52  12578300  25.52
2011-01-14  24.93  25.7  24.93  25.57  14203300  25.57
2011-01-13  25.13  25.47  24.94  24.99  13268500  24.99
2011-01-12  24.56  25.14  24.54  24.94  13038600  24.94
2011-01-11  24.71  24.9  24.27  24.34  12441900  24.34
2011-01-10  24.27  24.65  24.07  24.53  11304500  24.53
2011-01-07  24.56  24.72  23.97  24.38  19378200  24.38
2011-01-06  25.11  25.14  24.41  24.56  19424200  24.56
2011-01-05  24.85  25.12  24.66  25.06  18364800  25.06
2011-01-04  25.16  25.26  24.87  25.0  16433100  25.0
2011-01-03  25.41  25.6  25.15  25.17  15311000  25.17
2010-12-31  25.2  25.32  25.09  25.2  4360000  25.2
2010-12-30  25.25  25.34  25.06  25.17  4724800  25.17
2010-12-29  25.28  25.37  25.15  25.25  6418200  25.25
2010-12-28  25.29  25.46  25.22  25.35  4947200  25.35
2010-12-27  25.05  25.36  25.05  25.29  5015600  25.29
2010-12-23  25.14  25.23  24.95  25.2  8075100  25.2
2010-12-22  24.83  25.41  24.78  25.13  10686800  25.13
2010-12-21  24.53  25.0  24.45  24.77  9400800  24.77
2010-12-20  24.41  24.56  24.32  24.38  7183800  24.38
2010-12-17  24.3  24.47  24.08  24.43  13202600  24.43
2010-12-16  24.06  24.44  23.97  24.34  13409500  24.34
2010-12-15  24.15  24.42  23.94  24.06  12697200  24.06
2010-12-14  24.44  24.66  24.09  24.19  11892400  24.19
2010-12-13  24.67  24.68  24.32  24.41  13668700  24.41
2010-12-10  24.13  24.69  23.9  24.67  19693200  24.67
2010-12-09  23.67  24.22  23.58  24.1  21338500  24.1
2010-12-08  22.8  23.47  22.73  23.47  14023200  23.47
2010-12-07  23.21  23.39  22.63  22.73  18899800  22.73
2010-12-06  22.93  23.17  22.87  22.99  8116500  22.99
2010-12-03  22.99  23.24  22.91  23.09  11776900  23.09
2010-12-02  22.6  23.3  22.52  23.09  15956100  23.09
2010-12-01  22.49  22.6  22.27  22.58  12996800  22.58
2010-11-30  22.38  22.62  22.15  22.18  11166900  22.18
2010-11-29  22.13  22.54  22.04  22.47  9664600  22.47
2010-11-26  22.38  22.62  22.3  22.35  3458800  22.35
2010-11-24  22.58  22.67  22.34  22.54  11500500  22.54
2010-11-23  22.74  22.87  22.43  22.46  12580600  22.46
2010-11-22  23.0  23.12  22.78  22.99  9985700  22.99
2010-11-19  23.25  23.28  23.01  23.19  8966900  23.19
2010-11-18  23.25  23.55  23.14  23.32  10479700  23.32
2010-11-17  23.04  23.31  22.94  23.06  14480200  23.06
2010-11-16  23.06  23.4  22.86  23.05  17226500  23.05
2010-11-15  23.08  23.67  23.04  23.26  12084700  23.26
2010-11-12  23.35  23.44  22.79  22.96  14243200  22.96
2010-11-11  23.56  23.69  23.26  23.48  10695500  23.48
2010-11-10  23.59  23.83  23.17  23.79  15548700  23.79
2010-11-09  23.89  24.04  23.42  23.51  14434900  23.51
2010-11-08  24.27  24.41  23.71  23.97  14277800  23.97
2010-11-05  23.54  24.61  23.48  24.34  30045400  24.34
2010-11-04  22.57  23.54  22.48  23.46  24115400  23.46
2010-11-03  22.28  22.49  22.01  22.43  12975800  22.43
2010-11-02  22.54  22.59  22.1  22.2  10003800  22.2
2010-11-01  22.57  22.64  21.98  22.32  11456200  22.32
2010-10-29  22.45  22.63  22.29  22.57  9853500  22.57
2010-10-28  22.82  22.89  22.23  22.55  14388900  22.55
2010-10-27  22.41  22.77  22.37  22.7  21334900  22.7
2010-10-26  21.6  22.37  21.59  22.33  15886000  22.33
2010-10-25  22.18  22.18  21.84  21.89  18468500  21.89
2010-10-22  21.98  22.09  21.52  22.0  18854800  22.0
2010-10-21  21.42  21.99  21.39  21.78  17393700  21.78
2010-10-20  21.41  21.54  21.13  21.29  21013700  21.29
2010-10-19  21.39  21.56  20.94  21.27  17575000  21.27
2010-10-18  20.99  21.6  20.99  21.6  11134600  21.6
2010-10-15  21.18  21.38  20.57  21.02  26105000  21.02
2010-10-14  21.24  21.24  20.67  21.05  17150000  21.05
2010-10-13  21.49  21.67  21.03  21.32  17978400  21.32
2010-10-12  20.67  21.39  20.67  21.34  14252100  21.34
2010-10-11  20.84  20.96  20.65  20.75  5717400  20.75
2010-10-08  20.87  20.96  20.61  20.81  9128800  20.81
2010-10-07  21.0  21.0  20.5  20.85  11971000  20.85
2010-10-06  20.83  21.0  20.78  20.9  12511000  20.9
2010-10-05  20.42  20.92  20.13  20.83  19687900  20.83
2010-10-04  20.17  20.39  20.12  20.16  10412200  20.16
2010-10-01  20.31  20.52  20.16  20.25  13477300  20.25
2010-09-30  20.38  20.51  20.06  20.16  12751500  20.16
2010-09-29  20.23  20.43  20.14  20.21  13279300  20.21
2010-09-28  20.4  20.43  20.1  20.36  17634900  20.36
2010-09-27  20.89  20.97  20.32  20.34  12543100  20.34
2010-09-24  20.51  20.86  20.47  20.85  25738000  20.85
2010-09-23  20.66  20.85  20.27  20.3  29937400  20.3
2010-09-22  21.18  21.44  20.78  20.95  18374200  20.95
2010-09-21  21.67  21.96  21.21  21.28  11389600  21.28
2010-09-20  21.26  21.73  21.19  21.66  9894900  21.66
2010-09-17  21.18  21.38  21.11  21.22  11505400  21.22
2010-09-16  21.05  21.16  20.85  21.12  9130800  21.12
2010-09-15  21.29  21.37  20.92  21.09  17107500  21.09
2010-09-14  21.63  21.81  21.38  21.64  9033500  21.64
2010-09-13  21.48  21.88  21.45  21.74  10568300  21.74
2010-09-10  21.06  21.18  20.86  21.06  8050000  21.06
2010-09-09  21.1  21.37  20.85  21.07  10092600  21.07
2010-09-08  20.71  20.94  20.59  20.77  7871900  20.77
2010-09-07  20.86  21.0  20.67  20.68  9017100  20.68
2010-09-03  20.73  21.12  20.73  21.09  10663900  21.09
2010-09-02  20.39  20.58  20.27  20.58  9972100  20.58
2010-09-01  19.63  20.31  19.58  20.29  13381100  20.29
2010-08-31  19.13  19.54  19.02  19.35  13834900  19.35
2010-08-30  20.03  20.13  19.25  19.27  10872700  19.27
2010-08-27  19.62  20.15  19.46  20.15  12039800  20.15
2010-08-26  19.8  20.0  19.45  19.51  8045500  19.51
2010-08-25  19.74  19.83  19.43  19.74  14179400  19.74
2010-08-24  19.86  20.04  19.72  19.83  11798800  19.83
2010-08-23  20.33  20.49  20.11  20.13  7427200  20.13
2010-08-20  20.13  20.32  20.06  20.23  11082000  20.23
2010-08-19  20.75  20.84  20.19  20.21  12930900  20.21
2010-08-18  20.72  20.95  20.69  20.84  5950000  20.84
2010-08-17  20.75  21.01  20.53  20.76  7271800  20.76
2010-08-16  20.56  20.71  20.39  20.59  6543700  20.59
2010-08-13  20.87  21.05  20.67  20.67  5535300  20.67
2010-08-12  20.63  20.98  20.56  20.88  7256300  20.88
2010-08-11  21.44  21.5  20.91  20.92  10425100  20.92
2010-08-10  21.74  21.99  21.61  21.81  8597000  21.81
2010-08-09  21.75  22.07  21.39  22.0  9930300  22.0
2010-08-06  21.75  21.83  21.27  21.6  11184300  21.6
2010-08-05  22.1  22.14  21.75  22.03  10154500  22.03
2010-08-04  22.66  22.66  22.2  22.27  11159000  22.27
2010-08-03  22.65  22.81  22.49  22.54  8987900  22.54
2010-08-02  22.52  22.82  22.36  22.81  10428100  22.81
2010-07-30  22.15  22.39  22.0  22.24  10473700  22.24
2010-07-29  22.45  22.47  21.91  22.27  11918800  22.27
2010-07-28  22.52  22.63  22.2  22.3  7205900  22.3
2010-07-27  22.65  22.78  22.51  22.62  9962700  22.62
2010-07-26  22.09  22.5  21.96  22.44  9459800  22.44
2010-07-23  21.94  22.28  21.71  22.05  13229500  22.05
2010-07-22  21.77  22.24  21.68  22.01  18483900  22.01
2010-07-21  22.08  22.34  21.4  21.47  19829700  21.47
2010-07-20  21.04  21.59  20.92  21.54  14151000  21.54
2010-07-19  21.39  21.62  21.07  21.39  7881300  21.39
2010-07-16  22.52  22.57  21.41  21.44  17532800  21.44
2010-07-15  22.56  22.77  22.02  22.7  14224200  22.7
2010-07-14  22.64  22.66  22.27  22.46  10744000  22.46
2010-07-13  22.36  22.85  22.35  22.73  11937400  22.73
2010-07-12  22.17  22.23  21.89  22.12  7028200  22.12
2010-07-09  21.62  22.28  21.46  22.25  12243200  22.25
2010-07-08  21.52  21.69  21.23  21.62  14095800  21.62
2010-07-07  20.53  21.38  20.37  21.33  17187500  21.33
2010-07-06  20.76  20.77  20.26  20.51  12797800  20.51
2010-07-02  20.88  20.95  20.22  20.36  11812800  20.36
2010-07-01  20.71  21.11  20.33  20.78  14871700  20.78
2010-06-30  21.13  21.5  20.75  20.8  13731000  20.8
2010-06-29  21.4  21.59  20.94  21.05  19570100  21.05
2010-06-28  21.68  21.81  21.43  21.5  10141000  21.5
2010-06-25  21.43  21.8  21.13  21.69  17270800  21.69
2010-06-24  21.29  21.41  20.89  20.99  16835400  20.99
2010-06-23  21.85  21.89  21.28  21.47  15692000  21.47
2010-06-22  22.05  22.28  21.79  21.86  14209000  21.86
2010-06-21  22.09  22.27  21.89  21.98  15912400  21.98
2010-06-18  21.5  21.92  21.37  21.88  15408800  21.88
2010-06-17  21.47  21.59  21.27  21.41  12419400  21.41
2010-06-16  21.38  21.61  21.25  21.47  16031900  21.47
2010-06-15  21.35  21.54  21.1  21.54  15665200  21.54
2010-06-14  21.75  21.75  21.11  21.19  18859300  21.19
2010-06-11  21.68  21.96  21.48  21.64  12987300  21.64
2010-06-10  21.3  22.03  21.27  21.99  16383600  21.99
2010-06-09  21.3  21.5  20.91  20.96  15765200  20.96
2010-06-08  20.75  21.15  20.48  21.11  25279000  21.11
2010-06-07  21.35  21.46  20.84  20.85  15922200  20.85
2010-06-04  21.37  21.55  21.15  21.21  21021500  21.21
2010-06-03  22.3  22.37  21.69  21.88  12742200  21.88
2010-06-02  21.82  22.3  21.51  22.27  13066400  22.27
2010-06-01  22.03  22.38  21.59  21.62  14601100  21.62
2010-05-28  22.7  22.7  22.15  22.25  14072200  22.25
2010-05-27  22.13  22.71  22.0  22.68  16297700  22.68
2010-05-26  22.48  22.57  21.82  21.94  20626200  21.94
2010-05-25  21.22  22.18  21.22  22.18  23165600  22.18
2010-05-24  22.42  22.48  21.81  21.9  17937500  21.9
2010-05-21  20.64  22.32  20.57  22.26  29589000  22.26
2010-05-20  21.99  22.26  21.54  21.55  22014500  21.55
2010-05-19  22.48  22.9  22.25  22.42  27819100  22.42
2010-05-18  23.75  23.88  22.39  22.62  34602600  22.62
2010-05-17  23.72  23.84  23.2  23.78  14135000  23.78
2010-05-14  24.26  24.26  23.33  23.68  22554300  23.68
2010-05-13  24.83  24.93  24.49  24.49  13060800  24.49
2010-05-12  24.94  25.07  24.73  24.96  15567200  24.96
2010-05-11  24.22  25.16  24.14  24.77  16700200  24.77
2010-05-10  24.51  24.84  24.25  24.64  19735900  24.64
2010-05-07  23.58  24.1  23.12  23.35  26474100  23.35
2010-05-06  24.38  24.63  22.52  23.66  24977300  23.66
2010-05-05  24.3  24.89  24.21  24.53  13252900  24.53
2010-05-04  24.94  25.1  24.39  24.6  19350300  24.6
2010-05-03  25.03  25.37  24.85  25.27  11394000  25.27
2010-04-30  25.43  25.49  24.83  24.85  17249800  24.85
2010-04-29  24.95  25.7  24.84  25.34  18397900  25.34
2010-04-28  24.68  25.0  24.51  24.67  12441500  24.67
2010-04-27  24.75  25.05  24.28  24.35  20979600  24.35
2010-04-26  25.28  25.47  24.88  24.95  11434400  24.95
2010-04-23  25.42  25.48  25.06  25.35  11114300  25.35
2010-04-22  25.66  25.73  25.15  25.41  27278000  25.41
2010-04-21  25.62  26.39  25.45  25.94  21662500  25.94
2010-04-20  25.37  26.36  25.2  26.19  23544500  26.19
2010-04-19  25.17  25.71  25.05  25.63  15084900  25.63
2010-04-16  26.17  26.23  24.76  25.49  28892400  25.49
2010-04-15  26.22  26.4  26.01  26.24  18948600  26.24
2010-04-14  25.73  26.29  25.68  26.23  14904200  26.23
2010-04-13  25.47  25.66  25.32  25.56  13894100  25.56
2010-04-12  25.26  25.63  25.18  25.54  11025600  25.54
2010-04-09  25.21  25.32  24.96  25.22  7429300  25.22
2010-04-08  24.66  25.34  24.61  25.19  14235300  25.19
2010-04-07  25.2  25.27  24.59  24.79  12376200  24.79
2010-04-06  24.49  25.23  24.49  25.14  12480200  25.14
2010-04-05  24.44  24.59  24.28  24.58  7865900  24.58
2010-04-01  24.17  24.38  24.02  24.36  6820400  24.36
2010-03-31  23.87  24.14  23.81  24.03  8451300  24.03
2010-03-30  24.12  24.33  23.97  24.01  9124000  24.01
2010-03-29  24.16  24.28  23.95  24.1  6911400  24.1
2010-03-26  24.33  24.5  23.94  24.14  10817100  24.14
2010-03-25  24.41  24.74  24.21  24.25  10567700  24.25
2010-03-24  24.19  24.51  24.19  24.27  7370300  24.27
2010-03-23  24.3  24.37  24.03  24.32  9573700  24.32
2010-03-22  23.99  24.45  23.98  24.3  9702700  24.3
2010-03-19  24.21  24.45  23.88  24.22  13976300  24.22
2010-03-18  24.17  24.33  23.9  24.08  8568200  24.08
2010-03-17  24.12  24.39  24.0  24.29  11859900  24.29
2010-03-16  24.05  24.22  23.9  24.2  10743300  24.2
2010-03-15  23.71  24.07  23.58  24.0  8366100  24.0
2010-03-12  23.81  24.1  23.69  23.79  14154500  23.79
2010-03-11  23.04  23.65  23.0  23.6  14610600  23.6
2010-03-10  22.98  23.35  22.94  23.13  11993900  23.13
2010-03-09  22.98  23.05  22.72  22.86  13248300  22.86
2010-03-08  23.31  23.46  23.16  23.16  8185800  23.16
2010-03-05  23.03  23.4  22.83  23.35  9443000  23.35
2010-03-04  22.87  22.99  22.75  22.93  7836000  22.93
2010-03-03  22.88  23.08  22.8  22.84  8391800  22.84
2010-03-02  23.03  23.09  22.78  22.93  7907800  22.93
2010-03-01  22.81  22.91  22.6  22.71  6843500  22.71
2010-02-26  22.44  22.9  22.44  22.81  9446500  22.81
2010-02-25  22.38  22.96  22.24  22.52  12541000  22.52
2010-02-24  22.64  23.08  22.59  22.96  12020100  22.96
2010-02-23  22.64  22.82  22.43  22.49  13288900  22.49
2010-02-22  22.7  22.9  22.48  22.75  12844900  22.75
2010-02-19  22.08  22.47  22.06  22.37  11805100  22.37
2010-02-18  21.9  22.24  21.81  22.16  9075800  22.16
2010-02-17  22.09  22.14  21.76  21.99  21960400  21.99
2010-02-16  21.79  22.13  21.52  22.11  11484600  22.11
2010-02-12  21.54  21.67  21.29  21.55  16552700  21.55
2010-02-11  21.94  21.96  21.58  21.77  8753400  21.77
2010-02-10  21.75  22.13  21.56  21.88  12219500  21.88
2010-02-09  21.9  22.11  21.56  21.77  13742600  21.77
2010-02-08  22.17  22.27  21.7  21.77  15753400  21.77
2010-02-05  22.08  22.47  21.57  22.21  22491200  22.21
2010-02-04  22.51  22.62  21.89  21.92  20550000  21.92
2010-02-03  22.95  23.03  22.45  22.67  12353800  22.67
2010-02-02  23.32  23.46  22.94  23.05  14793600  23.05
2010-02-01  23.3  23.5  23.07  23.33  12029500  23.33
2010-01-29  23.35  23.59  23.06  23.24  18317200  23.24
2010-01-28  23.38  23.51  22.97  23.16  17788000  23.16
2010-01-27  22.4  23.38  22.35  23.28  19763800  23.28
2010-01-26  22.6  23.09  22.46  22.53  15866800  22.53
2010-01-25  23.18  23.29  22.63  22.99  13692400  22.99
2010-01-22  23.22  24.87  22.77  22.86  20007400  22.86
2010-01-21  23.37  23.86  22.86  23.3  24864100  23.3
2010-01-20  22.99  23.49  22.96  23.18  18602200  23.18
2010-01-19  22.69  22.95  22.32  22.69  15470200  22.69
2010-01-15  23.37  23.37  22.66  22.81  13590500  22.81
2010-01-14  22.79  23.54  22.73  23.47  13383700  23.47
2010-01-13  22.51  23.07  22.35  22.9  12736800  22.9
2010-01-12  22.41  22.74  22.28  22.53  13119300  22.53
2010-01-11  22.71  22.71  22.35  22.54  8482600  22.54
2010-01-08  22.21  22.48  21.99  22.43  9935000  22.43
2010-01-07  21.91  22.69  21.78  22.4  15241200  22.4
2010-01-06  21.71  22.12  21.61  21.97  12293600  21.97
2010-01-05  21.09  21.79  21.07  21.74  14503500  21.74
2010-01-04  20.91  21.23  20.88  21.2  12891700  21.2
