Date  Open  High  Low  Close  Volume  Adj Close
2014-02-28  83.61  84.71  83.19  83.83  878600  83.83
2014-02-27  82.89  83.42  82.06  83.4  574500  83.4
2014-02-26  82.82  83.83  82.71  82.86  483300  82.86
2014-02-25  83.89  84.43  82.8  83.04  726500  83.04
2014-02-24  83.59  84.49  83.49  84.01  514100  84.01
2014-02-21  84.06  84.41  83.52  83.7  553200  83.7
2014-02-20  81.86  84.44  81.22  84.1  863700  84.1
2014-02-19  82.5  83.13  81.76  81.78  509000  81.78
2014-02-18  82.05  83.3  81.92  82.86  669300  82.86
2014-02-14  81.32  82.11  80.99  81.81  448800  81.81
2014-02-13  80.55  81.4  79.97  81.37  505900  81.37
2014-02-12  81.05  81.53  80.69  80.85  385700  80.85
2014-02-11  80.53  81.08  80.09  81.05  707800  81.05
2014-02-10  80.4  80.84  79.74  80.66  802200  80.66
2014-02-07  78.97  80.42  78.89  80.31  561600  80.31
2014-02-06  78.49  78.99  78.32  78.94  471300  78.94
2014-02-05  78.11  78.7  77.51  78.46  512200  78.46
2014-02-04  78.5  78.77  77.71  78.37  773000  78.37
2014-02-03  81.4  81.6  78.1  78.26  952600  78.26
2014-01-31  81.68  81.76  81.15  81.31  807500  81.31
2014-01-30  82.0  82.58  81.8  82.35  627200  82.35
2014-01-29  81.39  81.83  80.69  81.68  1017600  81.68
2014-01-28  81.75  82.45  81.29  81.73  709700  81.73
2014-01-27  81.56  82.15  80.93  81.63  983000  81.63
2014-01-24  83.14  83.14  81.76  81.8  1186000  81.8
2014-01-23  83.11  84.24  82.0  83.51  2390600  83.51
2014-01-22  81.72  82.53  81.52  82.49  1197500  82.49
2014-01-21  82.38  82.39  80.44  81.86  1164100  81.86
2014-01-17  81.99  82.43  81.67  82.4  1050900  82.4
2014-01-16  81.28  82.53  81.26  82.52  782300  82.52
2014-01-15  81.03  81.55  80.57  81.42  530600  81.42
2014-01-14  80.14  80.84  79.88  80.6  688400  80.6
2014-01-13  80.62  81.04  79.38  79.5  821400  79.5
2014-01-10  81.24  81.75  80.76  80.97  584100  80.97
2014-01-09  79.88  81.44  79.88  81.29  835900  81.29
2014-01-08  79.67  80.7  79.57  80.04  799800  80.04
2014-01-07  78.0  79.97  77.74  79.78  935100  79.78
2014-01-06  77.8  78.43  77.53  77.78  1039000  77.78
2014-01-03  77.29  77.85  77.29  77.48  633900  77.48
2014-01-02  77.61  77.86  77.25  77.34  826100  77.34
2013-12-31  77.48  78.67  77.48  77.69  624100  77.69
2013-12-30  77.12  77.6  76.92  77.43  562800  77.43
2013-12-27  76.75  77.05  76.67  76.91  417300  76.91
2013-12-26  76.96  76.96  76.23  76.73  319100  76.73
2013-12-24  76.39  76.82  76.26  76.73  340600  76.73
2013-12-23  76.47  76.47  75.86  76.31  734700  76.31
2013-12-20  77.19  77.27  75.87  76.07  1255400  76.07
2013-12-19  78.26  78.26  76.42  76.77  529800  76.77
2013-12-18  76.44  78.03  76.09  78.02  542200  78.02
2013-12-17  76.78  76.97  75.54  76.25  732600  76.25
2013-12-16  76.85  77.03  76.39  76.82  345700  76.82
2013-12-13  75.91  76.81  75.54  76.46  523900  76.46
2013-12-12  76.97  76.98  75.65  75.89  829300  75.89
2013-12-11  78.75  78.85  76.93  77.01  499200  77.01
2013-12-10  79.06  79.35  78.45  78.76  503900  78.76
2013-12-09  79.3  79.52  78.98  79.25  535300  79.25
2013-12-06  79.86  80.1  79.02  79.32  523400  79.32
2013-12-05  79.71  80.32  78.72  78.85  1177900  78.85
2013-12-04  78.79  80.4  78.68  79.84  2187800  79.84
2013-12-03  78.89  79.43  78.59  79.37  1152600  79.37
2013-12-02  78.05  79.34  77.97  79.24  1535400  79.24
2013-11-29  77.01  78.57  76.85  78.05  855600  78.05
2013-11-27  76.23  76.85  75.91  76.69  585000  76.69
2013-11-26  75.63  76.77  75.47  76.23  875600  76.23
2013-11-25  75.0  76.22  74.62  75.64  622000  75.64
2013-11-22  75.06  75.09  74.68  74.8  549500  74.8
2013-11-21  74.56  75.25  74.43  75.2  406000  75.2
2013-11-20  74.58  74.86  73.93  74.28  616800  74.28
2013-11-19  74.45  74.8  73.93  74.6  515800  74.6
2013-11-18  75.0  75.3  74.42  74.46  542400  74.46
2013-11-15  74.82  75.38  74.36  74.59  560700  74.59
2013-11-14  74.24  74.96  73.9  74.94  405200  74.94
2013-11-13  73.43  74.1  72.84  74.08  633000  74.08
2013-11-12  73.25  73.44  72.95  73.3  418200  73.3
2013-11-11  73.28  73.88  72.93  73.4  441600  73.4
2013-11-08  72.66  73.44  72.55  73.39  482300  73.39
2013-11-07  73.68  73.91  72.73  72.83  543200  72.83
2013-11-06  73.38  73.54  72.91  73.37  475500  73.37
2013-11-05  72.93  73.13  72.49  72.99  493500  72.99
2013-11-04  72.54  73.46  72.12  73.13  606700  73.13
2013-11-01  72.67  72.67  71.98  72.5  624400  72.5
2013-10-31  72.74  73.09  72.08  72.58  1456700  72.58
2013-10-30  73.45  73.61  72.55  72.59  1137400  72.59
2013-10-29  73.51  73.96  73.22  73.49  964100  73.49
2013-10-28  73.25  73.94  73.13  73.22  997100  73.22
2013-10-25  73.23  73.92  72.58  73.2  1264100  73.2
2013-10-24  74.75  75.21  72.71  73.3  3119100  73.3
2013-10-23  77.24  79.42  77.0  78.52  1158100  78.52
2013-10-22  78.27  78.76  77.09  77.3  921100  77.3
2013-10-21  78.6  78.9  77.94  78.23  635000  78.23
2013-10-18  79.15  80.66  76.46  78.64  817700  78.64
2013-10-17  78.63  78.83  78.0  78.55  895100  78.55
2013-10-16  77.64  78.91  77.44  78.87  686200  78.87
2013-10-15  77.64  78.24  76.96  77.04  959800  77.04
2013-10-14  77.41  78.19  77.07  77.94  457400  77.94
2013-10-11  77.13  77.71  76.76  77.69  567200  77.69
2013-10-10  76.19  77.39  76.11  77.37  822000  77.37
2013-10-09  75.46  75.99  75.26  75.44  645700  75.44
2013-10-08  74.69  76.13  74.65  75.42  1045400  75.42
2013-10-07  74.29  74.98  73.96  74.56  327300  74.56
2013-10-04  74.33  75.13  74.25  74.94  329900  74.94
2013-10-03  74.66  74.85  73.66  74.36  747100  74.36
2013-10-02  75.06  75.2  74.17  74.97  631600  74.97
2013-10-01  74.85  75.59  74.78  75.34  589900  75.34
2013-09-30  74.06  75.43  73.96  74.73  937400  74.73
2013-09-27  73.85  74.5  73.71  74.18  554000  74.18
2013-09-26  74.48  74.68  73.6  74.08  624900  74.08
2013-09-25  75.39  75.4  74.06  74.31  1668300  74.31
2013-09-24  76.1  76.28  75.2  75.27  1010000  75.27
2013-09-23  76.05  76.69  75.58  76.27  637300  76.27
2013-09-20  75.74  76.6  75.58  76.1  1126700  76.1
2013-09-19  75.92  75.94  75.1  75.59  316700  75.59
2013-09-18  75.06  75.95  74.52  75.86  486600  75.86
2013-09-17  75.23  75.37  74.9  74.98  334700  74.98
2013-09-16  74.95  75.44  74.6  75.16  559000  75.16
2013-09-13  74.27  74.63  73.51  74.55  388200  74.55
2013-09-12  74.79  74.94  74.07  74.34  717100  74.34
2013-09-11  73.71  74.95  73.24  74.95  1660100  74.95
2013-09-10  72.7  73.74  72.63  73.62  1396300  73.62
2013-09-09  72.03  72.72  71.93  72.45  987600  72.45
2013-09-06  72.1  72.37  71.09  71.87  647500  71.87
2013-09-05  71.73  72.13  71.46  71.89  793300  71.89
2013-09-04  71.16  71.91  70.76  71.79  556100  71.79
2013-09-03  70.65  71.74  70.47  71.04  752100  71.04
2013-08-30  71.52  71.56  70.1  70.45  934800  70.45
2013-08-29  70.72  72.33  70.72  71.4  600200  71.4
2013-08-28  71.39  72.01  71.07  71.1  412400  71.1
2013-08-27  72.03  72.2  70.93  71.39  676300  71.39
2013-08-26  72.64  73.38  72.62  72.68  418000  72.68
2013-08-23  73.03  73.07  72.41  72.65  389100  72.65
2013-08-22  71.92  73.02  71.92  72.77  255700  72.77
2013-08-21  72.28  72.6  71.6  71.98  379400  71.98
2013-08-20  72.07  72.55  71.7  72.42  336100  72.42
2013-08-19  71.69  72.36  71.69  71.98  270900  71.98
2013-08-16  72.03  72.13  71.4  71.72  351900  71.72
2013-08-15  72.81  73.14  72.13  72.26  364500  72.26
2013-08-14  73.62  73.92  73.5  73.6  343800  73.6
2013-08-13  73.9  73.98  73.46  73.85  322200  73.85
2013-08-12  73.46  74.1  73.44  73.85  421000  73.85
2013-08-09  73.53  74.36  73.31  74.21  516300  74.21
2013-08-08  72.82  74.05  72.82  73.76  595500  73.76
2013-08-07  72.04  72.92  71.82  72.75  594500  72.75
2013-08-06  72.57  72.82  71.75  72.02  696700  72.02
2013-08-05  72.62  72.89  71.86  72.61  542100  72.61
2013-08-02  73.28  73.28  72.65  73.01  578400  73.01
2013-08-01  73.2  73.26  72.35  73.2  712300  73.2
2013-07-31  72.49  72.99  71.99  72.5  737500  72.5
2013-07-30  72.73  73.12  72.08  72.29  755500  72.29
2013-07-29  73.54  73.54  72.29  72.4  941500  72.4
2013-07-26  73.71  73.86  72.43  73.84  736500  73.84
2013-07-25  71.6  74.93  70.8  74.1  2920200  74.1
2013-07-24  72.85  73.12  71.69  72.11  1255500  72.11
2013-07-23  72.3  72.57  71.68  72.51  830100  72.51
2013-07-22  72.03  72.5  71.81  72.43  537000  72.43
2013-07-19  71.26  72.36  70.84  72.26  633600  72.26
2013-07-18  70.75  71.59  70.75  71.57  791400  71.57
2013-07-17  70.0  70.87  69.83  70.74  810700  70.74
2013-07-16  69.37  70.0  69.33  69.85  843400  69.85
2013-07-15  69.37  69.66  69.02  69.37  538700  69.37
2013-07-12  68.36  69.51  68.11  69.37  1274600  69.37
2013-07-11  67.82  69.1  67.63  68.27  860600  68.27
2013-07-10  66.31  67.06  66.3  66.93  894200  66.93
2013-07-09  68.1  68.71  65.7  66.3  1754000  66.3
2013-07-08  67.68  68.37  67.34  68.2  640100  68.2
2013-07-05  66.98  67.39  66.51  67.23  274200  67.23
2013-07-03  66.76  66.79  66.02  66.37  444700  66.37
2013-07-02  67.97  67.97  66.37  66.65  868300  66.65
2013-07-01  67.87  68.55  67.55  68.14  563400  68.14
2013-06-28  66.48  68.02  66.48  67.45  1095900  67.45
2013-06-27  66.06  66.79  65.94  66.63  1855900  66.63
2013-06-26  67.18  67.61  65.74  65.86  1311700  65.86
2013-06-25  66.95  67.32  66.2  66.6  620100  66.6
2013-06-24  67.05  67.05  65.84  66.17  703900  66.17
2013-06-21  67.54  68.16  67.32  67.61  797800  67.61
2013-06-20  68.21  68.32  66.78  66.98  555200  66.98
2013-06-19  70.77  70.85  68.75  68.78  454600  68.78
2013-06-18  69.93  70.87  69.87  70.86  612600  70.86
2013-06-17  69.32  70.3  69.24  69.71  705300  69.71
2013-06-14  69.54  69.89  68.73  68.88  416200  68.88
2013-06-13  68.22  69.66  67.73  69.58  429700  69.58
2013-06-12  69.2  69.27  67.92  68.14  562700  68.14
2013-06-11  68.07  69.04  68.07  68.61  693900  68.61
2013-06-10  69.61  69.77  68.55  69.2  845200  69.2
2013-06-07  68.52  69.66  68.38  69.55  522100  69.55
2013-06-06  67.84  68.19  66.93  68.18  621400  68.18
2013-06-05  66.73  68.48  66.64  67.85  994800  67.85
2013-06-04  67.36  67.75  66.77  66.84  575000  66.84
2013-06-03  67.26  67.41  66.36  67.37  505400  67.37
2013-05-31  68.24  68.55  67.01  67.01  458700  67.01
2013-05-30  68.19  68.73  67.75  68.49  288400  68.49
2013-05-29  67.77  68.54  67.25  68.01  745200  68.01
2013-05-28  68.16  68.55  67.93  68.08  729300  68.08
2013-05-24  67.52  67.89  67.1  67.36  688300  67.36
2013-05-23  68.1  68.4  67.32  67.89  614200  67.89
2013-05-22  69.95  70.67  68.14  68.43  730800  68.43
2013-05-21  69.64  70.44  69.57  69.88  542200  69.88
2013-05-20  69.33  69.56  69.1  69.45  514000  69.45
2013-05-17  69.43  69.48  68.1  69.3  666400  69.3
2013-05-16  69.61  69.61  68.43  68.98  834800  68.98
2013-05-15  70.01  70.2  69.71  69.94  906600  69.94
2013-05-14  69.41  70.71  69.29  70.23  1622400  70.23
2013-05-13  68.51  69.53  68.21  69.37  914700  69.37
2013-05-10  68.17  68.82  68.0  68.75  865200  68.75
2013-05-09  67.34  68.34  66.62  68.21  901100  68.21
2013-05-08  66.05  67.62  66.01  67.59  788200  67.59
2013-05-07  65.71  66.3  65.49  66.03  911700  66.03
2013-05-06  65.64  65.93  65.14  65.53  655000  65.53
2013-05-03  65.17  66.47  65.09  65.69  1140300  65.69
2013-05-02  64.53  64.77  64.14  64.46  615800  64.46
2013-05-01  64.96  65.08  64.05  64.2  641000  64.2
2013-04-30  64.86  65.16  64.07  65.14  887600  65.14
2013-04-29  64.48  65.04  64.31  64.79  794600  64.79
2013-04-26  64.0  64.51  63.79  64.12  1134900  64.12
2013-04-25  65.0  65.9  63.1  64.02  3706700  64.02
2013-04-24  68.52  68.66  67.69  68.35  992200  68.35
2013-04-23  67.27  68.56  67.13  68.51  867000  68.51
2013-04-22  67.23  67.41  66.9  67.03  696100  67.03
2013-04-19  65.97  67.37  65.5  67.29  2154600  67.29
2013-04-18  67.55  68.07  66.35  66.57  968500  66.57
2013-04-17  68.89  68.98  67.46  67.55  797800  67.55
2013-04-16  69.29  69.5  68.53  69.3  979400  69.3
2013-04-15  70.08  70.65  68.77  68.97  1524100  68.97
2013-04-12  72.07  73.2  71.99  72.78  597300  72.78
2013-04-11  71.64  72.71  71.64  72.3  434400  72.3
2013-04-10  71.11  71.95  71.11  71.66  611700  71.66
2013-04-09  70.95  71.35  70.64  71.0  569900  71.0
2013-04-08  70.6  71.07  70.12  70.7  529300  70.7
2013-04-05  70.66  70.88  70.19  70.66  771800  70.66
2013-04-04  71.5  71.73  71.11  71.35  458600  71.35
2013-04-03  72.16  72.16  71.09  71.36  595900  71.36
2013-04-02  72.14  72.27  71.75  71.91  597200  71.91
2013-04-01  72.0  72.07  71.21  71.89  513900  71.89
2013-03-28  71.69  72.08  71.47  72.0  838700  72.0
2013-03-27  71.51  71.8  71.07  71.7  802000  71.7
2013-03-26  71.94  72.25  71.51  71.79  802400  71.79
2013-03-25  72.51  72.51  71.56  71.68  580200  71.68
2013-03-22  72.3  72.64  71.88  72.25  690700  72.25
2013-03-21  72.1  72.8  71.81  72.17  547400  72.17
2013-03-20  72.63  72.9  72.0  72.36  500300  72.36
2013-03-19  72.62  72.67  71.56  72.31  287500  72.31
2013-03-18  72.47  72.78  71.92  72.48  452500  72.48
2013-03-15  73.79  73.79  72.76  73.23  745600  73.23
2013-03-14  74.46  74.46  73.58  74.06  681700  74.06
2013-03-13  73.62  74.5  73.24  74.44  490700  74.44
2013-03-12  73.31  73.73  73.12  73.7  382400  73.7
2013-03-11  73.59  73.64  73.27  73.46  359800  73.46
2013-03-08  72.4  73.89  72.19  73.82  691700  73.82
2013-03-07  72.29  73.12  71.98  72.13  644000  72.13
2013-03-06  73.0  73.0  71.38  72.01  731200  72.01
2013-03-05  71.75  73.1  71.75  72.7  741400  72.7
2013-03-04  70.66  71.57  70.65  71.55  694600  71.55
2013-03-01  70.51  71.22  69.8  70.85  759200  70.85
2013-02-28  69.34  71.08  69.22  70.63  1207200  70.63
2013-02-27  68.59  69.5  68.49  69.35  993400  69.35
2013-02-26  69.49  69.52  67.88  68.66  907800  68.66
2013-02-25  70.39  71.03  69.21  69.21  693800  69.21
2013-02-22  69.87  70.21  69.58  70.12  562700  70.12
2013-02-21  69.81  69.93  68.79  69.48  744700  69.48
2013-02-20  70.51  70.56  69.8  69.9  781000  69.9
2013-02-19  70.13  71.0  69.66  70.69  399200  70.69
2013-02-15  70.93  71.08  70.0  70.05  840600  70.05
2013-02-14  71.22  71.5  70.88  70.96  614200  70.96
2013-02-13  71.64  71.69  70.98  71.5  617700  71.5
2013-02-12  71.06  71.94  70.92  71.36  871400  71.36
2013-02-11  71.04  71.15  70.55  71.11  639200  71.11
2013-02-08  71.87  72.33  70.96  71.1  655600  71.1
2013-02-07  71.18  71.97  70.52  71.86  1003200  71.86
2013-02-06  70.88  71.5  70.88  71.38  726400  71.38
2013-02-05  70.7  71.56  70.7  71.3  531500  71.3
2013-02-04  70.67  71.16  70.26  70.49  821900  70.49
2013-02-01  71.07  71.7  70.7  71.22  756000  71.22
2013-01-31  71.17  71.42  70.51  70.65  723100  70.65
2013-01-30  71.7  71.84  71.3  71.45  788100  71.45
2013-01-29  72.22  72.22  71.35  71.69  827500  71.69
2013-01-28  73.51  73.57  72.16  72.23  560500  72.23
2013-01-25  72.97  73.55  72.2  73.41  1214200  73.41
2013-01-24  71.12  73.25  69.52  72.88  2875700  72.88
2013-01-23  75.34  75.78  74.52  74.91  1157300  74.91
2013-01-22  75.01  75.58  74.51  75.12  1086900  75.12
2013-01-18  74.69  75.33  74.06  75.09  872400  75.09
2013-01-17  74.49  74.89  74.23  74.59  462400  74.59
2013-01-16  73.95  74.31  73.52  74.14  593400  74.14
2013-01-15  73.7  74.27  73.51  74.0  546400  74.0
2013-01-14  74.2  74.2  73.02  73.85  735300  73.85
2013-01-11  75.07  75.18  74.11  74.58  539000  74.58
2013-01-10  75.5  75.69  74.79  74.88  910200  74.88
2013-01-09  75.0  75.55  74.86  75.25  816000  75.25
2013-01-08  75.0  75.44  74.18  74.84  716600  74.84
2013-01-07  72.2  75.23  72.2  75.19  1703500  75.19
2013-01-04  73.68  73.87  72.6  72.72  1138500  72.72
2013-01-03  72.59  73.8  72.51  73.68  1353500  73.68
2013-01-02  71.26  72.5  71.05  72.47  1325100  72.47
2012-12-31  69.63  70.3  69.22  70.24  427500  70.24
2012-12-28  69.89  70.44  69.5  69.62  501700  69.62
2012-12-27  69.83  70.45  69.25  70.22  460400  70.22
2012-12-26  70.88  70.91  69.39  69.84  366600  69.84
2012-12-24  70.55  70.95  70.28  70.86  185300  70.86
2012-12-21  71.16  71.49  70.25  70.8  903800  70.8
2012-12-20  70.78  71.81  70.43  71.78  620200  71.78
2012-12-19  72.28  72.3  70.93  70.94  488900  70.94
2012-12-18  71.48  72.5  70.79  72.32  940700  72.32
2012-12-17  71.06  72.18  71.03  71.5  903800  71.5
2012-12-14  71.29  72.04  70.67  71.0  797100  71.0
2012-12-13  71.93  72.08  71.38  71.6  427100  71.6
2012-12-12  72.33  72.61  71.93  72.08  724900  72.08
2012-12-11  71.6  72.48  71.58  72.35  833900  72.35
2012-12-10  70.7  71.85  69.93  71.41  889700  71.41
2012-12-07  69.87  70.73  69.38  70.7  692600  70.7
2012-12-06  69.82  69.94  69.05  69.61  531600  69.61
2012-12-05  70.09  70.38  69.69  69.81  631500  69.81
2012-12-04  69.23  70.43  69.23  70.13  1003300  70.13
2012-12-03  69.27  69.74  68.95  69.38  838200  69.38
2012-11-30  69.09  69.31  68.45  69.16  749300  69.16
2012-11-29  69.47  70.14  68.75  69.12  638000  69.12
2012-11-28  68.51  69.18  67.81  69.11  630800  69.11
2012-11-27  68.97  69.46  68.75  68.88  527100  68.88
2012-11-26  69.26  69.6  68.84  69.46  621800  69.46
2012-11-23  69.04  69.5  68.79  69.42  265000  69.42
2012-11-21  68.94  69.02  68.5  68.86  390800  68.86
2012-11-20  68.8  69.35  68.36  69.07  656000  69.07
2012-11-19  68.57  69.36  68.44  69.11  707300  69.11
2012-11-16  68.5  68.97  67.66  67.89  1097000  67.89
2012-11-15  67.73  68.2  67.1  67.74  845000  67.74
2012-11-14  68.37  68.84  67.48  67.75  699200  67.75
2012-11-13  68.1  69.0  68.01  68.28  912600  68.28
2012-11-12  68.51  69.45  67.82  68.33  652500  68.33
2012-11-09  68.53  69.49  68.53  68.84  761900  68.84
2012-11-08  69.55  70.27  68.58  68.59  914900  68.59
2012-11-07  70.4  70.5  69.11  69.67  1266200  69.67
2012-11-06  70.56  71.14  70.39  70.59  982000  70.59
2012-11-05  69.78  71.39  69.45  70.4  2625300  70.4
2012-11-02  69.04  70.53  68.92  70.15  2548000  70.15
2012-11-01  66.24  68.83  65.91  68.77  1881200  68.77
2012-10-31  66.14  67.6  65.65  66.76  2224200  66.76
2012-10-26  67.87  69.18  66.02  66.93  5082800  66.93
2012-10-25  57.78  58.29  57.33  58.1  2094900  58.1
2012-10-24  57.66  57.84  57.0  57.08  907300  57.08
2012-10-23  57.76  57.95  57.33  57.49  623200  57.49
2012-10-22  58.23  58.75  58.08  58.36  866200  58.36
2012-10-19  58.82  58.95  58.25  58.42  949800  58.42
2012-10-18  59.42  59.61  58.87  59.14  1109800  59.14
2012-10-17  58.83  59.83  58.67  59.74  717100  59.74
2012-10-16  58.34  59.04  58.34  59.04  962800  59.04
2012-10-15  58.25  58.47  57.95  58.24  1481500  58.24
2012-10-12  58.92  59.23  58.21  58.29  527200  58.29
2012-10-11  58.67  59.53  58.67  58.87  993000  58.87
2012-10-10  58.82  59.0  58.18  58.26  908200  58.26
2012-10-09  60.48  60.48  58.53  58.77  1078200  58.77
2012-10-08  60.92  61.29  60.54  60.65  552300  60.65
2012-10-05  61.61  61.67  60.95  61.06  608000  61.06
2012-10-04  61.21  61.66  60.48  61.39  718500  61.39
2012-10-03  60.85  61.45  60.6  61.01  383800  61.01
2012-10-02  60.68  61.0  60.5  60.87  790900  60.87
2012-10-01  60.47  61.3  60.29  60.47  703600  60.47
2012-09-28  60.0  60.71  59.61  60.32  726800  60.32
2012-09-27  59.91  60.26  59.5  60.04  547500  60.04
2012-09-26  60.31  60.31  59.5  59.71  719500  59.71
2012-09-25  61.68  61.81  60.23  60.24  691000  60.24
2012-09-24  60.91  61.45  60.82  61.32  624000  61.32
2012-09-21  61.55  61.6  60.98  61.08  1178600  61.08
2012-09-20  61.39  61.67  61.06  61.24  874500  61.24
2012-09-19  61.6  62.07  61.23  61.7  587200  61.7
2012-09-18  61.5  61.68  61.24  61.65  627600  61.65
2012-09-17  61.47  61.57  61.31  61.44  1095700  61.44
2012-09-14  61.37  61.83  60.76  61.6  1460800  61.6
2012-09-13  61.22  62.16  60.66  61.76  1233800  61.76
2012-09-12  60.67  61.45  60.34  61.44  1246500  61.44
2012-09-11  59.84  60.44  59.8  60.33  559400  60.33
2012-09-10  59.83  60.12  59.48  59.93  626600  59.93
2012-09-07  59.32  59.91  59.13  59.9  749500  59.9
2012-09-06  58.98  59.6  58.82  59.5  925500  59.5
2012-09-05  59.65  59.67  58.56  58.59  1039600  58.59
2012-09-04  61.29  64.0  59.18  59.68  1799900  59.68
2012-08-31  59.19  59.6  58.65  58.79  672100  58.79
2012-08-30  59.24  59.27  58.53  58.74  875200  58.74
2012-08-29  58.96  60.03  58.56  59.48  705700  59.48
2012-08-28  59.0  59.43  58.6  58.77  497700  58.77
2012-08-27  59.76  59.88  58.89  59.16  837800  59.16
2012-08-24  58.64  59.75  58.64  59.58  720200  59.58
2012-08-23  59.07  59.21  58.65  58.79  632700  58.79
2012-08-22  59.84  60.09  58.96  59.23  782900  59.23
2012-08-21  59.94  60.71  59.76  59.81  850700  59.81
2012-08-20  58.85  60.07  58.7  59.91  1124600  59.91
2012-08-17  59.33  59.53  58.75  58.98  905500  58.98
2012-08-16  58.69  59.64  58.63  59.3  1071600  59.3
2012-08-15  57.22  58.93  56.84  58.76  848500  58.76
2012-08-14  58.07  58.18  57.06  57.17  492000  57.17
2012-08-13  56.42  57.76  56.22  57.75  857500  57.75
2012-08-10  56.37  56.89  55.63  56.85  1032600  56.85
2012-08-09  56.77  56.95  56.38  56.43  497500  56.43
2012-08-08  56.64  56.99  56.52  56.62  791700  56.62
2012-08-07  55.75  56.88  55.74  56.66  718100  56.66
2012-08-06  55.66  56.84  55.66  55.72  740700  55.72
2012-08-03  55.25  56.02  54.55  55.46  1319800  55.46
2012-08-02  54.85  54.98  53.74  54.41  969500  54.41
2012-08-01  54.74  55.7  54.44  55.33  1277200  55.33
2012-07-31  54.79  55.02  54.45  54.58  996800  54.58
2012-07-30  55.51  55.58  54.39  54.87  873800  54.87
2012-07-27  54.16  55.75  54.07  55.56  1474400  55.56
2012-07-26  55.0  55.0  52.9  53.73  6532200  53.73
2012-07-25  55.94  57.77  55.94  57.31  1827600  57.31
2012-07-24  56.72  56.85  55.25  55.66  1302600  55.66
2012-07-23  56.28  57.05  55.81  56.79  915500  56.79
2012-07-20  58.92  59.0  56.67  57.08  1591200  57.08
2012-07-19  59.98  60.42  59.23  59.43  690100  59.43
2012-07-18  58.73  59.89  58.51  59.86  927800  59.86
2012-07-17  58.29  59.05  58.22  59.03  739500  59.03
2012-07-16  57.82  58.42  57.68  58.04  805300  58.04
2012-07-13  57.84  58.65  57.53  57.84  1112800  57.84
2012-07-12  57.09  57.99  57.09  57.74  726500  57.74
2012-07-11  57.72  58.06  57.53  57.88  909100  57.88
2012-07-10  58.13  58.18  57.32  57.65  1459300  57.65
2012-07-09  58.44  58.5  57.0  57.94  2980000  57.94
2012-07-06  60.63  60.92  59.73  59.93  925000  59.93
2012-07-05  61.5  61.54  61.23  61.3  964200  61.3
2012-07-03  60.69  61.55  60.36  61.5  441200  61.5
2012-07-02  60.71  61.03  59.31  60.65  1223500  60.65
2012-06-29  60.11  61.11  60.01  60.77  927800  60.77
2012-06-28  59.53  59.93  57.93  59.0  1378200  59.0
2012-06-27  59.28  60.3  58.82  59.85  975200  59.85
2012-06-26  58.23  58.95  57.96  58.69  1058700  58.69
2012-06-25  58.8  58.95  57.68  58.06  1014400  58.06
2012-06-22  59.23  59.55  58.64  59.33  1206800  59.33
2012-06-21  61.18  61.44  59.08  59.09  760200  59.09
2012-06-20  61.53  61.81  60.34  61.04  908400  61.04
2012-06-19  61.19  61.36  60.29  61.28  1243900  61.28
2012-06-18  59.98  60.5  59.83  60.46  845700  60.46
2012-06-15  59.68  60.42  59.44  60.38  1166900  60.38
2012-06-14  59.33  59.99  58.92  59.39  783100  59.39
2012-06-13  59.53  60.09  58.92  59.11  815300  59.11
2012-06-12  59.72  59.73  58.7  59.65  892900  59.65
2012-06-11  59.84  60.16  59.3  59.33  1150200  59.33
2012-06-08  58.69  59.47  58.44  59.47  659100  59.47
2012-06-07  59.94  60.09  59.07  59.21  1174900  59.21
2012-06-06  58.06  59.53  57.83  59.53  1501300  59.53
2012-06-05  57.11  57.99  57.0  57.91  1131600  57.91
2012-06-04  57.68  57.68  56.61  57.48  1223400  57.48
2012-06-01  57.43  58.35  57.43  57.57  2246100  57.57
2012-05-31  59.47  59.68  58.26  58.66  1709700  58.66
2012-05-30  60.47  60.53  59.52  59.89  1438000  59.89
2012-05-29  61.93  61.96  60.76  60.94  1404400  60.94
2012-05-25  60.82  61.94  60.82  61.36  1324100  61.36
2012-05-24  61.25  61.53  60.52  61.15  2172500  61.15
2012-05-23  61.81  61.96  60.31  61.09  1826200  61.09
2012-05-22  63.0  63.65  61.82  62.3  1187800  62.3
2012-05-21  61.69  62.97  61.28  62.82  1073200  62.82
2012-05-18  62.85  63.07  61.0  61.29  989300  61.29
2012-05-17  63.59  64.0  62.27  62.38  1109000  62.38
2012-05-16  63.88  64.03  63.28  63.46  985500  63.46
2012-05-15  63.81  64.39  63.55  63.76  882300  63.76
2012-05-14  63.85  64.13  63.22  63.87  1024500  63.87
2012-05-11  63.82  64.68  63.68  64.58  1025900  64.58
2012-05-10  64.09  64.92  64.07  64.11  989000  64.11
2012-05-09  62.78  63.96  62.58  63.7  1038000  63.7
2012-05-08  63.01  63.65  62.75  63.47  1134500  63.47
2012-05-07  63.12  64.01  63.0  63.56  642000  63.56
2012-05-04  64.4  64.46  63.23  63.35  977600  63.35
2012-05-03  65.14  65.4  64.37  64.46  1478100  64.46
2012-05-02  64.69  65.48  64.36  65.22  1610100  65.22
2012-05-01  63.42  64.91  63.12  64.57  2846200  64.57
2012-04-30  63.27  63.84  62.5  63.42  1229100  63.42
2012-04-27  63.68  64.05  62.77  63.4  2413600  63.4
2012-04-26  68.0  68.0  62.77  63.6  6370300  63.6
2012-04-25  67.31  69.81  67.31  69.79  1768900  69.79
2012-04-24  66.72  67.37  66.46  66.97  379600  66.97
2012-04-23  66.17  67.1  65.97  66.71  596300  66.71
2012-04-20  66.45  68.13  66.45  67.73  1120500  67.73
2012-04-19  67.14  67.19  66.06  66.25  609500  66.25
2012-04-18  67.2  67.72  66.6  66.92  562100  66.92
2012-04-17  66.64  67.53  66.6  67.38  1092900  67.38
2012-04-16  66.89  67.04  65.91  66.37  1079000  66.37
2012-04-13  67.52  67.73  66.52  66.53  853200  66.53
2012-04-12  67.09  68.42  67.09  67.82  818400  67.82
2012-04-11  67.06  67.15  66.69  67.06  571000  67.06
2012-04-10  67.54  67.54  66.35  66.35  670700  66.35
2012-04-09  67.46  67.89  67.44  67.52  574700  67.52
2012-04-05  67.78  68.5  67.7  68.44  488000  68.44
2012-04-04  68.91  68.93  67.99  68.17  884300  68.17
2012-04-03  68.91  69.77  68.66  69.56  811200  69.56
2012-04-02  68.68  69.27  68.62  69.08  594500  69.08
2012-03-30  69.24  69.3  68.59  68.96  484200  68.96
2012-03-29  68.57  69.3  68.41  68.8  475100  68.8
2012-03-28  70.1  70.35  68.42  68.92  725100  68.92
2012-03-27  69.98  70.46  69.68  69.97  671900  69.97
2012-03-26  69.44  69.94  69.17  69.92  582900  69.92
2012-03-23  69.37  69.58  68.47  68.97  671300  68.97
2012-03-22  69.34  69.55  68.61  69.2  812700  69.2
2012-03-21  70.16  70.16  69.1  69.89  738500  69.89
2012-03-20  70.06  70.22  69.48  70.21  747200  70.21
2012-03-19  70.09  70.74  69.78  70.54  682400  70.54
2012-03-16  70.95  71.0  70.33  70.57  1056100  70.57
2012-03-15  69.55  70.82  69.1  70.8  811300  70.8
2012-03-14  69.07  70.36  69.07  69.65  1102400  69.65
2012-03-13  68.09  69.11  67.5  69.07  822900  69.07
2012-03-12  67.74  68.21  67.24  67.35  909800  67.35
2012-03-09  67.19  68.41  67.06  67.17  881100  67.17
2012-03-08  65.93  67.15  65.71  67.06  772500  67.06
2012-03-07  64.65  65.66  64.65  65.43  1114700  65.43
2012-03-06  65.19  65.27  64.3  64.48  1132000  64.48
2012-03-05  65.88  66.26  65.36  65.89  1001700  65.89
2012-03-02  65.79  66.56  65.77  66.2  811800  66.2
2012-03-01  65.14  66.02  65.14  65.92  631500  65.92
2012-02-29  66.37  66.45  65.11  65.25  962700  65.25
2012-02-28  66.55  67.07  66.2  66.4  589600  66.4
2012-02-27  65.89  66.56  65.37  66.45  498900  66.45
2012-02-24  66.16  66.89  65.91  66.56  403900  66.56
2012-02-23  65.63  66.15  65.15  65.99  468400  65.99
2012-02-22  66.01  66.63  65.69  65.82  639700  65.82
2012-02-21  66.67  66.88  65.89  66.1  519200  66.1
2012-02-17  67.24  67.42  66.37  66.44  469000  66.44
2012-02-16  66.2  67.48  66.06  67.1  745400  67.1
2012-02-15  65.85  67.0  65.7  66.13  683900  66.13
2012-02-14  65.25  66.26  64.84  65.77  840100  65.77
2012-02-13  65.8  66.27  65.02  65.12  1151900  65.12
2012-02-10  64.39  65.27  64.22  64.73  1010700  64.73
2012-02-09  66.58  66.59  64.8  64.87  1110900  64.87
2012-02-08  67.48  67.59  65.71  66.25  1225900  66.25
2012-02-07  67.42  67.82  66.78  67.5  652400  67.5
2012-02-06  67.31  68.09  66.94  67.71  529700  67.71
2012-02-03  67.49  68.35  67.41  67.77  689600  67.77
2012-02-02  66.76  67.47  66.38  66.95  821500  66.95
2012-02-01  66.35  67.0  66.13  66.72  1345800  66.72
2012-01-31  65.8  66.43  65.02  65.87  1303000  65.87
2012-01-30  65.34  65.74  64.93  65.56  1139400  65.56
2012-01-27  66.96  67.31  65.76  66.09  1722500  66.09
2012-01-26  70.41  70.41  65.0  67.3  3503600  67.3
2012-01-25  68.56  70.12  68.56  69.24  1574000  69.24
2012-01-24  68.3  69.24  68.04  68.51  1131400  68.51
2012-01-23  69.1  69.65  68.19  68.58  1274400  68.58
2012-01-20  71.04  71.05  68.36  69.1  1969400  69.1
2012-01-19  70.94  71.92  70.77  71.7  889900  71.7
2012-01-18  70.2  70.77  69.42  70.64  621600  70.64
2012-01-17  70.84  71.47  70.34  70.4  574700  70.4
2012-01-13  71.1  71.1  69.97  70.05  904500  70.05
2012-01-12  69.59  71.95  69.13  71.7  1452100  71.7
2012-01-11  69.2  69.85  69.15  69.46  599200  69.46
2012-01-10  69.89  69.98  68.7  69.51  1159200  69.51
2012-01-09  68.94  69.67  68.67  69.09  962200  69.09
2012-01-06  68.54  69.05  67.85  68.9  676800  68.9
2012-01-05  67.97  68.64  67.54  68.55  1401300  68.55
2012-01-04  68.97  69.11  68.19  68.27  1167500  68.27
2012-01-03  67.95  69.77  67.73  69.3  1210400  69.3
2011-12-30  66.91  67.82  66.65  67.13  863200  67.13
2011-12-29  65.91  66.88  65.54  66.83  427500  66.83
2011-12-28  66.52  66.57  65.49  65.77  492500  65.77
2011-12-27  66.03  66.88  66.01  66.68  344500  66.68
2011-12-23  65.94  66.27  65.66  66.21  327000  66.21
2011-12-22  65.57  66.06  65.25  65.59  614300  65.59
2011-12-21  65.11  65.44  64.63  65.21  674300  65.21
2011-12-20  64.43  65.41  64.18  65.02  706300  65.02
2011-12-19  63.66  63.98  63.04  63.2  729300  63.2
2011-12-16  64.12  64.26  63.03  63.19  1387400  63.19
2011-12-15  63.93  64.01  63.42  63.56  599600  63.56
2011-12-14  63.72  63.86  63.03  63.09  960100  63.09
2011-12-13  65.0  65.29  63.63  64.02  1213700  64.02
2011-12-12  63.9  64.78  63.57  64.75  1239600  64.75
2011-12-09  63.53  64.74  63.31  64.42  716700  64.42
2011-12-08  64.18  64.41  62.94  63.07  1018300  63.07
2011-12-07  64.5  64.89  63.6  64.54  765700  64.54
2011-12-06  64.4  64.76  63.86  64.43  1060300  64.43
2011-12-05  64.17  64.5  63.67  64.18  1067800  64.18
2011-12-02  63.85  64.74  62.47  62.83  1611000  62.83
2011-12-01  61.94  63.68  61.87  63.06  1066800  63.06
2011-11-30  61.17  62.36  61.01  62.23  1430100  62.23
2011-11-29  58.82  59.83  58.62  58.99  978800  58.99
2011-11-28  58.64  59.28  58.12  58.64  1029900  58.64
2011-11-25  56.45  57.5  56.29  56.87  644300  56.87
2011-11-23  57.11  57.25  56.38  56.53  921200  56.53
2011-11-22  57.34  58.28  56.87  57.65  1109200  57.65
2011-11-21  57.17  57.64  56.71  57.29  1038600  57.29
2011-11-18  58.88  58.92  58.0  58.05  643000  58.05
2011-11-17  59.78  59.78  58.27  58.58  1050700  58.58
2011-11-16  59.16  60.77  58.9  59.83  1654700  59.83
2011-11-15  56.76  61.15  56.57  60.6  3035400  60.6
2011-11-14  57.39  57.95  56.8  57.05  637400  57.05
2011-11-11  57.77  58.38  57.74  57.9  412700  57.9
2011-11-10  57.12  57.53  56.41  56.91  772200  56.91
2011-11-09  57.56  57.88  56.15  56.39  1039300  56.39
2011-11-08  58.37  59.11  57.9  59.04  847200  59.04
2011-11-07  58.11  58.27  56.9  58.18  875100  58.18
2011-11-04  56.65  58.72  56.57  57.98  1579000  57.98
2011-11-03  56.97  57.11  56.05  57.11  1441200  57.11
2011-11-02  56.84  56.99  55.99  56.21  1400800  56.21
2011-11-01  56.79  57.17  55.81  55.98  2102900  55.98
2011-10-31  59.58  59.91  58.69  58.72  1572000  58.72
2011-10-28  59.01  62.44  57.87  60.57  2788300  60.57
2011-10-27  59.56  59.91  57.57  59.52  2033800  59.52
2011-10-26  58.21  58.56  56.71  56.84  1855300  56.84
2011-10-25  59.48  59.48  57.43  57.6  1387500  57.6
2011-10-24  57.57  59.72  57.57  59.51  1109000  59.51
2011-10-21  56.65  57.94  56.31  57.68  961000  57.68
2011-10-20  55.94  56.31  55.2  55.88  967800  55.88
2011-10-19  56.2  56.99  55.94  56.0  1244900  56.0
2011-10-18  55.07  56.76  54.43  55.95  1214500  55.95
2011-10-17  56.57  56.57  54.61  54.96  1058900  54.96
2011-10-14  56.76  56.99  56.03  56.55  804400  56.55
2011-10-13  55.81  56.3  55.35  55.96  1358000  55.96
2011-10-12  56.53  56.79  55.92  55.94  1230200  55.94
2011-10-11  56.54  57.41  56.1  56.3  1190500  56.3
2011-10-10  56.01  57.15  55.71  56.96  1411500  56.96
2011-10-07  54.8  56.0  54.19  54.95  2050100  54.95
2011-10-06  53.44  55.09  52.65  54.58  2120700  54.58
2011-10-05  51.92  55.07  51.92  53.38  2302100  53.38
2011-10-04  49.0  51.98  48.72  51.96  1500000  51.96
2011-10-03  51.76  52.17  49.94  50.1  1859800  50.1
2011-09-30  51.74  53.29  51.46  52.16  1565700  52.16
2011-09-29  53.17  53.3  51.1  52.1  1458100  52.1
2011-09-28  54.07  54.2  52.04  52.1  1886300  52.1
2011-09-27  52.33  55.13  52.27  54.27  2379900  54.27
2011-09-26  50.29  51.18  49.68  51.13  1093800  51.13
2011-09-23  49.47  50.46  49.4  49.85  1516700  49.85
2011-09-22  49.73  50.48  49.16  49.63  1868200  49.63
2011-09-21  53.38  53.4  50.95  50.96  1179200  50.96
2011-09-20  52.72  54.0  52.72  53.29  1562500  53.29
2011-09-19  52.89  52.93  51.9  52.44  1614200  52.44
2011-09-16  54.01  54.36  53.52  53.88  1390900  53.88
2011-09-15  53.25  53.92  52.29  53.69  2207200  53.69
2011-09-14  51.61  53.2  50.82  52.52  2124900  52.52
2011-09-13  51.41  51.51  50.74  51.23  1549300  51.23
2011-09-12  50.88  51.3  50.11  51.17  1802900  51.17
2011-09-09  53.31  53.31  51.44  51.56  1404300  51.56
2011-09-08  54.45  54.92  53.57  53.81  1145600  53.81
2011-09-07  54.08  55.04  53.69  54.86  2054600  54.86
2011-09-06  51.87  53.42  51.64  53.25  1454700  53.25
2011-09-02  53.59  54.59  53.19  53.38  1524100  53.38
2011-09-01  56.73  56.73  55.04  55.25  2250700  55.25
2011-08-31  57.22  57.63  56.28  56.96  1191700  56.96
2011-08-30  57.29  57.46  56.04  56.77  1317900  56.77
2011-08-29  55.96  57.14  55.96  57.14  1307300  57.14
2011-08-26  53.93  55.77  52.76  55.61  1861400  55.61
2011-08-25  55.35  55.51  53.61  54.2  1198200  54.2
2011-08-24  54.61  55.21  53.9  55.2  1586800  55.2
2011-08-23  52.68  54.66  52.32  54.62  1223900  54.62
2011-08-22  53.54  53.74  52.28  52.47  796500  52.47
2011-08-19  52.38  53.38  52.06  52.48  1453800  52.48
2011-08-18  55.04  55.05  52.52  53.01  1968500  53.01
2011-08-17  57.38  57.79  55.91  56.4  1468200  56.4
2011-08-16  56.29  57.23  55.9  57.03  1382000  57.03
2011-08-15  55.42  56.87  55.02  56.65  2277500  56.65
2011-08-12  54.6  55.82  54.2  55.44  1169900  55.44
2011-08-11  52.03  54.91  51.92  54.19  2521000  54.19
2011-08-10  54.5  54.96  51.49  51.68  4214600  51.68
2011-08-09  53.04  55.53  52.53  55.42  2146600  55.42
2011-08-08  56.7  57.51  52.55  52.66  2057100  52.66
2011-08-05  57.52  59.38  56.66  57.91  3002700  57.91
2011-08-04  59.53  59.96  56.81  57.0  1985400  57.0
2011-08-03  60.55  60.84  58.73  60.11  1655900  60.11
2011-08-02  59.99  61.23  59.99  60.43  2352900  60.43
2011-08-01  62.61  63.1  59.96  60.38  1808700  60.38
2011-07-29  61.68  63.16  61.0  62.76  1870700  62.76
2011-07-28  63.77  64.21  61.71  62.0  4272600  62.0
2011-07-27  68.25  68.49  67.03  67.12  2093000  67.12
2011-07-26  70.35  70.35  68.51  68.57  599800  68.57
2011-07-25  70.25  70.5  69.97  70.19  465900  70.19
2011-07-22  71.18  71.23  70.54  70.92  484900  70.92
2011-07-21  70.65  71.33  70.51  71.28  745700  71.28
2011-07-20  70.9  70.9  70.04  70.19  492800  70.19
2011-07-19  70.44  70.98  69.91  70.92  719500  70.92
2011-07-18  70.08  70.3  69.16  69.61  389200  69.61
2011-07-15  70.36  70.59  69.9  70.39  473100  70.39
2011-07-14  71.03  71.23  69.94  70.05  734300  70.05
2011-07-13  70.72  71.39  70.53  70.79  670400  70.79
2011-07-12  70.23  71.15  70.22  70.28  857200  70.28
2011-07-11  70.71  71.3  70.29  70.72  1227700  70.72
2011-07-08  70.4  70.91  70.4  70.77  694800  70.77
2011-07-07  71.2  71.58  71.07  71.36  593600  71.36
2011-07-06  70.61  71.0  70.36  70.99  688600  70.99
2011-07-05  70.66  70.89  70.35  70.62  611100  70.62
2011-07-01  70.16  70.98  69.87  70.87  781300  70.87
2011-06-30  69.53  70.4  69.53  70.02  592000  70.02
2011-06-29  69.93  70.19  69.46  69.67  813300  69.67
2011-06-28  68.66  69.63  68.51  69.6  712300  69.6
2011-06-27  67.72  68.98  67.33  68.56  836400  68.56
2011-06-24  68.2  68.2  66.87  67.64  975900  67.64
2011-06-23  67.73  68.41  66.79  68.24  1246500  68.24
2011-06-22  67.92  68.8  67.92  68.42  1046700  68.42
2011-06-21  67.77  68.35  67.43  68.11  812900  68.11
2011-06-20  66.17  67.61  66.04  67.49  794300  67.49
2011-06-17  65.95  66.38  65.61  66.2  1371300  66.2
2011-06-16  66.13  66.3  65.18  65.43  1115600  65.43
2011-06-15  66.45  67.29  65.95  65.95  1241100  65.95
2011-06-14  66.54  67.07  66.48  66.8  829300  66.8
2011-06-13  66.11  66.46  65.53  66.11  1027400  66.11
2011-06-10  66.05  66.1  65.36  65.48  853500  65.48
2011-06-09  65.64  66.69  65.45  66.43  984400  66.43
2011-06-08  65.3  65.8  64.89  65.61  997500  65.61
2011-06-07  65.67  66.0  65.28  65.65  892700  65.65
2011-06-06  65.59  65.89  65.17  65.4  1099900  65.4
2011-06-03  65.55  66.27  65.34  65.95  983900  65.95
2011-06-02  66.42  66.47  65.93  66.28  923300  66.28
2011-06-01  67.35  67.63  66.31  66.31  1377600  66.31
2011-05-31  67.22  67.72  66.94  67.54  1350100  67.54
2011-05-27  67.24  67.34  66.74  67.01  831500  67.01
2011-05-26  66.69  67.33  66.6  67.13  991700  67.13
2011-05-25  66.93  67.27  66.69  66.93  855400  66.93
2011-05-24  67.35  67.37  66.88  66.9  844100  66.9
2011-05-23  68.22  68.22  67.28  67.37  1402400  67.37
2011-05-20  69.19  69.25  68.44  68.92  1474400  68.92
2011-05-19  69.0  69.18  68.33  69.14  714800  69.14
2011-05-18  68.5  68.89  68.13  68.71  1211000  68.71
2011-05-17  68.47  68.52  67.95  68.42  767400  68.42
2011-05-16  69.01  69.09  68.63  68.81  830100  68.81
2011-05-13  69.97  70.29  68.86  69.09  1085500  69.09
2011-05-12  70.12  70.17  69.09  69.91  948700  69.91
2011-05-11  71.23  71.33  69.98  70.18  1181600  70.18
2011-05-10  70.55  71.32  70.18  71.16  1235700  71.16
2011-05-09  70.15  70.83  69.86  70.45  653300  70.45
2011-05-06  70.0  71.06  69.95  70.24  808500  70.24
2011-05-05  69.44  70.0  69.2  69.51  1088700  69.51
2011-05-04  70.35  70.4  69.5  69.66  1005000  69.66
2011-05-03  70.12  70.46  69.84  70.31  702500  70.31
2011-05-02  70.35  70.95  70.11  70.47  993000  70.47
2011-04-29  70.55  70.55  69.73  70.2  1014800  70.2
2011-04-28  70.69  71.85  69.58  70.46  1437100  70.46
2011-04-27  70.34  71.55  70.24  71.43  1221400  71.43
2011-04-26  69.67  70.35  69.54  70.26  990500  70.26
2011-04-25  70.2  70.22  69.14  69.22  1125500  69.22
2011-04-21  70.86  71.18  69.65  70.34  670500  70.34
2011-04-20  70.24  71.19  69.94  70.55  835300  70.55
2011-04-19  69.32  69.74  69.07  69.64  451700  69.64
2011-04-18  69.12  69.43  68.72  69.16  666600  69.16
2011-04-15  69.4  69.99  69.24  69.75  611400  69.75
2011-04-14  68.84  69.32  68.63  69.19  511000  69.19
2011-04-13  69.49  69.52  68.91  69.04  965400  69.04
2011-04-12  68.6  69.47  68.52  69.33  958600  69.33
2011-04-11  68.84  69.09  68.6  68.8  470900  68.8
2011-04-08  69.06  69.07  68.41  68.77  826400  68.77
2011-04-07  68.64  69.27  68.46  68.78  584500  68.78
2011-04-06  69.39  69.64  68.55  68.85  970500  68.85
2011-04-05  68.38  69.14  68.38  69.07  916700  69.07
2011-04-04  68.7  68.94  68.32  68.64  477600  68.64
2011-04-01  68.41  68.89  68.05  68.68  757100  68.68
2011-03-31  67.16  67.88  67.15  67.64  964500  67.64
2011-03-30  67.61  67.76  67.11  67.18  871400  67.18
2011-03-29  66.82  67.41  66.61  67.35  525400  67.35
2011-03-28  66.58  67.21  66.58  66.96  482100  66.96
2011-03-25  66.55  67.05  66.31  66.52  742400  66.52
2011-03-24  66.39  66.59  65.97  66.45  639000  66.45
2011-03-23  66.06  66.37  65.24  66.17  786600  66.17
2011-03-22  66.43  66.5  65.79  66.27  730200  66.27
2011-03-21  65.89  66.71  65.89  66.33  704700  66.33
2011-03-18  65.81  66.25  65.48  65.77  932000  65.77
2011-03-17  65.5  65.8  65.1  65.34  1023400  65.34
2011-03-16  65.19  66.01  64.13  64.6  1098700  64.6
2011-03-15  65.15  66.0  64.82  65.54  1284200  65.54
2011-03-14  66.57  67.31  65.88  66.52  1136900  66.52
2011-03-11  67.36  68.16  66.42  67.32  861100  67.32
2011-03-10  68.02  68.29  67.21  67.55  788600  67.55
2011-03-09  69.5  69.85  67.95  68.45  1966200  68.45
2011-03-08  69.85  70.3  69.35  69.69  1036900  69.69
2011-03-07  70.79  71.13  69.35  69.78  934900  69.78
2011-03-04  71.16  71.32  70.0  70.5  782000  70.5
2011-03-03  69.1  71.61  69.1  71.46  1410400  71.46
2011-03-02  68.84  69.21  68.51  68.72  886400  68.72
2011-03-01  69.74  70.52  68.95  69.08  967500  69.08
2011-02-28  69.02  69.63  68.75  69.28  1078200  69.28
2011-02-25  67.89  69.05  67.89  68.66  631500  68.66
2011-02-24  67.26  68.76  67.01  67.88  862300  67.88
2011-02-23  68.28  68.44  66.96  67.09  953900  67.09
2011-02-22  68.39  69.24  66.49  68.45  1510100  68.45
2011-02-18  70.59  70.72  69.8  70.0  1270700  70.0
2011-02-17  70.62  70.92  70.22  70.57  472500  70.57
2011-02-16  70.85  71.33  70.56  70.91  735800  70.91
2011-02-15  71.27  71.75  70.7  70.75  979600  70.75
2011-02-14  69.3  71.47  69.3  71.36  980500  71.36
2011-02-11  68.81  69.36  68.35  69.11  587500  69.11
2011-02-10  68.22  69.28  68.12  69.08  571900  69.08
2011-02-09  68.16  68.87  68.02  68.46  540500  68.46
2011-02-08  67.69  68.53  67.61  68.36  739200  68.36
2011-02-07  67.54  67.99  67.16  67.81  1383000  67.81
2011-02-04  68.1  68.1  67.39  67.4  869400  67.4
2011-02-03  67.07  68.31  66.8  67.98  943200  67.98
2011-02-02  66.33  67.54  66.33  67.2  1283000  67.2
2011-02-01  67.9  68.06  66.27  66.9  2644800  66.9
2011-01-31  68.68  69.04  67.37  67.57  1365200  67.57
2011-01-28  68.61  70.34  68.31  68.67  1749400  68.67
2011-01-27  68.68  70.55  67.76  68.7  2850500  68.7
2011-01-26  71.57  72.19  71.16  71.96  764300  71.96
2011-01-25  71.11  71.48  70.57  71.31  530000  71.31
2011-01-24  71.35  71.68  70.78  71.35  590000  71.35
2011-01-21  71.06  72.13  70.91  71.41  925600  71.41
2011-01-20  70.56  71.06  69.87  70.6  622800  70.6
2011-01-19  71.78  71.96  70.49  70.84  557000  70.84
2011-01-18  70.35  71.84  70.35  71.73  1081700  71.73
2011-01-14  69.88  70.48  69.68  70.47  670200  70.47
2011-01-13  69.55  70.0  69.49  69.98  727800  69.98
2011-01-12  69.67  69.83  69.08  69.58  630400  69.58
2011-01-11  68.83  69.53  68.78  69.46  633300  69.46
2011-01-10  67.99  68.76  67.42  68.67  658300  68.67
2011-01-07  68.83  69.26  68.04  68.56  817500  68.56
2011-01-06  69.45  69.57  68.83  69.0  580000  69.0
2011-01-05  69.14  69.78  69.0  69.59  663400  69.59
2011-01-04  69.8  69.9  69.11  69.46  1318800  69.46
2011-01-03  69.79  70.35  69.6  69.79  1169500  69.79
2010-12-31  69.85  69.96  69.28  69.28  741200  69.28
2010-12-30  70.26  70.26  69.47  70.03  578800  70.03
2010-12-29  70.58  70.69  69.33  69.59  949200  69.59
2010-12-28  70.66  70.77  70.25  70.56  495600  70.56
2010-12-27  70.66  70.66  70.0  70.64  740000  70.64
2010-12-23  70.64  70.92  70.33  70.69  676100  70.69
2010-12-22  70.34  70.77  70.17  70.6  575000  70.6
2010-12-21  70.77  70.97  70.14  70.16  850500  70.16
2010-12-20  70.5  70.84  70.15  70.45  825200  70.45
2010-12-17  69.52  70.47  69.52  70.37  1621400  70.37
2010-12-16  68.33  69.89  68.07  69.73  1249400  69.73
2010-12-15  67.9  68.45  67.9  68.34  869100  68.34
2010-12-14  67.61  68.98  67.61  68.37  749000  68.37
2010-12-13  67.93  68.45  67.57  67.62  847300  67.62
2010-12-10  67.51  67.9  67.38  67.73  638200  67.73
2010-12-09  68.41  69.61  66.38  67.22  1515200  67.22
2010-12-08  66.62  67.55  66.4  67.37  1216600  67.37
2010-12-07  69.21  69.25  67.55  67.63  1650200  67.63
2010-12-06  69.1  69.39  68.66  68.87  1521000  68.87
2010-12-03  68.35  69.45  68.24  69.23  1173100  69.23
2010-12-02  67.57  68.87  67.48  68.6  894100  68.6
2010-12-01  66.51  67.91  66.36  67.72  993400  67.72
2010-11-30  65.01  66.14  64.83  65.83  1097200  65.83
2010-11-29  65.08  65.92  65.0  65.73  793800  65.73
2010-11-26  65.61  65.87  65.39  65.52  311600  65.52
2010-11-24  64.76  65.88  64.74  65.63  563500  65.63
2010-11-23  64.63  64.65  64.01  64.46  622400  64.46
2010-11-22  64.95  65.57  64.26  65.04  637900  65.04
2010-11-19  64.5  65.01  64.38  65.0  771900  65.0
2010-11-18  63.95  64.68  63.69  64.5  781500  64.5
2010-11-17  63.23  63.61  62.88  63.51  662000  63.51
2010-11-16  63.53  63.83  63.0  63.25  642600  63.25
2010-11-15  63.74  64.6  63.47  64.09  416300  64.09
2010-11-12  64.28  64.32  63.76  64.01  382700  64.01
2010-11-11  64.38  64.78  64.2  64.66  649700  64.66
2010-11-10  64.69  64.83  64.02  64.83  694600  64.83
2010-11-09  64.86  64.9  64.49  64.8  623700  64.8
2010-11-08  64.57  64.8  64.39  64.8  599500  64.8
2010-11-05  64.39  65.0  64.29  65.0  877200  65.0
2010-11-04  63.78  64.64  63.25  64.41  1047500  64.41
2010-11-03  62.46  63.2  62.46  63.2  1275800  63.2
2010-11-02  62.91  62.91  62.23  62.56  1024800  62.56
2010-11-01  63.37  63.37  62.1  62.69  1153300  62.69
2010-10-29  60.78  63.75  60.25  63.22  2642000  63.22
2010-10-28  61.48  61.95  60.59  60.71  1158800  60.71
2010-10-27  60.74  61.33  60.38  61.07  806900  61.07
2010-10-26  61.03  61.83  60.5  61.17  1538500  61.17
2010-10-25  61.3  62.0  61.12  61.15  837500  61.15
2010-10-22  61.42  61.54  60.67  61.03  956900  61.03
2010-10-21  61.45  61.8  60.86  61.39  1098700  61.39
2010-10-20  60.52  62.0  59.52  61.33  1657700  61.33
2010-10-19  61.46  61.77  60.35  61.4  1189900  61.4
2010-10-18  62.12  62.36  61.75  62.25  777400  62.25
2010-10-15  61.93  62.6  61.77  62.12  784000  62.12
2010-10-14  61.95  62.31  61.75  61.91  849000  61.91
2010-10-13  61.88  62.23  61.49  61.98  877600  61.98
2010-10-12  61.18  61.78  60.96  61.68  797500  61.68
2010-10-11  61.72  61.86  61.14  61.46  876800  61.46
2010-10-08  61.93  62.42  61.42  61.58  1226900  61.58
2010-10-07  61.66  61.98  61.37  61.93  1374600  61.93
2010-10-06  61.69  61.99  61.63  61.8  423100  61.8
2010-10-05  61.31  62.0  61.08  61.78  703300  61.78
2010-10-04  60.52  61.01  60.05  60.57  613200  60.57
2010-10-01  60.82  61.14  60.23  60.68  644900  60.68
2010-09-30  60.8  61.38  60.4  60.5  1069100  60.5
2010-09-29  60.4  60.98  60.13  60.59  756500  60.59
2010-09-28  60.4  60.49  59.38  60.38  1024200  60.38
2010-09-27  59.82  60.44  58.83  60.0  2305200  60.0
2010-09-24  60.0  60.81  59.83  60.8  1159700  60.8
2010-09-23  59.53  60.29  59.22  59.6  905600  59.6
2010-09-22  60.24  60.55  59.9  59.92  758300  59.92
2010-09-21  59.77  60.5  59.77  60.3  1353500  60.3
2010-09-20  59.43  59.93  59.21  59.82  732500  59.82
2010-09-17  59.42  59.89  58.93  59.19  1059900  59.19
2010-09-16  59.72  59.77  58.83  59.04  1217900  59.04
2010-09-15  58.44  59.93  58.21  59.93  853100  59.93
2010-09-14  58.51  59.45  58.51  58.86  580000  58.86
2010-09-13  58.67  59.49  58.52  58.9  1649100  58.9
2010-09-10  57.1  58.35  57.06  58.35  890500  58.35
2010-09-09  56.91  57.57  56.83  57.08  831300  57.08
2010-09-08  56.08  57.0  55.96  56.31  1215000  56.31
2010-09-07  55.88  56.24  55.66  56.08  1003800  56.08
2010-09-03  55.95  56.51  55.68  56.18  984500  56.18
2010-09-02  54.66  55.54  54.66  55.45  674300  55.45
2010-09-01  53.91  54.82  53.81  54.63  906700  54.63
2010-08-31  52.84  53.72  52.37  53.24  1021800  53.24
2010-08-30  54.11  54.2  53.28  53.28  723100  53.28
2010-08-27  53.3  54.21  52.58  54.2  983000  54.2
2010-08-26  52.91  53.49  52.85  53.06  1090800  53.06
2010-08-25  51.67  53.15  51.01  52.83  1339100  52.83
2010-08-24  53.24  53.35  51.96  52.08  1245900  52.08
2010-08-23  54.42  55.24  53.82  53.91  792900  53.91
2010-08-20  54.38  54.65  53.47  54.22  748200  54.22
2010-08-19  55.51  55.51  54.3  54.75  749000  54.75
2010-08-18  56.33  56.52  55.76  55.81  954500  55.81
2010-08-17  55.19  56.51  55.02  56.45  1539700  56.45
2010-08-16  54.9  54.98  54.33  54.66  1071400  54.66
2010-08-13  55.2  55.86  55.0  55.33  1184600  55.33
2010-08-12  54.48  55.82  54.32  55.56  1356500  55.56
2010-08-11  55.44  55.93  55.14  55.39  1178800  55.39
2010-08-10  56.0  57.14  55.8  56.59  1726100  56.59
2010-08-09  56.12  56.42  55.9  56.4  803200  56.4
2010-08-06  55.75  56.07  54.8  55.8  800800  55.8
2010-08-05  56.66  56.66  55.91  56.21  830900  56.21
2010-08-04  56.15  57.0  55.72  56.97  1507700  56.97
2010-08-03  55.0  56.07  55.0  55.98  1763700  55.98
2010-08-02  55.89  56.15  54.72  55.09  1479800  55.09
2010-07-30  54.3  55.59  53.7  55.2  716300  55.2
2010-07-29  56.04  57.42  54.14  54.79  2348200  54.79
2010-07-28  55.36  55.65  54.41  54.63  1691600  54.63
2010-07-27  56.37  56.93  55.49  55.53  1215200  55.53
2010-07-26  55.9  56.96  55.77  56.25  963400  56.25
2010-07-23  54.67  55.9  54.57  55.8  958900  55.8
2010-07-22  53.92  55.11  53.91  54.87  1101800  54.87
2010-07-21  54.67  54.67  53.0  53.16  704400  53.16
2010-07-20  53.23  54.54  52.83  54.53  897800  54.53
2010-07-19  53.75  54.12  53.46  53.9  598400  53.9
2010-07-16  54.28  54.38  53.48  53.51  966000  53.51
2010-07-15  54.62  54.67  54.12  54.54  904400  54.54
2010-07-14  54.54  55.11  54.19  54.71  969800  54.71
2010-07-13  53.79  54.84  53.79  54.68  924700  54.68
2010-07-12  53.19  53.58  53.0  53.38  451600  53.38
2010-07-09  53.24  53.76  53.14  53.38  678800  53.38
2010-07-08  53.99  53.99  52.78  53.36  1214900  53.36
2010-07-07  52.34  53.59  51.92  53.54  1049500  53.54
2010-07-06  51.9  52.61  50.83  52.38  1549100  52.38
2010-07-02  51.85  52.24  51.23  51.53  907900  51.53
2010-07-01  52.34  52.34  50.2  51.77  1712000  51.77
2010-06-30  52.24  53.27  51.78  52.28  1228200  52.28
2010-06-29  52.78  53.07  51.44  52.25  1862000  52.25
2010-06-28  53.3  53.59  52.42  53.28  951200  53.28
2010-06-25  52.08  52.99  51.84  52.67  1119300  52.67
2010-06-24  52.61  52.94  51.75  51.94  1115700  51.94
2010-06-23  53.33  53.38  52.04  52.91  1415600  52.91
2010-06-22  54.27  54.96  53.1  53.22  1557900  53.22
2010-06-21  53.64  54.76  53.64  54.13  2035400  54.13
2010-06-18  52.45  53.8  52.45  53.38  1860100  53.38
2010-06-17  52.39  52.79  51.66  52.63  1380200  52.63
2010-06-16  51.34  52.62  51.25  52.49  1212600  52.49
2010-06-15  50.72  51.84  50.72  51.81  1084900  51.81
2010-06-14  50.69  51.25  50.28  50.31  1765900  50.31
2010-06-11  49.85  50.92  49.85  50.47  1233800  50.47
2010-06-10  49.54  50.59  49.43  50.54  1314500  50.54
2010-06-09  48.96  50.08  48.74  48.87  1616200  48.87
2010-06-08  48.95  49.05  48.1  48.68  1906400  48.68
2010-06-07  49.62  49.76  48.73  48.8  1487100  48.8
2010-06-04  50.99  51.09  49.3  49.5  1675700  49.5
2010-06-03  51.26  52.19  51.22  51.85  1203100  51.85
2010-06-02  50.18  51.12  49.27  51.11  1430100  51.11
2010-06-01  49.56  50.88  49.56  49.76  1659800  49.76
2010-05-28  50.45  50.75  49.94  50.09  920300  50.09
2010-05-27  49.59  50.48  49.56  50.47  987200  50.47
2010-05-26  49.41  50.26  48.75  48.81  1780400  48.81
2010-05-25  47.92  49.09  47.25  49.07  2189100  49.07
2010-05-24  48.3  49.59  48.13  48.93  1614700  48.93
2010-05-21  48.18  49.3  47.84  48.52  3573600  48.52
2010-05-20  51.51  51.51  49.35  49.35  2729200  49.35
2010-05-19  52.69  52.72  51.51  52.36  1627800  52.36
2010-05-18  53.7  54.06  52.91  53.01  1307300  53.01
2010-05-17  52.83  53.42  52.33  53.32  981200  53.32
2010-05-14  53.63  53.77  52.28  52.83  1292700  52.83
2010-05-13  54.44  54.55  53.98  54.03  716000  54.03
2010-05-12  53.7  54.5  53.68  54.39  813600  54.39
2010-05-11  53.04  53.78  52.55  53.49  1259100  53.49
2010-05-10  53.11  53.49  52.46  53.2  1748700  53.2
2010-05-07  53.22  53.22  50.05  50.93  3596900  50.93
2010-05-06  55.83  55.87  35.5  52.9  3288000  52.9
2010-05-05  55.66  56.3  55.52  55.87  967800  55.87
2010-05-04  56.91  56.91  56.0  56.24  1222100  56.24
2010-05-03  56.69  57.33  56.06  57.27  1157600  57.27
2010-04-30  56.13  56.75  55.91  56.38  1252000  56.38
2010-04-29  55.65  56.45  55.0  55.95  1483900  55.95
2010-04-28  54.99  56.03  54.88  55.82  1231800  55.82
2010-04-27  54.59  55.21  54.4  54.72  1200600  54.72
2010-04-26  55.6  55.72  54.73  54.96  839900  54.96
2010-04-23  55.05  55.5  54.79  55.44  720100  55.44
2010-04-22  55.17  55.43  54.7  55.33  1063100  55.33
2010-04-21  56.8  56.87  55.47  55.66  1070100  55.66
2010-04-20  56.45  56.93  56.33  56.74  583300  56.74
2010-04-19  56.34  56.6  55.92  56.16  933900  56.16
2010-04-16  57.41  57.7  56.31  56.41  1032900  56.41
2010-04-15  55.28  57.47  55.18  57.46  1499500  57.46
2010-04-14  55.7  55.7  54.98  55.36  1298000  55.36
2010-04-13  55.5  55.63  55.08  55.56  1050000  55.56
2010-04-12  55.46  55.48  55.17  55.26  661800  55.26
2010-04-09  54.99  55.66  54.83  55.37  1053800  55.37
2010-04-08  55.28  55.37  54.67  54.87  662500  54.87
2010-04-07  55.6  55.61  54.91  55.28  616800  55.28
2010-04-06  55.83  55.91  55.45  55.81  603400  55.81
2010-04-05  56.55  56.77  55.78  56.0  1309400  56.0
2010-04-01  55.47  56.38  55.45  56.38  1014800  56.38
2010-03-31  55.6  55.63  55.15  55.33  797700  55.33
2010-03-30  56.26  56.26  55.48  55.66  1022500  55.66
2010-03-29  55.65  56.25  55.55  56.15  659900  56.15
2010-03-26  56.04  56.04  55.17  55.65  1224700  55.65
2010-03-25  54.9  56.32  54.9  55.81  1861900  55.81
2010-03-24  54.77  54.88  54.49  54.75  839100  54.75
2010-03-23  54.08  54.89  53.99  54.8  1237100  54.8
2010-03-22  53.08  54.39  53.08  53.93  861000  53.93
2010-03-19  53.94  54.0  53.12  53.3  714300  53.3
2010-03-18  53.34  53.86  53.25  53.8  589300  53.8
2010-03-17  52.98  53.37  52.74  53.32  600900  53.32
2010-03-16  53.22  53.31  52.7  52.79  876900  52.79
2010-03-15  52.84  53.32  52.75  53.25  451600  53.25
2010-03-12  52.96  52.96  52.46  52.84  958500  52.84
2010-03-11  53.32  53.32  52.53  52.79  859000  52.79
2010-03-10  52.9  53.55  52.83  53.35  913800  53.35
2010-03-09  52.36  53.27  52.33  52.97  1329000  52.97
2010-03-08  52.53  52.6  52.3  52.47  889300  52.47
2010-03-05  50.7  52.38  50.64  52.38  1541900  52.38
2010-03-04  50.51  50.68  50.28  50.48  1035100  50.48
2010-03-03  50.63  50.79  50.32  50.38  958100  50.38
2010-03-02  50.26  50.85  50.26  50.61  799400  50.61
2010-03-01  49.06  50.47  49.0  50.28  1072700  50.28
2010-02-26  48.76  49.47  48.71  48.97  1609100  48.97
2010-02-25  48.46  48.8  48.2  48.63  1167400  48.63
2010-02-24  48.6  48.94  48.41  48.84  690000  48.84
2010-02-23  48.6  48.96  48.3  48.34  1011200  48.34
2010-02-22  48.54  49.0  48.36  48.73  952000  48.73
2010-02-19  48.58  48.69  48.1  48.36  1001600  48.36
2010-02-18  48.69  49.0  48.5  48.68  731700  48.68
2010-02-17  48.03  48.74  48.02  48.67  574000  48.67
2010-02-16  47.6  48.12  47.55  48.01  1030800  48.01
2010-02-12  47.52  47.77  47.01  47.58  552400  47.58
2010-02-11  47.28  47.86  47.0  47.65  616400  47.65
2010-02-10  47.8  47.83  47.05  47.33  715300  47.33
2010-02-09  47.78  48.43  47.55  47.88  969900  47.88
2010-02-08  47.77  47.89  47.12  47.5  1288700  47.5
2010-02-05  48.3  48.31  46.96  47.77  1713500  47.77
2010-02-04  49.4  49.44  48.33  48.41  1286400  48.41
2010-02-03  50.5  50.55  49.8  49.88  859300  49.88
2010-02-02  50.28  50.7  49.56  50.6  901500  50.6
2010-02-01  50.86  50.86  49.44  50.12  1403400  50.12
2010-01-29  49.79  50.74  49.57  50.29  1596500  50.29
2010-01-28  50.44  50.44  49.11  49.77  1560800  49.77
2010-01-27  49.81  49.81  48.45  48.97  1708700  48.97
2010-01-26  48.54  50.05  48.28  49.78  1725000  49.78
2010-01-25  48.77  48.83  48.12  48.51  1881000  48.51
2010-01-22  47.95  49.48  47.78  48.5  2023200  48.5
2010-01-21  48.99  49.2  47.93  47.99  1180200  47.99
2010-01-20  49.35  49.89  48.75  48.86  855000  48.86
2010-01-19  48.42  49.38  48.25  49.31  753200  49.31
2010-01-15  49.03  49.03  48.0  48.35  785000  48.35
2010-01-14  49.01  49.49  48.7  48.99  781300  48.99
2010-01-13  48.21  49.01  48.11  48.96  926800  48.96
2010-01-12  47.52  48.15  47.49  48.1  1159800  48.1
2010-01-11  47.54  48.25  47.52  47.64  1192500  47.64
2010-01-08  47.33  47.47  47.0  47.39  675400  47.39
2010-01-07  48.07  48.07  47.11  47.34  975800  47.34
2010-01-06  47.95  48.49  47.75  48.13  810100  48.13
2010-01-05  47.67  47.85  47.41  47.84  846100  47.84
2010-01-04  47.19  47.43  47.0  47.17  780600  47.17
