Date  Open  High  Low  Close  Volume  Adj Close
2014-02-28  89.26  91.86  89.26  90.59  3752300  90.59
2014-02-27  89.19  89.87  88.9  89.28  1967700  89.28
2014-02-26  89.61  90.49  88.99  89.15  2506600  89.15
2014-02-25  91.64  91.66  89.53  89.68  2636900  89.68
2014-02-24  88.02  91.96  88.02  90.93  3622300  90.93
2014-02-21  87.47  89.49  87.41  88.55  2944500  88.55
2014-02-20  87.77  88.21  86.99  87.71  2402800  87.71
2014-02-19  87.34  88.61  87.0  87.5  3061900  87.5
2014-02-18  87.89  89.2  87.48  87.52  3209600  87.52
2014-02-14  85.07  88.01  85.07  87.8  2434300  87.8
2014-02-13  84.03  85.67  84.03  85.31  2246200  85.31
2014-02-12  85.66  86.32  84.02  84.25  3218200  84.25
2014-02-11  84.12  86.15  84.02  85.68  2840300  85.68
2014-02-10  84.8  85.41  83.99  84.6  2913200  84.6
2014-02-07  85.95  85.95  84.25  84.68  3138000  84.68
2014-02-06  85.67  86.67  84.65  86.58  2062600  86.58
2014-02-05  85.21  86.69  84.58  85.65  2203500  85.65
2014-02-04  85.75  86.07  84.72  85.35  2026300  85.35
2014-02-03  86.0  86.28  85.3  85.62  2612200  85.62
2014-01-31  86.74  87.44  85.93  86.0  3311000  86.0
2014-01-30  87.06  89.04  86.14  87.76  3954700  87.76
2014-01-29  82.21  87.75  81.84  85.37  6443100  85.37
2014-01-28  84.9  85.49  84.26  84.3  4924700  84.3
2014-01-27  83.95  85.5  83.85  84.89  3625800  84.89
2014-01-24  85.33  85.36  83.89  84.25  2296900  84.25
2014-01-23  86.39  86.72  85.27  85.79  2490800  85.79
2014-01-22  86.91  87.42  86.0  86.11  1687900  86.11
2014-01-21  85.82  87.26  85.54  86.92  2230000  86.92
2014-01-17  85.58  86.41  85.0  85.49  3116000  85.49
2014-01-16  88.13  88.13  85.4  85.56  4882600  85.56
2014-01-15  91.71  91.9  87.85  88.15  5087000  88.15
2014-01-14  90.93  91.87  90.36  91.35  2048400  91.35
2014-01-13  91.74  92.38  90.7  90.84  1706200  90.84
2014-01-10  92.74  92.95  90.86  91.99  1580700  91.99
2014-01-09  90.69  93.09  90.69  93.0  2073300  93.0
2014-01-08  90.84  92.22  90.67  92.22  1875000  92.22
2014-01-07  89.67  91.49  89.42  91.08  1832000  91.08
2014-01-06  91.02  91.05  89.25  89.28  2204100  89.28
2014-01-03  90.46  91.06  90.31  90.63  1070000  90.63
2014-01-02  92.0  92.01  90.62  90.63  1432000  90.63
2013-12-31  91.65  92.54  91.58  92.39  916100  92.39
2013-12-30  92.17  92.45  91.22  91.52  973700  91.52
2013-12-27  92.15  92.83  92.06  92.17  820700  92.17
2013-12-26  91.8  92.49  91.5  92.15  941800  92.15
2013-12-24  91.02  91.81  91.02  91.39  808300  91.39
2013-12-23  90.06  91.25  90.02  91.15  1513100  91.15
2013-12-20  88.68  90.0  88.53  89.59  2407300  89.59
2013-12-19  88.75  88.9  88.06  88.75  1287800  88.75
2013-12-18  87.43  89.05  87.05  89.02  2738300  89.02
2013-12-17  87.79  87.86  86.88  86.89  2388700  86.89
2013-12-16  87.71  88.37  86.92  87.69  3496500  87.69
2013-12-13  88.85  89.72  87.5  87.75  2220600  87.75
2013-12-12  89.21  89.82  88.35  88.69  1916000  88.69
2013-12-11  91.0  91.25  89.05  89.27  1364300  89.27
2013-12-10  91.0  91.86  90.89  91.06  1515300  91.06
2013-12-09  91.07  91.91  90.83  90.98  1597100  90.98
2013-12-06  90.61  90.99  89.44  90.69  2130200  90.69
2013-12-05  91.18  91.73  89.68  89.78  2032500  89.78
2013-12-04  91.59  92.41  90.13  91.21  2865800  91.21
2013-12-03  91.78  92.91  91.17  92.18  3490400  92.18
2013-12-02  92.52  93.98  92.51  93.54  2143500  93.54
2013-11-29  93.45  93.58  92.35  92.5  1405000  92.5
2013-11-27  93.71  93.95  93.1  93.24  1304900  93.24
2013-11-26  93.23  93.94  92.93  93.28  2642900  93.28
2013-11-25  92.62  93.84  92.6  93.23  1671300  93.23
2013-11-22  91.4  92.73  90.77  92.65  2735400  92.65
2013-11-21  92.32  93.1  91.47  91.7  2407900  91.7
2013-11-20  91.62  93.34  91.53  92.38  2451000  92.38
2013-11-19  90.19  92.49  90.13  91.62  3972400  91.62
2013-11-18  89.77  90.59  89.66  90.03  1958200  90.03
2013-11-15  88.61  89.86  88.07  89.73  2688500  89.73
2013-11-14  87.86  89.16  87.29  89.12  2901000  89.12
2013-11-13  86.9  87.77  86.7  87.66  2699400  87.66
2013-11-12  87.47  87.67  86.69  87.14  2014200  87.14
2013-11-11  86.88  87.98  86.65  87.58  1492100  87.58
2013-11-08  86.3  87.29  85.72  86.92  2939000  86.92
2013-11-07  87.61  88.14  86.08  86.11  2228600  86.11
2013-11-06  87.14  88.01  86.39  87.34  2629200  87.34
2013-11-05  86.33  87.35  85.84  87.05  2391900  87.05
2013-11-04  85.41  86.66  85.39  86.45  1759800  86.45
2013-11-01  84.8  85.35  84.11  85.01  1872700  85.01
2013-10-31  84.45  85.12  83.71  84.45  3230700  84.45
2013-10-30  84.59  85.02  83.98  84.19  1991900  84.19
2013-10-29  84.12  84.29  82.88  84.19  3090500  84.19
2013-10-28  83.97  85.17  83.63  84.2  2556500  84.2
2013-10-25  83.28  83.98  82.84  83.76  2709300  83.76
2013-10-24  85.33  86.29  82.79  83.26  3476300  83.26
2013-10-23  88.1  88.74  84.46  85.13  3897600  85.13
2013-10-22  87.38  88.53  87.23  88.07  2029700  88.07
2013-10-21  86.09  87.45  85.65  87.24  2542100  87.24
2013-10-18  88.45  88.45  85.29  86.03  3396900  86.03
2013-10-17  87.38  88.42  86.55  88.23  1961900  88.23
2013-10-16  88.02  89.5  87.68  89.29  1443000  89.29
2013-10-15  87.56  89.07  87.22  87.61  1202000  87.61
2013-10-14  87.98  88.46  87.45  88.31  1053500  88.31
2013-10-11  87.82  88.59  87.69  88.28  1573400  88.28
2013-10-10  86.12  88.12  85.94  88.07  1670200  88.07
2013-10-09  85.01  85.65  84.86  85.21  1149900  85.21
2013-10-08  85.87  86.28  84.99  85.02  1202500  85.02
2013-10-07  86.08  86.74  85.86  85.93  1864300  85.93
2013-10-04  86.09  87.5  85.71  86.85  2202700  86.85
2013-10-03  85.99  86.75  85.48  86.13  1746800  86.13
2013-10-02  85.29  86.29  84.67  86.25  1988600  86.25
2013-10-01  83.46  85.76  83.18  85.76  2148000  85.76
2013-09-30  82.82  83.9  82.53  83.27  1915000  83.27
2013-09-27  83.4  83.78  83.07  83.61  1389000  83.61
2013-09-26  83.3  84.42  83.23  83.77  1598000  83.77
2013-09-25  84.0  84.05  82.86  83.29  2384700  83.29
2013-09-24  82.88  84.66  82.86  83.94  2660300  83.94
2013-09-23  81.72  83.01  81.13  82.81  3011400  82.81
2013-09-20  82.44  83.31  81.96  81.99  2869700  81.99
2013-09-19  84.1  84.66  82.1  82.19  3622600  82.19
2013-09-18  87.32  87.56  83.62  84.04  5917400  84.04
2013-09-17  88.79  88.81  87.15  87.91  1536400  87.91
2013-09-16  89.46  89.57  88.58  88.74  1728800  88.74
2013-09-13  88.77  89.12  88.34  88.73  1957100  88.73
2013-09-12  88.73  89.11  88.0  88.1  1594300  88.1
2013-09-11  87.44  89.07  87.43  88.89  2026000  88.89
2013-09-10  86.94  87.44  86.15  87.44  1879100  87.44
2013-09-09  86.91  87.26  86.18  86.35  1246700  86.35
2013-09-06  87.5  87.56  85.85  86.93  1373700  86.93
2013-09-05  86.54  87.35  86.42  87.14  1328900  87.14
2013-09-04  85.52  86.74  85.04  86.65  1435500  86.65
2013-09-03  84.91  85.82  84.81  85.56  1556200  85.56
2013-08-30  84.59  85.06  84.27  84.43  1998900  84.43
2013-08-29  84.05  85.44  83.95  84.75  1677400  84.75
2013-08-28  84.4  84.87  83.45  84.12  1289300  84.12
2013-08-27  85.19  85.33  84.29  84.36  1267200  84.36
2013-08-26  86.14  86.28  85.28  85.85  1015700  85.85
2013-08-23  85.68  86.03  85.38  85.86  1179600  85.86
2013-08-22  85.08  85.83  84.81  85.48  977700  85.48
2013-08-21  85.12  85.65  84.74  85.04  857800  85.04
2013-08-20  85.01  85.69  84.86  85.3  1289700  85.3
2013-08-19  85.41  85.76  84.99  85.1  1166700  85.1
2013-08-16  84.44  86.04  84.42  85.33  1779900  85.33
2013-08-15  85.36  85.94  84.53  84.71  1582000  84.71
2013-08-14  86.27  86.42  85.51  85.91  1324100  85.91
2013-08-13  86.71  86.82  85.53  86.26  1826500  86.26
2013-08-12  86.01  86.57  85.62  86.24  1660400  86.24
2013-08-09  86.85  87.4  86.04  86.66  1180300  86.66
2013-08-08  86.63  87.75  86.44  87.01  1788700  87.01
2013-08-07  86.6  87.43  86.27  86.41  1889400  86.41
2013-08-06  86.93  87.13  85.89  86.72  3105700  86.72
2013-08-05  85.34  87.98  85.01  86.93  3944500  86.93
2013-08-02  85.61  85.65  84.87  85.36  1153000  85.36
2013-08-01  85.31  85.89  85.26  85.65  1190300  85.65
2013-07-31  84.59  85.78  84.46  84.85  2297800  84.85
2013-07-30  85.33  85.8  83.73  84.25  1924200  84.25
2013-07-29  84.09  85.35  84.09  84.83  1661700  84.83
2013-07-26  84.78  85.0  83.52  84.08  1994800  84.08
2013-07-25  85.77  86.15  84.6  85.18  2333200  85.18
2013-07-24  87.24  89.25  86.59  86.71  3355700  86.71
2013-07-23  86.32  86.86  85.89  86.78  1922200  86.78
2013-07-22  86.07  86.79  85.82  86.27  2073900  86.27
2013-07-19  85.68  86.27  84.99  86.08  1714000  86.08
2013-07-18  84.47  86.35  84.47  85.71  3142000  85.71
2013-07-17  84.82  85.25  83.6  83.73  2503400  83.73
2013-07-16  85.09  85.09  84.2  84.64  2164600  84.64
2013-07-15  84.41  85.17  84.19  84.97  1835600  84.97
2013-07-12  84.89  84.95  84.18  84.69  1539000  84.69
2013-07-11  84.74  84.89  84.05  84.7  1711300  84.7
2013-07-10  83.57  84.35  83.41  84.04  1836200  84.04
2013-07-09  82.6  84.0  82.34  83.39  2069400  83.39
2013-07-08  81.67  82.47  81.28  82.4  2042700  82.4
2013-07-05  80.9  81.32  80.31  81.28  1064900  81.28
2013-07-03  80.55  80.77  80.07  80.41  2289000  80.41
2013-07-02  80.85  81.55  80.52  80.7  2214500  80.7
2013-07-01  81.32  81.56  80.92  80.97  2070800  80.97
2013-06-28  80.87  81.65  80.43  81.16  2247200  81.16
2013-06-27  79.79  81.17  79.73  81.02  1817400  81.02
2013-06-26  79.8  80.32  78.76  79.54  1551700  79.54
2013-06-25  79.8  80.0  78.67  79.22  1950100  79.22
2013-06-24  77.81  80.32  77.81  79.31  5193000  79.31
2013-06-21  77.47  78.93  77.21  78.74  3232500  78.74
2013-06-20  77.16  78.6  76.75  76.83  2717100  76.83
2013-06-19  78.85  79.33  77.84  77.86  1904000  77.86
2013-06-18  78.11  79.13  78.06  78.98  1609900  78.98
2013-06-17  78.05  78.59  77.5  78.11  1561300  78.11
2013-06-14  78.17  78.81  77.16  77.51  1353000  77.51
2013-06-13  77.19  78.37  76.48  78.27  1157200  78.27
2013-06-12  78.06  78.2  77.15  77.42  1449000  77.42
2013-06-11  77.72  78.29  76.66  77.73  1814500  77.73
2013-06-10  76.79  79.12  76.79  78.9  2806300  78.9
2013-06-07  76.25  77.22  75.95  76.74  1439500  76.74
2013-06-06  74.8  75.8  74.39  75.8  1230400  75.8
2013-06-05  76.37  76.41  74.23  74.68  1718500  74.68
2013-06-04  76.2  76.72  75.66  76.41  1822800  76.41
2013-06-03  76.05  76.66  75.11  76.47  2199300  76.47
2013-05-31  78.0  78.42  75.91  75.95  1744800  75.95
2013-05-30  76.98  78.55  76.74  78.33  1484600  78.33
2013-05-29  77.1  77.46  76.69  76.97  1404300  76.97
2013-05-28  76.8  78.1  76.67  77.68  1493400  77.68
2013-05-24  76.32  76.49  75.17  75.96  1547300  75.96
2013-05-23  76.19  77.07  76.03  76.95  1305700  76.95
2013-05-22  76.99  78.53  76.65  76.78  1735800  76.78
2013-05-21  76.5  77.61  76.21  77.06  1531100  77.06
2013-05-20  76.76  77.29  76.29  76.46  1584700  76.46
2013-05-17  75.8  76.86  75.8  76.78  1483600  76.78
2013-05-16  76.39  76.77  75.77  75.82  1578000  75.82
2013-05-15  76.95  77.07  76.38  76.8  1768500  76.8
2013-05-14  75.5  76.98  75.5  76.97  3708700  76.97
2013-05-13  74.53  75.02  74.16  75.0  1470100  75.0
2013-05-10  74.39  74.97  74.24  74.88  1332700  74.88
2013-05-09  73.68  74.49  73.52  74.39  1527000  74.39
2013-05-08  73.3  74.35  73.19  74.05  1740600  74.05
2013-05-07  72.66  74.05  72.5  73.72  2329800  73.72
2013-05-06  72.85  73.28  72.4  72.54  1070800  72.54
2013-05-03  72.85  73.33  72.67  72.84  1741800  72.84
2013-05-02  71.66  72.66  71.57  72.45  2354500  72.45
2013-05-01  71.54  72.55  71.09  71.31  1641000  71.31
2013-04-30  72.25  72.25  70.7  71.95  2649200  71.95
2013-04-29  72.29  73.0  71.78  71.93  1715800  71.93
2013-04-26  72.45  73.22  71.42  71.9  1807300  71.9
2013-04-25  72.67  73.28  72.21  72.77  3121400  72.77
2013-04-24  71.05  73.45  70.45  72.36  4394100  72.36
2013-04-23  67.69  68.72  67.41  68.41  1729900  68.41
2013-04-22  67.8  67.86  67.08  67.35  867200  67.35
2013-04-19  66.58  67.86  66.5  67.8  1500300  67.8
2013-04-18  67.3  67.5  65.8  66.29  2505100  66.29
2013-04-17  68.74  69.42  67.74  68.11  2173100  68.11
2013-04-16  67.9  69.59  67.78  69.23  2444600  69.23
2013-04-15  68.53  68.77  67.35  67.37  1351800  67.37
2013-04-12  69.02  69.5  68.41  68.86  1343900  68.86
2013-04-11  68.56  69.21  68.34  69.13  1998800  69.13
2013-04-10  67.95  68.95  67.69  68.54  1608400  68.54
2013-04-09  66.99  68.01  66.85  67.57  1722200  67.57
2013-04-08  67.11  67.22  66.15  66.82  1537500  66.82
2013-04-05  67.3  67.48  66.62  67.09  2392600  67.09
2013-04-04  67.24  68.33  67.04  67.58  1915000  67.58
2013-04-03  67.45  68.42  67.22  67.25  2112200  67.25
2013-04-02  68.33  69.64  67.33  67.55  4167500  67.55
2013-04-01  65.42  66.81  64.95  66.55  2971500  66.55
2013-03-28  64.84  65.45  64.53  65.35  2120600  65.35
2013-03-27  63.77  64.74  63.57  64.74  1972600  64.74
2013-03-26  63.52  64.31  63.5  63.9  1213800  63.9
2013-03-25  63.27  63.54  62.95  63.26  1213200  63.26
2013-03-22  63.01  63.19  62.47  63.18  1114900  63.18
2013-03-21  62.81  63.38  62.58  62.79  1819700  62.79
2013-03-20  63.78  64.02  63.06  63.17  1567100  63.17
2013-03-19  63.83  64.04  63.29  63.46  1688100  63.46
2013-03-18  63.68  63.98  63.33  63.69  1523100  63.69
2013-03-15  63.98  64.57  63.75  64.12  2702000  64.12
2013-03-14  64.13  64.42  63.65  64.32  1364600  64.32
2013-03-13  63.29  64.29  63.13  63.98  1749400  63.98
2013-03-12  62.63  63.36  62.51  63.29  1462600  63.29
2013-03-11  62.21  62.84  61.77  62.65  1110100  62.65
2013-03-08  62.04  62.61  61.64  62.19  1367300  62.19
2013-03-07  61.77  62.18  61.74  61.87  1352000  61.87
2013-03-06  61.2  61.74  60.94  61.69  1757500  61.69
2013-03-05  60.78  61.35  60.46  61.07  2047200  61.07
2013-03-04  60.54  60.82  60.34  60.63  1804200  60.63
2013-03-01  60.79  61.27  60.38  60.69  3015700  60.69
2013-02-28  61.23  61.56  60.6  60.99  3173600  60.99
2013-02-27  60.57  61.38  60.34  61.26  1972500  61.26
2013-02-26  60.43  60.79  60.02  60.64  2558300  60.64
2013-02-25  60.98  61.63  60.28  60.28  2361600  60.28
2013-02-22  61.6  61.99  60.49  60.73  1973700  60.73
2013-02-21  61.4  61.95  60.91  61.51  2014200  61.51
2013-02-20  61.6  61.79  61.14  61.38  2462500  61.38
2013-02-19  59.55  61.59  59.25  61.56  3448500  61.56
2013-02-15  61.97  62.59  61.37  61.5  2930700  61.5
2013-02-14  61.85  62.79  61.42  62.07  2622200  62.07
2013-02-13  62.91  63.59  61.64  61.79  5755600  61.79
2013-02-12  64.73  64.98  64.17  64.74  1114900  64.74
2013-02-11  64.79  64.92  64.14  64.74  894200  64.74
2013-02-08  64.72  65.34  64.13  65.01  1530500  65.01
2013-02-07  64.3  64.55  63.7  64.44  1387700  64.44
2013-02-06  64.18  64.76  64.03  64.15  1869600  64.15
2013-02-05  64.03  64.93  64.03  64.58  1784200  64.58
2013-02-04  63.76  64.73  63.45  63.58  1482900  63.58
2013-02-01  63.8  64.12  63.3  64.07  1646500  64.07
2013-01-31  63.97  64.03  63.47  63.58  1716300  63.58
2013-01-30  64.87  65.02  64.11  64.13  1949800  64.13
2013-01-29  64.93  65.13  64.45  64.68  3170700  64.68
2013-01-28  65.0  65.04  64.18  64.79  2373300  64.79
2013-01-25  64.52  65.0  63.83  64.9  2478900  64.9
2013-01-24  63.37  64.64  62.87  64.43  2701200  64.43
2013-01-23  63.27  63.76  61.46  63.59  4355100  63.59
2013-01-22  61.56  62.72  61.44  62.58  2186700  62.58
2013-01-18  61.11  61.55  60.83  61.55  1757800  61.55
2013-01-17  60.94  61.42  60.73  61.22  2007800  61.22
2013-01-16  61.58  61.64  60.41  60.66  2327900  60.66
2013-01-15  61.22  61.8  60.59  61.8  1852900  61.8
2013-01-14  60.28  61.49  59.9  61.24  1756400  61.24
2013-01-11  61.35  61.35  60.33  60.56  1985100  60.56
2013-01-10  61.15  61.17  60.18  61.04  3315300  61.04
2013-01-09  59.02  60.92  58.84  60.86  3383900  60.86
2013-01-08  58.57  59.45  58.31  58.92  2923200  58.92
2013-01-07  57.91  58.69  57.7  58.59  1850800  58.59
2013-01-04  58.06  58.54  57.85  58.15  2862500  58.15
2013-01-03  59.08  59.08  57.62  57.8  3352000  57.8
2013-01-02  59.91  60.7  59.28  59.75  2309600  59.75
2012-12-31  58.61  59.8  58.34  59.75  1800400  59.75
2012-12-28  58.99  59.64  58.73  58.74  1169400  58.74
2012-12-27  59.89  60.05  58.79  59.32  1819300  59.32
2012-12-26  59.9  60.35  59.72  59.98  1306000  59.98
2012-12-24  60.2  60.2  59.52  59.9  788200  59.9
2012-12-21  60.16  60.46  59.51  60.13  4666800  60.13
2012-12-20  59.06  60.34  58.95  60.33  2422700  60.33
2012-12-19  59.46  59.5  58.76  58.82  1867900  58.82
2012-12-18  58.82  59.44  58.46  59.41  2123100  59.41
2012-12-17  57.39  58.9  57.39  58.88  2296300  58.88
2012-12-14  57.43  57.83  56.92  57.37  2065700  57.37
2012-12-13  58.08  58.47  57.55  57.89  2511500  57.89
2012-12-12  57.8  58.8  57.8  58.1  2980900  58.1
2012-12-11  56.18  57.9  56.18  57.76  2558800  57.76
2012-12-10  56.46  57.24  56.27  57.09  1693800  57.09
2012-12-07  55.58  56.67  55.58  56.67  2418000  56.67
2012-12-06  55.04  55.55  54.8  55.53  1850400  55.53
2012-12-05  54.54  55.36  54.26  55.02  1572200  55.02
2012-12-04  54.65  55.15  54.31  54.33  2196700  54.33
2012-12-03  54.66  54.92  54.12  54.72  3027100  54.72
2012-11-30  54.41  54.74  53.92  54.54  4478400  54.54
2012-11-29  53.63  54.46  53.49  54.29  4185100  54.29
2012-11-28  53.4  53.79  53.18  53.44  4678900  53.44
2012-11-27  53.87  54.34  53.53  53.64  3857100  53.64
2012-11-26  54.33  54.33  53.46  54.03  2878700  54.03
2012-11-23  54.37  54.87  54.2  54.7  806200  54.7
2012-11-21  54.36  54.57  53.87  54.22  1966300  54.22
2012-11-20  54.54  54.63  54.04  54.27  1517300  54.27
2012-11-19  54.36  54.66  53.93  54.58  2062500  54.58
2012-11-16  53.56  54.37  52.39  53.81  3797500  53.81
2012-11-15  53.09  53.86  52.93  53.31  2993400  53.31
2012-11-14  54.16  54.5  52.83  53.01  3181300  53.01
2012-11-13  54.28  55.58  54.14  54.15  2926400  54.15
2012-11-12  55.0  55.39  54.4  54.5  1674700  54.5
2012-11-09  54.64  55.51  54.5  54.8  4059200  54.8
2012-11-08  56.45  56.62  54.46  54.65  4579100  54.65
2012-11-07  56.71  57.57  56.3  56.45  7688600  56.45
2012-11-06  58.99  59.75  58.5  59.72  3058200  59.72
2012-11-05  59.59  59.74  58.82  59.37  1364400  59.37
2012-11-02  60.51  60.65  59.65  59.66  1437800  59.66
2012-11-01  59.8  60.54  59.49  60.23  2330000  60.23
2012-10-31  59.8  60.21  59.32  59.81  2253000  59.81
2012-10-26  60.5  60.8  59.54  59.8  1917800  59.8
2012-10-25  60.62  61.18  60.53  60.72  2071200  60.72
2012-10-24  60.82  61.06  60.0  60.09  1963200  60.09
2012-10-23  60.76  60.95  59.81  60.37  2100600  60.37
2012-10-22  60.1  61.57  59.54  61.5  1505000  61.5
2012-10-19  61.11  61.28  60.03  60.32  1881400  60.32
2012-10-18  60.13  62.08  60.12  61.4  3245300  61.4
2012-10-17  60.66  60.84  59.73  60.24  2104900  60.24
2012-10-16  60.02  61.14  59.7  60.52  2769200  60.52
2012-10-15  60.4  60.99  60.11  60.87  2283800  60.87
2012-10-12  61.34  61.89  60.19  60.33  3068000  60.33
2012-10-11  60.43  61.57  60.3  61.27  3139500  61.27
2012-10-10  60.44  60.89  59.91  60.05  2434400  60.05
2012-10-09  60.09  60.85  60.04  60.52  3150400  60.52
2012-10-08  59.82  60.63  59.57  60.25  1855700  60.25
2012-10-05  60.56  60.74  59.42  59.74  3713000  59.74
2012-10-04  59.3  60.91  59.08  60.65  7739400  60.65
2012-10-03  59.36  59.41  58.6  58.65  21435000  58.65
2012-10-02  56.77  58.99  56.6  58.99  4929900  58.99
2012-10-01  56.57  56.86  56.42  56.57  1989100  56.57
2012-09-28  56.44  56.74  56.1  56.6  2054800  56.6
2012-09-27  56.44  56.87  56.2  56.66  1781200  56.66
2012-09-26  57.08  57.12  55.67  56.24  2835000  56.24
2012-09-25  57.25  57.5  56.94  57.06  2565700  57.06
2012-09-24  57.43  57.81  56.88  57.07  2488000  57.07
2012-09-21  57.76  57.87  57.22  57.82  2303400  57.82
2012-09-20  57.43  57.6  56.74  57.53  2143700  57.53
2012-09-19  57.63  57.86  57.14  57.6  2098100  57.6
2012-09-18  57.38  57.86  57.28  57.48  2774500  57.48
2012-09-17  56.92  57.38  56.52  57.38  2208600  57.38
2012-09-14  57.12  57.31  56.49  56.93  4444400  56.93
2012-09-13  56.69  56.86  55.66  56.78  4540000  56.78
2012-09-12  57.31  57.57  56.75  56.8  2454100  56.8
2012-09-11  58.12  58.2  57.01  57.23  4192100  57.23
2012-09-10  58.68  59.42  57.5  58.01  5766500  58.01
2012-09-07  58.34  58.94  58.24  58.83  1447600  58.83
2012-09-06  57.9  58.27  57.62  58.27  2343300  58.27
2012-09-05  57.68  57.97  57.39  57.43  1770900  57.43
2012-09-04  58.0  58.45  57.49  57.67  1631300  57.67
2012-08-31  58.91  59.05  58.05  58.13  1929900  58.13
2012-08-30  59.62  59.83  58.69  58.71  3308300  58.71
2012-08-29  58.8  60.66  58.55  60.01  12619700  60.01
2012-08-28  56.38  56.39  55.68  55.73  2131300  55.73
2012-08-27  55.97  56.76  55.61  56.47  1692100  56.47
2012-08-24  56.03  56.27  55.61  55.99  1603600  55.99
2012-08-23  56.81  56.95  55.74  56.06  2093600  56.06
2012-08-22  55.59  56.87  55.35  56.87  2789400  56.87
2012-08-21  55.69  56.17  55.53  55.61  2170100  55.61
2012-08-20  55.77  56.29  54.88  55.72  2692300  55.72
2012-08-17  55.61  55.92  55.24  55.6  2141000  55.6
2012-08-16  56.21  56.44  55.86  56.16  1560400  56.16
2012-08-15  55.4  56.22  55.1  56.12  1911500  56.12
2012-08-14  55.38  55.84  55.15  55.25  2093000  55.25
2012-08-13  55.93  56.03  54.65  55.24  2966500  55.24
2012-08-10  55.1  56.27  55.06  56.23  2174300  56.23
2012-08-09  55.77  55.85  54.85  55.14  2309900  55.14
2012-08-08  54.61  55.83  54.29  55.77  2950100  55.77
2012-08-07  53.17  54.71  53.09  54.63  2983300  54.63
2012-08-06  53.57  53.71  52.87  53.06  2496300  53.06
2012-08-03  51.75  54.32  51.04  53.44  5319400  53.44
2012-08-02  52.36  52.45  51.15  51.39  2611900  51.39
2012-08-01  51.89  54.14  51.62  52.5  8867100  52.5
2012-07-31  52.87  53.36  51.56  51.74  5715200  51.74
2012-07-30  53.63  53.88  53.03  53.62  3086600  53.62
2012-07-27  52.33  53.84  51.93  53.52  4620000  53.52
2012-07-26  52.65  52.65  51.0  51.84  8685300  51.84
2012-07-25  53.73  54.18  51.71  52.44  15621300  52.44
2012-07-24  60.06  60.44  59.23  59.64  2108500  59.64
2012-07-23  59.56  60.42  59.23  60.02  2184800  60.02
2012-07-20  60.58  61.09  60.07  60.14  2751000  60.14
2012-07-19  61.55  62.0  59.85  60.88  3492100  60.88
2012-07-18  61.04  62.0  60.63  61.37  3140400  61.37
2012-07-17  60.21  61.27  60.08  61.11  2906900  61.11
2012-07-16  60.43  60.54  60.0  60.17  2760900  60.17
2012-07-13  59.31  60.72  59.31  60.55  2542700  60.55
2012-07-12  59.45  60.05  58.84  59.3  2567700  59.3
2012-07-11  59.34  60.34  59.17  59.99  4258600  59.99
2012-07-10  60.19  60.53  59.03  59.37  3747500  59.37
2012-07-09  61.23  61.32  59.5  60.15  9385300  60.15
2012-07-06  59.01  59.41  57.76  58.17  4470100  58.17
2012-07-05  59.35  60.19  59.29  59.47  3196300  59.47
2012-07-03  60.47  60.71  59.14  59.5  4855600  59.5
2012-07-02  62.35  62.78  60.45  60.45  6537700  60.45
2012-06-29  65.09  65.3  61.39  61.94  8446700  61.94
2012-06-28  66.68  69.27  62.15  63.99  17691500  63.99
2012-06-27  67.38  68.6  67.21  67.47  3711500  67.47
2012-06-26  67.0  68.01  66.31  67.1  4513000  67.1
2012-06-25  67.45  68.49  66.78  66.95  3115700  66.95
2012-06-22  67.91  68.42  66.76  67.74  6767100  67.74
2012-06-21  68.82  69.17  67.31  67.45  2875400  67.45
2012-06-20  69.4  70.16  68.61  68.8  3667400  68.8
2012-06-19  69.62  70.67  69.18  69.79  3627700  69.79
2012-06-18  68.6  69.42  68.2  69.27  2057500  69.27
2012-06-15  67.92  69.0  67.69  68.72  3721600  68.72
2012-06-14  66.92  68.21  66.63  67.78  2417600  67.78
2012-06-13  67.3  67.59  66.49  66.75  3352000  66.75
2012-06-12  67.53  67.85  66.59  67.45  2645300  67.45
2012-06-11  66.81  67.45  66.25  67.01  3343400  67.01
2012-06-08  65.16  67.11  65.16  67.07  2176000  67.07
2012-06-07  65.55  66.24  65.08  65.32  2962300  65.32
2012-06-06  64.64  65.48  64.25  65.32  3197700  65.32
2012-06-05  63.02  64.17  62.74  63.97  3236400  63.97
2012-06-04  64.09  64.21  62.88  63.27  3018800  63.27
2012-06-01  64.5  64.96  64.0  64.15  2107600  64.15
2012-05-31  65.83  66.0  64.71  65.15  2776700  65.15
2012-05-30  66.1  66.75  65.49  65.78  1753000  65.78
2012-05-29  66.01  66.7  65.65  66.55  1681300  66.55
2012-05-25  65.33  66.27  65.33  65.64  1484500  65.64
2012-05-24  64.69  67.04  64.59  65.57  3501900  65.57
2012-05-23  64.55  64.99  63.69  64.51  1987500  64.51
2012-05-22  64.88  66.04  64.63  64.88  2749400  64.88
2012-05-21  63.07  64.72  63.04  64.68  2430800  64.68
2012-05-18  64.42  64.52  62.7  62.92  3138000  62.92
2012-05-17  63.03  64.52  62.84  64.24  4407000  64.24
2012-05-16  63.72  64.14  63.06  63.09  1759700  63.09
2012-05-15  63.7  64.01  63.2  63.44  1673600  63.44
2012-05-14  63.87  64.23  63.29  63.88  1906900  63.88
2012-05-11  63.52  64.3  63.23  63.91  1498200  63.91
2012-05-10  64.18  64.21  63.52  63.75  1507400  63.75
2012-05-09  64.12  64.3  63.42  63.58  2198300  63.58
2012-05-08  63.97  64.86  63.74  64.66  1685900  64.66
2012-05-07  63.81  64.54  63.61  64.39  2059500  64.39
2012-05-04  65.01  65.1  63.69  64.06  2812200  64.06
2012-05-03  66.18  66.18  64.86  65.06  3318000  65.06
2012-05-02  65.91  66.64  65.85  66.5  2094800  66.5
2012-05-01  65.47  66.45  65.46  66.14  2380500  66.14
2012-04-30  65.97  66.35  65.29  65.57  3051400  65.57
2012-04-27  66.95  67.08  66.31  66.35  2645400  66.35
2012-04-26  65.98  67.2  65.22  67.05  4307700  67.05
2012-04-25  69.12  70.04  67.65  68.06  4002600  68.06
2012-04-24  68.17  68.64  67.72  68.41  1928700  68.41
2012-04-23  67.81  68.52  67.6  68.24  1877800  68.24
2012-04-20  68.47  68.86  68.07  68.33  1908300  68.33
2012-04-19  66.6  68.51  66.59  68.27  2786200  68.27
2012-04-18  67.04  67.25  66.72  66.87  1951400  66.87
2012-04-17  66.7  67.78  66.65  67.64  2106500  67.64
2012-04-16  67.15  67.18  66.36  66.45  2501500  66.45
2012-04-13  67.62  67.67  66.95  66.95  2713100  66.95
2012-04-12  67.52  67.85  66.94  67.67  2946600  67.67
2012-04-11  67.73  68.06  67.07  67.23  2294400  67.23
2012-04-10  67.84  68.12  66.82  66.97  3338600  66.97
2012-04-09  68.82  69.11  68.19  68.19  2879600  68.19
2012-04-05  69.27  70.01  69.07  69.97  2283900  69.97
2012-04-04  69.9  70.12  69.28  69.72  3293200  69.72
2012-04-03  70.41  70.92  70.08  70.23  3210800  70.23
2012-04-02  71.19  71.35  70.41  70.53  3552100  70.53
2012-03-30  69.47  72.25  69.31  71.35  7136100  71.35
2012-03-29  67.06  69.74  66.99  69.24  7793800  69.24
2012-03-28  65.89  67.81  65.73  67.67  6151000  67.67
2012-03-27  66.26  66.41  65.07  66.11  4223000  66.11
2012-03-26  64.91  66.42  64.74  66.35  3337900  66.35
2012-03-23  64.21  64.49  63.8  64.46  2060400  64.46
2012-03-22  63.62  64.52  63.44  64.18  2724500  64.18
2012-03-21  64.61  64.64  64.12  64.14  2451600  64.14
2012-03-20  65.02  65.38  64.41  64.64  2149500  64.64
2012-03-19  64.82  65.5  64.82  65.42  2346400  65.42
2012-03-16  65.19  65.8  64.82  65.09  7674100  65.09
2012-03-15  65.02  65.16  64.39  64.72  3712800  64.72
2012-03-14  63.06  65.29  62.95  64.99  5968600  64.99
2012-03-13  62.06  62.97  61.24  62.89  3206000  62.89
2012-03-12  62.72  62.83  61.8  61.88  2655200  61.88
2012-03-09  62.36  62.83  62.0  62.72  3153900  62.72
2012-03-08  62.12  62.6  61.95  62.27  1882100  62.27
2012-03-07  62.23  62.23  61.63  61.72  2059400  61.72
2012-03-06  62.35  62.96  61.53  61.92  2246100  61.92
2012-03-05  63.06  63.65  62.44  62.74  2479300  62.74
2012-03-02  63.62  63.71  63.25  63.31  2032500  63.31
2012-03-01  63.3  63.93  63.25  63.74  2199900  63.74
2012-02-29  63.1  63.4  62.64  63.16  3079600  63.16
2012-02-28  63.29  63.69  62.46  63.08  1996200  63.08
2012-02-27  63.28  64.04  63.14  63.32  2856200  63.32
2012-02-24  63.77  64.02  63.21  63.63  2875900  63.63
2012-02-23  63.5  63.85  63.2  63.73  1789500  63.73
2012-02-22  64.0  64.22  63.17  63.62  1676600  63.62
2012-02-21  64.1  64.48  63.55  63.9  2808100  63.9
2012-02-17  63.97  64.37  63.38  63.57  2027700  63.57
2012-02-16  62.89  63.87  62.71  63.74  2449000  63.74
2012-02-15  63.43  63.75  62.56  62.7  2828800  62.7
2012-02-14  62.17  63.24  62.15  63.22  3096400  63.22
2012-02-13  62.09  62.61  61.84  62.23  1487000  62.23
2012-02-10  61.82  62.01  61.5  61.76  2876100  61.76
2012-02-09  62.61  62.68  62.08  62.22  2819600  62.22
2012-02-08  62.44  63.53  62.26  62.39  3690500  62.39
2012-02-07  61.64  62.61  61.6  62.56  2531300  62.56
2012-02-06  62.33  63.02  61.45  61.95  2673800  61.95
2012-02-03  63.2  63.2  61.22  62.63  5173700  62.63
2012-02-02  63.51  63.51  62.08  62.71  3842000  62.71
2012-02-01  62.37  63.94  62.3  63.65  4179000  63.65
2012-01-31  62.2  63.13  61.66  61.9  4552200  61.9
2012-01-30  62.45  62.61  61.65  62.01  3915800  62.01
2012-01-27  61.59  63.34  61.59  62.96  3986600  62.96
2012-01-26  63.49  64.42  61.09  61.88  6097100  61.88
2012-01-25  62.16  64.42  61.33  63.62  13315300  63.62
2012-01-24  68.5  68.66  66.41  66.79  4798500  66.79
2012-01-23  69.06  69.8  68.38  68.51  2108500  68.51
2012-01-20  69.43  69.56  67.84  69.08  2579100  69.08
2012-01-19  68.94  69.73  67.68  69.23  4247700  69.23
2012-01-18  70.05  70.35  69.35  69.46  2706800  69.46
2012-01-17  69.71  70.61  69.71  70.01  2308200  70.01
2012-01-13  68.67  69.44  68.32  69.21  2111100  69.21
2012-01-12  69.84  70.05  68.92  69.11  1843300  69.11
2012-01-11  69.29  70.18  68.59  69.84  1958100  69.84
2012-01-10  68.99  69.97  68.68  69.5  2203500  69.5
2012-01-09  68.07  68.6  67.77  68.51  1869200  68.51
2012-01-06  66.02  68.8  65.92  68.07  3410800  68.07
2012-01-05  65.18  66.08  64.81  65.94  2034500  65.94
2012-01-04  64.86  65.66  64.65  65.43  1573300  65.43
2012-01-03  65.0  65.35  64.56  65.07  1734600  65.07
2011-12-30  64.14  64.32  63.76  63.76  1100200  63.76
2011-12-29  63.99  64.94  63.89  64.36  1096100  64.36
2011-12-28  65.22  65.32  63.97  64.02  1274700  64.02
2011-12-27  65.48  65.89  65.04  65.38  1272700  65.38
2011-12-23  64.66  65.57  64.47  65.49  1537200  65.49
2011-12-22  63.45  64.65  63.37  64.27  1669600  64.27
2011-12-21  62.74  63.35  62.36  63.21  2108500  63.21
2011-12-20  62.18  63.14  62.02  63.01  2586200  63.01
2011-12-19  62.6  62.83  61.15  61.25  2702900  61.25
2011-12-16  62.66  63.26  62.1  62.51  5638900  62.51
2011-12-15  62.15  62.93  61.52  62.08  4174800  62.08
2011-12-14  61.73  62.38  61.03  61.13  3211000  61.13
2011-12-13  63.11  64.02  61.92  62.21  3042800  62.21
2011-12-12  63.69  64.06  62.55  62.93  2174100  62.93
2011-12-09  63.92  64.51  63.49  64.0  2961400  64.0
2011-12-08  65.51  65.66  63.4  63.6  3144900  63.6
2011-12-07  65.24  66.32  64.42  65.94  3193800  65.94
2011-12-06  65.58  65.97  64.73  65.41  2743800  65.41
2011-12-05  67.16  67.82  65.46  65.7  3419800  65.7
2011-12-02  67.8  67.8  65.73  66.08  2433900  66.08
2011-12-01  67.31  68.16  67.09  67.2  2063900  67.2
2011-11-30  66.4  67.69  64.9  67.65  2740800  67.65
2011-11-29  63.5  64.86  63.29  64.65  3043300  64.65
2011-11-28  62.52  63.91  62.31  63.36  2042100  63.36
2011-11-25  61.43  62.0  61.06  61.08  1114600  61.08
2011-11-23  63.42  63.55  61.57  61.59  2972600  61.59
2011-11-22  64.1  64.92  63.38  64.1  2379100  64.1
2011-11-21  64.61  64.73  63.51  64.26  2612800  64.26
2011-11-18  65.97  66.15  64.97  65.7  2522900  65.7
2011-11-17  65.35  66.38  65.0  65.46  4596600  65.46
2011-11-16  66.39  66.51  65.27  65.34  2726400  65.34
2011-11-15  67.26  67.55  65.91  67.16  2091200  67.16
2011-11-14  67.62  68.37  66.89  67.41  2057000  67.41
2011-11-11  66.62  68.32  66.62  67.84  2729900  67.84
2011-11-10  64.8  65.96  64.51  65.75  2359500  65.75
2011-11-09  64.96  65.12  64.08  64.21  2195300  64.21
2011-11-08  65.61  66.21  64.51  66.0  1908900  66.0
2011-11-07  64.43  65.41  64.19  65.3  1462900  65.3
2011-11-04  64.44  64.75  63.52  64.65  1296000  64.65
2011-11-03  65.8  65.91  64.54  65.05  2140300  65.05
2011-11-02  65.24  65.69  64.82  65.2  2199100  65.2
2011-11-01  64.24  64.93  63.57  64.05  2713800  64.05
2011-10-31  65.25  67.19  65.25  66.07  2537600  66.07
2011-10-28  67.63  67.63  65.6  65.86  3517400  65.86
2011-10-27  68.3  68.83  66.71  67.68  3067000  67.68
2011-10-26  65.26  67.31  64.63  66.72  4508300  66.72
2011-10-25  65.23  65.89  64.1  64.25  3074800  64.25
2011-10-24  64.28  65.78  64.28  65.64  2501100  65.64
2011-10-21  63.25  64.3  63.05  63.91  2494600  63.91
2011-10-20  62.12  62.71  61.5  62.57  2494000  62.57
2011-10-19  61.68  63.48  61.57  62.23  3349500  62.23
2011-10-18  62.11  62.11  60.0  61.43  5194500  61.43
2011-10-17  63.67  64.17  62.77  62.91  2196700  62.91
2011-10-14  64.18  64.54  63.52  64.31  1686300  64.31
2011-10-13  63.84  64.16  62.82  63.34  2219100  63.34
2011-10-12  64.72  65.45  64.22  64.25  3440200  64.25
2011-10-11  64.38  64.82  64.0  64.24  2734600  64.24
2011-10-10  64.04  64.93  63.51  64.76  2668200  64.76
2011-10-07  62.53  63.77  61.62  63.09  3391200  63.09
2011-10-06  61.43  62.29  60.99  62.29  2681600  62.29
2011-10-05  60.4  61.5  60.14  61.32  3318700  61.32
2011-10-04  58.82  60.6  57.96  60.44  3300000  60.44
2011-10-03  62.74  63.59  59.29  59.76  3898300  59.76
2011-09-30  62.69  64.19  61.84  62.6  4245500  62.6
2011-09-29  63.53  64.01  61.21  62.68  3115900  62.68
2011-09-28  64.25  64.52  62.1  62.17  2850700  62.17
2011-09-27  64.22  65.19  63.41  64.3  3549500  64.3
2011-09-26  62.0  63.29  61.27  63.11  3972000  63.11
2011-09-23  60.84  62.03  60.38  61.42  3632600  61.42
2011-09-22  60.67  62.39  60.26  61.02  4311200  61.02
2011-09-21  64.55  64.73  62.39  62.46  2047500  62.46
2011-09-20  64.83  66.01  63.19  64.5  3428500  64.5
2011-09-19  63.64  64.65  63.3  64.34  1988300  64.34
2011-09-16  64.88  65.04  63.39  64.92  4530500  64.92
2011-09-15  64.34  64.66  62.61  64.58  3693300  64.58
2011-09-14  63.63  64.56  61.85  63.75  4228100  63.75
2011-09-13  61.07  63.91  60.89  63.18  6461400  63.18
2011-09-12  58.51  60.79  58.29  60.78  3826200  60.78
2011-09-09  59.98  60.52  58.66  59.27  3247200  59.27
2011-09-08  61.0  62.12  60.51  60.58  2842200  60.58
2011-09-07  60.18  61.77  59.93  61.5  3098600  61.5
2011-09-06  57.47  59.48  57.06  59.12  3259200  59.12
2011-09-02  59.51  60.36  59.27  59.39  3095900  59.39
2011-09-01  61.21  62.86  60.57  60.64  4226300  60.64
2011-08-31  60.3  62.06  59.93  60.45  3634900  60.45
2011-08-30  59.58  60.37  58.88  59.96  3128300  59.96
2011-08-29  58.41  59.63  58.25  59.61  2003700  59.61
2011-08-26  56.57  58.09  55.1  57.71  1824900  57.71
2011-08-25  58.19  58.73  56.66  56.9  2097400  56.9
2011-08-24  56.22  58.05  55.91  58.01  2599200  58.01
2011-08-23  55.3  56.87  54.52  56.81  3512100  56.81
2011-08-22  56.74  57.2  54.86  54.98  2592600  54.98
2011-08-19  55.94  57.53  55.2  55.48  3773700  55.48
2011-08-18  57.42  57.66  55.7  56.28  4575500  56.28
2011-08-17  59.55  60.19  58.39  59.01  1852900  59.01
2011-08-16  58.94  59.89  58.17  59.26  3237000  59.26
2011-08-15  58.3  59.52  57.9  59.49  2782700  59.49
2011-08-12  58.68  58.89  57.05  57.67  4288000  57.67
2011-08-11  54.88  58.63  54.38  57.98  6217100  57.98
2011-08-10  56.45  57.16  54.52  54.69  4649600  54.69
2011-08-09  55.7  57.66  54.06  57.54  6318100  57.54
2011-08-08  57.49  58.21  54.38  54.45  7367600  54.45
2011-08-05  60.08  60.21  58.03  59.16  4979500  59.16
2011-08-04  60.77  61.65  59.43  59.46  5871900  59.46
2011-08-03  61.24  61.89  59.36  61.82  6235000  61.82
2011-08-02  62.0  62.66  61.07  61.07  4338500  61.07
2011-08-01  65.25  65.47  61.39  62.5  8066800  62.5
2011-07-29  64.67  64.96  63.68  64.51  4887400  64.51
2011-07-28  65.48  66.08  64.97  65.32  5837900  65.32
2011-07-27  67.99  68.05  65.28  65.61  9837300  65.61
2011-07-26  70.68  71.07  70.1  70.25  2799600  70.25
2011-07-25  70.29  71.23  70.2  70.49  2335300  70.49
2011-07-22  71.15  71.53  70.65  71.06  2104200  71.06
2011-07-21  70.93  72.28  70.79  71.29  3220200  71.29
2011-07-20  70.84  70.94  69.52  70.34  3458000  70.34
2011-07-19  71.14  71.14  69.76  70.23  4924000  70.23
2011-07-18  71.15  71.7  70.19  70.91  3534100  70.91
2011-07-15  73.5  73.5  71.42  71.53  4013200  71.53
2011-07-14  73.49  73.77  72.94  73.12  2554700  73.12
2011-07-13  72.72  74.12  72.65  73.23  2144200  73.23
2011-07-12  71.7  73.41  71.69  72.54  2984600  72.54
2011-07-11  73.21  73.27  71.41  71.83  4119900  71.83
2011-07-08  74.27  74.6  73.29  74.49  2802400  74.49
2011-07-07  75.3  76.48  74.49  74.75  4359800  74.75
2011-07-06  76.54  77.08  76.15  76.37  1895200  76.37
2011-07-05  77.14  77.14  75.94  76.61  1659100  76.61
2011-07-01  75.45  77.27  75.45  77.16  2226600  77.16
2011-06-30  75.73  76.22  75.1  75.23  2121300  75.23
2011-06-29  75.69  76.09  75.0  75.65  1923400  75.65
2011-06-28  74.56  75.85  74.49  75.53  2442400  75.53
2011-06-27  73.65  74.47  73.02  74.27  2209800  74.27
2011-06-24  74.33  74.47  72.57  73.85  3812800  73.85
2011-06-23  74.11  74.36  72.13  74.23  2861200  74.23
2011-06-22  75.38  76.11  74.25  74.31  2137000  74.31
2011-06-21  75.37  76.34  75.02  75.69  2441000  75.69
2011-06-20  72.39  75.22  72.38  75.15  2588800  75.15
2011-06-17  73.38  73.57  72.53  72.81  3767900  72.81
2011-06-16  72.77  73.01  71.72  72.84  2177800  72.84
2011-06-15  73.68  74.52  72.22  72.75  2664900  72.75
2011-06-14  73.42  74.95  73.11  74.24  2787800  74.24
2011-06-13  72.71  73.49  72.6  72.71  2112200  72.71
2011-06-10  73.94  73.96  72.43  72.91  2868300  72.91
2011-06-09  72.66  74.49  72.29  74.25  3608100  74.25
2011-06-08  72.02  72.64  71.3  72.12  3269900  72.12
2011-06-07  72.11  73.27  71.97  72.52  2299500  72.52
2011-06-06  72.14  72.52  71.69  71.81  2328600  71.81
2011-06-03  73.39  73.69  72.87  72.99  2724800  72.99
2011-06-02  73.4  74.38  73.12  74.25  2164200  74.25
2011-06-01  74.21  74.44  73.37  73.46  2577800  73.46
2011-05-31  74.28  74.7  73.82  74.41  2908900  74.41
2011-05-27  73.55  74.35  72.62  73.85  3943600  73.85
2011-05-26  72.81  73.95  71.87  73.7  3898500  73.7
2011-05-25  73.05  73.92  72.8  73.05  3932400  73.05
2011-05-24  75.2  75.3  73.55  73.81  4569500  73.81
2011-05-23  75.94  76.14  74.89  75.33  2608800  75.33
2011-05-20  77.67  77.76  76.44  76.66  2944000  76.66
2011-05-19  77.51  77.98  77.42  77.85  2614100  77.85
2011-05-18  76.32  77.49  75.95  77.41  2394100  77.41
2011-05-17  76.57  76.72  75.57  76.13  2495100  76.13
2011-05-16  76.05  77.03  75.17  76.88  3151700  76.88
2011-05-13  76.15  77.87  76.15  76.39  5167100  76.39
2011-05-12  75.21  76.15  74.32  76.15  2919200  76.15
2011-05-11  75.75  76.09  74.81  75.59  2861500  75.59
2011-05-10  75.89  76.12  75.13  75.98  2397600  75.98
2011-05-09  74.33  76.06  74.08  75.96  3254600  75.96
2011-05-06  74.48  75.02  73.89  74.21  2777500  74.21
2011-05-05  73.08  74.81  72.96  73.76  3245000  73.76
2011-05-04  73.54  73.78  72.87  73.49  3012700  73.49
2011-05-03  73.19  73.82  73.13  73.49  2701900  73.49
2011-05-02  73.22  74.44  73.11  73.47  4300000  73.47
2011-04-29  71.51  73.25  71.4  73.1  3971700  73.1
2011-04-28  71.16  72.95  71.09  72.87  3245700  72.87
2011-04-27  70.17  72.1  68.77  71.91  5131100  71.91
2011-04-26  68.81  69.86  68.68  69.46  3600000  69.46
2011-04-25  68.45  68.79  67.94  68.74  1805400  68.74
2011-04-21  68.15  69.28  67.68  68.79  4642600  68.79
2011-04-20  65.99  66.59  65.91  66.05  2083400  66.05
2011-04-19  64.76  65.9  64.65  65.66  1869000  65.66
2011-04-18  65.46  65.52  64.1  64.79  2220600  64.79
2011-04-15  66.24  66.61  65.79  66.07  2650100  66.07
2011-04-14  65.6  66.28  64.97  66.17  2420600  66.17
2011-04-13  66.61  66.86  65.37  65.82  2276800  65.82
2011-04-12  65.64  66.54  65.37  66.39  2343700  66.39
2011-04-11  65.63  66.32  65.61  65.92  1806800  65.92
2011-04-08  66.02  66.33  65.21  65.63  2208200  65.63
2011-04-07  65.41  66.38  65.23  65.75  2436900  65.75
2011-04-06  66.49  66.53  65.21  65.54  2869100  65.54
2011-04-05  66.94  66.94  65.99  66.14  2731900  66.14
2011-04-04  67.29  67.58  67.03  67.21  1294100  67.21
2011-04-01  66.67  67.35  66.41  67.35  2937100  67.35
2011-03-31  66.34  66.59  65.49  66.43  2376200  66.43
2011-03-30  66.19  66.6  65.89  66.3  2176400  66.3
2011-03-29  65.84  66.31  65.54  66.01  2832600  66.01
2011-03-28  65.97  66.14  65.15  65.64  2092400  65.64
2011-03-25  65.78  66.64  65.57  66.01  3122600  66.01
2011-03-24  64.33  65.52  64.22  65.46  2385700  65.46
2011-03-23  63.96  63.96  63.27  63.82  2145600  63.82
2011-03-22  63.84  64.84  63.8  64.23  3602300  64.23
2011-03-21  63.94  64.56  62.82  63.86  3474900  63.86
2011-03-18  63.61  63.91  63.18  63.44  5125500  63.44
2011-03-17  64.37  64.4  62.6  62.82  4908200  62.82
2011-03-16  63.94  64.35  62.96  63.26  4685000  63.26
2011-03-15  62.65  64.67  62.35  64.17  4283500  64.17
2011-03-14  64.22  64.4  63.26  63.75  3617600  63.75
2011-03-11  64.97  65.51  64.27  64.71  3109900  64.71
2011-03-10  65.48  65.53  64.75  65.16  3385400  65.16
2011-03-09  65.12  66.21  65.12  66.06  2571800  66.06
2011-03-08  64.61  65.44  64.29  65.04  3340000  65.04
2011-03-07  64.71  65.44  63.72  64.41  3299300  64.41
2011-03-04  65.01  65.01  63.98  64.48  3214600  64.48
2011-03-03  63.93  65.83  63.82  65.25  3313200  65.25
2011-03-02  62.72  64.28  62.47  63.36  2808200  63.36
2011-03-01  63.34  63.55  62.51  62.58  2425700  62.58
2011-02-28  63.14  63.56  62.88  63.04  4057700  63.04
2011-02-25  62.83  63.64  62.39  63.09  2234400  63.09
2011-02-24  61.74  62.96  61.45  62.68  2548200  62.68
2011-02-23  61.9  62.77  61.42  61.58  4609900  61.58
2011-02-22  62.99  63.94  61.65  61.92  5010500  61.92
2011-02-18  63.96  64.44  63.7  63.92  2737400  63.92
2011-02-17  62.69  63.87  62.44  63.74  2003400  63.74
2011-02-16  62.61  63.29  62.55  62.95  2308100  62.95
2011-02-15  62.24  62.86  62.17  62.54  1934200  62.54
2011-02-14  61.95  62.7  61.69  62.54  3294500  62.54
2011-02-11  61.6  62.56  61.49  61.88  1858000  61.88
2011-02-10  61.73  62.36  61.59  61.99  2402900  61.99
2011-02-09  61.69  62.04  61.54  61.88  3025600  61.88
2011-02-08  61.09  62.05  60.87  61.91  2555200  61.91
2011-02-07  61.74  61.74  60.76  60.8  3332400  60.8
2011-02-04  62.7  63.82  60.95  61.71  4727000  61.71
2011-02-03  60.96  62.12  59.51  61.07  4150800  61.07
2011-02-02  60.32  61.29  60.08  61.15  2814400  61.15
2011-02-01  59.43  60.68  59.16  60.46  3078200  60.46
2011-01-31  59.52  60.1  58.43  58.91  4127200  58.91
2011-01-28  60.99  60.99  59.2  59.43  2571300  59.43
2011-01-27  59.34  61.62  59.28  61.04  4523500  61.04
2011-01-26  57.61  60.2  57.21  59.32  5342800  59.32
2011-01-25  57.69  59.03  57.56  58.52  3373600  58.52
2011-01-24  58.39  58.74  57.62  57.84  2770400  57.84
2011-01-21  58.8  59.04  58.19  58.28  2947900  58.28
2011-01-20  59.07  59.42  57.98  58.38  2745700  58.38
2011-01-19  59.81  59.81  58.36  58.86  2735300  58.86
2011-01-18  60.35  60.35  59.38  59.72  2919700  59.72
2011-01-14  58.87  60.55  58.62  60.27  3461000  60.27
2011-01-13  58.82  59.05  58.34  58.62  2336200  58.62
2011-01-12  59.1  59.12  58.27  58.73  1889200  58.73
2011-01-11  58.08  59.0  58.01  58.68  2738600  58.68
2011-01-10  56.96  58.42  56.77  57.98  3324500  57.98
2011-01-07  56.59  57.41  56.42  57.34  3249500  57.34
2011-01-06  55.4  56.6  55.27  56.45  2276000  56.45
2011-01-05  55.11  55.52  54.99  55.46  2508400  55.46
2011-01-04  54.86  55.39  54.53  55.32  2460300  55.32
2011-01-03  54.14  55.04  53.86  54.96  2456500  54.96
2010-12-31  53.69  54.05  53.68  53.93  1488500  53.93
2010-12-30  53.85  54.14  53.63  53.69  1443600  53.69
2010-12-29  54.14  54.23  53.97  53.97  1427300  53.97
2010-12-28  54.16  54.36  53.75  54.05  1766300  54.05
2010-12-27  54.26  54.35  53.9  54.2  1409900  54.2
2010-12-23  54.19  54.55  54.06  54.48  2240800  54.48
2010-12-22  53.57  54.23  53.56  54.17  1699400  54.17
2010-12-21  53.17  54.8  53.16  53.64  3914000  53.64
2010-12-20  53.1  53.56  52.74  53.21  2782700  53.21
2010-12-17  53.04  53.13  52.69  53.04  5306300  53.04
2010-12-16  53.59  54.13  53.05  53.13  4601100  53.13
2010-12-15  54.92  55.01  53.32  53.41  4713000  53.41
2010-12-14  54.72  55.29  54.53  55.11  3681200  55.11
2010-12-13  54.95  56.61  54.38  54.56  6854000  54.56
2010-12-10  53.77  54.76  53.72  54.7  3932800  54.7
2010-12-09  53.91  54.03  53.33  53.78  4083700  53.78
2010-12-08  53.22  53.61  52.97  53.61  3188800  53.61
2010-12-07  53.62  53.65  52.78  52.87  4847700  52.87
2010-12-06  54.06  54.18  52.97  53.05  3418200  53.05
2010-12-03  55.12  55.12  53.94  54.08  5655000  54.08
2010-12-02  53.5  55.53  53.5  55.42  6610000  55.42
2010-12-01  53.54  54.47  53.43  53.58  5198400  53.58
2010-11-30  53.64  53.81  52.77  52.86  7501600  52.86
2010-11-29  53.7  54.32  53.12  54.13  3896400  54.13
2010-11-26  54.68  55.26  54.06  54.15  2179700  54.15
2010-11-24  55.93  56.41  54.85  54.87  4465300  54.87
2010-11-23  56.44  56.99  55.46  55.5  6020500  55.5
2010-11-22  57.29  57.86  56.33  56.88  12529100  56.88
2010-11-19  53.45  55.69  53.0  55.59  9891200  55.59
2010-11-18  53.68  54.05  52.03  53.41  4895500  53.41
2010-11-17  53.19  53.73  52.73  53.54  3541800  53.54
2010-11-16  53.79  54.08  53.06  53.1  4511900  53.1
2010-11-15  54.14  55.05  53.77  54.23  4179100  54.23
2010-11-12  55.25  55.77  54.52  55.08  3932300  55.08
2010-11-11  55.35  55.81  54.93  55.57  3020800  55.57
2010-11-10  54.74  55.91  53.96  55.86  3852000  55.86
2010-11-09  55.49  55.67  54.54  54.76  4779400  54.76
2010-11-08  54.34  55.78  54.26  55.65  4540000  55.65
2010-11-05  53.75  55.02  53.75  54.39  4803100  54.39
2010-11-04  53.78  54.09  52.58  53.78  7246400  53.78
2010-11-03  52.31  54.76  51.69  53.16  7910700  53.16
2010-11-02  52.36  53.5  52.29  52.87  4622500  52.87
2010-11-01  51.82  52.35  51.46  51.9  3431400  51.9
2010-10-29  51.74  52.18  51.31  51.54  2515800  51.54
2010-10-28  52.47  52.53  51.5  51.79  2584400  51.79
2010-10-27  52.52  52.76  51.44  52.08  3976900  52.08
2010-10-26  53.48  53.71  52.79  53.05  3959800  53.05
2010-10-25  54.86  55.32  54.25  54.31  2237500  54.31
2010-10-22  53.75  54.72  53.75  54.57  1802000  54.57
2010-10-21  54.49  54.53  53.33  53.71  2868400  53.71
2010-10-20  53.42  54.6  53.34  54.27  3640900  54.27
2010-10-19  54.62  54.71  53.01  53.21  4264000  53.21
2010-10-18  54.77  55.38  54.38  55.38  2818900  55.38
2010-10-15  54.41  54.91  53.83  54.8  3660300  54.8
2010-10-14  53.9  55.13  53.37  54.12  4105100  54.12
2010-10-13  53.11  54.08  52.87  53.87  4961400  53.87
2010-10-12  52.33  52.88  52.01  52.79  2207800  52.79
2010-10-11  52.13  52.87  52.08  52.53  2150200  52.53
2010-10-08  52.24  52.54  51.73  52.17  1735900  52.17
2010-10-07  51.62  52.37  51.55  52.22  4173600  52.22
2010-10-06  52.25  52.58  50.2  51.54  7502100  51.54
2010-10-05  52.52  52.86  51.59  52.4  5437500  52.4
2010-10-04  53.04  53.04  51.74  52.05  3891900  52.05
2010-10-01  53.71  53.97  52.57  53.21  4573400  53.21
2010-09-30  53.59  54.21  53.21  53.72  4270400  53.72
2010-09-29  52.96  53.35  52.49  53.23  3127400  53.23
2010-09-28  53.24  53.44  52.52  53.33  3469500  53.33
2010-09-27  53.77  53.84  52.99  53.0  3295300  53.0
2010-09-24  54.06  54.52  53.58  53.76  4557900  53.76
2010-09-23  53.27  54.45  53.2  53.58  3731000  53.58
2010-09-22  52.8  53.93  52.49  53.72  4643700  53.72
2010-09-21  52.26  53.51  51.88  52.87  4836300  52.87
2010-09-20  51.31  52.36  51.31  52.12  4678600  52.12
2010-09-17  51.91  52.37  51.27  51.27  5647800  51.27
2010-09-16  51.79  51.93  51.33  51.88  3041200  51.88
2010-09-15  52.28  52.47  50.99  51.82  4439500  51.82
2010-09-14  52.26  52.96  51.59  52.59  3806900  52.59
2010-09-13  52.42  52.88  52.13  52.51  4400400  52.51
2010-09-10  51.64  52.4  51.36  52.0  3993900  52.0
2010-09-09  50.72  51.82  50.56  51.72  4567900  51.72
2010-09-08  49.79  50.35  49.56  50.18  2441800  50.18
2010-09-07  50.09  50.22  49.61  49.7  2393600  49.7
2010-09-03  49.47  50.52  49.37  50.5  3655600  50.5
2010-09-02  48.58  49.15  48.31  49.15  2445200  49.15
2010-09-01  47.68  48.41  47.33  48.25  3672300  48.25
2010-08-31  46.66  47.97  46.3  47.1  3994600  47.1
2010-08-30  48.09  48.28  47.04  47.04  1945300  47.04
2010-08-27  48.31  48.56  47.24  48.25  2416900  48.25
2010-08-26  48.68  49.59  47.95  48.03  3249400  48.03
2010-08-25  47.01  48.86  46.74  48.41  4358000  48.41
2010-08-24  46.62  47.37  46.11  47.12  4368100  47.12
2010-08-23  47.52  48.16  47.02  47.08  2494600  47.08
2010-08-20  47.55  47.7  46.64  47.32  3035600  47.32
2010-08-19  49.03  49.04  47.22  47.53  3827000  47.53
2010-08-18  49.77  49.91  49.04  49.3  2807900  49.3
2010-08-17  49.45  49.9  49.05  49.68  2805700  49.68
2010-08-16  48.72  49.13  48.16  48.96  2969800  48.96
2010-08-13  48.66  49.36  48.19  49.12  2322600  49.12
2010-08-12  48.24  49.27  48.1  48.92  3969500  48.92
2010-08-11  51.66  51.69  48.64  48.66  14100100  48.66
2010-08-10  52.02  52.6  51.74  52.18  3682600  52.18
2010-08-09  52.46  52.82  52.23  52.29  2459500  52.29
2010-08-06  51.76  52.3  51.42  52.21  3716600  52.21
2010-08-05  51.11  52.21  50.88  52.12  3402900  52.12
2010-08-04  50.65  51.54  50.39  51.44  4395900  51.44
2010-08-03  49.13  51.06  49.03  50.49  5206200  50.49
2010-08-02  48.49  49.42  48.34  49.33  4464700  49.33
2010-07-30  46.77  48.4  46.24  48.1  4321900  48.1
2010-07-29  48.54  48.81  46.9  47.31  5047900  47.31
2010-07-28  49.91  50.08  47.61  48.21  5779600  48.21
2010-07-27  50.55  51.09  49.93  50.08  3052800  50.08
2010-07-26  49.46  50.45  49.31  50.45  2364000  50.45
2010-07-23  49.49  49.76  48.97  49.31  2881600  49.31
2010-07-22  49.22  50.03  48.96  49.75  2669100  49.75
2010-07-21  49.97  50.18  48.55  48.83  3110100  48.83
2010-07-20  49.5  50.06  48.78  49.9  3477400  49.9
2010-07-19  48.96  50.01  48.96  49.78  3210000  49.78
2010-07-16  50.09  50.45  48.72  48.74  4127700  48.74
2010-07-15  49.07  50.42  48.83  50.41  4627400  50.41
2010-07-14  48.73  49.31  48.24  49.29  2752100  49.29
2010-07-13  49.1  49.26  48.73  48.95  3140600  48.95
2010-07-12  48.42  48.7  47.78  48.63  3470000  48.63
2010-07-09  47.33  48.54  47.11  48.53  3941800  48.53
2010-07-08  46.64  47.31  46.42  47.3  3022300  47.3
2010-07-07  45.82  46.48  45.73  46.39  3723500  46.39
2010-07-06  45.54  46.11  45.17  45.63  3705200  45.63
2010-07-02  45.53  45.61  44.68  44.98  3473700  44.98
2010-07-01  46.21  46.21  44.12  45.32  7295600  45.32
2010-06-30  46.99  47.15  46.34  46.41  4979300  46.41
2010-06-29  47.83  48.02  46.82  47.01  5118000  47.01
2010-06-28  49.23  49.3  48.16  48.17  3558800  48.17
2010-06-25  49.67  50.09  48.97  49.08  7671700  49.08
2010-06-24  50.07  50.57  49.41  49.67  3304700  49.67
2010-06-23  50.97  51.0  50.03  50.29  4099900  50.29
2010-06-22  52.32  52.7  50.86  50.95  5136200  50.95
2010-06-21  52.67  53.09  52.18  52.39  4184100  52.39
2010-06-18  52.18  52.49  51.97  52.37  6458200  52.37
2010-06-17  52.1  52.29  51.72  52.21  3798000  52.21
2010-06-16  50.78  52.12  50.74  51.89  4271900  51.89
2010-06-15  50.59  51.29  50.47  51.24  3749900  51.24
2010-06-14  50.19  51.11  49.99  50.36  3400800  50.36
2010-06-11  49.65  50.53  49.25  49.93  3746400  49.93
2010-06-10  50.27  50.58  49.57  50.07  4494200  50.07
2010-06-09  50.64  51.12  49.47  49.61  4695400  49.61
2010-06-08  50.96  51.48  49.88  50.52  6156200  50.52
2010-06-07  51.56  52.62  49.75  50.81  8954700  50.81
2010-06-04  50.93  53.44  50.92  51.35  8060500  51.35
2010-06-03  49.8  51.74  49.8  51.64  6149300  51.64
2010-06-02  48.47  49.71  48.25  49.67  4040200  49.67
2010-06-01  48.3  49.06  48.2  48.42  3860100  48.42
2010-05-28  49.12  49.16  48.52  48.65  2855400  48.65
2010-05-27  49.12  49.34  48.4  49.05  3248900  49.05
2010-05-26  48.23  49.01  48.11  48.26  5054300  48.26
2010-05-25  47.54  48.24  47.25  48.08  5216500  48.08
2010-05-24  48.36  49.05  47.99  48.46  4266300  48.46
2010-05-21  47.99  48.91  47.5  48.61  6164200  48.61
2010-05-20  49.66  50.06  48.49  48.53  6948000  48.53
2010-05-19  50.07  50.94  49.7  50.64  4244900  50.64
2010-05-18  50.91  51.59  50.25  50.34  4790500  50.34
2010-05-17  50.24  50.92  49.68  50.76  3931000  50.76
2010-05-14  50.06  50.44  49.46  50.35  3463900  50.35
2010-05-13  51.42  51.42  50.32  50.42  4188400  50.42
2010-05-12  49.61  51.27  48.98  51.25  5568300  51.25
2010-05-11  48.05  50.08  47.89  49.42  5368700  49.42
2010-05-10  49.96  50.26  47.83  48.5  8039100  48.5
2010-05-07  48.26  48.86  47.22  48.31  6543500  48.31
2010-05-06  49.69  50.58  46.56  48.65  6949900  48.65
2010-05-05  48.38  50.17  48.07  49.82  6335300  49.82
2010-05-04  50.5  50.77  49.15  49.89  8588500  49.89
2010-05-03  51.77  52.07  50.3  50.76  8863200  50.76
2010-04-30  55.08  55.14  50.74  51.02  18770900  51.02
2010-04-29  55.0  56.84  54.81  56.03  7866500  56.03
2010-04-28  52.57  55.19  52.38  54.49  8218100  54.49
2010-04-27  53.4  54.07  52.81  53.03  6182500  53.03
2010-04-26  55.28  55.39  53.22  53.64  7605100  53.64
2010-04-23  55.28  55.31  54.47  54.99  6426100  54.99
2010-04-22  55.34  55.54  54.44  55.4  4702800  55.4
2010-04-21  56.66  56.92  55.29  55.61  4945000  55.61
2010-04-20  58.31  58.31  56.32  56.75  6309900  56.75
2010-04-19  55.86  57.64  55.8  57.43  6357600  57.43
2010-04-16  55.35  56.29  55.21  56.03  8120100  56.03
2010-04-15  55.7  55.86  54.04  55.56  11739900  55.56
2010-04-14  56.71  56.91  55.6  55.92  7712600  55.92
2010-04-13  57.91  58.23  56.8  57.07  6152100  57.07
2010-04-12  58.02  58.45  57.85  58.17  4583700  58.17
2010-04-09  58.74  58.85  57.2  58.1  7036700  58.1
2010-04-08  59.8  59.95  58.37  58.89  7520400  58.89
2010-04-07  61.0  61.25  59.55  60.0  7326800  60.0
2010-04-06  61.63  62.42  61.28  61.28  3795700  61.28
2010-04-05  61.75  62.19  61.36  61.97  2962700  61.97
2010-04-01  61.14  61.49  60.87  61.37  3527900  61.37
2010-03-31  61.77  61.85  60.99  61.06  5289300  61.06
2010-03-30  60.93  61.79  60.54  61.35  3618400  61.35
2010-03-29  60.04  61.06  59.78  60.88  4434200  60.88
2010-03-26  60.52  60.62  59.78  59.8  3656500  59.8
2010-03-25  60.6  60.95  59.76  60.31  3414400  60.31
2010-03-24  60.04  60.86  59.84  60.13  5141200  60.13
2010-03-23  61.05  61.2  59.69  60.33  5986200  60.33
2010-03-22  61.85  62.91  60.81  61.07  8654700  61.07
2010-03-19  61.03  62.44  60.93  61.71  12464600  61.71
2010-03-18  58.51  60.99  57.68  60.53  10554100  60.53
2010-03-17  58.94  59.16  57.88  58.74  6469400  58.74
2010-03-16  58.26  58.82  57.54  58.77  4710100  58.77
2010-03-15  59.24  59.34  57.49  58.35  6408200  58.35
2010-03-12  60.65  60.65  58.98  59.35  5541500  59.35
2010-03-11  59.19  60.44  58.87  60.27  6307100  60.27
2010-03-10  58.09  59.68  58.09  59.26  6002200  59.26
2010-03-09  58.4  58.87  58.13  58.26  3654300  58.26
2010-03-08  58.92  59.51  58.44  58.76  4424000  58.76
2010-03-05  58.12  59.1  58.02  59.04  4360700  59.04
2010-03-04  59.02  59.02  56.97  58.07  8895200  58.07
2010-03-03  58.17  59.46  57.96  59.14  4413200  59.14
2010-03-02  58.11  59.65  58.04  58.71  5509600  58.71
2010-03-01  59.27  60.19  58.04  58.86  6988200  58.86
2010-02-26  58.32  59.74  58.32  58.68  7666100  58.68
2010-02-25  56.72  58.43  56.17  58.28  15277300  58.28
2010-02-24  56.28  57.26  55.48  57.04  6493800  57.04
2010-02-23  56.26  56.68  55.52  55.97  5930200  55.97
2010-02-22  55.34  56.69  54.92  56.37  8005200  56.37
2010-02-19  56.07  56.21  55.37  55.45  5993500  55.45
2010-02-18  56.06  56.79  55.24  56.06  6166400  56.06
2010-02-17  55.53  57.94  55.53  56.62  9182300  56.62
2010-02-16  56.22  56.49  54.05  55.44  9030900  55.44
2010-02-12  56.74  56.76  56.01  56.27  5727000  56.27
2010-02-11  56.91  57.46  56.29  57.4  5832300  57.4
2010-02-10  58.28  58.41  55.53  56.91  10418700  56.91
2010-02-09  58.94  59.08  57.32  58.28  7747100  58.28
2010-02-08  58.45  59.43  57.95  58.47  5380200  58.47
2010-02-05  59.36  59.82  57.2  58.51  8633700  58.51
2010-02-04  60.1  60.84  59.54  59.59  4609000  59.59
2010-02-03  61.2  61.77  60.11  60.76  3813900  60.76
2010-02-02  61.13  61.81  60.68  61.69  4178500  61.69
2010-02-01  60.8  61.53  59.37  60.89  3976300  60.89
2010-01-29  61.14  61.41  60.42  60.43  4598900  60.43
2010-01-28  61.65  63.04  61.02  61.1  8125600  61.1
2010-01-27  59.48  61.96  58.91  61.29  9362400  61.29
2010-01-26  61.64  61.74  60.58  60.58  7404900  60.58
2010-01-25  62.08  63.03  61.81  62.17  5771700  62.17
2010-01-22  62.47  63.33  59.04  61.74  6916000  61.74
2010-01-21  64.38  64.83  61.95  62.12  8138200  62.12
2010-01-20  65.79  66.39  63.73  64.19  14642100  64.19
2010-01-19  64.32  65.91  63.91  64.55  12115500  64.55
2010-01-15  62.92  63.76  62.23  63.21  7040100  63.21
2010-01-14  61.6  63.05  61.34  62.8  5137400  62.8
2010-01-13  60.47  61.66  60.2  61.62  5555800  61.62
2010-01-12  60.51  61.0  59.4  60.19  5813100  60.19
2010-01-11  60.96  61.53  60.57  60.99  4369600  60.99
2010-01-08  60.31  60.76  59.76  60.64  5270900  60.64
2010-01-07  58.5  60.49  58.08  60.38  6028900  60.38
2010-01-06  57.02  58.35  57.02  58.21  6449100  58.21
2010-01-05  57.46  58.09  57.06  57.28  8385500  57.28
2010-01-04  55.66  56.73  55.37  56.67  4641800  56.67
