Date  Open  High  Low  Close  Volume  Adj Close
2014-02-28  40.55  41.52  40.55  41.5  3542400  41.5
2014-02-27  40.83  41.09  40.45  40.58  2166400  40.58
2014-02-26  40.74  41.1  40.65  40.85  2813700  40.85
2014-02-25  41.0  41.16  40.6  40.76  2978300  40.76
2014-02-24  41.04  41.31  40.9  41.06  3222400  41.06
2014-02-21  41.08  41.29  40.83  40.99  2672200  40.99
2014-02-20  41.13  41.41  40.84  40.98  3454600  40.98
2014-02-19  41.17  41.68  40.67  41.19  4958800  41.19
2014-02-18  42.69  43.45  41.4  41.72  6161100  41.72
2014-02-14  43.22  43.78  43.01  43.67  1715900  43.67
2014-02-13  42.72  43.37  42.62  43.33  1134800  43.33
2014-02-12  42.86  43.06  42.8  42.88  1208800  42.88
2014-02-11  42.54  43.07  42.5  42.85  1643900  42.85
2014-02-10  42.84  42.85  42.37  42.64  2498300  42.64
2014-02-07  42.31  43.0  42.31  42.84  2407800  42.84
2014-02-06  41.5  42.25  41.39  42.07  2090600  42.07
2014-02-05  41.13  41.66  41.12  41.5  2167300  41.5
2014-02-04  41.15  41.37  41.08  41.29  1764600  41.29
2014-02-03  41.72  41.86  40.89  41.0  3098500  41.0
2014-01-31  41.34  41.84  41.16  41.78  2745500  41.78
2014-01-30  41.37  41.92  41.31  41.79  1863800  41.79
2014-01-29  41.15  41.46  40.86  41.07  3043600  41.07
2014-01-28  41.63  41.78  41.23  41.44  2139800  41.44
2014-01-27  41.61  41.84  41.37  41.54  2464800  41.54
2014-01-24  42.05  42.12  41.61  41.64  3029400  41.64
2014-01-23  42.49  42.51  41.91  42.31  3057400  42.31
2014-01-22  43.04  43.05  42.68  42.75  1743800  42.75
2014-01-21  43.41  43.45  42.75  42.91  1949300  42.91
2014-01-17  42.96  43.33  42.84  43.12  2450800  43.12
2014-01-16  43.11  43.19  42.75  42.86  2193200  42.86
2014-01-15  43.44  43.48  43.16  43.19  1831900  43.19
2014-01-14  43.09  43.43  43.05  43.3  1794200  43.3
2014-01-13  43.34  43.47  42.93  43.03  2471900  43.03
2014-01-10  44.06  44.14  43.43  43.61  2015400  43.61
2014-01-09  44.1  44.17  43.6  43.73  1637100  43.73
2014-01-08  44.09  44.14  43.78  43.99  1761800  43.99
2014-01-07  44.04  44.18  43.84  44.08  2136700  44.08
2014-01-06  44.38  44.39  43.71  43.76  1907200  43.76
2014-01-03  44.25  44.46  44.0  44.19  1463400  44.19
2014-01-02  44.79  44.8  44.1  44.2  1503800  44.2
2013-12-31  44.91  45.0  44.75  44.87  1027000  44.87
2013-12-30  44.81  44.93  44.68  44.88  1019500  44.88
2013-12-27  44.91  45.02  44.8  44.91  702900  44.91
2013-12-26  45.1  45.12  44.8  44.98  987000  44.98
2013-12-24  44.78  45.09  44.78  44.92  766300  44.92
2013-12-23  44.46  44.79  44.45  44.73  2721900  44.73
2013-12-20  43.84  44.45  43.84  44.37  3735600  44.37
2013-12-19  43.91  44.09  43.69  43.89  2048400  43.89
2013-12-18  43.58  44.03  42.95  43.99  3454600  43.99
2013-12-17  43.66  43.72  43.35  43.46  2733300  43.46
2013-12-16  43.68  43.92  43.6  43.73  3054000  43.73
2013-12-13  43.85  43.97  43.55  43.62  1997700  43.62
2013-12-12  43.7  44.13  43.55  43.81  2350600  43.81
2013-12-11  44.5  44.64  43.72  43.76  2506000  43.76
2013-12-10  44.68  44.77  44.46  44.55  2321200  44.55
2013-12-09  44.85  44.93  44.61  44.65  1716100  44.65
2013-12-06  44.82  45.05  44.74  44.83  1687300  44.83
2013-12-05  44.47  44.61  44.27  44.34  2068500  44.34
2013-12-04  44.5  44.79  44.31  44.56  2322900  44.56
2013-12-03  44.63  44.91  44.52  44.63  2221400  44.63
2013-12-02  45.27  45.36  44.89  44.95  3319300  44.95
2013-11-29  45.23  45.46  45.08  45.32  1131100  45.32
2013-11-27  45.39  45.44  45.0  45.28  1713800  45.28
2013-11-26  45.29  45.43  45.25  45.35  2082800  45.35
2013-11-25  45.86  46.01  45.17  45.31  8638400  45.31
2013-11-22  45.2  45.76  45.11  45.73  7267600  45.73
2013-11-21  45.03  45.51  44.83  45.41  6290900  45.41
2013-11-20  45.1  45.37  44.91  45.05  1530100  45.05
2013-11-19  44.96  45.18  44.79  44.98  2928500  44.98
2013-11-18  44.92  45.36  44.81  45.12  1923900  45.12
2013-11-15  44.41  44.96  44.41  44.85  2052400  44.85
2013-11-14  43.8  44.59  43.79  44.43  2175800  44.43
2013-11-13  43.4  43.83  43.01  43.83  3453100  43.83
2013-11-12  43.6  43.69  43.08  43.44  1838500  43.44
2013-11-11  43.74  44.01  43.62  43.77  1123100  43.77
2013-11-08  43.11  43.81  43.06  43.81  1461400  43.81
2013-11-07  43.47  43.68  43.01  43.03  1908400  43.03
2013-11-06  43.44  43.56  43.22  43.43  2714500  43.43
2013-11-05  43.2  43.44  43.01  43.35  1680900  43.35
2013-11-04  43.4  43.49  43.21  43.27  1967600  43.27
2013-11-01  43.17  43.48  43.09  43.34  1830800  43.34
2013-10-31  42.16  43.3  42.16  43.19  2620900  43.19
2013-10-30  42.9  43.35  42.15  42.2  3818800  42.2
2013-10-29  43.22  44.24  42.86  42.9  4017100  42.9
2013-10-28  43.28  43.52  43.02  43.26  2419800  43.26
2013-10-25  42.84  43.33  42.68  43.3  1552600  43.3
2013-10-24  43.12  43.12  42.62  42.92  1644800  42.92
2013-10-23  42.55  43.02  42.39  42.95  1904100  42.95
2013-10-22  42.28  42.72  42.24  42.67  1447300  42.67
2013-10-21  42.1  42.2  41.75  42.18  1376600  42.18
2013-10-18  42.21  42.25  42.0  42.11  1284200  42.11
2013-10-17  41.44  42.15  41.28  42.13  1768900  42.13
2013-10-16  41.38  41.65  41.21  41.64  1068300  41.64
2013-10-15  41.2  41.5  41.07  41.1  974500  41.1
2013-10-14  41.17  41.5  41.0  41.39  798700  41.39
2013-10-11  40.82  41.52  40.77  41.41  1452700  41.41
2013-10-10  40.51  40.9  40.33  40.9  1322900  40.9
2013-10-09  40.29  40.32  39.98  40.08  1277500  40.08
2013-10-08  40.44  40.57  40.14  40.17  1228400  40.17
2013-10-07  40.16  40.67  40.06  40.53  1407500  40.53
2013-10-04  40.3  40.57  40.17  40.47  1050300  40.47
2013-10-03  40.76  40.8  39.96  40.3  1419500  40.3
2013-10-02  41.07  41.07  40.57  40.89  1280200  40.89
2013-10-01  40.91  41.29  40.78  41.25  939700  41.25
2013-09-30  40.71  40.99  40.65  40.91  1309900  40.91
2013-09-27  41.16  41.23  40.8  41.06  1193700  41.06
2013-09-26  41.17  41.41  41.12  41.36  1463100  41.36
2013-09-25  41.22  41.36  41.0  41.04  1410500  41.04
2013-09-24  41.42  41.73  41.32  41.36  1450100  41.36
2013-09-23  41.67  41.87  41.39  41.52  1332300  41.52
2013-09-20  41.99  42.03  41.66  41.75  2216500  41.75
2013-09-19  41.91  42.14  41.8  41.93  1259400  41.93
2013-09-18  40.84  41.9  40.77  41.88  2229800  41.88
2013-09-17  41.07  41.14  40.57  40.86  1447000  40.86
2013-09-16  40.87  41.28  40.81  41.07  1196500  41.07
2013-09-13  40.68  40.75  40.44  40.56  1184200  40.56
2013-09-12  40.65  40.85  40.51  40.54  1282800  40.54
2013-09-11  40.39  40.66  40.24  40.58  1225700  40.58
2013-09-10  40.17  40.45  40.07  40.37  1174400  40.37
2013-09-09  39.72  40.04  39.7  40.02  1082400  40.02
2013-09-06  39.71  39.78  39.28  39.6  1639900  39.6
2013-09-05  39.68  39.83  39.51  39.53  2314000  39.53
2013-09-04  39.46  39.97  39.28  39.72  2334400  39.72
2013-09-03  40.18  40.26  39.22  39.47  2047100  39.47
2013-08-30  40.21  40.22  39.62  39.75  2003100  39.75
2013-08-29  40.3  40.53  40.13  40.22  1172400  40.22
2013-08-28  40.4  40.52  40.22  40.4  1206700  40.4
2013-08-27  40.89  41.09  40.45  40.47  2100600  40.47
2013-08-26  41.43  41.51  41.19  41.27  961300  41.27
2013-08-23  41.3  41.55  41.26  41.4  1164500  41.4
2013-08-22  40.93  41.46  40.89  41.18  1205300  41.18
2013-08-21  41.31  41.32  40.79  40.87  1415700  40.87
2013-08-20  41.02  41.66  40.83  41.4  1663800  41.4
2013-08-19  41.19  41.27  40.98  41.02  1265600  41.02
2013-08-16  41.02  41.36  41.0  41.22  1497000  41.22
2013-08-15  41.73  41.73  40.94  41.14  2937800  41.14
2013-08-14  42.78  42.78  42.3  42.39  1701000  42.39
2013-08-13  42.48  42.85  42.36  42.76  1601100  42.76
2013-08-12  42.45  42.74  42.29  42.44  1914900  42.44
2013-08-09  42.39  42.49  42.08  42.47  1280800  42.47
2013-08-08  42.12  42.5  42.04  42.36  1234100  42.36
2013-08-07  41.85  42.1  41.47  42.07  1697500  42.07
2013-08-06  41.93  42.04  41.8  41.91  1323400  41.91
2013-08-05  41.72  42.03  41.69  42.01  1445000  42.01
2013-08-02  41.82  42.0  41.53  41.88  1409700  41.88
2013-08-01  41.53  41.95  41.47  41.82  1490600  41.82
2013-07-31  41.17  41.6  41.08  41.32  1979800  41.32
2013-07-30  41.14  41.51  40.88  41.01  1606600  41.01
2013-07-29  41.33  41.39  41.06  41.14  1237500  41.14
2013-07-26  41.36  41.48  41.04  41.33  1504100  41.33
2013-07-25  41.41  41.69  41.3  41.63  1079700  41.63
2013-07-24  41.73  42.1  41.51  41.59  1449500  41.59
2013-07-23  41.64  41.71  41.4  41.71  1182600  41.71
2013-07-22  41.71  41.89  41.54  41.64  925100  41.64
2013-07-19  41.7  41.71  41.36  41.67  1196700  41.67
2013-07-18  41.38  41.77  41.35  41.6  1512600  41.6
2013-07-17  41.29  41.41  41.02  41.17  851300  41.17
2013-07-16  41.34  41.48  41.0  41.15  1073600  41.15
2013-07-15  41.31  41.5  41.25  41.35  1107800  41.35
2013-07-12  41.28  41.47  41.11  41.35  1192500  41.35
2013-07-11  41.12  41.29  40.96  41.27  1147200  41.27
2013-07-10  40.52  41.03  40.52  40.7  2134400  40.7
2013-07-09  40.09  40.68  40.06  40.54  1785600  40.54
2013-07-08  40.1  40.35  39.73  39.99  2309800  39.99
2013-07-05  39.61  40.09  39.4  40.06  1213600  40.06
2013-07-03  39.57  39.62  39.25  39.5  748200  39.5
2013-07-02  39.87  40.28  39.56  39.71  1258600  39.71
2013-07-01  39.71  40.29  39.66  39.99  1503000  39.99
2013-06-28  39.45  39.82  39.04  39.64  2424200  39.64
2013-06-27  39.55  39.72  39.35  39.53  1540400  39.53
2013-06-26  38.74  39.41  38.69  39.38  2528600  39.38
2013-06-25  38.65  38.86  38.15  38.44  2852400  38.44
2013-06-24  38.78  38.9  38.37  38.38  2439500  38.38
2013-06-21  39.15  39.35  38.78  39.18  2891400  39.18
2013-06-20  39.27  39.27  38.8  38.87  2009000  38.87
2013-06-19  40.15  40.16  39.48  39.49  1646500  39.49
2013-06-18  39.86  40.24  39.72  40.16  1237100  40.16
2013-06-17  39.24  39.93  39.06  39.76  2408100  39.76
2013-06-14  39.08  39.27  38.97  39.01  2317600  39.01
2013-06-13  39.0  39.32  38.91  39.16  3272700  39.16
2013-06-12  39.79  39.79  39.42  39.46  1642400  39.46
2013-06-11  39.57  39.91  39.44  39.58  1639800  39.58
2013-06-10  39.92  40.05  39.68  39.76  2574000  39.76
2013-06-07  39.02  39.83  38.16  39.78  5462600  39.78
2013-06-06  40.2  40.39  39.36  39.9  2935600  39.9
2013-06-05  40.76  40.76  40.03  40.28  2344800  40.28
2013-06-04  40.47  40.86  40.47  40.7  2935700  40.7
2013-06-03  40.92  40.92  40.34  40.55  2471500  40.55
2013-05-31  40.95  41.32  40.86  40.86  2529700  40.86
2013-05-30  40.88  41.26  40.85  41.07  1238800  41.07
2013-05-29  41.22  41.24  40.58  40.83  2034800  40.83
2013-05-28  41.54  41.7  41.12  41.36  2102100  41.36
2013-05-24  41.02  41.36  40.98  41.3  1216400  41.3
2013-05-23  40.72  41.41  40.72  41.22  1519500  41.22
2013-05-22  41.61  41.9  41.07  41.24  1955900  41.24
2013-05-21  41.53  41.85  41.5  41.66  1659200  41.66
2013-05-20  41.31  41.59  41.25  41.5  1844400  41.5
2013-05-17  40.96  41.32  40.93  41.3  1892900  41.3
2013-05-16  40.76  41.05  40.73  40.92  1147400  40.92
2013-05-15  40.34  40.98  40.16  40.91  1735500  40.91
2013-05-14  40.04  40.44  39.99  40.44  1416500  40.44
2013-05-13  40.11  40.13  39.88  39.98  1033300  39.98
2013-05-10  40.22  40.35  40.01  40.16  1097100  40.16
2013-05-09  40.41  40.48  40.01  40.24  1670000  40.24
2013-05-08  40.33  40.47  40.09  40.47  1460100  40.47
2013-05-07  40.17  40.42  40.1  40.36  1519500  40.36
2013-05-06  39.99  40.18  39.95  40.04  1167500  40.04
2013-05-03  40.0  40.18  39.92  40.07  2966600  40.07
2013-05-02  39.6  39.81  39.43  39.76  2391200  39.76
2013-05-01  39.76  40.12  39.51  39.51  2377800  39.51
2013-04-30  39.35  39.95  39.07  39.93  3565800  39.93
2013-04-29  39.2  39.57  39.09  39.43  2567300  39.43
2013-04-26  39.07  39.41  38.94  39.16  2104600  39.16
2013-04-25  38.93  39.94  38.88  39.0  4440900  39.0
2013-04-24  37.84  38.86  37.79  38.54  3144800  38.54
2013-04-23  37.72  37.95  37.35  37.71  2312100  37.71
2013-04-22  37.77  37.87  37.41  37.54  1779900  37.54
2013-04-19  37.29  37.82  37.24  37.71  1991400  37.71
2013-04-18  37.5  37.51  36.99  37.16  2287500  37.16
2013-04-17  37.86  37.94  37.22  37.42  2044500  37.42
2013-04-16  37.6  38.1  37.52  38.05  1992100  38.05
2013-04-15  38.02  38.17  37.33  37.45  2328000  37.45
2013-04-12  37.96  38.34  37.96  38.21  1937900  38.21
2013-04-11  38.31  38.43  38.02  38.29  2726800  38.29
2013-04-10  38.0  38.48  37.98  38.35  1923600  38.35
2013-04-09  37.8  38.14  37.7  37.89  1809600  37.89
2013-04-08  37.53  37.76  37.39  37.76  1683100  37.76
2013-04-05  37.58  37.62  37.35  37.52  2261900  37.52
2013-04-04  37.69  38.01  37.67  37.86  1936400  37.86
2013-04-03  37.88  38.11  37.56  37.65  2619800  37.65
2013-04-02  37.79  38.12  37.68  37.79  2480200  37.79
2013-04-01  38.05  38.18  37.46  37.65  2287800  37.65
2013-03-28  37.65  38.27  37.57  38.21  4283300  38.21
2013-03-27  37.5  37.79  37.34  37.63  2283600  37.63
2013-03-26  37.6  37.75  37.48  37.65  1908200  37.65
2013-03-25  37.4  37.46  37.13  37.4  2823500  37.4
2013-03-22  36.98  37.4  36.92  37.39  2229100  37.39
2013-03-21  36.78  37.0  36.74  36.91  2291100  36.91
2013-03-20  36.57  36.97  36.44  36.96  2894600  36.96
2013-03-19  36.61  36.66  36.27  36.46  2114900  36.46
2013-03-18  36.3  36.59  36.29  36.52  1557000  36.52
2013-03-15  36.13  36.59  36.06  36.56  2753800  36.56
2013-03-14  36.33  36.47  36.15  36.28  2185600  36.28
2013-03-13  36.08  36.38  36.05  36.31  1585900  36.31
2013-03-12  36.08  36.35  35.9  36.01  1576200  36.01
2013-03-11  35.97  36.18  35.83  36.05  2531000  36.05
2013-03-08  35.98  36.09  35.78  35.97  2152300  35.97
2013-03-07  35.92  36.11  35.65  35.81  2398000  35.81
2013-03-06  36.28  36.32  35.85  35.92  1888000  35.92
2013-03-05  36.01  36.31  35.98  36.18  2226700  36.18
2013-03-04  35.62  35.99  35.48  35.89  2368500  35.89
2013-03-01  35.87  35.92  35.41  35.6  2160200  35.6
2013-02-28  35.76  36.18  35.6  36.01  3904500  36.01
2013-02-27  35.24  35.81  35.23  35.75  2149500  35.75
2013-02-26  35.19  35.4  35.09  35.31  1809100  35.31
2013-02-25  35.41  35.45  35.06  35.06  3595900  35.06
2013-02-22  35.21  35.41  35.15  35.32  2150200  35.32
2013-02-21  35.2  35.29  34.96  35.14  2075300  35.14
2013-02-20  35.25  35.43  35.22  35.25  2040500  35.25
2013-02-19  35.5  35.5  35.15  35.33  2601100  35.33
2013-02-15  35.81  35.85  35.23  35.4  3600800  35.4
2013-02-14  34.72  36.12  34.25  35.83  6154700  35.83
2013-02-13  35.23  35.52  35.16  35.35  3344000  35.35
2013-02-12  35.03  35.21  34.93  35.18  1525600  35.18
2013-02-11  35.03  35.2  35.01  35.03  1670500  35.03
2013-02-08  34.93  35.06  34.55  35.02  3671500  35.02
2013-02-07  34.84  35.54  34.8  35.27  4971500  35.27
2013-02-06  34.58  34.86  34.35  34.83  3093700  34.83
2013-02-05  34.83  35.01  34.59  34.71  2784500  34.71
2013-02-04  34.87  35.03  34.63  34.66  1888900  34.66
2013-02-01  35.26  35.26  34.9  35.02  2624900  35.02
2013-01-31  34.87  35.15  34.69  35.1  3742100  35.1
2013-01-30  35.09  35.15  34.64  34.78  3684800  34.78
2013-01-29  35.18  35.4  35.01  35.03  3215800  35.03
2013-01-28  34.71  36.65  34.49  35.18  13811200  35.18
2013-01-25  34.28  34.47  34.13  34.44  2430200  34.44
2013-01-24  34.23  34.36  34.17  34.27  2711600  34.27
2013-01-23  34.4  34.49  34.02  34.25  2753400  34.25
2013-01-22  34.04  34.49  34.03  34.49  2062400  34.49
2013-01-18  34.14  34.15  33.7  34.01  4898200  34.01
2013-01-17  33.77  34.11  33.74  34.03  2256800  34.03
2013-01-16  33.65  33.76  33.46  33.74  2251300  33.74
2013-01-15  33.57  33.7  33.47  33.68  1800400  33.68
2013-01-14  33.6  33.76  33.49  33.63  1611500  33.63
2013-01-11  33.63  33.67  33.44  33.59  1510800  33.59
2013-01-10  33.41  33.66  33.27  33.63  2983200  33.63
2013-01-09  32.92  33.52  32.8  33.35  3577800  33.35
2013-01-08  32.77  32.86  32.65  32.84  2356100  32.84
2013-01-07  32.78  32.92  32.66  32.78  2887200  32.78
2013-01-04  32.99  33.01  32.66  32.88  3656800  32.88
2013-01-03  32.8  33.12  32.56  32.89  2467300  32.89
2013-01-02  32.93  32.93  32.52  32.78  4247900  32.78
2012-12-31  32.18  32.55  32.03  32.55  3415500  32.55
2012-12-28  32.4  32.51  32.22  32.28  3060300  32.28
2012-12-27  32.54  32.65  32.36  32.53  2994100  32.53
2012-12-26  32.69  32.81  32.47  32.54  2752900  32.54
2012-12-24  32.57  32.74  32.42  32.65  1454700  32.65
2012-12-21  32.52  32.86  32.48  32.66  4684000  32.66
2012-12-20  32.64  32.81  32.46  32.81  2936600  32.81
2012-12-19  32.71  32.85  32.41  32.61  4733000  32.61
2012-12-18  32.53  32.72  32.39  32.72  4941400  32.72
2012-12-17  32.41  32.59  32.39  32.55  2428600  32.55
2012-12-14  32.46  32.49  32.26  32.39  2682400  32.39
2012-12-13  32.38  32.65  32.31  32.46  5716600  32.46
2012-12-12  32.87  32.91  32.1  32.32  6429600  32.32
2012-12-11  33.16  33.23  32.75  32.8  6199100  32.8
2012-12-10  32.8  33.13  32.8  33.12  3715600  33.12
2012-12-07  32.6  32.94  32.46  32.92  3395100  32.92
2012-12-06  32.41  32.59  32.18  32.5  3542200  32.5
2012-12-05  32.0  32.51  31.93  32.34  5020600  32.34
2012-12-04  31.35  31.61  31.34  31.48  2139500  31.48
2012-12-03  31.53  31.54  31.21  31.38  1780600  31.38
2012-11-30  31.41  31.52  31.24  31.43  2165200  31.43
2012-11-29  31.36  31.45  31.17  31.42  1967300  31.42
2012-11-28  30.69  31.23  30.67  31.23  2447800  31.23
2012-11-27  30.88  30.99  30.77  30.79  1831900  30.79
2012-11-26  30.84  30.99  30.79  30.91  2733300  30.91
2012-11-23  30.67  30.88  30.61  30.88  1285800  30.88
2012-11-21  30.39  30.71  30.25  30.64  2556700  30.64
2012-11-20  30.15  30.37  30.03  30.36  2021300  30.36
2012-11-19  30.22  30.29  29.99  30.17  2360300  30.17
2012-11-16  29.51  29.99  29.5  29.99  4824700  29.99
2012-11-15  29.64  29.8  29.41  29.54  2303000  29.54
2012-11-14  30.11  30.21  29.63  29.66  3093600  29.66
2012-11-13  30.25  30.42  30.1  30.11  2419400  30.11
2012-11-12  30.39  30.44  30.27  30.36  1532900  30.36
2012-11-09  30.19  30.53  30.19  30.36  2324600  30.36
2012-11-08  30.46  30.58  30.2  30.2  3154100  30.2
2012-11-07  30.56  30.69  30.45  30.46  3621700  30.46
2012-11-06  30.87  31.03  30.68  30.76  3277500  30.76
2012-11-05  30.62  30.97  30.34  30.8  2838500  30.8
2012-11-02  31.62  31.62  30.66  30.7  4071900  30.7
2012-11-01  31.3  31.73  31.25  31.49  2589300  31.49
2012-10-31  31.39  31.87  31.22  31.24  3641900  31.24
2012-10-26  31.14  31.21  31.0  31.05  1637900  31.05
2012-10-25  30.89  31.25  30.82  31.19  2085600  31.19
2012-10-24  30.92  30.97  30.63  30.69  1937400  30.69
2012-10-23  30.88  30.92  30.65  30.82  1804000  30.82
2012-10-22  30.97  31.19  30.92  31.09  1619000  31.09
2012-10-19  31.36  31.48  30.95  31.04  2950900  31.04
2012-10-18  31.23  31.52  31.2  31.47  2156000  31.47
2012-10-17  30.99  31.34  30.92  31.25  2504400  31.25
2012-10-16  30.92  31.07  30.87  30.98  2836000  30.98
2012-10-15  30.6  30.84  30.53  30.84  2045600  30.84
2012-10-12  30.71  30.77  30.54  30.62  2884200  30.62
2012-10-11  30.63  30.69  30.5  30.64  2038400  30.64
2012-10-10  30.38  30.67  30.35  30.54  3069900  30.54
2012-10-09  30.61  30.74  30.43  30.43  2643300  30.43
2012-10-08  30.49  30.75  30.45  30.62  2370400  30.62
2012-10-05  30.75  30.81  30.5  30.58  2745100  30.58
2012-10-04  30.27  30.64  30.08  30.55  3943900  30.55
2012-10-03  30.21  30.34  30.09  30.23  2702800  30.23
2012-10-02  30.2  30.26  30.1  30.22  3133100  30.22
2012-10-01  30.6  30.65  30.1  30.18  4664600  30.18
2012-09-28  30.44  30.68  30.41  30.61  3718100  30.61
2012-09-27  30.45  30.71  30.44  30.56  3998500  30.56
2012-09-26  30.67  30.91  30.4  30.4  3638600  30.4
2012-09-25  30.98  31.07  30.61  30.61  4913200  30.61
2012-09-24  30.97  31.06  30.81  30.87  2946800  30.87
2012-09-21  31.13  31.13  30.89  30.99  6819200  30.99
2012-09-20  31.13  31.16  30.93  31.06  4620000  31.06
2012-09-19  31.85  32.01  31.15  31.19  7621400  31.19
2012-09-18  32.39  32.53  32.31  32.39  3174300  32.39
2012-09-17  32.45  32.68  32.33  32.39  4789800  32.39
2012-09-14  32.57  32.64  32.33  32.41  3563400  32.41
2012-09-13  32.44  32.62  32.18  32.51  3388200  32.51
2012-09-12  32.68  32.76  32.42  32.44  2346600  32.44
2012-09-11  32.75  32.79  32.53  32.59  2215600  32.59
2012-09-10  32.77  32.87  32.53  32.7  1822200  32.7
2012-09-07  32.91  32.97  32.76  32.92  2237500  32.92
2012-09-06  32.68  32.87  32.55  32.86  2818500  32.86
2012-09-05  32.78  32.78  32.32  32.44  3046700  32.44
2012-09-04  32.8  32.94  32.54  32.83  11117200  32.83
2012-08-31  32.69  32.87  32.55  32.66  9377900  32.66
2012-08-30  32.53  32.72  32.44  32.61  2360300  32.61
2012-08-29  32.3  32.83  32.3  32.73  3672900  32.73
2012-08-28  32.16  32.47  32.12  32.33  2342200  32.33
2012-08-27  32.39  32.49  32.14  32.2  2395900  32.2
2012-08-24  32.32  32.63  32.27  32.38  2307800  32.38
2012-08-23  32.46  32.56  32.35  32.43  2939500  32.43
2012-08-22  32.48  32.68  32.4  32.49  2507100  32.49
2012-08-21  32.59  32.87  32.53  32.57  4085600  32.57
2012-08-20  32.99  33.05  32.0  32.68  7905200  32.68
2012-08-17  33.67  33.68  33.46  33.68  2009200  33.68
2012-08-16  33.32  33.72  33.2  33.7  1997500  33.7
2012-08-15  33.17  33.45  33.11  33.37  2020400  33.37
2012-08-14  33.19  33.27  33.06  33.26  1898600  33.26
2012-08-13  33.06  33.11  32.95  33.07  1463800  33.07
2012-08-10  32.9  33.14  32.74  33.11  1362800  33.11
2012-08-09  32.94  33.05  32.82  32.96  1413400  32.96
2012-08-08  32.83  32.99  32.63  32.95  1708800  32.95
2012-08-07  33.06  33.14  32.87  33.02  1910100  33.02
2012-08-06  33.0  33.11  32.91  32.96  2141300  32.96
2012-08-03  32.69  33.03  32.66  32.84  2676200  32.84
2012-08-02  32.14  32.55  32.09  32.36  3914900  32.36
2012-08-01  32.58  32.61  32.15  32.32  4540000  32.32
2012-07-31  32.67  32.73  32.44  32.49  2893200  32.49
2012-07-30  32.26  32.72  32.21  32.66  3436200  32.66
2012-07-27  31.48  32.59  31.33  32.26  7137200  32.26
2012-07-26  30.54  31.42  30.23  31.26  9325800  31.26
2012-07-25  30.79  30.84  30.38  30.64  6082900  30.64
2012-07-24  31.05  31.08  30.55  30.73  6767800  30.73
2012-07-23  30.82  31.14  30.5  31.09  6116300  31.09
2012-07-20  31.36  31.52  31.08  31.12  4583100  31.12
2012-07-19  31.36  31.55  31.02  31.48  3082300  31.48
2012-07-18  30.87  31.46  30.8  31.38  4659000  31.38
2012-07-17  30.65  30.97  30.48  30.97  3868400  30.97
2012-07-16  30.53  30.67  30.32  30.67  4615100  30.67
2012-07-13  30.07  30.59  30.06  30.57  5854700  30.57
2012-07-12  29.68  30.31  29.62  30.12  7152300  30.12
2012-07-11  30.88  30.94  29.35  29.84  16986800  29.84
2012-07-10  31.26  31.49  31.11  31.24  5890700  31.24
2012-07-09  31.13  31.32  31.03  31.21  5439700  31.21
2012-07-06  31.21  31.33  31.12  31.17  2645900  31.17
2012-07-05  31.43  31.58  31.34  31.42  2741900  31.42
2012-07-03  31.41  31.67  31.33  31.59  1559000  31.59
2012-07-02  31.68  31.68  31.19  31.42  3770200  31.42
2012-06-29  31.13  31.56  31.08  31.55  4885100  31.55
2012-06-28  30.36  30.75  30.28  30.74  4015000  30.74
2012-06-27  30.37  30.74  30.37  30.61  4274500  30.61
2012-06-26  30.48  30.6  30.32  30.39  4077200  30.39
2012-06-25  30.43  30.63  30.16  30.38  4460700  30.38
2012-06-22  30.82  30.85  30.49  30.57  2554800  30.57
2012-06-21  30.97  31.17  30.62  30.62  3898700  30.62
2012-06-20  30.96  30.98  30.71  30.89  2523000  30.89
2012-06-19  30.84  31.17  30.81  30.88  2391000  30.88
2012-06-18  30.69  30.79  30.57  30.7  1968600  30.7
2012-06-15  30.68  30.75  30.51  30.7  3087100  30.7
2012-06-14  30.68  30.77  30.48  30.56  3026400  30.56
2012-06-13  30.54  30.69  30.41  30.6  3346800  30.6
2012-06-12  30.44  30.62  30.28  30.59  2894200  30.59
2012-06-11  30.86  30.86  30.43  30.43  1612500  30.43
2012-06-08  30.52  30.75  30.49  30.68  2295500  30.68
2012-06-07  30.77  31.05  30.58  30.6  3951300  30.6
2012-06-06  30.37  30.58  30.24  30.51  6223600  30.51
2012-06-05  30.01  30.15  29.97  30.08  4861100  30.08
2012-06-04  30.14  30.2  29.84  30.03  2960700  30.03
2012-06-01  30.08  30.21  30.01  30.04  3656400  30.04
2012-05-31  30.49  30.51  30.2  30.3  3143900  30.3
2012-05-30  30.65  30.69  30.41  30.48  2740900  30.48
2012-05-29  30.83  30.92  30.69  30.78  11503300  30.78
2012-05-25  30.95  31.13  30.76  30.79  8543400  30.79
2012-05-24  31.01  31.15  30.69  30.91  10155500  30.91
2012-05-23  30.53  31.03  30.47  30.97  3665200  30.97
2012-05-22  30.58  30.83  30.41  30.69  2181800  30.69
2012-05-21  30.21  30.52  30.18  30.5  1699000  30.5
2012-05-18  30.32  30.5  30.04  30.17  2634900  30.17
2012-05-17  30.52  30.65  30.13  30.25  2983500  30.25
2012-05-16  30.75  30.77  30.52  30.54  1857400  30.54
2012-05-15  30.52  30.81  30.43  30.51  2918200  30.51
2012-05-14  31.08  31.11  30.32  30.47  5601400  30.47
2012-05-11  31.5  31.59  31.25  31.27  3571000  31.27
2012-05-10  31.63  31.81  31.51  31.6  2013100  31.6
2012-05-09  31.52  31.82  31.43  31.56  2609300  31.56
2012-05-08  31.65  31.81  31.55  31.74  3464800  31.74
2012-05-07  31.7  32.01  31.67  31.77  2775100  31.77
2012-05-04  31.88  32.03  31.69  31.73  2160700  31.73
2012-05-03  32.13  32.28  31.83  32.01  2154500  32.01
2012-05-02  32.12  32.22  31.98  32.19  2343800  32.19
2012-05-01  31.94  32.33  31.84  32.26  2928500  32.26
2012-04-30  31.95  32.19  31.9  31.95  4640800  31.95
2012-04-27  32.91  32.92  31.68  31.99  10798800  31.99
2012-04-26  33.2  33.45  32.67  32.96  4858000  32.96
2012-04-25  33.77  33.94  33.59  33.7  2673900  33.7
2012-04-24  33.55  33.86  33.51  33.61  2621600  33.61
2012-04-23  33.49  33.54  33.23  33.51  2165100  33.51
2012-04-20  33.45  33.95  33.45  33.59  3555700  33.59
2012-04-19  33.48  33.77  33.23  33.38  2623400  33.38
2012-04-18  33.34  33.62  33.33  33.53  2114800  33.53
2012-04-17  33.14  33.38  32.97  33.33  1865100  33.33
2012-04-16  32.87  33.06  32.81  33.02  4248400  33.02
2012-04-13  32.95  33.01  32.78  32.82  3318600  32.82
2012-04-12  32.59  33.16  32.59  33.06  1972400  33.06
2012-04-11  32.53  32.69  32.41  32.59  1700700  32.59
2012-04-10  32.56  32.69  32.22  32.22  2291400  32.22
2012-04-09  32.58  32.79  32.47  32.65  2041400  32.65
2012-04-05  32.63  32.86  32.55  32.8  1939800  32.8
2012-04-04  32.44  32.75  32.34  32.75  2693600  32.75
2012-04-03  32.85  32.86  32.58  32.64  2127300  32.64
2012-04-02  32.55  33.02  32.51  32.87  1728800  32.87
2012-03-30  32.7  32.81  32.51  32.66  1921100  32.66
2012-03-29  32.54  32.63  32.32  32.61  1713200  32.61
2012-03-28  32.92  33.07  32.62  32.68  2012600  32.68
2012-03-27  33.08  33.14  32.92  32.99  1685200  32.99
2012-03-26  32.84  33.08  32.74  33.08  2338100  33.08
2012-03-23  32.7  32.7  32.42  32.65  1755100  32.65
2012-03-22  32.57  32.71  32.34  32.64  1940700  32.64
2012-03-21  32.47  32.82  32.41  32.75  2890500  32.75
2012-03-20  32.42  32.54  32.25  32.52  1523400  32.52
2012-03-19  32.6  32.67  32.39  32.5  2707100  32.5
2012-03-16  32.33  32.64  32.26  32.54  3758000  32.54
2012-03-15  32.53  32.6  32.27  32.37  3478800  32.37
2012-03-14  32.7  32.74  32.25  32.53  2764100  32.53
2012-03-13  32.76  32.76  32.35  32.71  3489000  32.71
2012-03-12  32.65  32.86  32.46  32.6  1471600  32.6
2012-03-09  32.53  32.79  32.48  32.6  2197900  32.6
2012-03-08  32.38  32.64  32.33  32.53  1350100  32.53
2012-03-07  32.17  32.28  31.96  32.18  2044800  32.18
2012-03-06  32.23  32.37  32.02  32.1  2468000  32.1
2012-03-05  32.26  32.5  32.17  32.45  2008800  32.45
2012-03-02  32.52  32.61  32.18  32.26  1657600  32.26
2012-03-01  32.44  32.73  32.31  32.5  2305300  32.5
2012-02-29  32.5  32.52  32.26  32.34  3312300  32.34
2012-02-28  32.69  32.71  32.36  32.54  2445600  32.54
2012-02-27  32.78  32.8  32.63  32.71  3726400  32.71
2012-02-24  32.88  33.06  32.44  32.95  1862000  32.95
2012-02-23  32.47  32.85  32.42  32.79  2106600  32.79
2012-02-22  32.52  32.59  32.13  32.39  3129700  32.39
2012-02-21  32.13  32.63  32.08  32.45  3021200  32.45
2012-02-17  31.99  32.19  31.86  32.0  3187900  32.0
2012-02-16  31.7  32.09  31.59  31.82  5156900  31.82
2012-02-15  32.8  32.91  32.29  32.38  3503600  32.38
2012-02-14  32.83  32.9  32.56  32.77  2427900  32.77
2012-02-13  32.7  32.95  32.57  32.9  2400800  32.9
2012-02-10  32.32  32.58  32.15  32.55  2863700  32.55
2012-02-09  32.75  32.77  32.4  32.53  2241700  32.53
2012-02-08  32.66  32.73  32.52  32.65  2501600  32.65
2012-02-07  32.59  32.7  32.47  32.66  2298800  32.66
2012-02-06  32.64  32.85  32.46  32.7  2489700  32.7
2012-02-03  32.63  32.82  32.57  32.7  2093700  32.7
2012-02-02  32.35  32.59  32.14  32.35  2110400  32.35
2012-02-01  32.27  32.53  32.18  32.35  2567700  32.35
2012-01-31  32.26  32.34  31.87  32.14  2138800  32.14
2012-01-30  32.01  32.17  31.75  32.14  1918100  32.14
2012-01-27  32.08  32.26  31.86  32.18  1983200  32.18
2012-01-26  32.2  32.36  32.03  32.11  2511300  32.11
2012-01-25  31.73  32.07  31.44  32.0  2105500  32.0
2012-01-24  31.57  31.8  31.48  31.74  1629300  31.74
2012-01-23  31.42  31.78  31.37  31.72  2571600  31.72
2012-01-20  31.33  31.44  31.19  31.39  2483600  31.39
2012-01-19  31.26  31.31  30.94  31.3  1955300  31.3
2012-01-18  30.93  31.2  30.88  31.14  3105800  31.14
2012-01-17  31.24  31.42  30.89  30.97  2500500  30.97
2012-01-13  31.08  31.23  30.73  30.88  2033100  30.88
2012-01-12  30.84  31.29  30.79  31.28  2904800  31.28
2012-01-11  30.2  30.82  30.17  30.82  2879200  30.82
2012-01-10  30.69  31.12  30.59  30.9  2582400  30.9
2012-01-09  30.61  30.63  30.34  30.45  2063600  30.45
2012-01-06  30.17  30.64  30.04  30.5  3160700  30.5
2012-01-05  29.86  30.23  29.69  30.15  3736000  30.15
2012-01-04  30.37  30.4  29.89  29.91  2919200  29.91
2012-01-03  30.61  30.92  30.21  30.36  3104500  30.36
2011-12-30  30.36  30.39  30.09  30.24  1873000  30.24
2011-12-29  30.05  30.37  30.0  30.31  1830700  30.31
2011-12-28  30.43  30.49  29.83  29.96  2107400  29.96
2011-12-27  30.27  30.51  30.17  30.37  1765000  30.37
2011-12-23  30.05  30.42  29.9  30.26  2387500  30.26
2011-12-22  29.77  30.33  29.75  29.95  2759400  29.95
2011-12-21  29.5  29.68  29.28  29.64  2358900  29.64
2011-12-20  29.13  29.5  29.08  29.44  2807600  29.44
2011-12-19  28.9  29.13  28.67  28.71  2730300  28.71
2011-12-16  28.64  28.85  28.48  28.66  6489400  28.66
2011-12-15  29.6  29.61  28.56  28.56  5557400  28.56
2011-12-14  28.9  29.44  28.84  29.23  4121900  29.23
2011-12-13  29.48  29.83  28.76  28.89  3922700  28.89
2011-12-12  29.08  29.45  28.91  29.32  3643800  29.32
2011-12-09  28.58  29.45  28.53  29.27  3867200  29.27
2011-12-08  28.81  28.92  28.2  28.26  4182400  28.26
2011-12-07  29.15  29.22  28.81  29.11  2053100  29.11
2011-12-06  29.21  29.35  29.09  29.23  2179100  29.23
2011-12-05  29.2  29.28  29.01  29.15  4080400  29.15
2011-12-02  29.13  29.28  28.75  28.87  3842200  28.87
2011-12-01  28.93  29.12  28.83  28.88  2856200  28.88
2011-11-30  28.62  28.96  28.6  28.94  5000700  28.94
2011-11-29  28.23  28.28  28.08  28.12  2798900  28.12
2011-11-28  28.18  28.41  27.89  28.12  6303400  28.12
2011-11-25  27.66  28.05  27.61  27.71  3505900  27.71
2011-11-23  27.78  28.13  27.56  27.65  6236800  27.65
2011-11-22  27.36  28.15  27.25  27.92  7882200  27.92
2011-11-21  28.1  28.1  27.22  27.27  16226700  27.27
2011-11-18  28.44  28.62  28.14  28.31  11678800  28.31
2011-11-17  28.46  28.47  27.97  28.22  7178200  28.22
2011-11-16  28.33  28.84  28.27  28.47  2818700  28.47
2011-11-15  28.42  28.66  28.25  28.5  2961500  28.5
2011-11-14  28.94  29.0  28.38  28.49  2583100  28.49
2011-11-11  28.69  29.19  28.68  29.11  2200500  29.11
2011-11-10  28.71  28.84  28.33  28.49  3072100  28.49
2011-11-09  28.45  28.76  28.26  28.33  4203600  28.33
2011-11-08  28.96  28.97  28.38  28.95  4042300  28.95
2011-11-07  28.7  28.96  28.45  28.93  3275300  28.93
2011-11-04  28.85  28.9  28.46  28.8  5111400  28.8
2011-11-03  28.98  29.13  28.46  29.09  6668900  29.09
2011-11-02  29.21  29.21  28.44  28.67  6869100  28.67
2011-11-01  29.64  29.68  28.59  28.68  9175700  28.68
2011-10-31  30.47  30.67  30.07  30.1  5593100  30.1
2011-10-28  31.02  31.23  30.48  30.83  4475600  30.83
2011-10-27  32.09  32.48  30.75  31.15  8782700  31.15
2011-10-26  31.38  31.84  31.1  31.7  5349800  31.7
2011-10-25  31.15  31.38  30.73  30.97  3826100  30.97
2011-10-24  30.99  31.58  30.96  31.38  3532900  31.38
2011-10-21  30.72  31.01  30.47  31.0  4288600  31.0
2011-10-20  30.24  30.5  29.94  30.41  3692800  30.41
2011-10-19  30.1  30.49  30.05  30.18  3432200  30.18
2011-10-18  29.73  30.49  29.42  30.25  3453600  30.25
2011-10-17  29.94  30.03  29.61  29.76  2899900  29.76
2011-10-14  30.08  30.26  29.84  30.09  4428700  30.09
2011-10-13  30.09  30.14  29.6  29.77  5583300  29.77
2011-10-12  30.41  30.73  30.11  30.25  5914000  30.25
2011-10-11  30.62  30.62  30.17  30.28  5020700  30.28
2011-10-10  30.49  30.85  30.42  30.85  2630400  30.85
2011-10-07  30.48  30.59  29.85  30.1  5644100  30.1
2011-10-06  29.77  30.25  29.55  30.25  3411600  30.25
2011-10-05  29.28  29.91  29.03  29.84  4186900  29.84
2011-10-04  28.19  29.28  27.91  29.24  5300000  29.24
2011-10-03  29.67  30.22  28.67  28.67  6094400  28.67
2011-09-30  29.26  30.29  29.22  29.77  6464800  29.77
2011-09-29  29.34  29.68  28.87  29.59  5441300  29.59
2011-09-28  29.66  30.06  28.83  28.84  4839800  28.84
2011-09-27  29.86  30.24  29.52  29.69  7377100  29.69
2011-09-26  28.62  29.35  28.37  29.34  9537500  29.34
2011-09-23  26.92  28.39  26.91  28.17  9655700  28.17
2011-09-22  26.42  27.03  26.3  26.83  11629200  26.83
2011-09-21  28.41  28.44  27.07  27.08  7262000  27.08
2011-09-20  28.62  29.24  28.43  28.47  5944100  28.47
2011-09-19  28.85  28.87  28.24  28.57  6083400  28.57
2011-09-16  29.65  29.68  28.98  29.26  6291100  29.26
2011-09-15  29.25  29.52  29.03  29.51  4290500  29.51
2011-09-14  28.56  29.36  28.03  29.04  4686100  29.04
2011-09-13  28.19  28.68  28.03  28.48  4427700  28.48
2011-09-12  27.58  28.29  27.47  28.18  5388600  28.18
2011-09-09  28.33  28.46  27.71  27.86  4952400  27.86
2011-09-08  28.57  28.9  28.36  28.52  4055400  28.52
2011-09-07  28.66  28.82  28.39  28.75  5038200  28.75
2011-09-06  27.55  28.24  27.32  28.08  4409400  28.08
2011-09-02  28.96  29.28  28.06  28.07  7775700  28.07
2011-09-01  29.95  30.17  29.29  29.33  6890800  29.33
2011-08-31  30.53  30.6  29.78  29.89  7528200  29.89
2011-08-30  30.39  30.53  29.89  30.28  6069500  30.28
2011-08-29  29.63  30.7  29.63  30.67  12150300  30.67
2011-08-26  29.26  29.64  28.56  29.26  12274100  29.26
2011-08-25  30.06  30.28  29.26  29.39  12939600  29.39
2011-08-24  28.9  30.04  28.88  29.96  8350600  29.96
2011-08-23  27.41  29.07  27.26  29.07  8697500  29.07
2011-08-22  27.15  27.46  26.82  27.25  5740900  27.25
2011-08-19  26.55  27.03  26.36  26.6  5500800  26.6
2011-08-18  27.43  27.53  26.75  26.89  6893300  26.89
2011-08-17  27.83  28.29  27.76  28.23  4862600  28.23
2011-08-16  27.84  27.87  27.39  27.69  4431200  27.69
2011-08-15  28.17  28.43  27.92  28.02  5796500  28.02
2011-08-12  28.0  28.15  27.53  27.86  6052300  27.86
2011-08-11  26.15  28.19  26.01  27.8  9481800  27.8
2011-08-10  26.62  26.95  25.92  25.97  10030000  25.97
2011-08-09  26.27  27.08  25.11  26.6  18354200  26.6
2011-08-08  27.07  27.35  25.41  25.49  13453000  25.49
2011-08-05  27.72  27.86  26.85  27.48  9695800  27.48
2011-08-04  27.78  28.04  27.21  27.21  9952100  27.21
2011-08-03  28.02  28.27  27.21  27.92  8576000  27.92
2011-08-02  28.44  28.68  27.72  27.74  7122500  27.74
2011-08-01  28.77  28.77  28.23  28.48  8932500  28.48
2011-07-29  29.08  29.46  28.49  28.49  12686100  28.49
2011-07-28  31.22  31.7  29.16  29.57  13315100  29.57
2011-07-27  32.22  32.34  31.98  32.13  4781500  32.13
2011-07-26  32.46  32.59  32.17  32.39  2756100  32.39
2011-07-25  32.3  32.71  32.18  32.53  3964300  32.53
2011-07-22  33.05  33.11  32.49  32.54  3251000  32.54
2011-07-21  32.84  33.34  32.79  33.09  3057700  33.09
2011-07-20  32.78  33.03  32.61  32.7  3036100  32.7
2011-07-19  32.38  32.77  32.35  32.63  2923200  32.63
2011-07-18  32.57  32.64  32.24  32.33  3709700  32.33
2011-07-15  32.72  32.85  32.41  32.72  3062500  32.72
2011-07-14  33.14  33.22  32.57  32.62  3402400  32.62
2011-07-13  33.36  33.4  33.01  33.06  3399800  33.06
2011-07-12  33.36  33.36  32.91  33.14  4717200  33.14
2011-07-11  33.78  33.85  33.48  33.61  2466300  33.61
2011-07-08  34.05  34.19  33.87  34.15  2672900  34.15
2011-07-07  34.34  34.43  34.24  34.38  3286300  34.38
2011-07-06  34.02  34.25  33.88  34.14  2588400  34.14
2011-07-05  33.93  34.18  33.83  34.04  2232900  34.04
2011-07-01  33.63  34.1  33.63  33.97  2445600  33.97
2011-06-30  33.56  33.8  33.43  33.72  2798100  33.72
2011-06-29  33.58  33.74  33.44  33.52  3152500  33.52
2011-06-28  33.39  33.43  33.17  33.39  3171200  33.39
2011-06-27  33.31  33.41  33.11  33.31  2088600  33.31
2011-06-24  33.54  33.69  33.18  33.3  2565200  33.3
2011-06-23  33.44  33.57  33.03  33.57  3154700  33.57
2011-06-22  33.76  34.02  33.73  33.74  2209100  33.74
2011-06-21  33.9  33.96  33.71  33.9  2384600  33.9
2011-06-20  33.25  33.98  33.14  33.77  7321800  33.77
2011-06-17  33.2  33.43  32.93  33.24  3545200  33.24
2011-06-16  33.02  33.1  32.8  32.97  3207800  32.97
2011-06-15  33.14  33.21  32.77  32.91  2700200  32.91
2011-06-14  33.33  33.41  33.23  33.33  2382700  33.33
2011-06-13  33.02  33.21  32.9  33.02  2352800  33.02
2011-06-10  33.26  33.28  33.05  33.06  2641900  33.06
2011-06-09  33.3  33.48  33.22  33.4  3362400  33.4
2011-06-08  33.65  33.77  33.21  33.25  5984200  33.25
2011-06-07  34.14  34.16  33.64  33.64  3398600  33.64
2011-06-06  34.3  34.31  33.97  33.97  2260300  33.97
2011-06-03  34.24  34.56  34.19  34.31  2687700  34.31
2011-06-02  34.7  34.82  34.4  34.6  2932800  34.6
2011-06-01  35.17  35.19  34.62  34.73  3296300  34.73
2011-05-31  35.11  35.19  34.97  35.18  2605200  35.18
2011-05-27  34.54  34.92  34.52  34.86  2886800  34.86
2011-05-26  34.16  34.52  34.14  34.44  2237900  34.44
2011-05-25  34.3  34.45  34.13  34.3  2443900  34.3
2011-05-24  34.53  34.57  34.29  34.41  2469700  34.41
2011-05-23  34.59  34.6  34.3  34.47  2208000  34.47
2011-05-20  35.11  35.15  34.74  34.86  1943600  34.86
2011-05-19  35.14  35.36  35.04  35.17  1959800  35.17
2011-05-18  34.66  35.07  34.57  35.03  2220700  35.03
2011-05-17  34.64  34.73  34.45  34.58  2476600  34.58
2011-05-16  34.68  34.85  34.58  34.72  2208800  34.72
2011-05-13  35.04  35.11  34.63  34.75  2303200  34.75
2011-05-12  34.76  35.08  34.67  35.02  2571700  35.02
2011-05-11  35.0  35.06  34.64  34.84  3314000  34.84
2011-05-10  34.89  35.01  34.84  34.97  2064200  34.97
2011-05-09  34.77  34.93  34.58  34.8  2466100  34.8
2011-05-06  34.89  35.26  34.63  34.72  2506700  34.72
2011-05-05  34.85  34.87  34.44  34.59  2674500  34.59
2011-05-04  35.22  35.39  34.92  35.03  5257200  35.03
2011-05-03  35.26  35.4  35.04  35.29  2177700  35.29
2011-05-02  35.47  35.6  35.31  35.4  2434300  35.4
2011-04-29  35.24  35.52  35.06  35.39  2554400  35.39
2011-04-28  35.36  35.59  34.99  35.52  2874400  35.52
2011-04-27  35.16  35.46  35.08  35.39  2464700  35.39
2011-04-26  34.57  35.25  34.57  35.09  3200000  35.09
2011-04-25  34.37  34.65  34.34  34.53  3687100  34.53
2011-04-21  34.35  34.44  34.23  34.42  1783500  34.42
2011-04-20  33.87  34.27  33.78  34.23  2190900  34.23
2011-04-19  33.46  33.6  33.38  33.52  1669000  33.52
2011-04-18  33.63  33.7  33.35  33.48  1846500  33.48
2011-04-15  34.08  34.09  33.8  33.95  2410700  33.95
2011-04-14  33.66  33.98  33.44  33.92  2290500  33.92
2011-04-13  33.78  33.93  33.57  33.71  4780700  33.71
2011-04-12  33.91  33.96  33.71  33.78  3453700  33.78
2011-04-11  34.01  34.1  33.77  33.87  2131000  33.87
2011-04-08  34.25  34.35  33.81  34.01  2427800  34.01
2011-04-07  34.18  34.28  34.0  34.16  2231600  34.16
2011-04-06  33.94  34.36  33.91  34.3  3099600  34.3
2011-04-05  33.86  33.97  33.72  33.85  2207700  33.85
2011-04-04  33.77  33.9  33.67  33.86  1494300  33.86
2011-04-01  33.56  33.82  33.51  33.77  1984300  33.77
2011-03-31  33.27  33.58  33.19  33.49  2422600  33.49
2011-03-30  33.48  33.59  33.31  33.35  2257400  33.35
2011-03-29  33.24  33.39  33.09  33.34  2178400  33.34
2011-03-28  33.41  33.68  33.28  33.29  1961100  33.29
2011-03-25  33.46  33.63  33.23  33.26  2060300  33.26
2011-03-24  33.21  33.34  33.0  33.34  2033100  33.34
2011-03-23  32.86  33.19  32.76  33.15  2280700  33.15
2011-03-22  33.04  33.23  32.94  33.01  2258300  33.01
2011-03-21  33.08  33.11  32.83  32.97  2248700  32.97
2011-03-18  32.85  33.18  32.53  32.75  2764100  32.75
2011-03-17  32.47  32.93  32.36  32.49  2545900  32.49
2011-03-16  32.84  32.86  32.16  32.38  3932400  32.38
2011-03-15  32.59  33.13  32.55  32.94  3218600  32.94
2011-03-14  32.94  33.21  32.89  33.17  2507300  33.17
2011-03-11  32.94  33.31  32.94  33.07  1923700  33.07
2011-03-10  33.22  33.32  32.99  33.02  2425700  33.02
2011-03-09  33.4  33.5  33.2  33.5  2085400  33.5
2011-03-08  33.13  33.46  33.03  33.33  2293800  33.33
2011-03-07  33.18  33.44  33.01  33.1  2856000  33.1
2011-03-04  33.17  33.77  32.85  33.07  2742700  33.07
2011-03-03  32.99  33.16  32.83  33.11  2816700  33.11
2011-03-02  32.68  32.88  32.54  32.74  2408700  32.74
2011-03-01  33.02  33.12  32.62  32.68  3635000  32.68
2011-02-28  32.9  33.0  32.79  32.94  3221600  32.94
2011-02-25  32.86  32.92  32.58  32.78  2468600  32.78
2011-02-24  33.04  33.15  32.5  32.7  4122200  32.7
2011-02-23  33.49  33.52  33.09  33.11  3663900  33.11
2011-02-22  33.56  33.73  33.36  33.51  2781500  33.51
2011-02-18  33.82  33.93  33.68  33.81  2369800  33.81
2011-02-17  33.93  34.05  33.48  33.75  3522700  33.75
2011-02-16  33.83  33.95  33.72  33.76  2260700  33.76
2011-02-15  33.75  33.87  33.56  33.75  2793900  33.75
2011-02-14  33.85  33.97  33.7  33.93  2912300  33.93
2011-02-11  33.78  34.07  33.58  33.81  2065200  33.81
2011-02-10  33.88  34.01  33.77  33.9  2284000  33.9
2011-02-09  33.77  34.01  33.76  33.93  1925600  33.93
2011-02-08  33.85  33.89  33.7  33.83  1737100  33.83
2011-02-07  33.56  33.85  33.55  33.81  1856500  33.81
2011-02-04  33.58  33.82  33.39  33.52  2039900  33.52
2011-02-03  33.57  33.63  33.32  33.51  1922600  33.51
2011-02-02  33.74  33.99  33.51  33.63  2320500  33.63
2011-02-01  33.77  33.97  33.69  33.86  2280500  33.86
2011-01-31  33.73  33.92  33.56  33.66  2592900  33.66
2011-01-28  34.1  34.29  33.58  33.66  2758000  33.66
2011-01-27  33.92  34.11  33.83  34.07  1745200  34.07
2011-01-26  33.72  34.13  33.68  33.98  2693800  33.98
2011-01-25  33.4  33.69  33.34  33.66  1847600  33.66
2011-01-24  33.33  33.71  33.18  33.51  5226700  33.51
2011-01-21  33.21  33.31  32.99  33.27  2233400  33.27
2011-01-20  33.04  33.21  32.88  33.04  2069000  33.04
2011-01-19  32.93  33.15  32.89  33.05  3258200  33.05
2011-01-18  32.86  33.1  32.71  33.07  2159500  33.07
2011-01-14  32.48  32.91  32.48  32.91  2276300  32.91
2011-01-13  32.42  32.66  32.22  32.6  2854900  32.6
2011-01-12  32.19  32.36  32.03  32.31  1474000  32.31
2011-01-11  32.17  32.36  31.93  32.03  2071300  32.03
2011-01-10  31.98  32.28  31.95  32.13  2019100  32.13
2011-01-07  32.42  32.42  31.99  32.18  1764300  32.18
2011-01-06  32.49  32.53  32.22  32.36  2022000  32.36
2011-01-05  32.42  32.66  32.35  32.51  2126600  32.51
2011-01-04  32.81  32.81  32.34  32.53  1967700  32.53
2011-01-03  32.95  32.95  32.6  32.72  2032700  32.72
2010-12-31  32.67  32.85  32.56  32.77  1653300  32.77
2010-12-30  32.61  32.81  32.56  32.72  1132000  32.72
2010-12-29  32.63  32.78  32.62  32.71  979400  32.71
2010-12-28  32.65  32.73  32.42  32.58  2074800  32.58
2010-12-27  32.35  32.56  32.24  32.55  920900  32.55
2010-12-23  32.35  32.49  32.26  32.43  1157600  32.43
2010-12-22  32.31  32.48  32.28  32.43  1451400  32.43
2010-12-21  32.39  32.52  32.27  32.35  1562000  32.35
2010-12-20  32.36  32.42  32.09  32.26  1906900  32.26
2010-12-17  32.28  32.31  32.06  32.24  2602700  32.24
2010-12-16  32.32  32.36  32.0  32.23  2044500  32.23
2010-12-15  32.19  32.36  32.07  32.15  3420500  32.15
2010-12-14  32.21  32.43  32.06  32.31  2602400  32.31
2010-12-13  31.97  32.23  31.97  32.16  2901800  32.16
2010-12-10  31.5  31.89  31.42  31.88  3668700  31.88
2010-12-09  31.12  31.42  31.03  31.42  3599600  31.42
2010-12-08  30.92  31.09  30.82  31.01  2782000  31.01
2010-12-07  31.1  31.11  30.68  30.87  2915200  30.87
2010-12-06  30.89  30.91  30.66  30.82  1965400  30.82
2010-12-03  31.0  31.02  30.63  30.93  3947700  30.93
2010-12-02  30.7  31.16  30.66  31.09  3550000  31.09
2010-12-01  30.79  30.81  30.6  30.71  4685800  30.71
2010-11-30  30.43  30.57  30.29  30.44  4242000  30.44
2010-11-29  30.76  30.76  30.33  30.59  4546200  30.59
2010-11-26  30.9  30.97  30.65  30.75  1635500  30.75
2010-11-24  30.91  31.21  30.85  31.09  1984500  31.09
2010-11-23  30.76  31.21  30.66  30.71  2445400  30.71
2010-11-22  31.03  31.2  30.74  30.97  7505600  30.97
2010-11-19  31.0  31.16  30.87  31.02  8292500  31.02
2010-11-18  30.92  31.16  30.84  31.0  6862600  31.0
2010-11-17  30.65  30.8  30.57  30.68  1993100  30.68
2010-11-16  30.6  30.81  30.55  30.68  3602700  30.68
2010-11-15  31.0  31.09  30.79  30.82  2347900  30.82
2010-11-12  30.84  31.12  30.68  30.9  3272800  30.9
2010-11-11  30.78  30.84  30.53  30.76  2319400  30.76
2010-11-10  31.0  31.08  30.88  30.9  3154400  30.9
2010-11-09  31.17  31.25  30.89  30.96  2619600  30.96
2010-11-08  31.09  31.18  30.94  30.98  3098100  30.98
2010-11-05  31.54  31.61  30.98  31.27  3570100  31.27
2010-11-04  31.93  31.94  31.48  31.59  3906600  31.59
2010-11-03  31.7  31.76  31.39  31.66  3434600  31.66
2010-11-02  31.51  31.76  31.38  31.6  2102300  31.6
2010-11-01  31.57  31.86  31.16  31.31  3036200  31.31
2010-10-29  31.79  31.79  31.12  31.46  3851600  31.46
2010-10-28  31.97  32.14  31.54  31.82  3259300  31.82
2010-10-27  32.0  32.03  31.5  31.78  4422100  31.78
2010-10-26  32.2  32.48  32.14  32.15  3284000  32.15
2010-10-25  32.59  32.81  32.43  32.48  2092800  32.48
2010-10-22  32.47  32.5  32.26  32.4  1404800  32.4
2010-10-21  32.28  32.48  32.15  32.34  1908800  32.34
2010-10-20  31.84  32.35  31.82  32.18  1751300  32.18
2010-10-19  31.83  32.09  31.68  31.82  2267600  31.82
2010-10-18  32.28  32.37  31.98  32.12  2373600  32.12
2010-10-15  32.76  32.8  32.13  32.24  5315800  32.24
2010-10-14  32.61  32.69  32.37  32.51  2047400  32.51
2010-10-13  32.29  32.8  32.21  32.58  2773500  32.58
2010-10-12  32.07  32.25  31.72  32.17  2094500  32.17
2010-10-11  31.96  32.13  31.85  32.09  1574400  32.09
2010-10-08  31.83  32.11  31.7  32.01  2414600  32.01
2010-10-07  32.33  32.33  31.76  31.86  2594700  31.86
2010-10-06  32.0  32.28  31.97  32.19  1809400  32.19
2010-10-05  31.72  32.16  31.54  32.06  2469600  32.06
2010-10-04  31.64  31.73  31.23  31.49  1532800  31.49
2010-10-01  31.61  31.74  31.52  31.64  2057600  31.64
2010-09-30  31.71  31.92  31.35  31.48  2440600  31.48
2010-09-29  31.17  31.61  31.17  31.57  1798400  31.57
2010-09-28  31.24  31.43  30.9  31.34  1945400  31.34
2010-09-27  31.57  31.59  31.21  31.24  1842900  31.24
2010-09-24  31.31  31.55  31.22  31.49  1827300  31.49
2010-09-23  31.19  31.25  30.83  30.93  2052000  30.93
2010-09-22  31.27  31.63  31.22  31.37  2809700  31.37
2010-09-21  31.09  31.47  31.04  31.35  2132200  31.35
2010-09-20  30.88  31.16  30.75  31.1  2821400  31.1
2010-09-17  30.55  30.98  30.5  30.82  3992500  30.82
2010-09-16  30.37  30.51  30.26  30.42  1427700  30.42
2010-09-15  30.14  30.46  29.98  30.41  1677400  30.41
2010-09-14  30.07  30.35  29.92  30.18  1706000  30.18
2010-09-13  30.17  30.25  29.99  30.09  1525800  30.09
2010-09-10  29.81  30.09  29.76  29.94  1309400  29.94
2010-09-09  30.1  30.17  29.73  29.77  1920800  29.77
2010-09-08  29.85  30.0  29.77  29.87  2396800  29.87
2010-09-07  29.93  29.99  29.72  29.79  1520600  29.79
2010-09-03  29.84  30.11  29.72  30.04  1480700  30.04
2010-09-02  29.78  29.84  29.6  29.8  2012400  29.8
2010-09-01  29.16  29.84  29.09  29.67  3051800  29.67
2010-08-31  29.07  29.18  28.67  28.87  3140900  28.87
2010-08-30  29.33  29.44  29.12  29.17  1758800  29.17
2010-08-27  28.97  29.37  28.82  29.34  1536700  29.34
2010-08-26  29.01  29.16  28.8  28.87  1513400  28.87
2010-08-25  28.83  29.03  28.41  28.9  4336800  28.9
2010-08-24  29.04  29.36  28.7  28.94  2232000  28.94
2010-08-23  29.47  29.59  29.11  29.25  1809200  29.25
2010-08-20  29.15  29.38  28.94  29.32  1782400  29.32
2010-08-19  29.57  29.63  29.09  29.21  1821800  29.21
2010-08-18  29.61  29.8  29.41  29.63  1328300  29.63
2010-08-17  29.21  30.06  29.15  29.63  2603500  29.63
2010-08-16  28.64  29.05  28.43  29.01  1557500  29.01
2010-08-13  28.84  29.0  28.79  28.8  1241400  28.8
2010-08-12  28.72  28.98  28.64  28.88  2043400  28.88
2010-08-11  29.64  29.67  29.02  29.08  2118700  29.08
2010-08-10  29.94  30.13  29.72  29.95  1529500  29.95
2010-08-09  30.24  30.32  30.13  30.23  1172100  30.23
2010-08-06  29.86  30.16  29.73  30.16  2126600  30.16
2010-08-05  30.02  30.07  29.78  30.07  1823800  30.07
2010-08-04  30.04  30.19  29.95  30.18  1866100  30.18
2010-08-03  29.89  30.11  29.86  30.01  1824000  30.01
2010-08-02  29.99  30.1  29.74  30.07  2167800  30.07
2010-07-30  29.55  29.8  29.02  29.62  4020400  29.62
2010-07-29  29.87  30.05  29.37  29.88  2299800  29.88
2010-07-28  29.87  29.87  29.55  29.77  2839300  29.77
2010-07-27  29.97  29.97  29.63  29.78  2425800  29.78
2010-07-26  29.4  29.79  29.32  29.77  2038900  29.77
2010-07-23  29.1  29.34  28.95  29.31  2123200  29.31
2010-07-22  28.57  29.13  28.57  29.1  2611600  29.1
2010-07-21  28.62  28.75  28.35  28.45  3985000  28.45
2010-07-20  28.1  28.53  27.91  28.52  2515200  28.52
2010-07-19  28.36  28.49  28.15  28.33  1952900  28.33
2010-07-16  28.74  28.9  28.21  28.31  2599300  28.31
2010-07-15  28.89  29.0  28.54  28.95  2259000  28.95
2010-07-14  28.83  28.88  28.52  28.85  1868700  28.85
2010-07-13  28.83  29.02  28.68  28.93  2277300  28.93
2010-07-12  28.59  28.73  28.45  28.57  2082700  28.57
2010-07-09  28.76  31.3  28.28  28.6  2363000  28.6
2010-07-08  28.62  28.74  28.38  28.69  2126300  28.69
2010-07-07  27.68  28.36  27.53  28.34  2487100  28.34
2010-07-06  27.93  28.06  27.49  27.69  3232100  27.69
2010-07-02  27.62  27.98  27.6  27.76  4334600  27.76
2010-07-01  27.27  27.78  27.24  27.62  5582500  27.62
2010-06-30  27.47  27.74  27.24  27.3  3160100  27.3
2010-06-29  27.84  27.91  27.28  27.45  3417600  27.45
2010-06-28  28.26  28.41  27.94  28.18  2460400  28.18
2010-06-25  28.16  28.25  27.84  28.05  8698400  28.05
2010-06-24  28.42  28.57  27.99  28.04  3687600  28.04
2010-06-23  28.92  28.98  28.37  28.51  3236600  28.51
2010-06-22  29.24  29.48  28.8  28.83  2216200  28.83
2010-06-21  29.46  29.77  29.11  29.27  2554000  29.27
2010-06-18  29.39  29.51  29.16  29.26  4063600  29.26
2010-06-17  29.36  29.45  29.17  29.41  2291700  29.41
2010-06-16  29.18  29.43  29.15  29.35  2252800  29.35
2010-06-15  28.98  29.33  28.77  29.33  2322000  29.33
2010-06-14  28.8  29.04  28.59  28.65  2909300  28.65
2010-06-11  28.48  28.59  28.22  28.59  2252000  28.59
2010-06-10  28.2  28.66  28.13  28.65  3960600  28.65
2010-06-09  27.9  28.15  27.8  27.89  3764000  27.89
2010-06-08  27.39  27.83  27.26  27.79  4106100  27.79
2010-06-07  27.59  27.67  27.33  27.37  3182500  27.37
2010-06-04  28.2  28.2  27.44  27.54  4284700  27.54
2010-06-03  28.44  28.68  28.33  28.62  2262300  28.62
2010-06-02  27.96  28.52  27.9  28.52  2758300  28.52
2010-06-01  28.23  28.55  27.86  27.9  3343700  27.9
2010-05-28  28.55  28.66  28.19  28.37  3220300  28.37
2010-05-27  28.42  28.52  28.15  28.52  2684200  28.52
2010-05-26  27.84  28.28  27.78  27.84  4034900  27.84
2010-05-25  27.14  27.7  26.88  27.68  3568000  27.68
2010-05-24  27.93  28.01  27.63  27.67  2110400  27.67
2010-05-21  27.45  28.04  27.2  27.99  3706200  27.99
2010-05-20  28.33  28.51  27.8  27.8  4765400  27.8
2010-05-19  29.01  29.1  28.6  28.77  3551100  28.77
2010-05-18  29.39  29.68  29.13  29.16  3391300  29.16
2010-05-17  29.07  29.29  28.74  29.15  2919300  29.15
2010-05-14  29.29  29.47  28.74  28.92  3220700  28.92
2010-05-13  29.68  29.72  29.38  29.43  2284800  29.43
2010-05-12  29.37  29.83  29.3  29.68  2949000  29.68
2010-05-11  29.12  29.63  29.06  29.34  1866600  29.34
2010-05-10  29.21  29.47  29.03  29.36  3107800  29.36
2010-05-07  28.51  28.68  27.83  28.39  4931500  28.39
2010-05-06  29.36  29.56  27.26  28.59  4843900  28.59
2010-05-05  29.22  29.55  29.2  29.41  2158100  29.41
2010-05-04  30.09  30.11  29.37  29.55  2213000  29.55
2010-05-03  30.15  30.71  30.09  30.31  2409000  30.31
2010-04-30  30.21  30.52  29.96  29.96  2970000  29.96
2010-04-29  30.49  30.73  30.03  30.32  3829800  30.32
2010-04-28  30.2  30.52  30.08  30.49  3022300  30.49
2010-04-27  30.86  30.86  30.02  30.04  2974900  30.04
2010-04-26  30.78  31.1  30.74  30.81  2305200  30.81
2010-04-23  30.47  30.72  30.38  30.7  2903300  30.7
2010-04-22  30.34  30.55  30.07  30.45  2306600  30.45
2010-04-21  30.38  30.47  30.24  30.35  2407100  30.35
2010-04-20  30.51  30.58  30.24  30.32  2152500  30.32
2010-04-19  30.24  30.43  30.03  30.34  3485600  30.34
2010-04-16  30.37  30.58  30.2  30.27  3290300  30.27
2010-04-15  30.25  30.56  30.16  30.36  2360400  30.36
2010-04-14  30.23  30.33  30.03  30.33  1889900  30.33
2010-04-13  29.97  30.24  29.82  30.13  1869900  30.13
2010-04-12  30.01  30.21  29.99  30.17  1444200  30.17
2010-04-09  29.96  30.07  29.64  30.04  1767100  30.04
2010-04-08  29.95  30.08  29.74  29.9  1651200  29.9
2010-04-07  30.07  30.15  29.92  29.96  1764900  29.96
2010-04-06  29.94  30.27  29.88  30.1  1816300  30.1
2010-04-05  29.99  30.06  29.8  29.96  1256700  29.96
2010-04-01  29.81  30.02  29.72  29.88  1405100  29.88
2010-03-31  29.68  29.87  29.46  29.75  1910200  29.75
2010-03-30  29.92  29.93  29.66  29.76  1705100  29.76
2010-03-29  29.88  30.02  29.67  29.85  1697100  29.85
2010-03-26  29.65  29.93  29.57  29.75  4230200  29.75
2010-03-25  29.88  29.88  29.61  29.61  2169900  29.61
2010-03-24  29.87  29.9  29.37  29.69  2415400  29.69
2010-03-23  29.74  30.0  29.59  29.97  2501800  29.97
2010-03-22  29.41  29.64  29.38  29.61  1962300  29.61
2010-03-19  29.53  29.79  29.36  29.52  4385100  29.52
2010-03-18  29.41  29.54  29.33  29.46  1797900  29.46
2010-03-17  29.38  29.52  29.27  29.35  1658300  29.35
2010-03-16  29.19  29.37  29.1  29.27  2194700  29.27
2010-03-15  28.9  29.15  28.71  29.12  2090800  29.12
2010-03-12  28.91  28.96  28.65  28.88  1906700  28.88
2010-03-11  28.9  28.92  28.61  28.9  2142500  28.9
2010-03-10  28.98  29.03  28.75  28.94  2410900  28.94
2010-03-09  29.02  29.07  28.81  29.05  1929900  29.05
2010-03-08  29.32  29.32  29.0  29.03  1645100  29.03
2010-03-05  29.07  29.26  28.98  29.26  1624900  29.26
2010-03-04  28.95  29.09  28.78  28.92  1389900  28.92
2010-03-03  28.96  29.16  28.8  28.94  1579300  28.94
2010-03-02  28.93  29.05  28.85  28.95  1690100  28.95
2010-03-01  28.54  28.9  28.52  28.83  2404900  28.83
2010-02-26  28.28  28.36  28.06  28.26  1879800  28.26
2010-02-25  27.94  28.27  27.75  28.27  2507200  28.27
2010-02-24  28.01  28.23  27.82  28.17  3163500  28.17
2010-02-23  28.19  28.48  27.85  27.92  2547600  27.92
2010-02-22  28.68  28.68  28.42  28.55  1396000  28.55
2010-02-19  28.08  28.66  27.93  28.57  2581200  28.57
2010-02-18  28.16  28.31  27.96  28.16  2765800  28.16
2010-02-17  28.32  28.41  28.1  28.24  2075100  28.24
2010-02-16  27.81  28.32  27.73  28.16  2948500  28.16
2010-02-12  27.12  27.39  26.78  27.24  3396800  27.24
2010-02-11  27.16  27.38  26.79  27.33  2636200  27.33
2010-02-10  27.44  27.51  27.01  27.32  1374100  27.32
2010-02-09  27.1  27.53  27.01  27.44  2018100  27.44
2010-02-08  27.27  27.34  26.87  26.87  1737700  26.87
2010-02-05  27.16  27.49  26.84  27.23  2663600  27.23
2010-02-04  27.62  27.76  27.15  27.22  2477600  27.22
2010-02-03  27.76  27.88  27.57  27.79  1071200  27.79
2010-02-02  27.54  27.91  27.5  27.82  1881100  27.82
2010-02-01  27.56  27.78  27.24  27.54  1834100  27.54
2010-01-29  27.68  27.83  27.34  27.43  2373700  27.43
2010-01-28  28.01  28.01  27.24  27.48  2761400  27.48
2010-01-27  27.82  28.02  27.5  27.88  1873700  27.88
2010-01-26  27.83  28.16  27.6  27.86  1752700  27.86
2010-01-25  28.33  28.33  27.9  27.93  1669700  27.93
2010-01-22  28.35  28.74  28.09  28.12  2825300  28.12
2010-01-21  28.84  29.09  28.27  28.33  3303900  28.33
2010-01-20  28.8  28.89  28.26  28.86  3236500  28.86
2010-01-19  28.47  29.04  28.4  29.03  3002200  29.03
2010-01-15  29.4  29.43  28.36  28.45  4103700  28.45
2010-01-14  29.7  29.74  29.37  29.47  2481700  29.47
2010-01-13  29.84  29.95  29.66  29.78  1952500  29.78
2010-01-12  29.6  29.87  29.35  29.85  2191900  29.85
2010-01-11  29.4  29.71  29.34  29.67  1731700  29.67
2010-01-08  29.03  29.38  28.81  29.3  1451900  29.3
2010-01-07  29.04  29.19  28.94  29.16  1406700  29.16
2010-01-06  28.99  29.23  28.91  29.1  1636700  29.1
2010-01-05  29.29  29.29  28.91  29.11  2961700  29.11
2010-01-04  29.1  29.32  28.98  29.23  2058800  29.23
