Date  Open  High  Low  Close  Volume  Adj Close
2014-02-28  41.42  41.69  41.08  41.3  5219300  41.3
2014-02-27  41.35  42.24  41.14  41.26  6072600  41.26
2014-02-26  41.65  41.69  40.74  41.22  7366700  41.22
2014-02-25  41.29  41.96  41.27  41.54  5145500  41.54
2014-02-24  42.31  42.37  41.59  41.77  7691600  41.77
2014-02-21  42.07  42.3  41.78  42.06  9407900  42.06
2014-02-20  40.6  42.47  40.44  42.0  13289300  42.0
2014-02-19  40.51  40.89  40.4  40.5  9630200  40.5
2014-02-18  41.03  41.15  40.45  40.54  8695000  40.54
2014-02-14  40.96  41.02  40.63  40.83  14015200  40.83
2014-02-13  40.59  41.31  40.32  40.85  14208000  40.85
2014-02-12  41.15  41.36  40.63  40.69  10733100  40.69
2014-02-11  40.93  41.9  40.83  41.76  9482200  41.76
2014-02-10  41.35  41.44  40.61  40.92  6808200  40.92
2014-02-07  41.28  41.54  41.0  41.42  11088000  41.42
2014-02-06  39.93  41.34  39.7  41.07  13595900  41.07
2014-02-05  39.94  40.41  39.49  39.85  17500200  39.85
2014-02-04  39.48  40.0  39.34  39.92  6240000  39.92
2014-02-03  40.49  40.76  39.29  39.33  6638400  39.33
2014-01-31  39.94  40.89  39.64  40.49  8390800  40.49
2014-01-30  39.89  40.27  39.8  40.15  7431600  40.15
2014-01-29  39.46  40.11  39.29  39.72  5999100  39.72
2014-01-28  38.9  39.95  38.9  39.8  5858500  39.8
2014-01-27  38.97  39.23  38.45  38.88  5885000  38.88
2014-01-24  39.02  39.2  38.53  38.97  7231400  38.97
2014-01-23  38.87  39.43  38.66  39.26  5460100  39.26
2014-01-22  39.51  39.58  38.73  38.96  5340200  38.96
2014-01-21  39.5  39.68  39.17  39.45  4329900  39.45
2014-01-17  39.46  39.48  38.97  39.22  7221300  39.22
2014-01-16  39.1  39.4  38.92  39.37  7425900  39.37
2014-01-15  39.29  39.32  38.94  39.11  6001200  39.11
2014-01-14  39.22  39.39  38.94  39.16  6162600  39.16
2014-01-13  39.2  39.59  38.95  39.04  9007900  39.04
2014-01-10  39.36  39.54  39.04  39.35  7248800  39.35
2014-01-09  39.36  39.86  38.85  39.25  9394100  39.25
2014-01-08  38.53  39.23  38.43  39.16  10443500  39.16
2014-01-07  38.24  39.04  38.17  39.01  8347700  39.01
2014-01-06  38.25  38.49  37.95  38.4  6996100  38.4
2014-01-03  38.25  38.39  37.77  38.03  4621500  38.03
2014-01-02  38.39  38.64  38.05  38.28  6257600  38.28
2013-12-31  38.49  38.68  38.33  38.57  6645100  38.57
2013-12-30  38.41  38.61  38.25  38.41  4259100  38.41
2013-12-27  38.23  38.4  37.76  38.3  4079000  38.3
2013-12-26  37.83  38.42  37.8  38.23  6959700  38.23
2013-12-24  37.54  37.77  37.53  37.7  3750300  37.7
2013-12-23  37.3  38.03  37.21  37.6  8121000  37.6
2013-12-20  37.01  37.3  36.83  37.01  8972100  37.01
2013-12-19  36.66  36.93  36.26  36.89  6595900  36.89
2013-12-18  36.81  37.07  36.09  36.65  11968900  36.65
2013-12-17  36.21  37.33  35.67  36.84  21486300  36.84
2013-12-16  34.53  35.45  34.4  35.33  12500200  35.33
2013-12-13  34.36  34.5  34.06  34.25  6821600  34.25
2013-12-12  34.41  34.5  33.98  34.36  7504200  34.36
2013-12-11  35.12  35.12  34.14  34.34  9694100  34.34
2013-12-10  35.46  35.52  34.93  35.1  5273900  35.1
2013-12-09  35.84  36.01  35.41  35.46  4440600  35.46
2013-12-06  36.11  36.25  35.68  35.82  5796700  35.82
2013-12-05  36.21  36.28  35.66  35.9  7099600  35.9
2013-12-04  35.92  36.52  35.45  36.39  14296600  36.39
2013-12-03  34.56  35.94  34.56  35.88  9415900  35.88
2013-12-02  34.96  35.3  34.64  34.8  3687700  34.8
2013-11-29  35.0  35.15  34.76  34.84  2326300  34.84
2013-11-27  35.19  35.24  34.73  34.8  4852300  34.8
2013-11-26  35.47  35.84  35.29  35.3  5408200  35.3
2013-11-25  34.88  35.57  34.76  35.42  6889100  35.42
2013-11-22  34.47  34.98  34.45  34.89  4682600  34.89
2013-11-21  34.39  34.65  34.16  34.54  4573400  34.54
2013-11-20  34.76  35.04  34.29  34.41  3793400  34.41
2013-11-19  34.9  35.07  34.54  34.65  6227400  34.65
2013-11-18  34.91  35.17  34.68  34.9  4839700  34.9
2013-11-15  34.58  34.91  34.39  34.85  7550700  34.85
2013-11-14  34.11  34.84  34.08  34.68  6813000  34.68
2013-11-13  34.16  34.31  33.85  34.02  7343500  34.02
2013-11-12  34.37  34.46  33.99  34.2  5009200  34.2
2013-11-11  34.48  34.71  34.16  34.56  3660400  34.56
2013-11-08  34.1  34.5  33.88  34.42  6202100  34.42
2013-11-07  34.64  34.72  33.93  34.13  6300500  34.13
2013-11-06  34.71  34.8  34.34  34.53  6336600  34.53
2013-11-05  35.12  35.24  34.56  34.64  6996100  34.64
2013-11-04  35.44  35.56  35.05  35.35  4863200  35.35
2013-11-01  35.31  35.52  34.81  35.14  7714600  35.14
2013-10-31  36.51  36.58  34.66  35.33  13617200  35.33
2013-10-30  37.0  37.06  36.43  36.55  4088100  36.55
2013-10-29  36.79  36.99  36.68  36.89  4215800  36.89
2013-10-28  36.97  37.0  36.53  36.78  4309200  36.78
2013-10-25  36.63  36.95  36.43  36.9  3260600  36.9
2013-10-24  36.22  36.65  36.19  36.49  2304900  36.49
2013-10-23  36.51  36.64  36.01  36.28  5011600  36.28
2013-10-22  35.92  36.89  35.81  36.57  6723000  36.57
2013-10-21  35.77  35.95  35.42  35.78  3069800  35.78
2013-10-18  35.81  35.96  35.53  35.85  4206800  35.85
2013-10-17  35.53  35.75  35.35  35.64  3811000  35.64
2013-10-16  35.39  35.68  35.19  35.56  5118900  35.56
2013-10-15  35.34  35.37  34.9  35.15  6263600  35.15
2013-10-14  35.29  35.45  35.04  35.39  7193200  35.39
2013-10-11  35.32  35.91  35.29  35.76  4333400  35.76
2013-10-10  34.87  35.4  34.8  35.37  3880500  35.37
2013-10-09  34.69  34.78  34.3  34.59  5849500  34.59
2013-10-08  35.11  35.29  34.67  34.67  4774800  34.67
2013-10-07  35.22  35.59  35.0  35.14  3185800  35.14
2013-10-04  35.85  35.95  35.45  35.54  4752100  35.54
2013-10-03  36.05  36.07  35.38  35.91  5393000  35.91
2013-10-02  36.2  36.43  35.9  36.19  3915800  36.19
2013-10-01  35.93  36.59  35.89  36.36  6824000  36.36
2013-09-30  35.65  36.27  35.58  35.97  4825300  35.97
2013-09-27  35.67  35.92  35.52  35.85  2989700  35.85
2013-09-26  36.0  36.04  35.79  35.94  2924900  35.94
2013-09-25  36.3  36.35  35.82  35.84  3041300  35.84
2013-09-24  36.12  36.44  35.93  36.21  3279200  36.21
2013-09-23  36.07  36.29  35.92  36.12  3876200  36.12
2013-09-20  36.54  36.55  36.06  36.24  6088900  36.24
2013-09-19  35.64  36.52  35.64  36.45  7763400  36.45
2013-09-18  34.84  35.58  34.84  35.55  6865900  35.55
2013-09-17  35.11  35.22  34.66  34.82  5685400  34.82
2013-09-16  35.77  35.81  35.08  35.16  3430300  35.16
2013-09-13  35.02  35.66  35.0  35.55  4186300  35.55
2013-09-12  35.39  35.39  34.92  34.93  4910900  34.93
2013-09-11  35.45  35.5  35.02  35.37  6493100  35.37
2013-09-10  34.9  35.51  34.79  35.44  17816400  35.44
2013-09-09  34.56  34.97  34.54  34.86  13366700  34.86
2013-09-06  34.55  34.7  34.22  34.39  14184900  34.39
2013-09-05  34.51  34.87  34.36  34.4  5267700  34.4
2013-09-04  35.33  35.37  34.3  34.41  8753500  34.41
2013-09-03  35.85  35.89  34.9  35.19  5026700  35.19
2013-08-30  35.58  35.71  35.39  35.49  2987200  35.49
2013-08-29  35.4  35.6  35.25  35.47  2477900  35.47
2013-08-28  35.37  35.7  35.37  35.46  3592400  35.46
2013-08-27  34.99  35.5  34.95  35.37  3392300  35.37
2013-08-26  35.74  36.01  35.41  35.47  5072700  35.47
2013-08-23  35.24  35.6  34.9  35.56  6157000  35.56
2013-08-22  34.26  35.38  34.22  35.14  7785400  35.14
2013-08-21  33.98  34.4  33.67  34.11  3901500  34.11
2013-08-20  33.55  34.18  33.31  33.96  4131300  33.96
2013-08-19  34.22  34.27  33.56  33.6  4195200  33.6
2013-08-16  34.45  34.62  34.2  34.27  3765800  34.27
2013-08-15  34.3  34.74  34.04  34.62  3841600  34.62
2013-08-14  34.51  34.74  34.51  34.58  3309500  34.58
2013-08-13  34.74  34.82  34.46  34.61  3504400  34.61
2013-08-12  34.47  34.92  34.45  34.75  12695700  34.75
2013-08-09  34.7  34.92  34.46  34.66  13143900  34.66
2013-08-08  35.09  35.47  34.54  34.69  23870100  34.69
2013-08-07  35.14  35.27  34.88  35.1  4276200  35.1
2013-08-06  35.35  35.46  35.06  35.3  3923100  35.3
2013-08-05  35.38  35.59  35.23  35.44  4061000  35.44
2013-08-02  35.23  35.59  35.17  35.47  7018000  35.47
2013-08-01  34.07  35.69  34.07  35.35  13886000  35.35
2013-07-31  33.15  33.65  33.0  33.46  6595500  33.46
2013-07-30  33.38  33.59  32.96  33.11  4821500  33.11
2013-07-29  33.2  33.33  33.12  33.29  3402500  33.29
2013-07-26  33.05  33.27  32.86  33.21  3423300  33.21
2013-07-25  32.75  33.12  32.68  33.11  4064300  33.11
2013-07-24  33.55  33.59  32.57  32.75  6650700  32.75
2013-07-23  33.78  34.04  33.55  33.58  3951600  33.58
2013-07-22  33.5  33.91  33.48  33.78  3473200  33.78
2013-07-19  33.41  33.94  33.25  33.57  5624200  33.57
2013-07-18  32.96  33.39  32.93  33.3  6609200  33.3
2013-07-17  32.95  33.08  32.6  32.81  4739600  32.81
2013-07-16  33.16  33.21  32.6  32.79  5053000  32.79
2013-07-15  33.08  33.31  32.92  33.11  3472300  33.11
2013-07-12  33.14  33.18  32.84  33.12  3107200  33.12
2013-07-11  32.82  33.23  32.74  33.09  5769300  33.09
2013-07-10  32.88  33.0  32.42  32.49  4709300  32.49
2013-07-09  32.79  32.94  32.62  32.84  3236200  32.84
2013-07-08  32.13  32.57  32.13  32.57  3335300  32.57
2013-07-05  32.24  32.33  31.8  32.0  3490700  32.0
2013-07-03  32.2  32.26  31.79  32.14  1861700  32.14
2013-07-02  31.89  32.55  31.8  32.3  5346000  32.3
2013-07-01  31.98  32.26  31.69  31.85  5306700  31.85
2013-06-28  31.88  32.17  31.8  31.8  7983600  31.8
2013-06-27  32.11  32.46  31.82  31.91  4815800  31.91
2013-06-26  32.6  33.23  31.88  31.97  8251400  31.97
2013-06-25  31.25  31.69  31.12  31.24  7561700  31.24
2013-06-24  31.33  31.46  30.6  30.99  10898300  30.99
2013-06-21  31.32  31.68  30.93  31.62  11573700  31.62
2013-06-20  31.55  31.57  31.01  31.09  9034800  31.09
2013-06-19  32.61  32.65  31.91  31.93  6435100  31.93
2013-06-18  32.46  32.79  32.38  32.55  7176100  32.55
2013-06-17  32.78  33.06  32.62  32.94  7457200  32.94
2013-06-14  32.95  32.96  32.55  32.62  8973100  32.62
2013-06-13  33.3  33.54  31.86  33.0  20606200  33.0
2013-06-12  33.65  34.01  33.25  33.33  4822600  33.33
2013-06-11  33.61  33.71  33.29  33.37  5605300  33.37
2013-06-10  34.63  34.64  33.95  34.0  4571600  34.0
2013-06-07  34.26  34.59  34.19  34.5  6363300  34.5
2013-06-06  33.36  34.15  33.3  34.13  8889800  34.13
2013-06-05  33.53  33.88  33.22  33.43  11237600  33.43
2013-06-04  33.79  34.03  33.28  33.4  7135100  33.4
2013-06-03  34.14  34.27  33.7  33.88  8421500  33.88
2013-05-31  34.57  34.73  34.06  34.1  7227100  34.1
2013-05-30  34.84  34.9  34.49  34.71  4848300  34.71
2013-05-29  35.02  35.09  34.31  34.78  12393500  34.78
2013-05-28  35.99  36.09  35.24  35.28  14786400  35.28
2013-05-24  35.89  35.94  35.46  35.54  14538300  35.54
2013-05-23  35.5  36.13  35.37  36.1  13511900  36.1
2013-05-22  36.64  36.67  35.8  35.88  9450600  35.88
2013-05-21  36.78  37.03  36.3  36.59  7183300  36.59
2013-05-20  36.07  36.87  36.06  36.72  8739900  36.72
2013-05-17  35.76  36.09  35.74  36.07  5733500  36.07
2013-05-16  35.5  35.87  35.38  35.63  8400800  35.63
2013-05-15  35.46  35.79  35.19  35.61  4487300  35.61
2013-05-14  35.34  35.58  35.27  35.5  5968500  35.5
2013-05-13  35.38  35.47  34.97  35.36  8058500  35.36
2013-05-10  35.45  35.7  35.25  35.38  6542400  35.38
2013-05-09  34.54  35.79  34.38  35.73  20140100  35.73
2013-05-08  34.39  34.72  33.95  34.51  28178100  34.51
2013-05-07  36.37  36.44  35.74  35.84  8396200  35.84
2013-05-06  36.36  36.51  36.07  36.15  5796900  36.15
2013-05-03  36.44  36.6  36.35  36.39  5937700  36.39
2013-05-02  36.4  36.46  36.07  36.16  5318500  36.16
2013-05-01  36.81  36.84  36.31  36.36  6281400  36.36
2013-04-30  36.99  37.11  36.73  36.96  4555300  36.96
2013-04-29  37.07  37.27  37.01  37.05  3150900  37.05
2013-04-26  36.77  36.98  36.39  36.87  4212500  36.87
2013-04-25  37.32  37.39  36.7  36.75  5521700  36.75
2013-04-24  37.04  37.32  36.84  37.2  3312800  37.2
2013-04-23  36.65  37.22  36.35  36.88  4672900  36.88
2013-04-22  36.33  36.77  35.94  36.57  3711000  36.57
2013-04-19  36.36  36.49  35.91  36.13  5764300  36.13
2013-04-18  35.96  36.62  35.76  36.23  3808900  36.23
2013-04-17  36.17  36.17  35.42  35.83  4445600  35.83
2013-04-16  35.6  36.49  35.34  36.36  4893700  36.36
2013-04-15  36.26  36.41  35.29  35.3  6517500  35.3
2013-04-12  35.84  36.62  35.79  36.57  3611800  36.57
2013-04-11  36.77  37.02  36.56  36.65  4579800  36.65
2013-04-10  36.65  36.98  36.58  36.63  4242800  36.63
2013-04-09  36.1  36.69  36.03  36.5  4618700  36.5
2013-04-08  35.66  36.1  35.66  36.06  3532900  36.06
2013-04-05  35.38  35.93  35.0  35.78  3324800  35.78
2013-04-04  35.53  35.96  35.4  35.75  3713900  35.75
2013-04-03  36.54  36.58  35.61  35.61  6695500  35.61
2013-04-02  36.83  36.95  36.31  36.51  5803000  36.51
2013-04-01  36.67  37.06  36.47  36.77  5159500  36.77
2013-03-28  35.87  36.52  35.87  36.31  6465100  36.31
2013-03-27  35.81  36.83  35.4  35.85  6257100  35.85
2013-03-26  36.04  36.12  35.68  36.04  4645300  36.04
2013-03-25  35.95  36.17  35.62  35.85  4844800  35.85
2013-03-22  35.69  36.14  35.5  35.74  6168100  35.74
2013-03-21  34.81  35.65  34.69  35.43  9469600  35.43
2013-03-20  34.54  35.03  34.4  34.87  5201100  34.87
2013-03-19  34.18  34.34  33.94  34.21  4663200  34.21
2013-03-18  34.07  34.38  33.75  34.11  4623900  34.11
2013-03-15  34.19  34.56  34.12  34.34  7030900  34.34
2013-03-14  33.74  34.54  33.73  34.33  10414200  34.33
2013-03-13  33.64  33.79  33.46  33.73  4942400  33.73
2013-03-12  34.01  34.02  33.65  33.72  4679400  33.72
2013-03-11  33.58  34.09  33.52  33.95  6474900  33.95
2013-03-08  33.37  33.71  33.35  33.64  10559000  33.64
2013-03-07  32.74  33.37  32.56  33.26  7672200  33.26
2013-03-06  32.55  32.86  32.44  32.68  6943400  32.68
2013-03-05  32.31  32.6  31.99  32.35  8435000  32.35
2013-03-04  32.38  32.51  32.04  32.21  10185500  32.21
2013-03-01  33.13  33.25  32.34  32.46  15129400  32.46
2013-02-28  32.92  33.44  32.86  33.31  7025200  33.31
2013-02-27  32.35  33.11  32.28  32.96  5569700  32.96
2013-02-26  32.38  32.51  31.75  32.42  19850900  32.42
2013-02-25  33.16  33.34  32.19  32.21  20997000  32.21
2013-02-22  32.83  33.05  32.77  33.05  16989200  33.05
2013-02-21  32.77  33.64  32.18  32.7  12465600  32.7
2013-02-20  34.03  34.04  33.35  33.41  6629200  33.41
2013-02-19  33.81  34.13  33.61  34.02  5283900  34.02
2013-02-15  34.03  34.13  33.57  33.69  8840400  33.69
2013-02-14  34.15  34.28  34.02  34.03  5304200  34.03
2013-02-13  34.49  34.49  34.11  34.2  3761800  34.2
2013-02-12  34.23  34.43  34.02  34.39  3701200  34.39
2013-02-11  34.57  34.57  34.1  34.29  2789700  34.29
2013-02-08  34.39  34.75  34.35  34.54  5508000  34.54
2013-02-07  34.32  34.54  34.2  34.42  4280700  34.42
2013-02-06  34.09  34.33  33.83  34.33  4317100  34.33
2013-02-05  33.94  34.4  33.79  34.29  4249600  34.29
2013-02-04  33.92  33.97  33.62  33.66  3277900  33.66
2013-02-01  33.9  34.07  33.68  34.0  4158400  34.0
2013-01-31  33.53  33.87  33.4  33.63  4160300  33.63
2013-01-30  33.57  34.02  33.39  33.68  7522500  33.68
2013-01-29  33.36  33.56  32.99  33.48  4822100  33.48
2013-01-28  33.64  33.8  33.06  33.46  4894100  33.46
2013-01-25  33.34  33.48  32.98  33.42  4451700  33.42
2013-01-24  33.65  33.97  33.13  33.23  5235400  33.23
2013-01-23  33.65  33.81  33.44  33.65  4795500  33.65
2013-01-22  33.28  33.8  33.24  33.73  6435300  33.73
2013-01-18  32.41  33.35  32.33  33.33  8918400  33.33
2013-01-17  32.21  32.66  32.03  32.43  6934700  32.43
2013-01-16  31.89  32.16  31.78  32.09  5551000  32.09
2013-01-15  31.93  32.07  31.76  31.95  7038600  31.95
2013-01-14  32.17  32.26  31.91  32.12  3603500  32.12
2013-01-11  32.57  32.63  32.07  32.13  5475000  32.13
2013-01-10  32.58  32.72  32.18  32.44  5646600  32.44
2013-01-09  32.21  32.58  32.21  32.4  5638000  32.4
2013-01-08  32.65  32.65  32.09  32.21  7692700  32.21
2013-01-07  32.53  32.7  32.46  32.61  4013500  32.61
2013-01-04  32.38  33.0  32.35  32.76  6857900  32.76
2013-01-03  32.64  32.81  32.2  32.4  7694000  32.4
2013-01-02  32.06  32.68  31.84  32.65  9398100  32.65
2012-12-31  30.44  31.44  30.37  31.42  5212400  31.42
2012-12-28  30.75  30.91  30.44  30.5  4629800  30.5
2012-12-27  30.98  31.06  30.46  30.72  4953400  30.72
2012-12-26  31.27  31.33  30.78  30.98  2987700  30.98
2012-12-24  31.3  31.47  31.09  31.21  1516900  31.21
2012-12-21  31.3  31.47  30.99  31.47  10849100  31.47
2012-12-20  31.28  31.55  31.13  31.52  5565400  31.52
2012-12-19  31.06  31.46  30.86  31.21  5497600  31.21
2012-12-18  30.75  31.16  30.51  31.07  8985600  31.07
2012-12-17  30.29  30.63  30.2  30.6  8621800  30.6
2012-12-14  29.94  30.42  29.86  30.22  13056600  30.22
2012-12-13  30.06  30.45  29.74  29.76  46308200  29.76
2012-12-12  29.44  30.31  29.35  29.87  9507100  29.87
2012-12-11  29.98  30.24  29.9  30.11  4100300  30.11
2012-12-10  29.97  30.27  29.81  29.96  4485900  29.96
2012-12-07  30.4  30.46  29.84  29.96  6872900  29.96
2012-12-06  30.93  31.1  30.17  30.28  5708200  30.28
2012-12-05  30.86  31.09  30.56  30.97  4673200  30.97
2012-12-04  30.87  30.9  30.53  30.62  4855900  30.62
2012-12-03  31.35  31.48  30.88  30.96  3998700  30.96
2012-11-30  31.02  31.25  30.74  31.19  5102200  31.19
2012-11-29  31.47  31.57  30.77  30.95  4211200  30.95
2012-11-28  30.88  31.36  30.74  31.35  3625900  31.35
2012-11-27  31.12  31.29  30.92  31.05  4343600  31.05
2012-11-26  31.47  31.61  31.02  31.15  4548100  31.15
2012-11-23  31.63  31.79  31.42  31.76  1763300  31.76
2012-11-21  31.26  31.45  31.08  31.37  4581000  31.37
2012-11-20  31.2  31.37  30.84  31.16  5456100  31.16
2012-11-19  30.37  31.05  30.36  31.03  7016600  31.03
2012-11-16  29.99  30.17  29.28  30.09  8272200  30.09
2012-11-15  29.53  29.83  29.02  29.42  6996400  29.42
2012-11-14  30.34  30.43  29.58  29.63  5525900  29.63
2012-11-13  29.78  30.74  29.78  30.27  5682700  30.27
2012-11-12  30.48  30.55  30.06  30.06  4131200  30.06
2012-11-09  30.42  30.91  30.23  30.46  4895300  30.46
2012-11-08  31.17  31.24  30.54  30.59  5472900  30.59
2012-11-07  31.34  31.45  30.89  31.2  6976000  31.2
2012-11-06  31.7  31.89  31.05  31.78  7291800  31.78
2012-11-05  31.45  31.6  31.24  31.54  4690000  31.54
2012-11-02  32.14  32.23  31.21  31.41  9631800  31.41
2012-11-01  32.59  33.62  31.61  32.0  13208400  32.0
2012-10-31  33.33  33.45  32.79  33.24  4831600  33.24
2012-10-26  33.02  33.32  32.67  33.07  2998300  33.07
2012-10-25  33.18  33.29  32.54  32.97  3146800  32.97
2012-10-24  32.96  33.35  32.65  32.92  4435100  32.92
2012-10-23  32.6  32.97  32.37  32.71  5487600  32.71
2012-10-22  33.18  33.53  32.9  33.22  4028100  33.22
2012-10-19  33.54  33.73  32.82  33.22  10840900  33.22
2012-10-18  34.16  34.26  33.55  33.73  9035700  33.73
2012-10-17  35.0  35.31  34.22  34.34  8464900  34.34
2012-10-16  34.18  35.52  34.18  34.93  12650500  34.93
2012-10-15  33.44  34.14  33.35  34.05  4424500  34.05
2012-10-12  33.79  33.85  33.36  33.38  4779300  33.38
2012-10-11  34.18  34.35  33.66  33.85  3515900  33.85
2012-10-10  34.14  34.24  33.68  33.77  5120500  33.77
2012-10-09  34.24  34.7  34.11  34.15  4067300  34.15
2012-10-08  34.01  34.25  33.83  34.23  3752400  34.23
2012-10-05  34.58  34.78  34.05  34.15  4894600  34.15
2012-10-04  34.85  35.68  34.36  34.38  11459200  34.38
2012-10-03  33.79  34.86  33.74  34.65  9869600  34.65
2012-10-02  33.86  33.96  33.3  33.77  6616400  33.77
2012-10-01  33.25  34.0  33.25  33.82  6587800  33.82
2012-09-28  33.16  33.25  32.75  33.22  5509800  33.22
2012-09-27  32.56  33.23  32.42  33.23  5026900  33.23
2012-09-26  33.0  33.11  32.19  32.28  6950300  32.28
2012-09-25  32.83  33.23  32.73  33.0  6308700  33.0
2012-09-24  32.43  32.87  32.27  32.76  4164500  32.76
2012-09-21  32.88  32.89  32.49  32.6  7153800  32.6
2012-09-20  32.13  32.65  31.99  32.64  5917600  32.64
2012-09-19  32.43  32.46  32.1  32.26  4549500  32.26
2012-09-18  32.71  32.78  32.2  32.37  4449500  32.37
2012-09-17  33.28  33.29  32.7  32.81  11364100  32.81
2012-09-14  33.01  33.62  32.96  33.34  6119600  33.34
2012-09-13  32.25  33.24  32.06  32.95  7093900  32.95
2012-09-12  32.18  32.29  31.99  32.27  2489700  32.27
2012-09-11  32.06  32.23  32.0  32.05  2867900  32.05
2012-09-10  32.21  32.21  31.81  31.93  3664400  31.93
2012-09-07  31.64  32.2  31.5  32.19  4945300  32.19
2012-09-06  30.79  31.52  30.77  31.52  4987700  31.52
2012-09-05  30.79  30.86  30.42  30.52  3995200  30.52
2012-09-04  30.66  30.99  30.53  30.75  3824800  30.75
2012-08-31  30.64  30.73  30.48  30.65  4562700  30.65
2012-08-30  30.59  30.62  30.31  30.43  4411100  30.43
2012-08-29  30.95  30.97  30.65  30.81  4255900  30.81
2012-08-28  30.68  31.04  30.65  30.93  5453200  30.93
2012-08-27  30.56  30.87  30.36  30.83  4339300  30.83
2012-08-24  30.27  30.59  30.05  30.5  2609400  30.5
2012-08-23  30.67  30.67  30.09  30.28  3705400  30.28
2012-08-22  30.39  30.71  30.21  30.64  5079600  30.64
2012-08-21  30.33  30.74  30.28  30.36  3139300  30.36
2012-08-20  30.37  30.59  30.2  30.26  3072300  30.26
2012-08-17  30.73  30.74  30.2  30.39  4944500  30.39
2012-08-16  30.49  30.84  30.41  30.72  18650100  30.72
2012-08-15  30.19  30.47  30.12  30.45  3811400  30.45
2012-08-14  30.1  30.37  29.98  30.24  4820400  30.24
2012-08-13  29.97  30.03  29.76  29.89  2597600  29.89
2012-08-10  29.52  30.0  29.38  29.96  3906800  29.96
2012-08-09  29.78  30.08  29.55  29.73  5709600  29.73
2012-08-08  29.93  30.0  29.52  29.75  5051100  29.75
2012-08-07  30.15  30.25  29.99  30.07  4514100  30.07
2012-08-06  29.76  29.99  29.71  29.86  4687700  29.86
2012-08-03  29.65  29.8  29.4  29.65  5146700  29.65
2012-08-02  28.14  29.37  28.11  29.09  9368500  29.09
2012-08-01  30.15  30.2  29.73  29.96  13321400  29.96
2012-07-31  29.68  30.05  29.68  29.9  7224100  29.9
2012-07-30  29.73  30.0  29.69  29.88  6448000  29.88
2012-07-27  29.48  29.86  29.26  29.72  10349400  29.72
2012-07-26  29.27  29.39  28.98  29.28  6554300  29.28
2012-07-25  29.29  29.47  28.6  28.79  5560800  28.79
2012-07-24  29.35  29.57  28.62  29.13  8361400  29.13
2012-07-23  28.12  29.93  27.94  29.6  12349500  29.6
2012-07-20  29.09  29.78  28.83  29.45  7057300  29.45
2012-07-19  29.13  29.34  28.91  29.21  4278500  29.21
2012-07-18  28.72  29.14  28.67  29.03  7548800  29.03
2012-07-17  28.29  28.87  27.93  28.85  5860800  28.85
2012-07-16  28.02  28.37  27.79  28.21  4690500  28.21
2012-07-13  27.31  28.15  27.28  28.12  5839400  28.12
2012-07-12  27.0  27.4  26.78  27.22  4851300  27.22
2012-07-11  27.17  27.32  26.94  27.18  4860100  27.18
2012-07-10  27.73  27.81  26.91  27.07  6235300  27.07
2012-07-09  27.12  27.46  26.95  27.42  5539600  27.42
2012-07-06  27.05  27.26  26.84  27.22  5541600  27.22
2012-07-05  27.53  27.61  27.22  27.37  3842700  27.37
2012-07-03  27.39  27.55  27.32  27.54  3261000  27.54
2012-07-02  27.11  27.32  26.81  27.32  5707500  27.32
2012-06-29  26.75  27.11  26.57  27.11  8737600  27.11
2012-06-28  26.36  26.62  26.12  26.38  9319800  26.38
2012-06-27  26.15  26.63  26.15  26.54  8657200  26.54
2012-06-26  25.81  26.22  25.72  26.11  9333200  26.11
2012-06-25  26.4  26.51  25.64  25.74  10737000  25.74
2012-06-22  26.8  26.95  26.4  26.74  20625200  26.74
2012-06-21  27.79  27.85  26.69  26.73  9879400  26.73
2012-06-20  28.34  28.45  27.59  27.78  8685200  27.78
2012-06-19  27.95  28.4  27.87  28.26  5420800  28.26
2012-06-18  28.08  28.13  27.73  27.74  7042800  27.74
2012-06-15  27.78  28.29  27.63  28.29  9911600  28.29
2012-06-14  27.78  27.93  27.44  27.7  8818600  27.7
2012-06-13  27.66  28.07  27.45  27.71  7010300  27.71
2012-06-12  27.68  27.95  27.4  27.79  6557200  27.79
2012-06-11  27.93  28.08  27.48  27.53  5757800  27.53
2012-06-08  27.86  27.87  27.51  27.63  6869900  27.63
2012-06-07  27.8  28.48  27.78  28.08  6934700  28.08
2012-06-06  27.37  27.94  27.37  27.8  8661600  27.8
2012-06-05  26.59  27.33  26.54  27.28  8845300  27.28
2012-06-04  27.06  27.27  26.3  26.69  11863900  26.69
2012-06-01  27.74  27.87  27.0  27.01  11584100  27.01
2012-05-31  28.52  28.76  27.83  28.42  7772300  28.42
2012-05-30  28.96  28.97  28.49  28.56  5921900  28.56
2012-05-29  28.76  29.31  28.75  29.22  18425500  29.22
2012-05-25  28.96  29.07  28.6  28.65  20409400  28.65
2012-05-24  29.24  29.43  28.56  28.91  20422900  28.91
2012-05-23  29.22  29.29  28.52  29.22  7625400  29.22
2012-05-22  28.71  29.62  28.67  29.13  8819900  29.13
2012-05-21  27.71  28.94  27.71  28.87  10841400  28.87
2012-05-18  27.9  28.23  27.52  27.62  11048500  27.62
2012-05-17  28.45  28.54  27.71  27.74  10295600  27.74
2012-05-16  29.2  29.45  28.37  28.41  8040600  28.41
2012-05-15  29.35  29.52  28.94  29.09  5591400  29.09
2012-05-14  30.01  30.1  29.42  29.49  6279600  29.49
2012-05-11  30.1  30.56  30.01  30.3  4658100  30.3
2012-05-10  30.25  30.58  30.11  30.29  7167500  30.29
2012-05-09  30.0  30.4  29.87  30.01  13992000  30.01
2012-05-08  30.68  30.68  29.78  30.33  7120800  30.33
2012-05-07  30.6  30.98  30.25  30.87  5825100  30.87
2012-05-04  30.51  30.64  30.01  30.44  7186600  30.44
2012-05-03  31.4  31.66  30.66  30.69  8290200  30.69
2012-05-02  31.75  31.78  31.29  31.42  7445600  31.42
2012-05-01  32.08  32.24  31.66  32.01  8301000  32.01
2012-04-30  31.27  31.69  31.21  31.68  7660700  31.68
2012-04-27  31.52  31.77  31.27  31.31  7114200  31.31
2012-04-26  30.72  31.62  30.49  31.55  6942300  31.55
2012-04-25  30.22  30.73  30.16  30.69  5303700  30.69
2012-04-24  30.12  30.36  30.06  30.08  6654900  30.08
2012-04-23  29.67  30.14  29.61  30.08  5367000  30.08
2012-04-20  30.18  30.26  29.99  30.07  4733600  30.07
2012-04-19  30.09  30.16  29.79  29.96  5784300  29.96
2012-04-18  29.52  30.06  29.4  30.05  6030300  30.05
2012-04-17  29.18  29.6  29.17  29.56  5726600  29.56
2012-04-16  30.12  30.28  29.16  29.18  9322700  29.18
2012-04-13  29.43  29.99  29.39  29.89  8775900  29.89
2012-04-12  28.99  29.64  28.93  29.63  6419200  29.63
2012-04-11  28.8  29.02  28.64  28.88  6226000  28.88
2012-04-10  28.84  29.12  28.4  28.45  8339900  28.45
2012-04-09  28.79  29.05  28.68  28.86  5443500  28.86
2012-04-05  29.12  29.5  28.99  29.29  6281700  29.29
2012-04-04  28.92  29.28  28.82  29.23  7262600  29.23
2012-04-03  28.68  29.27  28.54  29.27  10015500  29.27
2012-04-02  28.72  29.02  28.59  28.92  6103900  28.92
2012-03-30  29.21  29.27  28.54  28.68  21687800  28.68
2012-03-29  28.3  28.54  28.13  28.48  6613100  28.48
2012-03-28  28.71  28.89  28.28  28.56  6947500  28.56
2012-03-27  28.83  29.0  28.63  28.85  5872500  28.85
2012-03-26  28.61  28.71  28.2  28.5  6764900  28.5
2012-03-23  28.11  28.35  27.98  28.1  7905500  28.1
2012-03-22  28.58  28.62  27.85  28.13  8202100  28.13
2012-03-21  29.14  29.2  28.8  28.87  5695600  28.87
2012-03-20  29.13  29.88  28.92  29.14  16513200  29.14
2012-03-19  28.35  28.41  27.91  28.32  3096700  28.32
2012-03-16  28.03  28.4  27.99  28.36  6646900  28.36
2012-03-15  27.96  28.13  27.67  27.95  4051000  27.95
2012-03-14  28.24  28.31  27.87  27.97  4233800  27.97
2012-03-13  27.78  28.16  27.53  28.14  5777700  28.14
2012-03-12  27.79  27.86  27.38  27.62  3523400  27.62
2012-03-09  27.78  28.14  27.75  27.8  4493900  27.8
2012-03-08  27.8  27.93  27.52  27.73  3825700  27.73
2012-03-07  27.5  27.77  27.3  27.6  4603400  27.6
2012-03-06  27.54  27.81  27.32  27.43  4834300  27.43
2012-03-05  27.82  28.11  27.58  28.01  3731000  28.01
2012-03-02  27.89  28.13  27.81  27.93  5393200  27.93
2012-03-01  27.63  28.2  27.53  27.93  8196200  27.93
2012-02-29  27.2  27.69  27.07  27.58  10284000  27.58
2012-02-28  26.89  27.04  26.63  26.76  5488800  26.76
2012-02-27  26.93  27.2  26.81  26.87  4060500  26.87
2012-02-24  26.89  27.19  26.77  27.05  5146000  27.05
2012-02-23  26.74  27.06  26.31  26.82  10453700  26.82
2012-02-22  27.12  27.43  26.97  27.04  4592600  27.04
2012-02-21  27.11  27.3  26.93  27.19  3912200  27.19
2012-02-17  27.07  27.11  26.81  26.87  6576900  26.87
2012-02-16  26.66  26.82  26.49  26.64  5825900  26.64
2012-02-15  27.12  27.12  26.63  26.74  5433800  26.74
2012-02-14  27.2  27.32  26.74  26.93  4543000  26.93
2012-02-13  26.99  27.31  26.88  27.24  5086700  27.24
2012-02-10  26.68  26.89  26.45  26.82  4427900  26.82
2012-02-09  27.02  27.09  26.72  26.94  5048600  26.94
2012-02-08  26.96  27.14  26.81  26.96  4755400  26.96
2012-02-07  27.07  27.1  26.7  26.95  7646900  26.95
2012-02-06  27.29  27.4  27.04  27.14  7010600  27.14
2012-02-03  26.92  27.48  26.86  27.41  7613700  27.41
2012-02-02  27.02  27.05  26.55  26.62  4051400  26.62
2012-02-01  26.84  27.32  26.79  26.94  6619200  26.94
2012-01-31  26.74  26.78  26.32  26.6  5346000  26.6
2012-01-30  26.2  26.5  25.98  26.5  7173500  26.5
2012-01-27  26.54  26.6  26.03  26.35  6325700  26.35
2012-01-26  27.34  27.39  26.46  26.64  6524200  26.64
2012-01-25  26.79  27.2  26.45  27.14  6829100  27.14
2012-01-24  26.64  26.86  26.59  26.82  4899500  26.82
2012-01-23  26.6  26.97  26.6  26.79  7570600  26.79
2012-01-20  26.54  26.71  26.15  26.62  7713200  26.62
2012-01-19  26.86  27.03  26.24  26.52  13195200  26.52
2012-01-18  26.47  26.89  26.34  26.81  11798800  26.81
2012-01-17  26.31  26.48  25.94  26.24  7677500  26.24
2012-01-13  25.83  26.09  25.73  26.04  5666900  26.04
2012-01-12  25.75  26.2  25.72  25.97  7920600  25.97
2012-01-11  26.04  26.06  25.63  25.69  8873400  25.69
2012-01-10  25.97  26.29  25.82  26.15  15125200  26.15
2012-01-09  25.4  25.67  25.14  25.64  8696000  25.64
2012-01-06  25.53  25.59  25.23  25.28  7258600  25.28
2012-01-05  25.51  25.61  24.89  25.43  11763700  25.43
2012-01-04  24.74  24.91  24.51  24.9  11200600  24.9
2012-01-03  25.42  25.77  24.19  24.75  18725000  24.75
2011-12-30  24.53  24.91  24.48  24.84  8067200  24.84
2011-12-29  24.25  24.54  24.16  24.49  7196400  24.49
2011-12-28  24.74  24.77  24.13  24.17  6397900  24.17
2011-12-27  24.55  24.83  24.53  24.69  4328300  24.69
2011-12-23  24.37  24.61  24.29  24.61  4354500  24.61
2011-12-22  24.11  24.3  24.06  24.26  6299100  24.26
2011-12-21  23.85  24.13  23.63  24.08  4758000  24.08
2011-12-20  23.6  23.98  23.55  23.85  6003400  23.85
2011-12-19  23.35  23.48  23.06  23.16  7171100  23.16
2011-12-16  23.13  23.34  22.85  23.32  13840400  23.32
2011-12-15  23.25  23.36  22.84  22.87  8761700  22.87
2011-12-14  23.35  23.48  22.9  23.01  11456100  23.01
2011-12-13  23.65  23.99  23.43  23.6  10951700  23.6
2011-12-12  23.63  23.67  23.36  23.58  12299200  23.58
2011-12-09  23.6  23.98  23.53  23.81  11120100  23.81
2011-12-08  24.02  24.18  23.34  23.41  12760800  23.41
2011-12-07  23.88  24.43  23.7  24.23  12104000  24.23
2011-12-06  24.29  24.41  23.89  23.99  11465500  23.99
2011-12-05  24.49  24.61  24.04  24.33  9879400  24.33
2011-12-02  24.4  24.55  24.09  24.16  14429500  24.16
2011-12-01  24.08  24.5  23.79  24.19  12929100  24.19
2011-11-30  23.91  24.26  23.5  24.1  12702800  24.1
2011-11-29  23.12  23.33  22.92  23.22  7952300  23.22
2011-11-28  22.85  23.37  22.75  22.97  11668100  22.97
2011-11-25  21.8  22.35  21.74  22.17  4144900  22.17
2011-11-23  22.11  22.32  21.78  21.92  9127300  21.92
2011-11-22  22.44  22.76  22.26  22.4  7502900  22.4
2011-11-21  22.29  22.58  22.02  22.45  8976600  22.45
2011-11-18  22.83  22.95  22.6  22.73  7522000  22.73
2011-11-17  22.74  23.02  22.27  22.61  9102300  22.61
2011-11-16  22.88  23.51  22.79  22.86  8668300  22.86
2011-11-15  22.74  23.47  22.74  23.34  7408200  23.34
2011-11-14  23.27  23.35  22.72  22.84  8060200  22.84
2011-11-11  23.26  23.51  23.14  23.4  5546400  23.4
2011-11-10  22.96  23.11  22.42  22.95  6900600  22.95
2011-11-09  22.59  23.21  22.51  22.61  9591800  22.61
2011-11-08  23.47  23.49  22.87  23.36  8204600  23.36
2011-11-07  23.32  23.49  22.87  23.38  6685100  23.38
2011-11-04  22.95  23.55  22.74  23.34  11231800  23.34
2011-11-03  22.96  23.23  22.47  23.16  14639200  23.16
2011-11-02  23.58  23.58  22.2  22.54  14755800  22.54
2011-11-01  21.85  22.44  21.67  21.92  15136000  21.92
2011-10-31  22.87  23.05  22.44  22.48  8697600  22.48
2011-10-28  22.99  23.37  22.84  23.33  10398300  23.33
2011-10-27  22.87  23.44  22.57  23.24  13985500  23.24
2011-10-26  22.46  22.61  21.75  22.28  12471400  22.28
2011-10-25  22.58  22.73  21.96  22.07  11078400  22.07
2011-10-24  22.64  22.86  22.31  22.77  10918300  22.77
2011-10-21  22.49  22.58  22.19  22.51  12002200  22.51
2011-10-20  21.97  22.35  21.76  22.25  10611600  22.25
2011-10-19  21.78  22.4  21.77  22.01  25790100  22.01
2011-10-18  20.59  21.84  20.46  21.69  18629500  21.69
2011-10-17  21.44  21.55  20.46  20.56  16943700  20.56
2011-10-14  20.35  20.43  20.11  20.39  7012100  20.39
2011-10-13  19.7  20.07  19.42  19.92  6921900  19.92
2011-10-12  19.98  20.3  19.87  19.95  9879400  19.95
2011-10-11  19.45  19.82  19.31  19.72  6614300  19.72
2011-10-10  19.09  19.7  19.09  19.7  10662500  19.7
2011-10-07  19.18  19.18  18.6  18.64  10774900  18.64
2011-10-06  18.41  19.21  18.15  18.99  9716900  18.99
2011-10-05  17.64  18.54  17.3  18.48  19923800  18.48
2011-10-04  17.11  17.62  16.34  17.62  24043200  17.62
2011-10-03  17.95  18.34  17.43  17.43  11225800  17.43
2011-09-30  18.34  18.66  18.12  18.17  9782100  18.17
2011-09-29  19.31  19.35  18.26  18.69  12048900  18.69
2011-09-28  19.32  19.64  18.69  18.75  8930700  18.75
2011-09-27  20.06  20.28  19.22  19.37  11134100  19.37
2011-09-26  18.81  19.6  18.35  19.53  11465300  19.53
2011-09-23  18.36  18.85  18.25  18.67  8877000  18.67
2011-09-22  18.97  19.08  18.24  18.54  19144900  18.54
2011-09-21  20.08  21.1  19.69  19.69  13239100  19.69
2011-09-20  20.4  20.63  19.71  20.05  10601700  20.05
2011-09-19  19.92  20.56  19.28  20.33  11100000  20.33
2011-09-16  20.54  20.59  19.97  20.19  9435800  20.19
2011-09-15  20.49  20.64  20.16  20.34  7775900  20.34
2011-09-14  19.86  20.49  19.43  20.18  11432700  20.18
2011-09-13  19.47  19.77  19.07  19.7  9057500  19.7
2011-09-12  18.97  19.43  18.71  19.3  7912800  19.3
2011-09-09  19.55  19.78  19.03  19.19  12033200  19.19
2011-09-08  19.72  20.14  19.51  19.95  11979300  19.95
2011-09-07  19.57  20.22  19.48  19.76  15257600  19.76
2011-09-06  18.65  19.09  18.38  19.06  10501500  19.06
2011-09-02  18.87  19.66  18.87  19.36  8091300  19.36
2011-09-01  20.14  20.53  20.02  20.07  7575300  20.07
2011-08-31  20.23  20.59  19.9  20.15  9260100  20.15
2011-08-30  19.67  20.2  19.54  20.08  11196600  20.08
2011-08-29  19.14  19.78  19.14  19.77  6470400  19.77
2011-08-26  18.31  19.0  18.14  18.83  10400400  18.83
2011-08-25  19.01  19.53  18.38  18.51  13372100  18.51
2011-08-24  18.82  19.15  18.55  19.07  12284300  19.07
2011-08-23  17.79  19.02  17.38  18.89  21026500  18.89
2011-08-22  18.86  19.02  17.45  17.66  15148400  17.66
2011-08-19  18.52  19.09  18.13  18.32  16486000  18.32
2011-08-18  20.18  20.23  18.57  18.75  20002000  18.75
2011-08-17  21.06  21.44  20.71  20.85  7866700  20.85
2011-08-16  20.74  21.28  20.66  20.85  9515100  20.85
2011-08-15  20.76  21.35  20.68  21.23  8602100  21.23
2011-08-12  20.76  20.87  20.2  20.5  9506400  20.5
2011-08-11  20.0  20.78  19.46  20.38  18112600  20.38
2011-08-10  19.61  20.77  19.45  19.54  22678600  19.54
2011-08-09  18.4  20.03  17.91  20.02  18403600  20.02
2011-08-08  19.37  19.63  17.4  17.81  26397800  17.81
2011-08-05  20.38  20.64  18.86  20.03  19923800  20.03
2011-08-04  21.93  21.97  19.94  20.03  22443400  20.03
2011-08-03  22.39  22.49  21.67  22.26  12436500  22.26
2011-08-02  23.22  23.47  22.45  22.49  10923200  22.49
2011-08-01  23.58  23.78  23.27  23.41  8346800  23.41
2011-07-29  23.18  23.81  23.05  23.48  10757400  23.48
2011-07-28  23.71  23.91  23.46  23.55  9292700  23.55
2011-07-27  22.53  24.55  22.31  23.77  34162500  23.77
2011-07-26  22.75  22.89  22.54  22.68  6376000  22.68
2011-07-25  22.67  22.98  22.57  22.75  8627500  22.75
2011-07-22  23.02  23.06  22.76  23.03  4211200  23.03
2011-07-21  22.77  23.05  22.74  22.97  7562200  22.97
2011-07-20  22.76  22.76  22.27  22.63  8486800  22.63
2011-07-19  22.41  22.79  22.12  22.69  11131900  22.69
2011-07-18  22.26  22.5  22.07  22.25  11956800  22.25
2011-07-15  21.79  22.57  21.73  22.49  18656300  22.49
2011-07-14  21.36  21.82  21.36  21.55  15616000  21.55
2011-07-13  21.2  21.56  21.2  21.32  8787800  21.32
2011-07-12  21.14  21.3  20.99  21.03  7865700  21.03
2011-07-11  21.62  21.68  21.05  21.18  12157500  21.18
2011-07-08  22.06  22.32  21.85  21.91  11116400  21.91
2011-07-07  22.7  22.76  22.25  22.42  6866300  22.42
2011-07-06  22.64  22.67  22.33  22.36  7896800  22.36
2011-07-05  22.66  22.82  22.42  22.72  7986000  22.72
2011-07-01  22.49  22.84  22.3  22.77  8705600  22.77
2011-06-30  22.2  22.43  22.16  22.4  6344500  22.4
2011-06-29  22.05  22.33  21.87  22.09  6915500  22.09
2011-06-28  21.46  22.05  21.44  21.97  7447600  21.97
2011-06-27  21.21  21.58  21.0  21.33  9099400  21.33
2011-06-24  21.37  21.91  21.07  21.15  30518000  21.15
2011-06-23  21.34  21.68  20.82  21.65  12288500  21.65
2011-06-22  21.71  22.02  21.6  21.72  7048000  21.72
2011-06-21  21.26  21.78  21.14  21.76  8617600  21.76
2011-06-20  20.87  21.17  20.75  21.14  6650900  21.14
2011-06-17  21.14  21.24  20.83  20.97  12106800  20.97
2011-06-16  21.35  21.57  20.68  20.97  15317100  20.97
2011-06-15  21.68  21.75  21.24  21.31  13191500  21.31
2011-06-14  21.67  22.1  21.6  21.96  8833900  21.96
2011-06-13  21.41  21.91  21.02  21.41  12033900  21.41
2011-06-10  22.04  22.13  21.66  21.73  6808000  21.73
2011-06-09  22.18  22.3  22.01  22.15  6359100  22.15
2011-06-08  22.0  22.3  21.94  22.07  8791500  22.07
2011-06-07  22.0  22.31  21.81  21.95  6303100  21.95
2011-06-06  22.34  22.39  21.83  21.86  7398700  21.86
2011-06-03  22.17  22.64  22.05  22.41  5675000  22.41
2011-06-02  22.58  22.79  22.16  22.5  7262300  22.5
2011-06-01  23.1  23.23  22.55  22.59  8207200  22.59
2011-05-31  23.23  23.34  22.79  23.09  10540800  23.09
2011-05-27  22.63  22.97  22.63  22.81  4864300  22.81
2011-05-26  22.74  22.82  22.43  22.59  9305200  22.59
2011-05-25  22.84  23.06  22.3  22.84  10791500  22.84
2011-05-24  22.55  22.86  22.52  22.56  7611400  22.56
2011-05-23  22.31  22.53  22.18  22.32  7011800  22.32
2011-05-20  22.45  22.92  22.25  22.63  10824000  22.63
2011-05-19  22.6  22.77  22.37  22.53  7989100  22.53
2011-05-18  22.04  22.73  21.96  22.53  9231800  22.53
2011-05-17  21.76  22.05  21.62  21.99  8756500  21.99
2011-05-16  22.19  22.43  21.83  21.91  10276400  21.91
2011-05-13  22.57  22.77  22.01  22.26  9091400  22.26
2011-05-12  22.6  22.71  22.29  22.45  10038500  22.45
2011-05-11  23.34  23.38  22.49  22.69  8228900  22.69
2011-05-10  23.33  23.48  23.15  23.34  5164900  23.34
2011-05-09  22.75  23.33  22.68  23.26  6516700  23.26
2011-05-06  22.96  23.19  22.47  22.7  8058800  22.7
2011-05-05  22.87  23.01  22.34  22.63  11552000  22.63
2011-05-04  23.53  23.53  22.59  23.09  11159200  23.09
2011-05-03  23.93  23.99  23.22  23.47  12550500  23.47
2011-05-02  24.49  24.63  23.91  24.06  12709000  24.06
2011-04-29  24.05  24.52  23.97  24.4  12161200  24.4
2011-04-28  24.07  24.26  23.86  24.03  6988200  24.03
2011-04-27  23.97  24.16  23.55  24.09  6232000  24.09
2011-04-26  23.7  24.02  23.52  23.95  8228800  23.95
2011-04-25  23.57  23.65  23.24  23.56  4129300  23.56
2011-04-21  23.47  23.59  23.32  23.52  4518300  23.52
2011-04-20  22.96  23.39  22.92  23.38  9615800  23.38
2011-04-19  22.29  22.55  22.23  22.47  4897200  22.47
2011-04-18  22.46  22.54  22.11  22.28  5970600  22.28
2011-04-15  22.64  22.96  22.63  22.84  7197600  22.84
2011-04-14  22.23  22.75  22.1  22.61  6133300  22.61
2011-04-13  22.45  22.71  22.02  22.34  7086500  22.34
2011-04-12  22.42  22.44  21.97  22.38  10651600  22.38
2011-04-11  22.82  23.03  22.46  22.57  8741800  22.57
2011-04-08  22.91  23.1  22.53  22.68  5225800  22.68
2011-04-07  22.52  22.85  22.39  22.82  7345400  22.82
2011-04-06  22.9  22.96  22.33  22.57  5344600  22.57
2011-04-05  22.81  22.96  22.7  22.75  6896500  22.75
2011-04-04  23.01  23.07  22.75  22.88  7324000  22.88
2011-04-01  23.27  23.46  22.96  23.01  6384000  23.01
2011-03-31  23.2  23.37  22.91  22.94  8583400  22.94
2011-03-30  22.76  23.26  22.63  23.14  8682300  23.14
2011-03-29  22.49  22.64  22.28  22.62  5474400  22.62
2011-03-28  23.0  23.14  22.53  22.54  5473900  22.54
2011-03-25  22.6  23.05  22.53  22.9  6399900  22.9
2011-03-24  22.48  22.63  22.31  22.55  5404100  22.55
2011-03-23  22.39  22.47  22.11  22.41  6090300  22.41
2011-03-22  22.64  22.72  22.29  22.44  3980100  22.44
2011-03-21  22.13  22.75  22.07  22.62  8486300  22.62
2011-03-18  22.06  22.1  21.77  21.84  10544700  21.84
2011-03-17  21.79  21.97  21.56  21.8  9545400  21.8
2011-03-16  21.75  21.96  21.11  21.35  12648200  21.35
2011-03-15  21.34  21.76  21.14  21.66  9308900  21.66
2011-03-14  21.95  22.06  21.66  21.92  6977200  21.92
2011-03-11  21.67  22.16  21.54  22.06  7383200  22.06
2011-03-10  21.83  22.0  21.28  21.6  13432800  21.6
2011-03-09  21.93  22.18  21.85  21.95  7018800  21.95
2011-03-08  22.25  22.36  21.9  22.0  6979500  22.0
2011-03-07  22.6  22.71  21.95  22.18  10694300  22.18
2011-03-04  22.47  22.63  22.3  22.59  8003200  22.59
2011-03-03  22.44  22.57  22.06  22.54  10228000  22.54
2011-03-02  22.0  22.49  21.87  22.26  8951800  22.26
2011-03-01  22.47  22.58  21.96  21.99  11130200  21.99
2011-02-28  22.2  22.28  22.0  22.24  9094000  22.24
2011-02-25  21.9  22.2  21.8  22.17  12064500  22.17
2011-02-24  21.93  22.0  21.6  21.78  8225000  21.78
2011-02-23  21.8  22.32  21.62  21.91  12128900  21.91
2011-02-22  22.32  22.51  21.77  21.89  12945500  21.89
2011-02-18  22.16  22.51  22.1  22.25  19925200  22.25
2011-02-17  22.29  22.68  21.58  22.04  60248900  22.04
2011-02-16  20.25  20.5  20.08  20.34  28043100  20.34
2011-02-15  19.73  19.94  19.58  19.8  9787700  19.8
2011-02-14  19.78  19.96  19.67  19.79  9215700  19.79
2011-02-11  19.92  20.1  19.72  19.77  8127900  19.77
2011-02-10  19.83  20.12  19.83  20.04  5691500  20.04
2011-02-09  20.24  20.31  19.79  19.96  5656900  19.96
2011-02-08  20.32  20.56  20.12  20.32  11060200  20.32
2011-02-07  20.21  20.47  20.17  20.21  5238200  20.21
2011-02-04  20.25  20.35  20.07  20.12  6060400  20.12
2011-02-03  19.96  20.34  19.9  20.22  9872900  20.22
2011-02-02  19.87  20.11  19.84  19.88  3934200  19.88
2011-02-01  19.87  20.09  19.85  20.05  8053900  20.05
2011-01-31  19.56  19.88  19.56  19.77  8620600  19.77
2011-01-28  19.75  19.91  19.41  19.49  13649800  19.49
2011-01-27  19.69  19.82  19.5  19.76  8946500  19.76
2011-01-26  19.4  19.75  19.4  19.69  6377200  19.69
2011-01-25  19.43  19.43  19.17  19.3  6757000  19.3
2011-01-24  19.24  19.46  19.21  19.44  5797800  19.44
2011-01-21  19.22  19.58  19.18  19.34  11888000  19.34
2011-01-20  19.02  19.27  18.88  19.14  13993700  19.14
2011-01-19  19.25  19.36  18.97  19.07  8070200  19.07
2011-01-18  19.39  19.47  19.19  19.23  8962300  19.23
2011-01-14  19.37  19.43  19.21  19.39  9349700  19.39
2011-01-13  19.25  19.83  19.14  19.43  18080000  19.43
2011-01-12  18.72  18.98  18.68  18.97  9573500  18.97
2011-01-11  18.15  18.64  18.03  18.59  7811900  18.59
2011-01-10  17.85  18.19  17.85  18.13  8738100  18.13
2011-01-07  18.04  18.28  17.87  18.26  7489100  18.26
2011-01-06  18.08  18.08  17.77  17.97  3980600  17.97
2011-01-05  17.88  18.13  17.78  18.01  6443300  18.01
2011-01-04  18.1  18.17  17.8  17.98  7622300  17.98
2011-01-03  18.29  18.46  18.07  18.11  8968200  18.11
2010-12-31  17.99  18.23  17.97  18.11  3787900  18.11
2010-12-30  17.97  18.24  17.93  18.07  2863300  18.07
2010-12-29  18.1  18.17  17.98  18.13  2541000  18.13
2010-12-28  18.08  18.13  17.99  18.04  2159100  18.04
2010-12-27  17.99  18.08  17.9  18.04  2320700  18.04
2010-12-23  18.05  18.14  18.01  18.04  2357700  18.04
2010-12-22  18.12  18.15  17.98  18.05  3478700  18.05
2010-12-21  17.98  18.09  17.94  17.99  3637100  17.99
2010-12-20  17.5  17.97  17.5  17.9  6460600  17.9
2010-12-17  17.32  17.74  17.29  17.51  7709800  17.51
2010-12-16  17.4  17.43  17.19  17.33  6104100  17.33
2010-12-15  17.46  17.55  17.11  17.34  10173700  17.34
2010-12-14  17.73  17.81  17.51  17.55  11126500  17.55
2010-12-13  17.63  17.95  17.6  17.69  12342700  17.69
2010-12-10  17.58  17.69  17.38  17.57  9673200  17.57
2010-12-09  17.27  17.62  17.2  17.53  8412400  17.53
2010-12-08  17.23  17.32  17.03  17.21  6615400  17.21
2010-12-07  17.6  17.67  17.13  17.22  11810400  17.22
2010-12-06  17.26  17.69  17.13  17.44  10601000  17.44
2010-12-03  17.22  17.38  17.15  17.29  6361500  17.29
2010-12-02  16.98  17.39  16.91  17.32  7572300  17.32
2010-12-01  16.91  17.2  16.91  17.0  11634600  17.0
2010-11-30  16.45  16.74  16.33  16.62  11044900  16.62
2010-11-29  16.43  16.66  16.39  16.66  8883000  16.66
2010-11-26  16.78  16.92  16.62  16.69  2707700  16.69
2010-11-24  16.79  16.98  16.76  16.96  5189300  16.96
2010-11-23  16.84  16.88  16.57  16.72  8527800  16.72
2010-11-22  16.97  17.07  16.68  17.06  7555900  17.06
2010-11-19  17.04  17.14  16.76  17.13  7376500  17.13
2010-11-18  16.97  17.2  16.92  17.12  8513100  17.12
2010-11-17  16.54  16.96  16.47  16.88  10206500  16.88
2010-11-16  16.5  16.74  16.33  16.54  12454100  16.54
2010-11-15  16.85  17.13  16.6  16.64  10672400  16.64
2010-11-12  17.14  17.46  16.69  16.8  14436300  16.8
2010-11-11  16.36  17.3  16.29  17.21  22848900  17.21
2010-11-10  16.62  16.75  16.43  16.55  11540200  16.55
2010-11-09  16.57  16.97  16.31  16.72  13768400  16.72
2010-11-08  16.24  16.51  16.17  16.47  8559000  16.47
2010-11-05  16.18  16.3  16.03  16.28  7289500  16.28
2010-11-04  15.83  16.21  15.76  16.2  9257700  16.2
2010-11-03  15.71  15.75  15.29  15.62  6781600  15.62
2010-11-02  15.55  15.85  15.49  15.72  7738300  15.72
2010-11-01  15.77  15.8  15.33  15.43  9450100  15.43
2010-10-29  15.28  15.75  15.24  15.68  12426200  15.68
2010-10-28  14.89  15.77  14.85  15.41  19669400  15.41
2010-10-27  14.78  15.13  14.72  15.09  12584500  15.09
2010-10-26  14.89  15.21  14.87  14.9  13894900  14.9
2010-10-25  15.45  15.57  15.17  15.18  7963900  15.18
2010-10-22  15.51  15.61  15.25  15.3  5544500  15.3
2010-10-21  15.66  15.77  15.27  15.44  8471400  15.44
2010-10-20  15.38  15.82  15.38  15.58  10601700  15.58
2010-10-19  15.43  15.57  15.2  15.31  12355900  15.31
2010-10-18  15.51  15.74  15.36  15.68  7696300  15.68
2010-10-15  15.65  15.66  15.31  15.48  15534600  15.48
2010-10-14  15.66  15.76  15.36  15.51  8861600  15.51
2010-10-13  14.66  16.21  14.59  15.69  41932300  15.69
2010-10-12  14.3  14.36  14.1  14.29  4497800  14.29
2010-10-11  14.41  14.51  14.32  14.36  3159500  14.36
2010-10-08  14.14  14.41  14.07  14.37  6397300  14.37
2010-10-07  14.19  14.19  13.89  14.08  6447600  14.08
2010-10-06  14.0  14.2  13.9  14.08  6823400  14.08
2010-10-05  14.03  14.12  13.91  14.04  8053700  14.04
2010-10-04  14.06  14.12  13.76  13.86  5808100  13.86
2010-10-01  13.93  14.21  13.86  14.12  6852200  14.12
2010-09-30  14.0  14.07  13.78  13.93  6911800  13.93
2010-09-29  13.7  13.96  13.67  13.89  4302100  13.89
2010-09-28  13.69  13.8  13.49  13.77  3519700  13.77
2010-09-27  13.72  13.82  13.65  13.65  3299600  13.65
2010-09-24  13.67  13.94  13.5  13.74  7148600  13.74
2010-09-23  13.41  13.65  13.39  13.48  5969800  13.48
2010-09-22  13.67  13.82  13.59  13.59  5857200  13.59
2010-09-21  13.79  13.86  13.58  13.71  6281400  13.71
2010-09-20  13.43  13.81  13.43  13.74  7689800  13.74
2010-09-17  13.47  13.54  13.24  13.41  10110200  13.41
2010-09-16  13.43  13.66  13.22  13.44  16485900  13.44
2010-09-15  13.94  14.01  13.83  13.92  6011900  13.92
2010-09-14  14.26  14.35  14.08  14.09  5594500  14.09
2010-09-13  14.19  14.35  14.09  14.34  7471300  14.34
2010-09-10  14.09  14.15  14.02  14.04  5014200  14.04
2010-09-09  14.17  14.2  13.96  14.05  5080100  14.05
2010-09-08  13.88  14.06  13.87  14.0  9150500  14.0
2010-09-07  13.92  13.98  13.77  13.85  7804500  13.85
2010-09-03  14.05  14.17  13.91  14.08  6208000  14.08
2010-09-02  13.72  13.96  13.66  13.94  4397400  13.94
2010-09-01  13.43  13.78  13.36  13.74  7804700  13.74
2010-08-31  13.18  13.36  13.09  13.21  7683800  13.21
2010-08-30  13.46  13.58  13.24  13.24  6194200  13.24
2010-08-27  13.32  13.5  13.0  13.49  7101200  13.49
2010-08-26  13.32  13.54  13.17  13.23  8288200  13.23
2010-08-25  13.06  13.27  12.91  13.23  6569200  13.23
2010-08-24  13.17  13.28  13.03  13.09  7092100  13.09
2010-08-23  13.53  13.71  13.37  13.38  4758300  13.38
2010-08-20  13.57  13.65  13.39  13.5  6178500  13.5
2010-08-19  13.96  13.98  13.64  13.68  10198100  13.68
2010-08-18  14.21  14.28  13.97  14.03  6809400  14.03
2010-08-17  14.22  14.32  14.16  14.25  4951300  14.25
2010-08-16  14.06  14.16  13.85  14.07  3747400  14.07
2010-08-13  14.02  14.24  14.02  14.07  3605300  14.07
2010-08-12  14.04  14.2  13.96  14.08  4526300  14.08
2010-08-11  14.53  14.54  14.12  14.2  5958500  14.2
2010-08-10  14.83  14.89  14.65  14.82  5323200  14.82
2010-08-09  15.13  15.2  14.96  15.03  4567100  15.03
2010-08-06  14.84  15.12  14.81  15.08  9798800  15.08
2010-08-05  14.74  15.06  14.57  15.05  9549400  15.05
2010-08-04  14.68  14.88  14.6  14.83  5919800  14.83
2010-08-03  14.6  14.73  14.47  14.66  5664700  14.66
2010-08-02  14.44  14.66  14.27  14.61  6833200  14.61
2010-07-30  13.66  14.14  13.57  14.05  8090500  14.05
2010-07-29  13.43  14.03  13.43  13.85  10275000  13.85
2010-07-28  14.26  14.38  14.02  14.08  6753200  14.08
2010-07-27  14.39  14.43  14.16  14.29  6132700  14.29
2010-07-26  14.16  14.44  14.16  14.35  6340000  14.35
2010-07-23  14.09  14.29  13.93  14.23  4584300  14.23
2010-07-22  13.96  14.25  13.88  14.13  5637400  14.13
2010-07-21  14.0  14.0  13.59  13.76  6899900  13.76
2010-07-20  13.35  13.97  13.3  13.92  6581600  13.92
2010-07-19  13.61  13.71  13.37  13.57  4555000  13.57
2010-07-16  13.78  13.84  13.43  13.51  7913000  13.51
2010-07-15  13.95  14.02  13.6  13.95  6448600  13.95
2010-07-14  13.97  14.08  13.84  13.96  5814200  13.96
2010-07-13  14.06  14.18  13.97  14.09  7587800  14.09
2010-07-12  13.79  13.95  13.66  13.91  6963600  13.91
2010-07-09  13.81  13.89  13.67  13.84  4407100  13.84
2010-07-08  13.77  13.85  13.53  13.82  9143600  13.82
2010-07-07  12.88  13.6  12.88  13.59  13413000  13.59
2010-07-06  13.02  13.17  12.76  12.9  10147600  12.9
2010-07-02  12.96  13.17  12.69  12.79  8865600  12.79
2010-07-01  13.25  13.35  12.71  12.95  14321400  12.95
2010-06-30  13.53  13.61  13.16  13.23  9527100  13.23
2010-06-29  13.91  13.91  13.28  13.4  13977300  13.4
2010-06-28  14.29  14.39  14.02  14.06  7791000  14.06
2010-06-25  14.36  14.5  14.08  14.34  12830800  14.34
2010-06-24  14.55  14.6  14.25  14.32  7301600  14.32
2010-06-23  14.7  14.74  14.39  14.58  7836100  14.58
2010-06-22  15.34  15.43  14.61  14.67  10146000  14.67
2010-06-21  15.74  15.79  15.22  15.33  7150400  15.33
2010-06-18  15.51  15.69  15.29  15.5  11254000  15.5
2010-06-17  15.32  15.38  15.07  15.25  8436800  15.25
2010-06-16  15.12  15.33  15.03  15.13  10857800  15.13
2010-06-15  14.64  15.3  14.62  15.26  10435800  15.26
2010-06-14  14.67  14.75  14.41  14.43  6912300  14.43
2010-06-11  14.17  14.5  14.15  14.49  5642200  14.49
2010-06-10  14.17  14.46  14.08  14.45  9499600  14.45
2010-06-09  14.03  14.44  13.8  13.87  9189200  13.87
2010-06-08  13.48  13.86  13.41  13.83  10456600  13.83
2010-06-07  13.94  14.04  13.49  13.52  8857300  13.52
2010-06-04  14.11  14.43  13.77  13.83  10600300  13.83
2010-06-03  13.99  14.5  13.88  14.46  9564800  14.46
2010-06-02  13.73  14.01  13.62  14.01  10869600  14.01
2010-06-01  14.0  14.14  13.56  13.58  7611300  13.58
2010-05-28  14.43  14.6  14.14  14.2  7677500  14.2
2010-05-27  14.23  14.48  14.17  14.47  8193700  14.47
2010-05-26  13.99  14.23  13.8  13.86  9893300  13.86
2010-05-25  13.05  13.76  13.05  13.75  11963400  13.75
2010-05-24  13.86  13.99  13.67  13.67  8953000  13.67
2010-05-21  13.37  14.05  13.3  13.95  11619100  13.95
2010-05-20  14.19  14.19  13.66  13.74  13756000  13.74
2010-05-19  14.84  14.93  14.27  14.52  14981700  14.52
2010-05-18  15.41  15.64  14.87  14.98  8394400  14.98
2010-05-17  15.62  15.72  14.88  15.2  9815900  15.2
2010-05-14  15.83  15.97  15.29  15.56  10199500  15.56
2010-05-13  16.06  16.23  15.83  16.0  7895700  16.0
2010-05-12  15.82  16.21  15.76  16.11  9175900  16.11
2010-05-11  15.12  15.83  15.12  15.68  12617900  15.68
2010-05-10  15.3  15.51  15.11  15.44  11284300  15.44
2010-05-07  15.13  15.42  14.41  14.62  18445200  14.62
2010-05-06  15.83  16.01  14.45  15.13  17138400  15.13
2010-05-05  16.47  16.53  15.86  15.98  11712700  15.98
2010-05-04  16.99  17.11  16.65  16.77  8267900  16.77
2010-05-03  17.1  17.49  17.1  17.35  6584400  17.35
2010-04-30  17.15  17.25  16.82  16.98  7097800  16.98
2010-04-29  17.15  17.33  17.02  17.09  4895000  17.09
2010-04-28  16.88  17.09  16.8  17.03  6426000  17.03
2010-04-27  17.47  17.52  16.88  16.92  6666100  16.92
2010-04-26  17.73  17.73  17.5  17.59  4729100  17.59
2010-04-23  17.07  17.64  17.05  17.62  5650400  17.62
2010-04-22  16.83  17.13  16.67  17.07  7282600  17.07
2010-04-21  17.3  17.3  16.91  17.03  4729600  17.03
2010-04-20  17.17  17.29  17.11  17.2  4687700  17.2
2010-04-19  16.77  17.01  16.66  17.01  4650800  17.01
2010-04-16  17.34  17.42  16.78  16.95  9026500  16.95
2010-04-15  17.32  17.51  17.26  17.42  4608300  17.42
2010-04-14  17.27  17.42  17.11  17.4  4480700  17.4
2010-04-13  17.33  17.38  17.07  17.24  3718100  17.24
2010-04-12  17.38  17.61  17.27  17.41  4607300  17.41
2010-04-09  17.28  17.42  17.24  17.34  4575600  17.34
2010-04-08  16.99  17.27  16.84  17.21  4255500  17.21
2010-04-07  17.28  17.3  16.99  17.06  4698400  17.06
2010-04-06  17.25  17.46  17.14  17.31  5574500  17.31
2010-04-05  16.85  17.22  16.85  17.13  4926200  17.13
2010-04-01  16.72  16.89  16.68  16.81  5592900  16.81
2010-03-31  16.58  16.76  16.52  16.61  6534500  16.61
2010-03-30  16.65  16.65  16.44  16.63  5644300  16.63
2010-03-29  16.4  16.64  16.38  16.52  9234200  16.52
2010-03-26  16.36  16.48  16.27  16.36  10923700  16.36
2010-03-25  16.54  16.64  16.3  16.32  10525600  16.32
2010-03-24  16.3  16.51  16.22  16.44  6081100  16.44
2010-03-23  16.13  16.45  16.09  16.41  6442300  16.41
2010-03-22  16.01  16.27  15.81  16.18  6466000  16.18
2010-03-19  16.46  16.47  15.98  16.2  6814400  16.2
2010-03-18  16.65  16.65  16.23  16.41  7277000  16.41
2010-03-17  16.6  16.78  16.51  16.61  7794400  16.61
2010-03-16  16.43  16.65  16.28  16.62  5918700  16.62
2010-03-15  16.22  16.45  16.03  16.32  5897200  16.32
2010-03-12  16.48  16.57  16.31  16.45  5441700  16.45
2010-03-11  16.24  16.44  16.12  16.4  4784800  16.4
2010-03-10  16.34  16.51  16.25  16.34  9951200  16.34
2010-03-09  16.25  16.39  16.18  16.31  6430600  16.31
2010-03-08  16.55  16.6  16.27  16.36  6240700  16.36
2010-03-05  16.31  16.56  16.26  16.55  7665500  16.55
2010-03-04  16.17  16.35  15.95  16.14  6666600  16.14
2010-03-03  15.95  16.25  15.93  16.16  6656300  16.16
2010-03-02  15.81  16.05  15.8  15.94  8182700  15.94
2010-03-01  15.47  15.78  15.46  15.78  8197300  15.78
2010-02-26  15.6  15.64  15.31  15.41  8651600  15.41
2010-02-25  15.21  15.58  15.06  15.55  6039500  15.55
2010-02-24  15.22  15.47  15.15  15.46  9145400  15.46
2010-02-23  15.37  15.47  15.05  15.18  8221800  15.18
2010-02-22  15.96  16.08  15.36  15.44  10017200  15.44
2010-02-19  15.79  15.92  15.66  15.91  8264600  15.91
2010-02-18  15.83  16.07  15.48  15.86  10930600  15.86
2010-02-17  16.02  16.11  15.87  16.02  6692200  16.02
2010-02-16  15.77  16.01  15.77  16.01  8519700  16.01
2010-02-12  15.29  15.52  15.11  15.48  8074300  15.48
2010-02-11  15.08  15.55  14.98  15.52  8861600  15.52
2010-02-10  15.07  15.24  14.82  15.13  11099700  15.13
2010-02-09  14.88  15.31  14.84  15.07  13006000  15.07
2010-02-08  14.55  14.86  14.49  14.67  11890100  14.67
2010-02-05  14.51  14.71  13.96  14.5  17596200  14.5
2010-02-04  15.37  15.37  14.64  14.65  11911300  14.65
2010-02-03  15.63  15.75  15.45  15.5  5698800  15.5
2010-02-02  15.48  15.8  15.25  15.71  12139000  15.71
2010-02-01  15.11  15.38  15.02  15.38  10441900  15.38
2010-01-29  15.55  15.91  14.81  14.91  12808800  14.91
2010-01-28  15.86  16.05  15.41  15.53  13746800  15.53
2010-01-27  15.84  15.94  15.41  15.73  8085400  15.73
2010-01-26  15.59  16.2  15.59  15.88  10327900  15.88
2010-01-25  16.1  16.37  16.02  16.24  8727700  16.24
2010-01-22  16.02  16.3  15.8  15.83  14050400  15.83
2010-01-21  16.61  16.82  16.14  16.19  12856600  16.19
2010-01-20  16.41  16.84  16.31  16.56  15715800  16.56
2010-01-19  16.29  17.0  16.28  16.53  27213700  16.53
2010-01-15  15.5  15.51  15.19  15.29  6786700  15.29
2010-01-14  15.39  15.74  15.39  15.53  8519300  15.53
2010-01-13  15.63  15.76  15.56  15.62  8902000  15.62
2010-01-12  15.97  15.97  15.59  15.61  6533400  15.61
2010-01-11  16.26  16.4  15.97  16.08  6130200  16.08
2010-01-08  16.04  16.18  15.9  16.18  4703800  16.18
2010-01-07  16.14  16.15  15.86  16.05  6181300  16.05
2010-01-06  15.72  16.2  15.59  16.16  12157100  16.16
2010-01-05  15.4  15.76  15.4  15.66  7415500  15.66
2010-01-04  15.34  15.49  15.31  15.46  7020200  15.46
