Date  Open  High  Low  Close  Volume  Adj Close
2014-02-28  24.35  24.66  24.03  24.22  5855600  24.22
2014-02-27  24.32  24.63  24.27  24.55  4871900  24.55
2014-02-26  23.77  24.34  23.41  24.22  7094300  24.22
2014-02-25  24.05  24.1  23.32  23.7  10221200  23.7
2014-02-24  24.66  24.79  24.08  24.16  8846900  24.16
2014-02-21  25.09  25.38  24.72  25.0  6173300  25.0
2014-02-20  24.71  25.24  24.7  25.11  7668200  25.11
2014-02-19  25.18  25.4  24.56  24.86  17623100  24.86
2014-02-18  27.3  27.31  26.72  26.74  5005700  26.74
2014-02-14  26.68  27.31  26.34  27.23  7033100  27.23
2014-02-13  25.89  26.6  25.75  26.57  4690500  26.57
2014-02-12  26.38  26.71  25.8  26.11  6322600  26.11
2014-02-11  25.06  26.25  24.97  26.13  9047700  26.13
2014-02-10  25.41  26.06  25.22  25.59  5702300  25.59
2014-02-07  25.9  26.14  25.06  25.54  6909300  25.54
2014-02-06  24.84  25.49  24.78  25.47  5118400  25.47
2014-02-05  25.15  25.2  24.42  24.77  9585400  24.77
2014-02-04  25.05  25.31  24.92  25.13  4699200  25.13
2014-02-03  26.1  26.17  24.57  25.01  9674800  25.01
2014-01-31  25.95  26.53  25.65  26.06  6746400  26.06
2014-01-30  25.88  26.34  25.44  26.18  8530600  26.18
2014-01-29  25.1  26.09  24.85  25.6  11409000  25.6
2014-01-28  26.05  26.36  24.66  25.29  17827300  25.29
2014-01-27  25.27  25.69  24.41  25.4  13142300  25.4
2014-01-24  26.0  26.0  25.13  25.23  8997900  25.23
2014-01-23  26.37  26.57  26.01  26.29  5763500  26.29
2014-01-22  26.69  26.88  26.31  26.49  6852100  26.49
2014-01-21  27.5  27.55  26.56  26.63  9794300  26.63
2014-01-17  28.27  28.55  27.23  27.37  8850100  27.37
2014-01-16  28.79  28.99  28.11  28.27  6323200  28.27
2014-01-15  29.09  29.41  28.56  28.67  6803400  28.67
2014-01-14  28.32  29.18  28.31  29.12  7707000  29.12
2014-01-13  28.58  28.8  27.7  27.88  5475100  27.88
2014-01-10  28.17  28.76  27.88  28.5  5761400  28.5
2014-01-09  29.72  29.72  28.03  28.24  9589700  28.24
2014-01-08  29.34  29.77  29.05  29.54  4856300  29.54
2014-01-07  29.57  29.74  29.26  29.38  4729100  29.38
2014-01-06  29.67  29.84  29.18  29.51  5616000  29.51
2014-01-03  30.04  30.35  29.69  29.84  5317100  29.84
2014-01-02  29.91  31.09  29.86  30.22  11902400  30.22
2013-12-31  29.46  29.83  29.25  29.44  4658600  29.44
2013-12-30  30.26  30.41  29.31  29.46  5967700  29.46
2013-12-27  29.44  30.1  29.38  30.03  5534000  30.03
2013-12-26  29.47  29.86  29.34  29.37  4277600  29.37
2013-12-24  28.98  29.79  28.94  29.44  4682900  29.44
2013-12-23  27.99  29.07  27.94  28.99  7640000  28.99
2013-12-20  28.67  28.7  27.9  27.9  6693900  27.9
2013-12-19  27.59  28.71  27.58  28.58  11058300  28.58
2013-12-18  27.06  27.32  26.51  27.17  5801800  27.17
2013-12-17  26.97  27.35  26.94  27.1  5721700  27.1
2013-12-16  27.33  27.43  26.83  27.06  6609800  27.06
2013-12-13  26.93  27.45  26.75  27.26  7049300  27.26
2013-12-12  26.32  26.56  25.97  26.46  4367500  26.46
2013-12-11  27.05  27.09  26.15  26.22  5895400  26.22
2013-12-10  26.7  27.24  26.7  27.03  5294400  27.03
2013-12-09  26.28  26.92  26.27  26.77  4922900  26.77
2013-12-06  27.27  27.4  26.18  26.28  7000700  26.28
2013-12-05  26.98  27.19  26.71  26.9  5759900  26.9
2013-12-04  26.58  27.1  26.53  27.01  6407900  27.01
2013-12-03  25.81  26.88  25.74  26.64  6950300  26.64
2013-12-02  26.66  26.83  26.09  26.11  5846600  26.11
2013-11-29  27.07  27.12  26.58  26.76  2723700  26.76
2013-11-27  26.52  27.18  26.49  26.79  6022100  26.79
2013-11-26  26.28  26.62  25.95  26.49  5599100  26.49
2013-11-25  26.3  26.59  25.71  26.46  6947800  26.46
2013-11-22  26.62  26.65  26.17  26.31  9664900  26.31
2013-11-21  27.27  27.49  26.85  27.1  7062000  27.1
2013-11-20  27.51  27.7  27.11  27.21  4749600  27.21
2013-11-19  27.08  27.59  26.92  27.32  6284300  27.32
2013-11-18  27.97  28.09  27.3  27.46  6929000  27.46
2013-11-15  27.72  28.36  27.58  27.95  9102000  27.95
2013-11-14  27.49  27.79  27.18  27.55  6963800  27.55
2013-11-13  27.29  27.7  26.81  27.55  9810600  27.55
2013-11-12  26.97  27.21  26.37  26.97  5882200  26.97
2013-11-11  27.46  27.47  27.07  27.15  4322900  27.15
2013-11-08  26.21  27.6  26.21  27.54  7901000  27.54
2013-11-07  27.07  27.31  26.03  26.27  10946600  26.27
2013-11-06  27.47  27.56  26.12  26.71  9093700  26.71
2013-11-05  26.49  27.37  26.43  27.19  9471200  27.19
2013-11-04  26.83  27.23  26.44  26.81  14070600  26.81
2013-11-01  24.85  25.81  24.79  25.68  12445700  25.68
2013-10-31  24.46  25.29  24.35  24.79  6929900  24.79
2013-10-30  24.88  25.18  24.17  24.62  13241400  24.62
2013-10-29  22.92  25.61  22.75  25.37  16461000  25.37
2013-10-28  23.39  23.56  22.97  23.33  6034000  23.33
2013-10-25  23.57  23.72  23.22  23.4  4360300  23.4
2013-10-24  23.08  23.67  22.87  23.63  6111100  23.63
2013-10-23  23.07  23.07  22.57  22.86  7093000  22.86
2013-10-22  23.83  24.03  23.27  23.4  8142800  23.4
2013-10-21  23.97  24.35  23.77  23.92  5974000  23.92
2013-10-18  23.74  23.91  23.48  23.89  5962300  23.89
2013-10-17  23.18  24.13  23.1  23.57  9586800  23.57
2013-10-16  23.36  23.65  23.08  23.19  8241400  23.19
2013-10-15  22.31  23.65  22.31  23.43  14782600  23.43
2013-10-14  21.65  22.34  21.59  22.25  5131800  22.25
2013-10-11  21.77  22.13  21.57  21.89  5615900  21.89
2013-10-10  21.36  22.03  21.29  21.82  6993300  21.82
2013-10-09  20.96  21.29  20.68  21.09  5088200  21.09
2013-10-08  21.45  21.62  20.74  20.86  5335900  20.86
2013-10-07  21.15  21.78  21.08  21.41  4118400  21.41
2013-10-04  21.13  21.57  21.1  21.42  5613600  21.42
2013-10-03  21.6  21.75  21.0  21.22  5697600  21.22
2013-10-02  20.9  21.6  20.78  21.55  8114600  21.55
2013-10-01  20.49  21.22  20.36  20.93  6836000  20.93
2013-09-30  20.03  20.69  19.92  20.51  6510600  20.51
2013-09-27  20.45  20.6  20.05  20.36  8269600  20.36
2013-09-26  21.1  21.14  20.68  21.02  6086800  21.02
2013-09-25  20.75  21.43  20.72  20.98  8640300  20.98
2013-09-24  20.45  21.08  20.38  20.69  5236900  20.69
2013-09-23  20.46  20.81  20.33  20.47  5329300  20.47
2013-09-20  21.04  21.04  20.04  20.44  10282200  20.44
2013-09-19  21.12  21.6  20.93  21.09  8813100  21.09
2013-09-18  20.37  21.1  20.25  20.97  9912200  20.97
2013-09-17  20.17  20.79  20.03  20.43  7480100  20.43
2013-09-16  20.19  20.24  19.86  19.91  5153200  19.91
2013-09-13  20.03  20.1  19.6  19.79  6889000  19.79
2013-09-12  20.28  20.33  19.83  20.1  5943300  20.1
2013-09-11  19.97  20.5  19.88  20.38  13419100  20.38
2013-09-10  19.69  19.96  19.37  19.94  8107300  19.94
2013-09-09  18.96  19.54  18.91  19.45  7638100  19.45
2013-09-06  18.63  19.11  18.58  18.8  6490500  18.8
2013-09-05  18.27  18.76  18.24  18.65  5377300  18.65
2013-09-04  18.09  18.36  18.01  18.3  4034800  18.3
2013-09-03  18.24  18.41  17.95  18.13  4982500  18.13
2013-08-30  17.82  17.99  17.73  17.83  3394700  17.83
2013-08-29  17.88  18.07  17.73  17.78  3839700  17.78
2013-08-28  17.92  18.26  17.82  17.88  4557500  17.88
2013-08-27  18.23  18.3  17.9  17.98  5783700  17.98
2013-08-26  18.66  18.91  18.49  18.62  4763800  18.62
2013-08-23  18.36  18.81  18.34  18.6  4685800  18.6
2013-08-22  17.98  18.45  17.98  18.28  4069200  18.28
2013-08-21  17.93  18.21  17.66  17.78  4266300  17.78
2013-08-20  17.93  18.24  17.83  18.06  3929400  18.06
2013-08-19  18.68  18.73  17.86  17.92  7167900  17.92
2013-08-16  19.03  19.43  18.55  18.75  10249800  18.75
2013-08-15  18.7  19.02  18.3  18.82  6787800  18.82
2013-08-14  18.9  19.34  18.59  18.96  5373600  18.96
2013-08-13  19.3  19.33  18.66  18.68  6167000  18.68
2013-08-12  18.86  19.4  18.78  19.13  9257300  19.13
2013-08-09  18.15  18.94  18.14  18.73  10145600  18.73
2013-08-08  17.41  18.09  17.38  17.97  9092400  17.97
2013-08-07  16.99  17.32  16.75  17.08  5912400  17.08
2013-08-06  17.37  17.42  17.0  17.06  5354600  17.06
2013-08-05  17.34  17.77  17.2  17.43  4746900  17.43
2013-08-02  17.3  17.54  17.12  17.33  3940300  17.33
2013-08-01  17.44  17.47  17.15  17.24  5599000  17.24
2013-07-31  17.6  17.6  17.14  17.24  9715100  17.24
2013-07-30  18.63  18.67  17.52  17.6  15376900  17.6
2013-07-29  18.74  19.02  18.46  18.86  6678000  18.86
2013-07-26  18.56  18.88  18.36  18.82  4888200  18.82
2013-07-25  18.48  18.9  18.29  18.65  4704200  18.65
2013-07-24  19.1  19.1  18.44  18.56  7057100  18.56
2013-07-23  18.46  19.14  18.46  18.96  8830400  18.96
2013-07-22  18.09  18.38  18.07  18.16  4089100  18.16
2013-07-19  18.32  18.48  17.88  17.94  4498000  17.94
2013-07-18  17.86  18.53  17.84  18.32  7495100  18.32
2013-07-17  17.7  17.97  17.65  17.75  5093400  17.75
2013-07-16  17.88  18.01  17.46  17.62  5378600  17.62
2013-07-15  17.85  18.18  17.82  17.82  3631100  17.82
2013-07-12  18.33  18.34  17.74  17.83  8306300  17.83
2013-07-11  18.58  18.73  18.29  18.44  7333100  18.44
2013-07-10  18.54  18.61  17.96  18.1  6581200  18.1
2013-07-09  18.71  18.86  18.3  18.46  5156500  18.46
2013-07-08  18.36  18.95  18.25  18.47  7604600  18.47
2013-07-05  18.39  18.42  17.75  18.24  7490000  18.24
2013-07-03  18.63  18.84  17.92  18.06  10819000  18.06
2013-07-02  17.62  19.28  17.54  19.13  15656700  19.13
2013-07-01  17.55  17.86  17.38  17.65  5018500  17.65
2013-06-28  17.8  17.87  17.4  17.42  5903300  17.42
2013-06-27  17.5  18.14  17.43  17.94  9346000  17.94
2013-06-26  17.09  17.54  16.91  17.35  7582100  17.35
2013-06-25  16.56  16.96  16.17  16.94  7387100  16.94
2013-06-24  16.72  16.77  16.01  16.33  8277200  16.33
2013-06-21  17.42  17.46  16.79  16.99  8047300  16.99
2013-06-20  17.28  17.72  17.0  17.25  7674500  17.25
2013-06-19  17.74  17.94  17.39  17.59  5300500  17.59
2013-06-18  17.28  17.93  17.19  17.74  6227100  17.74
2013-06-17  17.98  18.02  17.29  17.37  6405000  17.37
2013-06-14  18.1  18.34  17.54  17.77  8255700  17.77
2013-06-13  17.19  18.13  17.16  18.03  10624000  18.03
2013-06-12  17.19  17.58  17.03  17.09  6444100  17.09
2013-06-11  16.8  17.16  16.68  17.03  6312200  17.03
2013-06-10  17.17  17.37  16.89  17.13  4677500  17.13
2013-06-07  17.31  17.5  17.12  17.24  5304200  17.24
2013-06-06  17.23  17.49  17.05  17.35  5028300  17.35
2013-06-05  17.4  17.62  17.11  17.26  5267600  17.26
2013-06-04  17.7  17.84  17.39  17.53  4984700  17.53
2013-06-03  17.81  17.95  17.36  17.61  7706300  17.61
2013-05-31  18.0  18.12  17.58  17.58  10506800  17.58
2013-05-30  18.06  18.41  17.87  18.13  6707100  18.13
2013-05-29  18.18  18.34  17.76  17.93  8298000  17.93
2013-05-28  18.58  18.76  18.28  18.35  6777900  18.35
2013-05-24  18.19  18.69  18.16  18.3  5173200  18.3
2013-05-23  18.36  18.5  18.11  18.38  8249800  18.38
2013-05-22  19.14  19.57  18.45  18.71  11006300  18.71
2013-05-21  19.03  19.45  18.82  18.99  10009600  18.99
2013-05-20  18.2  18.96  18.15  18.81  7501400  18.81
2013-05-17  18.09  18.41  17.99  18.2  8001600  18.2
2013-05-16  17.84  18.29  17.53  17.75  8292800  17.75
2013-05-15  18.33  18.33  17.79  17.95  8715300  17.95
2013-05-14  18.38  19.01  18.13  18.38  8888400  18.38
2013-05-13  19.06  19.06  18.31  18.44  7350200  18.44
2013-05-10  18.99  19.15  18.47  19.11  8874100  19.11
2013-05-09  19.1  19.16  18.66  18.8  6980100  18.8
2013-05-08  18.25  19.29  18.15  19.08  11291200  19.08
2013-05-07  18.12  18.49  18.02  18.06  5761900  18.06
2013-05-06  18.12  18.19  17.64  17.95  5459400  17.95
2013-05-03  17.33  18.06  17.24  17.97  9503200  17.97
2013-05-02  17.28  17.29  16.74  16.9  5960200  16.9
2013-05-01  17.46  17.46  16.81  17.14  7578500  17.14
2013-04-30  16.7  17.64  16.55  17.64  9966400  17.64
2013-04-29  17.29  17.73  17.1  17.38  8643900  17.38
2013-04-26  17.37  17.39  16.85  17.2  8739700  17.2
2013-04-25  17.15  17.74  16.86  17.46  12816000  17.46
2013-04-24  16.21  17.0  16.2  16.9  8926400  16.9
2013-04-23  16.25  16.49  15.81  16.03  9582300  16.03
2013-04-22  16.3  16.36  15.65  16.13  9413600  16.13
2013-04-19  16.49  16.61  15.95  16.24  7011900  16.24
2013-04-18  16.13  16.73  15.91  16.29  10533200  16.29
2013-04-17  16.22  16.35  15.86  16.11  9160000  16.11
2013-04-16  16.72  16.82  16.23  16.47  9435400  16.47
2013-04-15  17.08  17.08  16.36  16.48  13497600  16.48
2013-04-12  17.37  17.44  16.93  17.29  8135800  17.29
2013-04-11  17.6  17.85  17.26  17.39  8454000  17.39
2013-04-10  17.96  18.03  17.56  17.67  7985800  17.67
2013-04-09  17.28  18.15  17.23  17.83  11344800  17.83
2013-04-08  17.14  17.44  16.86  17.07  5724900  17.07
2013-04-05  17.1  17.37  16.85  17.12  10837400  17.12
2013-04-04  17.33  17.68  17.06  17.39  10465600  17.39
2013-04-03  17.53  17.61  16.72  17.28  16191200  17.28
2013-04-02  18.27  18.35  17.24  17.49  22246200  17.49
2013-04-01  19.32  19.38  18.45  18.55  9034500  18.55
2013-03-28  19.64  19.64  19.18  19.32  6686500  19.32
2013-03-27  19.54  19.76  19.37  19.64  6096500  19.64
2013-03-26  19.67  19.78  19.28  19.78  5853500  19.78
2013-03-25  19.64  19.7  19.22  19.55  4524700  19.55
2013-03-22  19.57  19.79  19.52  19.63  5169000  19.63
2013-03-21  19.08  19.83  19.07  19.52  9276900  19.52
2013-03-20  19.49  19.61  19.01  19.27  11435900  19.27
2013-03-19  19.83  20.04  19.22  19.46  9667400  19.46
2013-03-18  19.62  20.12  19.57  19.93  5519800  19.93
2013-03-15  19.66  20.12  19.64  20.03  7788000  20.03
2013-03-14  19.94  19.97  19.37  19.64  11160800  19.64
2013-03-13  20.44  20.48  19.64  19.86  9417800  19.86
2013-03-12  20.57  20.88  20.21  20.5  5625700  20.5
2013-03-11  20.64  20.77  20.41  20.55  4534500  20.55
2013-03-08  20.78  21.17  20.51  20.74  6869200  20.74
2013-03-07  20.58  20.96  20.46  20.48  6033300  20.48
2013-03-06  19.94  20.63  19.9  20.57  7037300  20.57
2013-03-05  20.12  20.4  19.75  19.81  6811700  19.81
2013-03-04  20.17  20.18  19.58  19.85  7363700  19.85
2013-03-01  20.42  20.46  19.92  20.13  8068700  20.13
2013-02-28  20.9  21.06  20.54  20.65  6558000  20.65
2013-02-27  20.38  21.13  20.37  20.86  7829200  20.86
2013-02-26  20.49  20.57  19.96  20.52  9282400  20.52
2013-02-25  21.31  21.42  20.31  20.32  5810500  20.32
2013-02-22  21.43  21.49  20.71  21.14  6323400  21.14
2013-02-21  21.56  21.74  20.94  21.18  9023100  21.18
2013-02-20  22.92  22.96  21.74  21.81  6275600  21.81
2013-02-19  23.07  23.78  22.84  22.93  7455300  22.93
2013-02-15  23.51  23.51  22.79  22.95  6139500  22.95
2013-02-14  22.47  23.49  22.45  23.36  7603900  23.36
2013-02-13  22.35  22.69  22.26  22.64  4445000  22.64
2013-02-12  22.24  22.75  22.11  22.42  4471100  22.42
2013-02-11  22.14  22.47  22.09  22.32  3774000  22.32
2013-02-08  22.2  22.47  22.03  22.27  5636700  22.27
2013-02-07  22.59  22.6  21.87  22.07  8030300  22.07
2013-02-06  21.95  23.11  21.87  22.46  15720800  22.46
2013-02-05  21.9  22.18  21.63  21.93  7024000  21.93
2013-02-04  22.07  22.16  21.66  21.69  7013200  21.69
2013-02-01  22.45  22.5  22.03  22.13  8537200  22.13
2013-01-31  22.0  22.35  21.92  22.1  7432300  22.1
2013-01-30  22.94  23.11  21.92  22.07  13513700  22.07
2013-01-29  23.92  24.06  22.78  22.94  11930500  22.94
2013-01-28  24.23  24.24  23.36  23.45  9274900  23.45
2013-01-25  24.11  24.28  23.73  24.25  6465000  24.25
2013-01-24  24.61  24.91  23.89  23.95  7598400  23.95
2013-01-23  24.94  24.94  24.27  24.71  6959600  24.71
2013-01-22  24.58  24.94  24.32  24.89  7414200  24.89
2013-01-18  24.53  24.66  24.03  24.49  6903700  24.49
2013-01-17  24.38  24.61  24.18  24.42  4865100  24.42
2013-01-16  24.22  24.35  23.97  24.24  5209100  24.24
2013-01-15  23.97  24.58  23.88  24.46  5698600  24.46
2013-01-14  24.66  24.85  23.96  24.1  6832600  24.1
2013-01-11  25.4  25.4  24.47  24.6  7290300  24.6
2013-01-10  25.46  25.81  25.12  25.44  7921100  25.44
2013-01-09  24.95  25.35  24.52  25.17  8572100  25.17
2013-01-08  25.39  25.42  24.66  24.73  6625300  24.73
2013-01-07  25.17  25.86  25.15  25.42  6687800  25.42
2013-01-04  25.26  25.5  25.04  25.41  5800700  25.41
2013-01-03  25.5  25.99  25.06  25.13  8834500  25.13
2013-01-02  24.9  25.63  24.57  25.6  15628600  25.6
2012-12-31  22.89  23.62  22.67  23.58  8117900  23.58
2012-12-28  23.02  23.19  22.69  22.77  5399500  22.77
2012-12-27  24.15  24.23  23.01  23.37  7066100  23.37
2012-12-26  23.89  24.5  23.89  23.99  4211300  23.99
2012-12-24  23.67  23.8  23.36  23.79  1856000  23.79
2012-12-21  23.72  23.97  23.37  23.67  9551200  23.67
2012-12-20  24.09  24.34  23.83  24.34  5552500  24.34
2012-12-19  24.24  24.47  24.0  24.15  6460600  24.15
2012-12-18  23.87  24.23  23.72  24.15  8404200  24.15
2012-12-17  23.93  24.3  23.45  23.75  11274000  23.75
2012-12-14  22.25  23.81  22.23  23.58  19818600  23.58
2012-12-13  21.96  22.54  21.91  22.08  8353300  22.08
2012-12-12  22.27  22.58  21.69  21.91  11118400  21.91
2012-12-11  21.79  22.39  21.52  22.16  10304900  22.16
2012-12-10  21.21  21.89  21.17  21.6  7760900  21.6
2012-12-07  21.87  21.97  21.4  21.52  5277500  21.52
2012-12-06  21.74  22.0  21.42  21.75  5257500  21.75
2012-12-05  21.58  22.0  21.41  21.81  6970700  21.81
2012-12-04  21.11  21.74  21.05  21.41  5730900  21.41
2012-12-03  21.59  21.67  21.03  21.13  6583000  21.13
2012-11-30  21.55  21.88  21.16  21.32  5761700  21.32
2012-11-29  21.69  21.97  21.39  21.53  7302800  21.53
2012-11-28  20.9  21.5  20.68  21.49  6962000  21.49
2012-11-27  21.25  21.64  20.97  21.02  5133300  21.02
2012-11-26  21.23  21.67  21.12  21.37  4300200  21.37
2012-11-23  21.71  21.75  21.17  21.39  3305800  21.39
2012-11-21  20.94  21.45  20.64  21.45  6673800  21.45
2012-11-20  20.87  21.17  20.68  20.84  5346200  20.84
2012-11-19  20.46  20.95  20.46  20.91  8530600  20.91
2012-11-16  19.84  20.1  19.34  19.83  9859900  19.83
2012-11-15  20.1  20.52  19.65  19.91  7782500  19.91
2012-11-14  21.27  21.33  20.02  20.14  10274900  20.14
2012-11-13  20.85  21.21  20.76  21.07  8301400  21.07
2012-11-12  21.18  21.47  20.99  21.29  4436400  21.29
2012-11-09  20.77  21.65  20.71  20.86  8398900  20.86
2012-11-08  21.21  21.65  20.74  20.86  6102000  20.86
2012-11-07  21.4  21.66  21.0  21.27  9089300  21.27
2012-11-06  21.37  22.17  21.37  21.96  10591300  21.96
2012-11-05  20.46  21.17  20.41  20.84  8167500  20.84
2012-11-02  21.6  21.71  20.37  20.56  10452200  20.56
2012-11-01  20.35  21.4  20.23  21.26  12617800  21.26
2012-10-31  21.06  21.19  19.77  20.11  13725000  20.11
2012-10-26  21.22  21.46  20.76  20.86  5938100  20.86
2012-10-25  21.72  21.77  21.06  21.12  5875200  21.12
2012-10-24  21.82  22.05  21.33  21.37  5378100  21.37
2012-10-23  22.05  22.32  21.51  21.6  9688200  21.6
2012-10-22  21.83  22.74  21.8  22.6  8629600  22.6
2012-10-19  22.58  22.66  21.8  21.85  9337900  21.85
2012-10-18  22.22  23.01  21.96  22.55  11712900  22.55
2012-10-17  21.97  22.82  21.41  22.52  14064000  22.52
2012-10-16  21.41  21.93  21.35  21.83  9754100  21.83
2012-10-15  20.99  21.22  20.75  21.17  7421000  21.17
2012-10-12  21.06  21.4  20.72  20.9  8760700  20.9
2012-10-11  20.8  21.56  20.68  21.22  11750500  21.22
2012-10-10  20.87  20.91  20.35  20.5  12600200  20.5
2012-10-09  20.4  21.16  20.32  20.81  18863400  20.81
2012-10-08  19.2  20.32  19.09  20.09  9451500  20.09
2012-10-05  19.71  19.93  19.32  19.56  10789300  19.56
2012-10-04  18.81  19.79  18.81  19.45  12279600  19.45
2012-10-03  18.88  18.9  18.48  18.62  9126100  18.62
2012-10-02  19.21  19.37  18.61  18.73  10355100  18.73
2012-10-01  19.09  19.47  18.85  19.05  8950900  19.05
2012-09-28  18.78  19.11  18.66  18.81  7845300  18.81
2012-09-27  19.42  19.46  18.69  19.05  10634000  19.05
2012-09-26  18.69  19.48  18.53  19.07  12386000  19.07
2012-09-25  19.46  19.61  18.77  18.83  10233100  18.83
2012-09-24  19.09  19.5  18.96  19.32  8489900  19.32
2012-09-21  20.18  20.24  19.63  19.67  9118800  19.67
2012-09-20  19.95  20.0  19.35  19.85  12875300  19.85
2012-09-19  20.59  20.86  20.33  20.57  8345800  20.57
2012-09-18  20.86  20.96  20.15  20.49  14148000  20.49
2012-09-17  21.31  21.65  20.87  21.02  12249700  21.02
2012-09-14  22.56  22.99  21.86  22.04  16048600  22.04
2012-09-13  21.19  22.54  20.76  22.03  15638200  22.03
2012-09-12  21.47  22.08  20.89  21.27  10850000  21.27
2012-09-11  20.41  21.43  20.4  21.31  10990500  21.31
2012-09-10  20.62  21.28  20.29  20.42  13862500  20.42
2012-09-07  19.49  20.66  19.44  20.6  16846400  20.6
2012-09-06  18.55  19.26  18.51  18.95  9343200  18.95
2012-09-05  18.49  18.92  18.04  18.32  11042800  18.32
2012-09-04  19.19  19.19  18.34  18.52  9683100  18.52
2012-08-31  19.32  19.66  18.8  19.18  9536500  19.18
2012-08-30  19.35  19.39  18.9  19.06  7993200  19.06
2012-08-29  20.2  20.21  19.51  19.54  8709000  19.54
2012-08-28  20.17  20.49  19.98  20.15  5516100  20.15
2012-08-27  20.58  20.77  20.19  20.33  6466500  20.33
2012-08-24  20.82  20.86  20.17  20.53  8968100  20.53
2012-08-23  22.01  22.1  20.8  20.9  11249900  20.9
2012-08-22  22.38  22.53  21.92  22.46  6932800  22.46
2012-08-21  22.51  23.12  22.42  22.55  7478200  22.55
2012-08-20  22.25  22.44  21.73  22.36  5500400  22.36
2012-08-17  22.49  22.98  22.13  22.28  7595700  22.28
2012-08-16  22.23  22.73  21.98  22.42  6192300  22.42
2012-08-15  22.2  22.2  21.5  22.06  7151700  22.06
2012-08-14  22.77  22.83  22.18  22.33  5197300  22.33
2012-08-13  23.17  23.17  22.07  22.55  7723100  22.55
2012-08-10  22.91  23.14  22.78  23.09  4712700  23.09
2012-08-09  22.81  23.51  22.79  23.1  6860500  23.1
2012-08-08  22.44  23.11  22.36  22.87  5066000  22.87
2012-08-07  22.84  23.17  22.41  22.74  8304200  22.74
2012-08-06  21.47  22.98  21.31  22.58  11783900  22.58
2012-08-03  21.25  21.66  21.13  21.38  6475600  21.38
2012-08-02  20.74  21.26  20.2  20.73  10082900  20.73
2012-08-01  20.47  21.72  20.32  21.27  14943700  21.27
2012-07-31  19.01  20.86  18.76  20.32  25207600  20.32
2012-07-30  18.7  18.96  18.38  18.62  6063400  18.62
2012-07-27  18.21  19.0  17.92  18.78  8294800  18.78
2012-07-26  18.16  18.23  17.59  17.97  6044300  17.97
2012-07-25  18.12  18.29  17.52  17.65  6299500  17.65
2012-07-24  18.56  18.69  17.72  17.93  6991700  17.93
2012-07-23  18.16  18.38  17.86  18.31  7211400  18.31
2012-07-20  19.21  19.33  18.47  18.51  7703100  18.51
2012-07-19  19.26  19.73  19.2  19.42  6546700  19.42
2012-07-18  19.04  19.41  18.77  19.11  6987100  19.11
2012-07-17  19.64  19.64  18.94  19.13  7185100  19.13
2012-07-16  19.73  20.0  19.39  19.46  6737700  19.46
2012-07-13  20.02  20.16  19.56  19.92  5973900  19.92
2012-07-12  19.99  20.17  19.33  19.86  8543900  19.86
2012-07-11  20.05  20.47  19.94  20.3  6103000  20.3
2012-07-10  20.47  20.75  19.77  19.96  5959700  19.96
2012-07-09  20.62  20.65  20.11  20.33  5351100  20.33
2012-07-06  20.5  20.75  20.25  20.65  6178200  20.65
2012-07-05  21.14  21.27  20.73  20.92  6635600  20.92
2012-07-03  20.86  21.77  20.81  21.3  7106500  21.3
2012-07-02  20.21  20.71  19.86  20.6  7878800  20.6
2012-06-29  21.16  21.21  20.04  20.27  13277600  20.27
2012-06-28  19.14  20.51  19.06  20.46  14094600  20.46
2012-06-27  18.5  19.62  18.36  19.43  7997800  19.43
2012-06-26  18.49  18.73  18.16  18.43  6950100  18.43
2012-06-25  18.5  18.63  18.05  18.46  9145900  18.46
2012-06-22  18.76  18.96  18.36  18.85  7486600  18.85
2012-06-21  19.74  19.76  18.55  18.57  9827200  18.57
2012-06-20  19.81  20.53  19.58  19.78  16071700  19.78
2012-06-19  18.62  19.95  18.37  19.83  14975800  19.83
2012-06-18  18.35  18.4  17.89  18.12  8506900  18.12
2012-06-15  18.38  18.74  18.06  18.72  9925500  18.72
2012-06-14  17.77  18.42  17.58  18.42  11010800  18.42
2012-06-13  17.85  18.33  17.67  17.75  15028400  17.75
2012-06-12  17.68  18.21  17.39  18.1  11373000  18.1
2012-06-11  19.23  19.24  17.6  17.61  14522700  17.61
2012-06-08  19.24  19.28  18.58  18.83  16728400  18.83
2012-06-07  20.35  20.8  19.54  19.58  10354400  19.58
2012-06-06  19.26  19.85  19.09  19.71  12039700  19.71
2012-06-05  18.8  19.13  18.56  18.93  8051200  18.93
2012-06-04  19.1  19.27  18.37  18.79  11517600  18.79
2012-06-01  19.34  19.53  18.89  19.0  14936800  19.0
2012-05-31  21.01  21.1  19.64  19.98  18804400  19.98
2012-05-30  21.53  21.62  21.02  21.06  6205400  21.06
2012-05-29  22.0  22.26  21.66  22.11  7947900  22.11
2012-05-25  21.21  21.57  21.09  21.46  6530500  21.46
2012-05-24  21.71  21.8  20.9  21.38  9946000  21.38
2012-05-23  21.0  21.7  20.29  21.68  13479300  21.68
2012-05-22  22.0  22.36  21.21  21.44  8495500  21.44
2012-05-21  21.57  21.96  21.17  21.86  8729000  21.86
2012-05-18  22.19  22.34  21.01  21.22  11975500  21.22
2012-05-17  22.4  22.69  21.79  22.08  13354500  22.08
2012-05-16  23.77  24.08  22.2  22.4  17153400  22.4
2012-05-15  25.1  25.36  23.38  23.56  14811400  23.56
2012-05-14  24.96  25.45  24.87  25.13  7053800  25.13
2012-05-11  25.08  25.75  25.0  25.44  10279500  25.44
2012-05-10  26.37  26.43  25.1  25.44  11055800  25.44
2012-05-09  25.05  26.44  24.84  25.91  14449400  25.91
2012-05-08  25.87  26.14  24.97  25.75  9458500  25.75
2012-05-07  26.08  26.67  25.79  26.25  6139000  26.25
2012-05-04  27.01  27.18  26.08  26.27  9013600  26.27
2012-05-03  27.9  28.39  27.01  27.21  6263400  27.21
2012-05-02  28.18  28.41  27.69  27.88  5456500  27.88
2012-05-01  27.77  28.73  27.73  28.42  10231500  28.42
2012-04-30  27.6  28.11  27.31  27.83  6819900  27.83
2012-04-27  28.03  28.36  27.55  27.7  7106900  27.7
2012-04-26  27.5  28.0  27.27  27.9  6813300  27.9
2012-04-25  27.55  27.9  26.89  27.7  10537500  27.7
2012-04-24  28.02  28.09  26.42  27.16  24274400  27.16
2012-04-23  27.66  28.0  26.93  27.72  14431000  27.72
2012-04-20  28.27  28.69  28.22  28.48  9720900  28.48
2012-04-19  28.44  28.72  27.83  28.09  11005500  28.09
2012-04-18  28.44  29.08  28.02  28.51  9839000  28.51
2012-04-17  28.22  29.02  28.16  28.69  8131000  28.69
2012-04-16  28.31  28.61  27.59  27.83  6946000  27.83
2012-04-13  28.43  28.49  27.56  27.7  8692400  27.7
2012-04-12  27.02  29.01  27.02  28.85  12942900  28.85
2012-04-11  27.09  27.6  26.73  26.84  8321400  26.84
2012-04-10  26.9  27.36  25.93  26.25  10837000  26.25
2012-04-09  26.99  27.5  26.65  26.95  8997300  26.95
2012-04-05  28.04  28.83  27.16  27.54  11917100  27.54
2012-04-04  28.4  28.57  27.99  28.19  10229800  28.19
2012-04-03  29.58  29.76  28.7  29.16  10464200  29.16
2012-04-02  28.67  30.12  28.33  29.73  12150500  29.73
2012-03-30  29.35  29.42  28.34  28.85  10374100  28.85
2012-03-29  28.0  28.95  27.67  28.88  10171900  28.88
2012-03-28  28.64  28.7  27.46  28.3  12405400  28.3
2012-03-27  29.04  29.74  28.74  28.81  8968000  28.81
2012-03-26  29.81  29.86  28.55  29.02  10008200  29.02
2012-03-23  28.92  29.95  28.64  29.22  10948800  29.22
2012-03-22  30.02  30.32  28.54  28.95  17931700  28.95
2012-03-21  30.7  31.02  29.8  30.74  11766100  30.74
2012-03-20  30.21  30.87  29.82  30.82  13085900  30.82
2012-03-19  29.75  31.48  29.69  31.08  19342100  31.08
2012-03-16  29.36  29.6  28.95  29.23  9833700  29.23
2012-03-15  28.43  29.66  28.3  29.13  13285800  29.13
2012-03-14  27.48  29.05  27.35  28.59  15299300  28.59
2012-03-13  26.2  27.85  26.15  27.81  12822700  27.81
2012-03-12  26.26  26.81  25.75  25.92  7570900  25.92
2012-03-09  25.54  26.66  25.25  26.38  10585200  26.38
2012-03-08  25.62  25.62  25.1  25.47  6073500  25.47
2012-03-07  25.12  25.2  24.34  25.04  8399600  25.04
2012-03-06  25.01  25.16  24.6  24.8  12182100  24.8
2012-03-05  27.05  27.17  25.56  25.75  11799700  25.75
2012-03-02  27.04  27.42  26.9  27.02  6144800  27.02
2012-03-01  27.02  27.65  26.87  27.08  7609500  27.08
2012-02-29  27.5  27.66  26.43  26.74  10895000  26.74
2012-02-28  27.6  28.0  27.21  27.42  8928300  27.42
2012-02-27  27.34  27.72  27.12  27.59  5514000  27.59
2012-02-24  27.64  28.22  27.38  27.63  6490100  27.63
2012-02-23  27.32  27.73  26.9  27.63  8160100  27.63
2012-02-22  27.59  28.01  27.11  27.18  8561300  27.18
2012-02-21  28.16  28.84  27.81  27.99  9935800  27.99
2012-02-17  28.56  28.59  27.66  27.91  6603800  27.91
2012-02-16  27.06  28.34  26.91  28.3  10024700  28.3
2012-02-15  27.61  27.61  26.86  27.13  9850000  27.13
2012-02-14  28.4  28.44  27.02  27.51  16125900  27.51
2012-02-13  29.31  29.48  28.39  28.65  9231500  28.65
2012-02-10  29.71  29.72  28.74  28.88  11300700  28.88
2012-02-09  30.52  30.62  29.66  30.46  7875500  30.46
2012-02-08  31.55  31.55  30.27  30.39  10426700  30.39
2012-02-07  31.36  31.63  30.71  31.11  8838000  31.11
2012-02-06  31.47  31.53  31.0  31.26  8709300  31.26
2012-02-03  31.45  31.89  31.16  31.63  11495200  31.63
2012-02-02  30.64  31.37  30.51  30.84  12288200  30.84
2012-02-01  30.19  31.21  29.8  30.57  19980000  30.57
2012-01-31  29.05  30.07  28.2  29.61  28412600  29.61
2012-01-30  28.62  28.77  28.05  28.18  11595000  28.18
2012-01-27  28.47  29.6  28.37  29.31  11557700  29.31
2012-01-26  30.25  30.63  28.58  28.81  13754900  28.81
2012-01-25  28.14  30.08  27.96  29.82  17268800  29.82
2012-01-24  27.47  28.56  27.2  28.4  10164200  28.4
2012-01-23  27.33  28.09  27.13  27.89  8836800  27.89
2012-01-20  27.46  27.52  26.98  27.29  9076000  27.29
2012-01-19  27.79  28.37  27.59  27.74  9925800  27.74
2012-01-18  26.76  27.78  26.42  27.62  9725600  27.62
2012-01-17  27.39  27.51  26.65  26.81  9775200  26.81
2012-01-13  27.44  27.57  26.67  26.9  10971500  26.9
2012-01-12  28.17  28.31  27.13  28.12  12512300  28.12
2012-01-11  26.81  28.39  26.63  28.01  13109700  28.01
2012-01-10  27.05  27.24  26.45  26.77  9740800  26.77
2012-01-09  26.94  27.21  26.13  26.27  8010600  26.27
2012-01-06  27.5  27.66  26.66  26.78  9081900  26.78
2012-01-05  27.63  27.76  26.99  27.26  9099200  27.26
2012-01-04  27.46  28.17  27.26  27.89  8549700  27.89
2012-01-03  26.89  27.93  26.89  27.63  11470000  27.63
2011-12-30  25.11  25.99  25.03  25.95  6724400  25.95
2011-12-29  24.87  25.35  24.72  25.18  4885400  25.18
2011-12-28  25.7  25.84  24.62  24.85  8199600  24.85
2011-12-27  25.67  26.28  25.67  25.7  5914100  25.7
2011-12-23  25.66  25.75  25.15  25.71  6015600  25.71
2011-12-22  25.08  25.69  24.89  25.49  8622900  25.49
2011-12-21  24.51  24.76  24.0  24.63  5926200  24.63
2011-12-20  24.08  24.72  23.98  24.59  8735700  24.59
2011-12-19  25.41  25.53  23.21  23.39  12849900  23.39
2011-12-16  25.13  25.69  24.82  25.37  11310800  25.37
2011-12-15  25.5  25.79  24.55  24.82  11708000  24.82
2011-12-14  24.89  25.59  24.37  24.91  11532300  24.91
2011-12-13  25.8  26.39  25.03  25.29  14408300  25.29
2011-12-12  26.22  26.22  25.02  25.58  9681600  25.58
2011-12-09  26.31  27.2  26.19  26.95  11229500  26.95
2011-12-08  27.59  27.74  25.98  26.1  13745700  26.1
2011-12-07  27.41  27.88  27.09  27.81  11702600  27.81
2011-12-06  27.71  28.14  27.06  27.73  10377700  27.73
2011-12-05  28.22  28.67  27.62  27.96  13764900  27.96
2011-12-02  27.31  28.1  26.99  27.28  15163300  27.28
2011-12-01  26.46  26.89  25.8  26.73  12784000  26.73
2011-11-30  24.85  26.83  24.82  26.78  18865900  26.78
2011-11-29  23.61  23.97  23.05  23.22  8521700  23.22
2011-11-28  23.18  23.88  23.16  23.7  11367500  23.7
2011-11-25  21.85  22.5  21.79  21.84  5540700  21.84
2011-11-23  23.49  23.49  21.98  21.98  14492800  21.98
2011-11-22  23.8  24.44  23.51  23.78  13629700  23.78
2011-11-21  24.29  24.66  23.13  24.03  15673500  24.03
2011-11-18  25.78  25.86  25.13  25.19  12734100  25.19
2011-11-17  26.27  27.27  24.95  25.17  18807600  25.17
2011-11-16  26.31  26.96  25.95  26.03  10300100  26.03
2011-11-15  25.7  26.93  25.37  26.61  11649600  26.61
2011-11-14  25.66  26.3  25.56  25.88  10018900  25.88
2011-11-11  25.47  25.83  25.13  25.64  10029700  25.64
2011-11-10  25.49  25.71  24.29  24.95  13959400  24.95
2011-11-09  25.89  26.25  24.68  24.79  17279300  24.79
2011-11-08  27.09  27.74  26.58  27.01  14449800  27.01
2011-11-07  27.21  27.91  26.18  26.84  17957000  26.84
2011-11-04  25.69  27.9  25.68  27.34  21001500  27.34
2011-11-03  25.91  26.39  24.98  25.99  17122700  25.99
2011-11-02  24.68  25.53  24.27  25.43  13977000  25.43
2011-11-01  23.55  24.62  22.9  24.01  21204000  24.01
2011-10-31  26.19  26.47  24.77  24.83  19849500  24.83
2011-10-28  24.24  27.51  24.01  27.28  29903500  27.28
2011-10-27  22.85  24.65  22.63  24.45  25235900  24.45
2011-10-26  22.26  22.57  21.21  21.84  20092200  21.84
2011-10-25  23.95  23.96  21.86  21.93  20806600  21.93
2011-10-24  23.35  24.26  23.11  24.25  11314700  24.25
2011-10-21  22.82  23.25  22.46  22.88  10253000  22.88
2011-10-20  21.74  22.37  21.31  22.3  11901200  22.3
2011-10-19  23.08  23.15  21.72  21.82  10747400  21.82
2011-10-18  21.97  23.41  21.37  23.25  16104600  23.25
2011-10-17  23.92  23.99  22.41  22.5  9325500  22.5
2011-10-14  24.1  24.32  23.59  24.12  8614400  24.12
2011-10-13  23.19  23.7  22.53  23.45  10440300  23.45
2011-10-12  23.07  24.23  23.03  23.59  13168900  23.59
2011-10-11  22.14  23.15  22.06  22.76  8889000  22.76
2011-10-10  22.01  22.78  21.89  22.57  8951300  22.57
2011-10-07  22.84  22.89  21.13  21.48  11052800  21.48
2011-10-06  22.07  22.93  21.59  22.62  10518000  22.62
2011-10-05  20.98  22.08  20.62  22.01  15089300  22.01
2011-10-04  19.29  21.03  18.45  20.95  18000000  20.95
2011-10-03  21.59  21.91  19.76  19.77  13103900  19.77
2011-09-30  22.03  22.47  21.38  21.55  12307200  21.55
2011-09-29  22.66  23.39  21.74  22.59  14130500  22.59
2011-09-28  23.62  23.62  21.92  22.0  11162000  22.0
2011-09-27  23.58  24.45  23.14  23.38  13655000  23.38
2011-09-26  22.16  22.79  21.31  22.79  12511900  22.79
2011-09-23  21.68  22.58  21.48  21.76  11116200  21.76
2011-09-22  23.16  23.22  21.28  21.53  18266700  21.53
2011-09-21  25.77  25.89  24.24  24.26  10495000  24.26
2011-09-20  26.83  26.9  25.73  25.81  9440200  25.81
2011-09-19  26.44  26.92  25.97  26.73  8584600  26.73
2011-09-16  27.98  27.98  26.92  27.16  8851700  27.16
2011-09-15  27.9  28.23  27.65  27.84  11629200  27.84
2011-09-14  27.59  27.9  26.69  27.45  11818200  27.45
2011-09-13  26.6  27.45  26.44  27.22  10468900  27.22
2011-09-12  26.18  26.86  25.7  26.48  11048100  26.48
2011-09-09  27.89  27.96  26.62  26.83  12347600  26.83
2011-09-08  28.88  29.52  28.14  28.4  10679000  28.4
2011-09-07  27.52  29.55  27.49  29.29  13538700  29.29
2011-09-06  26.2  26.88  25.85  26.82  10892500  26.82
2011-09-02  27.47  27.52  26.87  27.08  8712500  27.08
2011-09-01  29.37  29.53  28.41  28.44  8691000  28.44
2011-08-31  30.23  30.59  28.96  29.48  10820800  29.48
2011-08-30  29.13  29.7  28.63  29.47  10386000  29.47
2011-08-29  27.66  29.43  27.51  29.41  10547000  29.41
2011-08-26  25.72  27.19  25.33  26.97  8055900  26.97
2011-08-25  26.91  27.29  25.8  25.95  6517600  25.95
2011-08-24  26.22  26.72  25.7  26.66  10742000  26.66
2011-08-23  25.24  26.69  24.95  26.68  11393000  26.68
2011-08-22  26.66  26.78  24.9  25.04  12602200  25.04
2011-08-19  26.09  27.3  25.79  25.81  8085300  25.81
2011-08-18  28.28  28.34  26.5  26.71  11743900  26.71
2011-08-17  29.84  30.23  29.32  29.46  7067900  29.46
2011-08-16  30.5  30.79  29.5  29.51  10944500  29.51
2011-08-15  30.82  31.37  30.71  31.22  7484200  31.22
2011-08-12  30.49  30.92  30.1  30.44  9054000  30.44
2011-08-11  28.95  30.22  27.91  29.87  14932900  29.87
2011-08-10  28.83  29.69  27.94  28.26  17032900  28.26
2011-08-09  29.19  29.64  27.51  29.62  13290100  29.62
2011-08-08  30.96  31.32  28.03  28.26  18960200  28.26
2011-08-05  33.92  34.27  30.98  32.49  17546200  32.49
2011-08-04  35.48  35.55  32.87  33.11  17771100  33.11
2011-08-03  37.2  37.28  35.14  36.46  14119900  36.46
2011-08-02  38.22  38.84  36.95  36.95  9581300  36.95
2011-08-01  40.04  40.12  38.06  38.46  8243300  38.46
2011-07-29  38.35  39.62  38.17  39.09  6857700  39.09
2011-07-28  38.95  39.96  38.62  38.84  7902800  38.84
2011-07-27  40.05  40.29  38.86  38.92  10455700  38.92
2011-07-26  41.9  41.9  39.42  39.71  22072600  39.71
2011-07-25  43.18  43.71  43.04  43.3  5227800  43.3
2011-07-22  43.59  44.0  43.08  43.81  4508100  43.81
2011-07-21  42.57  43.85  42.28  43.65  6575400  43.65
2011-07-20  42.21  42.71  41.74  42.4  5336100  42.4
2011-07-19  41.55  41.99  41.22  41.97  7158000  41.97
2011-07-18  41.95  42.38  40.89  41.21  7530100  41.21
2011-07-15  42.04  42.31  41.68  42.05  7927800  42.05
2011-07-14  43.27  43.27  41.16  41.82  11859200  41.82
2011-07-13  42.53  43.74  42.35  43.09  6954300  43.09
2011-07-12  42.34  42.82  41.94  42.17  6371900  42.17
2011-07-11  43.23  43.42  42.39  42.56  7024000  42.56
2011-07-08  43.86  44.29  43.47  44.05  6399300  44.05
2011-07-07  44.87  45.12  44.33  44.82  7220400  44.82
2011-07-06  45.4  45.56  43.95  44.22  11127300  44.22
2011-07-05  45.75  46.27  45.25  45.8  6352300  45.8
2011-07-01  44.96  45.99  44.54  45.86  7080600  45.86
2011-06-30  44.97  45.64  44.64  45.01  8588400  45.01
2011-06-29  43.39  45.3  43.31  44.82  17190200  44.82
2011-06-28  41.28  42.35  41.17  42.34  7329500  42.34
2011-06-27  40.71  41.33  40.08  41.11  5769600  41.11
2011-06-24  42.29  42.49  40.74  40.88  7829200  40.88
2011-06-23  41.01  42.15  40.74  42.14  8541000  42.14
2011-06-22  41.12  42.33  40.97  41.65  6863600  41.65
2011-06-21  40.86  41.54  40.8  41.19  6609000  41.19
2011-06-20  40.13  40.9  40.03  40.54  5627700  40.54
2011-06-17  41.14  41.19  40.08  40.15  7979300  40.15
2011-06-16  41.39  41.54  40.18  40.73  9487800  40.73
2011-06-15  42.05  42.82  41.33  41.58  9916400  41.58
2011-06-14  41.84  42.38  41.36  42.22  6961000  42.22
2011-06-13  41.21  42.54  40.73  41.21  8501000  41.21
2011-06-10  41.61  42.87  41.61  42.36  10365700  42.36
2011-06-09  41.2  42.31  41.06  41.76  6044500  41.76
2011-06-08  41.61  42.12  40.98  41.11  7744800  41.11
2011-06-07  42.26  42.51  41.84  41.89  4722200  41.89
2011-06-06  42.28  42.86  41.77  41.91  5426900  41.91
2011-06-03  42.51  43.04  42.22  42.32  6855800  42.32
2011-06-02  43.06  43.99  42.95  43.15  6433600  43.15
2011-06-01  44.79  44.82  42.91  42.97  8071300  42.97
2011-05-31  45.04  45.32  44.24  45.08  5568200  45.08
2011-05-27  44.54  45.02  44.42  44.65  3895400  44.65
2011-05-26  43.74  44.53  43.46  44.32  6971700  44.32
2011-05-25  43.88  44.16  43.15  43.88  5737500  43.88
2011-05-24  43.66  44.08  43.16  43.24  5794000  43.24
2011-05-23  43.27  43.44  42.88  43.21  7462400  43.21
2011-05-20  44.33  44.52  43.7  43.95  7844900  43.95
2011-05-19  44.9  45.25  44.17  44.42  8492100  44.42
2011-05-18  44.04  44.97  43.74  44.65  6367500  44.65
2011-05-17  43.76  44.27  43.16  43.98  7106500  43.98
2011-05-16  43.47  44.93  43.45  43.88  6837600  43.88
2011-05-13  44.53  44.68  43.47  43.65  9145600  43.65
2011-05-12  44.53  45.17  44.33  44.58  7800000  44.58
2011-05-11  45.79  45.84  44.38  44.65  8993700  44.65
2011-05-10  46.22  46.32  45.03  45.7  7605500  45.7
2011-05-09  45.29  46.04  45.08  45.6  7806100  45.6
2011-05-06  45.86  45.97  44.21  44.59  9650600  44.59
2011-05-05  45.24  45.79  44.8  45.04  9376400  45.04
2011-05-04  46.36  46.36  45.46  45.7  8692200  45.7
2011-05-03  45.57  46.84  45.56  46.36  9249600  46.36
2011-05-02  46.78  46.79  45.6  45.69  7341200  45.69
2011-04-29  46.6  47.14  46.27  46.59  9550900  46.59
2011-04-28  46.4  46.83  45.79  46.54  11519300  46.54
2011-04-27  48.16  48.18  46.03  46.26  20790900  46.26
2011-04-26  50.42  50.42  48.35  48.55  20200000  48.55
2011-04-25  50.57  51.0  50.24  50.61  5628000  50.61
2011-04-21  51.97  51.99  50.44  50.52  7280500  50.52
2011-04-20  52.53  52.55  51.12  51.51  8445000  51.51
2011-04-19  50.09  51.71  50.09  51.5  13969600  51.5
2011-04-18  48.43  49.33  48.12  49.3  8871900  49.3
2011-04-15  49.71  49.83  49.09  49.33  6618500  49.33
2011-04-14  49.09  50.44  48.93  49.66  10836800  49.66
2011-04-13  49.83  50.17  48.78  49.43  9850900  49.43
2011-04-12  49.65  50.07  49.07  49.33  12722300  49.33
2011-04-11  51.62  51.68  50.05  50.51  9823800  50.51
2011-04-08  52.81  52.83  51.29  51.56  10605500  51.56
2011-04-07  53.07  53.48  52.24  52.45  11436600  52.45
2011-04-06  54.01  54.44  52.98  53.3  7199200  53.3
2011-04-05  52.56  54.24  52.36  53.36  10005500  53.36
2011-04-04  53.02  53.65  52.28  52.75  6508600  52.75
2011-04-01  53.02  53.25  51.92  52.85  10471300  52.85
2011-03-31  53.91  53.99  52.44  52.67  12897400  52.67
2011-03-30  55.94  56.2  54.39  54.99  8415100  54.99
2011-03-29  54.36  55.81  53.82  55.45  8838300  55.45
2011-03-28  53.6  55.39  53.34  54.1  10744300  54.1
2011-03-25  53.55  54.6  53.44  53.73  13771200  53.73
2011-03-24  53.11  53.55  51.79  53.37  12250900  53.37
2011-03-23  52.0  53.47  51.88  52.88  9079300  52.88
2011-03-22  52.67  53.14  51.6  52.17  8086100  52.17
2011-03-21  52.95  53.07  51.55  52.89  9621700  52.89
2011-03-18  54.25  54.43  52.06  52.18  11352800  52.18
2011-03-17  53.94  54.47  53.11  53.45  8557900  53.45
2011-03-16  53.14  54.88  51.39  52.66  17990300  52.66
2011-03-15  51.92  53.35  51.77  52.76  11163100  52.76
2011-03-14  54.31  54.39  52.93  53.67  7667100  53.67
2011-03-11  52.13  54.06  51.98  53.84  11024800  53.84
2011-03-10  51.88  52.33  50.89  51.51  9489100  51.51
2011-03-09  54.1  54.12  52.25  52.59  12112400  52.59
2011-03-08  53.13  54.65  52.45  54.41  8859200  54.41
2011-03-07  54.54  54.6  52.62  53.1  8379300  53.1
2011-03-04  55.44  55.61  53.9  54.51  7916700  54.51
2011-03-03  55.23  55.55  54.2  55.42  9028100  55.42
2011-03-02  53.98  55.5  53.86  54.39  9556700  54.39
2011-03-01  56.34  56.49  53.61  53.68  11044400  53.68
2011-02-28  55.94  56.92  55.72  56.14  9140800  56.14
2011-02-25  56.45  56.62  55.11  55.43  9402200  55.43
2011-02-24  55.98  56.91  54.39  55.79  12442900  55.79
2011-02-23  56.93  57.39  53.38  55.65  16033900  55.65
2011-02-22  59.07  60.22  56.05  56.23  14913500  56.23
2011-02-18  62.47  62.53  59.63  60.41  9635900  60.41
2011-02-17  61.98  62.35  60.76  62.15  9458900  62.15
2011-02-16  61.49  62.12  61.18  61.86  7231800  61.86
2011-02-15  60.57  61.82  60.47  60.85  14544300  60.85
2011-02-14  57.46  59.5  57.46  58.93  8449300  58.93
2011-02-11  56.65  57.68  55.57  57.54  8075400  57.54
2011-02-10  55.1  56.88  55.02  56.47  8381700  56.47
2011-02-09  57.22  57.55  55.17  55.88  9420900  55.88
2011-02-08  58.29  58.45  57.08  57.53  7438500  57.53
2011-02-07  56.61  58.68  56.6  57.56  9640400  57.56
2011-02-04  59.51  59.9  56.55  56.75  14968400  56.75
2011-02-03  57.48  59.3  56.72  59.16  9228600  59.16
2011-02-02  57.64  59.89  57.34  58.21  11440900  58.21
2011-02-01  56.86  58.37  56.2  58.32  9510400  58.32
2011-01-31  54.77  56.28  54.77  56.27  8429100  56.27
2011-01-28  56.96  57.26  54.32  54.44  11126300  54.44
2011-01-27  57.78  58.05  56.36  56.86  9342400  56.86
2011-01-26  56.62  58.31  56.6  58.03  15289700  58.03
2011-01-25  52.82  55.94  51.93  55.91  24441900  55.91
2011-01-24  52.38  53.65  51.62  53.12  10768900  53.12
2011-01-21  54.17  54.21  51.78  51.99  10921000  51.99
2011-01-20  50.58  53.09  50.08  52.79  15730600  52.79
2011-01-19  53.66  53.91  50.8  51.06  14895000  51.06
2011-01-18  53.77  54.44  53.42  54.28  6797800  54.28
2011-01-14  54.05  55.07  53.11  53.34  12100700  53.34
2011-01-13  55.28  56.67  54.19  54.25  14263700  54.25
2011-01-12  56.44  56.59  55.05  55.25  9349800  55.25
2011-01-11  54.51  56.18  54.45  55.69  9466900  55.69
2011-01-10  53.82  54.62  53.46  54.05  11038500  54.05
2011-01-07  57.22  58.1  54.31  54.77  16503800  54.77
2011-01-06  58.61  59.38  57.49  57.62  9392200  57.62
2011-01-05  58.03  59.51  57.13  59.11  9847200  59.11
2011-01-04  58.6  59.31  57.32  58.72  10301800  58.72
2011-01-03  57.84  59.69  57.66  58.76  9644000  58.76
2010-12-31  57.5  57.91  56.86  57.0  3501400  57.0
2010-12-30  56.99  58.05  56.99  57.58  4564700  57.58
2010-12-29  57.16  57.45  56.72  57.09  4211900  57.09
2010-12-28  56.51  57.41  56.49  56.86  3732800  56.86
2010-12-27  56.4  56.73  55.41  56.66  4823300  56.66
2010-12-23  56.85  57.67  56.3  56.69  6374000  56.69
2010-12-22  57.35  57.82  56.47  57.23  6366100  57.23
2010-12-21  56.41  57.65  56.08  57.49  9239100  57.49
2010-12-20  57.95  58.01  56.38  56.5  12316300  56.5
2010-12-17  56.17  57.71  55.71  57.47  12672900  57.47
2010-12-16  53.99  56.08  53.47  55.8  15274300  55.8
2010-12-15  53.54  55.31  53.48  54.41  11200200  54.41
2010-12-14  52.86  54.24  52.7  53.86  9885700  53.86
2010-12-13  53.25  53.56  52.47  52.86  9204700  52.86
2010-12-10  51.78  52.75  51.14  52.31  7817600  52.31
2010-12-09  51.5  52.24  51.12  51.65  8323800  51.65
2010-12-08  52.07  52.65  50.49  50.77  10613500  50.77
2010-12-07  52.34  53.12  51.27  51.67  13711800  51.67
2010-12-06  49.82  51.57  49.82  51.13  10169600  51.13
2010-12-03  49.63  49.9  49.17  49.81  8769900  49.81
2010-12-02  49.25  50.02  49.18  49.28  9956300  49.28
2010-12-01  48.26  49.27  48.15  49.07  13147200  49.07
2010-11-30  46.13  47.96  46.08  47.43  12741300  47.43
2010-11-29  45.94  46.93  45.42  46.73  7986000  46.73
2010-11-26  45.58  46.33  45.39  46.19  3025300  46.19
2010-11-24  45.76  46.39  45.66  45.95  5779900  45.95
2010-11-23  45.82  46.09  44.94  45.42  9966400  45.42
2010-11-22  46.42  47.22  45.95  46.31  8597900  46.31
2010-11-19  45.25  46.92  44.91  46.7  11226800  46.7
2010-11-18  45.01  45.75  44.9  45.24  6857700  45.24
2010-11-17  44.15  45.11  43.82  44.22  7573700  44.22
2010-11-16  44.84  44.96  43.86  44.32  10528400  44.32
2010-11-15  46.06  46.12  45.35  45.42  7971500  45.42
2010-11-12  45.9  46.97  45.48  46.01  9844900  46.01
2010-11-11  46.01  47.04  45.87  46.64  8307500  46.64
2010-11-10  46.3  46.71  45.6  46.47  10396700  46.47
2010-11-09  47.23  47.7  45.65  46.05  18696900  46.05
2010-11-08  46.92  47.27  46.17  46.54  9648600  46.54
2010-11-05  46.41  47.51  46.2  47.32  15857200  47.32
2010-11-04  45.32  46.2  45.24  46.13  12874000  46.13
2010-11-03  43.86  44.73  43.57  44.51  13592600  44.51
2010-11-02  42.98  43.95  42.93  43.71  13019800  43.71
2010-11-01  42.0  42.77  41.77  42.19  11637900  42.19
2010-10-29  39.29  41.71  39.23  41.64  15186000  41.64
2010-10-28  39.5  39.5  38.96  39.44  8886800  39.44
2010-10-27  39.4  39.77  38.83  39.23  11790800  39.23
2010-10-26  39.08  40.1  38.78  39.82  19589400  39.82
2010-10-25  41.67  41.72  40.85  41.2  10881200  41.2
2010-10-22  41.28  41.49  40.52  41.21  8285700  41.21
2010-10-21  42.15  42.2  40.25  41.16  13661600  41.16
2010-10-20  41.75  42.4  41.38  41.99  9789600  41.99
2010-10-19  42.41  42.49  41.08  41.43  15305300  41.43
2010-10-18  42.26  43.32  42.11  43.19  9114300  43.19
2010-10-15  43.19  43.27  42.0  42.57  10783100  42.57
2010-10-14  43.69  43.76  42.41  42.75  10540500  42.75
2010-10-13  44.19  44.33  42.95  43.75  14469800  43.75
2010-10-12  43.75  43.82  43.14  43.69  11301700  43.69
2010-10-11  44.87  45.46  44.18  44.46  8841400  44.46
2010-10-08  43.53  45.03  43.4  44.76  14201800  44.76
2010-10-07  43.4  43.51  42.35  43.33  13062800  43.33
2010-10-06  41.81  43.3  41.76  42.96  13052600  42.96
2010-10-05  42.02  42.34  40.98  41.91  13990900  41.91
2010-10-04  42.02  42.02  40.83  41.35  11985600  41.35
2010-10-01  43.58  43.81  42.11  42.52  12299200  42.52
2010-09-30  43.81  43.99  42.23  42.73  11209400  42.73
2010-09-29  42.22  43.54  42.04  43.19  11449400  43.19
2010-09-28  41.96  42.67  41.51  42.55  10514800  42.55
2010-09-27  42.37  42.37  41.57  41.71  9344000  41.71
2010-09-24  41.82  42.22  41.38  42.13  15472700  42.13
2010-09-23  41.9  42.24  40.75  40.94  18815200  40.94
2010-09-22  44.31  44.84  42.31  42.39  17191700  42.39
2010-09-21  44.37  44.44  43.38  43.85  12964300  43.85
2010-09-20  44.35  44.5  43.23  44.29  14728600  44.29
2010-09-17  45.82  45.84  44.84  45.03  8778700  45.03
2010-09-16  44.36  45.8  44.35  45.31  11018800  45.31
2010-09-15  45.37  45.54  44.25  44.62  15465100  44.62
2010-09-14  46.15  46.48  45.35  45.64  14828400  45.64
2010-09-13  47.29  47.67  46.79  47.09  9403000  47.09
2010-09-10  45.61  46.68  44.89  46.25  9691100  46.25
2010-09-09  47.75  47.82  44.89  45.72  16185500  45.72
2010-09-08  47.14  47.89  46.72  46.87  15552600  46.87
2010-09-07  44.69  47.51  44.64  46.87  25123200  46.87
2010-09-03  45.18  45.33  44.46  44.83  9552400  44.83
2010-09-02  43.52  44.44  42.84  44.15  9605300  44.15
2010-09-01  42.91  43.53  42.39  43.31  10529600  43.31
2010-08-31  40.62  42.54  40.62  41.41  12142300  41.41
2010-08-30  42.34  42.7  40.81  40.85  10236100  40.85
2010-08-27  41.63  42.79  40.45  42.6  12497000  42.6
2010-08-26  42.33  42.63  40.8  40.94  10084500  40.94
2010-08-25  42.1  42.48  41.04  41.74  14193000  41.74
2010-08-24  43.15  43.85  42.34  42.43  13290700  42.43
2010-08-23  46.11  46.45  44.41  44.47  10826400  44.47
2010-08-20  46.49  46.66  44.85  45.87  14370000  45.87
2010-08-19  49.31  50.09  46.45  46.57  23163800  46.57
2010-08-18  46.04  49.3  45.58  48.33  28167800  48.33
2010-08-17  45.26  46.97  45.1  46.12  11463700  46.12
2010-08-16  43.97  45.05  43.67  44.25  7281700  44.25
2010-08-13  44.08  44.96  43.85  43.96  8060100  43.96
2010-08-12  43.14  44.52  42.99  44.0  9414800  44.0
2010-08-11  45.09  45.6  43.96  44.17  9336700  44.17
2010-08-10  46.84  46.98  45.95  46.59  10139300  46.59
2010-08-09  47.84  47.9  47.11  47.62  7052900  47.62
2010-08-06  45.84  47.39  45.8  47.22  11981100  47.22
2010-08-05  46.56  46.69  45.99  46.41  7297000  46.41
2010-08-04  46.09  46.95  45.72  46.81  11259700  46.81
2010-08-03  45.54  46.71  45.39  45.76  10593900  45.76
2010-08-02  44.3  45.91  43.96  45.58  13220400  45.58
2010-07-30  42.03  43.71  41.84  43.16  11967700  43.16
2010-07-29  43.69  43.96  41.87  42.62  13941000  42.62
2010-07-28  44.04  44.55  42.86  43.2  14747200  43.2
2010-07-27  46.44  46.72  43.81  44.55  24728400  44.55
2010-07-26  47.74  48.39  46.67  47.6  15187500  47.6
2010-07-23  45.84  47.65  45.3  47.61  17263600  47.61
2010-07-22  44.84  46.03  44.35  45.49  13138500  45.49
2010-07-21  44.36  45.45  43.34  43.61  18269000  43.61
2010-07-20  39.36  43.3  39.36  43.12  17013800  43.12
2010-07-19  40.81  40.94  39.63  40.13  7822800  40.13
2010-07-16  41.39  41.61  40.11  40.27  9223400  40.27
2010-07-15  41.86  41.93  40.74  41.79  10716100  41.79
2010-07-14  41.39  42.53  40.47  42.16  14356600  42.16
2010-07-13  41.79  41.96  40.88  41.47  11452800  41.47
2010-07-12  41.71  41.71  39.79  40.42  9855000  40.42
2010-07-09  39.83  42.24  39.81  41.75  13379000  41.75
2010-07-08  40.21  40.21  38.8  40.01  10947900  40.01
2010-07-07  37.22  39.39  37.02  39.33  12956400  39.33
2010-07-06  38.14  38.83  36.7  37.21  12633900  37.21
2010-07-02  37.69  37.69  35.96  36.67  10126600  36.67
2010-07-01  37.54  38.45  36.03  37.14  19390800  37.14
2010-06-30  37.93  39.03  37.37  37.53  11562000  37.53
2010-06-29  39.12  39.84  37.68  38.08  16318800  38.08
2010-06-28  42.18  42.23  40.24  40.46  10766400  40.46
2010-06-25  41.09  42.46  40.4  42.1  12952400  42.1
2010-06-24  42.56  42.64  40.79  40.94  14014900  40.94
2010-06-23  42.48  43.4  41.48  42.9  13332300  42.9
2010-06-22  44.3  44.32  42.25  42.44  11462400  42.44
2010-06-21  43.82  45.04  43.44  43.79  16931500  43.79
2010-06-18  43.14  43.19  41.87  42.27  11058200  42.27
2010-06-17  44.23  44.3  42.36  42.94  12822900  42.94
2010-06-16  44.05  44.68  43.51  44.12  9220500  44.12
2010-06-15  43.8  44.79  42.82  44.7  10631600  44.7
2010-06-14  44.96  45.05  43.3  43.39  12788800  43.39
2010-06-11  41.94  43.66  41.7  43.64  12892200  43.64
2010-06-10  41.64  42.12  41.11  42.05  11524900  42.05
2010-06-09  41.09  42.18  39.96  40.25  17225800  40.25
2010-06-08  39.57  40.41  39.04  40.25  18040800  40.25
2010-06-07  41.02  41.3  39.23  39.24  15421700  39.24
2010-06-04  42.42  43.1  40.3  40.88  25928700  40.88
2010-06-03  45.3  45.42  42.84  44.09  14404300  44.09
2010-06-02  43.49  44.63  43.18  44.63  12379600  44.63
2010-06-01  44.84  45.37  42.85  42.85  14489300  42.85
2010-05-28  47.32  47.39  45.31  45.97  14062100  45.97
2010-05-27  45.64  47.64  45.11  47.57  18609200  47.57
2010-05-26  47.27  47.34  43.75  43.93  22775000  43.93
2010-05-25  42.66  46.43  42.46  46.06  24330800  46.06
2010-05-24  45.82  46.14  44.27  44.44  14416400  44.44
2010-05-21  44.03  46.83  43.99  45.86  25092000  45.86
2010-05-20  46.22  47.19  44.19  44.48  27394100  44.48
2010-05-19  46.4  48.33  46.17  48.0  28453400  48.0
2010-05-18  50.94  51.64  46.83  47.2  28053200  47.2
2010-05-17  50.86  51.11  47.62  49.8  24880600  49.8
2010-05-14  53.34  53.6  50.17  51.42  25878700  51.42
2010-05-13  54.83  56.44  54.27  54.51  23121100  54.51
2010-05-12  51.93  53.68  51.54  53.58  16273600  53.58
2010-05-11  53.03  53.42  51.32  51.57  18236200  51.57
2010-05-10  54.48  54.65  53.04  54.13  15351100  54.13
2010-05-07  51.25  52.67  48.77  50.8  22258900  50.8
2010-05-06  52.33  54.3  47.56  50.87  25163000  50.87
2010-05-05  50.01  54.23  49.61  52.36  23111400  52.36
2010-05-04  52.25  52.32  50.46  51.66  19621000  51.66
2010-05-03  53.56  53.85  51.16  53.47  19495600  53.47
2010-04-30  55.65  56.27  52.82  53.17  16474800  53.17
2010-04-29  57.34  57.34  55.07  55.57  16973900  55.57
2010-04-28  56.67  57.5  55.99  56.85  18176700  56.85
2010-04-27  58.42  59.1  54.69  55.09  23284200  55.09
2010-04-26  58.65  59.71  58.01  58.43  14774300  58.43
2010-04-23  57.63  57.86  56.33  57.62  14050300  57.62
2010-04-22  55.61  57.35  54.54  57.14  17361400  57.14
2010-04-21  57.43  57.89  55.04  56.4  15486600  56.4
2010-04-20  57.52  58.68  57.03  57.24  17891200  57.24
2010-04-19  57.57  57.81  55.33  56.34  21818700  56.34
2010-04-16  59.82  60.75  57.48  58.18  23459500  58.18
2010-04-15  62.19  62.77  60.0  60.27  14856200  60.27
2010-04-14  63.38  63.65  62.03  62.27  11451800  62.27
2010-04-13  62.1  63.38  61.78  62.4  9919800  62.4
2010-04-12  62.92  63.67  61.99  62.18  10722700  62.18
2010-04-09  65.29  65.54  62.18  62.86  20301000  62.86
2010-04-08  64.4  64.98  63.25  64.45  17296300  64.45
2010-04-07  67.8  67.97  65.07  65.42  19818800  65.42
2010-04-06  66.92  69.02  66.61  67.81  16697300  67.81
2010-04-05  64.86  67.13  64.35  67.08  14734600  67.08
2010-04-01  62.98  64.19  62.57  63.91  15637500  63.91
2010-03-31  61.5  62.86  61.41  61.79  11312000  61.79
2010-03-30  63.7  63.73  61.61  62.03  13036700  62.03
2010-03-29  63.12  63.52  62.66  63.13  12812800  63.13
2010-03-26  61.37  63.11  61.09  62.22  19336300  62.22
2010-03-25  62.87  63.66  60.44  60.67  21322700  60.67
2010-03-24  60.91  62.77  60.55  61.8  17757100  61.8
2010-03-23  58.99  61.69  58.67  61.59  18209300  61.59
2010-03-22  56.37  58.84  55.88  58.69  13657200  58.69
2010-03-19  58.87  58.89  56.65  57.62  15134800  57.62
2010-03-18  59.37  60.29  58.12  58.3  17307100  58.3
2010-03-17  61.18  61.71  58.97  59.28  16637800  59.28
2010-03-16  59.58  60.96  59.35  60.79  14749000  60.79
2010-03-15  59.13  59.28  57.59  59.04  12296300  59.04
2010-03-12  59.42  60.27  59.26  59.73  13810200  59.73
2010-03-11  57.62  58.83  57.1  58.77  12631700  58.77
2010-03-10  59.28  59.43  57.68  58.33  16775300  58.33
2010-03-09  58.61  59.9  57.95  58.59  20835500  58.59
2010-03-08  59.12  59.42  57.94  59.37  20266600  59.37
2010-03-05  56.1  57.5  55.87  57.29  17877400  57.29
2010-03-04  55.66  55.97  54.58  55.1  21435800  55.1
2010-03-03  54.62  56.24  54.41  54.84  16857700  54.84
2010-03-02  53.89  54.79  53.27  53.79  14696500  53.79
2010-03-01  52.12  53.22  51.46  53.09  14105900  53.09
2010-02-26  51.77  51.96  50.87  51.5  12476300  51.5
2010-02-25  49.42  51.94  48.69  51.73  19347300  51.73
2010-02-24  50.02  51.11  49.48  50.7  16108000  50.7
2010-02-23  51.57  51.81  49.47  49.7  16283400  49.7
2010-02-22  52.47  52.65  51.47  52.04  13050300  52.04
2010-02-19  49.3  52.12  49.18  51.84  22371600  51.84
2010-02-18  48.72  49.85  48.64  49.57  16415400  49.57
2010-02-17  50.44  51.04  48.64  49.46  19188200  49.46
2010-02-16  47.89  50.17  47.72  49.75  27289100  49.75
2010-02-12  44.68  47.31  44.36  46.67  26302900  46.67
2010-02-11  43.41  46.1  43.31  45.73  23036500  45.73
2010-02-10  44.28  44.87  42.81  43.16  19820300  43.16
2010-02-09  44.22  45.24  43.73  44.76  21781900  44.76
2010-02-08  43.6  44.65  42.45  42.89  16556700  42.89
2010-02-05  42.92  43.56  41.12  43.51  28598300  43.51
2010-02-04  44.41  44.52  42.77  42.82  20370300  42.82
2010-02-03  45.95  46.76  45.28  45.49  12703800  45.49
2010-02-02  46.84  46.88  45.57  46.69  20656200  46.69
2010-02-01  43.89  46.03  43.8  45.98  19375000  45.98
2010-01-29  44.81  46.15  42.51  43.17  29901900  43.17
2010-01-28  45.93  46.31  43.95  44.29  27279900  44.29
2010-01-27  47.37  47.62  43.77  45.28  48032200  45.28
2010-01-26  51.16  51.88  48.07  48.2  41417600  48.2
2010-01-25  55.16  55.86  53.44  54.64  16024500  54.64
2010-01-22  54.7  56.81  52.76  53.44  28085900  53.44
2010-01-21  61.49  62.04  56.0  56.03  26907300  56.03
2010-01-20  62.21  62.27  60.48  61.47  15164600  61.47
2010-01-19  61.12  63.67  60.87  63.58  14130200  63.58
2010-01-15  61.47  61.82  59.87  60.28  12631800  60.28
2010-01-14  61.53  62.06  60.68  61.76  11051000  61.76
2010-01-13  61.89  62.14  59.68  61.38  13217000  61.38
2010-01-12  60.09  62.89  60.05  61.15  22930900  61.15
2010-01-11  64.33  64.57  61.02  61.15  19441300  61.15
2010-01-08  59.12  64.21  59.04  63.49  25997900  63.49
2010-01-07  58.53  59.27  57.2  59.18  12132800  59.18
2010-01-06  56.28  59.08  56.21  58.69  11831200  58.69
2010-01-05  56.42  56.79  55.65  56.19  9003200  56.19
2010-01-04  54.82  56.72  54.62  56.27  10339400  56.27
