Date  Open  High  Low  Close  Volume  Adj Close
2014-02-28  29.97  30.43  29.97  30.4  2484400  30.4
2014-02-27  29.77  30.08  29.72  29.95  1696700  29.95
2014-02-26  29.65  29.87  29.48  29.82  2247900  29.82
2014-02-25  29.67  29.74  29.43  29.57  1741900  29.57
2014-02-24  29.43  29.87  29.37  29.73  1982000  29.73
2014-02-21  29.4  29.53  29.16  29.44  1750400  29.44
2014-02-20  29.16  29.37  28.93  29.3  1019400  29.3
2014-02-19  29.28  29.55  29.06  29.09  1233500  29.09
2014-02-18  29.31  29.5  29.29  29.41  1405800  29.41
2014-02-14  28.81  29.3  28.8  29.23  1751200  29.23
2014-02-13  28.65  28.92  28.58  28.88  2938600  28.88
2014-02-12  29.12  29.15  28.85  29.0  2452000  29.0
2014-02-11  28.98  29.4  28.88  29.32  1894000  29.32
2014-02-10  28.78  29.02  28.7  28.98  1616900  28.98
2014-02-07  28.69  28.9  28.42  28.87  1721300  28.87
2014-02-06  28.11  28.6  28.07  28.56  2263300  28.56
2014-02-05  27.96  28.15  27.79  27.96  2613100  27.96
2014-02-04  28.16  28.28  27.93  28.06  2023600  28.06
2014-02-03  28.74  28.75  27.92  28.0  2449000  28.0
2014-01-31  28.83  29.06  28.67  28.74  1410200  28.74
2014-01-30  29.11  29.35  28.96  29.27  1224500  29.27
2014-01-29  29.2  29.38  28.81  28.86  2338900  28.86
2014-01-28  28.67  29.55  28.66  29.49  3090200  29.49
2014-01-27  28.85  28.94  28.43  28.61  3373800  28.61
2014-01-24  29.45  29.5  28.76  28.81  4069100  28.81
2014-01-23  30.21  30.21  29.72  29.75  2707400  29.75
2014-01-22  30.25  30.39  30.11  30.34  1727000  30.34
2014-01-21  30.05  30.23  29.9  30.22  2117300  30.22
2014-01-17  29.97  29.97  29.82  29.94  2083300  29.94
2014-01-16  29.89  30.03  29.71  29.98  2133900  29.98
2014-01-15  30.18  30.25  29.94  29.95  2083900  29.95
2014-01-14  29.94  30.22  29.92  30.13  1787000  30.13
2014-01-13  30.3  30.41  29.83  29.86  2169100  29.86
2014-01-10  30.43  30.56  30.29  30.42  1631400  30.42
2014-01-09  30.46  30.51  30.29  30.4  1807200  30.4
2014-01-08  30.37  30.39  30.22  30.39  3031500  30.39
2014-01-07  30.48  30.7  30.19  30.37  2823400  30.37
2014-01-06  30.84  31.02  30.34  30.37  3095300  30.37
2014-01-03  31.28  31.39  30.78  30.81  2512500  30.81
2014-01-02  31.71  31.85  31.22  31.25  2027700  31.25
2013-12-31  31.97  32.03  31.79  31.84  1152700  31.84
2013-12-30  31.73  31.98  31.73  31.89  997000  31.89
2013-12-27  31.74  31.82  31.59  31.69  700100  31.69
2013-12-26  31.67  31.79  31.62  31.7  715900  31.7
2013-12-24  31.33  31.56  31.33  31.54  389100  31.54
2013-12-23  31.29  31.41  31.24  31.34  1677200  31.34
2013-12-20  30.77  31.12  30.77  31.1  2592000  31.1
2013-12-19  30.52  30.84  30.5  30.74  1739700  30.74
2013-12-18  30.07  30.62  30.04  30.59  2576000  30.59
2013-12-17  29.9  30.21  29.84  30.05  2124000  30.05
2013-12-16  29.83  29.94  29.65  29.88  3378700  29.88
2013-12-13  30.0  30.01  29.62  29.65  1959400  29.65
2013-12-12  30.0  30.18  29.91  29.91  1714700  29.91
2013-12-11  30.62  30.67  30.0  30.04  2814100  30.04
2013-12-10  30.75  30.94  30.58  30.58  1904900  30.58
2013-12-09  30.73  30.89  30.73  30.8  1889000  30.8
2013-12-06  30.65  30.72  30.5  30.61  1642200  30.61
2013-12-05  30.38  30.55  30.24  30.3  1773100  30.3
2013-12-04  30.56  30.66  30.27  30.53  3276800  30.53
2013-12-03  30.92  31.0  30.59  30.72  3644800  30.72
2013-12-02  30.61  31.33  30.54  31.04  3669400  31.04
2013-11-29  32.0  32.14  31.82  31.84  794100  31.84
2013-11-27  32.02  32.11  31.86  31.95  1207200  31.95
2013-11-26  31.4  32.01  31.4  32.01  3044000  32.01
2013-11-25  31.53  31.64  31.49  31.52  1322400  31.52
2013-11-22  31.16  31.43  31.16  31.41  1791800  31.41
2013-11-21  30.91  31.33  30.88  31.16  1245000  31.16
2013-11-20  31.25  31.25  30.72  30.78  1763700  30.78
2013-11-19  30.85  31.38  30.85  31.06  1855400  31.06
2013-11-18  31.2  31.51  31.2  31.28  1551200  31.28
2013-11-15  31.17  31.29  31.07  31.25  1905100  31.25
2013-11-14  31.01  31.3  30.96  31.2  1413300  31.2
2013-11-13  30.49  30.92  30.49  30.91  2528300  30.91
2013-11-12  31.19  31.25  30.65  30.75  2385500  30.75
2013-11-11  31.17  31.31  31.05  31.29  2053500  31.29
2013-11-08  30.62  31.13  30.61  31.11  1691700  31.11
2013-11-07  30.81  30.96  30.61  30.62  2492600  30.62
2013-11-06  30.74  30.86  30.61  30.69  2648900  30.69
2013-11-05  30.36  30.64  30.27  30.49  1940100  30.49
2013-11-04  30.14  30.37  29.89  30.37  1601100  30.37
2013-11-01  30.43  30.47  30.04  30.18  3456500  30.18
2013-10-31  30.05  30.46  29.89  30.43  5814300  30.43
2013-10-30  31.44  31.44  30.97  31.0  2733200  31.0
2013-10-29  31.51  31.55  31.36  31.41  2586100  31.41
2013-10-28  31.46  31.51  31.3  31.42  3984400  31.42
2013-10-25  31.76  31.77  31.45  31.54  926600  31.54
2013-10-24  31.6  31.81  31.59  31.8  1264800  31.8
2013-10-23  31.88  31.89  31.44  31.58  1272100  31.58
2013-10-22  31.82  32.13  31.82  31.99  1959900  31.99
2013-10-21  31.99  32.05  31.69  31.72  1163100  31.72
2013-10-18  32.09  32.11  31.76  31.93  1229200  31.93
2013-10-17  31.43  31.95  31.41  31.92  1072300  31.92
2013-10-16  31.16  31.65  31.16  31.64  1181100  31.64
2013-10-15  31.31  31.38  30.91  30.94  1192700  30.94
2013-10-14  30.98  31.34  30.98  31.31  1218400  31.31
2013-10-11  31.05  31.28  30.99  31.16  1809500  31.16
2013-10-10  30.8  31.14  30.79  31.14  1638000  31.14
2013-10-09  30.53  30.54  30.23  30.44  1550400  30.44
2013-10-08  31.03  31.05  30.45  30.46  1391100  30.46
2013-10-07  30.85  31.28  30.1  30.97  1291100  30.97
2013-10-04  30.75  31.04  30.69  31.01  928500  31.01
2013-10-03  31.02  31.07  30.58  30.73  1245600  30.73
2013-10-02  30.68  31.13  30.67  31.12  2174400  31.12
2013-10-01  30.71  30.97  30.66  30.84  1428900  30.84
2013-09-30  30.54  30.71  30.42  30.68  1851900  30.68
2013-09-27  30.16  31.01  30.16  30.86  1361700  30.86
2013-09-26  30.87  30.95  30.65  30.82  1210500  30.82
2013-09-25  30.76  30.93  30.67  30.78  2876600  30.78
2013-09-24  31.06  31.08  30.7  30.72  2273100  30.72
2013-09-23  31.09  31.31  31.03  31.09  1287500  31.09
2013-09-20  31.28  31.48  31.19  31.3  2229800  31.3
2013-09-19  31.41  31.5  31.16  31.25  2947000  31.25
2013-09-18  30.72  31.4  30.66  31.39  1998700  31.39
2013-09-17  30.65  30.9  30.61  30.78  1103700  30.78
2013-09-16  30.52  30.74  30.34  30.64  1679100  30.64
2013-09-13  30.31  30.49  30.28  30.37  1153300  30.37
2013-09-12  30.41  30.45  30.14  30.17  1845500  30.17
2013-09-11  30.36  30.65  30.34  30.44  1730900  30.44
2013-09-10  30.15  30.31  30.08  30.31  1141900  30.31
2013-09-09  29.73  30.03  29.67  29.95  1304600  29.95
2013-09-06  30.06  30.07  29.36  29.67  1183400  29.67
2013-09-05  30.04  30.13  29.88  29.88  1193100  29.88
2013-09-04  29.84  30.15  29.78  30.02  2375800  30.02
2013-09-03  29.78  29.97  29.62  29.86  2228200  29.86
2013-08-30  29.65  29.72  29.21  29.29  2902600  29.29
2013-08-29  29.5  29.86  29.5  29.7  1210000  29.7
2013-08-28  29.82  29.96  29.52  29.61  3149000  29.61
2013-08-27  30.13  30.21  29.82  29.86  1537900  29.86
2013-08-26  30.73  30.79  30.52  30.52  920800  30.52
2013-08-23  30.64  30.78  30.54  30.64  1029100  30.64
2013-08-22  30.18  30.64  30.17  30.53  1106500  30.53
2013-08-21  30.03  30.43  29.88  30.14  2539000  30.14
2013-08-20  29.92  30.23  29.75  30.12  1241100  30.12
2013-08-19  30.08  30.19  29.82  29.83  1459600  29.83
2013-08-16  29.98  30.38  29.97  30.15  1237400  30.15
2013-08-15  30.37  30.47  30.05  30.09  1142200  30.09
2013-08-14  30.5  30.77  30.45  30.63  2259200  30.63
2013-08-13  30.5  30.74  30.32  30.5  1519000  30.5
2013-08-12  30.39  30.69  30.28  30.45  1047600  30.45
2013-08-09  30.73  30.83  30.46  30.56  1963800  30.56
2013-08-08  31.02  31.04  30.71  30.73  2489700  30.73
2013-08-07  30.96  31.04  30.65  30.92  1478900  30.92
2013-08-06  31.51  31.51  30.98  31.08  2518700  31.08
2013-08-05  31.55  31.68  31.33  31.37  1224300  31.37
2013-08-02  31.66  31.91  31.55  31.66  1448500  31.66
2013-08-01  31.38  31.82  31.36  31.77  1870300  31.77
2013-07-31  31.19  31.4  31.05  31.06  2496300  31.06
2013-07-30  31.47  31.76  30.75  31.12  3192800  31.12
2013-07-29  31.79  31.99  31.71  31.72  2073400  31.72
2013-07-26  31.67  31.96  31.53  31.93  1085100  31.93
2013-07-25  31.44  31.85  31.32  31.83  1454300  31.83
2013-07-24  32.05  32.15  31.43  31.51  1951600  31.51
2013-07-23  32.77  32.82  31.9  31.95  2738700  31.95
2013-07-22  32.53  32.77  32.52  32.73  957100  32.73
2013-07-19  32.49  32.65  32.34  32.58  1251900  32.58
2013-07-18  32.13  32.44  32.12  32.41  1434300  32.41
2013-07-17  31.92  32.2  31.91  32.01  1582000  32.01
2013-07-16  32.28  32.38  31.68  31.85  1818100  31.85
2013-07-15  31.79  32.13  31.61  32.1  1878200  32.1
2013-07-12  31.17  31.75  31.17  31.72  1494700  31.72
2013-07-11  30.98  31.32  30.71  31.25  1613500  31.25
2013-07-10  30.97  31.07  30.57  30.66  2413300  30.66
2013-07-09  30.91  31.1  30.78  31.05  1279800  31.05
2013-07-08  30.52  30.75  30.47  30.69  1457200  30.69
2013-07-05  30.2  30.37  30.01  30.37  1616600  30.37
2013-07-03  29.94  30.14  29.81  29.97  1008700  29.97
2013-07-02  30.33  30.69  30.06  30.2  2277000  30.2
2013-07-01  30.2  30.63  30.2  30.34  1989100  30.34
2013-06-28  30.07  30.34  29.9  30.04  2641900  30.04
2013-06-27  30.02  30.47  30.01  30.16  2096800  30.16
2013-06-26  29.73  29.97  29.67  29.84  1784100  29.84
2013-06-25  29.28  29.68  29.17  29.49  2636400  29.49
2013-06-24  28.92  29.24  28.61  29.05  3175500  29.05
2013-06-21  29.95  29.99  29.11  29.29  4616700  29.29
2013-06-20  30.29  30.44  29.61  29.71  2846600  29.71
2013-06-19  31.33  31.36  30.54  30.54  1931000  30.54
2013-06-18  30.93  31.41  30.86  31.4  1078400  31.4
2013-06-17  30.95  31.09  30.62  30.85  1503200  30.85
2013-06-14  30.91  31.08  30.66  30.78  1737700  30.78
2013-06-13  30.52  31.07  30.29  31.01  1813300  31.01
2013-06-12  30.54  30.95  30.38  30.56  1951200  30.56
2013-06-11  30.88  30.93  30.39  30.44  2074300  30.44
2013-06-10  30.95  31.14  30.8  31.11  1541400  31.11
2013-06-07  30.79  31.03  30.62  30.88  2239900  30.88
2013-06-06  30.31  30.63  30.16  30.63  1748800  30.63
2013-06-05  30.77  30.89  30.33  30.38  2120200  30.38
2013-06-04  30.79  31.14  30.62  30.94  3106200  30.94
2013-06-03  31.1  31.14  30.34  30.85  2676100  30.85
2013-05-31  31.47  31.59  30.99  31.0  1587500  31.0
2013-05-30  31.4  31.65  31.27  31.55  1972000  31.55
2013-05-29  31.15  31.34  30.89  31.3  2266200  31.3
2013-05-28  31.4  31.56  31.1  31.35  1807300  31.35
2013-05-24  30.98  31.17  30.83  31.07  1712100  31.07
2013-05-23  31.26  31.51  31.12  31.19  2295100  31.19
2013-05-22  31.56  31.9  31.4  31.54  4308500  31.54
2013-05-21  31.82  31.95  31.38  31.61  2079400  31.61
2013-05-20  32.01  32.02  31.7  31.83  2020600  31.83
2013-05-17  32.23  32.33  31.97  32.01  2299200  32.01
2013-05-16  32.28  32.37  32.03  32.22  1867600  32.22
2013-05-15  32.25  32.39  31.99  32.26  1668500  32.26
2013-05-14  31.63  32.32  31.56  32.26  4254300  32.26
2013-05-13  31.48  31.67  31.4  31.63  2303200  31.63
2013-05-10  31.49  31.58  31.26  31.5  1520700  31.5
2013-05-09  31.49  31.7  31.42  31.55  2280800  31.55
2013-05-08  31.64  31.72  31.43  31.49  3821700  31.49
2013-05-07  31.76  31.89  31.6  31.66  3289200  31.66
2013-05-06  31.81  31.84  31.53  31.69  3609500  31.69
2013-05-03  30.95  32.51  30.95  31.79  9451600  31.79
2013-05-02  30.53  30.82  30.28  30.38  3260600  30.38
2013-05-01  30.72  30.91  30.38  30.47  2217400  30.47
2013-04-30  30.67  31.17  30.65  30.72  2815000  30.72
2013-04-29  30.78  30.89  30.68  30.72  1100400  30.72
2013-04-26  31.04  31.1  30.73  30.73  1203800  30.73
2013-04-25  31.23  31.31  31.0  31.08  1100500  31.08
2013-04-24  30.74  31.27  30.69  31.19  1732700  31.19
2013-04-23  30.4  30.69  30.35  30.68  1631100  30.68
2013-04-22  30.1  30.2  29.86  30.11  1015100  30.11
2013-04-19  29.81  30.05  29.72  30.03  1624800  30.03
2013-04-18  30.36  30.43  29.52  29.62  3414200  29.62
2013-04-17  30.56  30.56  30.22  30.37  1953200  30.37
2013-04-16  30.26  30.73  30.08  30.73  1804700  30.73
2013-04-15  30.75  30.78  30.0  30.0  2365700  30.0
2013-04-12  31.03  31.14  30.75  30.86  1609600  30.86
2013-04-11  30.97  31.2  30.9  31.17  1430300  31.17
2013-04-10  30.77  30.9  30.53  30.89  1981400  30.89
2013-04-09  30.68  30.84  30.45  30.67  1693800  30.67
2013-04-08  30.29  30.62  30.24  30.6  1845600  30.6
2013-04-05  29.86  30.4  29.64  30.35  2151800  30.35
2013-04-04  30.14  30.29  29.96  30.16  2663000  30.16
2013-04-03  30.44  30.53  30.03  30.14  3136500  30.14
2013-04-02  30.03  30.49  29.99  30.39  2047300  30.39
2013-04-01  29.94  30.13  29.73  29.84  1623900  29.84
2013-03-28  29.95  30.0  29.76  29.89  2590000  29.89
2013-03-27  29.65  29.94  29.63  29.89  1117400  29.89
2013-03-26  30.01  30.04  29.76  29.84  1775500  29.84
2013-03-25  30.01  30.2  29.74  29.89  1536600  29.89
2013-03-22  29.88  29.97  29.71  29.84  1677000  29.84
2013-03-21  29.63  30.01  29.61  29.79  1957700  29.79
2013-03-20  29.84  30.0  29.72  29.81  3162100  29.81
2013-03-19  29.99  30.04  29.61  29.71  1946700  29.71
2013-03-18  29.57  30.01  29.56  29.87  2010000  29.87
2013-03-15  29.85  30.07  29.75  29.99  2915100  29.99
2013-03-14  29.78  30.0  29.71  29.96  2781000  29.96
2013-03-13  29.33  29.7  29.2  29.59  2448800  29.59
2013-03-12  29.22  29.39  29.18  29.36  1937400  29.36
2013-03-11  29.05  29.22  29.02  29.19  3061900  29.19
2013-03-08  29.11  29.28  28.92  29.12  2402500  29.12
2013-03-07  28.97  29.15  28.86  28.99  2052300  28.99
2013-03-06  29.03  29.12  28.87  28.93  2126400  28.93
2013-03-05  28.67  29.06  28.66  28.93  1621100  28.93
2013-03-04  28.3  28.53  28.17  28.51  1851400  28.51
2013-03-01  27.98  28.38  27.71  28.29  3228700  28.29
2013-02-28  28.25  28.4  28.12  28.12  2275200  28.12
2013-02-27  27.91  28.36  27.77  28.24  3011900  28.24
2013-02-26  27.79  27.98  27.56  27.9  3095600  27.9
2013-02-25  28.6  28.7  27.69  27.69  2141500  27.69
2013-02-22  28.13  28.52  28.13  28.46  2244000  28.46
2013-02-21  27.92  27.97  27.77  27.94  2540500  27.94
2013-02-20  28.25  28.34  27.97  28.01  2303000  28.01
2013-02-19  28.19  28.39  28.07  28.28  2803500  28.28
2013-02-15  27.84  28.23  27.79  28.15  3634600  28.15
2013-02-14  27.88  27.98  27.65  27.71  3246500  27.71
2013-02-13  27.86  28.11  27.83  27.9  1537600  27.9
2013-02-12  27.75  28.09  27.61  27.89  2320700  27.89
2013-02-11  27.73  28.02  27.72  27.79  2629700  27.79
2013-02-08  27.52  28.22  27.51  27.73  5390800  27.73
2013-02-07  27.37  27.46  26.9  27.33  2344200  27.33
2013-02-06  26.92  27.25  26.86  27.21  1790500  27.21
2013-02-05  26.97  27.17  26.93  27.05  2619800  27.05
2013-02-04  27.4  27.43  26.92  26.96  2478600  26.96
2013-02-01  27.35  27.66  27.15  27.56  1674000  27.56
2013-01-31  27.2  27.3  27.05  27.21  1717900  27.21
2013-01-30  27.14  27.39  27.01  27.2  2075800  27.2
2013-01-29  26.91  27.23  26.77  27.22  2086900  27.22
2013-01-28  27.3  27.3  26.87  26.91  2030300  26.91
2013-01-25  27.18  27.28  26.94  27.28  2251300  27.28
2013-01-24  27.11  27.26  26.99  27.04  1655700  27.04
2013-01-23  26.91  27.11  26.64  27.11  2352000  27.11
2013-01-22  26.74  27.15  26.74  26.98  2713200  26.98
2013-01-18  26.61  26.75  26.53  26.72  2256100  26.72
2013-01-17  26.39  26.62  26.23  26.5  2233900  26.5
2013-01-16  26.32  26.4  26.18  26.28  1614700  26.28
2013-01-15  25.83  26.37  25.78  26.36  2729800  26.36
2013-01-14  26.09  26.13  25.77  25.96  3080200  25.96
2013-01-11  26.1  26.17  25.95  26.12  1263000  26.12
2013-01-10  26.13  26.27  25.84  26.08  2685600  26.08
2013-01-09  25.45  26.05  25.39  25.96  2969500  25.96
2013-01-08  25.46  25.47  25.3  25.38  2504800  25.38
2013-01-07  25.39  25.65  25.3  25.5  1594800  25.5
2013-01-04  25.01  25.56  24.96  25.54  2302400  25.54
2013-01-03  24.92  25.13  24.84  24.92  3906300  24.92
2013-01-02  25.06  25.31  24.74  24.87  3494800  24.87
2012-12-31  24.23  24.6  24.12  24.6  2169300  24.6
2012-12-28  24.17  24.49  24.17  24.24  1257600  24.24
2012-12-27  24.3  24.44  24.03  24.34  1515200  24.34
2012-12-26  24.4  24.49  24.24  24.32  833900  24.32
2012-12-24  24.04  24.49  23.99  24.38  888600  24.38
2012-12-21  24.19  24.31  24.1  24.11  3974800  24.11
2012-12-20  24.38  24.53  24.24  24.43  2141800  24.43
2012-12-19  24.72  24.86  24.35  24.35  1894300  24.35
2012-12-18  24.38  24.64  24.33  24.62  1783000  24.62
2012-12-17  23.94  24.4  23.94  24.39  1380700  24.39
2012-12-14  23.9  24.03  23.66  23.85  2220500  23.85
2012-12-13  24.41  24.56  23.87  23.92  1916800  23.92
2012-12-12  24.55  24.72  24.43  24.45  1631900  24.45
2012-12-11  24.85  24.86  24.41  24.43  2786000  24.43
2012-12-10  24.48  24.81  24.34  24.76  1869400  24.76
2012-12-07  24.55  24.63  24.25  24.52  1484400  24.52
2012-12-06  24.39  24.54  24.23  24.47  1502400  24.47
2012-12-05  23.85  24.49  23.82  24.48  2338600  24.48
2012-12-04  23.79  23.92  23.63  23.79  1290800  23.79
2012-12-03  23.84  23.91  23.66  23.76  1252500  23.76
2012-11-30  23.63  23.89  23.56  23.78  1944200  23.78
2012-11-29  23.77  23.84  23.6  23.65  991800  23.65
2012-11-28  23.25  23.68  23.07  23.65  1121800  23.65
2012-11-27  23.56  23.63  23.35  23.36  1238900  23.36
2012-11-26  23.64  23.72  23.47  23.61  1179300  23.61
2012-11-23  23.59  23.81  23.55  23.81  404300  23.81
2012-11-21  23.46  23.63  23.35  23.61  1031100  23.61
2012-11-20  23.5  23.5  23.13  23.35  2135300  23.35
2012-11-19  23.42  23.6  23.3  23.58  1428200  23.58
2012-11-16  23.0  23.19  22.63  23.18  1797500  23.18
2012-11-15  23.0  23.21  22.79  23.0  1988500  23.0
2012-11-14  23.26  23.39  22.74  22.79  1735000  22.79
2012-11-13  23.28  23.59  23.15  23.21  1144900  23.21
2012-11-12  23.47  23.65  23.29  23.46  1095300  23.46
2012-11-09  23.39  23.74  23.18  23.46  1368900  23.46
2012-11-08  23.39  23.72  23.3  23.58  2580900  23.58
2012-11-07  23.77  23.8  23.27  23.39  2059300  23.39
2012-11-06  23.71  24.22  23.61  23.99  3441100  23.99
2012-11-05  22.99  23.77  22.96  23.67  2053300  23.67
2012-11-02  24.19  24.22  22.94  23.47  4868900  23.47
2012-11-01  24.17  24.55  23.95  24.11  2383700  24.11
2012-10-31  24.37  24.47  23.4  24.18  2766900  24.18
2012-10-26  24.46  24.51  23.98  24.21  1921900  24.21
2012-10-25  24.81  24.97  24.42  24.51  1552200  24.51
2012-10-24  24.75  24.82  24.56  24.6  1649300  24.6
2012-10-23  25.04  25.09  24.54  24.66  2625100  24.66
2012-10-22  24.81  24.99  24.64  24.98  1438400  24.98
2012-10-19  25.11  25.12  24.72  24.86  1932400  24.86
2012-10-18  24.91  25.2  24.82  25.18  2681600  25.18
2012-10-17  24.78  24.92  24.66  24.89  1586900  24.89
2012-10-16  24.85  24.96  24.64  24.66  2005900  24.66
2012-10-15  24.52  24.73  24.37  24.71  1452200  24.71
2012-10-12  24.7  24.75  24.23  24.42  1597700  24.42
2012-10-11  24.63  24.76  24.5  24.75  1885400  24.75
2012-10-10  24.31  24.55  24.29  24.49  2163000  24.49
2012-10-09  24.37  24.48  24.14  24.29  1834600  24.29
2012-10-08  24.24  24.48  24.14  24.38  1220900  24.38
2012-10-05  24.31  24.49  24.23  24.3  2179800  24.3
2012-10-04  24.16  24.42  24.11  24.15  2296400  24.15
2012-10-03  24.08  24.16  23.82  24.0  2268400  24.0
2012-10-02  24.13  24.23  23.73  23.99  2697600  23.99
2012-10-01  23.7  23.94  23.6  23.75  1809400  23.75
2012-09-28  23.46  23.62  23.27  23.49  1807200  23.49
2012-09-27  23.55  23.63  23.33  23.53  2494300  23.53
2012-09-26  23.43  23.54  23.33  23.4  2515100  23.4
2012-09-25  23.73  23.85  23.38  23.39  2176400  23.39
2012-09-24  23.56  23.84  23.54  23.62  1511200  23.62
2012-09-21  23.84  23.88  23.65  23.65  1696000  23.65
2012-09-20  23.55  23.73  23.44  23.73  1479500  23.73
2012-09-19  23.71  23.9  23.7  23.76  1899300  23.76
2012-09-18  23.84  23.87  23.6  23.72  2057600  23.72
2012-09-17  24.1  24.17  23.86  23.93  2279500  23.93
2012-09-14  24.33  24.33  23.9  24.12  2807500  24.12
2012-09-13  23.35  24.06  23.19  23.9  2992400  23.9
2012-09-12  23.34  23.49  23.2  23.28  2522300  23.28
2012-09-11  23.01  23.35  22.97  23.18  2913200  23.18
2012-09-10  23.15  23.31  23.03  23.11  1942900  23.11
2012-09-07  22.15  23.15  22.15  23.12  2656500  23.12
2012-09-06  22.55  22.85  22.5  22.83  2295800  22.83
2012-09-05  22.62  22.73  22.38  22.4  2187100  22.4
2012-09-04  22.47  22.63  22.43  22.61  1558900  22.61
2012-08-31  22.44  22.62  22.4  22.49  1749100  22.49
2012-08-30  22.29  22.4  22.17  22.32  1097000  22.32
2012-08-29  22.44  22.53  22.32  22.43  1068000  22.43
2012-08-28  22.45  22.6  22.38  22.45  1385800  22.45
2012-08-27  22.62  22.7  22.49  22.57  1495100  22.57
2012-08-24  22.44  22.64  22.4  22.6  1999600  22.6
2012-08-23  22.65  22.67  22.4  22.47  2152000  22.47
2012-08-22  22.74  22.8  22.59  22.63  2191500  22.63
2012-08-21  22.82  22.87  22.67  22.74  2529900  22.74
2012-08-20  22.71  22.79  22.51  22.77  2356100  22.77
2012-08-17  22.84  22.9  22.72  22.82  1757200  22.82
2012-08-16  22.57  22.87  22.48  22.83  2795600  22.83
2012-08-15  22.38  22.55  22.34  22.52  2494900  22.52
2012-08-14  22.27  22.44  22.25  22.44  2992200  22.44
2012-08-13  22.32  22.47  22.06  22.11  3794300  22.11
2012-08-10  22.38  22.45  22.15  22.36  2340400  22.36
2012-08-09  22.21  22.55  22.21  22.47  3242200  22.47
2012-08-08  21.55  22.73  21.55  22.16  7418700  22.16
2012-08-07  20.71  21.0  20.71  20.79  2486600  20.79
2012-08-06  20.72  20.9  20.65  20.71  3179100  20.71
2012-08-03  20.41  20.76  20.35  20.63  3381200  20.63
2012-08-02  19.96  20.26  19.94  20.12  3693600  20.12
2012-08-01  20.25  20.27  19.95  20.14  3086000  20.14
2012-07-31  20.34  20.4  20.09  20.09  2371700  20.09
2012-07-30  20.25  20.5  20.18  20.41  2692400  20.41
2012-07-27  20.21  20.43  19.97  20.31  4058900  20.31
2012-07-26  20.33  20.53  19.85  20.0  4030400  20.0
2012-07-25  19.86  20.18  19.81  20.0  2447900  20.0
2012-07-24  19.9  19.91  19.43  19.73  3026000  19.73
2012-07-23  19.5  19.99  19.37  19.92  3133100  19.92
2012-07-20  20.1  20.13  19.81  19.86  2138100  19.86
2012-07-19  20.32  20.38  20.05  20.28  2569000  20.28
2012-07-18  20.08  20.56  20.06  20.31  4318900  20.31
2012-07-17  19.94  20.19  19.87  20.16  3459100  20.16
2012-07-16  19.97  20.07  19.84  19.89  2629200  19.89
2012-07-13  19.74  20.06  19.74  19.9  2445100  19.9
2012-07-12  19.92  19.92  19.63  19.74  2346100  19.74
2012-07-11  19.87  20.23  19.87  20.03  3605100  20.03
2012-07-10  20.02  20.26  19.85  19.94  2270500  19.94
2012-07-09  20.2  20.26  19.9  20.03  2152400  20.03
2012-07-06  20.09  20.32  20.07  20.27  2354900  20.27
2012-07-05  20.51  20.55  20.34  20.38  2197800  20.38
2012-07-03  20.45  20.81  20.44  20.6  1450100  20.6
2012-07-02  20.54  20.69  20.37  20.51  2599700  20.51
2012-06-29  20.38  20.54  20.17  20.47  3321400  20.47
2012-06-28  19.57  19.95  19.51  19.94  2786100  19.94
2012-06-27  19.37  19.78  19.28  19.75  2033000  19.75
2012-06-26  19.25  19.44  19.16  19.28  1846900  19.28
2012-06-25  19.31  19.32  19.01  19.18  2531000  19.18
2012-06-22  19.64  19.72  19.44  19.57  1786900  19.57
2012-06-21  20.0  20.05  19.43  19.49  2611900  19.49
2012-06-20  19.78  20.0  19.62  19.93  2110400  19.93
2012-06-19  19.64  19.99  19.54  19.73  3132200  19.73
2012-06-18  19.67  19.82  19.44  19.53  2341100  19.53
2012-06-15  19.81  19.9  19.58  19.8  2460000  19.8
2012-06-14  19.55  19.85  19.52  19.72  2596900  19.72
2012-06-13  19.58  19.75  19.46  19.58  3836100  19.58
2012-06-12  19.41  19.74  19.34  19.63  2908700  19.63
2012-06-11  19.91  19.93  19.39  19.4  2716800  19.4
2012-06-08  19.58  19.78  19.45  19.73  2464400  19.73
2012-06-07  19.98  20.1  19.66  19.7  3652300  19.7
2012-06-06  19.31  19.77  19.25  19.77  2814200  19.77
2012-06-05  18.89  19.16  18.89  19.12  2377800  19.12
2012-06-04  19.16  19.28  18.93  18.97  3440600  18.97
2012-06-01  19.4  19.45  19.03  19.06  4275900  19.06
2012-05-31  19.43  19.87  19.22  19.76  4107000  19.76
2012-05-30  19.71  19.79  19.34  19.39  3586300  19.39
2012-05-29  19.79  20.01  19.73  19.9  2969700  19.9
2012-05-25  19.74  19.85  19.5  19.6  3392400  19.6
2012-05-24  19.9  19.93  19.57  19.78  2743600  19.78
2012-05-23  19.57  19.84  19.28  19.78  3442200  19.78
2012-05-22  19.78  19.91  19.51  19.7  4149300  19.7
2012-05-21  19.46  19.78  19.44  19.67  6087800  19.67
2012-05-18  20.0  20.05  19.64  19.69  3936000  19.69
2012-05-17  20.54  20.55  19.94  19.94  4011900  19.94
2012-05-16  21.01  21.19  20.56  20.56  3527000  20.56
2012-05-15  21.05  21.25  20.86  20.93  2459900  20.93
2012-05-14  21.19  21.32  21.01  21.07  3170000  21.07
2012-05-11  21.17  21.81  21.04  21.4  7279500  21.4
2012-05-10  21.81  21.85  21.32  21.38  3903500  21.38
2012-05-09  20.67  21.91  20.67  21.53  9897500  21.53
2012-05-08  20.35  20.8  20.34  20.64  5177100  20.64
2012-05-07  20.39  20.61  20.28  20.53  2769500  20.53
2012-05-04  20.53  20.61  20.31  20.46  2887700  20.46
2012-05-03  20.95  21.1  20.65  20.65  3149000  20.65
2012-05-02  20.92  20.99  20.72  20.9  2037200  20.9
2012-05-01  20.83  21.31  20.82  21.09  2374000  21.09
2012-04-30  20.94  21.12  20.78  20.81  1618700  20.81
2012-04-27  21.4  21.45  20.82  21.02  2774900  21.02
2012-04-26  20.88  21.36  20.74  21.35  3091200  21.35
2012-04-25  20.73  20.99  20.56  20.94  2912700  20.94
2012-04-24  20.37  20.6  20.36  20.57  1436200  20.57
2012-04-23  20.38  20.54  20.23  20.35  2635400  20.35
2012-04-20  20.77  20.9  20.59  20.69  2886100  20.69
2012-04-19  20.28  20.76  20.26  20.68  3592100  20.68
2012-04-18  20.3  20.31  20.1  20.21  1710900  20.21
2012-04-17  20.66  20.71  20.37  20.4  2647100  20.4
2012-04-16  20.31  20.56  20.15  20.53  2549000  20.53
2012-04-13  20.74  20.74  20.14  20.14  2547000  20.14
2012-04-12  20.55  20.8  20.48  20.78  1919800  20.78
2012-04-11  20.55  20.55  20.36  20.5  2822400  20.5
2012-04-10  20.56  20.58  20.17  20.31  4350100  20.31
2012-04-09  20.66  20.68  20.52  20.62  1852900  20.62
2012-04-05  20.55  20.98  20.55  20.96  2474700  20.96
2012-04-04  20.6  20.8  20.5  20.65  3566500  20.65
2012-04-03  21.12  21.13  20.67  20.84  4900100  20.84
2012-04-02  20.9  21.28  20.8  21.2  3196200  21.2
2012-03-30  20.94  21.11  20.78  20.99  3818000  20.99
2012-03-29  20.56  20.77  20.51  20.71  1698100  20.71
2012-03-28  20.64  20.8  20.46  20.77  2810700  20.77
2012-03-27  20.95  20.96  20.61  20.62  2243700  20.62
2012-03-26  20.71  20.97  20.61  20.97  2430800  20.97
2012-03-23  20.18  20.51  20.11  20.45  4512200  20.45
2012-03-22  20.32  20.36  20.08  20.15  4132200  20.15
2012-03-21  20.88  20.9  20.5  20.5  3824800  20.5
2012-03-20  20.74  21.05  20.68  20.82  3093500  20.82
2012-03-19  21.2  21.21  20.83  20.87  3892200  20.87
2012-03-16  21.23  21.3  21.04  21.16  4000200  21.16
2012-03-15  21.08  21.2  20.97  21.17  2301300  21.17
2012-03-14  21.09  21.32  20.99  21.06  2484200  21.06
2012-03-13  20.58  21.08  20.49  21.06  3747200  21.06
2012-03-12  20.39  20.6  20.37  20.46  1780000  20.46
2012-03-09  20.41  20.67  20.36  20.43  4304600  20.43
2012-03-08  19.95  20.26  19.87  20.22  6354700  20.22
2012-03-07  19.52  19.84  19.43  19.83  3664300  19.83
2012-03-06  19.83  19.86  19.4  19.46  3940800  19.46
2012-03-05  20.15  20.28  20.04  20.08  2470600  20.08
2012-03-02  20.13  20.28  20.11  20.23  3193300  20.23
2012-03-01  20.07  20.31  20.04  20.19  4254700  20.19
2012-02-29  19.92  20.12  19.87  20.02  5906800  20.02
2012-02-28  19.69  19.87  19.47  19.84  4281200  19.84
2012-02-27  19.17  19.78  19.17  19.56  3992600  19.56
2012-02-24  19.46  19.68  19.29  19.33  3263800  19.33
2012-02-23  19.25  19.75  19.22  19.46  3739000  19.46
2012-02-22  19.49  19.54  19.27  19.3  4299600  19.3
2012-02-21  19.31  19.51  19.28  19.5  3069800  19.5
2012-02-17  19.28  19.37  19.05  19.2  3171000  19.2
2012-02-16  18.78  19.34  18.73  19.21  5643900  19.21
2012-02-15  18.67  18.78  18.46  18.78  5079000  18.78
2012-02-14  18.2  18.62  18.16  18.59  6290600  18.59
2012-02-13  18.61  18.74  18.17  18.35  13190100  18.35
2012-02-10  19.45  19.45  18.43  18.55  20227100  18.55
2012-02-09  20.21  20.45  19.92  20.23  3413800  20.23
2012-02-08  20.41  20.62  20.18  20.19  3330200  20.19
2012-02-07  20.07  20.5  19.93  20.44  2603700  20.44
2012-02-06  20.09  20.33  20.02  20.2  1521200  20.2
2012-02-03  20.56  20.6  20.14  20.23  4806100  20.23
2012-02-02  20.21  20.41  20.11  20.31  4870300  20.31
2012-02-01  19.7  20.28  19.7  20.13  3682600  20.13
2012-01-31  19.42  19.6  19.26  19.51  3191900  19.51
2012-01-30  19.3  19.37  19.11  19.28  2297900  19.28
2012-01-27  19.73  19.8  19.32  19.54  3522300  19.54
2012-01-26  20.01  20.02  19.77  19.89  2519600  19.89
2012-01-25  19.58  19.99  19.55  19.96  2729200  19.96
2012-01-24  19.55  19.75  19.41  19.66  1755500  19.66
2012-01-23  19.65  19.95  19.53  19.73  2079700  19.73
2012-01-20  19.12  19.76  19.12  19.63  6695100  19.63
2012-01-19  19.44  19.55  19.13  19.17  7198400  19.17
2012-01-18  19.31  19.35  19.16  19.31  3466400  19.31
2012-01-17  19.24  19.76  19.11  19.37  4008800  19.37
2012-01-13  19.56  19.67  19.24  19.5  3201000  19.5
2012-01-12  19.55  19.81  19.42  19.8  4218300  19.8
2012-01-11  19.37  19.49  19.3  19.48  2663800  19.48
2012-01-10  19.4  19.58  19.26  19.53  3116700  19.53
2012-01-09  18.66  19.08  18.63  19.05  3796600  19.05
2012-01-06  19.1  19.38  18.93  19.19  2868900  19.19
2012-01-05  18.87  19.09  18.53  19.06  3889900  19.06
2012-01-04  19.29  19.36  18.97  18.98  3384600  18.98
2012-01-03  19.5  19.65  19.35  19.43  3699400  19.43
2011-12-30  19.2  19.24  19.03  19.03  1399900  19.03
2011-12-29  19.05  19.34  19.02  19.19  1728300  19.19
2011-12-28  19.4  19.43  18.97  18.98  1724600  18.98
2011-12-27  19.49  19.69  19.4  19.42  1345700  19.42
2011-12-23  19.41  19.59  19.34  19.51  1546600  19.51
2011-12-22  18.99  19.4  18.91  19.36  3378400  19.36
2011-12-21  18.95  18.99  18.62  18.85  3839900  18.85
2011-12-20  18.86  18.95  18.7  18.9  3732300  18.9
2011-12-19  18.97  19.03  18.44  18.49  2883200  18.49
2011-12-16  19.23  19.34  18.91  18.93  3303700  18.93
2011-12-15  19.12  19.27  18.95  19.05  2562700  19.05
2011-12-14  18.64  19.06  18.64  18.77  2745400  18.77
2011-12-13  19.19  19.37  18.63  18.79  3011600  18.79
2011-12-12  19.36  19.43  18.92  19.09  3406000  19.09
2011-12-09  19.76  19.88  19.5  19.68  3528300  19.68
2011-12-08  20.1  20.11  19.51  19.57  3521800  19.57
2011-12-07  20.24  20.43  19.85  20.32  3015600  20.32
2011-12-06  20.04  20.41  19.93  20.3  2915700  20.3
2011-12-05  20.21  20.27  19.88  20.07  3630600  20.07
2011-12-02  19.86  20.24  19.78  19.86  4937100  19.86
2011-12-01  19.64  19.86  19.49  19.65  3414900  19.65
2011-11-30  19.37  19.77  19.09  19.74  5329500  19.74
2011-11-29  18.7  18.79  18.46  18.63  2012400  18.63
2011-11-28  18.67  18.86  18.42  18.59  4188800  18.59
2011-11-25  17.89  18.54  17.85  18.11  1686200  18.11
2011-11-23  18.47  18.57  17.98  17.98  2738500  17.98
2011-11-22  18.64  18.95  18.55  18.66  2804100  18.66
2011-11-21  18.62  18.81  18.26  18.69  4891200  18.69
2011-11-18  18.99  19.04  18.7  19.01  3815700  19.01
2011-11-17  19.19  19.33  18.67  18.8  4178100  18.8
2011-11-16  19.7  19.8  19.25  19.26  3276800  19.26
2011-11-15  19.98  20.3  19.81  19.91  4173200  19.91
2011-11-14  20.21  20.26  19.91  19.99  3279500  19.99
2011-11-11  20.11  20.42  19.96  20.3  2702100  20.3
2011-11-10  19.93  20.06  19.39  19.82  4603400  19.82
2011-11-09  20.33  20.33  19.48  19.56  4800100  19.56
2011-11-08  20.71  20.98  20.58  20.94  3108500  20.94
2011-11-07  20.42  20.62  20.15  20.61  1902400  20.61
2011-11-04  20.31  20.56  20.1  20.4  3895800  20.4
2011-11-03  20.48  20.71  19.99  20.62  5223600  20.62
2011-11-02  20.45  20.8  19.93  20.27  9258800  20.27
2011-11-01  20.22  20.6  20.02  20.04  4957200  20.04
2011-10-31  21.19  21.34  20.81  20.81  4806300  20.81
2011-10-28  21.7  21.81  21.4  21.6  3890100  21.6
2011-10-27  21.87  22.02  21.48  21.81  5484000  21.81
2011-10-26  21.13  21.36  20.67  21.0  7690200  21.0
2011-10-25  21.64  21.64  20.81  20.89  6182200  20.89
2011-10-24  20.98  21.8  20.82  21.78  6903300  21.78
2011-10-21  19.96  20.63  19.95  20.62  6046000  20.62
2011-10-20  18.99  19.79  18.99  19.68  4647900  19.68
2011-10-19  18.89  19.36  18.72  19.06  3822600  19.06
2011-10-18  18.21  19.09  18.03  18.89  6675400  18.89
2011-10-17  18.72  18.79  18.11  18.15  3945100  18.15
2011-10-14  18.93  19.01  18.52  18.91  2693900  18.91
2011-10-13  18.71  18.78  18.36  18.63  3282300  18.63
2011-10-12  18.91  19.28  18.82  18.96  3709900  18.96
2011-10-11  18.65  18.87  18.49  18.66  2695000  18.66
2011-10-10  18.33  18.75  18.33  18.75  2249500  18.75
2011-10-07  18.71  18.71  17.93  17.96  3401800  17.96
2011-10-06  17.96  18.56  17.81  18.54  3758100  18.54
2011-10-05  17.87  18.15  17.47  17.98  3708900  17.98
2011-10-04  17.15  17.89  16.93  17.84  6290300  17.84
2011-10-03  17.85  18.05  17.1  17.39  6039100  17.39
2011-09-30  18.23  18.47  17.98  18.0  5763500  18.0
2011-09-29  18.46  18.84  18.06  18.5  3709600  18.5
2011-09-28  18.66  18.84  18.02  18.04  3799800  18.04
2011-09-27  18.59  19.21  18.46  18.68  5734400  18.68
2011-09-26  17.83  18.21  17.48  18.18  3142900  18.18
2011-09-23  17.42  17.81  17.33  17.58  4490800  17.58
2011-09-22  17.65  18.05  17.42  17.65  6507400  17.65
2011-09-21  18.98  19.17  18.21  18.22  3252200  18.22
2011-09-20  19.11  19.52  18.98  18.99  2873300  18.99
2011-09-19  18.7  19.18  18.63  19.03  3035600  19.03
2011-09-16  19.21  19.41  18.9  19.18  4154700  19.18
2011-09-15  18.81  19.03  18.59  19.02  2481500  19.02
2011-09-14  18.88  19.0  18.24  18.66  3799900  18.66
2011-09-13  18.6  18.78  18.41  18.67  3062000  18.67
2011-09-12  18.03  18.51  17.81  18.49  4352000  18.49
2011-09-09  18.67  18.89  18.17  18.32  4200600  18.32
2011-09-08  18.94  19.36  18.92  18.98  2211300  18.98
2011-09-07  18.77  19.28  18.65  19.27  3038400  19.27
2011-09-06  17.93  18.48  17.89  18.44  3769500  18.44
2011-09-02  18.93  19.07  18.62  18.62  3359200  18.62
2011-09-01  20.0  20.09  19.43  19.43  3240700  19.43
2011-08-31  19.67  20.0  19.57  19.81  5789000  19.81
2011-08-30  19.45  19.7  19.15  19.53  3998000  19.53
2011-08-29  18.72  19.69  18.72  19.61  3991800  19.61
2011-08-26  17.78  18.53  17.49  18.34  3813300  18.34
2011-08-25  18.82  19.01  17.9  17.94  5867300  17.94
2011-08-24  18.44  18.91  18.29  18.61  3676100  18.61
2011-08-23  17.9  18.52  17.82  18.5  4300100  18.5
2011-08-22  18.28  18.3  17.73  17.9  4464200  17.9
2011-08-19  17.65  18.25  17.56  17.86  7941600  17.86
2011-08-18  18.0  18.29  17.7  17.87  8491100  17.87
2011-08-17  18.71  18.91  18.49  18.69  5885800  18.69
2011-08-16  18.81  19.04  18.52  18.57  5149500  18.57
2011-08-15  18.56  19.14  18.51  19.1  4125900  19.1
2011-08-12  18.87  19.09  18.2  18.31  5236500  18.31
2011-08-11  17.96  19.0  17.77  18.61  10105700  18.61
2011-08-10  18.05  18.68  17.84  17.88  7504900  17.88
2011-08-09  17.84  18.83  17.35  18.8  9775700  18.8
2011-08-08  18.56  18.91  17.08  17.51  9510300  17.51
2011-08-05  19.67  19.8  18.65  19.0  6846900  19.0
2011-08-04  20.38  20.63  19.34  19.35  7384800  19.35
2011-08-03  20.44  20.82  20.01  20.72  12904600  20.72
2011-08-02  19.31  19.7  19.06  19.06  6054700  19.06
2011-08-01  19.77  19.92  19.21  19.47  3664200  19.47
2011-07-29  19.59  19.92  19.45  19.53  3962300  19.53
2011-07-28  20.27  20.35  19.63  19.7  8721200  19.7
2011-07-27  20.47  20.77  20.17  20.21  6346600  20.21
2011-07-26  20.16  20.75  20.16  20.6  6036900  20.6
2011-07-25  20.32  20.42  20.2  20.29  3031500  20.29
2011-07-22  20.48  20.62  20.21  20.53  2359900  20.53
2011-07-21  20.37  20.82  20.28  20.4  5104400  20.4
2011-07-20  20.13  20.43  19.94  20.24  6256500  20.24
2011-07-19  19.89  20.07  19.86  20.02  3048300  20.02
2011-07-18  20.07  20.14  19.54  19.81  2741400  19.81
2011-07-15  20.39  20.44  20.04  20.17  2360900  20.17
2011-07-14  20.59  20.66  20.2  20.28  2596100  20.28
2011-07-13  20.54  20.86  20.38  20.49  3088100  20.49
2011-07-12  20.43  20.76  20.33  20.37  3632300  20.37
2011-07-11  20.74  20.93  20.34  20.44  4042500  20.44
2011-07-08  21.08  21.13  20.85  21.05  2593300  21.05
2011-07-07  21.39  21.56  21.26  21.43  2504500  21.43
2011-07-06  20.9  21.23  20.69  21.2  4997600  21.2
2011-07-05  21.2  21.23  20.86  21.02  2072300  21.02
2011-07-01  20.96  21.26  20.82  21.23  2302900  21.23
2011-06-30  20.92  20.99  20.71  20.92  2638000  20.92
2011-06-29  20.6  20.94  20.42  20.84  3975200  20.84
2011-06-28  20.49  20.58  20.33  20.46  2805200  20.46
2011-06-27  20.2  20.59  20.19  20.39  6147200  20.39
2011-06-24  20.53  20.53  20.13  20.16  7641100  20.16
2011-06-23  20.14  20.56  19.95  20.49  5519800  20.49
2011-06-22  20.48  20.77  20.37  20.48  4206800  20.48
2011-06-21  20.44  20.69  20.35  20.52  3018600  20.52
2011-06-20  20.19  20.48  20.11  20.32  3910500  20.32
2011-06-17  20.45  20.58  20.12  20.29  4882000  20.29
2011-06-16  20.14  20.4  19.92  20.22  3986600  20.22
2011-06-15  20.34  20.37  19.9  20.11  5799500  20.11
2011-06-14  20.22  20.81  20.18  20.6  6996700  20.6
2011-06-13  19.93  20.36  19.9  19.93  5307900  19.93
2011-06-10  19.98  20.0  19.44  19.76  5370900  19.76
2011-06-09  19.74  20.24  19.71  20.1  6533700  20.1
2011-06-08  20.24  20.27  19.65  19.67  6649300  19.67
2011-06-07  20.98  21.17  20.09  20.23  12927500  20.23
2011-06-06  21.24  21.29  20.81  20.84  3559900  20.84
2011-06-03  21.32  21.57  21.18  21.25  3961600  21.25
2011-06-02  21.75  21.85  21.37  21.64  2826600  21.64
2011-06-01  22.32  22.45  21.66  21.68  5356100  21.68
2011-05-31  22.23  22.44  22.08  22.4  4937800  22.4
2011-05-27  22.0  22.12  21.91  21.98  2477100  21.98
2011-05-26  21.7  22.12  21.62  21.96  2513400  21.96
2011-05-25  21.82  21.98  21.69  21.82  3861400  21.82
2011-05-24  22.05  22.36  22.01  22.01  3854400  22.01
2011-05-23  21.97  22.19  21.81  22.15  3250600  22.15
2011-05-20  22.44  22.52  22.25  22.29  2963500  22.29
2011-05-19  22.19  22.5  22.03  22.48  2982600  22.48
2011-05-18  21.84  22.15  21.71  22.13  1885500  22.13
2011-05-17  21.63  21.85  21.53  21.84  2545200  21.84
2011-05-16  21.64  22.03  21.59  21.73  2757100  21.73
2011-05-13  22.12  22.23  21.69  21.78  3699000  21.78
2011-05-12  22.33  22.33  21.91  22.14  5559200  22.14
2011-05-11  22.69  22.74  22.2  22.41  3310500  22.41
2011-05-10  22.33  23.02  22.33  22.79  3785200  22.79
2011-05-09  22.46  22.53  22.03  22.24  3506500  22.24
2011-05-06  22.41  22.61  22.07  22.2  3114200  22.2
2011-05-05  22.24  22.58  21.93  22.11  4797600  22.11
2011-05-04  22.66  22.89  22.21  22.34  4397400  22.34
2011-05-03  23.0  23.23  22.6  22.92  3772000  22.92
2011-05-02  23.3  23.5  22.97  23.05  3041000  23.05
2011-04-29  23.21  23.34  22.93  23.12  2653700  23.12
2011-04-28  22.7  23.43  22.67  23.3  3977300  23.3
2011-04-27  22.82  22.86  22.56  22.7  3777200  22.7
2011-04-26  22.7  23.15  22.62  22.82  2600000  22.82
2011-04-25  22.81  22.91  22.52  22.56  2153000  22.56
2011-04-21  22.7  23.13  22.51  22.91  3461500  22.91
2011-04-20  22.75  22.89  22.32  22.59  6692300  22.59
2011-04-19  22.5  22.64  22.33  22.42  3239900  22.42
2011-04-18  22.82  22.84  22.29  22.42  5072000  22.42
2011-04-15  23.22  23.33  23.06  23.17  2672300  23.17
2011-04-14  23.27  23.3  22.82  23.08  4268500  23.08
2011-04-13  23.66  23.66  23.29  23.41  5059000  23.41
2011-04-12  23.55  23.59  23.3  23.51  4526200  23.51
2011-04-11  23.85  23.91  23.56  23.65  4814000  23.65
2011-04-08  23.9  24.0  23.7  23.85  2627200  23.85
2011-04-07  23.32  24.05  23.32  23.81  4381300  23.81
2011-04-06  23.78  23.82  23.39  23.44  3617100  23.44
2011-04-05  23.62  24.02  23.55  23.7  4086400  23.7
2011-04-04  23.58  24.08  23.53  23.67  5062900  23.67
2011-04-01  23.73  23.73  23.26  23.46  5930100  23.46
2011-03-31  22.36  23.5  22.31  23.29  6487400  23.29
2011-03-30  22.66  22.71  22.38  22.39  3637000  22.39
2011-03-29  22.43  22.72  22.19  22.57  4457700  22.57
2011-03-28  21.95  22.32  21.93  22.11  2629800  22.11
2011-03-25  21.81  22.02  21.69  21.89  2371600  21.89
2011-03-24  21.68  21.83  21.35  21.72  2368900  21.72
2011-03-23  21.39  21.62  21.1  21.53  2611900  21.53
2011-03-22  21.52  21.59  21.29  21.53  3736800  21.53
2011-03-21  21.16  21.57  21.07  21.51  2693400  21.51
2011-03-18  21.11  21.15  20.69  20.8  4517100  20.8
2011-03-17  21.11  21.11  20.44  20.76  3685000  20.76
2011-03-16  21.06  21.16  20.45  20.65  6492100  20.65
2011-03-15  20.37  21.2  20.33  21.07  6580700  21.07
2011-03-14  20.79  21.32  20.7  21.04  4802600  21.04
2011-03-11  20.82  21.13  20.05  21.04  7752200  21.04
2011-03-10  21.29  21.67  20.92  21.05  4424200  21.05
2011-03-09  21.8  21.92  21.5  21.64  3196900  21.64
2011-03-08  21.55  21.96  21.43  21.86  2227300  21.86
2011-03-07  21.72  21.95  21.27  21.47  2311000  21.47
2011-03-04  21.76  21.78  21.47  21.62  3114800  21.62
2011-03-03  21.66  21.9  21.5  21.77  3762800  21.77
2011-03-02  21.11  21.19  20.76  21.06  2860300  21.06
2011-03-01  22.1  22.1  21.01  21.12  5739800  21.12
2011-02-28  22.08  22.18  21.8  22.0  3714100  22.0
2011-02-25  21.73  22.12  21.67  21.94  3257800  21.94
2011-02-24  22.03  22.05  21.24  21.64  5436800  21.64
2011-02-23  22.37  22.48  22.02  22.07  5712200  22.07
2011-02-22  22.86  23.03  22.08  22.43  7840800  22.43
2011-02-18  22.1  23.24  21.99  23.23  7118700  23.23
2011-02-17  21.64  22.09  21.63  22.05  1583100  22.05
2011-02-16  21.57  21.78  21.57  21.71  2007000  21.71
2011-02-15  21.56  21.75  21.5  21.51  2238100  21.51
2011-02-14  21.9  21.95  21.58  21.64  2039000  21.64
2011-02-11  21.79  22.14  21.65  21.9  2463600  21.9
2011-02-10  21.91  22.04  21.69  21.86  2335300  21.86
2011-02-09  22.24  22.34  21.82  22.06  4773600  22.06
2011-02-08  22.22  22.35  22.09  22.32  2690400  22.32
2011-02-07  22.14  22.51  22.14  22.24  2686900  22.24
2011-02-04  21.87  22.15  21.78  22.09  2253000  22.09
2011-02-03  21.58  21.94  21.48  21.88  2958900  21.88
2011-02-02  21.79  21.86  21.62  21.65  4000800  21.65
2011-02-01  21.74  21.96  21.64  21.94  4623200  21.94
2011-01-31  21.53  21.81  21.41  21.6  2971200  21.6
2011-01-28  22.04  22.06  21.35  21.49  4798500  21.49
2011-01-27  21.77  22.06  21.6  22.06  1964700  22.06
2011-01-26  21.73  21.85  21.64  21.75  3683900  21.75
2011-01-25  21.61  21.9  21.6  21.69  3912700  21.69
2011-01-24  21.41  21.84  21.33  21.64  4448900  21.64
2011-01-21  21.57  21.57  21.29  21.38  5823100  21.38
2011-01-20  21.86  22.0  21.37  21.38  5464800  21.38
2011-01-19  22.16  22.18  21.84  21.92  5222200  21.92
2011-01-18  22.17  22.32  22.06  22.25  4153500  22.25
2011-01-14  21.54  22.31  21.54  22.21  7285800  22.21
2011-01-13  20.95  21.66  20.95  21.63  7398600  21.63
2011-01-12  21.04  21.15  20.9  20.99  7056900  20.99
2011-01-11  20.95  20.95  20.8  20.89  6456500  20.89
2011-01-10  20.72  20.96  20.57  20.86  3721700  20.86
2011-01-07  20.92  20.92  20.72  20.84  3849700  20.84
2011-01-06  20.85  20.93  20.79  20.88  6792000  20.88
2011-01-05  20.72  20.96  20.65  20.89  8310900  20.89
2011-01-04  20.84  21.02  20.63  20.78  4336800  20.78
2011-01-03  20.78  21.0  20.72  20.88  5372100  20.88
2010-12-31  20.59  20.7  20.53  20.56  1440400  20.56
2010-12-30  20.64  20.78  20.57  20.65  1688100  20.65
2010-12-29  20.78  20.81  20.64  20.72  1348600  20.72
2010-12-28  20.85  20.92  20.64  20.76  2455100  20.76
2010-12-27  20.57  21.0  20.57  20.92  2475100  20.92
2010-12-23  20.69  20.76  20.59  20.64  2258400  20.64
2010-12-22  20.41  20.7  20.39  20.68  3332000  20.68
2010-12-21  20.46  20.58  20.28  20.35  4869800  20.35
2010-12-20  20.51  20.57  20.29  20.37  3391400  20.37
2010-12-17  20.37  20.8  20.32  20.45  8691300  20.45
2010-12-16  19.7  20.38  19.61  20.37  5861600  20.37
2010-12-15  19.49  19.72  19.38  19.69  6617400  19.69
2010-12-14  19.94  19.94  19.5  19.55  3449400  19.55
2010-12-13  19.95  19.98  19.62  19.86  2768300  19.86
2010-12-10  19.7  19.85  19.65  19.8  2179100  19.8
2010-12-09  19.51  19.77  19.39  19.64  3351500  19.64
2010-12-08  19.34  19.53  19.25  19.36  4213600  19.36
2010-12-07  19.34  19.5  19.23  19.34  4976100  19.34
2010-12-06  19.18  19.23  19.06  19.15  1575900  19.15
2010-12-03  19.21  19.32  19.05  19.27  1687000  19.27
2010-12-02  18.99  19.36  18.96  19.34  2962500  19.34
2010-12-01  18.73  19.0  18.66  18.91  3741100  18.91
2010-11-30  18.46  18.66  18.35  18.44  2802900  18.44
2010-11-29  18.34  18.68  18.29  18.61  2763900  18.61
2010-11-26  18.42  18.78  18.15  18.52  1473900  18.52
2010-11-24  18.54  18.63  18.31  18.54  7494500  18.54
2010-11-23  18.46  18.57  18.33  18.44  2446000  18.44
2010-11-22  18.81  18.81  18.57  18.73  2549900  18.73
2010-11-19  18.91  19.06  18.75  18.92  2795200  18.92
2010-11-18  18.52  18.99  18.51  18.94  3405900  18.94
2010-11-17  18.45  18.48  18.28  18.33  5794500  18.33
2010-11-16  18.75  18.86  18.4  18.48  5105900  18.48
2010-11-15  18.96  19.23  18.85  18.85  2593700  18.85
2010-11-12  19.22  19.37  18.86  18.88  3744900  18.88
2010-11-11  19.41  19.47  19.09  19.4  3209100  19.4
2010-11-10  19.63  19.74  19.41  19.64  4865000  19.64
2010-11-09  19.73  19.87  19.56  19.64  8068200  19.64
2010-11-08  19.41  19.81  19.28  19.72  7873500  19.72
2010-11-05  19.78  19.78  19.19  19.51  8402100  19.51
2010-11-04  19.46  19.85  19.14  19.82  5645600  19.82
2010-11-03  19.78  19.92  19.02  19.23  10288500  19.23
2010-11-02  19.87  19.87  19.48  19.71  4722300  19.71
2010-11-01  20.01  20.22  19.44  19.62  5430000  19.62
2010-10-29  19.95  20.06  19.63  19.83  5157300  19.83
2010-10-28  20.45  20.56  19.82  19.97  3740000  19.97
2010-10-27  20.37  20.49  20.11  20.39  3322300  20.39
2010-10-26  20.58  20.74  20.4  20.58  2669900  20.58
2010-10-25  20.71  21.08  20.69  20.7  2981000  20.7
2010-10-22  20.42  20.61  20.3  20.61  2776800  20.61
2010-10-21  20.65  20.8  20.22  20.27  4003100  20.27
2010-10-20  20.33  20.7  20.22  20.54  4433500  20.54
2010-10-19  20.47  20.65  20.06  20.24  4773600  20.24
2010-10-18  20.71  20.92  20.67  20.75  3941500  20.75
2010-10-15  20.9  20.97  20.37  20.67  5112600  20.67
2010-10-14  20.78  20.97  20.45  20.72  4453400  20.72
2010-10-13  20.93  21.12  20.77  20.82  4196900  20.82
2010-10-12  20.65  20.91  20.44  20.84  3681000  20.84
2010-10-11  20.77  20.87  20.64  20.75  1772300  20.75
2010-10-08  20.49  20.81  20.36  20.71  2286500  20.71
2010-10-07  20.37  20.6  20.26  20.49  2564200  20.49
2010-10-06  20.79  20.85  20.35  20.36  5325100  20.36
2010-10-05  20.32  20.86  20.09  20.78  5932900  20.78
2010-10-04  19.91  20.4  19.85  20.14  5238400  20.14
2010-10-01  20.31  20.57  20.16  20.21  4909900  20.21
2010-09-30  20.49  20.76  20.3  20.31  5167300  20.31
2010-09-29  19.94  20.44  19.77  20.37  5973400  20.37
2010-09-28  20.12  20.24  19.84  20.06  5271400  20.06
2010-09-27  19.85  20.31  19.78  20.1  4982300  20.1
2010-09-24  19.65  19.92  19.65  19.9  4560200  19.9
2010-09-23  19.36  19.64  19.27  19.32  4579800  19.32
2010-09-22  19.7  19.82  19.44  19.56  4311400  19.56
2010-09-21  19.81  19.94  19.54  19.7  5887400  19.7
2010-09-20  19.68  19.92  19.53  19.86  4891200  19.86
2010-09-17  19.15  19.72  19.15  19.59  7648600  19.59
2010-09-16  19.01  19.15  18.94  19.07  4342900  19.07
2010-09-15  18.74  19.29  18.54  19.15  3315800  19.15
2010-09-14  18.93  19.17  18.8  19.0  3046300  19.0
2010-09-13  19.27  19.41  18.95  19.03  5075400  19.03
2010-09-10  18.81  18.99  18.74  18.89  3798200  18.89
2010-09-09  18.36  18.92  18.36  18.83  8602600  18.83
2010-09-08  17.75  18.3  17.63  18.28  5899700  18.28
2010-09-07  17.82  17.83  17.46  17.51  3360200  17.51
2010-09-03  17.7  17.84  17.55  17.82  2334700  17.82
2010-09-02  17.55  17.59  17.31  17.46  3644900  17.46
2010-09-01  16.98  17.59  16.98  17.51  4544100  17.51
2010-08-31  16.34  16.92  16.21  16.71  4916500  16.71
2010-08-30  16.85  16.93  16.5  16.5  2980500  16.5
2010-08-27  16.61  16.96  16.33  16.96  2628700  16.96
2010-08-26  16.62  16.87  16.31  16.47  4289600  16.47
2010-08-25  16.15  16.74  16.08  16.61  6087900  16.61
2010-08-24  16.15  16.47  16.02  16.26  3672000  16.26
2010-08-23  16.53  16.56  16.3  16.34  2839000  16.34
2010-08-20  16.61  16.66  16.35  16.45  5107100  16.45
2010-08-19  16.88  16.92  16.55  16.55  3902100  16.55
2010-08-18  16.91  17.16  16.75  16.97  2415100  16.97
2010-08-17  16.8  17.09  16.69  16.95  3468000  16.95
2010-08-16  16.65  16.77  16.47  16.65  3364700  16.65
2010-08-13  16.76  17.13  16.72  16.8  3570300  16.8
2010-08-12  16.63  16.86  16.35  16.79  4249400  16.79
2010-08-11  17.2  17.2  16.77  16.93  5937100  16.93
2010-08-10  16.86  17.64  16.83  17.51  8679000  17.51
2010-08-09  16.95  17.08  16.78  17.05  1967800  17.05
2010-08-06  16.91  17.07  16.57  16.79  4133600  16.79
2010-08-05  17.07  17.15  16.88  17.05  3098100  17.05
2010-08-04  16.85  17.24  16.72  17.14  9273600  17.14
2010-08-03  16.88  16.92  16.58  16.64  4324800  16.64
2010-08-02  16.83  17.03  16.72  16.94  3881500  16.94
2010-07-30  16.42  16.73  16.33  16.54  3034300  16.54
2010-07-29  16.65  16.87  16.29  16.65  3637300  16.65
2010-07-28  16.61  16.81  16.5  16.52  4257000  16.52
2010-07-27  16.94  17.12  16.66  16.69  3316800  16.69
2010-07-26  16.59  16.96  16.5  16.9  4749400  16.9
2010-07-23  16.27  16.62  16.15  16.58  3785400  16.58
2010-07-22  16.17  16.41  16.05  16.35  5460900  16.35
2010-07-21  16.49  16.67  15.89  15.93  7151200  15.93
2010-07-20  15.5  16.29  15.41  16.26  4457000  16.26
2010-07-19  15.74  15.92  15.53  15.78  3658600  15.78
2010-07-16  16.28  16.31  15.64  15.68  6044000  15.68
2010-07-15  16.46  16.51  16.13  16.45  6051500  16.45
2010-07-14  16.29  16.42  16.16  16.35  5405500  16.35
2010-07-13  16.56  16.63  16.34  16.44  4765800  16.44
2010-07-12  16.14  16.34  16.03  16.28  5315700  16.28
2010-07-09  15.93  16.27  15.85  16.24  4562600  16.24
2010-07-08  15.87  15.97  15.63  15.92  6016100  15.92
2010-07-07  15.11  15.8  15.03  15.78  7358700  15.78
2010-07-06  15.14  15.51  14.79  15.0  6837900  15.0
2010-07-02  14.97  15.16  14.7  14.9  4828800  14.9
2010-07-01  15.06  15.17  14.55  14.99  6204800  14.99
2010-06-30  15.14  15.25  14.83  14.94  10444600  14.94
2010-06-29  15.59  15.6  14.98  15.09  9941600  15.09
2010-06-28  16.27  16.31  15.8  15.87  6505500  15.87
2010-06-25  15.95  16.26  15.74  16.23  5784700  16.23
2010-06-24  16.19  16.25  15.75  15.8  5021400  15.8
2010-06-23  16.23  16.45  16.1  16.28  2880700  16.28
2010-06-22  16.56  16.8  16.32  16.33  4278900  16.33
2010-06-21  17.04  17.17  16.46  16.58  2876000  16.58
2010-06-18  16.8  17.03  16.71  16.79  3305400  16.79
2010-06-17  16.65  16.79  16.38  16.78  5260200  16.78
2010-06-16  16.58  16.78  16.47  16.56  4096400  16.56
2010-06-15  16.2  16.71  16.1  16.68  4097500  16.68
2010-06-14  16.44  16.6  15.96  15.98  4829500  15.98
2010-06-11  15.67  16.23  15.61  16.19  3824200  16.19
2010-06-10  15.66  15.96  15.56  15.9  5120600  15.9
2010-06-09  15.01  15.78  15.01  15.33  9327200  15.33
2010-06-08  14.9  15.14  14.5  15.09  6193700  15.09
2010-06-07  15.3  15.42  14.77  14.82  5993900  14.82
2010-06-04  15.58  15.81  15.18  15.22  6348700  15.22
2010-06-03  16.22  16.27  15.85  16.01  3010700  16.01
2010-06-02  15.75  16.12  15.67  16.12  4099800  16.12
2010-06-01  16.09  16.22  15.57  15.63  5777400  15.63
2010-05-28  16.82  16.82  16.3  16.34  5099800  16.34
2010-05-27  16.43  16.91  16.09  16.88  4596800  16.88
2010-05-26  16.18  16.61  15.99  16.05  6627900  16.05
2010-05-25  15.43  16.05  15.05  16.04  8252600  16.04
2010-05-24  16.15  16.27  15.77  15.77  4400400  15.77
2010-05-21  15.6  16.12  15.44  16.11  8633500  16.11
2010-05-20  16.28  16.54  15.83  15.83  7100100  15.83
2010-05-19  16.75  16.91  16.22  16.72  6410800  16.72
2010-05-18  17.48  17.48  16.76  16.84  5608700  16.84
2010-05-17  17.39  17.49  16.85  17.3  6097900  17.3
2010-05-14  17.79  17.79  17.13  17.44  6868300  17.44
2010-05-13  18.05  18.32  17.86  17.9  5660000  17.9
2010-05-12  16.84  18.48  16.8  18.11  18924900  18.11
2010-05-11  16.67  17.0  16.51  16.64  4462100  16.64
2010-05-10  17.1  17.22  16.55  16.91  5774500  16.91
2010-05-07  16.33  16.68  15.79  16.01  8715600  16.01
2010-05-06  16.58  16.96  15.79  16.33  8366500  16.33
2010-05-05  15.98  17.06  15.73  16.69  11873500  16.69
2010-05-04  16.19  16.39  15.6  15.93  11011100  15.93
2010-05-03  16.51  16.58  16.28  16.5  5856500  16.5
2010-04-30  16.91  16.96  16.42  16.51  7350900  16.51
2010-04-29  17.11  17.23  16.84  17.01  7341500  17.01
2010-04-28  17.54  17.7  16.86  16.92  8092000  16.92
2010-04-27  18.02  18.17  17.27  17.31  4687700  17.31
2010-04-26  18.43  18.51  18.27  18.3  2957500  18.3
2010-04-23  18.45  18.62  18.36  18.52  3157100  18.52
2010-04-22  18.21  18.52  18.13  18.44  3119300  18.44
2010-04-21  18.63  18.64  18.29  18.45  4905900  18.45
2010-04-20  18.22  18.57  18.09  18.54  3466400  18.54
2010-04-19  18.15  18.33  17.9  18.11  4431400  18.11
2010-04-16  18.64  18.84  18.1  18.29  7419300  18.29
2010-04-15  18.84  18.91  18.56  18.7  3412400  18.7
2010-04-14  18.5  18.85  18.43  18.84  4844500  18.84
2010-04-13  17.78  18.6  17.67  18.34  12875700  18.34
2010-04-12  17.71  17.88  17.66  17.82  2492500  17.82
2010-04-09  17.94  17.98  17.49  17.71  5021500  17.71
2010-04-08  17.97  18.12  17.83  17.91  5354800  17.91
2010-04-07  18.08  18.29  17.96  18.06  3823400  18.06
2010-04-06  17.89  18.21  17.85  18.15  3926100  18.15
2010-04-05  17.82  17.99  17.77  17.96  3390900  17.96
2010-04-01  17.71  17.93  17.6  17.75  3556100  17.75
2010-03-31  17.25  17.7  17.21  17.53  3566800  17.53
2010-03-30  17.44  17.6  17.23  17.32  2762200  17.32
2010-03-29  17.62  17.63  17.27  17.45  4588500  17.45
2010-03-26  17.54  17.71  17.44  17.52  4033200  17.52
2010-03-25  17.73  17.84  17.5  17.51  3196400  17.51
2010-03-24  17.58  17.74  17.45  17.57  3409200  17.57
2010-03-23  17.5  17.67  17.3  17.66  3420200  17.66
2010-03-22  17.32  17.43  17.12  17.43  3534200  17.43
2010-03-19  17.92  17.93  17.47  17.47  7289000  17.47
2010-03-18  17.69  18.11  17.69  17.92  4368600  17.92
2010-03-17  17.98  18.12  17.83  18.05  4011600  18.05
2010-03-16  17.47  17.8  17.34  17.79  3937300  17.79
2010-03-15  17.36  17.48  17.14  17.42  2880000  17.42
2010-03-12  17.62  17.7  17.27  17.42  2951200  17.42
2010-03-11  17.47  17.48  17.08  17.4  5715700  17.4
2010-03-10  17.35  17.6  16.93  17.47  5601400  17.47
2010-03-09  17.79  17.99  17.5  17.76  3479900  17.76
2010-03-08  17.9  17.94  17.68  17.86  2246500  17.86
2010-03-05  17.94  17.98  17.66  17.85  3555600  17.85
2010-03-04  17.5  17.78  17.41  17.77  3310700  17.77
2010-03-03  17.33  17.69  17.29  17.63  4055000  17.63
2010-03-02  17.21  17.46  17.12  17.36  4380000  17.36
2010-03-01  16.94  17.2  16.87  17.15  2572100  17.15
2010-02-26  16.9  16.94  16.65  16.86  2920800  16.86
2010-02-25  16.65  16.95  16.54  16.89  2648200  16.89
2010-02-24  16.67  16.99  16.63  16.97  3562200  16.97
2010-02-23  16.78  16.89  16.59  16.65  4099500  16.65
2010-02-22  16.96  17.07  16.88  16.97  2504000  16.97
2010-02-19  16.89  17.08  16.76  17.0  3521700  17.0
2010-02-18  16.59  16.97  16.49  16.94  3219900  16.94
2010-02-17  16.7  16.86  16.47  16.65  4596100  16.65
2010-02-16  16.38  16.7  16.24  16.68  3259400  16.68
2010-02-12  16.0  16.3  15.74  16.28  3811600  16.28
2010-02-11  15.72  16.35  15.57  16.26  5938200  16.26
2010-02-10  15.5  16.0  15.43  15.66  6706700  15.66
2010-02-09  15.47  15.74  15.28  15.71  3975700  15.71
2010-02-08  15.2  15.55  15.04  15.24  4793200  15.24
2010-02-05  15.12  15.27  14.68  15.19  4760900  15.19
2010-02-04  15.7  15.7  15.05  15.14  6716100  15.14
2010-02-03  15.92  16.0  15.77  15.82  2657900  15.82
2010-02-02  15.62  16.17  15.5  15.99  4282200  15.99
2010-02-01  15.46  15.77  15.36  15.58  3285200  15.58
2010-01-29  15.62  15.84  15.4  15.48  4546200  15.48
2010-01-28  15.76  15.76  15.38  15.46  4069700  15.46
2010-01-27  15.45  15.76  15.22  15.68  3339600  15.68
2010-01-26  15.39  16.0  15.28  15.45  4608300  15.45
2010-01-25  15.49  15.61  15.25  15.45  3413300  15.45
2010-01-22  16.05  16.05  15.15  15.21  4567600  15.21
2010-01-21  16.17  16.35  15.65  16.0  5895200  16.0
2010-01-20  16.02  16.25  15.9  16.17  3589500  16.17
2010-01-19  15.76  16.33  15.69  16.25  4660800  16.25
2010-01-15  15.97  16.04  15.69  15.77  5619300  15.77
2010-01-14  16.14  16.22  15.77  16.11  8226100  16.11
2010-01-13  16.0  16.37  15.94  16.16  4770400  16.16
2010-01-12  16.61  16.61  15.95  16.02  10797500  16.02
2010-01-11  16.94  16.98  16.79  16.87  3598200  16.87
2010-01-08  16.94  16.95  16.68  16.79  2865600  16.79
2010-01-07  16.92  17.04  16.78  16.98  5076400  16.98
2010-01-06  17.12  17.22  16.92  16.98  3423100  16.98
2010-01-05  17.2  17.38  17.02  17.15  3505000  17.15
2010-01-04  17.09  17.3  17.02  17.27  2555900  17.27
