Date  Open  High  Low  Close  Volume  Adj Close
2014-02-28  52.1  52.39  51.66  52.2  4048400  52.2
2014-02-27  51.92  52.28  51.74  52.03  4411600  52.03
2014-02-26  51.57  52.39  51.57  52.18  6102600  52.18
2014-02-25  51.48  51.68  51.05  51.5  3894100  51.5
2014-02-24  51.0  51.9  51.0  51.34  3907400  51.34
2014-02-21  51.43  51.43  50.6  50.81  4136400  50.81
2014-02-20  50.87  51.09  50.27  50.74  3660400  50.74
2014-02-19  50.18  51.06  50.18  50.87  4765300  50.87
2014-02-18  49.56  50.37  49.53  50.32  4311100  50.32
2014-02-14  49.9  49.94  49.41  49.89  3801600  49.89
2014-02-13  48.71  49.99  48.59  49.98  5898500  49.98
2014-02-12  48.05  49.19  48.05  48.9  7500200  48.9
2014-02-11  46.58  47.98  46.4  47.96  7944500  47.96
2014-02-10  46.24  46.69  46.02  46.48  3834800  46.48
2014-02-07  45.67  46.16  45.33  46.1  3415700  46.1
2014-02-06  45.2  45.97  45.18  45.39  3268700  45.39
2014-02-05  44.7  45.42  44.69  45.21  3327700  45.21
2014-02-04  45.22  45.22  44.63  45.2  2945200  45.2
2014-02-03  45.92  46.14  44.68  44.77  3278700  44.77
2014-01-31  45.89  46.52  45.81  46.16  2460300  46.16
2014-01-30  46.62  46.71  46.03  46.52  6958600  46.52
2014-01-29  45.91  46.31  45.83  46.07  2598500  46.07
2014-01-28  46.28  46.73  45.99  46.15  2795300  46.15
2014-01-27  46.68  46.89  45.96  46.22  2727200  46.22
2014-01-24  47.44  47.58  46.59  46.6  3530000  46.6
2014-01-23  47.99  48.16  47.09  47.76  8995100  47.76
2014-01-22  46.19  48.64  45.84  48.35  12202000  48.35
2014-01-21  47.03  47.73  46.92  47.28  3764700  47.28
2014-01-17  46.93  47.54  46.76  46.96  3070600  46.96
2014-01-16  47.01  47.2  46.6  47.0  2280200  47.0
2014-01-15  46.34  47.52  46.23  47.11  4902100  47.11
2014-01-14  45.26  45.83  45.05  45.79  2275000  45.79
2014-01-13  45.27  45.63  44.8  44.93  1762700  44.93
2014-01-10  45.69  45.85  45.22  45.51  1710300  45.51
2014-01-09  45.75  45.79  45.18  45.53  1842200  45.53
2014-01-08  45.08  45.71  45.0  45.66  2318900  45.66
2014-01-07  45.21  45.53  45.1  45.27  1581200  45.27
2014-01-06  45.53  45.59  45.02  45.17  1970800  45.17
2014-01-03  45.66  45.75  45.21  45.37  1982700  45.37
2014-01-02  46.42  46.44  45.64  45.71  3436800  45.71
2013-12-31  45.54  45.75  45.4  45.67  1215400  45.67
2013-12-30  45.07  45.5  44.98  45.39  1049100  45.39
2013-12-27  44.95  45.2  44.92  45.04  995400  45.04
2013-12-26  45.05  45.1  44.78  44.95  860300  44.95
2013-12-24  44.85  45.15  44.83  44.98  584000  44.98
2013-12-23  45.05  45.05  44.58  44.89  1912000  44.89
2013-12-20  44.01  44.65  43.92  44.46  3464900  44.46
2013-12-19  44.99  44.99  43.78  44.06  3440500  44.06
2013-12-18  44.04  44.94  43.95  44.94  3499900  44.94
2013-12-17  43.37  44.23  43.3  44.02  2659400  44.02
2013-12-16  43.31  43.68  43.15  43.4  2309400  43.4
2013-12-13  43.49  43.65  42.98  43.08  1680100  43.08
2013-12-12  43.62  43.76  43.07  43.17  3388200  43.17
2013-12-11  43.42  43.52  42.64  42.82  3297800  42.82
2013-12-10  43.86  44.02  43.25  43.43  3110600  43.43
2013-12-09  44.27  44.35  43.96  43.99  1704800  43.99
2013-12-06  44.33  44.44  43.96  44.1  1731900  44.1
2013-12-05  44.06  44.26  43.67  43.95  2045400  43.95
2013-12-04  43.87  44.6  43.84  44.14  2012000  44.14
2013-12-03  43.97  44.57  43.9  44.04  1792600  44.04
2013-12-02  44.0  44.26  43.82  44.03  2319000  44.03
2013-11-29  43.79  44.42  43.79  44.18  790100  44.18
2013-11-27  44.21  44.32  43.74  44.28  1912200  44.28
2013-11-26  44.16  44.47  44.06  44.25  1655300  44.25
2013-11-25  44.02  44.3  43.69  44.12  2603600  44.12
2013-11-22  43.8  44.0  43.47  43.74  3607100  43.74
2013-11-21  43.06  43.9  43.06  43.87  2377400  43.87
2013-11-20  42.93  43.37  42.86  42.97  2667800  42.97
2013-11-19  43.41  43.68  42.68  42.85  3696000  42.85
2013-11-18  43.6  43.84  43.36  43.53  2359500  43.53
2013-11-15  42.81  43.56  42.6  43.42  4163900  43.42
2013-11-14  44.17  44.35  42.65  42.75  7272300  42.75
2013-11-13  44.03  44.7  43.92  44.69  2114700  44.69
2013-11-12  43.82  44.39  43.79  44.32  2341600  44.32
2013-11-11  44.31  44.51  43.8  43.85  2817600  43.85
2013-11-08  44.25  44.41  43.89  44.38  2701700  44.38
2013-11-07  44.9  45.1  43.95  44.24  3965600  44.24
2013-11-06  44.9  45.04  44.62  44.84  2112900  44.84
2013-11-05  44.88  45.04  44.38  44.77  1820900  44.77
2013-11-04  44.96  45.15  44.7  45.13  2376200  45.13
2013-11-01  45.18  45.18  44.55  44.78  2569400  44.78
2013-10-31  44.63  45.18  44.52  44.93  3329700  44.93
2013-10-30  44.9  45.03  44.32  44.56  1702400  44.56
2013-10-29  44.22  44.9  44.08  44.9  2873900  44.9
2013-10-28  44.07  44.24  43.59  43.96  4309700  43.96
2013-10-25  44.58  44.6  44.05  44.15  2749600  44.15
2013-10-24  44.63  44.66  44.17  44.33  2846600  44.33
2013-10-23  45.44  45.54  43.65  44.38  7763700  44.38
2013-10-22  45.57  46.18  45.5  45.96  3874400  45.96
2013-10-21  45.04  45.59  44.96  45.56  3011500  45.56
2013-10-18  44.68  45.0  44.41  45.0  3959600  45.0
2013-10-17  44.9  45.34  43.61  44.89  10801500  44.89
2013-10-16  46.09  46.59  45.82  46.41  4824400  46.41
2013-10-15  46.83  46.93  45.72  45.86  4143300  45.86
2013-10-14  46.46  46.99  46.39  46.93  1801000  46.93
2013-10-11  46.16  47.07  45.94  46.76  2257300  46.76
2013-10-10  45.56  46.29  45.32  46.26  2057300  46.26
2013-10-09  45.44  45.48  44.62  45.19  3081800  45.19
2013-10-08  46.0  46.32  44.66  45.12  3032100  45.12
2013-10-07  45.73  46.39  45.51  45.9  1554000  45.9
2013-10-04  45.89  46.38  45.81  46.13  1934300  46.13
2013-10-03  46.18  46.37  45.55  45.95  2188800  45.95
2013-10-02  46.45  46.53  45.93  46.19  2182400  46.19
2013-10-01  46.17  46.98  46.13  46.74  2025400  46.74
2013-09-30  45.92  46.54  45.5  46.33  3302600  46.33
2013-09-27  45.92  46.2  45.78  46.03  2022800  46.03
2013-09-26  46.43  46.59  45.98  46.27  1163600  46.27
2013-09-25  46.21  46.58  45.89  46.16  2274700  46.16
2013-09-24  46.05  46.63  46.0  46.2  2141100  46.2
2013-09-23  46.57  46.77  45.62  46.09  3108300  46.09
2013-09-20  47.2  47.35  46.53  46.6  3477500  46.6
2013-09-19  47.3  47.53  46.93  47.23  3029500  47.23
2013-09-18  47.41  47.44  46.53  47.16  3043700  47.16
2013-09-17  47.19  47.59  47.16  47.46  2773000  47.46
2013-09-16  47.24  47.24  46.82  46.98  2881400  46.98
2013-09-13  46.73  46.8  46.32  46.75  2248400  46.75
2013-09-12  46.4  46.81  46.28  46.59  2457300  46.59
2013-09-11  46.34  46.66  45.99  46.44  1664600  46.44
2013-09-10  46.18  46.71  46.14  46.45  3136100  46.45
2013-09-09  45.81  46.06  45.52  45.82  2542300  45.82
2013-09-06  45.82  46.1  45.19  45.67  4788700  45.67
2013-09-05  45.42  45.7  45.39  45.62  2762200  45.62
2013-09-04  44.2  45.69  44.05  45.34  4865500  45.34
2013-09-03  43.51  44.37  43.51  44.13  3648400  44.13
2013-08-30  43.45  43.45  42.81  42.94  3058300  42.94
2013-08-29  42.91  43.61  42.77  43.53  2216100  43.53
2013-08-28  42.78  43.29  42.64  43.04  1617200  43.04
2013-08-27  43.45  43.45  42.56  42.63  3605700  42.63
2013-08-26  43.85  44.14  43.74  43.79  1452100  43.79
2013-08-23  43.88  43.88  43.33  43.7  2629300  43.7
2013-08-22  43.88  44.1  43.68  43.81  1421600  43.81
2013-08-21  43.77  44.26  43.47  43.84  2365800  43.84
2013-08-20  43.75  44.1  43.73  43.97  1370100  43.97
2013-08-19  44.1  44.46  43.78  43.8  2703700  43.8
2013-08-16  44.02  44.55  43.83  44.07  3464000  44.07
2013-08-15  43.69  44.21  43.37  43.54  3176900  43.54
2013-08-14  45.03  45.03  44.49  44.58  2286800  44.58
2013-08-13  45.07  45.27  44.51  44.97  2832800  44.97
2013-08-12  44.81  45.2  44.62  44.89  2832900  44.89
2013-08-09  44.92  45.14  44.64  44.8  1969200  44.8
2013-08-08  45.25  45.36  44.74  45.08  2594900  45.08
2013-08-07  45.04  45.4  44.75  45.09  3272600  45.09
2013-08-06  45.62  45.87  44.95  45.06  5280500  45.06
2013-08-05  45.74  45.91  45.47  45.62  3372400  45.62
2013-08-02  46.04  46.06  45.29  45.75  5156000  45.75
2013-08-01  46.03  46.41  46.03  46.38  4042600  46.38
2013-07-31  45.54  46.12  45.47  45.93  4148700  45.93
2013-07-30  44.98  45.66  44.96  45.48  4384600  45.48
2013-07-29  45.24  45.57  44.86  44.92  2775800  44.92
2013-07-26  45.19  45.47  44.94  45.42  2762300  45.42
2013-07-25  44.69  45.74  44.53  45.67  3501400  45.67
2013-07-24  45.48  45.64  44.48  44.77  3813200  44.77
2013-07-23  44.98  45.74  44.98  45.08  3150200  45.08
2013-07-22  45.43  45.46  44.74  45.16  3405600  45.16
2013-07-19  45.0  45.48  44.71  45.11  4654600  45.11
2013-07-18  44.26  45.78  43.82  45.08  11303300  45.08
2013-07-17  42.68  42.94  42.51  42.82  3974600  42.82
2013-07-16  42.61  43.16  42.54  42.58  5781100  42.58
2013-07-15  42.28  42.78  42.15  42.46  2691800  42.46
2013-07-12  42.03  42.66  41.57  42.28  5363100  42.28
2013-07-11  40.79  41.25  40.75  41.17  3273300  41.17
2013-07-10  39.42  40.56  39.42  40.49  3309200  40.49
2013-07-09  39.34  39.58  39.31  39.49  1829900  39.49
2013-07-08  39.87  40.04  38.88  39.16  2268200  39.16
2013-07-05  39.65  39.9  39.32  39.83  983600  39.83
2013-07-03  38.89  39.48  38.75  39.25  909800  39.25
2013-07-02  39.08  39.6  38.68  39.0  3238200  39.0
2013-07-01  39.12  39.74  38.93  39.26  3255700  39.26
2013-06-28  38.72  39.27  38.59  38.96  2820100  38.96
2013-06-27  39.02  39.22  38.82  38.96  1798400  38.96
2013-06-26  38.9  39.29  38.82  38.83  3611800  38.83
2013-06-25  38.46  38.66  38.01  38.54  3217400  38.54
2013-06-24  38.43  38.57  37.78  37.98  2890400  37.98
2013-06-21  38.09  38.39  37.66  38.34  4156500  38.34
2013-06-20  38.61  38.77  37.81  37.93  3193900  37.93
2013-06-19  39.6  39.8  39.11  39.11  3728300  39.11
2013-06-18  38.83  39.58  38.81  39.54  3111800  39.54
2013-06-17  38.48  39.02  38.47  38.84  3053400  38.84
2013-06-14  38.11  38.72  37.98  38.24  3613000  38.24
2013-06-13  37.02  38.32  37.02  38.18  5032200  38.18
2013-06-12  38.82  38.87  37.1  37.17  9524500  37.17
2013-06-11  39.29  39.41  38.51  38.52  4196000  38.52
2013-06-10  40.0  40.18  39.55  39.71  3002400  39.71
2013-06-07  39.42  40.01  39.1  39.94  3385500  39.94
2013-06-06  40.02  40.02  38.92  39.12  3606600  39.12
2013-06-05  40.03  40.1  39.39  39.74  3688500  39.74
2013-06-04  40.16  40.68  39.85  40.02  2621400  40.02
2013-06-03  40.01  40.17  39.58  39.91  2780900  39.91
2013-05-31  40.32  40.63  39.98  39.98  3758000  39.98
2013-05-30  39.89  40.79  39.78  40.65  5392700  40.65
2013-05-29  39.1  39.94  38.99  39.79  3828300  39.79
2013-05-28  39.35  39.67  39.0  39.31  5182000  39.31
2013-05-24  38.28  38.82  38.28  38.76  2827200  38.76
2013-05-23  38.64  38.72  38.27  38.57  3695600  38.57
2013-05-22  38.65  39.44  38.49  38.86  7704600  38.86
2013-05-21  38.46  38.84  38.35  38.82  4051600  38.82
2013-05-20  38.45  38.65  38.29  38.31  1993500  38.31
2013-05-17  38.36  38.68  38.26  38.58  2916000  38.58
2013-05-16  38.35  39.08  38.07  38.11  3532400  38.11
2013-05-15  37.57  38.19  37.56  38.11  2991500  38.11
2013-05-14  37.35  37.72  37.24  37.72  1869800  37.72
2013-05-13  37.53  37.66  37.27  37.27  1579900  37.27
2013-05-10  37.75  37.85  37.58  37.68  1266800  37.68
2013-05-09  37.66  37.87  37.51  37.61  1705600  37.61
2013-05-08  37.27  37.7  37.2  37.69  1828800  37.69
2013-05-07  37.13  37.38  36.93  37.26  2601100  37.26
2013-05-06  37.39  37.61  37.12  37.15  2999400  37.15
2013-05-03  37.46  37.69  37.17  37.29  2252200  37.29
2013-05-02  36.88  37.22  36.79  37.16  2121700  37.16
2013-05-01  37.01  37.29  36.64  36.75  2255400  36.75
2013-04-30  36.8  37.14  36.52  37.05  2859100  37.05
2013-04-29  36.58  36.95  36.45  36.83  2905800  36.83
2013-04-26  37.01  37.01  36.51  36.59  3933100  36.59
2013-04-25  36.06  37.17  35.72  36.93  6062400  36.93
2013-04-24  35.43  35.84  35.4  35.67  3074600  35.67
2013-04-23  35.36  35.77  35.21  35.72  3234000  35.72
2013-04-22  34.81  35.3  34.35  35.09  2189700  35.09
2013-04-19  34.81  35.08  34.18  34.7  2881500  34.7
2013-04-18  35.34  35.44  34.68  34.79  2220700  34.79
2013-04-17  35.82  35.82  34.57  35.06  3961800  35.06
2013-04-16  35.93  36.3  35.77  36.24  2372100  36.24
2013-04-15  36.18  36.43  35.68  35.75  3103500  35.75
2013-04-12  36.51  36.55  35.8  36.24  3072600  36.24
2013-04-11  36.78  37.04  36.46  36.56  2241000  36.56
2013-04-10  36.0  37.03  35.96  36.91  3201400  36.91
2013-04-09  35.92  36.16  35.59  35.92  1509600  35.92
2013-04-08  35.64  35.95  35.32  35.9  2474400  35.9
2013-04-05  35.31  35.59  34.7  35.53  4503600  35.53
2013-04-04  35.37  36.08  35.32  35.97  3908000  35.97
2013-04-03  36.45  36.58  35.2  35.39  4438300  35.39
2013-04-02  36.88  36.96  36.21  36.43  2838300  36.43
2013-04-01  37.59  37.59  36.74  36.79  1751500  36.79
2013-03-28  37.07  37.33  36.95  37.3  2630700  37.3
2013-03-27  37.03  37.29  36.73  37.09  2249400  37.09
2013-03-26  37.22  37.51  37.11  37.33  1619200  37.33
2013-03-25  37.26  37.26  36.7  37.04  1738500  37.04
2013-03-22  37.18  37.34  36.99  37.11  1489700  37.11
2013-03-21  37.06  37.37  36.8  36.99  1804300  36.99
2013-03-20  37.26  37.5  37.08  37.37  2024100  37.37
2013-03-19  37.23  37.63  36.67  36.96  4855700  36.96
2013-03-18  37.12  37.34  36.77  36.9  2159500  36.9
2013-03-15  37.89  38.04  37.22  37.58  4167900  37.58
2013-03-14  37.97  38.35  37.86  37.97  3905200  37.97
2013-03-13  37.55  37.78  37.42  37.64  2881100  37.64
2013-03-12  37.35  37.66  37.07  37.63  2704100  37.63
2013-03-11  37.33  37.6  37.17  37.46  2576800  37.46
2013-03-08  37.46  37.66  37.06  37.5  3864600  37.5
2013-03-07  36.72  37.42  36.65  37.37  4843000  37.37
2013-03-06  36.57  36.97  36.5  36.61  4897100  36.61
2013-03-05  35.88  36.48  35.83  36.34  3900300  36.34
2013-03-04  35.91  35.91  35.54  35.56  3582300  35.56
2013-03-01  36.18  36.19  35.58  35.82  3905900  35.82
2013-02-28  36.56  36.88  36.35  36.42  3151600  36.42
2013-02-27  35.9  36.71  35.75  36.54  3296200  36.54
2013-02-26  36.38  36.43  35.62  35.84  8315500  35.84
2013-02-25  37.44  37.54  36.45  36.45  2103500  36.45
2013-02-22  36.96  37.27  36.78  37.1  2764800  37.1
2013-02-21  37.28  37.35  36.62  36.79  3085200  36.79
2013-02-20  38.27  38.29  37.42  37.42  3377900  37.42
2013-02-19  37.78  38.53  37.44  38.25  4673100  38.25
2013-02-15  37.66  37.66  37.01  37.25  2445800  37.25
2013-02-14  36.76  37.75  36.57  37.57  4376300  37.57
2013-02-13  36.77  37.14  36.63  36.94  2908700  36.94
2013-02-12  36.51  36.86  36.38  36.73  1859600  36.73
2013-02-11  36.61  36.73  36.42  36.61  2004300  36.61
2013-02-08  36.16  36.78  36.13  36.66  3721100  36.66
2013-02-07  36.05  36.22  35.81  36.02  3048500  36.02
2013-02-06  35.86  36.18  35.75  36.16  2863500  36.16
2013-02-05  35.77  36.21  35.66  36.08  2387600  36.08
2013-02-04  35.92  36.11  35.61  35.62  2455600  35.62
2013-02-01  35.55  36.14  35.48  36.1  3173400  36.1
2013-01-31  35.63  35.79  35.39  35.45  1974100  35.45
2013-01-30  35.51  35.83  35.51  35.61  2446800  35.61
2013-01-29  35.67  35.79  35.4  35.6  1628600  35.6
2013-01-28  35.67  35.94  35.64  35.67  2215500  35.67
2013-01-25  35.83  36.18  35.63  35.8  3174300  35.8
2013-01-24  35.4  36.0  35.3  35.75  3414200  35.75
2013-01-23  35.75  35.89  35.52  35.65  1719400  35.65
2013-01-22  36.02  36.04  35.56  35.69  2933700  35.69
2013-01-18  35.27  36.56  35.23  36.11  6583200  36.11
2013-01-17  35.52  35.79  35.27  35.4  4160700  35.4
2013-01-16  34.55  35.21  34.55  35.17  3635400  35.17
2013-01-15  34.69  34.8  34.37  34.7  3556600  34.7
2013-01-14  35.42  35.42  34.57  34.82  5139700  34.82
2013-01-11  34.97  35.03  34.65  34.78  2639200  34.78
2013-01-10  34.91  35.21  34.82  34.97  2402900  34.97
2013-01-09  34.7  34.9  34.33  34.87  3434400  34.87
2013-01-08  35.21  35.32  34.55  34.59  3877900  34.59
2013-01-07  35.21  35.52  35.16  35.31  1938400  35.31
2013-01-04  35.9  36.02  35.41  35.46  2502300  35.46
2013-01-03  36.07  36.32  35.83  35.96  2560000  35.96
2013-01-02  35.36  36.03  35.36  36.03  3440800  36.03
2012-12-31  34.29  34.95  34.27  34.84  2227500  34.84
2012-12-28  34.51  34.8  34.28  34.3  1683700  34.3
2012-12-27  34.83  34.9  34.32  34.76  1832300  34.76
2012-12-26  35.0  35.3  34.73  34.81  1105300  34.81
2012-12-24  34.97  35.05  34.77  34.93  611100  34.93
2012-12-21  34.91  35.21  34.54  35.07  3961000  35.07
2012-12-20  35.04  35.4  34.76  35.26  2046200  35.26
2012-12-19  34.98  35.37  34.98  35.02  2745300  35.02
2012-12-18  34.63  35.25  34.56  34.94  2840400  34.94
2012-12-17  34.42  34.59  34.17  34.47  2738100  34.47
2012-12-14  34.26  34.67  34.09  34.36  2012600  34.36
2012-12-13  34.58  35.03  34.26  34.31  2391600  34.31
2012-12-12  34.76  34.94  34.57  34.67  1808800  34.67
2012-12-11  34.21  34.69  34.09  34.65  2520700  34.65
2012-12-10  33.9  34.35  33.83  34.08  2105100  34.08
2012-12-07  33.57  33.89  33.39  33.87  1746200  33.87
2012-12-06  33.36  33.74  33.32  33.49  1471700  33.49
2012-12-05  33.25  33.5  33.04  33.42  2276800  33.42
2012-12-04  33.41  33.56  33.15  33.36  1706600  33.36
2012-12-03  33.84  33.89  33.29  33.38  1416100  33.38
2012-11-30  33.34  33.76  33.21  33.66  2700200  33.66
2012-11-29  33.6  33.79  33.22  33.28  3562400  33.28
2012-11-28  32.99  33.57  32.45  33.55  1851800  33.55
2012-11-27  33.17  33.47  33.0  33.12  1670100  33.12
2012-11-26  33.16  33.47  33.08  33.3  1765800  33.3
2012-11-23  32.96  33.32  32.85  33.21  726700  33.21
2012-11-21  32.57  32.85  32.55  32.74  1780100  32.74
2012-11-20  32.47  32.74  32.26  32.67  2070700  32.67
2012-11-19  31.92  32.54  31.88  32.54  2289100  32.54
2012-11-16  31.82  31.94  31.21  31.63  4435200  31.63
2012-11-15  32.68  32.8  31.94  31.95  3279200  31.95
2012-11-14  32.81  33.31  32.6  32.72  4569300  32.72
2012-11-13  32.33  32.66  32.17  32.23  3705100  32.23
2012-11-12  32.66  32.84  32.35  32.57  1304300  32.57
2012-11-09  32.6  32.9  32.47  32.63  2049200  32.63
2012-11-08  32.85  33.47  32.66  32.68  4411000  32.68
2012-11-07  32.73  33.49  32.43  32.96  4655000  32.96
2012-11-06  32.52  33.13  32.39  33.09  2263500  33.09
2012-11-05  31.86  32.56  31.78  32.49  1976600  32.49
2012-11-02  32.61  32.64  31.99  32.03  2391800  32.03
2012-11-01  31.78  32.45  31.48  32.3  3739700  32.3
2012-10-31  31.77  31.83  31.4  31.62  1614200  31.62
2012-10-26  31.36  31.8  31.27  31.68  2214100  31.68
2012-10-25  31.32  31.55  31.21  31.41  1929100  31.41
2012-10-24  32.06  32.18  31.0  31.05  5956500  31.05
2012-10-23  31.66  32.03  31.4  31.9  2289400  31.9
2012-10-22  31.89  32.2  31.69  31.97  1308200  31.97
2012-10-19  32.51  32.51  31.72  31.9  2539300  31.9
2012-10-18  32.7  32.9  32.12  32.49  3633400  32.49
2012-10-17  32.45  33.16  32.15  32.77  3289800  32.77
2012-10-16  32.07  32.76  31.92  32.56  1653300  32.56
2012-10-15  31.65  32.04  31.59  31.99  1648500  31.99
2012-10-12  31.81  32.16  31.54  31.54  2728000  31.54
2012-10-11  31.83  31.98  31.5  31.64  1904000  31.64
2012-10-10  31.42  31.8  31.2  31.51  3201200  31.51
2012-10-09  32.5  32.62  32.01  32.09  2492300  32.09
2012-10-08  32.65  32.86  32.41  32.54  1348500  32.54
2012-10-05  32.95  33.31  32.79  32.87  1829800  32.87
2012-10-04  32.64  32.99  32.43  32.84  1939300  32.84
2012-10-03  32.69  32.87  32.42  32.58  1930500  32.58
2012-10-02  32.52  32.84  32.42  32.66  2020800  32.66
2012-10-01  32.51  32.78  32.28  32.41  3429000  32.41
2012-09-28  32.35  32.46  32.16  32.24  2552500  32.24
2012-09-27  32.47  32.69  31.99  32.56  3058300  32.56
2012-09-26  32.66  32.71  32.09  32.3  2051100  32.3
2012-09-25  33.41  33.48  32.6  32.63  2469900  32.63
2012-09-24  33.49  33.64  33.13  33.16  2230200  33.16
2012-09-21  33.87  34.08  33.72  33.73  2265100  33.73
2012-09-20  33.51  33.91  33.47  33.73  2040700  33.73
2012-09-19  33.94  34.06  33.73  33.84  1744000  33.84
2012-09-18  33.94  34.26  33.73  34.08  2162800  34.08
2012-09-17  34.06  34.22  33.67  33.89  1543300  33.89
2012-09-14  33.7  34.56  33.55  34.0  4429200  34.0
2012-09-13  33.69  33.89  33.34  33.65  3773300  33.65
2012-09-12  33.67  33.85  33.41  33.73  2596200  33.73
2012-09-11  33.38  33.7  33.3  33.66  2267300  33.66
2012-09-10  33.41  33.77  33.4  33.42  2578400  33.42
2012-09-07  33.41  33.67  33.21  33.65  2685500  33.65
2012-09-06  32.52  33.58  32.36  33.5  2608800  33.5
2012-09-05  32.62  32.8  32.18  32.22  3208500  32.22
2012-09-04  32.61  32.85  32.17  32.61  1812600  32.61
2012-08-31  32.59  32.86  32.15  32.72  2007200  32.72
2012-08-30  32.28  32.47  32.16  32.3  1719300  32.3
2012-08-29  32.74  32.74  32.3  32.53  1489500  32.53
2012-08-28  32.38  32.96  32.37  32.67  2804200  32.67
2012-08-27  32.75  32.81  32.37  32.43  1772100  32.43
2012-08-24  32.53  32.79  32.35  32.71  2099800  32.71
2012-08-23  32.54  32.58  32.22  32.37  2121200  32.37
2012-08-22  32.85  32.95  32.38  32.66  2562800  32.66
2012-08-21  32.8  33.1  32.78  33.08  3916600  33.08
2012-08-20  32.68  32.82  32.45  32.79  2790000  32.79
2012-08-17  32.99  32.99  32.68  32.77  2094100  32.77
2012-08-16  32.55  32.99  32.53  32.92  2102200  32.92
2012-08-15  32.19  32.58  32.18  32.42  2314100  32.42
2012-08-14  32.53  32.64  32.11  32.19  2452800  32.19
2012-08-13  32.61  32.62  32.13  32.47  2587200  32.47
2012-08-10  32.59  32.72  32.31  32.53  2994400  32.53
2012-08-09  32.4  32.8  32.4  32.54  2340600  32.54
2012-08-08  32.44  32.68  32.37  32.54  1689200  32.54
2012-08-07  32.16  32.91  32.11  32.61  3132300  32.61
2012-08-06  32.19  32.27  31.92  31.99  2535200  31.99
2012-08-03  31.8  32.13  31.51  31.98  2349400  31.98
2012-08-02  31.3  31.68  30.91  31.27  2899200  31.27
2012-08-01  31.1  31.6  31.05  31.45  3196300  31.45
2012-07-31  31.21  31.64  31.0  31.06  3269200  31.06
2012-07-30  31.5  31.85  31.01  31.27  3153400  31.27
2012-07-27  30.98  31.66  30.97  31.54  3453700  31.54
2012-07-26  30.58  31.06  30.58  30.91  4450600  30.91
2012-07-25  29.82  30.54  29.77  30.04  6090900  30.04
2012-07-24  29.49  29.62  29.0  29.36  4734800  29.36
2012-07-23  29.43  29.63  29.06  29.46  3764200  29.46
2012-07-20  30.0  30.05  29.66  29.85  4540300  29.85
2012-07-19  29.41  30.63  29.31  30.01  8132000  30.01
2012-07-18  29.56  30.97  29.33  30.69  5546400  30.69
2012-07-17  30.27  30.37  29.2  29.61  6270200  29.61
2012-07-16  30.01  30.2  29.45  30.07  4160300  30.07
2012-07-13  29.87  30.25  29.8  30.15  2577100  30.15
2012-07-12  30.15  30.2  29.5  29.91  3556200  29.91
2012-07-11  30.56  30.84  30.32  30.55  2235500  30.55
2012-07-10  30.84  31.28  30.42  30.61  2163700  30.61
2012-07-09  31.16  31.18  30.69  30.94  2127500  30.94
2012-07-06  31.84  32.02  30.92  31.1  2833800  31.1
2012-07-05  32.07  32.38  31.68  32.07  2305400  32.07
2012-07-03  31.79  32.2  31.79  32.12  958600  32.12
2012-07-02  32.15  32.36  31.6  31.83  2293200  31.83
2012-06-29  31.59  32.19  31.53  32.18  3519000  32.18
2012-06-28  30.69  31.07  30.52  31.03  2741700  31.03
2012-06-27  30.63  31.25  30.62  30.96  2604600  30.96
2012-06-26  30.3  30.65  30.05  30.46  2606600  30.46
2012-06-25  31.0  31.01  30.24  30.26  3283300  30.26
2012-06-22  30.71  31.33  30.67  31.31  2684200  31.31
2012-06-21  31.61  31.71  30.57  30.58  3465900  30.58
2012-06-20  31.72  31.95  31.5  31.71  2361000  31.71
2012-06-19  31.58  31.77  31.34  31.67  1837200  31.67
2012-06-18  31.08  31.61  30.94  31.45  2394000  31.45
2012-06-15  30.82  31.27  30.69  31.2  3356000  31.2
2012-06-14  31.06  31.16  30.6  30.75  2896700  30.75
2012-06-13  31.12  31.36  30.89  31.01  2363000  31.01
2012-06-12  30.95  31.52  30.95  31.3  3628900  31.3
2012-06-11  31.66  31.81  30.81  30.85  3321300  30.85
2012-06-08  30.89  31.52  30.73  31.48  3481200  31.48
2012-06-07  31.52  31.77  30.77  30.81  4130800  30.81
2012-06-06  30.68  31.29  30.63  31.14  3329500  31.14
2012-06-05  29.7  30.88  29.68  30.58  5016900  30.58
2012-06-04  29.78  30.1  29.44  29.76  2522900  29.76
2012-06-01  30.13  30.43  29.72  29.72  2758600  29.72
2012-05-31  30.86  30.91  30.33  30.65  4150300  30.65
2012-05-30  30.86  31.06  30.63  30.91  3623700  30.91
2012-05-29  30.81  31.25  30.79  31.2  3965900  31.2
2012-05-25  30.44  30.93  30.39  30.66  2981000  30.66
2012-05-24  30.74  30.76  30.17  30.3  3876100  30.3
2012-05-23  30.2  30.8  29.96  30.74  3561900  30.74
2012-05-22  30.58  30.73  30.24  30.51  3342500  30.51
2012-05-21  29.95  30.8  29.95  30.69  3731700  30.69
2012-05-18  30.69  30.8  29.95  30.02  5584700  30.02
2012-05-17  31.11  31.15  30.53  30.53  3854200  30.53
2012-05-16  31.48  31.68  30.96  30.97  4965400  30.97
2012-05-15  31.55  31.76  31.34  31.43  4064100  31.43
2012-05-14  31.46  31.73  31.17  31.6  3059600  31.6
2012-05-11  31.66  32.31  31.63  31.66  3289400  31.66
2012-05-10  32.39  32.39  31.64  31.74  3356700  31.74
2012-05-09  31.79  32.29  31.45  32.19  3264800  32.19
2012-05-08  32.0  32.34  31.66  32.2  3689200  32.2
2012-05-07  32.22  32.6  32.17  32.3  2450800  32.3
2012-05-04  32.84  33.03  32.41  32.44  3521900  32.44
2012-05-03  33.68  33.72  32.96  33.08  3534600  33.08
2012-05-02  33.57  33.76  33.46  33.65  4739600  33.65
2012-05-01  34.23  34.61  33.82  33.82  4038700  33.82
2012-04-30  34.72  34.84  34.58  34.65  2308400  34.65
2012-04-27  35.01  35.24  34.73  34.76  3503000  34.76
2012-04-26  35.27  35.27  34.57  34.9  7301100  34.9
2012-04-25  32.09  32.7  32.06  32.69  2575000  32.69
2012-04-24  32.44  32.58  31.87  31.93  3462600  31.93
2012-04-23  32.44  32.63  32.07  32.3  4913600  32.3
2012-04-20  33.59  33.59  32.71  32.76  7726700  32.76
2012-04-19  33.49  34.08  33.2  33.37  3178700  33.37
2012-04-18  33.57  33.81  33.34  33.68  2699300  33.68
2012-04-17  33.83  34.12  33.68  33.85  3749400  33.85
2012-04-16  33.68  33.85  33.35  33.59  2198300  33.59
2012-04-13  34.13  34.16  33.52  33.52  3236000  33.52
2012-04-12  33.87  34.44  33.7  34.29  3341100  34.29
2012-04-11  33.52  34.22  33.45  33.75  4074600  33.75
2012-04-10  33.29  33.61  33.1  33.19  4897800  33.19
2012-04-09  33.33  33.63  33.18  33.46  1836500  33.46
2012-04-05  33.54  33.92  33.51  33.83  2505300  33.83
2012-04-04  34.13  34.13  33.6  33.7  3750100  33.7
2012-04-03  34.96  34.97  34.33  34.42  3982300  34.42
2012-04-02  34.76  35.07  34.49  34.97  2933200  34.97
2012-03-30  34.74  35.03  34.53  34.74  3459000  34.74
2012-03-29  34.3  34.6  34.15  34.56  2314700  34.56
2012-03-28  34.69  34.86  34.31  34.45  2751500  34.45
2012-03-27  34.86  35.03  34.67  34.68  3741300  34.68
2012-03-26  34.69  34.87  34.46  34.86  1956200  34.86
2012-03-23  33.75  34.37  33.63  34.35  4590600  34.35
2012-03-22  34.39  34.71  34.24  34.5  3376300  34.5
2012-03-21  34.45  34.9  34.35  34.74  3105400  34.74
2012-03-20  35.1  35.19  34.29  34.31  6067300  34.31
2012-03-19  35.31  35.44  35.05  35.35  2720300  35.35
2012-03-16  35.06  35.52  35.01  35.49  3360300  35.49
2012-03-15  34.88  35.25  34.68  35.12  3353900  35.12
2012-03-14  35.23  35.52  34.88  34.9  2679900  34.9
2012-03-13  34.7  35.23  34.55  35.18  3505800  35.18
2012-03-12  34.74  34.74  34.37  34.46  2591700  34.46
2012-03-09  34.63  34.94  34.61  34.7  3015500  34.7
2012-03-08  34.63  34.79  34.39  34.67  1889500  34.67
2012-03-07  34.32  34.64  34.13  34.41  2880900  34.41
2012-03-06  33.78  34.4  33.75  34.35  4127000  34.35
2012-03-05  34.64  34.66  33.7  34.02  5825500  34.02
2012-03-02  34.79  35.07  34.54  34.74  2430900  34.74
2012-03-01  35.19  35.59  34.77  34.93  3721600  34.93
2012-02-29  35.76  35.77  35.07  35.17  3548000  35.17
2012-02-28  35.16  35.94  35.16  35.66  2699100  35.66
2012-02-27  35.08  35.47  34.76  35.24  3028700  35.24
2012-02-24  35.23  35.57  35.17  35.46  2045900  35.46
2012-02-23  35.15  35.23  34.81  35.13  2291200  35.13
2012-02-22  35.07  35.32  34.99  35.08  2545600  35.08
2012-02-21  35.46  35.65  35.03  35.13  2524600  35.13
2012-02-17  35.59  35.69  35.26  35.5  3802700  35.5
2012-02-16  34.65  35.69  34.64  35.38  4866900  35.38
2012-02-15  34.81  35.2  34.65  34.71  2253000  34.71
2012-02-14  34.4  34.79  34.39  34.79  2739100  34.79
2012-02-13  34.7  34.76  33.96  34.53  2116200  34.53
2012-02-10  34.76  34.89  34.41  34.6  2800700  34.6
2012-02-09  34.97  35.17  34.66  35.09  2781700  35.09
2012-02-08  34.6  35.04  34.49  34.86  1801900  34.86
2012-02-07  34.47  34.82  34.28  34.66  1985200  34.66
2012-02-06  34.75  34.76  34.19  34.58  1945000  34.58
2012-02-03  34.65  34.99  34.57  34.98  2588500  34.98
2012-02-02  34.35  34.71  34.21  34.3  2617800  34.3
2012-02-01  34.26  34.81  33.99  34.37  3829700  34.37
2012-01-31  34.06  34.15  33.65  33.97  2848100  33.97
2012-01-30  33.76  34.24  33.38  33.97  3447900  33.97
2012-01-27  33.96  34.16  33.79  34.1  3165800  34.1
2012-01-26  33.69  34.21  33.69  33.96  4171600  33.96
2012-01-25  33.75  34.09  33.17  33.65  6061900  33.65
2012-01-24  33.61  34.25  33.54  34.16  3213500  34.16
2012-01-23  33.83  33.98  33.57  33.8  3297200  33.8
2012-01-20  33.63  33.98  33.45  33.89  5766200  33.89
2012-01-19  34.85  34.85  33.2  33.77  13202500  33.77
2012-01-18  32.03  33.61  31.91  33.44  8887500  33.44
2012-01-17  31.41  31.61  31.28  31.6  3277300  31.6
2012-01-13  31.68  31.72  31.15  31.26  3475700  31.26
2012-01-12  31.25  31.81  31.11  31.7  3075800  31.7
2012-01-11  31.17  31.27  30.91  31.12  2476700  31.12
2012-01-10  31.49  31.55  31.01  31.2  1863400  31.2
2012-01-09  30.63  31.33  30.59  31.14  2610200  31.14
2012-01-06  30.63  30.8  30.36  30.48  2531500  30.48
2012-01-05  30.39  30.72  30.2  30.68  2691500  30.68
2012-01-04  30.65  30.65  30.14  30.41  2501300  30.41
2012-01-03  30.83  31.12  30.54  30.73  2374400  30.73
2011-12-30  30.55  30.68  30.35  30.37  1328900  30.37
2011-12-29  30.42  30.61  30.28  30.55  1295500  30.55
2011-12-28  30.53  30.62  30.22  30.29  2108800  30.29
2011-12-27  30.54  30.81  30.36  30.59  1213400  30.59
2011-12-23  30.81  30.81  30.43  30.65  1202900  30.65
2011-12-22  30.37  30.89  30.22  30.59  3409800  30.59
2011-12-21  30.22  30.46  29.83  30.24  3669900  30.24
2011-12-20  29.55  30.44  29.51  30.29  4949300  30.29
2011-12-19  29.18  29.76  28.95  29.0  5278400  29.0
2011-12-16  29.61  30.23  29.46  29.57  5884400  29.57
2011-12-15  29.73  29.84  29.17  29.39  4725900  29.39
2011-12-14  29.89  30.21  29.44  29.55  3820100  29.55
2011-12-13  30.78  31.1  29.79  29.92  3738900  29.92
2011-12-12  30.68  30.68  30.24  30.56  3750100  30.56
2011-12-09  30.25  31.02  30.12  30.92  3623800  30.92
2011-12-08  31.34  31.7  29.89  30.91  3245600  30.91
2011-12-07  31.31  31.84  31.07  31.6  5076200  31.6
2011-12-06  31.7  31.7  31.16  31.45  4446000  31.45
2011-12-05  31.7  31.98  31.42  31.61  5572000  31.61
2011-12-02  31.48  31.89  31.36  31.37  4838000  31.37
2011-12-01  31.2  31.52  31.01  31.32  5412300  31.32
2011-11-30  30.04  31.06  30.03  30.99  5756400  30.99
2011-11-29  29.2  29.72  29.05  29.32  3754800  29.32
2011-11-28  28.91  29.33  28.84  29.12  2993200  29.12
2011-11-25  28.55  28.87  28.42  28.49  1415000  28.49
2011-11-23  29.2  29.27  28.72  28.72  2481200  28.72
2011-11-22  29.51  29.73  29.05  29.46  3499800  29.46
2011-11-21  29.5  29.75  29.17  29.59  3333000  29.59
2011-11-18  30.12  30.41  29.8  29.82  3447800  29.82
2011-11-17  30.78  30.9  29.82  30.09  5669200  30.09
2011-11-16  30.99  31.75  30.91  30.97  4026000  30.97
2011-11-15  30.79  31.49  30.64  31.24  3002800  31.24
2011-11-14  31.12  31.33  30.6  30.8  2901900  30.8
2011-11-11  30.49  31.39  30.47  31.12  3487600  31.12
2011-11-10  30.74  30.74  29.96  30.3  3939300  30.3
2011-11-09  30.98  31.09  30.18  30.27  6005400  30.27
2011-11-08  31.43  31.87  31.09  31.56  3509500  31.56
2011-11-07  30.94  31.3  30.68  31.24  4079100  31.24
2011-11-04  30.36  30.99  30.2  30.94  6006200  30.94
2011-11-03  30.16  30.62  29.81  30.54  8034900  30.54
2011-11-02  31.5  31.5  29.78  29.96  9214700  29.96
2011-11-01  30.84  31.29  30.59  30.63  8031000  30.63
2011-10-31  31.15  31.96  31.07  31.52  6897600  31.52
2011-10-28  31.24  31.65  30.9  31.26  3047600  31.26
2011-10-27  30.65  31.5  30.53  31.32  5924800  31.32
2011-10-26  29.88  30.36  29.51  29.97  5353800  29.97
2011-10-25  29.6  30.12  29.48  29.73  5914200  29.73
2011-10-24  29.13  30.08  28.98  29.66  5147700  29.66
2011-10-21  28.28  29.04  28.27  28.47  5355200  28.47
2011-10-20  28.43  29.17  27.52  27.88  7496500  27.88
2011-10-19  28.77  28.77  27.8  27.88  6582500  27.88
2011-10-18  28.31  29.16  28.05  29.02  4037300  29.02
2011-10-17  28.78  28.9  28.27  28.51  5473500  28.51
2011-10-14  28.62  28.81  28.08  28.81  4737200  28.81
2011-10-13  27.62  28.5  27.46  28.3  4199700  28.3
2011-10-12  28.01  28.16  27.7  27.77  4760500  27.77
2011-10-11  27.75  28.02  27.57  27.71  3201300  27.71
2011-10-10  27.36  28.06  27.28  27.84  2977700  27.84
2011-10-07  27.12  27.47  26.66  27.11  4831100  27.11
2011-10-06  26.65  27.04  26.29  27.02  4202500  27.02
2011-10-05  26.39  26.97  25.96  26.64  5425900  26.64
2011-10-04  25.11  26.58  25.01  26.42  7198500  26.42
2011-10-03  25.64  26.19  25.22  25.49  4626700  25.49
2011-09-30  26.43  26.67  25.85  25.85  4299900  25.85
2011-09-29  27.25  27.44  26.24  26.71  4798000  26.71
2011-09-28  27.65  27.74  26.83  26.87  4241800  26.87
2011-09-27  27.48  28.05  27.23  27.52  3738600  27.52
2011-09-26  27.41  27.48  26.46  27.17  5277300  27.17
2011-09-23  26.54  27.48  26.21  27.24  4666200  27.24
2011-09-22  26.92  27.11  26.04  26.64  8092000  26.64
2011-09-21  28.26  28.51  27.52  27.54  7116300  27.54
2011-09-20  29.32  29.61  28.22  28.29  9521300  28.29
2011-09-19  29.45  29.84  29.3  29.62  3130000  29.62
2011-09-16  29.95  30.35  29.76  29.9  3854300  29.9
2011-09-15  30.01  30.04  29.17  29.83  4721100  29.83
2011-09-14  29.5  30.13  29.14  29.72  4921800  29.72
2011-09-13  29.0  29.46  28.87  29.28  4713100  29.28
2011-09-12  28.03  29.03  28.01  28.99  4948300  28.99
2011-09-09  28.5  28.98  28.03  28.27  5186800  28.27
2011-09-08  28.58  29.35  28.41  28.78  3148300  28.78
2011-09-07  28.79  29.09  28.31  28.68  5455400  28.68
2011-09-06  27.48  28.64  27.43  28.61  5756100  28.61
2011-09-02  28.35  28.67  27.85  28.07  6439900  28.07
2011-09-01  29.48  29.65  29.04  29.04  4038000  29.04
2011-08-31  29.71  29.73  28.98  29.33  5694100  29.33
2011-08-30  29.3  29.75  29.18  29.62  4754200  29.62
2011-08-29  28.81  29.43  28.66  29.4  3597400  29.4
2011-08-26  27.54  28.49  27.33  28.48  4702600  28.48
2011-08-25  28.14  28.32  27.71  27.75  3989700  27.75
2011-08-24  28.23  28.26  27.65  28.06  3819800  28.06
2011-08-23  27.31  28.33  27.21  28.31  5328400  28.31
2011-08-22  27.22  27.47  26.95  27.18  4586200  27.18
2011-08-19  26.82  27.57  26.62  26.71  4382500  26.71
2011-08-18  27.63  27.64  26.83  27.13  6209000  27.13
2011-08-17  28.41  28.99  28.17  28.47  3784200  28.47
2011-08-16  28.76  28.92  28.19  28.48  5220200  28.48
2011-08-15  28.47  28.98  28.47  28.96  2661700  28.96
2011-08-12  28.22  28.62  28.06  28.36  4568700  28.36
2011-08-11  27.33  28.7  27.33  28.44  8209900  28.44
2011-08-10  27.26  28.39  26.94  27.57  9859500  27.57
2011-08-09  27.45  28.3  26.51  27.95  9556100  27.95
2011-08-08  27.06  27.95  26.9  27.18  8927200  27.18
2011-08-05  28.36  28.8  27.42  28.01  10502600  28.01
2011-08-04  29.03  29.2  28.1  28.13  7241100  28.13
2011-08-03  29.05  29.48  28.52  29.4  4588200  29.4
2011-08-02  29.47  29.79  28.95  28.98  6261900  28.98
2011-08-01  30.29  30.44  29.38  29.8  4148400  29.8
2011-07-29  29.82  30.4  29.58  30.04  5712900  30.04
2011-07-28  30.2  30.6  29.91  30.04  3779900  30.04
2011-07-27  31.03  31.03  30.02  30.2  7694000  30.2
2011-07-26  31.35  31.87  31.29  31.35  2611900  31.35
2011-07-25  31.06  31.58  30.98  31.28  3334200  31.28
2011-07-22  31.46  31.86  31.15  31.5  4275700  31.5
2011-07-21  29.88  31.62  29.77  31.55  10622500  31.55
2011-07-20  31.16  31.45  30.7  31.06  6247900  31.06
2011-07-19  31.37  31.75  31.35  31.53  3999300  31.53
2011-07-18  31.31  31.41  30.9  31.15  3508400  31.15
2011-07-15  31.49  31.55  30.95  31.34  4821200  31.34
2011-07-14  31.92  32.12  31.18  31.38  4604300  31.38
2011-07-13  32.36  32.38  31.59  31.75  4900000  31.75
2011-07-12  33.33  33.34  31.56  32.11  7963600  32.11
2011-07-11  33.47  34.07  33.25  33.38  3293900  33.38
2011-07-08  34.31  34.39  33.48  33.92  3959000  33.92
2011-07-07  34.42  34.97  34.24  34.73  4470400  34.73
2011-07-06  34.17  34.37  33.88  34.18  3234200  34.18
2011-07-05  34.69  34.77  34.19  34.28  3171400  34.28
2011-07-01  34.23  34.85  34.03  34.69  3763500  34.69
2011-06-30  33.26  34.25  33.2  34.13  4669100  34.13
2011-06-29  33.3  33.51  32.85  33.11  3196400  33.11
2011-06-28  32.9  33.25  32.84  33.21  2754400  33.21
2011-06-27  32.4  33.19  32.18  32.92  3817500  32.92
2011-06-24  32.64  33.02  32.35  32.42  5578600  32.42
2011-06-23  31.63  32.76  31.49  32.73  5459500  32.73
2011-06-22  31.92  32.25  31.56  32.03  3413700  32.03
2011-06-21  31.62  32.17  31.31  32.0  3221200  32.0
2011-06-20  30.82  31.47  30.79  31.45  3917000  31.45
2011-06-17  31.58  31.62  30.81  30.84  6862100  30.84
2011-06-16  31.48  31.59  30.82  31.11  5007600  31.11
2011-06-15  31.31  31.96  31.1  31.45  6391000  31.45
2011-06-14  31.48  31.79  31.43  31.65  2890800  31.65
2011-06-13  31.21  31.54  31.03  31.21  3166000  31.21
2011-06-10  31.54  31.64  31.17  31.41  5174200  31.41
2011-06-09  31.32  31.82  31.05  31.65  4450000  31.65
2011-06-08  31.82  31.86  31.08  31.22  4520600  31.22
2011-06-07  32.01  32.31  31.87  32.01  3957000  32.01
2011-06-06  31.57  31.95  31.48  31.6  3787000  31.6
2011-06-03  32.28  32.43  31.51  31.57  4290100  31.57
2011-06-02  32.62  32.9  32.31  32.61  3167000  32.61
2011-06-01  33.39  33.4  32.44  32.45  3956800  32.45
2011-05-31  33.06  33.68  33.02  33.4  5648100  33.4
2011-05-27  32.56  32.84  32.46  32.68  2334700  32.68
2011-05-26  32.22  32.69  32.06  32.52  3817900  32.52
2011-05-25  32.31  32.54  32.12  32.31  3945700  32.31
2011-05-24  32.66  32.74  32.22  32.24  3773700  32.24
2011-05-23  33.08  33.13  32.56  32.6  4400000  32.6
2011-05-20  33.7  33.84  33.28  33.48  3413800  33.48
2011-05-19  33.97  34.02  33.54  33.75  2526000  33.75
2011-05-18  33.08  34.04  33.04  33.96  3316200  33.96
2011-05-17  32.97  33.06  32.58  33.02  4627900  33.02
2011-05-16  33.31  33.64  32.93  33.11  3308600  33.11
2011-05-13  33.76  33.81  33.28  33.47  3234900  33.47
2011-05-12  33.04  33.97  32.97  33.75  3800000  33.75
2011-05-11  33.31  33.41  32.8  33.14  3000000  33.14
2011-05-10  33.28  33.41  32.98  33.36  4203600  33.36
2011-05-09  33.33  33.33  32.77  33.11  3628600  33.11
2011-05-06  33.48  33.69  33.21  33.27  4631100  33.27
2011-05-05  32.58  33.42  32.54  33.15  6200000  33.15
2011-05-04  32.59  32.94  32.32  32.73  4865300  32.73
2011-05-03  32.58  32.77  32.15  32.47  4300000  32.47
2011-05-02  32.59  32.81  32.32  32.6  4920800  32.6
2011-04-29  32.35  32.94  32.35  32.46  9016800  32.46
2011-04-28  30.85  32.6  30.66  32.54  12000000  32.54
2011-04-27  30.49  30.84  30.11  30.59  6566700  30.59
2011-04-26  29.64  30.47  29.59  30.26  5800000  30.26
2011-04-25  29.49  29.69  29.35  29.65  2816900  29.65
2011-04-21  29.49  29.76  29.43  29.58  2348700  29.58
2011-04-20  28.95  29.66  28.95  29.53  4372000  29.53
2011-04-19  28.6  28.73  28.36  28.44  4054200  28.44
2011-04-18  28.95  29.01  28.42  28.58  4723400  28.58
2011-04-15  29.09  29.37  28.7  29.29  3294800  29.29
2011-04-14  28.74  29.07  28.66  28.96  3356800  28.96
2011-04-13  28.67  29.04  28.53  29.03  4444600  29.03
2011-04-12  29.03  29.06  28.45  28.53  5223100  28.53
2011-04-11  29.54  29.54  29.11  29.16  2780600  29.16
2011-04-08  29.73  30.17  29.27  29.47  2899900  29.47
2011-04-07  29.76  30.01  29.45  29.67  4263600  29.67
2011-04-06  29.84  30.05  29.59  29.9  3372800  29.9
2011-04-05  29.88  30.1  29.56  29.63  4490700  29.63
2011-04-04  30.06  30.15  29.36  29.63  3697000  29.63
2011-04-01  30.9  30.9  29.9  29.93  4075400  29.93
2011-03-31  30.51  30.83  30.26  30.54  3262500  30.54
2011-03-30  30.9  30.96  30.43  30.56  3159400  30.56
2011-03-29  30.58  30.85  30.14  30.72  2813400  30.72
2011-03-28  30.9  30.92  30.51  30.57  2630500  30.57
2011-03-25  30.9  31.19  30.56  30.7  5089500  30.7
2011-03-24  30.52  30.77  30.13  30.71  3546500  30.71
2011-03-23  29.77  30.36  29.62  30.27  4473100  30.27
2011-03-22  29.98  30.34  29.77  29.77  3879100  29.77
2011-03-21  29.89  30.54  29.81  30.07  3345700  30.07
2011-03-18  29.78  29.92  29.31  29.58  7147600  29.58
2011-03-17  30.07  30.19  29.44  29.45  5408000  29.45
2011-03-16  29.2  30.64  29.07  29.67  13807900  29.67
2011-03-15  28.35  29.46  28.0  29.21  6664500  29.21
2011-03-14  30.09  30.38  29.31  29.63  6525100  29.63
2011-03-11  29.49  30.22  29.47  30.1  3920400  30.1
2011-03-10  29.35  30.15  29.07  29.7  7102500  29.7
2011-03-09  31.09  31.27  29.49  29.83  10772800  29.83
2011-03-08  31.89  32.08  31.55  31.58  5456500  31.58
2011-03-07  32.72  32.72  31.2  31.8  7016800  31.8
2011-03-04  32.64  32.72  32.28  32.55  4000400  32.55
2011-03-03  32.49  32.98  32.43  32.69  6676500  32.69
2011-03-02  31.02  32.5  31.02  32.16  8608900  32.16
2011-03-01  31.05  31.25  30.42  30.44  4965900  30.44
2011-02-28  31.47  31.5  30.66  30.96  2937000  30.96
2011-02-25  30.83  31.48  30.82  31.46  2410800  31.46
2011-02-24  30.58  30.88  30.25  30.68  4141400  30.68
2011-02-23  30.74  30.88  30.21  30.61  4309400  30.61
2011-02-22  31.16  31.5  30.75  30.81  4176100  30.81
2011-02-18  31.65  31.65  31.23  31.58  4247200  31.58
2011-02-17  31.07  31.74  31.0  31.53  2583100  31.53
2011-02-16  31.49  31.72  31.3  31.52  3756500  31.52
2011-02-15  31.28  31.48  31.0  31.4  2600400  31.4
2011-02-14  31.45  31.77  31.29  31.46  2746900  31.46
2011-02-11  31.04  31.57  30.91  31.45  2490900  31.45
2011-02-10  30.67  31.18  30.49  31.11  4131500  31.11
2011-02-09  30.99  31.33  30.94  30.99  2995500  30.99
2011-02-08  31.05  31.12  30.77  31.05  3070600  31.05
2011-02-07  31.19  31.45  30.88  30.99  3111000  30.99
2011-02-04  30.45  31.21  30.36  31.15  4749700  31.15
2011-02-03  30.45  30.58  30.14  30.4  3538800  30.4
2011-02-02  30.64  31.11  30.58  30.65  4981200  30.65
2011-02-01  29.84  30.94  29.83  30.79  5810000  30.79
2011-01-31  29.87  30.1  29.66  29.84  4007800  29.84
2011-01-28  30.51  30.8  29.74  29.83  5862200  29.83
2011-01-27  29.89  30.61  29.81  30.44  6008500  30.44
2011-01-26  29.88  29.99  29.39  29.81  7062800  29.81
2011-01-25  29.57  29.83  29.31  29.63  5878100  29.63
2011-01-24  28.97  29.58  28.92  29.45  5180800  29.45
2011-01-21  29.1  29.46  28.91  28.98  5622500  28.98
2011-01-20  28.73  29.24  28.37  28.97  15058100  28.97
2011-01-19  29.1  29.31  28.67  28.74  9142500  28.74
2011-01-18  29.38  29.65  29.25  29.44  4743100  29.44
2011-01-14  28.65  29.39  28.64  29.36  4234900  29.36
2011-01-13  28.18  28.81  28.18  28.62  3623600  28.62
2011-01-12  28.46  28.82  28.27  28.72  6330100  28.72
2011-01-11  28.03  28.29  27.84  28.27  4097400  28.27
2011-01-10  27.79  28.05  27.54  27.99  3564200  27.99
2011-01-07  28.02  28.18  27.47  27.77  5513900  27.77
2011-01-06  27.46  27.93  27.44  27.93  4915000  27.93
2011-01-05  27.22  27.49  26.96  27.46  4237200  27.46
2011-01-04  27.31  27.42  27.08  27.37  4958700  27.37
2011-01-03  27.13  27.39  26.93  27.26  4413300  27.26
2010-12-31  26.94  27.03  26.72  26.85  2083100  26.85
2010-12-30  26.87  27.13  26.75  26.93  2387500  26.93
2010-12-29  26.95  27.0  26.8  26.87  2418400  26.87
2010-12-28  26.89  26.98  26.73  26.9  2815000  26.9
2010-12-27  26.69  26.93  26.34  26.86  3037500  26.86
2010-12-23  26.35  26.92  26.3  26.71  5827600  26.71
2010-12-22  25.11  26.66  24.65  26.53  25817700  26.53
2010-12-21  26.18  26.37  26.17  26.31  2758200  26.31
2010-12-20  26.14  26.24  25.94  26.05  4651700  26.05
2010-12-17  26.29  26.48  25.85  26.14  8753000  26.14
2010-12-16  26.23  26.6  26.0  26.56  4919000  26.56
2010-12-15  26.32  26.51  26.08  26.16  4877700  26.16
2010-12-14  26.54  26.54  26.21  26.44  3716600  26.44
2010-12-13  26.6  26.67  26.38  26.42  3345900  26.42
2010-12-10  26.51  26.67  26.41  26.55  4443200  26.55
2010-12-09  26.87  26.87  26.36  26.41  3919800  26.41
2010-12-08  26.54  26.73  26.39  26.73  4586600  26.73
2010-12-07  26.87  26.99  26.43  26.49  4495900  26.49
2010-12-06  26.81  26.86  26.37  26.51  3749600  26.51
2010-12-03  26.41  26.87  26.37  26.75  4630400  26.75
2010-12-02  25.95  26.5  25.86  26.44  5725600  26.44
2010-12-01  25.46  26.02  25.4  25.94  6027800  25.94
2010-11-30  25.02  25.34  24.94  25.14  6254300  25.14
2010-11-29  25.36  25.61  25.16  25.42  5054000  25.42
2010-11-26  25.48  25.64  25.33  25.5  1786100  25.5
2010-11-24  25.43  25.93  25.43  25.65  5373500  25.65
2010-11-23  25.1  25.5  25.01  25.28  7130500  25.28
2010-11-22  25.08  25.44  24.92  25.27  6788400  25.27
2010-11-19  24.97  25.37  24.93  25.18  6360100  25.18
2010-11-18  25.04  25.19  24.8  25.04  7545200  25.04
2010-11-17  24.36  24.85  24.26  24.74  7052000  24.74
2010-11-16  24.26  24.52  24.15  24.37  6308600  24.37
2010-11-15  24.76  24.97  24.4  24.51  7058100  24.51
2010-11-12  24.46  24.92  24.37  24.68  8119900  24.68
2010-11-11  24.19  24.69  23.75  24.55  10327300  24.55
2010-11-10  25.35  25.54  25.11  25.41  4820600  25.41
2010-11-09  25.8  25.85  25.2  25.36  6351800  25.36
2010-11-08  25.49  25.84  25.48  25.78  7675500  25.78
2010-11-05  25.71  25.73  25.44  25.55  5099200  25.55
2010-11-04  25.37  25.75  25.22  25.66  12164000  25.66
2010-11-03  25.32  25.32  24.76  25.09  8300000  25.09
2010-11-02  24.93  25.13  24.86  25.01  5653000  25.01
2010-11-01  24.88  25.09  24.63  24.72  7674600  24.72
2010-10-29  24.15  24.8  24.12  24.69  10467600  24.69
2010-10-28  24.08  24.31  23.81  24.16  8561700  24.16
2010-10-27  23.17  24.12  23.15  24.06  8660000  24.06
2010-10-26  23.38  23.59  23.15  23.32  5389100  23.32
2010-10-25  23.4  23.63  23.31  23.45  4557600  23.45
2010-10-22  23.2  23.33  22.98  23.22  7167200  23.22
2010-10-21  23.33  23.52  22.82  23.19  21218800  23.19
2010-10-20  24.14  24.26  23.55  23.96  9886300  23.96
2010-10-19  24.04  24.6  23.8  24.27  6683900  24.27
2010-10-18  24.18  24.4  23.81  24.27  5736300  24.27
2010-10-15  24.61  24.61  24.18  24.39  6536400  24.39
2010-10-14  24.49  24.68  24.24  24.39  5569700  24.39
2010-10-13  24.88  24.88  24.28  24.48  7186500  24.48
2010-10-12  24.58  24.84  24.35  24.72  8025100  24.72
2010-10-11  23.98  24.66  23.87  24.51  7449300  24.51
2010-10-08  23.87  24.15  23.51  24.03  9660800  24.03
2010-10-07  23.71  23.9  23.42  23.89  7533000  23.89
2010-10-06  23.91  24.0  23.34  23.69  8580200  23.69
2010-10-05  23.95  24.35  23.81  24.27  5375000  24.27
2010-10-04  24.31  24.31  23.31  23.72  9820700  23.72
2010-10-01  24.06  24.5  23.85  24.27  9333400  24.27
2010-09-30  25.01  25.19  24.24  24.54  8313200  24.54
2010-09-29  24.53  25.07  24.51  24.92  9469200  24.92
2010-09-28  24.35  24.72  23.91  24.7  7246100  24.7
2010-09-27  24.45  24.46  24.04  24.12  3698400  24.12
2010-09-24  23.68  24.5  23.62  24.45  8260100  24.45
2010-09-23  23.19  23.75  23.01  23.34  6796000  23.34
2010-09-22  23.71  23.73  23.0  23.34  13001400  23.34
2010-09-21  24.09  24.15  23.88  23.97  5209200  23.97
2010-09-20  24.09  24.18  23.67  24.12  9585000  24.12
2010-09-17  24.27  24.64  24.12  24.37  8697900  24.37
2010-09-16  23.98  24.26  23.9  24.2  5435000  24.2
2010-09-15  23.95  24.11  23.78  24.01  5883300  24.01
2010-09-14  23.32  24.18  23.28  24.07  10873700  24.07
2010-09-13  22.86  23.41  22.86  23.29  5156500  23.29
2010-09-10  22.8  22.98  22.36  22.73  5344700  22.73
2010-09-09  23.38  23.43  22.77  22.81  7102100  22.81
2010-09-08  22.98  23.18  22.62  23.15  8261700  23.15
2010-09-07  23.25  23.39  22.89  23.0  5038700  23.0
2010-09-03  23.44  23.73  23.12  23.39  5261700  23.39
2010-09-02  22.91  23.31  22.69  23.2  6230300  23.2
2010-09-01  22.53  23.13  22.52  22.73  7879100  22.73
2010-08-31  22.24  22.61  22.11  22.24  8847000  22.24
2010-08-30  22.81  22.96  22.4  22.4  6034400  22.4
2010-08-27  22.69  23.03  22.08  22.97  8302600  22.97
2010-08-26  23.12  23.18  22.42  22.55  7040700  22.55
2010-08-25  22.81  23.1  22.53  22.99  6947600  22.99
2010-08-24  22.73  23.03  22.56  22.93  7019900  22.93
2010-08-23  23.57  23.59  22.92  23.08  7925400  23.08
2010-08-20  23.27  23.63  23.2  23.45  5198200  23.45
2010-08-19  23.49  23.78  23.21  23.31  5775000  23.31
2010-08-18  23.35  23.8  23.2  23.62  7544800  23.62
2010-08-17  23.23  23.67  23.12  23.41  6004000  23.41
2010-08-16  22.84  23.33  22.55  23.13  5909500  23.13
2010-08-13  23.36  23.64  23.06  23.07  8229200  23.07
2010-08-12  23.08  24.73  22.37  23.49  14968100  23.49
2010-08-11  24.92  24.98  24.6  24.74  8545600  24.74
2010-08-10  25.36  25.48  24.97  25.39  8126800  25.39
2010-08-09  25.72  25.74  25.32  25.55  3996400  25.55
2010-08-06  25.28  25.72  25.14  25.56  4501200  25.56
2010-08-05  25.61  25.93  25.4  25.53  4324300  25.53
2010-08-04  25.58  25.72  25.26  25.68  3350100  25.68
2010-08-03  25.66  25.68  25.32  25.53  3745500  25.53
2010-08-02  25.75  25.82  25.36  25.7  6194300  25.7
2010-07-30  25.23  25.76  24.76  25.57  8919400  25.57
2010-07-29  26.15  26.37  25.19  25.47  9126700  25.47
2010-07-28  26.36  26.49  25.97  26.1  5780100  26.1
2010-07-27  26.84  26.93  26.45  26.5  9602600  26.5
2010-07-26  26.66  26.86  26.27  26.82  6591900  26.82
2010-07-23  26.26  26.89  25.82  26.75  10400900  26.75
2010-07-22  25.34  26.49  25.21  26.36  11464100  26.36
2010-07-21  25.83  25.89  25.09  25.46  10079800  25.46
2010-07-20  25.62  26.09  25.12  26.06  9905100  26.06
2010-07-19  25.41  26.3  25.41  26.3  9264500  26.3
2010-07-16  25.89  25.96  25.22  25.27  9481600  25.27
2010-07-15  25.82  26.2  25.4  26.14  8442500  26.14
2010-07-14  26.33  26.67  25.62  25.81  9442400  25.81
2010-07-13  25.68  26.42  25.6  26.23  9526000  26.23
2010-07-12  25.25  25.85  25.21  25.5  7039000  25.5
2010-07-09  24.75  25.35  24.62  25.3  7226700  25.3
2010-07-08  24.7  24.82  24.37  24.75  12860000  24.75
2010-07-07  23.29  24.69  23.18  24.65  13727500  24.65
2010-07-06  23.46  23.77  23.06  23.26  10364300  23.26
2010-07-02  23.46  23.46  22.84  23.2  4890400  23.2
2010-07-01  23.11  23.55  22.73  23.39  9288300  23.39
2010-06-30  23.24  23.65  23.08  23.14  7974000  23.14
2010-06-29  23.5  23.6  23.0  23.16  9029700  23.16
2010-06-28  23.84  24.08  23.5  23.86  5496400  23.86
2010-06-25  23.84  23.88  23.34  23.72  5213400  23.72
2010-06-24  24.11  24.11  23.59  23.73  5532600  23.73
2010-06-23  23.87  24.32  23.64  24.05  5441300  24.05
2010-06-22  24.13  24.5  23.74  23.83  4992700  23.83
2010-06-21  24.71  24.85  23.94  24.1  5990800  24.1
2010-06-18  24.45  24.74  24.38  24.55  7086100  24.55
2010-06-17  24.61  24.63  24.01  24.42  6368000  24.42
2010-06-16  24.03  24.61  23.81  24.42  7478500  24.42
2010-06-15  22.98  24.27  22.8  24.14  11989200  24.14
2010-06-14  23.11  23.34  22.7  22.76  6426100  22.76
2010-06-11  22.2  23.09  22.2  22.96  7527600  22.96
2010-06-10  22.14  22.65  21.99  22.52  9346200  22.52
2010-06-09  22.21  22.47  21.7  21.79  8407600  21.79
2010-06-08  22.33  22.33  21.5  22.12  12405100  22.12
2010-06-07  22.94  23.18  22.17  22.25  12381800  22.25
2010-06-04  22.81  23.47  22.73  22.86  18108200  22.86
2010-06-03  22.59  23.39  22.58  23.12  10480100  23.12
2010-06-02  21.96  22.6  21.78  22.59  7131100  22.59
2010-06-01  22.19  22.57  21.87  21.89  6091900  21.89
2010-05-28  22.8  22.8  22.06  22.4  6766700  22.4
2010-05-27  22.31  22.8  22.3  22.79  8288900  22.79
2010-05-26  21.86  22.31  21.74  21.78  9098800  21.78
2010-05-25  21.14  21.77  20.83  21.74  9866700  21.74
2010-05-24  22.07  22.33  21.67  21.69  7606900  21.69
2010-05-21  21.48  22.72  21.32  22.29  14162500  22.29
2010-05-20  21.78  22.27  21.3  21.9  13205600  21.9
2010-05-19  21.97  22.48  21.72  22.21  7612100  22.21
2010-05-18  22.78  22.91  21.92  22.04  8997200  22.04
2010-05-17  21.74  22.76  21.74  22.7  11557800  22.7
2010-05-14  22.32  22.34  21.4  21.88  10129600  21.88
2010-05-13  23.05  23.24  22.32  22.43  9056700  22.43
2010-05-12  23.07  23.42  22.8  23.37  6865900  23.37
2010-05-11  22.74  23.2  22.46  22.8  7140300  22.8
2010-05-10  23.13  23.28  22.66  22.96  6450300  22.96
2010-05-07  22.2  22.84  21.54  22.24  12498300  22.24
2010-05-06  22.94  23.26  21.14  22.49  11654000  22.49
2010-05-05  23.04  23.5  22.68  23.04  8170000  23.04
2010-05-04  23.76  23.76  22.82  23.18  9817500  23.18
2010-05-03  23.57  24.11  23.56  23.98  6051700  23.98
2010-04-30  24.46  24.48  23.43  23.47  9880500  23.47
2010-04-29  23.97  24.45  23.9  24.38  10503400  24.38
2010-04-28  24.25  24.32  23.88  24.23  8560500  24.23
2010-04-27  24.57  24.6  23.83  23.93  12673500  23.93
2010-04-26  24.79  25.06  24.7  24.78  3801000  24.78
2010-04-23  25.02  25.09  24.42  24.84  5487800  24.84
2010-04-22  24.51  25.1  24.01  25.04  6959700  25.04
2010-04-21  25.34  25.48  24.19  24.76  8985600  24.76
2010-04-20  24.79  25.16  24.76  25.13  4857300  25.13
2010-04-19  24.94  25.11  24.37  24.8  6100200  24.8
2010-04-16  25.18  25.18  24.67  25.01  6050300  25.01
2010-04-15  25.03  25.36  24.42  25.23  4701000  25.23
2010-04-14  24.8  25.19  24.76  25.16  5772900  25.16
2010-04-13  24.27  24.48  24.12  24.42  3555300  24.42
2010-04-12  24.12  24.38  24.04  24.23  3410100  24.23
2010-04-09  23.88  24.05  23.77  24.0  2579700  24.0
2010-04-08  24.08  24.11  23.64  23.86  4431600  23.86
2010-04-07  24.11  24.41  23.85  24.18  5769500  24.18
2010-04-06  23.92  24.28  23.79  24.14  5929900  24.14
2010-04-05  23.32  24.11  23.32  23.97  4936200  23.97
2010-04-01  23.38  23.77  23.11  23.37  4865200  23.37
2010-03-31  23.2  23.43  23.13  23.2  6212900  23.2
2010-03-30  23.42  23.52  23.13  23.4  5891300  23.4
2010-03-29  23.26  23.56  23.21  23.39  8947400  23.39
2010-03-26  23.15  23.44  22.92  23.11  7408300  23.11
2010-03-25  23.62  23.88  23.12  23.16  11107100  23.16
2010-03-24  24.52  24.52  23.42  23.48  14273500  23.48
2010-03-23  24.76  24.94  24.48  24.86  5052800  24.86
2010-03-22  24.15  24.74  24.04  24.63  4172400  24.63
2010-03-19  24.72  24.75  23.9  24.2  8786400  24.2
2010-03-18  24.77  25.0  24.4  24.62  6237900  24.62
2010-03-17  24.63  25.02  24.57  24.85  5624900  24.85
2010-03-16  23.98  24.65  23.98  24.5  5470700  24.5
2010-03-15  24.16  24.21  23.84  23.98  5340800  23.98
2010-03-12  24.16  24.33  24.06  24.21  6011300  24.21
2010-03-11  24.34  24.42  23.97  24.11  8792900  24.11
2010-03-10  24.16  24.56  24.16  24.48  4868400  24.48
2010-03-09  24.21  24.38  24.06  24.22  4541600  24.22
2010-03-08  24.38  24.45  24.23  24.23  3568600  24.23
2010-03-05  24.14  24.46  23.95  24.3  5678800  24.3
2010-03-04  23.66  23.93  23.46  23.86  4816800  23.86
2010-03-03  24.11  24.26  23.76  23.84  4859700  23.84
2010-03-02  24.06  24.34  23.86  24.0  5674700  24.0
2010-03-01  23.72  24.09  23.64  24.02  5269600  24.02
2010-02-26  23.64  23.69  23.33  23.5  5367200  23.5
2010-02-25  23.2  23.71  23.14  23.64  6591200  23.64
2010-02-24  23.07  23.9  23.0  23.57  11894900  23.57
2010-02-23  23.01  23.14  22.65  22.88  7812200  22.88
2010-02-22  23.46  23.46  23.07  23.2  5627100  23.2
2010-02-19  23.14  23.52  23.04  23.39  5413300  23.39
2010-02-18  22.9  23.32  22.76  23.22  7991100  23.22
2010-02-17  22.8  22.99  22.62  22.84  4874800  22.84
2010-02-16  22.52  22.9  22.43  22.78  5083000  22.78
2010-02-12  22.12  22.69  21.88  22.35  6154600  22.35
2010-02-11  21.73  22.41  21.63  22.26  11478100  22.26
2010-02-10  21.58  21.9  21.5  21.79  5812000  21.79
2010-02-09  21.63  21.98  21.46  21.66  8005700  21.66
2010-02-08  21.43  21.79  21.09  21.35  5811900  21.35
2010-02-05  21.11  21.47  20.84  21.35  11924400  21.35
2010-02-04  21.78  21.83  20.88  21.04  10611600  21.04
2010-02-03  21.82  22.26  21.71  22.15  6484300  22.15
2010-02-02  21.77  22.01  21.59  21.93  4727900  21.93
2010-02-01  21.25  21.79  21.23  21.67  5645000  21.67
2010-01-29  21.61  22.09  21.2  21.31  12612400  21.31
2010-01-28  22.12  22.12  21.33  21.7  8493700  21.7
2010-01-27  21.94  22.34  21.76  22.12  7036200  22.12
2010-01-26  21.94  22.08  21.76  21.89  8235300  21.89
2010-01-25  21.69  22.29  21.66  22.03  11561400  22.03
2010-01-22  22.68  22.75  21.49  21.54  13790600  21.54
2010-01-21  21.76  22.96  21.42  22.82  20768000  22.82
2010-01-20  21.5  21.69  21.11  21.63  9186100  21.63
2010-01-19  21.6  21.63  21.29  21.58  7132600  21.58
2010-01-15  21.8  21.97  21.05  21.26  7072500  21.26
2010-01-14  21.66  21.84  21.49  21.79  4906500  21.79
2010-01-13  21.83  21.99  21.34  21.92  7026600  21.92
2010-01-12  22.01  22.09  21.51  21.73  6111800  21.73
2010-01-11  22.6  22.72  22.06  22.36  5611800  22.36
2010-01-08  22.17  22.64  22.04  22.59  5005800  22.59
2010-01-07  22.47  22.47  22.01  22.27  9252700  22.27
2010-01-06  22.59  22.93  22.32  22.49  6329200  22.49
2010-01-05  22.89  23.03  22.46  22.65  3469700  22.65
2010-01-04  22.9  23.16  22.8  22.94  2824700  22.94
