Date  Open  High  Low  Close  Volume  Adj Close
2014-02-28  39.28  39.54  39.06  39.35  866900  39.35
2014-02-27  39.24  39.47  38.93  39.37  573400  39.37
2014-02-26  38.93  39.44  38.71  39.25  1059500  39.25
2014-02-25  39.45  39.6  38.66  38.76  919700  38.76
2014-02-24  38.92  39.79  38.77  39.4  1167700  39.4
2014-02-21  38.8  39.07  38.71  38.86  1321000  38.86
2014-02-20  37.76  38.79  37.66  38.71  852200  38.71
2014-02-19  38.53  38.75  37.53  37.62  1100200  37.62
2014-02-18  38.24  38.73  38.07  38.57  1426000  38.57
2014-02-14  37.73  38.06  37.71  38.05  881200  38.05
2014-02-13  37.04  37.71  36.89  37.71  1030000  37.71
2014-02-12  37.12  37.46  37.09  37.27  1110000  37.27
2014-02-11  36.88  37.28  36.72  36.97  1414400  36.97
2014-02-10  36.88  37.01  36.29  36.76  835900  36.76
2014-02-07  36.61  37.09  36.53  36.83  1436100  36.83
2014-02-06  35.47  36.53  35.47  36.34  1622500  36.34
2014-02-05  36.19  36.36  35.27  35.4  2203800  35.4
2014-02-04  34.74  36.3  34.31  36.15  3716300  36.15
2014-02-03  33.25  33.41  32.52  32.69  3086600  32.69
2014-01-31  32.89  33.28  32.51  33.25  1939700  33.25
2014-01-30  33.46  33.57  33.22  33.25  1397700  33.25
2014-01-29  33.6  34.21  33.1  33.13  1217300  33.13
2014-01-28  33.43  33.9  33.32  33.8  909500  33.8
2014-01-27  33.6  33.69  32.97  33.28  1654700  33.28
2014-01-24  35.12  35.19  33.53  33.57  1574700  33.57
2014-01-23  36.12  36.2  35.17  35.32  1027100  35.32
2014-01-22  36.15  36.52  35.88  36.37  1207400  36.37
2014-01-21  36.57  36.61  35.55  35.8  1515000  35.8
2014-01-17  36.64  36.93  36.31  36.45  868300  36.45
2014-01-16  36.16  36.89  35.98  36.52  1238300  36.52
2014-01-15  35.66  36.32  35.66  36.25  2145200  36.25
2014-01-14  34.92  35.47  34.74  35.46  1716700  35.46
2014-01-13  34.77  35.18  34.71  34.9  1856700  34.9
2014-01-10  34.43  35.17  34.43  34.79  955700  34.79
2014-01-09  34.43  34.65  34.25  34.51  760800  34.51
2014-01-08  34.32  34.51  34.01  34.37  1235000  34.37
2014-01-07  34.35  34.72  34.28  34.39  611100  34.39
2014-01-06  34.52  34.77  34.21  34.29  849400  34.29
2014-01-03  34.03  34.73  34.03  34.35  454500  34.35
2014-01-02  34.27  34.38  33.87  34.04  765100  34.04
2013-12-31  34.53  34.75  34.47  34.48  558000  34.48
2013-12-30  34.37  34.72  34.32  34.46  561700  34.46
2013-12-27  34.57  34.76  34.35  34.43  242700  34.43
2013-12-26  34.39  34.67  34.36  34.57  270800  34.57
2013-12-24  34.11  34.38  34.06  34.21  311200  34.21
2013-12-23  34.19  34.43  34.05  34.07  704900  34.07
2013-12-20  34.17  34.34  33.83  33.96  1959300  33.96
2013-12-19  34.4  34.67  33.95  34.04  1205100  34.04
2013-12-18  34.08  34.62  33.84  34.58  1218900  34.58
2013-12-17  33.73  33.99  33.6  33.98  1044000  33.98
2013-12-16  33.76  34.12  33.68  33.78  867300  33.78
2013-12-13  33.42  33.79  33.4  33.7  1077600  33.7
2013-12-12  32.83  33.57  32.68  33.4  1312600  33.4
2013-12-11  33.4  33.45  32.78  32.8  938200  32.8
2013-12-10  33.42  33.82  33.42  33.43  785500  33.43
2013-12-09  33.53  33.84  33.44  33.52  980400  33.52
2013-12-06  33.97  33.97  33.3  33.4  1535600  33.4
2013-12-05  33.41  33.87  33.32  33.67  1124500  33.67
2013-12-04  33.34  33.62  32.96  33.45  1062500  33.45
2013-12-03  33.74  33.97  33.06  33.47  2468700  33.47
2013-12-02  34.57  34.57  33.74  33.8  1295200  33.8
2013-11-29  34.64  34.74  34.41  34.44  563800  34.44
2013-11-27  34.67  34.73  34.42  34.65  368700  34.65
2013-11-26  34.49  34.7  34.25  34.55  822000  34.55
2013-11-25  34.48  34.76  34.25  34.41  1008900  34.41
2013-11-22  34.44  34.54  34.21  34.46  1158600  34.46
2013-11-21  34.28  34.6  34.12  34.46  1410800  34.46
2013-11-20  34.27  34.81  33.94  34.18  1382800  34.18
2013-11-19  33.83  34.16  33.83  34.03  1273100  34.03
2013-11-18  34.36  34.42  33.73  33.83  999500  33.83
2013-11-15  34.25  34.53  34.1  34.35  795100  34.35
2013-11-14  34.33  34.47  33.8  34.26  1167100  34.26
2013-11-13  33.69  34.22  33.51  34.2  987700  34.2
2013-11-12  33.71  33.98  33.52  33.83  1118800  33.83
2013-11-11  33.87  34.06  33.72  33.85  842600  33.85
2013-11-08  33.03  33.96  33.01  33.87  1457300  33.87
2013-11-07  33.48  33.58  32.94  33.0  1592000  33.0
2013-11-06  33.77  33.82  33.06  33.4  1935000  33.4
2013-11-05  33.64  33.76  33.36  33.64  1612900  33.64
2013-11-04  33.28  33.99  33.16  33.8  1749800  33.8
2013-11-01  34.42  34.53  32.87  33.11  3774800  33.11
2013-10-31  33.33  34.54  33.27  34.38  2501000  34.38
2013-10-30  32.37  33.45  32.22  33.37  3006300  33.37
2013-10-29  33.02  33.69  31.45  32.42  7931900  32.42
2013-10-28  28.84  29.02  28.52  28.83  1647800  28.83
2013-10-25  28.64  28.92  28.51  28.89  983700  28.89
2013-10-24  28.27  28.65  28.2  28.59  781800  28.59
2013-10-23  28.04  28.32  27.89  28.24  983500  28.24
2013-10-22  28.25  28.33  27.81  28.11  1403900  28.11
2013-10-21  27.72  28.25  27.64  28.23  2116000  28.23
2013-10-18  27.4  27.64  27.37  27.62  898900  27.62
2013-10-17  27.63  27.7  27.16  27.28  2235100  27.28
2013-10-16  27.81  27.84  27.55  27.71  1117200  27.71
2013-10-15  27.83  28.03  27.67  27.71  1376400  27.71
2013-10-14  27.83  28.03  27.75  27.96  1045600  27.96
2013-10-11  27.64  27.94  27.49  27.89  943100  27.89
2013-10-10  27.28  27.75  27.25  27.72  728000  27.72
2013-10-09  27.27  27.32  26.78  27.0  1478300  27.0
2013-10-08  27.79  27.86  27.18  27.19  1093400  27.19
2013-10-07  27.76  27.9  27.68  27.79  1045600  27.79
2013-10-04  27.69  28.06  27.59  27.97  624700  27.97
2013-10-03  27.81  27.91  27.5  27.69  1390600  27.69
2013-10-02  27.82  27.91  27.61  27.91  1601300  27.91
2013-10-01  27.75  28.07  27.72  28.03  1110400  28.03
2013-09-30  27.56  27.77  27.5  27.72  1112900  27.72
2013-09-27  27.85  27.94  27.68  27.78  1658800  27.78
2013-09-26  27.81  28.19  27.81  28.02  2730700  28.02
2013-09-25  27.2  27.4  27.17  27.32  1673200  27.32
2013-09-24  26.83  27.26  26.79  27.15  1378800  27.15
2013-09-23  26.92  27.08  26.74  26.8  980600  26.8
2013-09-20  27.46  27.52  26.95  26.97  3528000  26.97
2013-09-19  27.36  27.88  27.13  27.3  2545300  27.3
2013-09-18  27.01  27.45  26.51  27.28  2833300  27.28
2013-09-17  26.96  27.09  26.8  27.04  1527000  27.04
2013-09-16  27.06  27.1  26.85  26.96  2203800  26.96
2013-09-13  26.73  26.79  26.64  26.75  2205300  26.75
2013-09-12  26.85  26.89  26.69  26.76  1407500  26.76
2013-09-11  26.81  26.98  26.8  26.91  3056900  26.91
2013-09-10  26.69  26.96  26.67  26.87  1922100  26.87
2013-09-09  26.03  26.65  26.02  26.58  1924200  26.58
2013-09-06  25.88  26.16  25.58  25.97  1870000  25.97
2013-09-05  25.3  25.81  25.3  25.71  1055800  25.71
2013-09-04  24.85  25.46  24.85  25.31  913000  25.31
2013-09-03  24.84  24.97  24.76  24.89  1935800  24.89
2013-08-30  24.75  24.75  24.49  24.59  1844200  24.59
2013-08-29  24.18  24.71  24.13  24.65  1687900  24.65
2013-08-28  23.92  24.24  23.92  24.21  840000  24.21
2013-08-27  24.12  24.19  23.89  23.98  1338000  23.98
2013-08-26  24.05  24.39  24.05  24.28  1059400  24.28
2013-08-23  24.15  24.2  23.97  24.0  1656000  24.0
2013-08-22  23.9  24.18  23.84  24.08  1113400  24.08
2013-08-21  24.13  24.24  23.9  23.9  1029200  23.9
2013-08-20  24.3  24.31  23.96  24.0  1491300  24.0
2013-08-19  24.27  24.46  24.13  24.32  832900  24.32
2013-08-16  24.34  24.4  23.99  24.22  1352500  24.22
2013-08-15  24.48  24.66  24.3  24.42  3129200  24.42
2013-08-14  24.7  24.73  24.53  24.69  1350200  24.69
2013-08-13  24.65  24.73  24.47  24.67  1580000  24.67
2013-08-12  24.58  24.72  24.42  24.53  1474400  24.53
2013-08-09  24.63  24.76  24.52  24.68  2123200  24.68
2013-08-08  24.78  24.91  24.65  24.68  1776200  24.68
2013-08-07  25.05  25.05  24.52  24.6  2168600  24.6
2013-08-06  24.95  25.17  24.89  25.12  1934500  25.12
2013-08-05  24.86  25.09  24.75  24.97  1635900  24.97
2013-08-02  24.78  25.1  24.73  24.96  1796500  24.96
2013-08-01  24.87  25.12  24.6  24.88  5562300  24.88
2013-07-31  25.14  25.14  24.49  24.63  6312300  24.63
2013-07-30  25.68  26.36  23.32  25.23  10022400  25.23
2013-07-29  28.12  28.31  28.07  28.11  659300  28.11
2013-07-26  28.24  28.52  28.14  28.32  632100  28.32
2013-07-25  28.14  28.59  28.14  28.48  826600  28.48
2013-07-24  28.39  28.52  28.17  28.24  546400  28.24
2013-07-23  28.55  28.56  28.3  28.36  897900  28.36
2013-07-22  28.49  28.65  28.33  28.52  560600  28.52
2013-07-19  28.41  28.61  28.29  28.44  602800  28.44
2013-07-18  28.41  28.9  28.41  28.58  609600  28.58
2013-07-17  28.4  28.47  28.2  28.28  539100  28.28
2013-07-16  28.77  28.82  28.21  28.23  901700  28.23
2013-07-15  28.86  28.95  28.71  28.71  903700  28.71
2013-07-12  28.68  28.86  28.57  28.73  671000  28.73
2013-07-11  29.03  29.43  28.58  28.68  1195100  28.68
2013-07-10  28.2  28.7  28.16  28.62  1069100  28.62
2013-07-09  27.99  28.65  27.95  28.19  1425600  28.19
2013-07-08  27.72  27.93  27.67  27.82  759400  27.82
2013-07-05  27.44  27.66  27.31  27.64  570100  27.64
2013-07-03  27.05  27.37  27.0  27.29  330300  27.29
2013-07-02  27.26  27.38  27.06  27.17  1432800  27.17
2013-07-01  26.79  28.15  26.79  27.31  1479900  27.31
2013-06-28  26.18  26.71  26.11  26.61  1758900  26.61
2013-06-27  25.91  26.31  25.82  26.31  1213800  26.31
2013-06-26  25.75  25.86  25.66  25.76  971200  25.76
2013-06-25  25.63  25.78  25.49  25.61  1245000  25.61
2013-06-24  25.58  25.71  25.25  25.46  1399900  25.46
2013-06-21  26.29  26.37  25.55  25.78  1933200  25.78
2013-06-20  26.66  26.79  26.07  26.09  1268200  26.09
2013-06-19  27.32  27.35  26.91  26.92  605400  26.92
2013-06-18  27.02  27.33  27.01  27.32  666700  27.32
2013-06-17  26.93  27.21  26.74  26.94  750600  26.94
2013-06-14  26.91  27.18  26.72  26.79  349600  26.79
2013-06-13  26.61  27.06  26.58  26.94  805800  26.94
2013-06-12  27.14  27.14  26.63  26.68  834400  26.68
2013-06-11  26.92  27.16  26.78  26.88  654300  26.88
2013-06-10  27.3  27.3  26.97  27.17  625100  27.17
2013-06-07  27.15  27.47  27.0  27.22  866300  27.22
2013-06-06  26.18  27.11  26.17  26.97  867900  26.97
2013-06-05  27.48  27.52  26.86  26.87  668800  26.87
2013-06-04  27.9  28.12  27.39  27.52  479800  27.52
2013-06-03  27.88  28.05  27.44  27.91  1013600  27.91
2013-05-31  28.07  28.35  27.8  27.8  910900  27.8
2013-05-30  27.79  28.33  27.71  28.2  1034500  28.2
2013-05-29  27.56  27.79  27.43  27.71  888000  27.71
2013-05-28  27.83  28.05  27.64  27.72  715900  27.72
2013-05-24  27.51  27.62  27.27  27.51  582600  27.51
2013-05-23  27.94  28.11  27.58  27.71  931600  27.71
2013-05-22  28.33  28.61  28.02  28.16  1412200  28.16
2013-05-21  28.55  28.83  28.33  28.35  450100  28.35
2013-05-20  28.42  28.8  28.29  28.53  666600  28.53
2013-05-17  28.38  28.62  28.32  28.46  502700  28.46
2013-05-16  28.13  28.49  28.13  28.18  799000  28.18
2013-05-15  27.74  28.47  27.68  28.14  1695900  28.14
2013-05-14  27.16  27.94  27.14  27.85  1665300  27.85
2013-05-13  27.31  27.38  26.91  27.1  1150200  27.1
2013-05-10  27.51  27.64  27.25  27.35  863900  27.35
2013-05-09  27.67  27.74  27.34  27.43  924000  27.43
2013-05-08  27.27  27.75  27.2  27.66  1139700  27.66
2013-05-07  27.08  27.38  27.01  27.23  1070100  27.23
2013-05-06  26.94  27.22  26.82  26.97  1050600  26.97
2013-05-03  27.29  27.29  26.8  26.92  1387000  26.92
2013-05-02  27.07  27.27  26.97  27.0  1041300  27.0
2013-05-01  27.17  27.26  26.69  27.06  1728700  27.06
2013-04-30  27.36  27.64  25.95  27.3  2809700  27.3
2013-04-29  27.31  27.83  27.24  27.79  664400  27.79
2013-04-26  27.43  27.43  27.08  27.26  721500  27.26
2013-04-25  27.34  27.5  27.29  27.41  1025000  27.41
2013-04-24  27.01  27.52  27.01  27.24  630400  27.24
2013-04-23  26.49  26.99  26.49  26.95  621900  26.95
2013-04-22  26.53  26.68  26.21  26.41  907000  26.41
2013-04-19  26.67  26.95  26.5  26.56  789500  26.56
2013-04-18  26.92  27.07  26.44  26.6  772800  26.6
2013-04-17  27.04  27.16  26.58  26.84  1192600  26.84
2013-04-16  27.08  27.24  26.81  27.21  1391500  27.21
2013-04-15  27.75  27.9  26.85  26.98  1603800  26.98
2013-04-12  28.25  28.3  27.96  28.14  618600  28.14
2013-04-11  28.19  28.4  28.02  28.4  924700  28.4
2013-04-10  27.6  28.23  27.58  28.23  1110000  28.23
2013-04-09  27.4  27.58  27.15  27.51  754000  27.51
2013-04-08  27.14  27.4  26.94  27.4  642000  27.4
2013-04-05  26.97  27.21  26.77  27.16  1421700  27.16
2013-04-04  26.72  27.27  26.72  27.27  982500  27.27
2013-04-03  26.71  26.89  26.37  26.68  1416400  26.68
2013-04-02  26.98  27.21  26.68  26.78  552600  26.78
2013-04-01  27.11  27.2  26.6  26.81  661400  26.81
2013-03-28  26.93  27.15  26.82  27.12  1392700  27.12
2013-03-27  27.06  27.1  26.84  26.85  1269700  26.85
2013-03-26  27.37  27.52  27.12  27.24  1082400  27.24
2013-03-25  28.18  28.18  27.12  27.28  865100  27.28
2013-03-22  28.23  28.29  27.89  27.98  1154600  27.98
2013-03-21  27.86  28.3  27.81  28.1  1205900  28.1
2013-03-20  28.17  28.3  27.9  28.05  709300  28.05
2013-03-19  28.38  28.38  27.75  27.98  548400  27.98
2013-03-18  28.2  28.52  28.09  28.32  502000  28.32
2013-03-15  28.13  28.56  27.99  28.49  1381200  28.49
2013-03-14  28.11  28.36  28.07  28.25  524100  28.25
2013-03-13  28.06  28.11  27.91  28.01  608500  28.01
2013-03-12  28.24  28.28  27.87  28.07  988600  28.07
2013-03-11  28.01  28.5  27.99  28.3  910400  28.3
2013-03-08  28.12  28.23  27.74  27.97  1790000  27.97
2013-03-07  28.59  29.01  27.86  27.94  2082000  27.94
2013-03-06  28.11  28.96  28.1  28.87  1701300  28.87
2013-03-05  27.23  28.05  27.22  27.99  1210600  27.99
2013-03-04  26.95  27.07  26.71  27.05  682900  27.05
2013-03-01  26.88  27.22  26.51  27.05  865600  27.05
2013-02-28  27.09  27.33  27.01  27.06  771500  27.06
2013-02-27  26.57  27.11  26.51  27.03  1019100  27.03
2013-02-26  26.7  26.79  26.36  26.56  1204400  26.56
2013-02-25  27.56  27.7  26.58  26.58  1093800  26.58
2013-02-22  27.3  27.41  27.15  27.34  483600  27.34
2013-02-21  27.4  27.59  27.07  27.23  1037700  27.23
2013-02-20  28.25  28.3  27.48  27.51  765800  27.51
2013-02-19  27.91  28.39  27.91  28.3  1186200  28.3
2013-02-15  27.76  28.01  27.56  27.82  806500  27.82
2013-02-14  27.66  28.05  27.65  27.9  927100  27.9
2013-02-13  27.44  27.8  27.38  27.69  622300  27.69
2013-02-12  26.97  27.54  26.93  27.39  905000  27.39
2013-02-11  26.57  26.98  26.48  26.91  875100  26.91
2013-02-08  26.46  27.08  26.46  26.54  1206300  26.54
2013-02-07  27.47  27.47  26.3  26.37  1576400  26.37
2013-02-06  27.05  27.47  26.99  27.29  1350700  27.29
2013-02-05  27.17  27.43  27.09  27.21  695300  27.21
2013-02-04  27.31  27.34  26.95  27.0  914100  27.0
2013-02-01  27.44  27.74  27.35  27.45  1239100  27.45
2013-01-31  27.37  27.45  27.33  27.37  922700  27.37
2013-01-30  27.39  27.6  27.34  27.38  811100  27.38
2013-01-29  27.32  27.45  27.25  27.41  1000700  27.41
2013-01-28  27.2  27.44  27.0  27.36  874100  27.36
2013-01-25  27.52  27.57  27.0  27.14  831400  27.14
2013-01-24  27.3  27.69  27.24  27.42  1095100  27.42
2013-01-23  27.07  27.36  27.03  27.34  977400  27.34
2013-01-22  27.09  27.12  26.79  27.12  1457900  27.12
2013-01-18  27.0  27.0  26.6  26.96  711400  26.96
2013-01-17  26.52  26.92  26.29  26.87  653400  26.87
2013-01-16  26.49  26.58  26.12  26.41  431800  26.41
2013-01-15  26.55  26.61  26.19  26.58  734400  26.58
2013-01-14  26.54  26.69  26.21  26.66  417400  26.66
2013-01-11  27.02  27.04  26.54  26.63  353400  26.63
2013-01-10  26.79  27.0  26.58  26.93  842000  26.93
2013-01-09  26.28  26.59  26.22  26.55  985500  26.55
2013-01-08  26.38  26.39  25.86  26.14  1084500  26.14
2013-01-07  26.65  26.77  26.39  26.47  481300  26.47
2013-01-04  26.96  27.08  26.7  26.82  563400  26.82
2013-01-03  26.95  27.23  26.69  26.86  610800  26.86
2013-01-02  27.08  27.43  26.87  26.95  927300  26.95
2012-12-31  25.83  26.56  25.81  26.55  536900  26.55
2012-12-28  26.07  26.2  25.88  25.9  402400  25.9
2012-12-27  26.22  26.38  25.96  26.31  392300  26.31
2012-12-26  26.38  26.5  26.16  26.24  298600  26.24
2012-12-24  26.25  26.35  26.09  26.33  286800  26.33
2012-12-21  25.9  26.27  25.69  26.22  2001200  26.22
2012-12-20  26.99  27.08  25.96  26.3  1646100  26.3
2012-12-19  26.71  27.12  26.52  27.02  1007300  27.02
2012-12-18  26.09  26.69  25.85  26.65  1044100  26.65
2012-12-17  26.26  26.3  25.92  26.02  681500  26.02
2012-12-14  26.14  26.35  25.98  26.22  591700  26.22
2012-12-13  26.26  26.39  26.0  26.15  520800  26.15
2012-12-12  26.13  26.45  26.13  26.25  749300  26.25
2012-12-11  25.94  26.21  25.83  26.09  777600  26.09
2012-12-10  25.84  26.0  25.7  25.95  638200  25.95
2012-12-07  25.7  25.85  25.5  25.85  530100  25.85
2012-12-06  25.48  25.57  25.09  25.57  613300  25.57
2012-12-05  25.24  25.71  25.1  25.48  663800  25.48
2012-12-04  25.22  25.39  25.06  25.18  531100  25.18
2012-12-03  25.72  25.78  25.21  25.25  648400  25.25
2012-11-30  25.59  25.79  25.43  25.57  970800  25.57
2012-11-29  25.5  25.65  25.3  25.6  584200  25.6
2012-11-28  25.0  25.45  24.9  25.42  662400  25.42
2012-11-27  25.27  25.36  24.95  25.11  633600  25.11
2012-11-26  24.91  25.44  24.91  25.34  873000  25.34
2012-11-23  24.88  25.01  24.68  25.01  341100  25.01
2012-11-21  24.55  24.9  24.5  24.83  546100  24.83
2012-11-20  24.32  24.66  24.27  24.61  775300  24.61
2012-11-19  24.0  24.49  23.96  24.34  884000  24.34
2012-11-16  23.53  23.73  23.44  23.7  984400  23.7
2012-11-15  23.54  23.85  23.44  23.55  769800  23.55
2012-11-14  24.05  24.07  23.46  23.57  1002000  23.57
2012-11-13  24.14  24.5  24.04  24.04  704700  24.04
2012-11-12  24.28  24.41  23.89  24.26  966600  24.26
2012-11-09  24.37  24.55  24.18  24.21  1445600  24.21
2012-11-08  24.73  24.9  24.41  24.42  1120100  24.42
2012-11-07  25.25  25.44  24.78  24.8  1158000  24.8
2012-11-06  25.49  25.62  25.35  25.53  1512100  25.53
2012-11-05  25.12  25.62  25.1  25.48  1349600  25.48
2012-11-02  25.08  25.59  24.87  25.11  1503900  25.11
2012-11-01  23.85  24.98  23.77  24.89  1534900  24.89
2012-10-31  23.62  24.05  23.22  23.77  1763600  23.77
2012-10-26  23.27  23.57  23.05  23.12  1096300  23.12
2012-10-25  23.18  23.54  23.11  23.23  1296100  23.23
2012-10-24  23.81  23.81  22.94  22.97  1154600  22.97
2012-10-23  23.5  23.74  23.31  23.71  1365300  23.71
2012-10-22  23.73  23.83  23.37  23.8  771400  23.8
2012-10-19  24.09  24.09  23.42  23.73  1757500  23.73
2012-10-18  24.18  24.22  23.64  24.14  1419600  24.14
2012-10-17  24.66  24.87  24.41  24.48  815000  24.48
2012-10-16  24.23  24.82  24.02  24.76  881300  24.76
2012-10-15  24.08  24.23  23.75  24.13  620800  24.13
2012-10-12  24.0  24.28  23.93  24.02  1001800  24.02
2012-10-11  24.1  24.18  23.68  23.73  832900  23.73
2012-10-10  24.17  24.24  23.88  23.97  717600  23.97
2012-10-09  24.51  24.56  24.15  24.19  920100  24.19
2012-10-08  24.47  24.54  24.31  24.51  434200  24.51
2012-10-05  24.71  24.87  24.42  24.53  717000  24.53
2012-10-04  24.54  24.67  24.37  24.54  903800  24.54
2012-10-03  24.74  24.74  24.3  24.42  887000  24.42
2012-10-02  24.68  24.87  24.45  24.64  1068500  24.64
2012-10-01  24.64  24.88  24.24  24.63  1838000  24.63
2012-09-28  24.56  24.73  24.38  24.54  1537800  24.54
2012-09-27  24.53  24.89  24.37  24.69  944500  24.69
2012-09-26  24.83  24.92  24.21  24.38  1355000  24.38
2012-09-25  24.94  25.09  24.79  24.8  1661700  24.8
2012-09-24  24.69  24.98  24.66  24.89  919800  24.89
2012-09-21  25.08  25.16  24.75  24.83  1292900  24.83
2012-09-20  25.06  25.29  24.64  24.98  1498300  24.98
2012-09-19  25.04  25.37  24.96  25.35  1004500  25.35
2012-09-18  24.65  25.09  24.61  25.09  1182400  25.09
2012-09-17  24.95  24.97  24.51  24.73  799300  24.73
2012-09-14  24.76  25.06  24.7  24.95  1722500  24.95
2012-09-13  24.46  24.84  24.2  24.75  754700  24.75
2012-09-12  24.79  24.86  24.22  24.4  789000  24.4
2012-09-11  24.04  24.86  23.98  24.77  985400  24.77
2012-09-10  24.27  24.4  23.98  23.99  864400  23.99
2012-09-07  24.88  24.9  24.28  24.5  627600  24.5
2012-09-06  23.73  24.37  23.72  24.37  689400  24.37
2012-09-05  23.46  23.65  23.33  23.49  1199600  23.49
2012-09-04  23.64  23.65  23.23  23.42  915000  23.42
2012-08-31  23.75  23.75  23.37  23.71  1153800  23.71
2012-08-30  23.31  23.61  23.28  23.51  503100  23.51
2012-08-29  23.49  23.57  23.3  23.43  597700  23.43
2012-08-28  23.35  23.98  23.35  23.47  517400  23.47
2012-08-27  24.08  24.09  23.53  23.56  662900  23.56
2012-08-24  23.99  24.12  23.76  23.91  581300  23.91
2012-08-23  24.37  24.51  23.94  24.04  630900  24.04
2012-08-22  24.4  24.49  24.14  24.32  575600  24.32
2012-08-21  24.68  24.99  24.49  24.49  608600  24.49
2012-08-20  24.59  24.69  24.36  24.58  710600  24.58
2012-08-17  24.26  24.49  24.2  24.44  718700  24.44
2012-08-16  23.57  24.36  23.57  24.24  942100  24.24
2012-08-15  23.36  23.61  23.27  23.61  475700  23.61
2012-08-14  23.98  24.13  23.29  23.39  609400  23.39
2012-08-13  23.75  23.98  23.59  23.82  330100  23.82
2012-08-10  23.67  24.02  23.58  23.77  627400  23.77
2012-08-09  23.53  23.95  23.41  23.78  470700  23.78
2012-08-08  23.42  23.55  23.23  23.47  488300  23.47
2012-08-07  23.56  23.59  23.4  23.56  678300  23.56
2012-08-06  23.43  23.57  23.16  23.45  701900  23.45
2012-08-03  22.99  23.48  22.99  23.36  1228700  23.36
2012-08-02  22.73  23.05  21.8  22.91  1850800  22.91
2012-08-01  23.39  23.51  22.88  23.23  1666500  23.23
2012-07-31  23.49  23.54  23.28  23.31  631500  23.31
2012-07-30  23.49  23.6  23.34  23.52  626300  23.52
2012-07-27  23.25  23.61  23.09  23.52  810700  23.52
2012-07-26  23.58  23.58  23.03  23.07  1402200  23.07
2012-07-25  23.06  23.32  22.86  23.24  568800  23.24
2012-07-24  23.15  23.28  22.72  22.93  790900  22.93
2012-07-23  22.75  23.33  22.66  23.21  660800  23.21
2012-07-20  23.26  23.53  23.05  23.12  570900  23.12
2012-07-19  23.28  23.48  22.99  23.44  689600  23.44
2012-07-18  22.86  23.4  22.86  23.26  684800  23.26
2012-07-17  22.7  23.02  22.54  22.99  1377700  22.99
2012-07-16  22.59  22.82  22.35  22.51  990600  22.51
2012-07-13  22.58  23.18  22.57  22.66  1232600  22.66
2012-07-12  23.05  23.05  22.52  22.53  1070500  22.53
2012-07-11  23.67  23.67  22.65  23.26  1620500  23.26
2012-07-10  24.39  24.74  23.6  23.68  916200  23.68
2012-07-09  24.39  24.54  24.08  24.3  692700  24.3
2012-07-06  24.51  24.78  24.44  24.49  433100  24.49
2012-07-05  24.83  24.98  24.62  24.81  620100  24.81
2012-07-03  24.29  24.96  24.24  24.96  324900  24.96
2012-07-02  24.56  24.75  24.2  24.34  708700  24.34
2012-06-29  24.58  24.8  24.33  24.47  1590300  24.47
2012-06-28  22.94  23.92  22.37  23.9  1942900  23.9
2012-06-27  23.35  23.67  23.18  23.61  1045100  23.61
2012-06-26  22.96  23.4  22.82  23.25  1163900  23.25
2012-06-25  23.04  23.12  22.56  22.95  1097600  22.95
2012-06-22  23.71  23.71  23.22  23.35  1268800  23.35
2012-06-21  24.47  24.74  23.59  23.6  1418600  23.6
2012-06-20  24.33  24.35  23.81  24.03  1123100  24.03
2012-06-19  24.55  24.89  24.35  24.38  1441400  24.38
2012-06-18  24.51  24.58  24.26  24.43  860500  24.43
2012-06-15  24.44  24.72  24.22  24.61  3023700  24.61
2012-06-14  24.5  24.54  24.22  24.3  1478400  24.3
2012-06-13  24.64  24.79  24.37  24.47  1196300  24.47
2012-06-12  24.78  24.95  24.64  24.86  1222700  24.86
2012-06-11  25.56  25.6  24.74  24.8  816100  24.8
2012-06-08  24.99  25.36  24.61  25.19  862300  25.19
2012-06-07  25.89  25.89  24.87  25.02  802100  25.02
2012-06-06  24.2  24.78  24.2  24.78  553800  24.78
2012-06-05  23.7  23.97  23.27  23.89  499600  23.89
2012-06-04  23.79  23.86  23.35  23.82  643400  23.82
2012-06-01  24.01  24.32  23.76  23.79  1379300  23.79
2012-05-31  24.82  24.83  24.27  24.62  1021600  24.62
2012-05-30  24.75  25.12  24.57  24.74  591900  24.74
2012-05-29  25.06  25.6  25.01  25.16  801000  25.16
2012-05-25  25.45  25.57  24.89  24.93  677800  24.93
2012-05-24  25.22  25.41  25.05  25.41  528800  25.41
2012-05-23  24.65  25.07  24.14  25.07  1252500  25.07
2012-05-22  24.75  25.12  24.66  24.87  957900  24.87
2012-05-21  24.09  24.8  24.0  24.63  1096700  24.63
2012-05-18  23.74  24.17  23.74  23.98  994800  23.98
2012-05-17  24.63  24.65  23.74  23.74  1455900  23.74
2012-05-16  24.62  24.94  24.49  24.56  1045000  24.56
2012-05-15  24.57  24.76  24.37  24.41  565500  24.41
2012-05-14  25.01  25.22  24.62  24.62  567200  24.62
2012-05-11  25.17  25.63  25.09  25.2  625800  25.2
2012-05-10  25.46  25.72  25.22  25.31  701500  25.31
2012-05-09  25.09  25.55  24.8  25.3  923400  25.3
2012-05-08  25.27  25.6  24.83  25.52  925900  25.52
2012-05-07  25.54  25.79  25.29  25.37  995000  25.37
2012-05-04  26.43  26.43  25.61  25.61  870000  25.61
2012-05-03  26.81  26.84  26.19  26.43  990000  26.43
2012-05-02  26.58  27.06  26.53  26.88  835000  26.88
2012-05-01  27.02  27.42  26.7  26.78  638900  26.78
2012-04-30  27.42  27.42  26.92  26.99  364000  26.99
2012-04-27  27.25  27.62  27.25  27.48  642700  27.48
2012-04-26  26.75  27.2  26.75  27.2  459100  27.2
2012-04-25  26.47  26.93  26.47  26.82  569600  26.82
2012-04-24  26.09  26.63  26.05  26.24  518100  26.24
2012-04-23  26.19  26.19  25.67  26.03  556500  26.03
2012-04-20  26.32  26.76  26.21  26.49  807500  26.49
2012-04-19  26.73  27.08  26.05  26.24  1061300  26.24
2012-04-18  26.26  26.85  26.18  26.77  1118700  26.77
2012-04-17  26.42  26.44  25.99  26.33  540600  26.33
2012-04-16  26.24  26.43  25.65  26.04  850400  26.04
2012-04-13  26.23  26.34  25.93  25.97  492700  25.97
2012-04-12  26.05  26.52  26.01  26.45  646500  26.45
2012-04-11  26.32  26.43  25.98  26.14  810200  26.14
2012-04-10  26.37  26.47  25.73  26.08  909900  26.08
2012-04-09  26.6  26.67  26.34  26.49  495500  26.49
2012-04-05  26.87  27.33  26.87  27.08  477500  27.08
2012-04-04  27.02  27.05  26.7  26.91  1070400  26.91
2012-04-03  27.43  27.64  27.04  27.35  1034300  27.35
2012-04-02  26.83  27.45  26.82  27.42  817100  27.42
2012-03-30  26.95  26.98  26.53  26.87  1310900  26.87
2012-03-29  26.93  26.93  26.38  26.78  855500  26.78
2012-03-28  27.07  27.22  26.66  27.07  918000  27.07
2012-03-27  27.03  27.13  26.73  27.1  601000  27.1
2012-03-26  26.5  26.97  26.5  26.96  642100  26.96
2012-03-23  26.49  26.49  26.19  26.33  519500  26.33
2012-03-22  26.25  26.5  26.12  26.35  665800  26.35
2012-03-21  26.43  26.68  26.38  26.46  872000  26.46
2012-03-20  26.96  27.03  26.22  26.44  993200  26.44
2012-03-19  27.31  27.59  26.99  27.05  796500  27.05
2012-03-16  27.82  27.95  27.27  27.29  903100  27.29
2012-03-15  27.48  27.92  27.16  27.81  689200  27.81
2012-03-14  27.51  27.58  27.31  27.46  1183100  27.46
2012-03-13  26.75  27.53  26.75  27.51  861600  27.51
2012-03-12  26.5  26.75  26.39  26.65  879800  26.65
2012-03-09  25.72  26.49  25.68  26.38  719500  26.38
2012-03-08  25.46  25.85  25.14  25.77  894800  25.77
2012-03-07  25.25  25.46  24.92  25.37  933200  25.37
2012-03-06  25.13  25.19  24.58  25.03  1334200  25.03
2012-03-05  25.75  25.84  25.21  25.38  1339800  25.38
2012-03-02  25.53  26.09  25.53  25.75  1594900  25.75
2012-03-01  25.2  25.88  24.97  25.84  1801400  25.84
2012-02-29  25.8  25.99  24.98  25.05  4339600  25.05
2012-02-28  26.27  26.27  25.19  25.88  3443900  25.88
2012-02-27  26.13  26.42  25.91  26.38  1429000  26.38
2012-02-24  26.9  26.95  26.27  26.29  827900  26.29
2012-02-23  26.54  26.84  26.33  26.79  335900  26.79
2012-02-22  26.68  27.06  26.5  26.55  467500  26.55
2012-02-21  26.68  27.12  26.53  26.83  753500  26.83
2012-02-17  26.29  26.65  26.2  26.61  583500  26.61
2012-02-16  26.05  26.34  26.0  26.18  639700  26.18
2012-02-15  26.01  26.15  25.91  26.04  1071300  26.04
2012-02-14  25.94  26.24  25.86  25.96  926400  25.96
2012-02-13  26.38  26.38  25.88  26.07  638900  26.07
2012-02-10  26.0  26.17  25.88  26.11  527300  26.11
2012-02-09  26.37  26.42  25.95  26.16  721500  26.16
2012-02-08  26.19  26.41  25.84  26.41  737900  26.41
2012-02-07  25.75  26.38  25.58  26.25  963800  26.25
2012-02-06  25.95  26.16  25.69  25.83  655100  25.83
2012-02-03  26.0  26.12  25.63  26.07  719800  26.07
2012-02-02  25.9  26.03  25.67  25.7  715200  25.7
2012-02-01  25.09  25.89  24.99  25.86  816600  25.86
2012-01-31  25.18  25.32  24.74  24.99  792700  24.99
2012-01-30  24.74  25.04  24.59  25.0  475300  25.0
2012-01-27  24.7  25.05  24.7  24.89  685900  24.89
2012-01-26  25.73  25.9  24.85  25.02  850000  25.02
2012-01-25  25.11  25.68  24.9  25.65  881800  25.65
2012-01-24  24.78  25.28  24.69  25.21  761400  25.21
2012-01-23  25.5  25.65  24.65  24.83  842800  24.83
2012-01-20  25.67  25.73  25.36  25.42  1014900  25.42
2012-01-19  26.04  26.32  25.5  25.67  838000  25.67
2012-01-18  24.6  26.08  24.53  26.03  1453700  26.03
2012-01-17  24.98  25.35  24.68  24.72  465400  24.72
2012-01-13  24.55  24.77  24.44  24.72  886200  24.72
2012-01-12  25.15  25.2  24.76  24.78  709300  24.78
2012-01-11  24.55  25.32  24.48  25.13  1066300  25.13
2012-01-10  24.55  24.79  24.35  24.67  1048300  24.67
2012-01-09  24.26  24.51  23.94  24.37  558700  24.37
2012-01-06  24.63  24.7  24.22  24.27  524400  24.27
2012-01-05  24.86  24.89  23.99  24.69  2270700  24.69
2012-01-04  24.17  25.14  23.95  25.04  1391900  25.04
2012-01-03  25.09  25.48  24.17  24.24  1059100  24.24
2011-12-30  25.06  25.06  24.24  24.77  1169700  24.77
2011-12-29  24.76  25.52  24.6  25.03  3975200  25.03
2011-12-28  24.22  24.84  24.22  24.65  917700  24.65
2011-12-27  23.96  24.16  23.6  24.16  664400  24.16
2011-12-23  23.94  24.26  23.82  24.02  575000  24.02
2011-12-22  24.18  24.74  23.92  23.95  971100  23.95
2011-12-21  23.58  24.14  23.16  24.03  2177400  24.03
2011-12-20  23.71  23.84  23.1  23.44  1190000  23.44
2011-12-19  23.8  23.98  23.29  23.39  1107200  23.39
2011-12-16  23.28  24.05  23.15  23.79  2925700  23.79
2011-12-15  22.71  23.21  22.61  23.07  1074900  23.07
2011-12-14  22.76  22.76  22.12  22.58  1736000  22.58
2011-12-13  23.16  23.58  22.86  23.0  1652500  23.0
2011-12-12  23.1  23.33  22.41  23.07  1213400  23.07
2011-12-09  23.21  23.59  23.1  23.48  549800  23.48
2011-12-08  23.58  23.68  22.95  23.03  938700  23.03
2011-12-07  23.83  23.94  23.01  23.69  951200  23.69
2011-12-06  24.13  24.18  23.64  23.95  662800  23.95
2011-12-05  23.7  24.26  23.54  24.2  930900  24.2
2011-12-02  24.58  24.58  23.36  23.39  1208900  23.39
2011-12-01  22.97  23.5  22.81  23.41  1046700  23.41
2011-11-30  23.2  23.34  22.5  23.05  2320800  23.05
2011-11-29  22.67  22.76  22.34  22.44  1222400  22.44
2011-11-28  22.81  23.32  22.31  22.65  1567300  22.65
2011-11-25  22.61  22.61  22.06  22.18  991100  22.18
2011-11-23  22.44  22.91  22.07  22.84  1009700  22.84
2011-11-22  24.13  25.21  21.86  22.79  2126400  22.79
2011-11-21  22.86  22.96  22.51  22.78  1282100  22.78
2011-11-18  23.03  23.28  22.88  23.08  1426200  23.08
2011-11-17  23.14  23.33  22.82  23.0  1279200  23.0
2011-11-16  23.1  23.72  22.93  23.26  1804600  23.26
2011-11-15  23.09  23.51  22.98  23.14  1657700  23.14
2011-11-14  22.74  23.24  22.66  23.08  1339000  23.08
2011-11-11  22.93  23.13  22.69  22.84  1266200  22.84
2011-11-10  23.51  23.73  22.59  22.71  1166000  22.71
2011-11-09  23.38  24.01  22.89  22.94  1570900  22.94
2011-11-08  24.1  24.34  23.78  23.95  2024100  23.95
2011-11-07  23.92  24.46  23.4  23.62  2703500  23.62
2011-11-04  25.13  25.53  23.89  24.19  1923300  24.19
2011-11-03  25.87  25.99  25.33  25.34  1615000  25.34
2011-11-02  26.31  26.31  24.76  25.56  2476700  25.56
2011-11-01  24.58  27.15  24.15  26.22  6095200  26.22
2011-10-31  25.21  25.68  24.25  25.68  15106000  25.68
2011-10-28  24.48  24.79  24.24  24.79  584700  24.79
2011-10-27  24.24  24.92  24.24  24.6  405400  24.6
2011-10-26  25.06  25.06  23.88  24.03  657300  24.03
2011-10-25  24.85  25.05  24.01  24.73  546800  24.73
2011-10-24  24.49  24.83  24.49  24.75  371300  24.75
2011-10-21  24.01  24.73  23.96  24.53  1764500  24.53
2011-10-20  23.82  24.04  23.37  23.77  549700  23.77
2011-10-19  24.25  24.35  23.77  23.77  722200  23.77
2011-10-18  24.07  24.36  23.91  24.24  423500  24.24
2011-10-17  24.49  24.77  24.16  24.16  583400  24.16
2011-10-14  23.39  24.47  23.39  24.34  402600  24.34
2011-10-13  22.57  23.31  22.09  23.29  396800  23.29
