Date  Open  High  Low  Close  Volume  Adj Close
2014-02-28  73.83  74.34  73.4  74.08  2375500  74.08
2014-02-27  73.39  74.17  73.38  73.79  2142400  73.79
2014-02-26  73.35  73.74  73.04  73.39  2520700  73.39
2014-02-25  73.0  73.8  72.52  73.28  2259000  73.28
2014-02-24  72.87  73.4  72.74  72.97  1799600  72.97
2014-02-21  72.94  73.22  72.37  72.85  2099800  72.85
2014-02-20  72.9  73.32  72.45  72.98  1986200  72.98
2014-02-19  73.54  74.06  72.77  72.82  2245400  72.82
2014-02-18  73.4  73.74  72.97  73.24  2810500  73.24
2014-02-14  73.5  73.9  73.1  73.42  2894100  73.42
2014-02-13  73.05  73.89  72.86  73.82  2212800  73.82
2014-02-12  73.34  73.76  73.23  73.51  3034100  73.51
2014-02-11  72.95  73.63  72.7  73.21  3586400  73.21
2014-02-10  72.0  72.8  71.67  72.76  3632300  72.76
2014-02-07  71.59  72.44  71.45  71.73  2850500  71.73
2014-02-06  70.69  71.86  70.55  71.17  3405400  71.17
2014-02-05  71.75  71.75  69.84  70.54  5688000  70.54
2014-02-04  71.59  72.58  70.55  72.06  14147200  72.06
2014-02-03  67.36  68.06  65.84  66.16  6752200  66.16
2014-01-31  66.13  67.59  65.83  67.15  5387300  67.15
2014-01-30  66.85  66.98  66.17  66.6  4370800  66.6
2014-01-29  67.75  67.92  65.87  66.51  6878700  66.51
2014-01-28  68.09  68.6  67.85  68.2  3121300  68.2
2014-01-27  68.79  68.91  67.06  67.84  4665400  67.84
2014-01-24  69.32  69.78  68.82  68.82  4187500  68.82
2014-01-23  70.54  70.68  69.32  69.8  4642700  69.8
2014-01-22  71.62  71.92  71.11  71.34  3162000  71.34
2014-01-21  72.71  72.86  70.99  71.15  3653100  71.15
2014-01-17  72.43  72.66  71.87  72.1  3712500  72.1
2014-01-16  73.25  73.83  72.25  72.3  3788300  72.3
2014-01-15  73.24  73.8  72.98  73.17  3164800  73.17
2014-01-14  73.15  73.76  72.78  72.86  4471300  72.86
2014-01-13  74.63  74.74  72.95  73.04  3475800  73.04
2014-01-10  75.02  75.53  74.38  74.64  2582200  74.64
2014-01-09  74.53  75.12  74.37  74.67  3773100  74.67
2014-01-08  76.29  76.94  75.82  76.14  4448600  76.14
2014-01-07  76.5  76.82  76.04  76.17  3619700  76.17
2014-01-06  75.14  75.76  74.91  75.12  2935800  75.12
2014-01-03  75.08  75.72  74.62  75.18  1457100  75.18
2014-01-02  75.0  75.23  74.45  74.71  1956300  74.71
2013-12-31  74.62  76.03  74.62  75.23  2132900  75.23
2013-12-30  73.48  74.59  73.47  74.54  1953300  74.54
2013-12-27  74.04  74.04  73.19  73.5  872300  73.5
2013-12-26  73.75  74.03  73.55  73.74  812600  73.74
2013-12-24  73.59  73.82  73.26  73.73  708100  73.73
2013-12-23  73.13  73.63  72.45  73.6  1820200  73.6
2013-12-20  72.48  73.42  72.4  73.02  3100300  73.02
2013-12-19  72.11  72.56  71.41  72.38  2697700  72.38
2013-12-18  71.5  72.37  70.89  72.36  2599500  72.36
2013-12-17  72.7  72.82  71.39  71.51  2467100  71.51
2013-12-16  72.7  73.52  72.33  72.86  2950700  72.86
2013-12-13  71.38  72.29  71.27  71.45  2225500  71.45
2013-12-12  72.26  72.52  71.14  71.24  2957300  71.24
2013-12-11  73.22  73.64  72.39  72.53  1908000  72.53
2013-12-10  73.93  73.93  72.87  73.04  2476900  73.04
2013-12-09  73.99  74.34  73.79  73.92  2788100  73.92
2013-12-06  74.87  74.96  73.7  73.99  2890800  73.99
2013-12-05  74.72  74.91  73.62  74.01  3789600  74.01
2013-12-04  75.28  75.78  75.02  75.28  2471500  75.28
2013-12-03  75.02  76.03  74.45  75.23  6714800  75.23
2013-12-02  77.17  78.18  76.99  77.32  2500800  77.32
2013-11-29  77.2  77.85  76.97  77.29  1361300  77.29
2013-11-27  77.09  77.3  76.49  77.2  2419100  77.2
2013-11-26  77.01  77.89  77.0  77.26  3254000  77.26
2013-11-25  77.49  77.98  77.06  77.62  2916800  77.62
2013-11-22  75.43  78.28  75.4  77.9  8320300  77.9
2013-11-21  72.07  74.77  71.97  74.54  5690300  74.54
2013-11-20  73.62  73.62  71.73  71.95  3713900  71.95
2013-11-19  73.13  73.62  72.89  73.41  1994900  73.41
2013-11-18  73.48  73.88  72.92  73.04  2651300  73.04
2013-11-15  73.11  73.62  72.81  73.61  2986900  73.61
2013-11-14  72.83  73.12  72.56  72.97  2474500  72.97
2013-11-13  70.99  72.88  70.84  72.82  4691100  72.82
2013-11-12  71.2  71.38  70.36  71.13  4830800  71.13
2013-11-11  70.56  72.33  70.26  71.38  5110500  71.38
2013-11-08  69.27  70.27  68.94  70.21  3025200  70.21
2013-11-07  70.08  70.35  69.28  69.45  2660000  69.45
2013-11-06  69.96  70.34  69.45  69.97  2945100  69.97
2013-11-05  69.14  69.97  68.88  69.88  2909000  69.88
2013-11-04  68.57  69.65  68.45  69.56  4211700  69.56
2013-11-01  67.26  68.26  67.16  68.13  3277600  68.13
2013-10-31  67.56  67.66  66.78  67.28  2585500  67.28
2013-10-30  67.13  68.16  67.13  67.82  3850400  67.82
2013-10-29  66.56  66.81  66.43  66.72  2037500  66.72
2013-10-28  66.23  66.61  66.23  66.42  2163100  66.42
2013-10-25  65.92  66.66  65.72  66.23  2766700  66.23
2013-10-24  65.09  65.69  64.88  65.67  2725100  65.67
2013-10-23  66.66  66.66  63.76  64.84  10134800  64.84
2013-10-22  66.7  66.94  66.44  66.73  4241800  66.73
2013-10-21  66.41  66.74  66.12  66.51  3373400  66.51
2013-10-18  67.36  67.44  66.28  66.34  4839200  66.34
2013-10-17  66.06  67.14  65.99  67.05  4084700  67.05
2013-10-16  65.83  66.26  65.78  66.12  3811500  66.12
2013-10-15  66.55  66.57  65.43  65.47  4994300  65.47
2013-10-14  66.5  66.95  66.21  66.6  3283200  66.6
2013-10-11  65.64  66.79  65.48  66.66  5610500  66.66
2013-10-10  66.52  66.81  65.34  65.61  6865300  65.61
2013-10-09  65.41  66.61  64.59  66.14  20648300  66.14
2013-10-08  70.52  71.35  70.22  70.94  6557100  70.94
2013-10-07  70.24  71.06  70.17  70.7  3246100  70.7
2013-10-04  69.88  70.95  69.85  70.8  2236400  70.8
2013-10-03  69.78  70.52  69.56  69.72  2507400  69.72
2013-10-02  70.19  70.65  69.29  69.98  3401100  69.98
2013-10-01  70.85  71.01  70.35  70.85  1670300  70.85
2013-09-30  70.79  71.13  70.29  70.66  2262200  70.66
2013-09-27  71.4  71.83  71.18  71.4  1151000  71.4
2013-09-26  71.15  71.81  70.97  71.63  1501900  71.63
2013-09-25  71.27  71.31  70.72  70.87  1206600  70.87
2013-09-24  71.12  71.97  70.98  71.33  1423900  71.33
2013-09-23  71.18  71.43  70.66  71.08  1301800  71.08
2013-09-20  71.97  72.05  71.27  71.36  2751200  71.36
2013-09-19  72.91  72.91  71.95  71.99  2164500  71.99
2013-09-18  71.84  73.01  71.55  72.87  2031100  72.87
2013-09-17  71.83  72.48  71.72  72.0  2330300  72.0
2013-09-16  72.26  72.45  71.75  71.91  2016800  71.91
2013-09-13  71.77  71.96  71.35  71.79  1787000  71.79
2013-09-12  71.6  72.1  71.39  71.65  1795200  71.65
2013-09-11  70.88  71.47  70.59  71.47  1566000  71.47
2013-09-10  70.98  71.1  70.31  70.8  2854700  70.8
2013-09-09  69.42  70.98  69.42  70.75  3323500  70.75
2013-09-06  69.35  69.66  68.72  68.9  3449800  68.9
2013-09-05  69.18  70.1  69.03  69.13  2633400  69.13
2013-09-04  68.53  68.98  68.08  68.92  5766800  68.92
2013-09-03  70.02  70.22  68.94  69.29  2473900  69.29
2013-08-30  69.8  69.8  68.86  69.31  3090300  69.31
2013-08-29  69.97  70.59  69.68  69.83  2610000  69.83
2013-08-28  70.46  70.57  70.04  70.06  2964400  70.06
2013-08-27  70.73  71.18  70.53  70.64  1704800  70.64
2013-08-26  71.81  72.01  71.18  71.3  1503800  71.3
2013-08-23  72.1  72.18  71.19  71.83  1806600  71.83
2013-08-22  71.69  72.26  71.62  72.01  1107000  72.01
2013-08-21  71.83  72.16  71.34  71.47  2011300  71.47
2013-08-20  71.58  72.3  71.52  71.9  1515100  71.9
2013-08-19  71.56  72.26  71.33  71.35  1587100  71.35
2013-08-16  71.51  71.86  71.26  71.42  1967100  71.42
2013-08-15  71.93  72.13  71.51  71.73  2053400  71.73
2013-08-14  71.65  72.58  71.55  72.32  2626400  72.32
2013-08-13  71.68  72.36  71.0  72.23  5847800  72.23
2013-08-12  73.5  74.36  73.41  73.71  3153700  73.71
2013-08-09  73.16  74.18  73.05  73.64  1820600  73.64
2013-08-08  73.34  73.74  73.15  73.34  1310000  73.34
2013-08-07  73.58  73.9  73.09  73.13  1710200  73.13
2013-08-06  73.97  74.04  73.18  73.25  1879700  73.25
2013-08-05  73.74  74.08  72.97  74.06  2586000  74.06
2013-08-02  73.15  73.66  72.7  73.63  2137400  73.63
2013-08-01  72.75  73.38  72.61  73.15  1646400  73.15
2013-07-31  72.59  72.8  72.03  72.18  1551300  72.18
2013-07-30  73.05  73.23  72.06  72.31  1656000  72.31
2013-07-29  72.86  73.02  72.28  72.77  1780800  72.77
2013-07-26  71.27  73.27  71.04  73.25  3918800  73.25
2013-07-25  70.91  71.38  70.65  71.37  2048900  71.37
2013-07-24  69.92  70.77  69.69  70.72  3209700  70.72
2013-07-23  70.7  70.84  69.31  69.71  3170900  69.71
2013-07-22  70.79  71.25  70.57  70.74  1719000  70.74
2013-07-19  71.57  71.6  70.82  71.35  2021400  71.35
2013-07-18  70.64  71.64  70.55  71.46  2740800  71.46
2013-07-17  71.26  71.26  70.36  70.67  1694700  70.67
2013-07-16  71.32  71.57  70.19  70.84  2962900  70.84
2013-07-15  70.13  71.38  70.07  71.03  3330700  71.03
2013-07-12  70.76  71.29  69.73  69.92  5886200  69.92
2013-07-11  70.2  72.0  69.66  70.8  6580800  70.8
2013-07-10  71.91  71.99  71.13  71.62  2645000  71.62
2013-07-09  72.23  72.37  71.59  71.92  2591600  71.92
2013-07-08  71.41  71.98  71.13  71.42  2500300  71.42
2013-07-05  70.54  70.67  69.69  70.6  1529300  70.6
2013-07-03  68.9  70.2  68.61  70.07  1840700  70.07
2013-07-02  69.15  69.83  68.85  69.07  2313900  69.07
2013-07-01  68.58  69.46  68.24  69.19  2166100  69.19
2013-06-28  68.6  68.86  67.89  68.32  3062700  68.32
2013-06-27  68.78  68.95  68.14  68.57  1827800  68.57
2013-06-26  67.94  68.4  67.5  68.2  2141600  68.2
2013-06-25  67.85  68.09  67.31  67.33  2254600  67.33
2013-06-24  67.06  67.55  66.08  67.1  3287000  67.1
2013-06-21  68.69  68.96  67.8  67.96  4734200  67.96
2013-06-20  69.77  69.96  68.21  68.37  3125400  68.37
2013-06-19  71.14  71.57  70.28  70.46  1830900  70.46
2013-06-18  70.72  71.55  70.72  71.16  1741000  71.16
2013-06-17  70.49  71.18  69.92  70.55  1900900  70.55
2013-06-14  70.54  70.68  69.91  70.06  1788700  70.06
2013-06-13  70.48  70.8  70.01  70.56  2892600  70.56
2013-06-12  70.78  71.6  70.36  70.64  3452000  70.64
2013-06-11  70.8  71.98  70.63  70.7  3453600  70.7
2013-06-10  72.32  72.8  71.13  71.4  3975100  71.4
2013-06-07  71.18  72.56  71.06  72.44  5620600  72.44
2013-06-06  67.29  70.2  67.28  70.07  7427800  70.07
2013-06-05  67.6  68.1  66.8  67.03  2023000  67.03
2013-06-04  68.03  69.08  67.51  67.85  2600400  67.85
2013-06-03  66.79  67.99  66.79  67.99  2925900  67.99
2013-05-31  67.49  68.06  66.75  66.75  2453300  66.75
2013-05-30  68.48  68.5  67.55  67.59  2015000  67.59
2013-05-29  68.71  69.06  68.27  68.52  2141400  68.52
2013-05-28  68.83  69.37  68.58  69.0  1886400  69.0
2013-05-24  68.11  68.23  67.54  68.19  1809800  68.19
2013-05-23  67.93  68.35  67.65  68.28  2394400  68.28
2013-05-22  69.02  69.88  68.48  68.8  2181300  68.8
2013-05-21  69.23  69.6  68.97  69.15  2608000  69.15
2013-05-20  69.07  69.53  68.65  69.42  2660100  69.42
2013-05-17  68.7  69.26  68.21  69.13  2825000  69.13
2013-05-16  68.89  69.09  68.3  68.6  2783800  68.6
2013-05-15  68.87  69.56  68.78  68.89  3340500  68.89
2013-05-14  68.16  69.19  67.99  69.12  2739100  69.12
2013-05-13  68.25  69.03  67.42  67.9  4759000  67.9
2013-05-10  68.29  69.32  68.25  69.32  3286300  69.32
2013-05-09  68.31  68.46  67.81  68.05  2208000  68.05
2013-05-08  67.68  68.65  67.44  68.55  3144700  68.55
2013-05-07  67.62  67.76  67.16  67.61  1830700  67.61
2013-05-06  67.0  67.72  66.95  67.37  2356000  67.37
2013-05-03  67.49  68.03  67.48  67.89  2760000  67.89
2013-05-02  66.64  67.38  66.26  67.08  2867800  67.08
2013-05-01  66.79  67.2  66.51  66.6  2089100  66.6
2013-04-30  66.51  67.22  66.0  67.12  3297200  67.12
2013-04-29  66.16  66.69  65.73  66.6  2762900  66.6
2013-04-26  66.01  66.22  65.64  65.88  2852400  65.88
2013-04-25  68.12  68.12  66.05  66.21  4743300  66.21
2013-04-24  67.39  68.75  66.76  67.64  10298000  67.64
2013-04-23  63.44  63.68  62.22  63.2  8453600  63.2
2013-04-22  64.08  64.47  63.62  64.3  3133000  64.3
2013-04-19  64.32  64.37  63.78  64.08  4851700  64.08
2013-04-18  65.36  65.44  63.91  64.04  4566100  64.04
2013-04-17  65.29  65.73  64.85  65.25  3680500  65.25
2013-04-16  65.33  65.89  65.05  65.67  4399000  65.67
2013-04-15  66.06  66.26  64.97  65.09  4417000  65.09
2013-04-12  66.11  66.87  65.96  66.8  3891400  66.8
2013-04-11  64.95  66.6  64.95  66.24  6904600  66.24
2013-04-10  65.8  66.71  65.76  65.78  5515900  65.78
2013-04-09  66.0  66.23  65.36  65.48  5919900  65.48
2013-04-08  64.86  66.05  64.8  66.01  3934700  66.01
2013-04-05  65.19  65.74  63.99  65.65  7611300  65.65
2013-04-04  66.28  66.94  66.0  66.4  3360500  66.4
2013-04-03  68.55  68.59  65.78  66.21  8693800  66.21
2013-04-02  69.43  69.52  68.06  68.77  5632400  68.77
2013-04-01  70.52  70.9  69.62  69.77  1587000  69.77
2013-03-28  69.91  70.78  69.5  70.52  3275200  70.52
2013-03-27  69.23  69.99  69.22  69.92  1932300  69.92
2013-03-26  69.42  69.88  69.21  69.71  2958000  69.71
2013-03-25  69.15  69.58  68.91  69.31  3624500  69.31
2013-03-22  68.0  68.53  67.94  68.32  1791900  68.32
2013-03-21  67.7  68.52  67.7  68.09  1829500  68.09
2013-03-20  67.82  68.33  67.59  68.08  1649100  68.08
2013-03-19  67.91  68.18  67.12  67.49  2390700  67.49
2013-03-18  67.95  68.26  67.4  67.75  3187000  67.75
2013-03-15  68.16  68.82  67.88  68.82  3497500  68.82
2013-03-14  68.1  68.54  67.89  68.48  2672200  68.48
2013-03-13  67.26  68.26  67.21  67.99  5971900  67.99
2013-03-12  69.99  70.1  67.2  67.38  9455700  67.38
2013-03-11  66.45  66.64  66.0  66.51  4667000  66.51
2013-03-08  66.38  67.03  66.34  66.39  4600400  66.39
2013-03-07  65.51  65.99  65.32  65.93  3538700  65.93
2013-03-06  65.05  66.66  64.99  65.59  4263600  65.59
2013-03-05  64.3  65.52  64.26  65.0  3145800  65.0
2013-03-04  63.83  64.19  63.67  64.18  2148600  64.18
2013-03-01  63.62  64.33  63.09  63.93  3079700  63.93
2013-02-28  64.34  65.17  64.14  64.19  3367400  64.19
2013-02-27  63.57  64.35  63.48  64.09  1984600  64.09
2013-02-26  63.86  64.19  63.04  63.59  3758300  63.59
2013-02-25  64.33  65.09  63.46  63.46  4388000  63.46
2013-02-22  63.92  64.31  63.44  64.16  2579100  64.16
2013-02-21  63.01  64.11  62.99  63.77  4487400  63.77
2013-02-20  63.89  64.17  63.25  63.29  4302900  63.29
2013-02-19  62.94  63.9  62.67  63.87  4286800  63.87
2013-02-15  62.56  63.23  62.2  62.73  4334200  62.73
2013-02-14  63.0  63.27  62.51  62.63  3949600  62.63
2013-02-13  63.49  63.63  62.69  63.14  4000000  63.14
2013-02-12  63.31  63.78  62.8  63.48  4934400  63.48
2013-02-11  63.88  63.91  63.21  63.28  5352600  63.28
2013-02-08  62.45  64.21  62.41  64.02  7190100  64.02
2013-02-07  61.8  62.69  61.76  62.32  6844100  62.32
2013-02-06  60.1  61.96  59.91  61.69  9060200  61.69
2013-02-05  58.57  61.39  58.51  60.86  29144200  60.86
2013-02-04  64.6  64.71  62.64  62.68  10501700  62.68
2013-02-01  63.93  64.72  63.52  64.63  4690700  64.63
2013-01-31  62.94  64.11  62.76  63.66  5129500  63.66
2013-01-30  62.63  63.3  61.94  62.98  11510900  62.98
2013-01-29  62.99  63.75  62.74  62.98  4883100  62.98
2013-01-28  63.24  63.59  62.03  63.32  7591300  63.32
2013-01-25  64.41  64.44  62.74  63.36  8407800  63.36
2013-01-24  64.94  65.49  64.85  65.08  3853200  65.08
2013-01-23  64.11  64.83  64.02  64.8  4811300  64.8
2013-01-22  63.65  64.52  63.38  64.01  4131400  64.01
2013-01-18  64.12  64.19  63.62  63.87  4500300  63.87
2013-01-17  64.88  64.93  63.77  64.11  5682300  64.11
2013-01-16  64.63  64.94  64.56  64.65  3030100  64.65
2013-01-15  64.72  65.23  64.58  65.06  2680500  65.06
2013-01-14  65.63  65.86  64.75  64.85  3482500  64.85
2013-01-11  64.81  65.64  64.25  65.55  3981000  65.55
2013-01-10  64.02  65.21  63.98  64.95  4970500  64.95
2013-01-09  63.78  64.09  62.82  63.54  7451800  63.54
2013-01-08  62.81  63.81  62.81  63.43  12403800  63.43
2013-01-07  66.31  66.6  65.06  66.21  3802600  66.21
2013-01-04  65.77  66.76  65.2  66.63  2719400  66.63
2013-01-03  65.47  66.37  65.29  65.91  2627300  65.91
2013-01-02  65.83  65.83  64.68  65.5  4379100  65.5
2012-12-31  63.12  64.83  62.97  64.76  3338700  64.76
2012-12-28  63.45  63.68  63.1  63.12  2804200  63.12
2012-12-27  63.66  64.17  63.14  63.84  3356000  63.84
2012-12-26  63.4  63.73  63.01  63.43  2899500  63.43
2012-12-24  63.13  63.62  62.81  63.4  2695600  63.4
2012-12-21  63.93  63.98  61.51  62.3  11992700  62.3
2012-12-20  65.47  65.5  64.21  64.85  6049600  64.85
2012-12-19  67.14  67.17  65.49  65.5  7848100  65.5
2012-12-18  67.62  68.61  67.19  67.34  5258200  67.34
2012-12-17  66.42  67.38  66.12  67.36  3675800  67.36
2012-12-14  66.19  66.76  66.08  66.22  3784900  66.22
2012-12-13  67.13  67.19  65.94  66.12  4267700  66.12
2012-12-12  66.51  66.56  65.83  65.97  3600600  65.97
2012-12-11  64.82  66.19  64.64  65.85  4259200  65.85
2012-12-10  64.94  65.2  64.13  64.61  4087800  64.61
2012-12-07  65.54  65.94  64.42  64.66  3918400  64.66
2012-12-06  64.38  66.41  63.91  65.27  4877900  65.27
2012-12-05  64.59  64.83  63.81  64.27  3744600  64.27
2012-12-04  64.99  65.19  63.73  64.26  5880200  64.26
2012-12-03  65.46  66.08  64.99  65.14  6150300  65.14
2012-11-30  65.83  66.51  65.08  65.42  18706500  65.42
2012-11-29  72.16  72.9  71.56  72.63  3011100  72.63
2012-11-28  71.86  72.32  71.23  72.06  2556600  72.06
2012-11-27  71.91  72.6  71.75  71.98  1900300  71.98
2012-11-26  71.97  72.02  71.25  71.81  2587300  71.81
2012-11-23  72.17  72.51  71.8  72.17  1936400  72.17
2012-11-21  70.97  72.06  70.81  71.71  2734000  71.71
2012-11-20  71.09  71.09  69.74  70.6  3149200  70.6
2012-11-19  71.02  71.53  70.73  71.51  1946900  71.51
2012-11-16  69.38  70.36  68.81  70.11  3502700  70.11
2012-11-15  69.4  70.25  69.11  69.35  2309300  69.35
2012-11-14  71.13  71.45  69.29  69.55  3773200  69.55
2012-11-13  70.65  71.84  70.25  70.9  2603400  70.9
2012-11-12  70.37  71.14  69.77  70.96  2965400  70.96
2012-11-09  69.31  70.95  68.68  70.19  3147500  70.19
2012-11-08  69.64  69.97  68.95  69.38  3044700  69.38
2012-11-07  70.63  71.19  69.79  70.1  2592500  70.1
2012-11-06  70.77  71.5  70.73  71.34  2521100  71.34
2012-11-05  70.1  70.7  69.86  70.5  2196200  70.5
2012-11-02  71.46  72.04  70.3  70.34  3051300  70.34
2012-11-01  68.35  71.49  68.26  71.02  4778100  71.02
2012-10-31  68.9  68.94  67.86  68.38  2130000  68.38
2012-10-26  68.2  68.33  67.71  68.17  2145400  68.17
2012-10-25  68.53  69.1  68.11  68.45  2521900  68.45
2012-10-24  68.67  68.96  67.96  68.2  2758000  68.2
2012-10-23  67.96  68.48  67.29  68.28  3091700  68.28
2012-10-22  68.45  68.99  67.95  68.45  2073700  68.45
2012-10-19  69.68  69.91  68.07  68.36  4486900  68.36
2012-10-18  69.59  70.37  69.53  70.31  3493200  70.31
2012-10-17  69.54  70.22  69.2  69.59  2698300  69.59
2012-10-16  69.32  69.79  68.29  69.2  3397400  69.2
2012-10-15  68.01  69.41  67.91  69.07  4067200  69.07
2012-10-12  67.99  68.18  67.38  67.73  2929900  67.73
2012-10-11  69.5  69.78  67.52  68.2  7015800  68.2
2012-10-10  68.44  70.21  67.44  69.23  18930600  69.23
2012-10-09  64.82  66.26  64.03  64.08  5717900  64.08
2012-10-08  64.14  65.11  63.96  64.95  3334700  64.95
2012-10-05  64.9  65.16  63.67  64.04  3724700  64.04
2012-10-04  64.78  64.92  64.17  64.5  2190500  64.5
2012-10-03  64.72  64.99  64.05  64.45  1992400  64.45
2012-10-02  65.49  65.98  63.86  64.48  3791000  64.48
2012-10-01  64.82  65.84  64.76  65.42  3558700  65.42
2012-09-28  63.73  64.85  62.61  64.37  4604600  64.37
2012-09-27  65.02  66.11  64.77  65.62  3444700  65.62
2012-09-26  64.82  65.06  64.03  64.57  2532200  64.57
2012-09-25  66.63  66.84  64.74  64.74  3206700  64.74
2012-09-24  65.94  66.38  65.74  66.22  1789300  66.22
2012-09-21  66.88  67.16  66.46  66.49  3711600  66.49
2012-09-20  65.8  66.17  65.4  66.17  2853500  66.17
2012-09-19  64.67  66.01  64.67  65.82  3082200  65.82
2012-09-18  64.57  64.89  64.36  64.83  2861900  64.83
2012-09-17  64.63  64.82  64.29  64.57  4690400  64.57
2012-09-14  65.42  65.69  64.36  64.59  4534500  64.59
2012-09-13  64.87  65.46  64.1  65.22  2276900  65.22
2012-09-12  64.95  65.24  63.81  64.81  3940400  64.81
2012-09-11  64.71  65.96  64.47  64.87  4736500  64.87
2012-09-10  63.82  64.67  63.73  64.17  3874900  64.17
2012-09-07  62.42  63.8  62.25  63.8  3885300  63.8
2012-09-06  61.89  63.12  61.75  62.18  3896000  62.18
2012-09-05  61.06  61.74  60.94  61.46  2510200  61.46
2012-09-04  61.6  61.8  60.89  61.11  2557800  61.11
2012-08-31  61.99  62.1  61.38  61.83  2429800  61.83
2012-08-30  61.81  62.08  61.43  61.48  1945400  61.48
2012-08-29  61.86  62.45  61.84  62.0  1786800  62.0
2012-08-28  61.96  62.33  61.55  61.89  2235300  61.89
2012-08-27  62.31  62.62  61.56  62.02  3292000  62.02
2012-08-24  62.32  62.33  61.03  62.13  4125600  62.13
2012-08-23  63.3  63.44  62.39  62.75  2874800  62.75
2012-08-22  63.46  63.84  63.26  63.35  2500900  63.35
2012-08-21  63.14  63.85  63.14  63.65  4052000  63.65
2012-08-20  64.28  64.38  63.17  63.25  2865400  63.25
2012-08-17  64.43  64.79  64.01  64.14  3600200  64.14
2012-08-16  64.29  64.75  63.85  64.17  2884400  64.17
2012-08-15  64.31  64.41  63.62  63.94  4156400  63.94
2012-08-14  65.11  65.22  63.5  64.28  5327600  64.28
2012-08-13  64.81  65.09  64.64  64.98  1943500  64.98
2012-08-10  64.45  64.86  64.3  64.85  1603800  64.85
2012-08-09  64.64  64.93  64.47  64.63  2494300  64.63
2012-08-08  64.42  64.85  64.04  64.6  3203700  64.6
2012-08-07  65.66  66.15  65.11  65.12  2785900  65.12
2012-08-06  65.54  65.98  65.26  65.32  2391300  65.32
2012-08-03  64.91  66.63  64.55  65.53  4717700  65.53
2012-08-02  62.43  63.77  62.25  63.71  4110100  63.71
2012-08-01  63.24  63.46  62.55  62.64  3786900  62.64
2012-07-31  64.28  64.28  62.83  62.92  5563300  62.92
2012-07-30  64.79  65.0  64.08  64.43  3237800  64.43
2012-07-27  63.22  65.0  63.11  64.75  4154000  64.75
2012-07-26  62.43  63.53  62.43  63.18  3783400  63.18
2012-07-25  60.99  62.09  60.99  61.63  3336200  61.63
2012-07-24  61.48  61.48  60.42  60.9  3193300  60.9
2012-07-23  61.86  62.26  61.19  61.25  4952000  61.25
2012-07-20  63.51  63.6  61.81  63.02  9149200  63.02
2012-07-19  61.55  65.5  61.54  63.91  12531200  63.91
2012-07-18  62.54  63.86  62.18  63.61  6777900  63.61
2012-07-17  62.37  63.75  61.94  62.5  5467800  62.5
2012-07-16  62.48  62.92  61.95  62.14  3788800  62.14
2012-07-13  61.24  62.92  60.94  62.8  4605100  62.8
2012-07-12  59.65  61.53  59.24  61.27  7856800  61.27
2012-07-11  61.1  61.25  59.93  60.11  5806400  60.11
2012-07-10  61.78  62.14  60.67  60.9  4438000  60.9
2012-07-09  62.79  62.79  61.05  61.31  4950700  61.31
2012-07-06  62.3  63.24  61.95  62.71  3969500  62.71
2012-07-05  60.85  62.95  60.85  62.54  4653200  62.54
2012-07-03  61.36  61.51  59.96  61.04  3561800  61.04
2012-07-02  62.08  62.5  61.17  61.77  3201000  61.77
2012-06-29  61.18  62.3  59.46  62.23  8757900  62.23
2012-06-28  61.86  62.15  60.69  61.71  4208100  61.71
2012-06-27  63.09  63.4  61.97  62.43  2635400  62.43
2012-06-26  63.3  63.59  62.78  63.23  2423200  63.23
2012-06-25  63.06  63.38  62.46  63.08  2928300  63.08
2012-06-22  63.85  64.47  63.43  63.86  3556000  63.86
2012-06-21  64.22  64.3  62.73  62.8  2998500  62.8
2012-06-20  65.01  65.28  63.13  63.97  4745000  63.97
2012-06-19  63.96  65.18  63.63  64.96  4950900  64.96
2012-06-18  62.43  63.69  62.34  63.56  3156900  63.56
2012-06-15  62.73  62.88  62.15  62.78  3446800  62.78
2012-06-14  60.94  62.55  60.88  62.23  3925700  62.23
2012-06-13  61.37  62.19  60.37  60.72  4234400  60.72
2012-06-12  61.27  61.95  60.92  61.34  4416100  61.34
2012-06-11  63.04  63.12  61.24  61.29  5571800  61.29
2012-06-08  62.68  62.69  60.25  62.39  11461500  62.39
2012-06-07  65.49  66.21  64.32  64.5  3385000  64.5
2012-06-06  62.94  65.41  62.86  64.47  5821300  64.47
2012-06-05  61.66  62.5  61.56  62.21  3149000  62.21
2012-06-04  61.55  62.17  60.63  62.04  6437400  62.04
2012-06-01  65.44  66.1  62.17  62.5  13368800  62.5
2012-05-31  67.93  68.54  67.19  67.96  3197700  67.96
2012-05-30  68.47  68.5  67.77  67.94  2779900  67.94
2012-05-29  68.35  69.44  68.34  69.06  2516400  69.06
2012-05-25  67.63  68.49  67.63  68.0  1914100  68.0
2012-05-24  68.61  68.93  67.15  68.09  4340400  68.09
2012-05-23  67.49  68.43  67.09  68.28  2662200  68.28
2012-05-22  67.19  68.97  66.91  68.08  4426100  68.08
2012-05-21  65.37  66.82  64.96  66.76  2893800  66.76
2012-05-18  65.77  66.03  64.94  65.13  4696800  65.13
2012-05-17  67.66  67.8  65.59  65.7  4318700  65.7
2012-05-16  67.48  68.22  67.44  67.75  2692600  67.75
2012-05-15  67.42  68.65  67.28  67.38  3341000  67.38
2012-05-14  68.68  68.95  67.32  67.43  3404500  67.43
2012-05-11  68.68  69.91  68.65  69.26  2545300  69.26
2012-05-10  68.54  69.4  68.36  68.93  2770200  68.93
2012-05-09  68.57  68.68  67.86  68.04  3833100  68.04
2012-05-08  69.48  69.59  68.39  69.36  4087600  69.36
2012-05-07  68.69  70.22  68.43  69.92  3356900  69.92
2012-05-04  69.27  69.49  68.38  68.73  2962800  68.73
2012-05-03  71.48  71.58  69.05  69.55  5728500  69.55
2012-05-02  70.81  71.55  70.64  71.18  2478600  71.18
2012-05-01  70.54  71.8  70.4  71.05  2319800  71.05
2012-04-30  70.63  70.77  69.96  70.25  2053300  70.25
2012-04-27  70.46  71.02  69.91  70.82  2410800  70.82
2012-04-26  70.31  70.8  69.9  70.41  2805000  70.41
2012-04-25  70.21  70.56  69.7  70.27  4211600  70.27
2012-04-24  70.98  71.34  69.63  69.78  4393400  69.78
2012-04-23  71.03  71.33  70.32  71.27  4121900  71.27
2012-04-20  69.77  71.9  69.35  71.41  8059100  71.41
2012-04-19  69.01  70.26  68.56  68.98  7939400  68.98
2012-04-18  70.24  70.78  70.14  70.46  5244500  70.46
2012-04-17  70.93  71.14  69.93  70.7  4426200  70.7
2012-04-16  70.61  70.78  69.24  69.79  5591300  69.79
2012-04-13  68.37  71.19  68.31  70.38  6142400  70.38
2012-04-12  67.86  68.57  67.49  68.46  2302700  68.46
2012-04-11  66.44  68.09  66.31  67.72  3612100  67.72
2012-04-10  67.09  67.48  65.81  65.87  3202200  65.87
2012-04-09  67.01  67.53  67.01  67.33  1832900  67.33
2012-04-05  67.33  68.03  67.11  67.99  2296900  67.99
2012-04-04  67.51  67.89  67.15  67.39  2293600  67.39
2012-04-03  67.37  68.32  67.27  68.02  4099300  68.02
2012-04-02  68.39  68.41  67.22  67.33  4211400  67.33
2012-03-30  68.1  68.7  67.7  68.47  3516000  68.47
2012-03-29  67.33  67.73  67.05  67.61  1986300  67.61
2012-03-28  67.94  68.33  67.37  67.72  3103400  67.72
2012-03-27  68.87  69.06  67.88  67.93  3682200  67.93
2012-03-26  68.09  68.75  68.0  68.72  2359900  68.72
2012-03-23  68.11  68.12  66.97  67.95  2735900  67.95
2012-03-22  67.13  68.41  67.13  68.03  3522700  68.03
2012-03-21  67.4  67.54  66.98  67.26  2190000  67.26
2012-03-20  66.16  67.73  66.15  67.54  3767200  67.54
2012-03-19  65.92  66.45  65.41  66.43  2039500  66.43
2012-03-16  66.06  66.32  65.52  65.8  2604000  65.8
2012-03-15  66.4  66.4  65.45  66.01  2003700  66.01
2012-03-14  66.18  66.71  65.61  66.03  3419000  66.03
2012-03-13  64.87  66.1  64.75  66.02  2884800  66.02
2012-03-12  65.01  65.26  64.27  64.38  1911100  64.38
2012-03-09  64.98  65.0  64.52  64.84  2089200  64.84
2012-03-08  63.46  64.69  63.31  64.44  3565800  64.44
2012-03-07  63.01  64.1  62.86  63.98  2960800  63.98
2012-03-06  63.2  63.62  62.61  62.99  3204900  62.99
2012-03-05  63.72  64.08  63.49  63.83  1663400  63.83
2012-03-02  63.61  63.88  63.44  63.72  2078900  63.72
2012-03-01  63.71  64.11  63.48  63.7  2551300  63.7
2012-02-29  63.48  64.02  63.11  63.72  3001700  63.72
2012-02-28  63.06  63.48  62.96  63.45  2147600  63.45
2012-02-27  62.73  63.34  62.53  63.06  1752300  63.06
2012-02-24  63.28  63.34  62.82  63.04  2403600  63.04
2012-02-23  63.33  63.42  62.73  63.32  2995900  63.32
2012-02-22  62.84  63.48  62.62  63.39  4243400  63.39
2012-02-21  62.97  63.39  62.81  63.01  3292700  63.01
2012-02-17  62.46  62.99  62.27  62.77  5514800  62.77
2012-02-16  61.25  62.4  61.21  62.27  3005000  62.27
2012-02-15  61.76  61.99  60.95  61.29  4097900  61.29
2012-02-14  61.98  61.99  60.87  61.54  5727900  61.54
2012-02-13  62.54  62.58  62.0  62.12  3248800  62.12
2012-02-10  62.05  62.74  61.85  62.27  3776900  62.27
2012-02-09  62.08  62.59  62.0  62.44  6423800  62.44
2012-02-08  63.0  63.2  61.73  61.99  6285600  61.99
2012-02-07  62.42  63.28  62.03  62.38  12812600  62.38
2012-02-06  61.22  61.63  60.65  60.78  5622300  60.78
2012-02-03  62.05  62.29  61.37  61.41  3938600  61.41
2012-02-02  61.54  61.79  61.06  61.35  3470500  61.35
2012-02-01  61.33  61.96  61.02  61.74  2931900  61.74
2012-01-31  61.36  61.76  60.64  60.92  3469200  60.92
2012-01-30  60.11  61.4  59.67  61.26  3323900  61.26
2012-01-27  60.03  60.61  59.93  60.46  3864200  60.46
2012-01-26  60.49  60.6  59.81  60.1  2028100  60.1
2012-01-25  59.78  60.44  59.7  60.26  2497700  60.26
2012-01-24  59.62  59.99  58.92  59.9  3303400  59.9
2012-01-23  60.13  60.22  59.35  59.9  2765900  59.9
2012-01-20  60.46  61.02  60.01  60.1  4074200  60.1
2012-01-19  60.31  60.58  59.8  60.09  3601500  60.09
2012-01-18  59.47  60.6  59.44  60.27  3772000  60.27
2012-01-17  59.5  60.12  59.25  59.53  3012800  59.53
2012-01-13  58.37  58.99  58.3  58.9  3648200  58.9
2012-01-12  58.74  59.2  58.37  58.54  3445500  58.54
2012-01-11  57.49  59.29  57.49  58.6  6130400  58.6
2012-01-10  57.53  57.87  57.04  57.43  3469400  57.43
2012-01-09  57.26  57.34  56.79  57.08  2648900  57.08
2012-01-06  56.8  57.42  56.68  57.3  2704000  57.3
2012-01-05  56.37  56.97  55.91  56.89  3637400  56.89
2012-01-04  55.98  56.97  55.98  56.46  3604000  56.46
2012-01-03  57.07  57.34  55.99  56.07  3404500  56.07
2011-12-30  56.96  57.05  56.49  56.49  1246200  56.49
2011-12-29  56.6  57.24  56.59  57.04  1734200  57.04
2011-12-28  56.8  56.86  56.19  56.46  1805700  56.46
2011-12-27  56.5  56.94  56.27  56.77  2164000  56.77
2011-12-23  56.05  56.51  56.0  56.51  1920600  56.51
2011-12-22  55.95  56.03  55.68  55.9  2490100  55.9
2011-12-21  56.0  56.2  55.53  55.95  4235500  55.95
2011-12-20  55.63  56.11  55.44  55.84  3983900  55.84
2011-12-19  55.25  55.67  55.0  55.14  2489900  55.14
2011-12-16  55.51  55.67  55.03  55.24  4359000  55.24
2011-12-15  55.37  55.59  54.72  55.05  3061300  55.05
2011-12-14  55.71  56.15  54.65  54.92  4690000  54.92
2011-12-13  56.48  56.64  55.67  55.79  4163200  55.79
2011-12-12  55.14  56.54  54.79  56.45  5189900  56.45
2011-12-09  55.63  56.06  55.28  55.49  4152200  55.49
2011-12-08  55.38  56.44  54.94  55.04  4624400  55.04
2011-12-07  55.02  55.64  54.61  55.54  4692000  55.54
2011-12-06  54.61  55.04  54.01  54.89  3058000  54.89
2011-12-05  54.43  54.8  54.19  54.66  3278300  54.66
2011-12-02  54.21  54.45  53.7  53.85  2951400  53.85
2011-12-01  53.71  54.12  53.5  53.89  3397300  53.89
2011-11-30  53.68  54.09  53.25  53.65  3832300  53.65
2011-11-29  52.26  52.67  52.22  52.55  2429800  52.55
2011-11-28  51.54  52.41  51.36  52.21  3199600  52.21
2011-11-25  50.95  51.06  50.3  50.47  2194300  50.47
2011-11-23  51.78  51.92  50.86  50.91  2704400  50.91
2011-11-22  51.35  52.97  51.09  52.19  4469300  52.19
2011-11-21  50.89  51.45  50.42  51.21  2420700  51.21
2011-11-18  51.64  51.76  51.14  51.54  3143100  51.54
2011-11-17  51.94  52.36  50.86  51.48  2728900  51.48
2011-11-16  52.66  53.06  52.09  52.17  2586600  52.17
2011-11-15  52.93  53.27  52.48  53.05  1847800  53.05
2011-11-14  53.18  53.42  52.85  52.93  1911300  52.93
2011-11-11  52.86  53.56  52.59  53.43  2439500  53.43
2011-11-10  52.91  52.91  51.98  52.41  3298300  52.41
2011-11-09  52.11  53.24  51.99  52.47  6320600  52.47
2011-11-08  52.51  53.4  52.1  53.26  4002600  53.26
2011-11-07  51.84  52.41  51.47  52.3  3518900  52.3
2011-11-04  51.73  52.24  51.08  51.68  3955600  51.68
2011-11-03  51.35  51.82  50.75  51.74  3105600  51.74
2011-11-02  50.82  51.07  50.32  50.88  3317700  50.88
2011-11-01  50.27  50.99  49.94  50.38  4129000  50.38
2011-10-31  51.47  52.19  51.29  51.29  2536000  51.29
2011-10-28  52.01  52.4  51.05  51.83  3277500  51.83
2011-10-27  52.0  52.55  51.44  52.07  3538600  52.07
2011-10-26  51.16  51.58  49.72  50.79  3463100  50.79
2011-10-25  50.9  51.62  50.41  50.59  2399400  50.59
2011-10-24  51.44  51.53  50.9  51.19  3119600  51.19
2011-10-21  50.8  51.61  50.6  51.45  4332600  51.45
2011-10-20  49.53  50.23  49.06  49.94  3815900  49.94
2011-10-19  50.07  50.26  49.12  49.42  3289600  49.42
2011-10-18  49.03  50.58  48.44  50.05  3585800  50.05
2011-10-17  49.57  49.77  48.83  48.95  3864200  48.95
2011-10-14  50.48  50.6  49.38  49.92  4820700  49.92
2011-10-13  48.61  50.72  48.54  50.37  6641500  50.37
2011-10-12  49.74  50.56  48.79  48.85  5624400  48.85
2011-10-11  48.33  49.46  48.3  49.39  3866600  49.39
2011-10-10  47.41  48.72  47.34  48.46  3883000  48.46
2011-10-07  46.95  47.43  46.66  46.88  5192500  46.88
2011-10-06  45.88  47.14  45.84  46.97  7187900  46.97
2011-10-05  47.36  47.79  45.51  45.81  14168000  45.81
2011-10-04  45.32  47.18  44.89  47.07  7400500  47.07
2011-10-03  46.91  47.65  46.09  46.13  6407800  46.13
2011-09-30  46.27  48.76  46.17  47.02  9134300  47.02
2011-09-29  50.87  50.94  46.07  47.17  11955400  47.17
2011-09-28  50.9  51.93  49.95  50.05  4058800  50.05
2011-09-27  51.05  52.1  50.53  50.8  4093800  50.8
2011-09-26  49.54  50.22  48.43  50.08  4292200  50.08
2011-09-23  48.54  49.61  47.92  49.19  4062900  49.19
2011-09-22  48.61  49.29  47.9  48.53  6403800  48.53
2011-09-21  52.14  52.26  49.97  50.03  5007200  50.03
2011-09-20  52.28  53.03  51.49  51.93  3426900  51.93
2011-09-19  50.61  52.36  50.29  52.15  4197300  52.15
2011-09-16  51.69  51.69  50.71  51.27  4532900  51.27
2011-09-15  51.25  51.44  50.78  51.08  2825500  51.08
2011-09-14  50.05  51.46  49.48  50.75  3108000  50.75
2011-09-13  49.63  50.01  49.32  49.73  3297700  49.73
2011-09-12  48.42  49.6  48.1  49.57  4120500  49.57
2011-09-09  50.18  50.18  48.56  49.06  4863000  49.06
2011-09-08  50.96  51.46  50.56  50.81  2640700  50.81
2011-09-07  50.56  51.2  50.04  51.2  3256300  51.2
2011-09-06  48.87  50.09  48.54  50.0  3615100  50.0
2011-09-02  50.37  50.84  49.68  50.13  3931200  50.13
2011-09-01  51.73  51.77  50.84  51.27  3606200  51.27
2011-08-31  51.83  52.17  51.31  51.77  3384600  51.77
2011-08-30  51.27  51.77  50.93  51.43  3383200  51.43
2011-08-29  50.98  51.41  50.85  51.41  3058100  51.41
2011-08-26  49.0  50.49  48.46  50.24  4239200  50.24
2011-08-25  50.52  50.95  48.87  49.23  4920400  49.23
2011-08-24  49.11  50.54  48.92  50.51  5596500  50.51
2011-08-23  47.77  49.16  47.49  49.16  4919100  49.16
2011-08-22  47.78  48.68  47.46  47.56  5300400  47.56
2011-08-19  46.15  48.05  45.98  47.04  6470700  47.04
2011-08-18  47.77  47.98  46.11  46.59  5035600  46.59
2011-08-17  48.73  49.18  48.28  48.88  3099600  48.88
2011-08-16  48.88  49.1  48.29  48.59  4555600  48.59
2011-08-15  49.37  49.47  48.63  49.13  4191500  49.13
2011-08-12  49.73  49.8  48.48  48.88  6065600  48.88
2011-08-11  46.29  49.66  46.29  48.99  7656400  48.99
2011-08-10  47.53  47.54  45.82  45.96  10710800  45.96
2011-08-09  46.16  48.01  45.26  47.93  10879800  47.93
2011-08-08  47.39  47.98  45.48  45.53  8471900  45.53
2011-08-05  48.1  48.71  46.76  48.28  7107800  48.28
2011-08-04  48.11  48.58  47.73  47.98  6340800  47.98
2011-08-03  48.33  48.64  47.53  48.6  5942100  48.6
2011-08-02  49.86  50.04  48.51  48.54  4105300  48.54
2011-08-01  50.84  50.84  49.54  50.14  3150100  50.14
2011-07-29  49.46  50.68  49.4  50.29  4175700  50.29
2011-07-28  49.83  50.9  49.8  50.16  5522900  50.16
2011-07-27  50.85  50.99  49.7  49.89  4623000  49.89
2011-07-26  51.24  51.6  50.85  51.16  2764900  51.16
2011-07-25  51.74  51.84  51.21  51.26  2756100  51.26
2011-07-22  52.3  52.37  51.92  51.96  2935600  51.96
2011-07-21  51.99  52.22  51.5  51.89  4725300  51.89
2011-07-20  52.44  52.5  51.61  51.74  2817600  51.74
2011-07-19  52.52  52.56  52.04  52.52  3136000  52.52
2011-07-18  52.71  52.98  52.05  52.22  3100000  52.22
2011-07-15  53.94  54.01  52.64  52.85  4634100  52.85
2011-07-14  54.18  54.98  52.92  53.67  9930500  53.67
2011-07-13  52.76  53.84  52.75  52.92  6434900  52.92
2011-07-12  52.47  52.84  52.3  52.35  3519700  52.35
2011-07-11  52.31  53.14  52.2  52.61  3573100  52.61
2011-07-08  52.27  52.73  52.02  52.71  3342000  52.71
2011-07-07  52.02  53.08  51.89  52.69  6196300  52.69
2011-07-06  53.31  53.69  53.1  53.22  2853600  53.22
2011-07-05  53.99  53.99  53.43  53.64  2874700  53.64
2011-07-01  52.41  54.06  52.41  53.79  3358700  53.79
2011-06-30  52.52  52.64  52.1  52.36  2608500  52.36
2011-06-29  52.61  53.03  52.16  52.35  3151800  52.35
2011-06-28  51.66  52.51  51.6  52.48  2880500  52.48
2011-06-27  50.97  51.79  50.74  51.56  3036300  51.56
2011-06-24  51.57  51.83  50.97  51.03  3918800  51.03
2011-06-23  51.38  51.92  51.01  51.56  6055500  51.56
2011-06-22  52.37  52.72  51.86  51.88  3231900  51.88
2011-06-21  52.03  52.84  51.91  52.59  3909800  52.59
2011-06-20  51.96  52.17  51.49  51.72  3985400  51.72
2011-06-17  52.12  52.42  51.71  51.97  3140800  51.97
2011-06-16  51.15  51.89  51.07  51.59  3670400  51.59
2011-06-15  50.82  51.58  50.6  51.21  3915400  51.21
2011-06-14  51.17  51.37  50.8  51.16  2185000  51.16
2011-06-13  50.26  50.49  49.76  50.26  2489300  50.26
2011-06-10  50.67  50.87  49.97  50.04  2342400  50.04
2011-06-09  50.9  51.21  50.46  50.9  2287100  50.9
2011-06-08  51.14  51.64  50.68  50.76  3236500  50.76
2011-06-07  51.16  51.93  51.16  51.32  3502800  51.32
2011-06-06  51.45  52.11  51.07  51.07  3382400  51.07
2011-06-03  51.1  51.87  51.03  51.58  4306000  51.58
2011-06-02  51.57  51.77  51.11  51.64  3069800  51.64
2011-06-01  52.42  52.5  51.62  51.62  3228800  51.62
2011-05-31  52.93  53.06  52.16  52.43  4951600  52.43
2011-05-27  53.37  53.46  52.41  52.55  3518800  52.55
2011-05-26  52.87  53.26  52.66  53.14  2146400  53.14
2011-05-25  52.94  53.12  52.57  52.94  2429500  52.94
2011-05-24  52.89  53.15  52.62  52.76  3341400  52.76
2011-05-23  52.87  53.23  52.8  52.9  3812600  52.9
2011-05-20  53.86  54.0  52.95  53.32  5709800  53.32
2011-05-19  53.06  53.82  52.87  53.73  3632300  53.73
2011-05-18  51.9  52.75  51.74  52.72  4862700  52.72
2011-05-17  50.99  51.83  50.69  51.81  3579400  51.81
2011-05-16  51.91  52.0  51.21  51.26  2490200  51.26
2011-05-13  52.02  52.29  51.69  52.0  2379500  52.0
2011-05-12  51.64  52.06  51.26  51.87  3163700  51.87
2011-05-11  51.93  52.08  51.33  51.74  3470000  51.74
2011-05-10  51.64  52.49  51.62  52.01  3610700  52.01
2011-05-09  50.89  51.55  50.86  51.5  2520600  51.5
2011-05-06  51.0  51.44  50.7  50.84  2677200  50.84
2011-05-05  50.44  51.12  50.25  50.47  2889800  50.47
2011-05-04  51.09  51.2  50.37  50.64  2775300  50.64
2011-05-03  50.78  51.21  50.5  51.15  3627100  51.15
2011-05-02  50.98  51.16  50.62  50.71  2796400  50.71
2011-04-29  50.13  51.05  50.05  50.84  4185200  50.84
2011-04-28  49.75  50.47  49.62  50.07  3174600  50.07
2011-04-27  49.46  49.62  48.97  49.57  2858500  49.57
2011-04-26  50.43  50.53  49.32  49.46  4500000  49.46
2011-04-25  50.76  50.8  49.78  50.42  3985900  50.42
2011-04-21  51.8  52.11  50.77  50.85  7423600  50.85
2011-04-20  48.67  49.14  48.45  48.86  3425200  48.86
2011-04-19  47.76  48.28  47.49  48.23  3412500  48.23
2011-04-18  47.94  47.95  47.3  47.75  4151600  47.75
2011-04-15  48.18  48.52  47.93  48.45  2792800  48.45
2011-04-14  47.15  48.17  47.0  48.03  4260300  48.03
2011-04-13  47.28  47.5  47.11  47.37  2891000  47.37
2011-04-12  47.0  47.72  46.97  47.02  3886900  47.02
2011-04-11  46.75  47.2  46.74  47.12  3828300  47.12
2011-04-08  46.93  47.17  46.44  46.76  4127500  46.76
2011-04-07  47.11  47.48  46.49  46.6  4472100  46.6
2011-04-06  47.32  47.41  47.08  47.25  3896100  47.25
2011-04-05  47.81  47.87  47.05  47.11  5155100  47.11
2011-04-04  48.55  48.81  47.88  47.97  3090900  47.97
2011-04-01  48.55  48.92  48.36  48.47  2669000  48.47
2011-03-31  48.65  48.72  48.41  48.45  3562500  48.45
2011-03-30  48.56  48.86  48.48  48.78  4344400  48.78
2011-03-29  48.51  48.65  48.28  48.38  3493200  48.38
2011-03-28  49.02  49.26  48.51  48.54  2000300  48.54
2011-03-25  48.99  49.32  48.72  48.89  2232300  48.89
2011-03-24  48.47  48.96  48.3  48.94  1793800  48.94
2011-03-23  47.79  48.42  47.48  48.18  2457200  48.18
2011-03-22  48.4  48.42  47.74  47.92  1859400  47.92
2011-03-21  48.6  48.77  48.17  48.33  2618400  48.33
2011-03-18  48.57  48.74  47.9  48.09  2488900  48.09
2011-03-17  48.32  48.56  47.84  48.09  3724200  48.09
2011-03-16  48.02  48.45  47.65  47.95  3728300  47.95
2011-03-15  47.57  48.31  47.45  48.05  3093200  48.05
2011-03-14  49.21  49.44  48.58  48.94  2323100  48.94
2011-03-11  49.62  49.78  48.94  49.58  3157600  49.58
2011-03-10  49.09  50.16  48.91  49.84  4578000  49.84
2011-03-09  49.2  49.66  49.08  49.66  4196100  49.66
2011-03-08  48.13  49.22  48.12  49.18  4759000  49.18
2011-03-07  48.4  48.52  47.58  47.94  2781900  47.94
2011-03-04  47.8  48.14  47.68  48.07  3114600  48.07
2011-03-03  47.0  47.77  46.97  47.77  2606700  47.77
2011-03-02  46.84  46.96  46.12  46.66  2652700  46.66
2011-03-01  47.7  47.7  46.85  47.01  3417400  47.01
2011-02-28  47.24  47.65  47.11  47.46  2479800  47.46
2011-02-25  46.65  47.29  46.65  47.16  2569200  47.16
2011-02-24  46.19  46.66  45.9  46.56  2939400  46.56
2011-02-23  46.86  47.22  45.79  46.46  3540600  46.46
2011-02-22  48.06  48.14  46.75  46.89  4624900  46.89
2011-02-18  48.49  48.69  47.95  48.25  2372900  48.25
2011-02-17  48.21  48.51  47.93  48.45  2875100  48.45
2011-02-16  48.07  48.54  47.92  48.26  3120300  48.26
2011-02-15  47.23  47.96  47.06  47.84  3103900  47.84
2011-02-14  46.86  47.52  46.49  47.43  3073000  47.43
2011-02-11  46.41  46.98  46.28  46.93  2319800  46.93
2011-02-10  46.54  46.94  46.3  46.91  2830900  46.91
2011-02-09  46.6  46.95  46.34  46.68  2217500  46.68
2011-02-08  46.71  47.14  46.59  46.77  2438700  46.77
2011-02-07  46.53  47.03  46.31  46.59  3817500  46.59
2011-02-04  46.54  46.81  46.0  46.49  3622000  46.49
2011-02-03  46.32  47.32  46.21  46.43  8248300  46.43
2011-02-02  44.95  45.18  44.58  45.01  3843800  45.01
2011-02-01  44.26  45.04  44.1  44.72  3224300  44.72
2011-01-31  43.85  44.3  43.7  44.1  3755200  44.1
2011-01-28  45.03  45.5  43.64  43.76  5504900  43.76
2011-01-27  45.05  45.51  44.84  44.88  3916800  44.88
2011-01-26  45.41  45.51  45.03  45.05  3322100  45.05
2011-01-25  45.52  45.66  45.08  45.27  3188900  45.27
2011-01-24  45.49  45.66  45.31  45.55  3001500  45.55
2011-01-21  45.98  46.01  45.32  45.52  4008100  45.52
2011-01-20  46.46  46.69  45.77  45.87  3912800  45.87
2011-01-19  46.5  46.59  46.16  46.48  3288200  46.48
2011-01-18  45.1  46.69  45.05  46.44  5576300  46.44
2011-01-14  45.84  45.89  45.07  45.11  4967900  45.11
2011-01-13  46.43  46.6  46.03  46.11  2323600  46.11
2011-01-12  46.6  46.76  46.29  46.35  2267400  46.35
2011-01-11  46.87  46.9  46.15  46.23  2228500  46.23
2011-01-10  46.35  46.76  46.07  46.53  2997500  46.53
2011-01-07  45.98  46.55  45.87  46.46  3379100  46.46
2011-01-06  45.93  46.03  45.53  45.89  4095300  45.89
2011-01-05  45.16  45.79  45.04  45.57  3698900  45.57
2011-01-04  46.04  46.06  44.82  45.35  4908500  45.35
2011-01-03  46.26  46.45  45.96  46.06  3403900  46.06
2010-12-31  46.14  46.36  45.99  46.02  1147200  46.02
2010-12-30  46.52  46.59  46.15  46.27  1205200  46.27
2010-12-29  46.33  46.78  46.31  46.54  1763400  46.54
2010-12-28  46.51  46.57  45.9  46.19  1479800  46.19
2010-12-27  46.61  46.61  46.16  46.46  1002900  46.46
2010-12-23  46.9  47.16  46.48  46.59  1631000  46.59
2010-12-22  46.98  47.2  46.62  47.0  1466000  47.0
2010-12-21  46.64  47.03  46.41  46.93  2072900  46.93
2010-12-20  47.07  47.08  46.4  46.56  2328600  46.56
2010-12-17  46.99  47.18  46.61  46.96  3723000  46.96
2010-12-16  46.29  46.97  46.09  46.93  3304600  46.93
2010-12-15  46.35  46.59  46.11  46.29  3308700  46.29
2010-12-14  46.47  46.68  46.2  46.41  2620900  46.41
2010-12-13  47.24  47.49  46.41  46.42  2901300  46.42
2010-12-10  46.63  47.32  46.63  47.16  2985100  47.16
2010-12-09  47.51  47.59  46.44  46.59  5546500  46.59
2010-12-08  46.98  47.22  46.2  47.17  3505400  47.17
2010-12-07  47.17  47.66  46.87  47.31  3063300  47.31
2010-12-06  47.28  47.36  46.67  46.83  2819800  46.83
2010-12-03  47.53  47.67  47.02  47.45  2846400  47.45
2010-12-02  47.31  48.13  47.3  47.79  2864100  47.79
2010-12-01  47.69  47.82  47.13  47.3  3662900  47.3
2010-11-30  46.57  47.37  46.45  46.99  2802700  46.99
2010-11-29  46.71  47.08  46.31  46.93  3365300  46.93
2010-11-26  47.26  47.26  46.73  46.96  959700  46.96
2010-11-24  47.02  47.44  46.83  47.44  2321100  47.44
2010-11-23  47.02  47.24  46.41  46.63  3082100  46.63
2010-11-22  47.43  47.74  46.87  47.51  3055100  47.51
2010-11-19  47.49  47.67  47.19  47.65  2954000  47.65
2010-11-18  47.21  47.91  47.0  47.43  4729300  47.43
2010-11-17  46.18  46.61  45.63  46.57  5369000  46.57
2010-11-16  47.62  47.73  46.04  46.24  5376300  46.24
2010-11-15  47.9  48.16  47.34  47.96  3428600  47.96
2010-11-12  48.48  48.72  47.46  47.65  2889100  47.65
2010-11-11  47.95  48.89  47.9  48.7  3035700  48.7
2010-11-10  47.58  48.53  47.41  48.22  3044700  48.22
2010-11-09  48.6  48.63  47.39  47.53  3444800  47.53
2010-11-08  48.14  48.71  48.01  48.5  2902600  48.5
2010-11-05  48.45  48.47  48.04  48.16  2194800  48.16
2010-11-04  48.1  49.23  47.91  48.3  4209100  48.3
2010-11-03  47.53  47.94  47.25  47.7  2928800  47.7
2010-11-02  47.08  47.56  46.99  47.42  1708400  47.42
2010-11-01  46.81  47.08  46.41  46.72  2365800  46.72
2010-10-29  46.03  46.52  45.97  46.5  2294600  46.5
2010-10-28  46.31  46.34  45.78  46.22  2669500  46.22
2010-10-27  46.31  46.42  45.46  46.01  3549100  46.01
2010-10-26  46.69  46.81  46.45  46.73  2190100  46.73
2010-10-25  46.7  46.98  46.51  46.8  3653000  46.8
2010-10-22  45.95  46.57  45.77  46.51  2489400  46.51
2010-10-21  45.68  46.35  45.46  45.79  4087700  45.79
2010-10-20  45.08  45.71  44.88  45.45  3714300  45.45
2010-10-19  45.14  45.26  44.22  44.75  3603800  44.75
2010-10-18  45.78  45.82  45.49  45.62  2442500  45.62
2010-10-15  45.69  45.88  45.47  45.83  4277000  45.83
2010-10-14  45.13  45.45  44.77  45.43  4052200  45.43
2010-10-13  45.05  45.09  44.64  45.0  3165200  45.0
2010-10-12  44.2  44.74  44.02  44.71  2840500  44.71
2010-10-11  44.52  44.59  44.2  44.41  2204500  44.41
2010-10-08  44.18  44.81  43.89  44.47  4592800  44.47
2010-10-07  44.45  44.45  43.8  44.06  3616400  44.06
2010-10-06  43.79  44.28  43.6  44.2  6334400  44.2
2010-10-05  43.59  44.33  43.55  43.68  5868800  43.68
2010-10-04  43.28  43.54  43.02  43.33  3405600  43.33
2010-10-01  43.22  43.51  43.05  43.38  3935400  43.38
2010-09-30  43.46  43.73  42.9  42.99  4268800  42.99
2010-09-29  43.36  43.54  43.0  43.2  3198300  43.2
2010-09-28  43.32  43.52  42.87  43.34  6932200  43.34
2010-09-27  43.48  43.68  43.23  43.28  2600900  43.28
2010-09-24  43.1  43.63  43.02  43.4  3239900  43.4
2010-09-23  43.2  43.48  42.67  42.77  2637400  42.77
2010-09-22  43.31  43.52  43.03  43.37  3083000  43.37
2010-09-21  43.6  43.78  43.19  43.34  4916600  43.34
2010-09-20  42.75  43.55  42.66  43.48  2571200  43.48
2010-09-17  42.9  43.01  42.57  42.7  2970600  42.7
2010-09-16  42.93  43.06  42.49  42.77  2306200  42.77
2010-09-15  42.36  43.2  42.23  42.86  3920300  42.86
2010-09-14  42.47  43.17  42.28  42.49  4707600  42.49
2010-09-13  41.89  42.6  41.81  42.5  5800100  42.5
2010-09-10  41.09  41.58  40.92  41.55  3201700  41.55
2010-09-09  41.3  41.42  40.75  40.93  3329900  40.93
2010-09-08  41.23  41.89  41.1  41.54  3186300  41.54
2010-09-07  41.3  41.71  41.13  41.33  2875600  41.33
2010-09-03  40.92  41.42  40.76  41.39  4472700  41.39
2010-09-02  39.96  41.01  39.96  40.93  5365800  40.93
2010-09-01  39.2  39.85  39.14  39.76  8778200  39.76
2010-08-31  38.79  39.16  38.59  38.92  4691000  38.92
2010-08-30  39.47  39.55  38.92  38.92  2462100  38.92
2010-08-27  39.73  39.94  39.26  39.5  4829600  39.5
2010-08-26  39.66  39.82  39.45  39.54  5256000  39.54
2010-08-25  38.54  39.7  38.4  39.5  4708000  39.5
2010-08-24  38.65  39.17  38.27  38.82  3427600  38.82
2010-08-23  39.6  39.8  39.09  39.12  3419500  39.12
2010-08-20  38.78  39.57  38.78  39.5  2534800  39.5
2010-08-19  39.23  39.46  38.69  39.12  2693300  39.12
2010-08-18  39.02  39.64  38.83  39.36  2413300  39.36
2010-08-17  38.46  39.43  38.29  39.22  2886100  39.22
2010-08-16  38.01  38.3  37.81  38.2  1723300  38.2
2010-08-13  38.08  38.31  37.92  38.13  2005600  38.13
2010-08-12  37.99  38.43  37.84  38.27  2353300  38.27
2010-08-11  39.02  39.02  38.32  38.41  3474200  38.41
2010-08-10  39.6  39.87  39.2  39.56  3383500  39.56
2010-08-09  39.72  40.22  39.72  39.84  3011900  39.84
2010-08-06  39.2  39.58  38.95  39.54  3096000  39.54
2010-08-05  38.97  39.62  38.79  39.58  4055800  39.58
2010-08-04  38.82  39.1  38.65  38.97  2978300  38.97
2010-08-03  39.2  39.25  38.57  38.63  3191400  38.63
2010-08-02  39.01  39.35  38.94  39.24  2447700  39.24
2010-07-30  38.34  38.8  38.01  38.55  3076100  38.55
2010-07-29  39.06  39.34  38.36  38.58  3167600  38.58
2010-07-28  39.05  39.42  38.61  38.75  3252800  38.75
2010-07-27  39.53  39.72  39.07  39.14  3535600  39.14
2010-07-26  38.84  39.45  38.77  39.33  3435600  39.33
2010-07-23  38.27  38.92  38.13  38.85  4116000  38.85
2010-07-22  37.58  38.51  37.45  38.43  4664400  38.43
2010-07-21  38.53  38.53  37.02  37.2  5591800  37.2
2010-07-20  36.86  38.46  36.8  38.41  4036700  38.41
2010-07-19  37.4  37.64  36.93  37.33  3549800  37.33
2010-07-16  38.22  38.45  37.3  37.4  4388700  37.4
2010-07-15  38.26  38.52  37.62  38.45  5101700  38.45
2010-07-14  37.4  38.41  37.1  38.27  10737600  38.27
2010-07-13  38.76  38.83  38.27  38.73  6371100  38.73
2010-07-12  37.43  38.13  37.16  37.95  5249600  37.95
2010-07-09  37.05  37.46  37.05  37.4  2614200  37.4
2010-07-08  37.02  37.33  36.87  37.13  4057100  37.13
2010-07-07  36.05  36.94  35.9  36.88  4227900  36.88
2010-07-06  36.2  36.76  35.69  35.94  5080400  35.94
2010-07-02  36.35  36.45  35.67  35.78  3544300  35.78
2010-07-01  36.17  36.45  35.52  36.3  5311500  36.3
2010-06-30  36.58  36.83  36.16  36.25  4807900  36.25
2010-06-29  37.22  37.3  36.37  36.56  5326300  36.56
2010-06-28  38.2  38.27  37.58  37.63  2745800  37.63
2010-06-25  38.14  38.37  37.84  38.04  5058300  38.04
2010-06-24  38.27  38.42  37.9  38.05  6027800  38.05
2010-06-23  39.11  39.17  38.37  38.46  5298400  38.46
2010-06-22  40.07  40.07  38.93  38.99  5846300  38.99
2010-06-21  40.37  40.4  39.55  39.74  7752700  39.74
2010-06-18  39.65  39.74  39.31  39.46  4032300  39.46
2010-06-17  39.73  39.94  39.24  39.54  4891300  39.54
2010-06-16  39.94  39.96  39.54  39.68  4706600  39.68
2010-06-15  39.39  40.28  39.39  40.28  5845500  40.28
2010-06-14  39.2  39.69  39.07  39.17  3863000  39.17
2010-06-11  38.72  39.24  38.72  39.0  4021100  39.0
2010-06-10  38.8  39.29  38.69  39.05  3678600  39.05
2010-06-09  38.17  38.95  38.09  38.27  7873500  38.27
2010-06-08  36.98  38.03  36.64  37.97  6328000  37.97
2010-06-07  37.85  37.85  36.91  36.93  4714600  36.93
2010-06-04  38.4  38.63  37.79  37.94  4808700  37.94
2010-06-03  38.65  39.14  38.58  38.93  3924100  38.93
2010-06-02  37.69  38.46  37.38  38.46  3129000  38.46
2010-06-01  37.86  38.38  37.47  37.6  2935500  37.6
2010-05-28  38.31  38.68  37.86  38.03  2587000  38.03
2010-05-27  37.66  38.48  37.57  38.45  3731800  38.45
2010-05-26  37.45  37.81  37.09  37.14  5020600  37.14
2010-05-25  36.01  37.16  35.52  37.12  4940400  37.12
2010-05-24  37.18  37.43  36.85  36.92  3329700  36.92
2010-05-21  36.1  37.36  35.85  37.29  5906100  37.29
2010-05-20  37.13  37.53  36.75  36.81  6107300  36.81
2010-05-19  37.99  38.24  37.3  37.94  3751500  37.94
2010-05-18  38.77  39.1  38.1  38.17  3652000  38.17
2010-05-17  37.7  38.3  37.46  38.2  6519300  38.2
2010-05-14  38.2  38.39  37.37  37.68  4428300  37.68
2010-05-13  39.35  39.61  38.45  38.5  4546100  38.5
2010-05-12  39.18  39.46  38.79  39.38  4263600  39.38
2010-05-11  38.66  39.42  38.62  38.83  4348800  38.83
2010-05-10  38.07  39.19  38.01  39.08  8078000  39.08
2010-05-07  36.95  37.51  35.98  36.78  6960800  36.78
2010-05-06  38.12  38.54  34.86  37.21  5532800  37.21
2010-05-05  38.16  38.83  37.78  38.41  4175700  38.41
2010-05-04  39.76  39.76  38.59  38.71  4016100  38.71
2010-05-03  39.59  40.14  39.49  40.0  2755600  40.0
2010-04-30  39.79  39.87  39.23  39.39  3957400  39.39
2010-04-29  39.5  40.06  39.48  39.72  3616000  39.72
2010-04-28  39.84  39.9  38.99  39.33  4844200  39.33
2010-04-27  40.71  40.74  39.55  39.73  4519400  39.73
2010-04-26  40.42  40.86  40.37  40.8  4491500  40.8
2010-04-23  40.18  40.37  39.88  40.34  3214000  40.34
2010-04-22  39.91  40.18  39.7  40.1  3980200  40.1
2010-04-21  40.02  40.27  39.71  40.03  3024000  40.03
2010-04-20  39.84  40.04  39.49  40.02  3913400  40.02
2010-04-19  39.64  39.81  39.31  39.63  4433500  39.63
2010-04-16  39.46  39.7  39.04  39.65  9197700  39.65
2010-04-15  39.27  40.64  39.24  39.73  11340900  39.73
2010-04-14  38.21  38.86  38.16  38.71  9066500  38.71
2010-04-13  37.79  38.17  37.52  38.03  7127300  38.03
2010-04-12  37.8  37.98  37.61  37.68  4990900  37.68
2010-04-09  37.16  37.6  36.97  37.6  3933200  37.6
2010-04-08  37.06  37.15  36.75  37.02  4072300  37.02
2010-04-07  36.81  37.22  36.73  37.1  4739200  37.1
2010-04-06  36.95  37.02  36.72  36.77  5999800  36.77
2010-04-05  36.45  37.2  36.3  36.99  5697200  36.99
2010-04-01  35.55  36.26  35.55  36.22  5066100  36.22
2010-03-31  35.31  35.5  35.1  35.41  3273700  35.41
2010-03-30  35.27  35.56  35.2  35.46  3237000  35.46
2010-03-29  35.57  35.68  35.01  35.28  3621600  35.28
2010-03-26  35.27  35.47  35.2  35.36  2362600  35.36
2010-03-25  35.28  35.52  35.15  35.15  3482600  35.15
2010-03-24  35.36  35.36  35.0  35.03  3703700  35.03
2010-03-23  35.41  35.48  35.09  35.34  3376000  35.34
2010-03-22  34.92  35.33  34.92  35.25  3066700  35.25
2010-03-19  35.37  35.61  34.98  35.05  6181100  35.05
2010-03-18  35.61  35.69  35.2  35.25  4897600  35.25
2010-03-17  34.78  35.9  34.74  35.7  7070400  35.7
2010-03-16  34.83  34.86  34.47  34.77  2864300  34.77
2010-03-15  34.51  34.81  34.42  34.81  3186000  34.81
2010-03-12  34.65  34.74  34.27  34.62  4919200  34.62
2010-03-11  33.98  34.53  33.91  34.46  3677400  34.46
2010-03-10  33.89  34.15  33.69  34.07  5119500  34.07
2010-03-09  33.44  34.18  33.31  33.82  10655500  33.82
2010-03-08  32.43  32.94  32.36  32.72  4934800  32.72
2010-03-05  31.54  32.26  31.39  32.22  5539400  32.22
2010-03-04  31.49  31.61  31.17  31.43  2961100  31.43
2010-03-03  31.57  31.67  31.29  31.39  2779900  31.39
2010-03-02  31.45  31.55  31.31  31.49  4869500  31.49
2010-03-01  31.2  31.41  31.05  31.3  2826700  31.3
2010-02-26  31.16  31.28  31.03  31.15  2519100  31.15
2010-02-25  30.84  31.18  30.73  31.14  5097500  31.14
2010-02-24  31.17  31.24  30.92  31.15  2870200  31.15
2010-02-23  31.1  31.21  30.86  31.03  3043000  31.03
2010-02-22  31.23  31.27  30.94  31.12  3180100  31.12
2010-02-19  30.97  31.25  30.92  31.22  2951800  31.22
2010-02-18  31.11  31.29  31.0  31.11  2933300  31.11
2010-02-17  31.16  31.29  31.0  31.1  2774300  31.1
2010-02-16  30.86  31.09  30.81  31.04  3795600  31.04
2010-02-12  30.52  30.97  30.37  30.82  5830200  30.82
2010-02-11  30.61  30.89  30.42  30.85  3731700  30.85
2010-02-10  30.48  30.79  30.44  30.64  4203200  30.64
2010-02-09  30.39  30.68  30.01  30.55  7718600  30.55
2010-02-08  30.62  30.69  30.17  30.23  4953500  30.23
2010-02-05  30.94  31.07  30.25  30.47  7488100  30.47
2010-02-04  32.23  32.51  30.8  30.86  9977800  30.86
2010-02-03  32.82  32.88  32.31  32.65  3676400  32.65
2010-02-02  32.72  33.19  32.51  33.09  3342600  33.09
2010-02-01  31.83  32.76  31.78  32.73  3913100  32.73
2010-01-29  31.91  32.18  31.59  31.61  2942000  31.61
2010-01-28  32.33  32.54  31.69  31.73  3770700  31.73
2010-01-27  31.73  32.24  31.6  32.16  3594600  32.16
2010-01-26  31.51  31.9  31.46  31.72  2501700  31.72
2010-01-25  31.87  31.97  31.65  31.67  3681700  31.67
2010-01-22  32.05  32.34  31.65  31.68  3951300  31.68
2010-01-21  32.55  32.72  32.15  32.31  3889000  32.31
2010-01-20  32.7  32.89  32.33  32.48  3354900  32.48
2010-01-19  32.94  33.07  32.79  32.94  3559500  32.94
2010-01-15  33.51  33.56  32.81  32.96  4540600  32.96
2010-01-14  33.18  33.56  32.98  33.52  2982000  33.52
2010-01-13  33.1  33.35  32.83  33.16  4053200  33.16
2010-01-12  32.62  33.12  32.44  33.06  4769600  33.06
2010-01-11  32.04  32.66  31.87  32.44  4162600  32.44
2010-01-08  31.87  31.98  31.69  31.89  2712000  31.89
2010-01-07  31.75  31.97  31.69  31.88  1763100  31.88
2010-01-06  32.1  32.29  31.83  31.89  3004300  31.89
2010-01-05  32.26  32.29  31.97  32.12  2371500  32.12
2010-01-04  32.26  32.4  32.19  32.23  2129600  32.23
